14 15 0 L 1
14 14 1 L 1
13 3 0 U 1
15 4 0 R 1
14 13 1 L 1
12 3 1 U 1
15 5 0 R 1
14 12 1 L 1
11 3 1 L 1
15 6 0 U 1
14 11 0 U 1
11 2 0 U 1
14 6 1 U 1
13 11 1 L 1
10 2 0 U 1
15 8 0 U 1
13 10 1 L 1
13 6 0 R 1
9 2 0 U 1
14 8 0 U 1
13 9 0 L 1
13 7 0 U 1
8 2 1 U 1
13 8 0 U 1
12 7 0 U 1
11 12 0 U 1
7 2 0 U 1
12 8 0 U 1
11 7 0 U 1
10 12 0 U 1
6 2 1 U 1
11 8 0 U 1
10 7 0 U 1
9 12 1 L 1
9 6 0 U 1
5 2 1 U 1
10 8 1 R 1
9 11 0 U 1
9 7 0 U 1
8 6 1 R 1
4 2 1 U 1
10 9 1 U 1
8 11 1 L 1
8 7 0 U 1
3 2 0 U 1
9 9 0 U 1
8 10 0 L 1
7 7 0 U 1
2 2 1 R 1
8 9 0 U 1
6 7 0 U 1
2 3 1 R 1
7 9 0 U 1
5 7 1 U 1
4 14 0 U 1
2 4 0 R 1
6 9 1 U 1
4 7 0 R 1
3 14 1 U 1
3 6 0 U 1
2 5 0 R 1
5 9 0 U 1
4 8 0 U 1
2 14 0 L 1
2 6 1 R 1
4 9 1 U 1
3 8 0 U 1
2 13 1 L 1
2 7 1 R 1
3 9 1 U 1
2 12 0 L 1
2 8 5 R 1
2 7 0 R 1
2 11 0 L 1
2 9 3 R 1
2 13 0 L 1
2 12 0 L 1
2 11 0 L 1
2 10 7 D 3
2 10 0 D 1
3 10 1 D 1
4 10 0 R 1
2 8 2 R 1
1 7 0 D 1
2 7 0 R 1
2 8 2 R 1
2 9 7 D 7
2 6 0 R 1
2 7 0 R 1
2 8 2 R 1
2 9 7 D 6
3 9 0 U 1
2 9 7 D 5
2 9 0 D 1
3 9 0 D 1
4 9 1 R 1
4 10 0 R 1
2 8 1 D 1
3 8 0 D 1
4 8 0 R 1
4 9 1 R 1
4 10 0 R 1
0 13 0 D 1
1 13 1 D 1
3 14 0 D 1
2 13 0 D 1
14 12 0 L 1
4 14 0 L 1
3 13 0 D 1
14 11 0 U 1
4 13 1 L 1
13 11 1 L 1
4 12 1 D 1
13 10 1 L 1
5 12 1 L 1
14 6 0 U 1
13 9 0 L 1
5 11 1 D 1
13 8 0 U 1
13 6 0 R 1
10 11 0 U 1
9 12 0 L 1
6 11 1 L 1
13 7 0 U 1
12 8 0 U 1
9 11 0 U 1
6 10 1 L 1
12 7 0 U 1
11 8 0 U 1
10 9 0 U 1
8 11 1 L 1
6 9 1 D 1
15 3 0 U 1
11 7 0 U 1
10 8 1 L 1
9 9 1 U 1
8 10 0 L 1
7 9 1 D 1
5 7 0 D 1
14 3 0 U 1
12 5 0 L 1
10 7 0 U 1
8 9 1 L 1
6 7 0 D 1
13 3 0 U 1
12 4 1 L 1
9 7 0 U 1
8 8 1 L 1
7 7 0 D 1
4 0 0 D 1
3 3 0 D 1
12 3 0 U 1
8 7 1 L 1
5 4 0 D 1
5 0 1 D 1
4 3 0 L 1
11 3 1 L 1
8 6 1 L 1
8 7 0 L 1
8 6 1 L 1
6 4 0 D 1
6 0 0 D 1
4 2 0 D 1
11 2 0 U 1
8 5 1 L 1
7 0 0 D 1
5 2 1 D 1
10 2 0 U 1
8 4 1 L 1
8 5 0 L 1
7 4 0 D 1
8 4 1 L 1
8 0 0 R 1
6 2 1 D 1
9 2 0 U 1
8 1 0 R 1
7 2 1 D 1
6 1 0 D 1
7 1 0 D 1
8 1 0 R 1
8 2 7 R 5
8 2 0 R 1
7 2 0 D 1
8 2 0 R 1
0 3 0 D 1
3 1 0 D 1
1 3 1 D 1
4 1 0 D 1
2 3 1 D 1
11 3 0 L 1
5 1 0 D 1
3 3 0 D 1
11 2 0 U 1
6 1 0 D 1
4 3 0 R 1
10 2 0 U 1
7 1 0 D 1
4 4 0 D 1
9 2 0 U 1
8 1 0 R 1
5 4 0 D 1
8 2 0 R 1
6 4 0 D 1
4 6 0 D 1
12 15 0 U 1
8 3 0 R 1
7 4 0 D 1
5 12 0 L 1
5 6 0 D 1
11 15 0 U 1
8 4 1 R 1
6 6 0 R 1
5 11 0 D 1
10 15 0 U 1
8 5 0 R 1
6 11 1 L 1
6 7 0 D 1
5 10 0 D 1
4 9 0 D 1
9 15 0 L 1
8 6 1 R 1
7 7 0 D 1
6 10 1 L 1
5 9 0 D 1
9 14 0 L 1
8 7 1 R 1
6 9 0 D 1
9 13 1 L 1
8 8 0 R 1
7 9 4 D 1
9 12 0 L 1
8 9 1 R 1
7 9 0 D 1
8 9 4 R 1
9 11 0 U 1
8 10 3 R 1
9 10 0 U 1
8 10 3 R 1
8 11 7 L 6
8 11 0 D 1
9 11 0 R 1
9 12 0 R 1
9 13 1 U 1
8 13 0 U 1
7 13 0 U 1
8 9 1 R 1
8 10 0 D 1
9 10 0 R 1
9 11 0 R 1
9 12 0 R 1
9 13 1 U 1
8 13 0 U 1
7 13 0 U 1
0 15 0 D 1
1 15 1 D 1
7 12 0 R 1
2 15 0 D 1
13 11 0 L 1
7 13 0 D 1
3 15 0 L 1
13 10 1 L 1
8 13 0 D 1
3 14 0 D 1
15 7 0 U 1
13 9 0 L 1
9 13 1 L 1
4 14 0 L 1
14 7 0 U 1
13 8 0 U 1
9 12 0 L 1
4 13 1 L 1
13 7 0 U 1
12 8 0 U 1
9 11 0 U 1
4 12 1 D 1
12 7 0 U 1
11 8 0 U 1
8 11 0 L 1
5 12 0 L 1
11 7 0 U 1
10 8 1 L 1
8 10 0 L 1
5 11 0 L 1
10 7 0 U 1
8 9 1 L 1
5 10 0 L 1
9 7 0 U 1
8 8 0 L 1
5 9 0 L 1
8 7 1 U 1
5 8 1 L 1
7 7 0 U 1
5 7 0 D 1
8 5 0 L 1
6 7 0 L 1
8 4 1 U 1
6 6 0 L 1
7 4 0 U 1
6 5 0 L 1
6 4 0 L 1
6 3 0 L 1
5 0 0 D 1
6 0 0 R 1
6 1 0 R 1
6 2 6 R 5
6 2 0 U 1
5 2 1 U 1
4 2 0 U 1
3 2 0 U 1
2 2 1 L 1
2 1 0 U 1
1 1 0 L 1
3 4 0 D 1
4 4 0 D 1
5 4 0 D 1
6 4 0 D 1
7 4 0 D 1
8 4 1 D 1
9 4 0 D 1
10 4 0 R 1
10 5 0 R 1
10 6 0 R 1
10 7 0 R 1
10 8 1 R 1
10 9 0 R 1
8 9 0 D 1
9 9 1 D 1
10 9 0 R 1
10 10 2 R 2
10 10 0 L 1
10 9 0 D 1
11 9 0 L 1
11 8 0 D 1
12 8 0 D 1
13 8 0 D 1
14 8 0 D 1
15 8 0 L 1
15 7 0 L 1
15 6 0 L 1
15 5 0 L 1
15 4 0 L 1
15 3 0 U 1
1 3 0 D 1
2 3 1 D 1
3 3 0 D 1
4 3 0 L 1
4 2 0 D 1
2 2 0 D 1
3 2 0 D 1
4 2 0 D 1
5 2 2 D 2
5 2 0 D 1
6 2 0 D 1
7 2 1 D 1
8 2 0 D 1
9 2 0 R 1
9 3 0 R 1
9 4 0 D 1
10 4 0 R 1
10 5 0 R 1
10 6 0 R 1
10 7 0 D 1
11 7 0 D 1
12 7 0 D 1
13 7 0 D 1
14 7 0 R 1
14 8 0 R 1
14 9 0 R 1
14 10 1 R 1
14 11 0 R 1
14 12 0 R 1
14 13 1 U 1
13 13 0 R 1
14 1 0 U 1
2 3 0 D 1
13 1 0 U 1
12 4 0 L 1
3 3 0 D 1
12 3 0 U 1
12 1 0 U 1
4 3 0 R 1
11 3 0 L 1
11 1 0 U 1
4 4 0 D 1
14 13 0 L 1
11 2 0 U 1
10 1 0 R 1
7 2 0 D 1
5 4 0 D 1
14 12 0 L 1
10 2 0 U 1
8 2 0 D 1
6 4 0 D 1
5 5 0 D 1
1 15 0 D 1
14 11 0 U 1
9 2 0 R 1
7 4 0 D 1
6 5 0 R 1
3 10 0 D 1
2 15 0 D 1
13 11 0 L 1
9 3 0 R 1
8 4 1 D 1
6 6 0 R 1
4 10 0 D 1
3 15 0 L 1
13 10 0 L 1
9 4 0 D 1
6 7 0 D 1
5 10 0 D 1
4 13 0 R 1
3 14 0 D 1
13 9 0 L 1
10 4 0 R 1
8 6 0 D 1
7 7 0 D 1
6 10 1 L 1
4 14 0 D 1
13 8 0 U 1
10 5 0 R 1
9 6 0 D 1
8 7 0 D 1
6 9 0 D 1
5 14 0 R 1
12 8 0 U 1
10 6 0 R 1
9 7 0 D 1
7 9 0 D 1
5 15 0 D 1
11 8 0 U 1
10 7 3 R 1
8 9 0 D 1
6 15 0 D 1
10 8 0 R 1
10 7 0 R 1
7 15 0 L 1
10 9 0 R 1
10 8 0 R 1
9 9 0 D 1
7 14 0 D 1
10 10 0 R 1
10 9 0 R 1
8 14 0 D 1
10 11 0 D 1
10 10 0 R 1
9 14 0 D 1
11 11 0 R 1
10 11 0 D 1
10 14 0 D 1
11 14 0 L 1
11 12 5 R 1
11 13 0 R 1
11 14 0 R 1
11 11 3 R 1
11 12 0 R 1
11 13 0 R 1
11 14 0 R 1
11 11 0 U 1
10 11 0 R 1
10 12 0 D 1
11 12 0 R 1
11 13 0 R 1
11 14 0 R 1
6 11 0 L 1
6 10 0 L 1
6 9 0 D 1
7 9 0 D 1
8 9 0 L 1
8 8 0 L 1
8 7 0 D 1
9 7 0 L 1
9 6 0 L 1
9 5 0 L 1
9 4 0 L 1
9 3 0 L 1
9 2 0 D 1
10 2 0 D 1
11 2 0 D 1
12 2 0 D 1
13 2 0 D 1
14 2 0 L 1
14 1 0 L 1
14 14 0 L 1
14 13 0 L 1
14 12 0 L 1
14 11 0 U 1
14 10 0 U 1
13 11 0 L 1
13 10 0 L 1
13 9 0 L 1
13 8 0 U 1
12 8 0 U 1
8 4 0 U 1
11 8 0 U 1
7 4 0 U 1
10 8 0 R 1
9 13 0 U 1
6 4 0 U 1
10 9 0 U 1
8 13 0 U 1
5 4 0 U 1
9 9 0 U 1
7 13 0 R 1
4 4 0 U 1
8 9 0 U 1
7 14 0 R 1
3 4 0 U 1
7 15 0 U 1
7 9 0 U 1
3 5 0 U 1
2 4 0 R 1
1 5 0 U 1
6 15 0 U 1
6 9 0 U 1
5 8 0 U 1
2 5 0 R 1
1 6 0 U 1
0 5 0 R 1
5 15 0 L 1
5 9 0 U 1
4 8 0 U 1
2 6 0 R 1
0 6 0 R 1
5 14 0 U 1
4 9 0 U 1
3 8 0 U 1
2 7 0 R 1
0 7 0 R 1
4 14 0 U 1
3 9 0 U 1
2 8 0 R 1
0 8 0 R 1
3 14 0 U 1
2 9 0 R 1
0 9 0 R 1
4 12 0 U 1
2 14 0 U 1
2 10 0 R 1
0 10 0 R 1
3 12 0 U 1
2 11 0 U 1
1 14 0 L 1
2 12 0 U 1
1 13 0 L 1
1 11 4 R 1
1 12 0 U 1
0 12 0 L 1
1 11 0 U 1
