311
0 18 3
1 21 1
0 22 3
1 30 1
1 38 1
1 39 1
4 0 1
4 1 1
4 2 1
3 3 3
1 5 7
4 7 1
4 8 1
4 9 1
4 10 1
4 11 1
4 12 1
4 13 1
4 14 1
4 15 1
3 16 3
1 17 7
4 19 1
1 20 7
4 21 1
4 24 1
4 25 1
4 26 1
1 27 7
4 28 1
1 29 7
4 30 1
4 31 1
4 32 1
4 33 1
4 34 1
4 35 1
4 36 1
1 37 7
3 38 3
7 0 1
6 3 3
4 4 7
4 6 7
4 18 7
7 21 1
7 22 1
4 23 7
9 0 3
10 1 1
7 2 7
10 3 1
10 8 1
10 9 1
10 10 1
10 11 1
10 12 1
10 13 1
10 14 1
9 15 3
7 16 7
10 24 1
10 25 1
10 26 1
9 27 3
7 28 7
10 30 1
10 31 1
10 32 1
7 33 7
10 34 1
10 35 1
10 36 1
10 37 1
13 3 1
13 4 1
13 5 1
13 6 1
10 7 7
13 17 1
13 18 1
13 19 1
13 20 1
10 21 7
12 22 3
10 29 7
12 30 3
16 8 1
16 9 1
16 10 1
16 11 1
15 12 3
16 13 1
15 14 3
16 22 1
13 23 7
16 24 1
13 25 7
16 30 1
16 31 1
16 32 1
16 33 1
15 34 3
16 35 1
15 36 3
19 17 1
19 18 1
18 19 3
22 0 1
22 1 1
21 2 3
22 3 1
22 4 1
22 5 1
22 6 1
22 7 1
21 8 3
19 9 7
22 13 1
22 14 1
22 15 1
19 16 7
22 21 1
19 22 7
22 27 1
22 28 1
22 29 1
19 30 7
22 32 1
22 33 1
22 34 1
19 35 7
25 10 1
25 11 1
22 12 7
22 17 7
24 18 3
25 19 1
22 20 7
25 23 1
24 24 3
25 25 1
22 26 7
22 31 7
24 32 3
22 36 7
28 0 1
28 1 1
25 2 7
27 3 3
28 4 1
28 5 1
28 6 1
28 7 1
25 8 7
28 13 1
25 14 7
25 21 7
25 37 7
31 3 1
30 4 3
28 9 7
28 15 7
31 22 1
28 23 7
31 25 1
31 26 1
31 27 1
30 28 3
28 29 7
34 16 1
34 17 1
34 18 1
34 19 1
34 20 1
34 21 1
31 24 7
33 25 3
34 30 1
31 31 7
34 32 1
34 33 1
34 34 1
34 35 1
34 36 1
34 37 1
34 38 1
33 39 3
37 1 1
37 2 1
34 3 7
36 4 3
37 8 1
37 9 1
36 10 3
37 0 7
39 1 3
40 4 1
40 5 1
40 6 1
37 7 7
37 17 7
40 20 1
40 21 1
40 22 1
40 23 1
40 24 1
43 13 1
40 14 7
40 16 7
42 18 3
40 19 7
43 30 1
43 31 1
43 32 1
43 33 1
40 34 7
42 35 3
46 0 1
46 1 1
46 2 1
46 3 1
43 4 7
45 5 3
43 9 7
46 10 1
43 12 7
43 15 7
43 21 7
46 22 1
43 26 7
46 27 1
45 28 3
43 29 7
46 35 1
46 36 1
45 37 3
49 5 1
46 6 7
49 7 1
46 8 7
49 10 1
46 11 7
48 18 3
48 19 3
46 20 7
49 22 1
49 23 1
49 24 1
46 25 7
49 27 1
49 28 1
49 30 1
49 31 1
49 32 1
48 33 3
52 12 1
51 13 3
49 14 7
52 15 1
52 16 1
49 17 7
55 0 1
54 1 3
55 2 1
55 3 1
55 4 1
55 5 1
55 6 1
55 7 1
55 8 1
52 9 7
55 10 1
55 11 1
55 12 1
54 13 3
54 15 3
55 18 1
54 19 3
55 20 1
52 21 7
55 22 1
54 23 3
55 24 1
55 25 1
52 26 7
55 27 1
52 28 7
55 29 1
52 30 7
55 31 1
54 32 3
55 33 1
55 34 1
54 35 3
52 36 7
54 37 3
58 10 1
58 11 1
58 12 1
58 13 1
57 14 3
58 15 1
57 16 3
58 22 1
58 31 1
58 32 1
58 33 1
58 34 1
57 35 3
57 37 3
