297
0 6 3
1 10 1
0 11 3
0 18 3
1 21 1
1 22 1
1 23 1
1 24 1
1 25 1
1 26 1
1 27 1
4 1 1
4 2 1
3 3 3
4 4 1
1 5 7
4 6 1
4 7 1
3 8 3
1 9 7
4 10 1
3 11 3
4 12 1
4 13 1
4 14 1
4 15 1
4 16 1
1 17 7
4 19 1
1 20 7
3 21 3
4 22 1
4 23 1
4 31 1
4 32 1
4 33 1
4 34 1
4 35 1
4 36 1
1 37 7
4 38 1
4 39 1
4 0 7
6 1 3
4 18 7
7 24 1
6 25 3
7 29 1
4 30 7
7 10 7
10 11 1
7 12 7
10 13 1
10 14 1
10 15 1
7 16 7
10 22 1
7 23 7
10 27 1
7 28 7
7 31 7
13 0 1
13 1 1
10 2 7
13 3 1
13 4 1
13 5 1
13 6 1
12 7 3
13 8 1
10 9 7
13 17 1
13 18 1
12 19 3
13 20 1
10 21 7
13 24 1
13 25 1
10 26 7
13 32 1
13 33 1
13 34 1
13 35 1
13 36 1
13 37 1
13 38 1
15 3 3
16 10 1
16 11 1
16 12 1
16 13 1
15 14 3
16 0 7
16 4 7
16 6 7
16 23 7
19 25 1
18 26 3
19 28 1
16 29 7
18 38 3
22 1 1
22 2 1
19 3 7
19 5 7
22 7 1
22 8 1
19 9 7
21 15 3
22 16 1
22 17 1
21 18 3
22 19 1
22 20 1
22 21 1
19 22 7
19 24 7
22 25 1
22 26 1
19 27 7
19 30 7
22 31 1
22 32 1
19 33 7
19 37 7
25 10 1
25 11 1
25 12 1
25 13 1
22 14 7
24 15 3
24 20 3
24 23 3
25 34 1
24 35 3
22 36 7
28 0 1
28 1 1
25 2 7
25 8 7
27 9 3
28 16 1
28 17 1
28 18 1
25 19 7
28 30 1
25 31 7
27 33 3
30 3 3
31 4 1
31 5 1
31 6 1
28 7 7
31 9 1
31 10 1
31 11 1
31 12 1
30 13 3
31 14 1
28 15 7
28 20 7
31 21 1
30 22 3
31 23 1
30 24 3
31 27 1
31 28 1
28 29 7
28 32 7
31 16 7
31 26 7
37 6 1
37 7 1
37 8 1
37 9 1
37 10 1
37 11 1
37 12 1
36 13 3
37 17 1
37 18 1
36 19 3
37 20 1
37 21 1
37 22 1
37 23 1
37 24 1
34 25 7
34 30 7
37 31 1
37 32 1
37 33 1
37 34 1
37 35 1
37 36 1
34 37 7
40 0 1
40 1 1
40 2 1
39 3 3
40 4 1
37 5 7
40 26 1
40 27 1
40 28 1
37 29 7
40 38 1
39 39 3
42 6 3
40 7 7
43 8 1
43 9 1
43 10 1
43 11 1
43 12 1
43 13 1
43 14 1
43 15 1
40 16 7
42 18 3
43 30 1
43 31 1
43 32 1
43 33 1
43 34 1
43 35 1
43 36 1
43 37 1
46 1 1
43 2 7
43 17 7
46 18 1
46 19 1
46 20 1
46 21 1
46 22 1
43 23 7
46 24 1
46 0 7
48 1 3
48 3 3
49 4 1
49 5 1
49 6 1
49 7 1
46 8 7
48 24 3
46 25 7
49 29 1
46 30 7
48 31 3
46 33 7
49 36 1
49 37 1
46 38 7
49 9 7
52 26 1
52 27 1
49 28 7
52 31 1
49 32 7
52 34 1
49 35 7
55 0 1
55 1 1
55 2 1
52 3 7
55 4 1
52 5 7
52 10 7
55 11 1
52 12 7
55 13 1
55 14 1
55 15 1
54 16 3
55 17 1
55 18 1
52 19 7
55 20 1
52 21 7
55 22 1
52 23 7
54 24 3
58 6 1
57 7 3
57 11 3
58 13 1
57 14 3
58 24 1
58 25 1
58 26 1
58 27 1
58 28 1
58 29 1
58 30 1
57 31 3
