325
1 0 1
1 1 1
1 2 1
1 3 1
1 4 1
1 5 1
1 6 1
1 7 1
1 8 1
1 9 1
1 10 1
1 11 1
1 12 1
1 13 1
0 14 3
1 15 1
0 16 3
0 18 3
1 21 1
0 22 3
0 30 3
1 31 1
0 32 3
1 35 1
1 36 1
1 37 1
0 38 3
4 15 1
4 16 1
1 17 7
3 18 3
3 19 3
1 20 7
4 21 1
4 22 1
4 23 1
4 24 1
4 25 1
4 26 1
4 27 1
4 28 1
1 29 7
4 30 1
4 31 1
4 32 1
4 33 1
1 34 7
4 35 1
7 3 1
4 4 7
7 5 1
7 6 1
7 7 1
7 8 1
7 9 1
7 10 1
7 11 1
7 12 1
7 13 1
4 14 7
6 15 3
10 0 1
10 1 1
7 2 7
10 15 1
9 16 3
9 17 3
7 18 7
10 22 1
7 23 7
10 25 1
10 26 1
10 27 1
7 28 7
10 36 1
10 37 1
9 38 3
9 39 3
13 3 1
13 4 1
13 5 1
13 6 1
13 7 1
10 19 7
13 20 1
10 21 7
10 24 7
12 25 3
13 29 1
13 30 1
12 31 3
13 33 1
13 34 1
10 35 7
13 0 7
15 1 3
16 10 1
16 11 1
16 12 1
16 13 1
16 14 1
16 15 1
15 16 3
13 17 7
16 18 1
13 32 7
19 1 1
19 2 1
18 3 3
19 4 1
19 5 1
19 6 1
19 7 1
19 8 1
16 9 7
18 18 3
18 19 3
18 20 3
19 23 1
19 24 1
19 25 1
18 26 3
19 27 1
19 28 1
16 29 7
19 30 1
16 31 7
19 36 1
16 37 7
22 21 1
19 22 7
22 32 1
19 33 7
21 34 3
19 35 7
22 38 1
21 39 3
22 3 7
24 4 3
25 5 1
25 6 1
25 7 1
25 8 1
25 9 1
25 10 1
25 11 1
25 12 1
25 13 1
25 14 1
25 15 1
25 16 1
25 17 1
22 18 7
25 19 1
22 20 7
24 23 3
22 36 7
28 0 1
28 1 1
25 2 7
28 4 1
27 5 3
25 21 7
27 22 3
27 24 3
27 32 3
25 37 7
31 3 1
30 4 3
30 5 3
31 6 1
28 7 7
28 10 7
31 11 1
31 12 1
31 13 1
31 14 1
28 15 7
31 22 1
28 23 7
31 24 1
31 25 1
31 26 1
31 27 1
31 28 1
28 29 7
31 30 1
28 31 7
33 0 3
33 1 3
34 8 1
31 9 7
34 11 1
34 12 1
33 13 3
31 16 7
34 17 1
31 18 7
33 26 3
37 10 1
36 11 3
36 17 3
34 19 7
36 20 3
34 21 7
37 22 1
37 23 1
37 24 1
34 25 7
37 27 1
37 28 1
37 29 1
37 30 1
37 31 1
37 32 1
37 33 1
34 34 7
37 36 1
37 37 1
37 38 1
36 39 3
37 4 7
40 22 1
40 23 1
39 24 3
37 26 7
37 35 7
42 0 3
40 3 7
40 5 7
43 8 1
42 9 3
42 10 3
40 13 7
43 14 1
43 15 1
40 16 7
42 30 3
43 32 1
40 33 7
42 34 3
40 37 7
43 38 1
42 39 3
46 1 1
43 2 7
46 6 1
43 7 7
43 12 7
46 17 1
46 18 1
46 19 1
46 20 1
46 21 1
46 22 1
43 23 7
46 24 1
45 25 3
46 26 1
46 27 1
46 28 1
43 29 7
46 30 1
43 31 7
46 32 1
46 34 1
46 35 1
43 36 7
45 38 3
46 0 7
48 1 3
48 8 3
49 9 1
49 10 1
46 11 7
48 13 3
48 24 3
49 20 7
52 22 1
52 23 1
52 24 1
49 25 7
52 26 1
52 27 1
52 28 1
52 29 1
52 30 1
52 31 1
52 32 1
52 33 1
52 34 1
49 35 7
55 0 1
54 1 3
55 2 1
55 3 1
55 4 1
54 5 3
55 6 1
55 7 1
55 8 1
52 9 7
55 10 1
54 11 3
55 12 1
55 13 1
55 14 1
55 15 1
55 16 1
54 17 3
55 18 1
52 19 7
52 21 7
54 36 3
58 10 1
58 11 1
58 12 1
57 22 3
58 23 1
58 24 1
58 25 1
58 26 1
58 27 1
58 28 1
57 29 3
