334
1 8 1
1 9 1
1 10 1
1 11 1
1 12 1
1 13 1
1 14 1
1 15 1
1 16 1
0 17 3
0 26 3
4 5 1
4 6 1
1 7 7
4 15 1
4 16 1
4 17 1
4 18 1
4 19 1
1 20 7
4 22 1
4 23 1
4 24 1
1 25 7
3 26 3
7 3 1
4 4 7
7 11 1
6 12 3
4 14 7
6 17 3
4 21 7
4 29 7
7 30 1
7 31 1
7 32 1
7 33 1
7 34 1
7 35 1
7 36 1
10 0 1
10 1 1
7 2 7
10 3 1
10 8 1
10 9 1
7 10 7
7 13 7
10 15 1
7 16 7
10 17 1
10 18 1
10 22 1
10 23 1
10 24 1
10 25 1
10 26 1
10 27 1
7 28 7
9 30 3
13 3 1
13 4 1
13 5 1
13 6 1
10 7 7
13 11 1
10 12 7
12 20 3
13 29 1
13 30 1
13 31 1
13 32 1
13 33 1
13 34 1
10 35 7
13 36 1
12 37 3
13 0 7
16 1 1
16 2 1
15 5 3
15 14 3
16 15 1
16 16 1
15 17 3
16 18 1
13 19 7
16 20 1
16 21 1
16 22 1
16 23 1
16 24 1
16 25 1
16 26 1
13 27 7
16 28 1
19 1 1
16 4 7
19 5 1
16 6 7
19 7 1
19 8 1
19 9 1
19 10 1
19 11 1
19 12 1
16 13 7
19 14 1
18 15 3
19 20 1
19 28 1
16 29 7
19 36 1
19 37 1
18 38 3
19 39 1
22 2 1
19 3 7
21 5 3
22 7 1
21 8 3
22 15 1
19 16 7
22 19 1
22 21 1
22 22 1
19 30 7
22 31 1
22 32 1
21 33 3
22 34 1
19 35 7
22 36 1
25 0 1
22 1 7
25 6 1
24 7 3
24 9 3
25 10 1
25 11 1
25 12 1
25 13 1
22 14 7
25 17 1
22 18 7
22 20 7
25 28 1
25 29 1
28 2 1
28 3 1
28 4 1
25 5 7
28 6 1
28 7 1
25 8 7
28 11 1
25 19 7
28 24 1
28 25 1
27 26 3
25 27 7
27 28 3
27 30 3
25 37 7
27 38 3
28 0 7
28 10 7
31 12 1
31 13 1
31 14 1
28 15 7
31 21 1
31 22 1
28 23 7
31 28 1
28 29 7
30 30 3
31 31 1
28 32 7
31 33 1
31 34 1
30 35 3
28 36 7
31 1 7
34 2 1
34 3 1
34 4 1
34 5 1
31 6 7
33 7 3
31 9 7
31 11 7
34 12 1
31 16 7
34 17 1
33 18 3
34 19 1
31 20 7
31 26 7
34 27 1
34 28 1
37 7 1
34 8 7
37 21 1
37 22 1
37 23 1
37 24 1
34 25 7
37 29 1
40 0 1
40 1 1
40 2 1
40 3 1
40 4 1
37 5 7
37 17 7
40 20 1
39 21 3
39 22 3
40 26 1
39 27 3
37 28 7
40 29 1
40 30 1
40 31 1
39 32 3
37 37 7
43 6 1
43 7 1
43 8 1
43 9 1
43 10 1
42 11 3
43 13 1
43 14 1
42 15 3
40 16 7
43 18 1
40 19 7
43 20 1
42 21 3
43 30 1
43 31 1
42 32 3
42 33 3
43 34 1
43 35 1
40 36 7
46 1 1
43 2 7
43 12 7
45 18 3
43 26 7
46 27 1
46 28 1
43 29 7
45 30 3
46 0 7
49 3 1
49 4 1
49 5 1
48 6 3
49 7 1
49 8 1
49 9 1
49 10 1
46 11 7
49 15 1
49 16 1
46 17 7
49 18 1
49 19 1
49 20 1
49 21 1
49 22 1
49 23 1
49 24 1
46 25 7
52 1 1
52 2 1
52 12 1
52 13 1
49 14 7
52 26 1
52 27 1
52 28 1
52 29 1
52 30 1
52 31 1
52 32 1
52 33 1
52 34 1
52 35 1
49 36 7
52 37 1
51 38 3
55 0 1
55 1 1
55 2 1
55 3 1
55 4 1
55 5 1
55 6 1
55 7 1
55 8 1
55 9 1
54 10 3
54 11 3
55 15 1
52 16 7
55 17 1
55 18 1
55 19 1
55 20 1
52 21 7
57 17 3
58 22 1
58 23 1
58 24 1
58 25 1
58 26 1
58 27 1
58 28 1
58 29 1
58 30 1
58 31 1
58 32 1
58 33 1
58 34 1
58 35 1
58 36 1
58 37 1
58 38 1
57 39 3
