303
1 12 1
1 13 1
0 14 3
1 15 1
1 16 1
1 17 1
1 18 1
1 19 1
1 20 1
0 21 3
4 0 1
4 1 1
1 2 7
1 5 7
1 9 7
4 10 1
1 11 7
3 15 3
4 31 1
1 32 7
4 34 1
4 35 1
1 36 7
7 3 1
4 4 7
7 6 1
6 7 3
4 8 7
4 12 7
7 13 1
4 14 7
6 17 3
4 24 7
7 25 1
4 26 7
7 29 1
4 30 7
6 31 3
4 33 7
7 37 1
7 38 1
7 39 1
9 0 3
10 15 1
7 16 7
10 17 1
10 18 1
10 19 1
7 20 7
9 21 3
7 23 7
9 25 3
10 27 1
7 28 7
10 34 1
13 1 1
13 2 1
13 3 1
13 4 1
13 5 1
13 6 1
10 7 7
13 21 1
10 22 7
13 24 1
13 25 1
12 26 3
13 29 1
13 30 1
13 31 1
13 32 1
13 33 1
13 34 1
10 35 7
12 36 3
13 0 7
16 8 1
15 9 3
16 10 1
16 11 1
16 12 1
15 13 3
16 14 1
16 15 1
16 16 1
13 17 7
16 18 1
13 19 7
16 20 1
15 21 3
18 18 3
19 20 1
19 21 1
18 22 3
19 23 1
18 24 3
19 25 1
19 26 1
16 27 7
19 28 1
16 29 7
21 0 3
22 2 1
19 3 7
21 4 3
22 5 1
22 6 1
22 7 1
22 8 1
19 9 7
22 10 1
21 11 3
22 21 1
21 22 3
21 28 3
19 30 7
22 31 1
22 32 1
19 33 7
19 35 7
21 37 3
25 0 1
22 1 7
25 4 1
24 5 3
25 10 1
25 11 1
25 12 1
25 13 1
22 14 7
25 15 1
25 16 1
25 17 1
25 18 1
25 19 1
22 20 7
22 34 7
22 36 7
27 0 3
28 2 1
25 8 7
27 11 3
28 24 1
25 25 7
28 26 1
25 27 7
28 28 1
27 29 3
25 31 7
31 4 1
31 5 1
31 6 1
28 7 7
31 9 1
28 10 7
31 11 1
30 12 3
31 13 1
31 14 1
28 15 7
31 21 1
31 22 1
28 23 7
31 28 1
31 29 1
28 30 7
31 32 1
31 33 1
31 34 1
31 35 1
34 0 1
34 1 1
34 2 1
31 3 7
34 4 1
33 5 3
31 16 7
33 17 3
34 18 1
34 19 1
31 20 7
36 1 3
36 22 3
36 23 3
37 24 1
34 25 7
37 27 1
37 28 1
37 29 1
36 30 3
37 31 1
37 32 1
37 33 1
34 34 7
36 35 3
37 36 1
37 37 1
37 38 1
36 39 3
37 0 7
40 1 1
40 2 1
40 3 1
40 4 1
40 5 1
40 6 1
40 7 1
40 8 1
40 9 1
37 10 7
40 11 1
40 17 1
40 18 1
40 19 1
40 20 1
37 21 7
37 26 7
39 35 3
43 3 1
42 4 3
43 11 1
43 12 1
43 13 1
40 14 7
43 15 1
40 16 7
46 0 1
46 1 1
43 2 7
43 9 7
46 18 1
46 19 1
46 20 1
46 21 1
46 22 1
43 23 7
46 24 1
46 26 1
46 27 1
46 28 1
43 29 7
46 30 1
43 31 7
46 8 7
49 10 1
49 11 1
49 12 1
49 13 1
49 14 1
48 15 3
49 16 1
46 17 7
49 24 1
46 25 7
49 32 1
49 33 1
49 34 1
49 35 1
49 36 1
49 37 1
49 38 1
48 39 3
52 6 1
49 7 7
55 0 1
54 1 3
54 2 3
55 3 1
54 4 3
52 5 7
54 6 3
55 8 1
55 9 1
55 10 1
55 11 1
54 12 3
55 13 1
52 14 7
55 15 1
52 16 7
55 17 1
55 18 1
55 19 1
55 20 1
55 21 1
55 22 1
52 23 7
55 24 1
55 25 1
55 26 1
55 27 1
52 28 7
55 29 1
55 30 1
55 31 1
55 32 1
55 33 1
55 34 1
55 35 1
55 36 1
55 37 1
58 15 1
57 24 3
