298
1 3 1
1 4 1
1 5 1
1 6 1
1 7 1
1 8 1
1 9 1
1 10 1
1 11 1
1 12 1
1 13 1
1 14 1
0 15 3
0 20 3
1 22 1
1 23 1
0 24 3
1 25 1
0 26 3
1 27 1
0 28 3
1 29 1
1 30 1
1 31 1
1 32 1
0 33 3
1 34 1
1 35 1
1 36 1
1 37 1
1 38 1
0 39 3
4 1 1
1 2 7
4 15 1
1 16 7
3 17 3
4 18 1
1 19 7
3 20 3
1 21 7
3 22 3
4 0 7
7 1 1
7 13 1
4 14 7
7 24 1
6 25 3
4 26 7
7 27 1
7 28 1
7 29 1
7 30 1
7 31 1
4 32 7
6 33 3
10 8 1
10 9 1
7 10 7
10 11 1
7 12 7
7 15 7
9 17 3
7 18 7
7 20 7
10 22 1
7 23 7
13 0 1
13 1 1
13 2 1
13 3 1
12 4 3
13 5 1
13 6 1
10 7 7
13 9 1
10 16 7
10 19 7
10 21 7
13 26 1
13 28 1
10 29 7
13 8 7
16 10 1
16 11 1
15 12 3
13 13 7
16 22 1
15 23 3
16 24 1
13 25 7
16 26 1
13 27 7
13 30 7
16 31 1
16 32 1
16 33 1
16 34 1
16 35 1
16 36 1
16 37 1
16 38 1
16 4 7
16 9 7
19 10 1
16 14 7
21 2 3
19 3 7
19 5 7
22 21 1
22 22 1
22 23 1
22 24 1
22 25 1
22 26 1
22 27 1
22 28 1
21 29 3
22 30 1
22 31 1
22 32 1
22 33 1
22 34 1
19 35 7
22 37 1
19 38 7
22 39 1
25 0 1
22 1 7
25 6 1
25 7 1
25 8 1
25 9 1
25 10 1
25 11 1
25 12 1
25 13 1
25 14 1
25 15 1
25 16 1
25 17 1
22 18 7
25 19 1
22 20 7
24 21 3
22 36 7
28 30 1
25 31 7
28 37 1
27 38 3
31 0 1
30 1 3
28 2 7
31 4 1
31 5 1
31 6 1
31 7 1
31 8 1
31 9 1
31 10 1
31 11 1
31 12 1
30 13 3
31 14 1
28 15 7
31 23 1
31 24 1
31 25 1
30 26 3
28 29 7
30 30 3
31 32 1
31 33 1
31 3 7
31 22 7
31 28 7
37 6 1
34 7 7
36 11 3
37 12 1
37 13 1
37 14 1
37 15 1
36 16 3
37 17 1
37 18 1
37 19 1
37 20 1
34 21 7
37 23 1
37 24 1
37 25 1
37 26 1
34 27 7
37 29 1
37 30 1
36 31 3
37 0 7
40 1 1
40 2 1
39 3 3
40 4 1
37 5 7
40 8 1
40 9 1
37 10 7
39 11 3
43 11 1
42 12 3
43 13 1
43 14 1
42 15 3
43 16 1
42 17 3
42 18 3
40 19 7
42 20 3
43 24 1
43 25 1
43 32 1
43 33 1
42 34 3
46 1 1
43 2 7
43 9 7
45 10 3
43 23 7
46 26 1
46 27 1
46 28 1
43 29 7
46 30 1
43 31 7
46 0 7
46 3 7
49 5 1
49 6 1
49 7 1
46 8 7
49 10 1
46 11 7
49 13 1
48 14 3
46 15 7
48 16 3
46 22 7
46 25 7
49 32 1
49 33 1
49 34 1
49 35 1
49 36 1
49 37 1
46 38 7
51 1 3
49 4 7
51 9 3
49 12 7
52 16 1
49 17 7
52 19 1
52 20 1
49 21 7
52 23 1
49 24 7
55 5 1
55 6 1
52 7 7
55 8 1
54 9 3
52 18 7
55 25 1
55 26 1
55 27 1
52 28 7
54 29 3
58 8 1
58 9 1
58 10 1
58 11 1
58 12 1
58 13 1
57 14 3
58 19 1
58 20 1
58 21 1
58 22 1
57 23 3
57 24 3
58 25 1
57 26 3
58 29 1
58 30 1
58 31 1
58 32 1
58 33 1
58 34 1
57 35 3
