321
1 26 1
1 27 1
1 28 1
1 29 1
1 30 1
0 31 3
1 32 1
1 37 1
1 38 1
1 39 1
4 3 1
4 4 1
4 5 1
4 6 1
4 7 1
4 8 1
1 9 7
4 10 1
1 11 7
3 12 3
1 20 7
4 22 1
4 23 1
4 24 1
1 25 7
4 34 1
4 35 1
1 36 7
7 0 1
7 1 1
4 2 7
7 12 1
7 13 1
4 14 7
6 15 3
4 19 7
4 21 7
4 26 7
7 27 1
7 28 1
7 29 1
7 30 1
7 31 1
6 32 3
4 33 7
6 38 3
10 15 1
10 16 1
10 17 1
7 18 7
10 22 1
10 23 1
10 24 1
10 34 1
10 35 1
9 36 3
7 37 7
9 38 3
12 0 3
13 1 1
13 2 1
13 3 1
13 4 1
13 5 1
13 6 1
13 7 1
13 8 1
13 9 1
13 10 1
13 11 1
10 12 7
12 14 3
13 13 7
16 14 1
16 15 1
15 16 3
16 17 1
16 18 1
13 19 7
16 20 1
16 21 1
16 22 1
16 23 1
16 24 1
16 25 1
16 26 1
16 27 1
15 28 3
16 29 1
16 30 1
16 31 1
15 32 3
16 35 1
13 36 7
15 37 3
16 38 1
15 39 3
16 4 7
19 5 1
18 6 3
19 7 1
19 8 1
19 9 1
19 10 1
18 11 3
18 20 3
16 34 7
22 0 1
22 1 1
22 2 1
19 3 7
22 15 1
22 16 1
21 17 3
22 19 1
22 21 1
21 22 3
22 23 1
22 24 1
22 25 1
19 26 7
22 27 1
22 28 1
22 29 1
22 30 1
22 31 1
22 32 1
19 33 7
19 35 7
21 37 3
21 38 3
25 9 1
25 10 1
25 11 1
25 12 1
25 13 1
22 14 7
24 15 3
22 18 7
25 19 1
22 20 7
24 21 3
22 36 7
28 2 1
28 3 1
28 4 1
28 5 1
27 6 3
28 7 1
25 8 7
28 16 1
25 17 7
28 30 1
28 31 1
28 32 1
28 33 1
28 34 1
27 35 3
31 0 1
28 1 7
28 10 7
31 12 1
31 13 1
31 14 1
28 15 7
31 18 1
31 19 1
31 20 1
31 21 1
30 22 3
31 23 1
30 27 3
31 28 1
28 29 7
33 0 3
34 2 1
34 3 1
34 4 1
34 5 1
31 6 7
34 7 1
34 8 1
31 9 7
31 11 7
31 26 7
33 30 3
34 31 1
34 32 1
31 33 7
31 35 7
33 36 3
33 38 3
37 1 1
37 12 1
37 13 1
34 14 7
36 15 3
37 16 1
37 17 1
37 18 1
37 19 1
37 20 1
37 21 1
37 22 1
37 23 1
37 24 1
34 25 7
34 27 7
34 34 7
37 36 1
34 37 7
37 0 7
40 1 1
40 2 1
40 3 1
40 4 1
37 5 7
39 12 3
39 26 3
40 28 1
37 29 7
40 38 1
39 39 3
43 6 1
43 7 1
42 8 3
43 10 1
40 11 7
43 12 1
43 13 1
43 14 1
43 15 1
43 16 1
43 17 1
43 18 1
43 19 1
43 20 1
43 21 1
43 22 1
42 23 3
43 30 1
43 31 1
42 32 3
42 33 3
46 0 1
46 1 1
43 2 7
43 9 7
45 10 3
43 26 7
46 27 1
43 34 7
46 35 1
46 36 1
46 37 1
46 38 1
43 39 7
48 3 3
46 4 7
49 5 1
49 6 1
49 7 1
46 8 7
49 10 1
49 11 1
49 12 1
49 13 1
48 14 3
49 23 1
49 24 1
46 25 7
49 29 1
46 30 7
49 31 1
48 32 3
46 33 7
49 0 7
52 1 1
51 2 3
49 22 7
52 26 1
52 27 1
49 28 7
55 1 1
55 2 1
54 3 3
55 4 1
55 5 1
55 6 1
55 7 1
55 8 1
54 9 3
55 10 1
55 11 1
55 12 1
55 13 1
55 14 1
55 15 1
55 16 1
55 17 1
55 18 1
55 19 1
55 20 1
52 21 7
55 23 1
52 29 7
58 0 1
58 1 1
58 2 1
58 3 1
57 4 3
58 30 1
58 31 1
58 32 1
58 33 1
57 34 3
57 35 3
58 36 1
58 37 1
58 38 1
58 39 1
