331
0 0 3
1 30 1
1 31 1
3 0 3
4 1 1
1 2 7
1 5 7
4 7 1
4 8 1
3 9 3
4 10 1
1 11 7
4 14 1
4 15 1
3 16 3
3 17 3
4 18 1
4 19 1
3 20 3
4 21 1
4 22 1
4 23 1
4 24 1
1 25 7
4 26 1
1 27 7
4 28 1
1 29 7
4 30 1
4 31 1
4 32 1
1 33 7
4 34 1
4 35 1
7 3 1
4 4 7
4 6 7
4 13 7
7 19 1
9 8 3
10 9 1
10 10 1
10 11 1
7 12 7
10 14 1
9 15 3
9 16 3
10 17 1
7 18 7
10 19 1
7 20 7
10 21 1
10 22 1
7 23 7
10 24 1
10 25 1
10 26 1
10 27 1
7 28 7
10 31 1
7 32 7
12 0 3
13 1 1
13 2 1
13 3 1
13 4 1
13 5 1
13 6 1
10 7 7
13 8 1
12 9 3
12 29 3
10 30 7
13 33 1
10 34 7
13 35 1
13 36 1
13 37 1
13 38 1
13 39 1
16 10 1
16 11 1
16 12 1
16 13 1
16 14 1
13 15 7
16 16 1
16 17 1
16 18 1
13 19 7
16 20 1
16 21 1
13 22 7
16 23 1
16 24 1
13 25 7
16 28 1
15 29 3
19 8 1
16 9 7
18 11 3
19 20 1
18 21 3
19 26 1
16 27 7
19 36 1
16 37 7
19 38 1
18 39 3
22 1 1
22 2 1
19 3 7
22 4 1
22 5 1
22 6 1
19 7 7
21 8 3
19 10 7
21 11 3
22 21 1
21 22 3
22 23 1
22 24 1
22 28 1
22 29 1
21 30 3
22 31 1
22 32 1
22 33 1
22 34 1
19 35 7
22 0 7
25 4 1
24 5 3
24 6 3
25 11 1
25 12 1
25 13 1
22 14 7
25 15 1
25 16 1
25 17 1
22 18 7
22 20 7
24 21 3
25 36 1
25 37 1
28 2 1
28 3 1
28 4 1
28 5 1
28 6 1
28 7 1
25 8 7
25 19 7
28 24 1
25 25 7
28 26 1
25 27 7
28 30 1
28 31 1
27 32 3
31 0 1
28 1 7
31 4 1
30 5 3
28 9 7
31 10 1
31 11 1
31 12 1
31 13 1
31 14 1
28 15 7
31 21 1
31 22 1
28 23 7
31 28 1
28 29 7
34 2 1
31 3 7
31 16 7
34 17 1
31 18 7
34 19 1
31 20 7
33 21 3
34 30 1
31 31 7
34 32 1
34 33 1
33 34 3
34 35 1
34 36 1
34 37 1
34 38 1
37 6 1
37 7 1
37 8 1
36 9 3
37 10 1
36 11 3
37 12 1
37 17 1
37 21 1
37 22 1
37 23 1
37 24 1
34 25 7
40 0 1
40 1 1
40 2 1
40 3 1
40 4 1
37 5 7
40 15 1
37 26 7
40 27 1
40 28 1
40 29 1
40 30 1
40 31 1
40 32 1
40 33 1
40 34 1
40 35 1
39 36 3
42 6 3
43 8 1
43 9 1
43 10 1
43 11 1
43 12 1
42 13 3
40 14 7
42 15 3
40 16 7
42 17 3
43 18 1
43 19 1
43 20 1
43 21 1
43 22 1
43 23 1
43 24 1
42 25 3
46 1 1
46 2 1
46 3 1
43 4 7
46 5 1
46 6 1
43 7 7
45 26 3
46 27 1
46 28 1
43 29 7
46 30 1
43 31 7
46 32 1
46 33 1
45 34 3
46 0 7
48 5 3
46 8 7
49 9 1
49 10 1
46 11 7
49 18 1
49 19 1
49 20 1
49 21 1
49 22 1
49 23 1
49 24 1
46 25 7
52 1 1
52 2 1
51 3 3
52 12 1
52 13 1
49 14 7
52 15 1
52 16 1
49 17 7
49 27 7
55 0 1
55 1 1
55 2 1
55 3 1
55 4 1
55 5 1
55 6 1
55 7 1
55 8 1
52 9 7
54 15 3
54 18 3
52 19 7
55 20 1
55 21 1
55 22 1
52 23 7
55 24 1
55 25 1
52 26 7
55 28 1
55 29 1
54 30 3
55 31 1
55 32 1
52 33 7
55 34 1
55 35 1
55 36 1
54 37 3
58 0 1
58 1 1
57 2 3
58 10 1
58 11 1
57 12 3
58 13 1
58 14 1
58 15 1
58 16 1
57 17 3
58 24 1
58 25 1
58 34 1
57 35 3
57 36 3
