320
1 10 1
1 14 1
1 15 1
1 16 1
1 17 1
1 18 1
0 19 3
4 0 1
4 1 1
3 2 3
1 3 7
4 4 1
4 5 1
4 6 1
4 7 1
4 8 1
1 9 7
4 10 1
4 11 1
4 12 1
1 13 7
1 25 7
1 27 7
4 28 1
4 29 1
3 30 3
4 31 1
4 32 1
4 33 1
1 34 7
4 35 1
3 36 3
7 17 1
7 18 1
7 19 1
7 20 1
7 21 1
7 22 1
7 23 1
4 24 7
4 26 7
10 0 1
10 1 1
7 2 7
9 3 3
10 8 1
10 9 1
7 10 7
10 13 1
10 14 1
10 15 1
7 16 7
9 27 3
7 28 7
10 29 1
10 30 1
10 31 1
10 32 1
10 33 1
10 34 1
10 35 1
9 36 3
13 3 1
12 4 3
13 5 1
13 6 1
10 7 7
13 11 1
10 12 7
13 18 1
13 19 1
13 20 1
10 21 7
13 22 1
12 26 3
16 10 1
15 11 3
16 14 1
16 15 1
16 16 1
13 17 7
15 18 3
16 22 1
13 23 7
16 24 1
13 25 7
16 30 1
16 31 1
16 32 1
15 33 3
16 35 1
13 36 7
16 37 1
16 38 1
15 39 3
19 8 1
16 9 7
19 10 1
19 11 1
19 12 1
16 13 7
18 18 3
16 19 7
18 20 3
19 26 1
19 27 1
19 28 1
16 29 7
18 30 3
16 34 7
22 0 1
22 1 1
21 2 3
22 3 1
22 4 1
21 5 3
22 6 1
19 7 7
22 21 1
22 22 1
22 23 1
19 24 7
21 25 3
22 30 1
21 31 3
19 33 7
22 35 1
22 8 7
25 9 1
25 10 1
25 11 1
25 12 1
22 17 7
25 18 1
25 19 1
22 20 7
25 25 1
22 26 7
25 28 1
24 29 3
22 32 7
25 16 7
25 21 7
28 24 1
28 25 1
25 27 7
28 28 1
28 29 1
28 30 1
25 31 7
28 33 1
28 34 1
28 35 1
28 36 1
28 37 1
27 38 3
28 39 1
30 4 3
30 5 3
31 6 1
28 7 7
28 10 7
30 12 3
31 13 1
30 14 3
28 15 7
31 22 1
28 23 7
31 24 1
30 25 3
34 0 1
34 1 1
34 2 1
31 3 7
33 4 3
34 8 1
31 9 7
31 11 7
34 16 1
34 17 1
34 18 1
34 19 1
31 20 7
33 21 3
34 26 1
34 27 1
34 28 1
34 29 1
34 30 1
34 31 1
34 32 1
34 33 1
34 34 1
33 35 3
37 21 1
34 22 7
34 25 7
39 8 3
40 17 1
40 18 1
40 19 1
40 20 1
40 23 1
37 24 7
40 26 1
40 27 1
40 28 1
37 29 7
40 30 1
39 31 3
40 37 1
37 38 7
40 39 1
42 5 3
43 6 1
40 7 7
43 8 1
43 9 1
43 10 1
43 11 1
42 12 3
40 13 7
43 14 1
43 15 1
40 16 7
43 21 1
43 25 1
43 30 1
43 31 1
43 32 1
43 33 1
43 34 1
43 35 1
40 36 7
46 0 1
46 1 1
46 2 1
46 3 1
43 4 7
45 5 3
46 17 1
46 18 1
46 19 1
43 20 7
46 21 1
46 22 1
43 23 7
46 24 1
46 26 1
49 5 1
46 6 7
49 7 1
49 8 1
49 9 1
49 10 1
49 11 1
49 12 1
49 13 1
49 14 1
49 15 1
48 16 3
49 21 1
48 22 3
49 24 1
46 25 7
49 0 7
51 1 3
52 26 1
51 27 3
49 28 7
51 29 3
52 31 1
52 32 1
52 33 1
52 34 1
52 35 1
52 36 1
52 37 1
51 38 3
51 39 3
55 1 1
55 2 1
55 3 1
55 4 1
55 5 1
54 6 3
55 7 1
55 8 1
55 9 1
55 10 1
55 11 1
55 12 1
55 13 1
52 14 7
55 15 1
52 16 7
54 17 3
55 18 1
55 19 1
55 20 1
55 21 1
55 22 1
52 23 7
55 29 1
52 30 7
58 17 1
58 24 1
58 25 1
58 26 1
58 27 1
57 28 3
58 31 1
58 32 1
58 33 1
58 34 1
58 35 1
58 36 1
58 37 1
58 38 1
57 39 3
