317
1 3 1
1 12 1
1 13 1
1 14 1
1 15 1
1 16 1
1 17 1
1 18 1
1 19 1
0 20 3
1 21 1
1 22 1
1 23 1
1 24 1
1 25 1
1 26 1
1 27 1
0 28 3
0 29 3
1 30 1
1 31 1
1 32 1
1 33 1
0 34 3
1 35 1
1 36 1
0 37 3
4 0 1
4 1 1
1 2 7
1 5 7
4 6 1
3 7 3
4 8 1
4 9 1
3 10 3
1 11 7
3 12 3
3 13 3
7 3 1
4 4 7
7 6 1
4 24 7
7 25 1
4 26 7
6 27 3
7 29 1
4 30 7
7 32 1
4 33 7
4 35 7
10 9 1
7 10 7
10 11 1
7 13 7
10 14 1
10 15 1
7 16 7
7 18 7
9 19 3
10 20 1
10 21 1
10 22 1
7 23 7
10 27 1
7 28 7
7 31 7
7 34 7
9 36 3
13 0 1
13 1 1
12 2 3
13 3 1
13 4 1
13 5 1
10 6 7
13 7 1
10 8 7
13 11 1
10 12 7
12 14 3
10 17 7
12 33 3
16 5 1
15 7 3
16 13 1
15 14 3
13 15 7
16 18 1
13 19 7
16 20 1
15 21 3
16 22 1
16 23 1
16 24 1
16 25 1
16 26 1
13 27 7
16 28 1
15 29 3
16 31 1
13 32 7
15 33 3
16 35 1
16 36 1
16 37 1
16 38 1
16 39 1
16 0 7
16 4 7
19 5 1
18 6 3
19 16 1
18 17 3
18 20 3
19 28 1
18 29 3
16 30 7
19 33 1
16 34 7
22 1 1
22 2 1
19 3 7
22 5 1
22 6 1
19 7 7
22 8 1
22 9 1
22 10 1
22 11 1
19 12 7
22 21 1
19 22 7
25 13 1
25 14 1
25 15 1
24 16 3
25 18 1
25 19 1
22 20 7
24 23 3
25 24 1
25 25 1
22 26 7
24 28 3
28 0 1
28 1 1
28 2 1
28 3 1
28 4 1
25 5 7
28 6 1
28 7 1
25 8 7
28 16 1
25 17 7
25 27 7
27 28 3
27 29 3
28 30 1
25 31 7
28 33 1
28 34 1
28 35 1
27 36 3
31 9 1
31 10 1
31 11 1
28 12 7
31 13 1
31 14 1
28 15 7
31 18 1
31 19 1
31 20 1
31 21 1
31 22 1
31 23 1
28 32 7
31 36 1
31 37 1
34 0 1
34 1 1
34 2 1
34 3 1
34 4 1
34 5 1
34 6 1
33 33 3
34 34 1
31 35 7
34 36 1
36 10 3
37 12 1
37 13 1
37 14 1
37 15 1
37 16 1
37 17 1
37 18 1
37 19 1
37 20 1
34 21 7
37 24 1
34 25 7
36 26 3
37 30 1
37 31 1
36 32 3
40 4 1
37 5 7
40 8 1
37 9 7
37 11 7
40 22 1
37 23 7
40 26 1
40 27 1
40 28 1
37 29 7
40 30 1
39 31 3
39 34 3
40 37 1
37 38 7
40 3 7
42 4 3
43 6 1
40 7 7
40 10 7
42 12 3
43 13 1
40 14 7
43 15 1
40 16 7
43 17 1
43 18 1
43 19 1
43 30 1
43 31 1
43 32 1
40 33 7
43 34 1
43 35 1
40 36 7
42 37 3
43 0 7
46 1 1
43 2 7
43 26 7
49 8 1
49 9 1
49 10 1
46 11 7
48 13 3
48 14 3
48 18 3
49 19 1
48 20 3
49 21 1
49 22 1
49 23 1
49 24 1
46 25 7
49 27 1
49 28 1
46 29 7
49 30 1
48 31 3
49 32 1
49 33 1
49 34 1
49 35 1
48 36 3
52 6 1
49 7 7
49 12 7
52 15 1
52 16 1
49 17 7
55 0 1
55 1 1
55 2 1
55 3 1
55 4 1
52 5 7
55 13 1
52 14 7
55 18 1
55 19 1
55 20 1
55 21 1
55 22 1
55 23 1
55 24 1
55 25 1
52 26 7
55 27 1
55 28 1
55 29 1
55 30 1
55 31 1
55 32 1
55 33 1
55 34 1
55 35 1
52 36 7
58 6 1
58 7 1
58 8 1
58 9 1
58 10 1
58 11 1
58 12 1
57 27 3
58 37 1
57 38 3
