328
1 12 1
1 21 1
1 22 1
1 23 1
1 24 1
1 25 1
0 26 3
1 30 1
0 31 3
1 1 7
4 2 1
3 3 3
4 4 1
1 5 7
4 6 1
4 7 1
4 8 1
3 9 3
4 10 1
1 11 7
4 12 1
3 13 3
4 14 1
4 15 1
4 16 1
3 17 3
1 20 7
4 21 1
3 22 3
4 25 1
4 26 1
1 27 7
4 28 1
1 29 7
4 30 1
4 31 1
4 32 1
4 33 1
4 34 1
4 35 1
3 36 3
4 0 7
4 19 7
4 24 7
6 25 3
7 2 7
9 3 3
10 8 1
10 9 1
7 10 7
7 12 7
9 14 3
10 15 1
10 16 1
9 17 3
7 18 7
10 20 1
10 21 1
10 22 1
7 23 7
10 25 1
10 26 1
10 27 1
10 28 1
10 29 1
10 30 1
10 31 1
7 32 7
9 33 3
13 0 1
10 1 7
13 3 1
13 4 1
13 5 1
13 6 1
10 7 7
10 11 7
10 13 7
13 14 1
12 15 3
13 20 1
16 8 1
15 9 3
15 10 3
16 14 1
16 15 1
16 16 1
16 17 1
16 18 1
13 19 7
16 23 1
16 24 1
13 25 7
16 32 1
13 33 7
15 34 3
19 0 1
19 1 1
19 2 1
19 3 1
19 4 1
18 5 3
19 6 1
19 7 1
18 8 3
19 20 1
19 21 1
16 22 7
19 26 1
19 27 1
19 28 1
19 29 1
19 30 1
16 31 7
18 32 3
19 34 1
19 35 1
19 36 1
19 37 1
18 38 3
24 6 3
22 9 7
25 10 1
25 11 1
25 12 1
25 13 1
25 14 1
24 15 3
25 16 1
25 17 1
22 18 7
22 20 7
25 22 1
25 23 1
25 24 1
25 25 1
25 26 1
25 27 1
24 28 3
25 29 1
25 30 1
25 31 1
25 32 1
24 33 3
28 2 1
28 3 1
28 4 1
25 5 7
28 6 1
28 7 1
25 8 7
28 11 1
25 19 7
25 21 7
31 0 1
28 1 7
30 6 3
31 9 1
28 10 7
31 15 1
31 16 1
31 22 1
31 23 1
31 24 1
31 25 1
31 26 1
28 27 7
31 28 1
31 29 1
28 30 7
31 31 1
28 32 7
31 34 1
30 35 3
31 7 7
31 14 7
33 15 3
34 28 1
33 29 3
31 33 7
37 0 1
37 1 1
37 2 1
34 3 7
34 6 7
37 8 1
37 9 1
37 10 1
37 11 1
37 12 1
34 13 7
37 15 1
37 16 1
37 17 1
37 18 1
37 19 1
37 20 1
34 21 7
37 22 1
37 24 1
34 25 7
37 34 1
37 35 1
37 36 1
34 37 7
37 38 1
36 39 3
40 4 1
37 5 7
40 22 1
37 23 7
39 24 3
40 26 1
40 27 1
40 28 1
39 29 3
43 10 1
40 11 7
43 12 1
43 13 1
43 14 1
43 15 1
40 16 7
43 17 1
43 18 1
43 19 1
43 20 1
43 21 1
42 22 3
43 32 1
43 33 1
43 34 1
43 35 1
46 0 1
46 1 1
46 2 1
46 3 1
43 4 7
43 9 7
46 26 1
46 27 1
46 28 1
46 29 1
46 30 1
43 31 7
45 32 3
46 37 1
45 38 3
46 5 7
49 6 1
49 7 1
46 8 7
49 10 1
48 11 3
49 18 1
49 19 1
49 20 1
49 21 1
49 22 1
48 23 3
49 24 1
46 25 7
49 33 1
49 34 1
49 35 1
46 36 7
49 37 1
49 38 1
48 39 3
49 12 7
52 15 1
52 16 1
49 17 7
51 18 3
52 26 1
52 27 1
49 28 7
52 31 1
49 32 7
52 0 7
54 1 3
55 2 1
55 3 1
55 4 1
55 5 1
55 6 1
55 7 1
55 8 1
52 9 7
55 10 1
52 11 7
55 13 1
52 14 7
55 18 1
52 19 7
55 20 1
55 21 1
55 22 1
52 23 7
55 29 1
52 30 7
54 31 3
55 33 1
55 34 1
55 35 1
54 36 3
55 37 1
58 1 1
58 2 1
58 3 1
58 4 1
57 5 3
57 10 3
57 12 3
58 13 1
58 15 1
58 16 1
57 17 3
57 18 3
58 20 1
57 21 3
58 24 1
58 25 1
57 26 3
58 31 1
58 32 1
58 33 1
58 34 1
