302
1 8 1
0 9 3
0 24 3
0 34 3
1 36 1
1 38 1
0 39 3
4 0 1
4 1 1
4 2 1
4 3 1
4 4 1
3 5 3
4 6 1
1 7 7
4 8 1
4 9 1
4 10 1
4 11 1
4 12 1
1 13 7
4 18 1
4 19 1
4 20 1
4 21 1
4 22 1
1 23 7
4 24 1
4 25 1
4 26 1
4 27 1
4 28 1
4 29 1
4 30 1
4 31 1
4 32 1
1 33 7
4 34 1
1 35 7
4 36 1
1 37 7
4 17 7
10 8 1
10 9 1
10 10 1
10 11 1
10 12 1
10 13 1
10 14 1
10 15 1
7 16 7
10 18 1
10 19 1
7 20 7
10 21 1
10 22 1
10 23 1
10 24 1
10 25 1
10 26 1
10 27 1
10 28 1
10 29 1
10 30 1
10 31 1
9 32 3
10 33 1
10 34 1
10 35 1
10 36 1
9 37 3
10 38 1
10 39 1
13 0 1
13 1 1
13 2 1
13 3 1
13 4 1
13 5 1
13 6 1
10 7 7
16 15 1
16 16 1
13 17 7
16 19 1
16 20 1
16 21 1
16 22 1
13 23 7
16 0 7
18 1 3
19 4 1
19 5 1
19 6 1
19 7 1
19 8 1
19 9 1
19 10 1
19 11 1
19 12 1
19 13 1
16 14 7
16 18 7
19 24 1
19 25 1
19 26 1
19 27 1
19 28 1
19 29 1
19 30 1
19 31 1
19 32 1
19 33 1
19 34 1
19 35 1
22 1 1
22 2 1
19 3 7
21 21 3
19 22 7
25 9 1
25 10 1
25 11 1
25 12 1
25 13 1
25 14 1
25 15 1
25 16 1
25 17 1
25 18 1
25 19 1
22 20 7
24 23 3
28 0 1
28 1 1
25 2 7
28 3 1
27 4 3
25 5 7
25 8 7
27 11 3
28 24 1
27 25 3
28 26 1
25 27 7
28 29 1
28 30 1
28 31 1
31 3 1
31 6 1
28 7 7
30 9 3
28 10 7
31 11 1
30 12 3
28 15 7
31 17 1
31 18 1
31 19 1
30 20 3
28 23 7
28 28 7
31 14 7
31 16 7
31 22 7
33 30 3
31 31 7
34 0 7
37 2 1
34 3 7
36 4 3
37 6 1
36 7 3
37 10 1
36 11 3
37 12 1
34 13 7
36 17 3
34 18 7
37 19 1
36 20 3
34 21 7
36 23 3
37 24 1
34 25 7
37 27 1
37 28 1
34 29 7
36 30 3
37 32 1
37 33 1
37 34 1
37 35 1
37 36 1
37 1 7
40 4 1
37 5 7
40 8 1
37 9 7
39 19 3
37 26 7
40 31 1
40 38 1
42 3 3
43 6 1
40 7 7
43 13 1
43 14 1
43 15 1
40 16 7
43 21 1
43 22 1
42 23 3
43 27 1
43 28 1
42 29 3
40 30 7
43 31 1
43 32 1
43 33 1
40 34 7
43 36 1
40 37 7
43 0 7
45 1 3
43 2 7
43 12 7
46 19 1
43 20 7
46 21 1
45 22 3
43 35 7
45 38 3
49 7 1
49 8 1
49 9 1
49 10 1
46 11 7
46 13 7
49 15 1
49 16 1
46 18 7
49 26 1
49 27 1
49 28 1
49 29 1
49 30 1
49 31 1
49 32 1
46 33 7
46 36 7
49 6 7
49 14 7
52 15 1
51 16 3
49 17 7
49 22 7
52 24 1
49 25 7
52 37 1
52 38 1
51 39 3
52 0 7
55 1 1
55 2 1
54 3 3
54 4 3
52 5 7
55 7 1
55 8 1
52 9 7
54 10 3
55 11 1
55 15 1
54 16 3
55 18 1
55 19 1
55 20 1
52 21 7
52 23 7
55 26 1
55 27 1
52 28 7
55 29 1
55 30 1
55 31 1
55 32 1
54 33 3
55 34 1
55 35 1
54 36 3
58 1 1
58 2 1
57 3 3
58 10 1
58 11 1
58 12 1
58 13 1
57 14 3
58 24 1
57 25 3
58 29 1
