278
1 6 1
1 32 1
0 33 3
0 34 3
4 0 1
3 1 3
3 2 3
3 3 3
4 4 1
1 5 7
4 6 1
4 7 1
4 8 1
4 9 1
4 10 1
4 11 1
4 12 1
4 13 1
4 14 1
4 15 1
4 16 1
4 17 1
4 18 1
4 19 1
1 20 7
4 23 1
4 24 1
1 25 7
3 26 3
1 31 7
6 21 3
4 22 7
7 26 1
7 27 1
4 28 7
7 29 1
4 30 7
7 32 1
7 33 1
7 34 1
6 35 3
6 36 3
10 0 1
7 1 7
10 8 1
10 9 1
7 10 7
10 13 1
10 14 1
10 15 1
10 16 1
13 2 1
13 3 1
13 4 1
12 5 3
13 6 1
10 7 7
13 11 1
10 12 7
12 13 3
13 20 1
10 21 7
13 28 1
10 29 7
13 30 1
12 31 3
13 32 1
12 33 3
13 34 1
13 35 1
13 36 1
13 37 1
12 38 3
13 0 7
15 1 3
13 8 7
16 9 1
15 10 3
13 14 7
16 15 1
16 16 1
15 17 3
15 18 3
13 19 7
16 22 1
15 23 3
15 24 3
16 25 1
16 26 1
13 27 7
15 30 3
19 1 1
16 2 7
19 10 1
19 11 1
19 12 1
16 13 7
22 3 1
22 4 1
22 5 1
22 6 1
19 7 7
21 8 3
19 9 7
21 15 3
21 21 3
22 22 1
22 27 1
21 28 3
25 8 1
25 10 1
25 11 1
25 12 1
25 13 1
22 14 7
24 15 3
25 17 1
22 18 7
22 20 7
24 21 3
22 26 7
25 27 1
25 28 1
25 16 7
27 17 3
25 19 7
28 24 1
25 25 7
31 0 1
31 1 1
31 2 1
31 3 1
31 4 1
31 5 1
31 6 1
31 7 1
31 8 1
31 9 1
31 10 1
31 11 1
31 12 1
31 13 1
31 14 1
28 15 7
31 20 1
30 21 3
31 22 1
28 23 7
31 26 1
31 27 1
31 28 1
28 29 7
31 30 1
31 31 1
31 32 1
31 33 1
31 34 1
30 35 3
30 36 3
30 37 3
33 16 3
34 30 1
34 38 1
34 39 1
37 0 1
36 1 3
37 2 1
34 3 7
36 4 3
37 10 1
37 11 1
37 12 1
37 13 1
34 18 7
37 19 1
36 20 3
34 21 7
37 22 1
37 23 1
37 24 1
37 25 1
37 26 1
37 27 1
37 34 1
36 35 3
37 36 1
34 37 7
40 4 1
40 5 1
40 6 1
40 7 1
40 8 1
37 9 7
40 15 1
40 16 1
37 17 7
40 29 1
40 30 1
40 31 1
40 32 1
37 33 7
39 34 3
37 38 7
43 10 1
43 11 1
43 12 1
42 13 3
40 14 7
43 18 1
43 19 1
43 20 1
42 21 3
43 22 1
43 23 1
42 27 3
40 28 7
42 32 3
42 39 3
46 0 1
46 1 1
46 2 1
46 3 1
46 4 1
46 5 1
45 6 3
43 7 7
46 15 1
45 16 3
43 26 7
43 29 7
46 30 1
43 31 7
43 34 7
46 36 1
45 37 3
46 8 7
46 10 7
48 24 3
46 25 7
48 30 3
46 33 7
46 35 7
52 0 1
52 1 1
52 2 1
49 3 7
52 4 1
52 5 1
52 6 1
52 7 1
49 9 7
51 11 3
52 12 1
52 13 1
49 14 7
52 15 1
52 16 1
49 17 7
49 19 7
52 22 1
49 23 7
52 24 1
52 26 1
52 27 1
49 28 7
52 31 1
49 32 7
55 4 1
52 18 7
55 20 1
52 21 7
55 29 1
52 30 7
54 31 3
57 0 3
58 22 1
57 23 3
57 24 3
