303
0 0 3
1 1 1
0 2 3
1 3 1
0 4 3
1 5 1
1 6 1
1 7 1
1 8 1
1 9 1
0 10 3
1 11 1
1 12 1
1 13 1
1 14 1
0 15 3
0 21 3
4 18 1
3 19 3
1 20 7
3 21 3
4 22 1
1 23 7
3 24 3
4 25 1
4 26 1
3 27 3
4 33 1
4 34 1
4 35 1
4 36 1
4 37 1
4 38 1
4 39 1
7 0 1
7 1 1
7 2 1
7 3 1
7 4 1
7 5 1
7 6 1
6 7 3
7 13 1
4 14 7
4 17 7
7 29 1
4 30 7
4 32 7
9 10 3
10 11 1
7 12 7
9 13 3
10 15 1
7 16 7
10 18 1
10 19 1
10 20 1
10 21 1
9 22 3
10 23 1
10 24 1
10 25 1
10 26 1
10 27 1
7 28 7
7 31 7
7 36 7
10 37 1
10 38 1
10 39 1
13 1 1
12 2 3
13 4 1
13 5 1
13 6 1
10 7 7
12 8 3
10 9 7
13 32 1
13 33 1
13 34 1
10 35 7
13 0 7
13 3 7
13 10 7
16 11 1
16 12 1
15 13 3
16 14 1
13 15 7
15 16 3
13 17 7
16 19 1
16 20 1
15 21 3
13 25 7
18 1 3
16 2 7
16 4 7
18 5 3
19 16 1
16 18 7
18 23 3
16 24 7
19 26 1
18 27 3
18 28 3
16 29 7
19 30 1
19 31 1
19 32 1
18 33 3
19 36 1
16 37 7
18 38 3
22 5 1
19 6 7
19 13 7
22 21 1
19 22 7
22 34 1
19 35 7
22 38 1
21 39 3
25 0 1
25 1 1
25 2 1
24 3 3
25 7 1
25 8 1
25 9 1
25 10 1
25 11 1
22 12 7
25 14 1
25 15 1
25 16 1
25 17 1
25 18 1
25 19 1
22 20 7
25 23 1
25 24 1
25 25 1
22 26 7
25 32 1
22 33 7
22 36 7
25 21 7
28 27 1
28 28 1
28 29 1
28 30 1
25 31 7
27 37 3
28 0 7
31 1 1
31 2 1
31 3 1
31 4 1
31 5 1
31 6 1
31 7 1
31 8 1
31 9 1
31 10 1
31 11 1
31 12 1
31 13 1
31 14 1
28 15 7
31 22 1
31 23 1
37 6 1
37 7 1
37 8 1
37 9 1
37 10 1
37 11 1
36 12 3
34 13 7
37 14 1
37 15 1
37 16 1
36 17 3
37 18 1
37 19 1
37 20 1
37 21 1
37 22 1
37 23 1
37 24 1
34 25 7
37 26 1
37 27 1
37 28 1
40 0 1
40 1 1
40 2 1
40 3 1
40 4 1
37 5 7
43 10 1
43 11 1
43 12 1
43 13 1
43 14 1
42 15 3
40 16 7
43 27 1
40 28 7
43 29 1
43 30 1
43 31 1
43 32 1
43 33 1
43 34 1
43 35 1
43 36 1
43 37 1
43 38 1
42 39 3
46 1 1
43 2 7
43 9 7
45 10 3
43 26 7
46 0 7
49 3 1
49 4 1
49 5 1
49 6 1
49 7 1
46 8 7
49 10 1
46 11 7
48 18 3
49 20 1
48 21 3
48 22 3
49 23 1
49 24 1
46 25 7
46 27 7
49 29 1
46 30 7
49 33 1
49 34 1
49 35 1
49 36 1
49 37 1
49 38 1
52 12 1
52 13 1
52 14 1
52 15 1
51 16 3
49 17 7
49 19 7
51 20 3
49 28 7
52 31 1
49 32 7
55 0 1
55 1 1
55 2 1
55 3 1
55 4 1
55 5 1
55 6 1
55 7 1
55 8 1
52 9 7
55 10 1
54 11 3
52 18 7
55 20 1
54 21 3
55 22 1
55 23 1
55 24 1
55 25 1
52 26 7
55 27 1
55 33 1
52 34 7
55 35 1
55 36 1
55 37 1
54 38 3
54 39 3
58 10 1
58 11 1
57 12 3
58 13 1
58 14 1
58 15 1
58 16 1
58 17 1
57 19 3
58 27 1
57 28 3
57 29 3
