285
1 3 1
1 4 1
0 18 3
1 21 1
1 22 1
0 23 3
4 1 1
1 2 7
3 3 3
1 5 7
3 7 3
4 8 1
4 9 1
4 10 1
4 11 1
3 12 3
4 13 1
3 14 3
4 15 1
4 16 1
1 17 7
4 19 1
1 20 7
4 21 1
4 22 1
4 23 1
4 24 1
1 25 7
4 33 1
1 34 7
4 35 1
4 36 1
4 37 1
3 38 3
4 0 7
6 1 3
7 3 1
4 4 7
4 6 7
4 18 7
7 19 1
6 21 3
7 27 1
7 28 1
7 29 1
7 30 1
7 31 1
4 32 7
10 8 1
10 9 1
7 10 7
7 13 7
10 14 1
10 15 1
7 16 7
7 22 7
9 23 3
10 24 1
10 25 1
7 26 7
13 1 1
10 2 7
13 3 1
13 4 1
13 5 1
13 6 1
10 7 7
13 11 1
10 12 7
13 17 1
12 18 3
13 19 1
13 20 1
10 21 7
13 33 1
13 34 1
12 35 3
13 0 7
16 3 1
16 22 1
13 23 7
16 25 1
16 26 1
16 27 1
15 28 3
16 29 1
16 30 1
16 31 1
13 32 7
19 4 1
18 5 3
16 24 7
19 34 1
19 35 1
19 36 1
19 37 1
18 38 3
22 0 1
22 1 1
22 2 1
19 3 7
22 15 1
22 16 1
21 17 3
22 18 1
19 19 7
21 20 3
21 21 3
19 22 7
22 27 1
19 28 7
19 33 7
22 4 7
25 6 1
25 7 1
25 8 1
25 9 1
25 10 1
25 11 1
25 12 1
25 13 1
22 14 7
25 20 1
25 21 1
25 23 1
25 24 1
25 25 1
22 26 7
22 29 7
22 32 7
28 0 1
28 1 1
27 2 3
25 5 7
28 16 1
28 17 1
28 27 1
28 30 1
25 31 7
28 33 1
27 34 3
31 6 1
28 7 7
28 10 7
28 15 7
31 21 1
31 22 1
28 23 7
30 24 3
30 25 3
34 0 1
34 1 1
33 2 3
34 3 1
34 4 1
34 5 1
34 8 1
31 9 7
31 11 7
34 12 1
31 14 7
34 16 1
34 17 1
34 18 1
34 19 1
31 20 7
33 24 3
34 26 1
34 27 1
34 28 1
33 29 3
34 30 1
34 31 1
31 32 7
33 34 3
34 35 1
34 36 1
33 37 3
37 12 1
34 13 7
37 21 1
37 22 1
37 23 1
37 24 1
34 25 7
34 33 7
40 4 1
40 5 1
40 6 1
40 7 1
40 8 1
40 9 1
39 10 3
42 0 3
40 1 7
40 3 7
43 13 1
40 14 7
43 15 1
40 16 7
43 27 1
40 28 7
43 32 1
43 33 1
43 34 1
43 35 1
43 36 1
40 37 7
42 38 3
43 2 7
43 12 7
46 17 1
45 18 3
43 26 7
46 29 1
46 30 1
43 31 7
49 3 1
49 4 1
48 5 3
48 6 3
49 7 1
46 8 7
49 10 1
46 11 7
49 22 1
49 23 1
49 24 1
46 25 7
49 32 1
49 33 1
49 34 1
49 35 1
49 36 1
49 37 1
49 38 1
48 39 3
51 6 3
49 9 7
52 20 1
49 21 7
52 26 1
51 27 3
49 28 7
52 0 7
55 1 1
54 2 3
55 3 1
55 4 1
52 5 7
52 10 7
54 11 3
54 12 3
55 13 1
55 14 1
55 15 1
52 16 7
55 17 1
55 18 1
52 19 7
54 20 3
55 22 1
52 23 7
55 24 1
52 29 7
58 1 1
57 2 3
57 6 3
58 7 1
57 17 3
58 18 1
58 24 1
58 25 1
58 26 1
57 27 3
58 28 1
58 30 1
57 31 3
57 32 3
58 33 1
58 34 1
58 35 1
57 36 3
58 37 1
58 38 1
