297
0 8 3
0 21 3
1 26 1
1 27 1
1 28 1
1 29 1
1 30 1
1 31 1
1 32 1
0 33 3
3 1 3
4 5 1
4 6 1
1 7 7
4 8 1
1 9 7
4 10 1
3 11 3
4 12 1
4 13 1
4 14 1
4 15 1
4 16 1
1 17 7
4 19 1
1 20 7
3 21 3
4 22 1
4 23 1
4 24 1
1 25 7
4 0 7
6 1 3
7 3 1
4 4 7
4 18 7
7 29 1
4 30 7
7 31 1
7 32 1
7 33 1
7 34 1
7 35 1
10 1 1
7 2 7
10 8 1
10 9 1
7 10 7
10 11 1
10 12 1
10 13 1
10 14 1
10 15 1
10 16 1
10 25 1
9 26 3
10 27 1
7 28 7
10 36 1
9 37 3
12 3 3
13 4 1
13 5 1
13 6 1
10 7 7
13 18 1
13 19 1
13 20 1
10 21 7
10 24 7
10 29 7
13 31 1
13 32 1
13 33 1
13 34 1
10 35 7
16 0 1
16 1 1
15 2 3
16 8 1
15 9 3
16 10 1
16 11 1
16 12 1
16 13 1
16 14 1
16 15 1
16 16 1
13 17 7
16 18 1
16 22 1
13 23 7
13 30 7
16 36 1
21 0 3
22 1 1
22 2 1
22 3 1
22 4 1
22 5 1
22 6 1
19 7 7
21 23 3
21 27 3
22 28 1
22 29 1
22 30 1
22 31 1
22 32 1
19 33 7
22 34 1
19 35 7
22 36 1
22 37 1
21 38 3
22 39 1
22 8 7
25 9 1
24 10 3
25 11 1
25 12 1
25 13 1
25 14 1
25 15 1
25 16 1
25 17 1
25 18 1
25 19 1
22 20 7
25 21 1
22 22 7
24 23 3
25 24 1
25 25 1
22 26 7
28 0 1
28 1 1
28 2 1
28 27 1
28 28 1
28 29 1
28 30 1
25 31 7
27 33 3
28 4 7
28 7 7
31 8 1
31 9 1
31 10 1
31 11 1
31 12 1
31 13 1
31 14 1
28 15 7
28 19 7
30 20 3
31 21 1
31 22 1
31 23 1
31 24 1
31 25 1
28 32 7
31 33 1
34 0 1
34 1 1
34 2 1
31 3 7
34 5 1
31 6 7
34 16 1
34 17 1
31 18 7
33 26 3
33 27 3
37 7 1
37 8 1
37 9 1
37 10 1
37 11 1
37 12 1
34 13 7
37 19 1
37 20 1
37 21 1
36 22 3
37 23 1
37 24 1
34 25 7
39 0 3
40 1 1
40 2 1
40 3 1
40 4 1
37 5 7
39 6 3
40 26 1
40 27 1
40 28 1
40 29 1
40 30 1
40 31 1
39 32 3
40 33 1
40 34 1
40 35 1
40 36 1
40 37 1
39 38 3
39 39 3
42 6 3
43 7 1
43 8 1
43 9 1
43 10 1
42 11 3
43 12 1
43 13 1
40 14 7
40 21 7
46 0 1
46 1 1
46 2 1
46 3 1
45 4 3
46 15 1
45 16 3
46 17 1
43 18 7
46 19 1
43 20 7
46 22 1
43 23 7
45 24 3
49 9 1
49 10 1
46 11 7
46 13 7
49 24 1
49 25 1
48 26 3
49 27 1
48 28 3
49 29 1
46 30 7
49 33 1
49 34 1
49 0 7
52 2 1
52 6 1
52 7 1
49 8 7
49 12 7
52 14 1
52 15 1
52 16 1
49 17 7
49 19 7
51 31 3
49 32 7
52 1 7
55 2 1
52 3 7
55 4 1
52 5 7
52 9 7
54 10 3
55 13 1
52 18 7
55 20 1
55 21 1
55 22 1
52 23 7
54 24 3
55 25 1
52 26 7
54 27 3
55 33 1
55 34 1
55 35 1
52 36 7
55 37 1
52 38 7
57 6 3
58 10 1
58 11 1
58 12 1
58 13 1
57 14 3
58 15 1
58 24 1
58 25 1
58 27 1
58 28 1
58 29 1
57 30 3
57 37 3
57 39 3
