322
1 0 1
1 1 1
0 2 3
1 6 1
1 7 1
1 8 1
1 9 1
1 10 1
1 11 1
0 12 3
1 18 1
0 19 3
1 26 1
1 27 1
1 28 1
1 29 1
1 30 1
1 31 1
1 32 1
0 33 3
1 34 1
1 35 1
0 36 3
1 5 7
3 6 3
4 15 1
4 16 1
1 17 7
4 18 1
4 19 1
3 20 3
3 21 3
4 22 1
1 23 7
4 24 1
1 25 7
7 0 1
6 1 3
7 2 1
7 3 1
4 4 7
7 6 1
7 7 1
4 8 7
7 9 1
7 10 1
7 11 1
7 12 1
7 13 1
4 14 7
10 15 1
7 16 7
9 21 3
9 22 3
10 23 1
10 24 1
10 25 1
10 26 1
9 27 3
7 28 7
10 36 1
7 37 7
10 39 1
13 0 1
13 1 1
13 2 1
13 3 1
13 4 1
13 5 1
12 6 3
13 7 1
13 8 1
10 9 7
12 10 3
13 11 1
10 12 7
12 13 3
12 14 3
10 17 7
10 20 7
13 29 1
13 30 1
10 31 7
13 32 1
13 33 1
13 34 1
10 35 7
10 38 7
16 10 1
15 13 3
16 14 1
13 15 7
15 18 3
13 19 7
16 21 1
16 22 1
16 23 1
16 24 1
16 25 1
19 0 1
19 1 1
16 2 7
18 16 3
22 3 1
21 4 3
22 19 1
22 20 1
21 21 3
22 22 1
22 23 1
22 24 1
22 25 1
22 26 1
21 27 3
22 28 1
22 29 1
22 30 1
22 31 1
22 32 1
21 33 3
22 34 1
19 35 7
22 36 1
22 37 1
22 38 1
25 8 1
25 9 1
25 10 1
25 11 1
25 12 1
24 13 3
25 14 1
25 15 1
25 16 1
24 17 3
22 18 7
24 36 3
28 0 1
28 1 1
28 2 1
28 3 1
28 4 1
28 5 1
28 6 1
25 7 7
28 19 1
28 20 1
25 21 7
27 22 3
28 24 1
28 25 1
28 26 1
25 27 7
28 28 1
28 29 1
28 30 1
25 31 7
28 37 1
31 9 1
31 10 1
31 11 1
31 12 1
31 13 1
31 14 1
31 15 1
31 22 1
28 23 7
28 32 7
31 33 1
31 34 1
31 35 1
28 36 7
30 37 3
31 4 7
34 5 1
33 6 3
31 8 7
34 24 1
34 25 1
31 26 7
34 27 1
34 28 1
33 29 3
34 0 7
37 1 1
36 2 3
34 3 7
36 5 3
34 7 7
37 9 1
37 10 1
37 11 1
37 12 1
37 13 1
37 14 1
37 15 1
37 16 1
37 17 1
37 18 1
37 19 1
37 20 1
34 21 7
37 6 7
37 22 7
40 23 1
40 24 1
40 25 1
40 26 1
40 27 1
40 28 1
37 29 7
40 30 1
37 31 7
40 32 1
40 33 1
40 34 1
40 35 1
40 36 1
40 37 1
39 38 3
40 5 7
43 10 1
43 11 1
43 12 1
43 13 1
40 14 7
42 15 3
43 16 1
43 30 1
46 0 1
46 1 1
46 2 1
45 3 3
43 4 7
43 9 7
45 10 3
46 19 1
43 20 7
43 23 7
45 24 3
46 26 1
46 27 1
45 28 3
49 5 1
48 6 3
49 7 1
46 8 7
49 10 1
46 11 7
49 12 1
49 13 1
48 14 3
49 15 1
49 16 1
49 17 1
46 18 7
49 19 1
49 21 1
46 22 7
49 24 1
46 25 7
49 29 1
46 30 7
49 32 1
49 33 1
49 34 1
49 35 1
46 36 7
49 0 7
52 1 1
51 2 3
49 3 7
51 4 3
51 26 3
51 27 3
49 28 7
51 29 3
49 31 7
52 37 1
55 4 1
55 5 1
55 6 1
55 7 1
55 8 1
52 9 7
55 10 1
54 11 3
55 12 1
55 13 1
52 14 7
55 15 1
52 16 7
55 17 1
55 18 1
55 19 1
55 20 1
55 21 1
55 22 1
52 23 7
54 29 3
57 0 3
57 1 3
58 2 1
57 3 3
58 4 1
58 10 1
58 11 1
57 12 3
57 15 3
58 24 1
58 25 1
58 26 1
58 27 1
58 28 1
58 29 1
58 30 1
58 31 1
58 32 1
58 33 1
58 34 1
58 35 1
57 36 3
