310
1 6 1
1 7 1
0 8 3
0 10 3
1 12 1
0 13 3
1 26 1
1 27 1
1 28 1
1 29 1
1 30 1
1 31 1
0 32 3
0 33 3
1 34 1
0 35 3
4 0 1
4 1 1
1 2 7
1 5 7
1 9 7
4 10 1
1 11 7
3 12 3
3 13 3
1 14 7
4 16 1
4 17 1
4 18 1
4 19 1
3 20 3
4 21 1
4 22 1
4 23 1
4 24 1
1 25 7
3 26 3
7 3 1
4 4 7
7 6 1
7 7 1
4 8 7
6 13 3
4 15 7
7 29 1
4 30 7
7 31 1
7 32 1
4 33 7
7 35 1
7 36 1
7 37 1
10 9 1
7 10 7
9 11 3
7 12 7
9 13 3
10 17 1
7 18 7
10 19 1
10 20 1
10 21 1
10 22 1
10 23 1
10 24 1
10 25 1
10 26 1
10 27 1
7 28 7
7 34 7
13 0 1
13 1 1
13 2 1
13 3 1
13 4 1
13 5 1
13 6 1
10 7 7
10 16 7
10 29 7
13 31 1
10 35 7
16 8 1
16 9 1
16 10 1
16 11 1
16 12 1
16 13 1
16 14 1
13 15 7
16 20 1
16 21 1
16 22 1
16 23 1
16 24 1
16 25 1
16 26 1
16 27 1
13 30 7
15 36 3
19 16 1
19 17 1
19 18 1
16 19 7
16 31 7
19 32 1
19 33 1
21 2 3
19 3 7
21 4 3
22 21 1
19 22 7
21 23 3
19 24 7
22 25 1
22 26 1
22 27 1
22 28 1
21 29 3
25 0 1
22 1 7
25 6 1
25 7 1
25 8 1
25 9 1
25 10 1
25 11 1
25 12 1
25 13 1
22 14 7
25 15 1
25 16 1
25 17 1
24 18 3
25 19 1
22 20 7
24 21 3
25 2 7
25 5 7
28 24 1
28 25 1
28 26 1
28 27 1
27 28 3
28 29 1
27 30 3
25 31 7
28 33 1
28 34 1
25 35 7
27 36 3
28 37 1
28 38 1
28 39 1
28 0 7
30 3 3
28 4 7
28 6 7
31 7 1
31 8 1
31 9 1
31 10 1
31 11 1
31 12 1
31 13 1
31 14 1
28 15 7
31 19 1
31 20 1
31 21 1
31 22 1
28 23 7
28 32 7
30 36 3
34 1 1
34 2 1
33 3 3
34 16 1
34 17 1
31 18 7
34 19 1
34 26 1
33 27 3
33 28 3
33 29 3
34 36 1
34 21 7
37 22 1
37 23 1
37 24 1
34 25 7
37 30 1
37 31 1
37 32 1
34 33 7
37 34 1
34 35 7
36 36 3
37 37 1
37 38 1
36 39 3
40 0 1
40 1 1
40 2 1
37 3 7
40 4 1
37 5 7
40 6 1
37 7 7
37 15 7
37 17 7
37 20 7
39 22 3
40 26 1
40 27 1
40 28 1
37 29 7
39 34 3
43 8 1
43 9 1
43 10 1
43 11 1
43 12 1
43 13 1
40 14 7
40 16 7
43 18 1
40 19 7
46 0 1
45 1 3
43 2 7
46 3 1
43 4 7
45 5 3
43 26 7
43 34 7
45 35 3
46 36 1
48 5 3
49 6 1
49 7 1
49 8 1
49 9 1
48 10 3
46 11 7
49 13 1
48 14 3
49 15 1
49 16 1
49 17 1
49 18 1
49 19 1
46 20 7
49 21 1
48 22 3
49 23 1
49 24 1
46 25 7
49 27 1
49 28 1
49 29 1
48 30 3
49 31 1
49 32 1
46 33 7
49 0 7
52 2 1
49 12 7
51 13 3
52 36 1
52 37 1
52 1 7
55 2 1
55 3 1
55 4 1
55 5 1
55 6 1
55 7 1
55 8 1
55 9 1
55 10 1
54 11 3
55 13 1
52 14 7
55 15 1
55 16 1
55 17 1
55 18 1
52 19 7
55 20 1
52 21 7
54 22 3
52 23 7
55 24 1
55 25 1
55 26 1
55 27 1
55 28 1
55 29 1
55 30 1
55 31 1
55 32 1
55 33 1
54 34 3
52 35 7
58 15 1
57 20 3
58 36 1
58 37 1
57 38 3
