304
1 14 1
0 15 3
1 16 1
0 17 3
1 21 1
0 22 3
0 23 3
4 0 1
4 1 1
4 2 1
1 3 7
4 4 1
4 5 1
4 6 1
3 7 3
4 8 1
4 9 1
4 10 1
4 11 1
4 12 1
1 13 7
4 14 1
4 15 1
4 16 1
4 17 1
1 18 7
4 19 1
1 20 7
4 21 1
4 22 1
4 23 1
4 24 1
1 25 7
4 26 1
4 27 1
4 28 1
4 29 1
4 30 1
4 31 1
3 32 3
1 33 7
4 34 1
4 35 1
4 36 1
4 37 1
4 38 1
3 39 3
9 0 3
10 1 1
10 2 1
10 8 1
10 9 1
10 10 1
10 11 1
7 12 7
9 14 3
10 15 1
10 16 1
10 22 1
7 23 7
10 25 1
7 26 7
10 27 1
7 28 7
10 30 1
10 31 1
7 32 7
10 33 1
9 34 3
10 36 1
7 37 7
10 7 7
10 13 7
12 14 3
13 18 1
13 19 1
13 20 1
10 21 7
10 24 7
10 29 7
13 30 1
12 31 3
13 33 1
12 34 3
10 35 7
12 38 3
16 0 1
16 1 1
16 2 1
16 3 1
13 4 7
16 5 1
13 6 7
16 14 1
16 15 1
16 16 1
13 17 7
13 36 7
19 23 1
18 24 3
19 25 1
19 26 1
19 27 1
18 28 3
16 37 7
19 38 1
22 0 1
22 1 1
22 2 1
19 3 7
21 4 3
22 13 1
21 21 3
19 22 7
21 23 3
22 24 1
21 25 3
25 4 1
25 5 1
25 6 1
25 7 1
25 8 1
25 9 1
25 10 1
25 11 1
22 12 7
22 17 7
24 18 3
25 19 1
22 20 7
25 23 1
24 24 3
25 25 1
22 26 7
25 28 1
22 29 7
25 2 7
28 3 1
27 4 3
25 16 7
25 27 7
28 30 1
28 31 1
28 32 1
28 33 1
28 34 1
28 35 1
28 36 1
28 37 1
28 38 1
28 39 1
31 0 1
28 1 7
30 3 3
31 4 1
31 5 1
31 6 1
28 7 7
28 10 7
31 12 1
28 13 7
30 14 3
28 15 7
30 19 3
33 0 3
34 8 1
31 9 7
31 11 7
34 16 1
34 17 1
31 18 7
34 19 1
31 20 7
33 21 3
34 28 1
34 29 1
33 30 3
37 12 1
37 13 1
37 14 1
36 15 3
37 21 1
34 22 7
37 24 1
34 25 7
34 27 7
36 28 3
37 30 1
37 31 1
37 32 1
34 33 7
37 0 7
39 2 3
37 17 7
37 23 7
37 26 7
40 28 1
37 29 7
40 1 7
43 2 1
43 3 1
43 4 1
40 5 7
43 8 1
43 11 1
43 12 1
43 13 1
42 14 3
43 15 1
40 16 7
42 18 3
42 32 3
43 33 1
43 34 1
42 35 3
45 6 3
43 7 7
45 8 3
43 10 7
46 17 1
46 18 1
46 19 1
43 20 7
46 26 1
43 27 7
46 28 1
46 29 1
46 30 1
43 31 7
48 8 3
46 9 7
46 21 7
48 22 3
49 23 1
49 24 1
46 25 7
49 32 1
49 33 1
49 34 1
49 35 1
46 36 7
49 37 1
46 38 7
48 39 3
52 0 1
52 1 1
49 2 7
51 3 3
52 26 1
52 27 1
49 28 7
52 31 1
52 37 1
55 3 1
55 4 1
55 5 1
52 6 7
55 7 1
54 8 3
55 9 1
52 10 7
55 11 1
52 12 7
55 13 1
55 14 1
55 15 1
55 16 1
55 17 1
55 18 1
52 19 7
55 20 1
55 21 1
55 22 1
52 23 7
55 29 1
52 30 7
55 31 1
55 32 1
55 33 1
55 34 1
52 35 7
54 36 3
58 0 1
58 1 1
58 2 1
58 3 1
57 4 3
57 5 3
58 7 1
57 8 3
57 9 3
57 11 3
57 13 3
58 20 1
57 21 3
57 22 3
58 24 1
58 25 1
58 26 1
58 27 1
58 28 1
58 36 1
58 37 1
57 38 3
