301
1 12 1
1 13 1
1 14 1
1 15 1
1 16 1
1 17 1
0 18 3
1 19 1
1 20 1
0 21 3
1 22 1
1 23 1
1 24 1
1 25 1
0 26 3
1 27 1
1 28 1
1 29 1
0 30 3
1 35 1
1 36 1
1 37 1
0 38 3
4 0 1
4 1 1
4 2 1
1 3 7
4 4 1
4 5 1
4 6 1
4 7 1
4 8 1
3 9 3
4 10 1
1 11 7
4 31 1
1 32 7
1 34 7
7 17 1
7 18 1
7 19 1
7 20 1
7 21 1
7 22 1
7 23 1
7 24 1
7 25 1
6 26 3
7 27 1
7 28 1
7 29 1
4 30 7
4 33 7
6 38 3
10 0 1
10 1 1
10 2 1
10 3 1
10 4 1
7 5 7
9 6 3
10 8 1
10 9 1
7 10 7
10 11 1
7 12 7
10 13 1
10 14 1
10 15 1
7 16 7
9 17 3
10 34 1
10 35 1
10 36 1
7 37 7
9 38 3
13 6 1
10 7 7
13 18 1
12 19 3
12 20 3
10 21 7
10 24 7
13 28 1
10 29 7
10 31 7
16 8 1
16 9 1
16 10 1
16 11 1
16 12 1
16 13 1
16 14 1
16 15 1
16 16 1
13 17 7
15 18 3
16 20 1
16 22 1
13 23 7
16 25 1
16 26 1
13 27 7
13 30 7
15 32 3
16 33 1
16 34 1
15 35 3
19 18 1
16 19 7
18 20 3
16 28 7
21 0 3
22 1 1
22 2 1
19 3 7
22 20 1
22 21 1
19 22 7
22 23 1
21 24 3
22 29 1
22 30 1
22 31 1
21 32 3
21 33 3
22 34 1
19 35 7
24 9 3
25 10 1
25 11 1
22 12 7
24 14 3
25 15 1
25 16 1
25 17 1
22 18 7
24 36 3
28 0 1
28 1 1
28 2 1
28 3 1
28 4 1
28 5 1
27 6 3
28 7 1
25 8 7
25 13 7
25 19 7
28 20 1
25 21 7
25 23 7
31 14 1
28 15 7
28 22 7
31 24 1
31 25 1
31 26 1
31 27 1
31 28 1
31 29 1
31 30 1
31 31 1
31 32 1
31 33 1
31 34 1
31 35 1
31 36 1
31 37 1
31 38 1
30 39 3
34 8 1
31 9 7
34 16 1
34 17 1
34 18 1
34 19 1
31 20 7
34 0 7
37 1 1
37 2 1
34 3 7
37 6 1
34 7 7
37 10 1
37 11 1
37 12 1
37 13 1
37 14 1
36 15 3
37 21 1
37 22 1
37 23 1
37 24 1
34 25 7
36 27 3
37 28 1
36 29 3
39 4 3
37 5 7
39 17 3
37 26 7
40 37 1
39 38 3
40 6 7
43 7 1
43 13 1
40 14 7
43 15 1
40 16 7
43 27 1
43 28 1
43 29 1
42 30 3
43 31 1
43 32 1
43 33 1
43 34 1
43 35 1
40 36 7
43 0 7
43 2 7
43 4 7
43 12 7
45 13 3
46 17 1
46 18 1
46 19 1
43 20 7
46 21 1
45 22 3
46 1 7
46 3 7
46 5 7
49 8 1
49 9 1
49 10 1
46 11 7
49 13 1
48 14 3
49 24 1
46 25 7
46 29 7
49 30 1
49 31 1
49 32 1
49 33 1
49 34 1
48 35 3
51 2 3
52 6 1
49 7 7
51 20 3
52 22 1
49 23 7
52 26 1
52 27 1
49 28 7
52 0 7
54 8 3
52 9 7
55 10 1
55 11 1
52 12 7
55 13 1
55 14 1
54 15 3
52 16 7
55 17 1
55 18 1
52 19 7
55 20 1
52 21 7
54 24 3
55 29 1
52 30 7
55 31 1
55 32 1
52 33 7
55 34 1
55 35 1
55 36 1
55 37 1
55 38 1
55 39 1
58 1 1
58 2 1
57 3 3
58 4 1
57 5 3
57 6 3
58 10 1
58 11 1
58 13 1
57 14 3
57 17 3
58 22 1
57 23 3
58 31 1
57 32 3
57 34 3
