294
1 15 1
1 16 1
0 17 3
1 26 1
1 27 1
1 28 1
1 29 1
1 30 1
1 31 1
1 32 1
4 0 1
4 1 1
1 2 7
3 3 3
1 5 7
4 9 1
4 10 1
1 11 7
1 14 7
4 15 1
4 16 1
4 17 1
1 18 7
4 19 1
1 20 7
4 21 1
4 22 1
4 23 1
3 24 3
1 25 7
7 3 1
4 4 7
6 6 3
7 7 1
4 8 7
6 9 3
7 12 1
4 13 7
6 26 3
6 27 3
4 28 7
7 29 1
7 30 1
7 31 1
7 32 1
4 33 7
10 9 1
7 10 7
10 14 1
10 15 1
10 16 1
10 17 1
9 18 3
9 22 3
10 34 1
10 35 1
10 36 1
10 37 1
10 38 1
9 39 3
13 0 1
13 1 1
13 2 1
13 3 1
13 4 1
13 5 1
12 6 3
13 7 1
13 11 1
10 12 7
12 14 3
13 18 1
13 19 1
13 20 1
10 21 7
10 24 7
13 13 7
16 14 1
16 15 1
16 16 1
13 17 7
15 18 3
16 22 1
13 23 7
16 25 1
16 26 1
16 27 1
16 28 1
16 29 1
16 30 1
16 31 1
16 32 1
16 33 1
16 34 1
19 0 1
18 1 3
16 2 7
18 3 3
16 4 7
19 18 1
18 19 3
22 3 1
19 5 7
22 6 1
21 7 3
22 15 1
22 21 1
19 22 7
22 27 1
22 28 1
22 29 1
22 30 1
22 31 1
22 32 1
22 33 1
21 34 3
22 9 7
24 10 3
24 11 3
22 12 7
22 14 7
25 15 1
25 16 1
25 17 1
22 18 7
22 20 7
25 23 1
25 24 1
25 25 1
22 26 7
24 27 3
28 2 1
27 3 3
28 4 1
28 5 1
28 6 1
27 7 3
25 8 7
28 11 1
25 13 7
25 19 7
28 30 1
27 31 3
31 0 1
28 1 7
28 10 7
31 14 1
28 15 7
30 20 3
31 21 1
30 22 3
31 23 1
31 24 1
31 25 1
31 26 1
28 27 7
30 28 3
28 29 7
34 2 1
34 3 1
34 4 1
34 5 1
31 6 7
34 7 1
34 8 1
31 9 7
34 16 1
34 17 1
31 18 7
33 19 3
34 30 1
31 31 7
34 32 1
31 33 7
33 36 3
34 0 7
37 10 1
36 11 3
37 12 1
34 13 7
37 14 1
36 15 3
37 19 1
37 20 1
34 21 7
37 22 1
37 23 1
37 24 1
34 25 7
37 34 1
34 35 7
36 36 3
40 1 1
40 2 1
40 3 1
39 4 3
37 5 7
39 17 3
37 26 7
40 27 1
40 28 1
40 29 1
40 30 1
39 31 3
40 36 1
40 37 1
37 38 7
39 39 3
43 10 1
43 11 1
42 12 3
43 13 1
43 14 1
43 15 1
40 16 7
42 27 3
43 32 1
46 0 1
46 1 1
43 2 7
43 9 7
46 18 1
46 19 1
43 20 7
46 21 1
43 22 7
43 31 7
49 3 1
46 4 7
49 5 1
48 6 3
48 7 3
46 8 7
46 11 7
49 15 1
49 16 1
46 17 7
49 23 1
49 24 1
46 25 7
49 26 1
49 27 1
49 28 1
49 29 1
46 30 7
51 5 3
52 9 1
49 10 7
52 12 1
52 13 1
49 14 7
52 15 1
52 0 7
55 1 1
55 2 1
55 3 1
55 4 1
55 5 1
52 6 7
55 7 1
55 8 1
55 15 1
52 16 7
55 17 1
52 18 7
55 19 1
55 20 1
52 21 7
55 22 1
52 23 7
55 24 1
55 25 1
55 26 1
55 27 1
52 28 7
55 29 1
54 30 3
54 31 3
58 1 1
58 2 1
58 3 1
57 4 3
58 7 1
58 8 1
57 9 3
58 17 1
57 22 3
58 29 1
58 30 1
58 31 1
57 32 3
58 33 1
58 34 1
58 35 1
