337
0 10 3
1 12 1
0 26 3
1 30 1
1 31 1
1 32 1
1 33 1
1 34 1
1 35 1
1 36 1
1 37 1
1 38 1
4 0 1
4 1 1
4 2 1
4 3 1
3 4 3
4 5 1
4 6 1
4 7 1
4 8 1
1 9 7
4 10 1
1 11 7
4 12 1
3 13 3
3 14 3
4 15 1
4 16 1
1 17 7
4 18 1
4 19 1
4 20 1
4 21 1
4 22 1
4 23 1
4 24 1
1 25 7
4 27 1
4 28 1
1 29 7
6 3 3
6 19 3
4 26 7
4 30 7
7 33 1
7 34 1
6 35 3
4 36 7
6 37 3
10 0 1
10 1 1
7 2 7
10 3 1
10 4 1
10 5 1
10 6 1
9 8 3
10 9 1
7 10 7
10 11 1
10 12 1
10 13 1
10 14 1
10 15 1
10 16 1
10 17 1
7 18 7
10 19 1
10 20 1
10 21 1
10 22 1
10 23 1
9 24 3
10 27 1
7 28 7
9 31 3
7 32 7
13 3 1
13 4 1
13 5 1
13 6 1
10 7 7
13 29 1
13 33 1
13 34 1
10 35 7
10 37 7
13 38 1
12 39 3
16 8 1
16 9 1
16 10 1
16 11 1
16 12 1
16 13 1
15 14 3
16 15 1
16 16 1
16 17 1
16 18 1
13 19 7
16 20 1
16 21 1
16 22 1
16 23 1
16 24 1
16 25 1
15 26 3
13 27 7
15 30 3
16 31 1
13 36 7
19 0 1
19 1 1
16 2 7
19 4 1
19 5 1
18 6 3
18 7 3
19 28 1
16 29 7
19 3 7
19 9 7
21 10 3
21 11 3
22 19 1
22 20 1
22 21 1
22 22 1
22 23 1
22 24 1
21 25 3
19 30 7
22 31 1
22 32 1
22 33 1
22 34 1
19 35 7
19 38 7
25 4 1
25 5 1
25 6 1
25 7 1
22 8 7
25 10 1
25 11 1
25 12 1
25 13 1
25 14 1
25 15 1
24 16 3
25 17 1
22 18 7
24 19 3
25 36 1
22 37 7
27 0 3
28 1 1
25 2 7
27 3 3
27 24 3
28 30 1
25 31 7
25 33 7
28 38 1
25 39 7
31 3 1
31 4 1
31 5 1
31 6 1
31 7 1
28 15 7
31 17 1
31 18 1
31 19 1
31 20 1
31 21 1
31 22 1
28 23 7
31 24 1
31 25 1
31 26 1
31 27 1
30 28 3
28 29 7
28 32 7
30 34 3
31 35 1
31 36 1
31 14 7
31 16 7
33 17 3
34 30 1
34 31 1
33 34 3
37 0 1
36 1 3
37 2 1
34 3 7
36 4 3
37 10 1
37 11 1
37 12 1
34 13 7
37 17 1
37 18 1
37 19 1
37 20 1
34 21 7
37 22 1
37 23 1
37 24 1
34 25 7
37 30 1
37 31 1
36 32 3
34 33 7
37 34 1
37 35 1
37 36 1
37 37 1
37 38 1
36 39 3
40 4 1
37 5 7
40 6 1
40 7 1
40 8 1
37 9 7
40 11 1
40 12 1
37 26 7
40 27 1
40 28 1
37 29 7
39 30 3
40 10 7
43 11 1
43 12 1
43 13 1
40 14 7
42 15 3
43 16 1
43 17 1
43 18 1
40 19 7
43 21 1
42 22 3
43 27 1
42 28 3
43 32 1
43 33 1
40 34 7
43 36 1
42 37 3
46 1 1
43 2 7
43 20 7
43 31 7
43 35 7
46 0 7
48 1 3
49 3 1
49 4 1
49 5 1
49 6 1
49 7 1
49 8 1
49 9 1
49 10 1
49 11 1
49 12 1
49 13 1
49 14 1
48 15 3
49 16 1
49 21 1
49 22 1
49 23 1
49 24 1
49 25 1
49 26 1
49 27 1
49 28 1
49 29 1
46 30 7
49 32 1
55 0 1
55 1 1
55 2 1
55 3 1
54 4 3
55 5 1
55 6 1
55 7 1
54 8 3
55 9 1
55 10 1
55 11 1
54 12 3
55 13 1
52 14 7
55 15 1
55 16 1
55 17 1
55 18 1
52 19 7
55 20 1
54 21 3
55 22 1
52 23 7
55 24 1
55 25 1
55 26 1
55 27 1
55 28 1
55 29 1
55 30 1
55 31 1
55 32 1
52 33 7
54 34 3
55 35 1
55 36 1
55 37 1
55 38 1
54 39 3
57 0 3
57 15 3
58 24 1
58 25 1
58 26 1
57 27 3
57 28 3
58 34 1
57 35 3
