305
1 0 1
0 8 3
1 10 1
1 11 1
3 0 3
1 1 7
4 2 1
4 3 1
4 4 1
1 5 7
3 6 3
1 7 7
4 8 1
1 9 7
4 10 1
4 11 1
3 12 3
4 20 1
4 21 1
4 22 1
4 23 1
4 24 1
4 25 1
3 26 3
3 27 3
3 28 3
1 30 7
4 31 1
4 32 1
4 33 1
3 34 3
6 11 3
4 19 7
6 20 3
4 29 7
10 1 1
7 2 7
10 3 1
9 4 3
10 5 1
9 6 3
7 8 7
10 9 1
7 10 7
10 11 1
7 12 7
10 13 1
10 14 1
10 15 1
10 16 1
10 17 1
7 18 7
10 21 1
10 22 1
10 23 1
10 24 1
10 25 1
10 26 1
10 27 1
7 28 7
10 30 1
10 31 1
7 32 7
9 33 3
10 0 7
13 1 1
13 3 1
12 4 3
13 5 1
13 6 1
10 7 7
12 9 3
10 20 7
12 33 3
12 34 3
10 35 7
13 36 1
12 37 3
15 3 3
16 10 1
16 11 1
16 12 1
15 13 3
16 14 1
16 15 1
16 16 1
13 17 7
13 19 7
16 21 1
15 22 3
19 0 1
19 1 1
16 2 7
16 4 7
18 5 3
19 8 1
16 9 7
18 10 3
16 18 7
19 20 1
18 21 3
19 23 1
19 24 1
19 25 1
19 26 1
19 27 1
19 28 1
19 29 1
18 30 3
19 34 1
18 35 3
19 3 7
22 5 1
22 6 1
19 7 7
22 15 1
19 16 7
21 17 3
22 21 1
19 22 7
21 23 3
22 31 1
22 32 1
19 33 7
21 37 3
19 38 7
25 4 1
24 5 3
22 8 7
25 9 1
25 10 1
25 11 1
25 12 1
25 13 1
22 14 7
25 17 1
25 18 1
25 19 1
22 20 7
22 26 7
25 28 1
25 29 1
22 30 7
25 34 1
25 35 1
22 36 7
27 0 3
28 1 1
25 2 7
28 3 1
27 4 3
25 21 7
28 24 1
25 25 7
25 27 7
27 28 3
31 3 1
31 4 1
31 5 1
31 6 1
30 7 3
31 8 1
31 9 1
31 10 1
31 11 1
31 12 1
31 13 1
31 14 1
28 15 7
31 22 1
28 23 7
31 28 1
28 29 7
31 33 1
30 34 3
34 0 1
34 1 1
33 2 3
33 16 3
33 22 3
34 30 1
34 31 1
31 32 7
37 6 1
34 7 7
37 8 1
37 9 1
37 10 1
37 11 1
36 12 3
37 18 1
34 19 7
37 20 1
34 21 7
36 22 3
37 23 1
37 24 1
37 25 1
37 26 1
37 33 1
37 34 1
37 35 1
37 36 1
37 37 1
36 38 3
37 39 1
37 0 7
40 1 1
40 2 1
40 3 1
40 4 1
37 5 7
37 17 7
40 18 1
40 20 1
40 22 1
40 10 7
43 11 1
43 12 1
43 13 1
43 14 1
43 15 1
40 16 7
43 24 1
43 25 1
43 26 1
43 27 1
43 28 1
43 29 1
43 30 1
43 31 1
43 32 1
43 33 1
43 34 1
43 35 1
43 36 1
46 0 1
46 1 1
46 2 1
43 9 7
43 21 7
43 23 7
46 8 7
48 10 3
46 11 7
49 15 1
49 16 1
49 17 1
48 18 3
49 19 1
46 20 7
46 22 7
52 6 1
49 7 7
52 12 1
52 13 1
49 14 7
51 24 3
52 25 1
52 26 1
52 27 1
49 28 7
49 31 7
52 32 1
52 33 1
52 34 1
49 35 7
52 36 1
51 37 3
55 0 1
55 1 1
55 2 1
55 3 1
55 4 1
52 5 7
54 15 3
55 16 1
55 17 1
55 18 1
52 19 7
55 20 1
55 21 1
55 22 1
52 23 7
55 29 1
52 30 7
54 32 3
57 0 3
58 6 1
58 7 1
58 8 1
58 9 1
58 10 1
58 11 1
57 12 3
57 20 3
58 31 1
58 32 1
58 33 1
58 34 1
58 35 1
58 36 1
58 37 1
58 38 1
57 39 3
