289
1 3 1
0 4 3
1 8 1
0 9 3
0 11 3
1 26 1
1 27 1
1 28 1
0 29 3
3 0 3
4 1 1
1 2 7
4 3 1
3 4 3
1 5 7
4 6 1
1 7 7
4 8 1
4 9 1
1 10 7
4 11 1
4 12 1
4 13 1
4 14 1
4 15 1
4 16 1
1 17 7
4 19 1
1 20 7
4 21 1
4 22 1
4 23 1
4 24 1
1 25 7
3 26 3
4 31 1
1 32 7
4 34 1
4 35 1
4 36 1
1 37 7
4 18 7
6 19 3
7 29 1
4 30 7
4 33 7
7 38 1
10 0 1
10 1 1
10 2 1
9 3 3
10 4 1
10 5 1
10 6 1
9 7 3
9 8 3
10 9 1
10 10 1
10 11 1
10 12 1
10 13 1
10 14 1
10 15 1
10 16 1
10 25 1
10 26 1
10 27 1
7 28 7
7 31 7
13 18 1
13 19 1
13 20 1
10 21 7
10 24 7
13 29 1
13 32 1
13 33 1
13 34 1
13 35 1
13 36 1
13 37 1
12 38 3
13 0 7
15 3 3
16 10 1
13 11 7
16 12 1
16 13 1
16 14 1
16 15 1
16 16 1
13 17 7
16 18 1
16 22 1
13 23 7
16 25 1
16 26 1
13 27 7
15 28 3
19 1 1
16 2 7
18 4 3
19 5 1
16 6 7
19 8 1
16 9 7
19 18 1
18 19 3
18 28 3
16 29 7
18 30 3
19 3 7
19 7 7
22 10 1
22 11 1
19 12 7
21 13 3
22 21 1
19 22 7
24 6 3
24 9 3
25 13 1
25 14 1
25 15 1
24 16 3
25 17 1
22 18 7
22 20 7
25 23 1
25 24 1
25 25 1
22 26 7
22 28 7
25 29 1
28 0 1
28 1 1
28 2 1
28 3 1
28 4 1
25 5 7
28 6 1
28 7 1
25 8 7
27 9 3
25 19 7
25 27 7
27 29 3
28 30 1
25 31 7
28 33 1
25 34 7
28 35 1
27 36 3
30 9 3
31 10 1
31 11 1
28 12 7
31 13 1
31 14 1
28 15 7
31 20 1
31 21 1
31 22 1
28 23 7
31 28 1
28 32 7
30 33 3
33 13 3
34 16 1
33 17 3
34 24 1
33 25 3
37 10 1
37 11 1
37 12 1
37 13 1
37 18 1
37 19 1
37 20 1
34 21 7
40 0 1
40 1 1
40 2 1
40 3 1
40 4 1
39 5 3
40 6 1
40 7 1
40 8 1
37 9 7
37 17 7
40 22 1
39 23 3
39 24 3
40 25 1
37 26 7
40 27 1
40 28 1
39 29 3
40 30 1
37 31 7
40 32 1
39 35 3
40 10 7
43 11 1
43 12 1
43 13 1
43 14 1
43 15 1
40 16 7
43 32 1
43 33 1
40 34 7
42 35 3
46 1 1
43 2 7
45 17 3
46 18 1
46 19 1
46 20 1
46 21 1
46 22 1
43 23 7
45 24 3
46 37 1
46 38 1
46 0 7
49 3 1
49 4 1
49 5 1
46 6 7
49 7 1
49 8 1
49 9 1
49 10 1
46 11 7
49 24 1
46 25 7
49 26 1
46 27 7
49 29 1
46 30 7
49 33 1
49 34 1
49 35 1
46 36 7
51 2 3
49 12 7
52 13 1
52 14 1
52 15 1
52 16 1
49 17 7
51 26 3
49 28 7
52 31 1
49 32 7
51 37 3
49 38 7
55 0 1
52 1 7
55 2 1
55 3 1
55 4 1
54 5 3
55 6 1
52 7 7
55 18 1
54 19 3
55 20 1
52 21 7
55 22 1
52 23 7
55 29 1
54 33 3
58 8 1
58 9 1
58 10 1
58 11 1
57 12 3
58 13 1
58 14 1
57 15 3
57 16 3
57 22 3
58 24 1
57 25 3
57 26 3
57 27 3
