324
1 0 1
1 1 1
0 2 3
0 8 3
1 18 1
0 19 3
1 21 1
1 22 1
1 23 1
1 24 1
1 25 1
1 26 1
0 27 3
1 28 1
0 29 3
1 30 1
1 31 1
1 32 1
1 33 1
1 34 1
0 35 3
1 36 1
1 37 1
0 38 3
4 5 1
4 6 1
1 7 7
4 8 1
4 9 1
4 10 1
3 11 3
4 14 1
4 15 1
4 16 1
1 17 7
4 19 1
1 20 7
4 21 1
4 22 1
4 23 1
4 0 7
7 3 1
4 4 7
6 5 3
4 13 7
4 18 7
6 19 3
4 24 7
7 25 1
7 26 1
7 27 1
7 28 1
7 29 1
7 30 1
7 31 1
7 32 1
4 33 7
6 34 3
7 35 1
7 36 1
7 37 1
9 1 3
7 2 7
10 8 1
10 9 1
10 10 1
10 11 1
7 12 7
10 14 1
10 15 1
7 16 7
10 22 1
7 23 7
9 25 3
10 34 1
9 35 3
13 3 1
13 4 1
13 5 1
13 6 1
10 7 7
10 17 7
13 18 1
13 19 1
13 20 1
10 21 7
13 26 1
13 27 1
13 28 1
13 29 1
13 30 1
16 22 1
16 23 1
16 24 1
13 25 7
16 26 1
16 4 7
19 6 1
19 7 1
18 8 3
18 9 3
18 26 3
22 0 1
22 1 1
22 2 1
19 3 7
19 5 7
21 6 3
22 15 1
19 16 7
21 17 3
19 19 7
22 21 1
19 22 7
22 27 1
22 28 1
22 29 1
22 30 1
22 31 1
22 32 1
19 33 7
22 34 1
22 35 1
22 36 1
22 37 1
21 38 3
25 6 1
25 7 1
24 8 3
25 9 1
25 10 1
25 11 1
25 12 1
25 13 1
22 14 7
25 17 1
22 18 7
22 20 7
25 23 1
25 24 1
25 25 1
22 26 7
24 27 3
24 28 3
28 0 1
28 1 1
28 37 1
28 38 1
27 39 3
30 4 3
31 5 1
31 6 1
28 7 7
28 10 7
31 15 1
31 16 1
31 17 1
31 18 1
31 19 1
31 20 1
31 21 1
31 22 1
31 23 1
31 24 1
31 25 1
31 26 1
31 27 1
31 28 1
28 29 7
31 30 1
31 31 1
28 32 7
31 33 1
31 34 1
31 35 1
28 36 7
30 37 3
34 0 1
34 1 1
34 2 1
31 3 7
34 4 1
33 5 3
34 8 1
31 9 7
31 11 7
33 12 3
31 14 7
34 30 1
33 37 3
37 6 1
37 7 1
36 8 3
37 12 1
34 13 7
37 18 1
34 19 7
34 22 7
37 24 1
37 25 1
37 26 1
37 27 1
36 28 3
36 29 3
37 30 1
37 31 1
36 32 3
37 33 1
37 34 1
36 35 3
37 36 1
37 37 1
37 38 1
37 39 1
40 2 1
40 3 1
40 4 1
37 5 7
37 10 7
40 11 1
40 12 1
37 15 7
37 17 7
40 20 1
37 21 7
37 23 7
39 24 3
43 0 1
40 1 7
43 6 1
43 7 1
43 8 1
40 9 7
43 11 1
43 12 1
43 13 1
40 14 7
40 16 7
43 27 1
40 28 7
42 30 3
43 32 1
42 33 3
43 2 7
46 19 1
43 20 7
43 26 7
43 29 7
46 30 1
43 31 7
48 0 3
46 3 7
48 4 3
49 5 1
49 6 1
49 7 1
46 8 7
49 10 1
46 11 7
48 15 3
46 18 7
49 21 1
49 22 1
49 23 1
49 24 1
46 25 7
46 32 7
49 34 1
49 35 1
46 36 7
49 37 1
49 9 7
52 12 1
51 13 3
49 14 7
52 15 1
52 16 1
49 17 7
51 27 3
52 28 1
49 33 7
55 0 1
55 1 1
54 2 3
55 3 1
55 4 1
52 5 7
54 15 3
55 18 1
52 19 7
55 20 1
52 21 7
55 22 1
54 23 3
55 24 1
55 25 1
52 26 7
55 34 1
52 35 7
55 36 1
52 37 7
55 38 1
54 39 3
57 0 3
58 6 1
58 7 1
58 8 1
58 9 1
57 10 3
58 11 1
58 12 1
58 13 1
58 14 1
58 15 1
57 20 3
58 22 1
57 23 3
58 27 1
58 28 1
58 29 1
58 30 1
58 31 1
58 32 1
58 33 1
