296
1 1 1
1 2 1
1 3 1
1 4 1
1 5 1
1 6 1
0 18 3
0 21 3
0 22 3
0 28 3
1 29 1
1 30 1
1 31 1
1 0 7
4 5 1
3 6 3
1 7 7
1 9 7
4 10 1
4 11 1
4 12 1
1 13 7
3 14 3
4 15 1
4 16 1
1 17 7
3 19 3
1 20 7
4 21 1
4 22 1
4 23 1
4 24 1
4 25 1
4 26 1
1 27 7
4 28 1
4 31 1
4 32 1
4 33 1
4 34 1
4 35 1
7 3 1
4 4 7
6 5 3
7 6 1
4 8 7
4 18 7
7 29 1
4 30 7
10 0 1
10 1 1
7 2 7
10 9 1
10 10 1
10 11 1
10 12 1
10 13 1
10 14 1
10 15 1
7 16 7
10 22 1
10 23 1
10 24 1
9 25 3
10 26 1
10 27 1
7 28 7
7 31 7
10 32 1
10 33 1
10 34 1
10 35 1
10 36 1
10 37 1
10 38 1
9 39 3
13 3 1
12 4 3
13 17 1
13 18 1
13 19 1
13 20 1
10 21 7
16 0 1
16 1 1
13 5 7
16 6 1
15 7 3
16 8 1
13 9 7
16 11 1
16 12 1
16 13 1
15 14 3
16 15 1
15 16 3
16 22 1
16 23 1
16 24 1
13 25 7
16 26 1
13 27 7
15 29 3
13 32 7
16 33 1
16 34 1
16 4 7
16 10 7
19 20 1
18 21 3
16 28 7
19 29 1
19 30 1
16 31 7
22 1 1
22 2 1
19 3 7
22 5 1
21 6 3
22 13 1
22 14 1
22 15 1
22 16 1
22 17 1
22 18 1
19 19 7
21 21 3
22 22 1
22 32 1
22 33 1
22 34 1
19 35 7
22 0 7
25 9 1
25 10 1
25 11 1
22 12 7
22 20 7
24 21 3
25 25 1
22 26 7
22 36 7
25 37 1
25 38 1
24 39 3
28 1 1
28 2 1
28 3 1
27 4 3
28 5 1
28 6 1
28 7 1
25 8 7
27 13 3
25 14 7
25 24 7
25 27 7
28 28 1
28 29 1
28 30 1
25 31 7
31 0 1
31 15 1
31 16 1
31 17 1
31 18 1
31 19 1
31 20 1
31 21 1
31 22 1
28 23 7
28 32 7
34 0 1
31 1 7
34 3 1
33 4 3
34 5 1
34 6 1
34 7 1
33 8 3
34 33 1
34 34 1
34 35 1
34 36 1
34 37 1
34 38 1
33 39 3
34 2 7
34 11 7
37 12 1
37 13 1
37 14 1
37 15 1
37 18 1
34 19 7
37 20 1
34 21 7
36 22 3
40 0 1
39 1 3
40 3 1
40 4 1
40 5 1
39 6 3
39 7 3
40 8 1
40 9 1
37 10 7
37 17 7
40 20 1
43 11 1
43 12 1
43 13 1
43 14 1
43 15 1
40 16 7
40 18 7
43 21 1
40 22 7
43 29 1
43 30 1
43 31 1
43 32 1
43 33 1
43 34 1
43 35 1
43 36 1
43 37 1
43 38 1
46 0 1
45 1 3
43 2 7
43 9 7
45 10 3
45 19 3
43 20 7
43 23 7
46 24 1
46 26 1
46 27 1
43 28 7
49 3 1
49 4 1
49 5 1
49 6 1
49 7 1
46 8 7
49 10 1
46 11 7
49 13 1
48 14 3
49 24 1
46 25 7
49 29 1
49 30 1
46 33 7
49 34 1
49 12 7
52 15 1
52 16 1
49 17 7
49 22 7
51 23 3
49 32 7
55 0 1
55 1 1
55 2 1
55 3 1
55 4 1
55 5 1
55 6 1
52 7 7
55 8 1
54 9 3
55 13 1
52 14 7
55 18 1
55 19 1
55 20 1
52 21 7
55 23 1
54 24 3
55 25 1
52 26 7
55 27 1
54 28 3
55 29 1
55 30 1
52 31 7
55 33 1
52 34 7
55 35 1
54 36 3
58 22 1
57 23 3
57 35 3
