329
1 6 1
1 10 1
1 14 1
1 15 1
0 16 3
0 21 3
1 35 1
0 36 3
4 0 1
4 1 1
1 2 7
4 3 1
1 5 7
4 6 1
1 7 7
4 8 1
1 9 7
3 10 3
1 11 7
4 12 1
1 13 7
4 14 1
4 15 1
4 16 1
1 17 7
4 18 1
4 19 1
1 20 7
4 21 1
4 22 1
4 23 1
4 24 1
1 25 7
4 31 1
3 32 3
1 34 7
4 35 1
4 36 1
1 37 7
3 38 3
7 3 1
4 4 7
4 26 7
7 27 1
7 28 1
7 29 1
4 30 7
7 31 1
6 32 3
4 33 7
6 38 3
9 7 3
10 8 1
10 9 1
7 10 7
10 13 1
10 14 1
10 15 1
7 16 7
10 22 1
10 23 1
10 1 7
13 5 1
10 6 7
13 11 1
10 12 7
12 13 3
13 14 1
12 15 3
13 17 1
13 18 1
13 19 1
12 20 3
10 21 7
13 26 1
13 27 1
10 28 7
13 29 1
13 30 1
13 31 1
13 32 1
13 33 1
10 34 7
12 35 3
13 0 7
16 2 1
16 3 1
13 4 7
15 5 3
16 22 1
16 23 1
16 24 1
13 25 7
16 30 1
15 31 3
19 10 1
19 11 1
19 12 1
19 13 1
19 14 1
18 15 3
19 16 1
19 17 1
19 18 1
16 19 7
19 20 1
18 21 3
16 27 7
19 28 1
16 29 7
22 0 1
22 1 1
22 2 1
22 3 1
22 4 1
22 5 1
22 6 1
19 7 7
19 9 7
22 20 1
22 21 1
19 22 7
22 23 1
22 24 1
22 25 1
19 26 7
22 30 1
22 31 1
22 32 1
22 33 1
22 34 1
19 35 7
22 37 1
22 38 1
21 39 3
22 8 7
25 10 1
25 11 1
25 12 1
22 17 7
22 36 7
24 37 3
28 0 1
28 1 1
28 2 1
28 3 1
28 4 1
28 5 1
27 6 3
25 16 7
28 18 1
28 19 1
28 20 1
25 21 7
28 30 1
25 31 7
27 37 3
30 7 3
28 10 7
31 11 1
30 12 3
31 13 1
30 14 3
28 15 7
31 22 1
31 23 1
31 24 1
31 25 1
31 26 1
31 27 1
31 28 1
28 29 7
30 30 3
28 32 7
30 33 3
34 0 1
34 1 1
34 2 1
34 3 1
34 4 1
34 5 1
31 6 7
33 7 3
34 8 1
31 9 7
34 33 1
34 34 1
34 35 1
33 36 3
33 37 3
37 10 1
37 11 1
37 12 1
37 13 1
37 14 1
37 15 1
37 18 1
37 19 1
37 20 1
36 21 3
37 22 1
37 23 1
37 24 1
37 25 1
37 26 1
34 27 7
37 28 1
40 0 1
39 1 3
40 2 1
40 3 1
40 4 1
40 5 1
40 15 1
39 16 3
37 17 7
40 28 1
40 29 1
40 30 1
40 31 1
40 32 1
40 33 1
39 34 3
39 35 3
42 3 3
43 10 1
43 11 1
43 12 1
43 13 1
40 14 7
42 15 3
45 1 3
43 2 7
43 9 7
45 10 3
46 17 1
46 18 1
46 19 1
43 20 7
46 21 1
46 22 1
43 23 7
46 24 1
43 26 7
46 27 1
46 34 1
46 35 1
43 36 7
46 0 7
46 3 7
49 4 1
49 5 1
49 6 1
49 7 1
46 8 7
49 10 1
46 11 7
49 15 1
46 16 7
49 21 1
48 22 3
49 24 1
46 25 7
49 27 1
49 29 1
46 30 7
49 32 1
46 33 7
48 37 3
49 38 1
49 39 1
51 4 3
52 12 1
52 13 1
49 14 7
51 15 3
51 26 3
52 27 1
49 28 7
49 31 7
55 0 1
55 1 1
55 2 1
55 3 1
55 4 1
52 5 7
55 6 1
54 7 3
55 8 1
52 9 7
55 10 1
55 11 1
55 15 1
55 16 1
55 17 1
55 18 1
52 19 7
55 20 1
52 21 7
55 22 1
52 23 7
55 32 1
54 33 3
55 34 1
55 35 1
52 36 7
55 37 1
55 38 1
58 10 1
58 11 1
58 12 1
58 13 1
58 14 1
58 15 1
58 16 1
57 17 3
58 20 1
58 24 1
58 25 1
57 26 3
58 27 1
58 28 1
58 29 1
57 30 3
58 31 1
58 32 1
58 33 1
58 34 1
57 35 3
