290
0 0 3
1 4 1
1 6 1
1 7 1
0 8 3
1 10 1
1 11 1
1 12 1
1 13 1
1 14 1
1 15 1
4 0 1
3 1 3
4 2 1
1 3 7
4 4 1
1 5 7
1 9 7
4 15 1
1 16 7
4 18 1
4 19 1
4 20 1
4 21 1
1 22 7
3 23 3
4 24 1
1 25 7
3 26 3
1 31 7
7 6 1
7 7 1
4 8 7
7 10 1
7 11 1
7 12 1
7 13 1
4 14 7
4 17 7
7 26 1
7 27 1
4 28 7
7 29 1
4 30 7
7 32 1
6 33 3
6 34 3
7 35 1
7 36 1
7 37 1
6 38 3
10 0 1
10 1 1
10 2 1
10 3 1
9 4 3
9 9 3
7 15 7
7 18 7
9 22 3
9 23 3
12 0 3
10 5 7
13 7 1
12 16 3
13 19 1
13 20 1
10 21 7
13 22 1
16 1 1
16 2 1
16 3 1
13 4 7
13 6 7
16 22 1
13 23 7
16 25 1
16 26 1
13 27 7
15 28 3
16 0 7
19 8 1
19 9 1
19 10 1
19 11 1
19 12 1
19 13 1
19 14 1
19 15 1
19 16 1
16 24 7
18 34 3
18 38 3
22 1 1
22 2 1
22 3 1
22 4 1
22 5 1
22 6 1
19 7 7
22 21 1
19 22 7
22 25 1
22 26 1
22 27 1
22 28 1
22 29 1
22 30 1
22 31 1
21 32 3
19 33 7
22 35 1
22 36 1
19 37 7
22 8 7
25 9 1
25 10 1
25 11 1
25 12 1
25 13 1
25 14 1
25 15 1
24 16 3
25 17 1
25 18 1
25 19 1
22 20 7
25 23 1
24 24 3
22 34 7
28 0 1
27 1 3
25 2 7
31 5 1
31 6 1
28 7 7
28 10 7
31 11 1
31 12 1
31 13 1
31 14 1
31 15 1
31 16 1
31 17 1
31 18 1
31 19 1
31 20 1
31 21 1
31 22 1
28 23 7
31 24 1
31 25 1
31 26 1
31 27 1
30 28 3
31 29 1
31 30 1
31 31 1
28 32 7
31 34 1
31 35 1
31 36 1
31 37 1
31 38 1
34 0 1
31 1 7
33 2 3
31 4 7
31 9 7
31 33 7
37 2 1
34 3 7
37 6 1
36 7 3
34 8 7
37 10 1
37 11 1
37 12 1
37 13 1
37 14 1
37 15 1
37 16 1
37 17 1
37 18 1
37 19 1
36 20 3
37 21 1
37 22 1
37 23 1
36 24 3
34 25 7
37 34 1
37 35 1
37 36 1
34 37 7
37 38 1
37 39 1
40 0 1
39 4 3
37 5 7
39 6 3
40 7 1
40 26 1
40 27 1
40 28 1
40 29 1
43 13 1
40 14 7
40 16 7
46 0 1
46 1 1
43 2 7
43 4 7
46 7 1
46 8 1
43 9 7
43 12 7
45 13 3
43 15 7
45 17 3
45 26 3
45 27 3
43 28 7
46 29 1
46 30 1
43 31 7
45 32 3
46 33 1
46 34 1
46 35 1
46 36 1
46 3 7
49 5 1
46 6 7
49 10 1
46 11 7
49 23 1
49 24 1
46 25 7
48 30 3
51 8 3
52 9 1
52 12 1
52 13 1
52 14 1
52 15 1
52 16 1
49 17 7
51 18 3
49 22 7
52 26 1
52 27 1
52 28 1
49 29 7
51 30 3
52 31 1
52 32 1
49 33 7
51 38 3
55 0 1
55 1 1
52 2 7
55 3 1
55 4 1
55 5 1
54 6 3
52 7 7
55 18 1
55 19 1
55 20 1
52 21 7
52 23 7
55 24 1
54 25 3
55 34 1
55 35 1
55 36 1
52 37 7
58 8 1
58 9 1
58 10 1
57 11 3
57 12 3
58 24 1
58 25 1
58 26 1
58 27 1
57 28 3
58 29 1
57 30 3
