332
1 3 1
1 4 1
0 5 3
1 14 1
0 15 3
1 21 1
1 22 1
1 23 1
1 24 1
1 33 1
1 34 1
1 35 1
0 36 3
4 1 1
1 2 7
4 5 1
4 6 1
4 7 1
4 8 1
4 9 1
4 10 1
1 11 7
1 13 7
4 14 1
4 15 1
4 16 1
4 17 1
3 18 3
3 19 3
1 20 7
4 21 1
4 22 1
4 23 1
4 24 1
1 25 7
1 27 7
1 29 7
4 31 1
1 32 7
4 0 7
7 3 1
4 4 7
6 5 3
4 12 7
4 26 7
4 28 7
4 30 7
4 33 7
4 35 7
7 1 7
10 9 1
10 10 1
9 11 3
10 13 1
10 14 1
10 15 1
10 16 1
10 17 1
10 18 1
10 19 1
10 20 1
10 21 1
10 22 1
7 34 7
10 36 1
10 37 1
13 2 1
12 3 3
13 4 1
13 5 1
10 6 7
10 8 7
12 9 3
15 0 3
13 7 7
16 10 1
16 11 1
13 12 7
15 14 3
13 15 7
16 20 1
16 21 1
16 22 1
16 23 1
16 24 1
16 25 1
16 26 1
16 27 1
16 28 1
16 29 1
16 30 1
16 31 1
16 32 1
16 33 1
15 34 3
19 4 1
18 5 3
19 8 1
16 9 7
16 13 7
19 16 1
19 17 1
19 18 1
16 19 7
22 0 1
22 1 1
22 2 1
19 3 7
22 21 1
19 22 7
21 23 3
22 27 1
22 28 1
22 29 1
22 30 1
22 31 1
22 32 1
19 33 7
25 4 1
25 5 1
25 6 1
25 7 1
25 8 1
25 9 1
25 10 1
25 11 1
22 12 7
25 13 1
24 14 3
25 15 1
25 16 1
25 17 1
25 18 1
25 19 1
22 20 7
25 23 1
25 24 1
25 25 1
22 26 7
24 28 3
22 34 7
25 35 1
24 36 3
25 37 1
25 38 1
22 39 7
27 0 3
25 27 7
28 28 1
27 29 3
28 30 1
25 31 7
28 33 1
31 4 1
31 5 1
30 6 3
28 7 7
28 10 7
31 12 1
31 13 1
31 14 1
28 15 7
31 19 1
31 20 1
31 21 1
31 22 1
28 23 7
31 24 1
30 25 3
28 32 7
30 33 3
34 0 1
34 1 1
34 2 1
31 3 7
33 4 3
34 8 1
31 9 7
31 11 7
34 12 1
33 13 3
34 16 1
34 17 1
31 18 7
34 19 1
36 6 3
37 7 1
37 12 1
37 13 1
37 14 1
37 19 1
37 20 1
37 21 1
37 22 1
37 23 1
37 24 1
34 25 7
34 27 7
37 28 1
34 29 7
37 30 1
37 31 1
37 32 1
37 33 1
36 34 3
37 35 1
37 36 1
37 37 1
36 38 3
37 0 7
40 1 1
40 2 1
40 3 1
40 4 1
37 5 7
37 15 7
37 17 7
39 20 3
37 26 7
39 30 3
40 31 1
39 32 3
43 10 1
43 11 1
43 12 1
43 13 1
40 14 7
40 16 7
43 18 1
40 19 7
42 20 3
43 21 1
43 22 1
43 23 1
42 24 3
43 27 1
43 28 1
42 29 3
43 30 1
42 31 3
43 32 1
42 33 3
40 34 7
42 35 3
46 0 1
45 1 3
43 2 7
43 9 7
45 10 3
46 15 1
46 31 1
46 35 1
45 36 3
46 37 1
49 3 1
48 4 3
46 8 7
49 10 1
46 11 7
48 13 3
49 14 1
49 15 1
49 16 1
46 17 7
49 18 1
49 19 1
49 20 1
49 21 1
49 22 1
49 23 1
49 24 1
46 25 7
49 29 1
46 30 7
49 32 1
46 33 7
48 34 3
49 0 7
52 6 1
49 7 7
52 9 1
51 10 3
49 12 7
52 26 1
52 27 1
49 28 7
49 31 7
52 34 1
49 35 7
51 37 3
49 38 7
51 39 3
55 1 1
55 2 1
55 3 1
55 4 1
52 5 7
55 6 1
55 13 1
55 14 1
55 15 1
52 16 7
55 17 1
55 18 1
55 19 1
55 20 1
54 21 3
55 22 1
52 23 7
55 24 1
54 25 3
52 36 7
58 0 1
58 1 1
58 2 1
58 3 1
58 4 1
58 6 1
58 7 1
58 8 1
58 9 1
58 10 1
58 11 1
57 12 3
58 17 1
57 18 3
58 24 1
58 25 1
58 26 1
58 27 1
58 28 1
57 29 3
