300
1 16 1
0 17 3
1 21 1
1 22 1
0 23 3
1 35 1
4 0 1
1 1 7
4 2 1
4 3 1
4 4 1
4 5 1
4 6 1
4 7 1
3 8 3
4 9 1
4 10 1
4 11 1
4 12 1
4 13 1
3 14 3
1 15 7
4 16 1
4 17 1
1 18 7
4 19 1
1 20 7
4 21 1
4 22 1
4 23 1
3 24 3
4 25 1
4 26 1
4 27 1
4 28 1
4 29 1
4 30 1
4 31 1
4 32 1
3 33 3
1 34 7
7 19 1
10 1 1
10 2 1
10 3 1
10 4 1
7 5 7
9 6 3
9 8 3
10 9 1
10 10 1
9 11 3
10 12 1
9 13 3
10 14 1
10 15 1
7 16 7
10 25 1
10 26 1
10 27 1
10 28 1
10 29 1
10 30 1
10 31 1
10 32 1
7 33 7
10 34 1
10 35 1
10 36 1
10 37 1
10 38 1
9 39 3
10 0 7
12 1 3
13 6 1
10 7 7
12 17 3
13 18 1
10 19 7
13 20 1
10 21 7
10 24 7
16 10 1
15 11 3
16 12 1
16 13 1
15 14 3
16 22 1
13 23 7
16 25 1
16 26 1
16 27 1
16 28 1
16 29 1
16 30 1
16 31 1
13 32 7
16 33 1
16 34 1
16 35 1
16 36 1
16 37 1
15 38 3
19 4 1
19 5 1
19 6 1
19 7 1
19 8 1
16 9 7
18 10 3
18 33 3
22 0 1
22 1 1
22 2 1
19 3 7
22 15 1
19 16 7
22 18 1
19 19 7
22 21 1
19 22 7
22 27 1
19 28 7
22 29 1
19 30 7
25 4 1
24 5 3
25 6 1
24 7 3
25 8 1
24 9 3
25 10 1
24 11 3
25 12 1
25 13 1
22 14 7
22 17 7
22 20 7
25 23 1
25 24 1
25 25 1
22 26 7
25 32 1
22 33 7
25 34 1
25 35 1
22 36 7
24 37 3
27 27 3
27 28 3
28 29 1
27 30 3
25 31 7
31 0 1
31 1 1
31 2 1
31 3 1
31 4 1
31 5 1
31 6 1
28 7 7
30 10 3
30 15 3
31 16 1
31 17 1
28 23 7
34 0 1
34 8 1
31 9 7
33 10 3
33 11 3
31 14 7
31 22 7
31 24 7
36 1 3
34 2 7
37 6 1
37 7 1
36 8 3
34 13 7
37 18 1
37 19 1
37 20 1
34 21 7
37 0 7
40 3 1
40 4 1
37 5 7
37 12 7
37 17 7
39 18 3
40 22 1
37 23 7
40 24 1
40 25 1
40 26 1
40 27 1
40 28 1
40 29 1
40 30 1
40 31 1
40 32 1
40 33 1
40 34 1
39 35 3
40 36 1
40 37 1
40 38 1
43 6 1
43 7 1
43 8 1
42 9 3
40 11 7
43 13 1
40 14 7
40 16 7
46 0 1
46 1 1
43 2 7
43 10 7
43 15 7
46 17 1
46 18 1
46 19 1
43 20 7
46 26 1
46 27 1
46 28 1
46 29 1
46 30 1
43 31 7
45 33 3
46 34 1
46 35 1
46 36 1
45 37 3
48 3 3
49 4 1
48 5 3
46 9 7
46 12 7
49 21 1
49 22 1
49 23 1
49 24 1
46 25 7
46 32 7
49 0 7
51 2 3
52 6 1
52 7 1
49 8 7
52 10 1
49 11 7
52 13 1
49 14 7
51 15 3
52 26 1
52 27 1
49 28 7
49 33 7
52 35 1
52 36 1
52 37 1
52 1 7
55 2 1
52 3 7
54 4 3
52 5 7
55 6 1
54 7 3
55 15 1
55 16 1
55 17 1
55 18 1
55 19 1
54 20 3
54 21 3
55 22 1
52 23 7
52 34 7
57 4 3
58 6 1
58 7 1
57 8 3
58 9 1
58 10 1
57 11 3
57 12 3
58 13 1
58 14 1
58 24 1
58 25 1
57 26 3
58 27 1
58 28 1
58 29 1
57 30 3
58 35 1
57 36 3
