322
0 6 3
0 10 3
1 14 1
0 15 3
1 21 1
0 22 3
1 26 1
1 27 1
1 28 1
1 29 1
1 30 1
1 31 1
0 32 3
1 33 1
1 34 1
1 35 1
1 1 7
4 2 1
3 3 3
4 4 1
1 5 7
4 6 1
4 7 1
4 8 1
1 9 7
4 10 1
4 11 1
4 12 1
1 13 7
4 14 1
4 15 1
3 16 3
4 17 1
4 18 1
3 19 3
1 20 7
4 21 1
4 22 1
4 23 1
4 24 1
1 25 7
4 0 7
7 26 1
7 27 1
7 28 1
7 29 1
7 30 1
7 31 1
7 32 1
4 33 7
6 38 3
10 1 1
7 2 7
10 3 1
10 4 1
10 5 1
10 10 1
9 11 3
7 12 7
10 13 1
10 14 1
10 15 1
10 16 1
10 17 1
10 18 1
10 19 1
10 20 1
10 21 1
9 22 3
7 23 7
10 24 1
9 25 3
10 34 1
10 35 1
10 36 1
7 37 7
13 3 1
13 4 1
13 5 1
13 6 1
13 7 1
13 8 1
10 9 7
13 0 7
15 1 3
16 3 1
16 10 1
16 11 1
16 12 1
16 13 1
16 14 1
16 15 1
15 16 3
13 19 7
16 20 1
16 21 1
16 22 1
16 23 1
16 24 1
13 25 7
15 30 3
19 1 1
16 2 7
16 4 7
19 5 1
16 6 7
18 17 3
16 18 7
19 20 1
19 26 1
19 27 1
18 28 3
16 29 7
19 31 1
19 32 1
19 33 1
19 34 1
18 35 3
19 3 7
22 7 1
22 8 1
19 9 7
22 11 1
22 13 1
22 14 1
22 15 1
19 16 7
22 19 1
22 20 1
22 21 1
19 22 7
22 23 1
19 30 7
25 0 1
22 1 7
25 6 1
24 7 3
22 10 7
25 11 1
22 12 7
24 13 3
25 23 1
25 24 1
24 25 3
24 26 3
25 27 1
27 2 3
28 3 1
28 4 1
25 5 7
28 6 1
27 7 3
25 8 7
28 16 1
28 17 1
28 18 1
25 19 7
27 24 3
25 37 7
28 38 1
27 39 3
28 0 7
31 9 1
31 10 1
31 11 1
30 12 3
31 13 1
31 14 1
28 15 7
30 16 3
28 20 7
31 21 1
31 22 1
28 23 7
31 25 1
31 26 1
31 27 1
30 28 3
31 29 1
31 30 1
31 31 1
31 32 1
31 33 1
31 34 1
31 35 1
28 36 7
31 1 7
33 2 3
31 3 7
34 4 1
33 5 3
34 16 1
34 17 1
34 18 1
33 19 3
31 24 7
34 13 7
34 25 7
37 26 1
37 30 1
37 31 1
37 32 1
34 33 7
37 34 1
37 35 1
37 36 1
37 37 1
40 0 1
40 1 1
40 2 1
40 3 1
40 4 1
40 5 1
40 6 1
37 7 7
40 8 1
37 9 7
37 12 7
40 26 1
40 27 1
40 28 1
37 29 7
39 34 3
43 10 1
40 11 7
43 13 1
40 14 7
43 15 1
40 16 7
43 21 1
42 22 3
40 24 7
43 27 1
43 32 1
42 33 3
42 35 3
40 37 7
46 1 1
43 2 7
46 3 1
46 17 1
46 18 1
46 19 1
43 20 7
46 21 1
46 22 1
43 23 7
46 25 1
43 26 7
46 27 1
46 28 1
46 29 1
46 30 1
43 31 7
46 32 1
46 33 1
43 34 7
46 35 1
43 36 7
46 38 1
46 39 1
46 0 7
49 1 1
49 3 1
46 4 7
49 5 1
48 6 3
49 7 1
49 8 1
49 9 1
48 10 3
48 24 3
52 1 1
51 2 3
52 24 1
49 25 7
49 27 7
52 28 1
52 29 1
52 30 1
51 31 3
51 32 3
55 0 1
55 1 1
55 2 1
54 3 3
55 4 1
52 5 7
55 6 1
55 7 1
55 8 1
55 9 1
55 10 1
52 11 7
55 12 1
55 13 1
52 14 7
55 15 1
55 16 1
55 17 1
55 18 1
55 19 1
55 20 1
55 21 1
55 22 1
52 23 7
52 26 7
58 6 1
58 12 1
57 13 3
57 15 3
58 27 1
58 28 1
58 29 1
58 30 1
57 31 3
58 32 1
58 33 1
58 34 1
58 35 1
58 36 1
57 37 3
