293
0 3 3
1 26 1
0 27 3
1 28 1
1 29 1
1 30 1
0 31 3
1 32 1
1 33 1
1 34 1
1 35 1
1 36 1
1 37 1
1 38 1
0 39 3
4 0 1
4 1 1
1 2 7
4 3 1
4 4 1
4 5 1
4 6 1
1 7 7
4 8 1
3 9 3
4 10 1
4 11 1
4 12 1
4 13 1
4 14 1
4 15 1
4 16 1
4 17 1
4 18 1
4 19 1
1 20 7
4 22 1
4 23 1
4 24 1
1 25 7
4 27 1
4 21 7
4 26 7
7 27 1
4 33 7
6 35 3
7 37 1
7 38 1
6 39 3
7 1 7
10 8 1
10 9 1
7 10 7
7 12 7
10 13 1
10 14 1
10 15 1
10 16 1
10 17 1
7 18 7
9 22 3
7 23 7
10 27 1
7 28 7
7 32 7
7 34 7
9 35 3
7 36 7
10 0 7
13 2 1
13 3 1
13 4 1
13 5 1
13 6 1
10 7 7
10 11 7
10 19 7
13 29 1
13 30 1
10 31 7
16 12 1
16 13 1
16 14 1
16 15 1
16 16 1
13 17 7
16 20 1
16 21 1
16 22 1
15 23 3
16 24 1
13 25 7
16 26 1
15 27 3
15 32 3
16 4 7
19 6 1
19 7 1
19 8 1
19 9 1
19 10 1
18 11 3
18 18 3
16 30 7
22 0 1
22 1 1
22 2 1
19 3 7
19 5 7
19 13 7
22 14 1
21 15 3
19 16 7
22 21 1
19 22 7
22 27 1
22 28 1
19 29 7
25 9 1
25 10 1
25 11 1
22 12 7
24 17 3
25 18 1
25 19 1
22 20 7
22 23 7
25 24 1
25 25 1
22 26 7
24 32 3
22 33 7
25 34 1
25 35 1
24 36 3
25 37 1
25 38 1
24 39 3
27 0 3
27 1 3
28 2 1
28 3 1
25 4 7
28 5 1
28 6 1
28 7 1
25 8 7
28 13 1
25 14 7
27 16 3
28 27 1
28 28 1
28 29 1
28 30 1
25 31 7
28 15 7
31 32 1
30 33 3
31 34 1
31 35 1
30 36 3
31 37 1
31 38 1
31 39 1
34 0 1
33 1 3
34 2 1
34 3 1
33 4 3
34 5 1
34 6 1
33 7 3
33 8 3
34 28 1
34 29 1
33 30 3
37 10 1
37 11 1
37 12 1
37 13 1
37 14 1
37 15 1
36 16 3
36 17 3
37 18 1
37 19 1
37 20 1
37 21 1
37 22 1
37 23 1
37 24 1
34 25 7
34 27 7
40 2 1
40 3 1
40 4 1
37 5 7
37 9 7
39 11 3
37 26 7
37 28 7
40 30 1
40 31 1
40 32 1
37 33 7
40 35 1
40 36 1
39 37 3
43 0 1
40 1 7
43 6 1
43 7 1
40 8 7
40 10 7
42 11 3
43 12 1
43 13 1
43 14 1
43 15 1
40 16 7
40 29 7
40 34 7
43 2 7
46 3 1
43 4 7
46 17 1
46 18 1
46 19 1
45 20 3
46 21 1
46 22 1
43 23 7
45 24 3
46 31 1
46 32 1
45 33 3
43 35 7
46 36 1
45 37 3
49 5 1
49 6 1
46 7 7
49 9 1
49 10 1
46 11 7
49 24 1
49 25 1
49 26 1
49 27 1
49 28 1
49 29 1
46 30 7
52 0 1
52 1 1
52 2 1
51 3 3
49 8 7
49 17 7
51 18 3
55 9 1
55 10 1
55 11 1
55 12 1
55 13 1
55 14 1
55 15 1
52 16 7
55 18 1
55 19 1
55 20 1
55 21 1
55 22 1
52 23 7
55 24 1
55 25 1
54 26 3
55 27 1
55 28 1
55 29 1
55 30 1
55 31 1
55 32 1
55 33 1
55 34 1
54 35 3
54 36 3
52 37 7
54 38 3
58 0 1
58 1 1
58 2 1
57 3 3
57 24 3
