318
1 0 1
1 1 1
1 2 1
1 3 1
1 4 1
1 5 1
1 6 1
1 7 1
0 8 3
1 19 1
1 20 1
0 21 3
0 22 3
0 26 3
1 28 1
1 29 1
1 30 1
1 31 1
0 32 3
0 33 3
1 35 1
1 36 1
0 37 3
4 15 1
3 16 3
4 17 1
1 18 7
3 19 3
1 25 7
1 27 7
1 34 7
7 0 1
7 1 1
7 2 1
7 3 1
7 4 1
6 5 3
7 11 1
7 12 1
7 13 1
4 14 7
6 15 3
7 19 1
7 20 1
7 21 1
7 22 1
7 23 1
4 24 7
4 26 7
4 28 7
7 29 1
7 30 1
7 31 1
7 32 1
4 33 7
10 8 1
10 9 1
7 10 7
9 29 3
9 34 3
9 36 3
12 1 3
13 2 1
13 3 1
13 4 1
12 5 3
13 6 1
10 7 7
13 11 1
13 12 1
13 13 1
13 14 1
13 15 1
12 16 3
13 17 1
13 18 1
13 19 1
13 20 1
10 21 7
13 24 1
13 25 1
13 26 1
13 27 1
13 28 1
13 29 1
12 30 3
12 31 3
13 32 1
12 33 3
13 34 1
10 35 7
10 37 7
12 38 3
13 0 7
16 22 1
13 23 7
15 24 3
13 36 7
16 38 1
15 39 3
16 10 7
19 11 1
18 13 3
19 14 1
19 15 1
19 16 1
19 17 1
19 18 1
16 19 7
19 20 1
18 21 3
22 1 1
22 2 1
22 3 1
22 4 1
21 5 3
22 6 1
22 7 1
22 8 1
19 9 7
22 11 1
19 12 7
22 20 1
22 21 1
22 22 1
22 23 1
22 24 1
22 25 1
22 26 1
22 27 1
22 28 1
22 29 1
22 30 1
22 31 1
22 32 1
22 33 1
22 34 1
19 35 7
22 0 7
25 10 1
25 36 1
25 37 1
25 38 1
25 39 1
28 1 1
28 2 1
28 3 1
28 4 1
25 5 7
28 6 1
28 7 1
27 8 3
25 13 7
28 16 1
28 17 1
28 18 1
25 19 7
28 21 1
28 22 1
28 23 1
28 24 1
28 25 1
28 26 1
28 27 1
28 28 1
27 29 3
30 0 3
31 10 1
31 11 1
28 12 7
30 14 3
28 15 7
28 20 7
30 21 3
34 0 1
34 1 1
34 2 1
34 3 1
34 4 1
34 5 1
34 6 1
34 7 1
34 8 1
31 9 7
33 28 3
33 29 3
34 31 1
31 32 7
37 10 1
37 11 1
37 12 1
37 13 1
37 14 1
37 15 1
37 16 1
37 17 1
37 18 1
37 19 1
37 20 1
34 21 7
37 24 1
34 25 7
36 26 3
34 27 7
37 28 1
34 30 7
37 31 1
34 33 7
37 34 1
37 35 1
36 36 3
40 2 1
40 3 1
40 4 1
37 5 7
39 8 3
40 22 1
37 23 7
39 26 3
40 28 1
37 29 7
40 38 1
39 39 3
43 0 1
40 1 7
43 6 1
40 7 7
43 8 1
40 9 7
40 11 7
43 12 1
43 13 1
40 14 7
43 15 1
43 16 1
43 17 1
43 18 1
40 19 7
42 20 3
43 35 1
43 36 1
40 37 7
43 2 7
43 4 7
45 6 3
43 10 7
45 20 3
43 21 7
46 26 1
46 27 1
43 28 7
43 34 7
46 0 7
49 1 1
46 3 7
46 5 7
49 6 1
48 7 3
46 8 7
46 13 7
46 22 7
49 23 1
49 24 1
46 25 7
49 29 1
48 30 3
49 31 1
49 32 1
46 33 7
49 35 1
46 36 7
48 39 3
52 1 1
49 9 7
49 12 7
49 14 7
52 15 1
49 20 7
52 37 1
49 38 7
55 0 1
55 1 1
55 2 1
55 3 1
55 4 1
54 5 3
54 10 3
52 11 7
55 15 1
55 16 1
54 17 3
55 18 1
52 19 7
52 21 7
55 22 1
52 23 7
55 24 1
55 25 1
55 26 1
55 27 1
55 28 1
55 29 1
52 30 7
55 31 1
55 32 1
58 0 1
58 24 1
58 25 1
57 26 3
57 27 3
57 28 3
58 31 1
58 32 1
57 33 3
57 34 3
58 35 1
58 36 1
57 37 3
