271
0 3 3
1 4 1
1 6 1
0 7 3
1 10 1
0 11 3
1 12 1
1 13 1
0 24 3
0 34 3
4 0 1
4 1 1
1 2 7
4 3 1
4 4 1
1 5 7
3 6 3
4 7 1
4 8 1
1 9 7
4 14 1
4 15 1
4 16 1
1 17 7
4 19 1
3 20 3
3 21 3
4 22 1
1 23 7
3 24 3
1 25 7
1 27 7
3 28 3
4 29 1
4 30 1
1 31 7
3 32 3
1 33 7
4 34 1
4 35 1
4 13 7
4 18 7
4 26 7
7 10 7
10 11 1
7 12 7
10 14 1
9 15 3
10 16 1
10 22 1
10 23 1
10 24 1
9 25 3
13 1 1
10 2 7
12 3 3
10 5 7
10 7 7
13 8 1
10 9 7
13 20 1
10 21 7
13 26 1
13 27 1
13 28 1
13 29 1
10 30 7
13 0 7
16 3 1
13 4 7
13 6 7
15 10 3
15 11 3
16 12 1
16 13 1
16 14 1
16 15 1
16 16 1
16 17 1
16 18 1
13 19 7
16 22 1
16 23 1
16 24 1
13 25 7
15 31 3
19 26 1
19 27 1
19 28 1
16 29 7
19 2 7
21 3 3
22 21 1
19 22 7
22 30 1
22 33 1
22 34 1
19 35 7
21 37 3
25 0 1
22 1 7
24 3 3
25 4 1
25 5 1
25 6 1
25 7 1
25 8 1
25 9 1
25 10 1
25 11 1
25 12 1
25 13 1
24 14 3
25 15 1
25 16 1
22 17 7
25 18 1
25 19 1
22 20 7
25 23 1
25 24 1
25 25 1
24 26 3
22 32 7
22 36 7
28 30 1
25 31 7
28 37 1
28 38 1
27 39 3
28 0 7
30 1 3
31 4 1
30 5 3
31 6 1
28 7 7
28 10 7
31 12 1
31 13 1
31 14 1
28 15 7
30 17 3
28 19 7
31 20 1
31 21 1
31 22 1
28 23 7
28 25 7
31 26 1
31 27 1
30 28 3
28 29 7
31 30 1
34 1 1
34 2 1
31 3 7
34 8 1
31 9 7
31 11 7
33 12 3
31 16 7
34 17 1
31 18 7
31 24 7
36 6 3
36 10 3
36 19 3
37 20 1
34 21 7
40 0 1
40 1 1
40 2 1
40 3 1
40 4 1
37 5 7
39 6 3
39 17 3
39 22 3
37 23 7
40 24 1
40 25 1
40 26 1
40 27 1
40 28 1
40 29 1
40 30 1
40 31 1
37 32 7
39 34 3
40 35 1
40 36 1
40 37 1
39 38 3
39 39 3
40 13 7
43 14 1
43 15 1
40 16 7
40 33 7
46 0 1
46 1 1
43 2 7
43 9 7
43 12 7
46 30 1
46 31 1
46 34 1
49 3 1
49 4 1
49 5 1
46 6 7
49 7 1
46 8 7
49 10 1
46 11 7
49 13 1
49 14 1
49 15 1
49 16 1
49 17 1
48 21 3
49 22 1
48 23 3
49 24 1
46 25 7
46 29 7
49 20 7
52 26 1
52 27 1
49 28 7
55 0 1
55 1 1
55 2 1
52 3 7
55 4 1
55 5 1
55 6 1
54 7 3
55 8 1
55 9 1
55 10 1
55 11 1
52 12 7
55 13 1
55 14 1
55 15 1
55 16 1
55 17 1
55 18 1
52 19 7
52 21 7
54 22 3
52 23 7
55 24 1
54 25 3
55 29 1
52 30 7
55 31 1
55 32 1
52 33 7
58 4 1
57 20 3
57 22 3
58 24 1
57 25 3
58 34 1
57 35 3
58 36 1
58 37 1
58 38 1
57 39 3
