276
1 0 1
1 1 1
1 2 1
0 3 3
1 18 1
0 19 3
1 28 1
1 30 1
1 31 1
0 32 3
3 15 3
4 16 1
1 17 7
4 18 1
4 19 1
4 20 1
4 21 1
4 22 1
4 23 1
4 24 1
4 25 1
4 26 1
1 27 7
4 28 1
1 29 7
4 30 1
4 31 1
4 32 1
1 33 7
4 34 1
3 35 3
4 0 7
6 1 3
7 3 1
7 4 1
7 5 1
7 6 1
7 7 1
7 8 1
7 9 1
7 10 1
7 11 1
7 12 1
7 13 1
4 14 7
10 1 1
7 2 7
10 3 1
10 15 1
7 16 7
10 18 1
9 22 3
10 23 1
10 24 1
10 25 1
10 26 1
10 27 1
10 28 1
10 29 1
10 30 1
7 31 7
10 36 1
9 37 3
13 3 1
13 4 1
13 5 1
13 6 1
10 7 7
13 8 1
12 9 3
10 17 7
12 18 3
13 19 1
13 20 1
10 21 7
13 32 1
12 33 3
13 34 1
10 35 7
15 4 3
15 8 3
16 10 1
13 11 7
16 12 1
16 13 1
16 14 1
13 15 7
16 22 1
13 23 7
16 24 1
13 25 7
15 36 3
16 3 7
18 8 3
16 9 7
16 16 7
19 17 1
19 18 1
18 19 3
19 20 1
18 21 3
19 26 1
16 27 7
18 28 3
19 2 7
19 4 7
22 6 1
19 7 7
22 21 1
22 22 1
21 23 3
22 28 1
21 29 3
21 30 3
22 31 1
22 32 1
19 33 7
22 34 1
22 35 1
22 36 1
22 37 1
22 38 1
21 39 3
22 1 7
22 5 7
24 6 3
22 8 7
25 17 1
25 18 1
25 19 1
22 20 7
25 0 7
25 16 7
28 21 1
28 22 1
25 23 7
28 24 1
28 25 1
28 26 1
28 27 1
27 28 3
28 29 1
28 30 1
28 31 1
27 32 3
31 1 1
31 2 1
30 3 3
28 4 7
30 5 3
28 7 7
31 10 1
31 11 1
28 12 7
31 13 1
30 14 3
28 15 7
34 5 1
31 6 7
34 8 1
31 9 7
34 16 1
34 17 1
31 18 7
31 22 7
34 28 1
34 29 1
34 30 1
34 31 1
34 32 1
34 33 1
34 34 1
34 35 1
33 36 3
34 37 1
37 10 1
37 11 1
37 12 1
37 13 1
36 14 3
34 19 7
37 20 1
34 21 7
37 23 1
37 24 1
37 25 1
37 26 1
34 27 7
36 28 3
40 0 1
40 1 1
40 2 1
39 3 3
39 4 3
37 5 7
40 15 1
40 16 1
37 17 7
39 20 3
40 6 7
40 10 7
42 11 3
43 12 1
43 13 1
40 14 7
40 37 7
43 38 1
42 39 3
46 0 1
46 1 1
43 2 7
46 3 1
43 4 7
43 7 7
43 9 7
46 15 1
45 16 3
46 17 1
46 18 1
46 19 1
45 20 3
46 21 1
46 22 1
43 23 7
46 26 1
46 34 1
46 35 1
43 36 7
46 38 1
45 39 3
46 8 7
49 10 1
46 11 7
49 24 1
46 25 7
49 29 1
46 30 7
49 32 1
46 33 7
49 0 7
52 2 1
49 3 7
51 4 3
52 12 1
52 13 1
49 14 7
52 27 1
49 28 7
49 31 7
49 38 7
52 1 7
55 4 1
55 5 1
55 6 1
54 7 3
55 15 1
55 16 1
55 17 1
54 18 3
55 19 1
55 20 1
55 21 1
55 22 1
55 23 1
54 24 3
55 25 1
52 26 7
54 27 3
52 29 7
55 32 1
55 33 1
55 34 1
54 35 3
55 36 1
52 37 7
55 39 1
