297
0 0 3
1 10 1
1 12 1
1 18 1
1 19 1
1 30 1
0 31 3
4 5 1
4 6 1
4 7 1
3 8 3
1 9 7
4 10 1
1 11 7
4 12 1
4 13 1
4 14 1
4 15 1
4 16 1
1 17 7
4 18 1
4 19 1
4 20 1
4 24 1
4 25 1
4 26 1
4 27 1
4 28 1
1 29 7
4 30 1
4 31 1
4 32 1
4 33 1
4 34 1
3 35 3
3 36 3
4 37 1
3 38 3
4 0 7
7 3 1
4 4 7
4 23 7
10 1 1
7 2 7
9 3 3
10 8 1
10 9 1
10 10 1
10 11 1
10 12 1
10 13 1
10 14 1
10 15 1
7 16 7
7 22 7
10 24 1
10 25 1
10 26 1
10 27 1
7 28 7
10 30 1
10 31 1
10 32 1
10 33 1
9 34 3
10 35 1
9 36 3
10 7 7
13 17 1
13 18 1
13 19 1
13 20 1
10 21 7
12 23 3
10 29 7
13 30 1
15 5 3
13 6 7
16 10 1
16 11 1
16 12 1
15 13 3
16 0 7
16 4 7
19 7 1
19 8 1
16 9 7
19 23 1
19 24 1
19 25 1
19 26 1
16 27 7
22 1 1
22 2 1
19 3 7
19 13 7
21 14 3
22 15 1
19 16 7
22 21 1
19 22 7
22 28 1
21 29 3
22 30 1
22 31 1
22 32 1
22 33 1
22 34 1
19 35 7
25 6 1
22 7 7
25 9 1
22 10 7
25 11 1
22 12 7
24 17 3
24 18 3
25 19 1
22 20 7
24 23 3
24 24 3
22 36 7
24 37 3
22 38 7
24 39 3
28 0 1
28 1 1
25 2 7
27 3 3
28 4 1
25 5 7
27 6 3
25 8 7
27 24 3
25 25 7
28 26 1
28 27 1
28 28 1
28 29 1
28 30 1
25 31 7
27 39 3
31 9 1
31 10 1
31 11 1
31 12 1
31 13 1
31 14 1
28 15 7
31 17 1
31 18 1
28 23 7
28 32 7
31 34 1
28 35 7
34 0 1
31 1 7
34 4 1
31 16 7
34 17 1
31 22 7
31 33 7
33 34 3
37 2 1
34 3 7
37 4 1
37 5 1
37 6 1
37 7 1
37 8 1
37 9 1
37 10 1
37 11 1
37 12 1
36 13 3
37 14 1
36 15 3
37 18 1
34 19 7
37 20 1
34 21 7
37 23 1
37 24 1
34 25 7
37 30 1
36 31 3
37 32 1
37 0 7
37 17 7
40 20 1
40 26 1
40 27 1
40 28 1
37 29 7
42 1 3
43 2 1
43 3 1
43 4 1
40 5 7
43 10 1
43 11 1
43 12 1
43 13 1
40 14 7
40 16 7
45 3 3
45 6 3
43 7 7
43 9 7
45 10 3
43 15 7
46 17 1
46 18 1
46 19 1
46 20 1
46 21 1
43 22 7
43 26 7
46 27 1
46 28 1
46 29 1
46 30 1
43 31 7
46 32 1
46 33 1
45 34 3
46 0 7
48 1 3
46 2 7
46 8 7
46 11 7
48 23 3
49 24 1
46 25 7
48 27 3
52 6 1
51 7 3
52 9 1
49 10 7
52 12 1
52 13 1
49 14 7
52 15 1
52 16 1
51 17 3
52 18 1
52 19 1
52 20 1
49 21 7
52 26 1
52 27 1
49 28 7
52 31 1
52 32 1
49 33 7
55 0 1
55 1 1
55 2 1
55 3 1
55 4 1
52 5 7
55 22 1
52 23 7
55 24 1
54 25 3
55 29 1
52 30 7
57 0 3
58 6 1
58 7 1
58 8 1
58 9 1
58 10 1
58 11 1
58 12 1
58 13 1
57 14 3
58 15 1
58 16 1
58 17 1
58 18 1
58 19 1
58 20 1
57 21 3
58 24 1
58 25 1
57 26 3
57 27 3
58 28 1
57 29 3
58 31 1
57 32 3
58 33 1
58 34 1
58 35 1
57 36 3
57 37 3
