309
0 5 3
1 6 1
1 7 1
1 8 1
0 10 3
1 11 1
0 12 3
1 21 1
0 22 3
4 0 1
4 1 1
4 2 1
4 3 1
1 4 7
1 9 7
4 14 1
4 15 1
4 16 1
4 17 1
4 18 1
4 19 1
1 20 7
3 21 3
4 22 1
4 23 1
4 24 1
3 25 3
4 26 1
4 27 1
4 28 1
1 29 7
4 34 1
4 35 1
3 36 3
7 5 1
7 6 1
7 7 1
4 8 7
6 11 3
7 12 1
4 13 7
6 21 3
4 30 7
4 33 7
7 37 1
7 38 1
10 9 1
7 10 7
10 15 1
7 16 7
10 22 1
7 23 7
10 24 1
10 25 1
10 26 1
10 27 1
10 28 1
10 31 1
7 32 7
10 34 1
10 35 1
7 36 7
12 1 3
13 2 1
13 3 1
13 4 1
13 5 1
13 6 1
13 7 1
13 11 1
10 12 7
13 13 1
10 14 7
12 15 3
13 17 1
12 18 3
13 19 1
13 20 1
10 21 7
12 22 3
13 0 7
16 22 1
15 23 3
16 24 1
16 25 1
16 26 1
15 27 3
16 28 1
16 29 1
16 30 1
16 31 1
16 32 1
16 33 1
16 34 1
16 35 1
16 36 1
16 37 1
16 38 1
15 39 3
16 4 7
19 6 1
18 7 3
22 0 1
22 1 1
22 2 1
19 3 7
19 5 7
21 6 3
22 15 1
19 16 7
22 21 1
22 22 1
22 23 1
22 29 1
19 30 7
22 33 1
22 34 1
19 35 7
22 37 1
21 38 3
25 9 1
25 10 1
25 11 1
25 12 1
25 13 1
22 14 7
24 17 3
25 18 1
25 19 1
22 20 7
22 28 7
22 32 7
22 36 7
24 37 3
28 0 1
28 1 1
28 2 1
28 3 1
28 4 1
28 5 1
28 6 1
28 7 1
25 8 7
27 15 3
25 21 7
28 22 1
27 24 3
28 25 1
27 26 3
25 27 7
28 29 1
28 30 1
25 31 7
28 33 1
28 34 1
27 35 3
28 10 7
31 12 1
31 13 1
30 15 3
31 16 1
31 17 1
30 18 3
31 22 1
28 23 7
34 0 1
34 2 1
34 3 1
34 4 1
34 5 1
34 6 1
34 7 1
33 8 3
31 9 7
31 11 7
33 12 3
31 14 7
31 24 7
34 25 1
34 26 1
34 27 1
34 28 1
34 29 1
34 30 1
34 31 1
34 32 1
34 33 1
34 34 1
34 35 1
34 36 1
33 37 3
33 38 3
34 1 7
36 12 3
34 13 7
37 15 1
37 16 1
34 17 7
37 0 7
40 2 1
40 3 1
40 4 1
37 5 7
39 6 3
40 18 1
40 19 1
40 20 1
40 21 1
40 22 1
40 23 1
40 24 1
40 25 1
39 26 3
39 35 3
40 36 1
40 37 1
40 38 1
37 39 7
43 6 1
43 7 1
42 8 3
43 12 1
43 13 1
43 14 1
43 15 1
40 16 7
43 27 1
40 28 7
43 32 1
43 33 1
40 34 7
46 0 1
46 1 1
46 2 1
43 9 7
43 11 7
46 17 1
45 18 3
45 19 3
46 20 1
46 21 1
43 22 7
46 23 1
46 24 1
46 25 1
43 26 7
46 29 1
46 30 1
43 31 7
45 35 3
46 8 7
46 10 7
49 13 1
49 14 1
48 15 3
48 16 3
48 23 3
52 0 1
52 1 1
52 2 1
52 3 1
52 4 1
49 5 7
49 7 7
49 12 7
52 20 1
52 24 1
52 25 1
52 26 1
52 27 1
49 28 7
52 31 1
51 32 3
52 33 1
52 34 1
52 35 1
52 36 1
51 37 3
52 38 1
51 39 3
52 6 7
55 8 1
55 9 1
55 10 1
52 11 7
52 13 7
54 14 3
55 15 1
55 16 1
55 17 1
55 18 1
52 19 7
55 20 1
55 21 1
55 22 1
52 23 7
55 29 1
52 30 7
54 31 3
58 7 1
57 20 3
58 24 1
58 25 1
58 26 1
57 27 3
58 31 1
58 32 1
58 33 1
57 34 3
