294
1 0 1
0 10 3
0 21 3
1 22 1
1 23 1
1 24 1
0 25 3
1 35 1
4 0 1
4 1 1
1 2 7
4 5 1
4 6 1
1 7 7
4 8 1
1 9 7
4 10 1
1 11 7
4 12 1
4 13 1
4 14 1
4 15 1
4 16 1
1 17 7
4 19 1
1 20 7
3 21 3
1 34 7
7 3 1
4 4 7
4 18 7
6 19 3
7 21 1
4 22 7
7 23 1
7 24 1
7 25 1
7 26 1
6 27 3
7 28 1
7 29 1
7 30 1
7 31 1
7 32 1
4 33 7
7 35 1
4 36 7
7 37 1
7 38 1
10 8 1
10 9 1
10 10 1
10 11 1
9 12 3
10 13 1
9 14 3
10 15 1
10 16 1
13 0 1
13 1 1
13 2 1
13 3 1
12 4 3
13 5 1
13 6 1
10 7 7
13 20 1
10 21 7
12 22 3
13 24 1
13 25 1
13 26 1
10 27 7
13 28 1
12 29 3
13 30 1
13 31 1
12 32 3
13 33 1
13 34 1
10 35 7
10 37 7
15 5 3
16 10 1
16 11 1
16 12 1
16 13 1
16 14 1
16 15 1
16 16 1
16 17 1
16 18 1
13 19 7
15 20 3
16 22 1
13 23 7
13 36 7
16 38 1
13 39 7
16 4 7
19 5 1
19 6 1
19 7 1
19 8 1
16 9 7
19 24 1
19 25 1
19 26 1
19 27 1
19 28 1
19 29 1
19 30 1
19 31 1
19 32 1
18 33 3
19 34 1
19 35 1
22 0 1
21 1 3
22 2 1
19 3 7
22 21 1
22 22 1
21 23 3
25 9 1
22 10 7
25 11 1
22 12 7
25 13 1
25 14 1
25 15 1
25 16 1
25 17 1
24 18 3
25 19 1
22 20 7
24 21 3
28 0 1
28 1 1
28 2 1
27 3 3
28 4 1
25 5 7
28 7 1
25 8 7
28 21 1
28 22 1
28 23 1
27 24 3
28 25 1
28 26 1
28 27 1
28 28 1
28 29 1
28 30 1
28 31 1
28 32 1
28 33 1
28 34 1
28 35 1
28 36 1
28 37 1
27 38 3
28 6 7
28 9 7
31 10 1
28 11 7
31 12 1
30 13 3
31 14 7
34 15 1
34 16 1
34 17 1
34 18 1
33 19 3
31 20 7
33 22 3
33 23 3
31 26 7
33 27 3
36 6 3
34 7 7
37 8 1
37 9 1
37 10 1
37 11 1
37 12 1
34 13 7
34 21 7
34 25 7
37 27 1
37 28 1
34 29 7
37 32 1
37 33 1
37 34 1
37 35 1
37 36 1
37 37 1
40 0 1
40 1 1
40 2 1
40 3 1
40 4 1
37 5 7
40 22 1
40 23 1
37 24 7
39 30 3
37 31 7
43 10 1
43 11 1
43 12 1
42 13 3
40 14 7
40 16 7
43 27 1
40 28 7
42 30 3
43 32 1
43 33 1
43 34 1
43 35 1
43 36 1
43 37 1
42 38 3
43 0 7
46 1 1
43 2 7
43 9 7
43 15 7
46 17 1
46 18 1
46 19 1
46 20 1
46 21 1
46 22 1
43 23 7
46 24 1
43 26 7
43 29 7
46 8 7
49 10 1
46 11 7
49 24 1
46 25 7
46 30 7
49 32 1
49 33 1
49 34 1
49 35 1
46 36 7
46 38 7
48 39 3
51 6 3
49 7 7
49 12 7
52 13 1
52 14 1
52 15 1
51 16 3
49 17 7
51 18 3
52 27 1
52 28 1
49 31 7
49 37 7
55 0 1
55 1 1
54 2 3
52 3 7
55 4 1
52 5 7
55 8 1
55 9 1
55 10 1
54 11 3
55 18 1
52 19 7
55 20 1
55 21 1
55 22 1
52 23 7
55 24 1
54 25 3
52 26 7
52 32 7
54 33 3
55 38 1
57 24 3
58 27 1
58 28 1
58 29 1
57 30 3
