280
0 8 3
1 10 1
1 12 1
1 13 1
1 14 1
1 18 1
0 19 3
1 28 1
1 29 1
1 30 1
4 1 1
4 2 1
4 5 1
4 6 1
1 7 7
4 8 1
1 9 7
4 10 1
1 11 7
4 15 1
3 16 3
1 17 7
4 18 1
4 19 1
1 20 7
4 21 1
1 22 7
4 23 1
3 24 3
4 25 1
4 26 1
1 27 7
4 28 1
4 0 7
7 3 1
4 4 7
7 12 1
6 13 3
4 14 7
7 29 1
4 30 7
10 1 1
7 2 7
7 6 7
10 15 1
10 16 1
10 17 1
7 18 7
10 19 1
10 20 1
10 21 1
10 22 1
7 23 7
10 24 1
10 25 1
9 26 3
10 27 1
7 28 7
10 31 1
10 32 1
7 33 7
9 34 3
10 36 1
9 37 3
13 3 1
13 4 1
10 5 7
13 7 1
12 8 3
12 9 3
13 10 1
13 11 1
10 12 7
12 34 3
10 35 7
13 13 7
16 14 1
16 15 1
16 16 1
16 17 1
16 18 1
15 19 3
16 20 1
16 21 1
16 22 1
16 23 1
16 24 1
16 25 1
16 26 1
16 27 1
16 28 1
16 29 1
16 30 1
16 31 1
16 32 1
16 33 1
15 34 3
16 4 7
19 6 1
18 7 3
22 0 1
22 1 1
22 2 1
19 3 7
19 5 7
19 9 7
22 21 1
19 22 7
22 27 1
21 28 3
25 6 1
25 7 1
22 8 7
25 10 1
24 11 3
25 12 1
25 13 1
25 14 1
25 15 1
25 16 1
24 17 3
25 18 1
25 19 1
22 20 7
25 23 1
25 24 1
25 25 1
22 26 7
25 32 1
25 33 1
25 34 1
25 35 1
22 36 7
24 37 3
25 21 7
27 22 3
28 27 1
28 28 1
27 29 3
28 30 1
25 31 7
27 37 3
31 0 1
31 1 1
31 2 1
30 3 3
28 4 7
31 5 1
31 6 1
28 7 7
31 15 1
28 16 7
31 22 1
31 23 1
30 24 3
33 0 3
31 14 7
33 15 3
33 17 3
31 18 7
31 20 7
34 26 1
31 27 7
34 33 1
36 1 3
37 2 1
37 3 1
37 4 1
37 5 1
37 6 1
37 7 1
37 8 1
37 9 1
37 10 1
37 11 1
37 12 1
34 13 7
34 19 7
34 21 7
37 24 1
34 25 7
34 32 7
34 35 7
36 36 3
37 37 1
37 38 1
36 39 3
37 0 7
40 22 1
37 23 7
39 24 3
37 26 7
39 28 3
37 29 7
37 31 7
40 33 1
37 34 7
43 3 1
43 4 1
40 5 7
42 8 3
43 10 1
43 11 1
43 12 1
43 13 1
43 14 1
43 15 1
43 16 1
42 24 3
40 27 7
40 30 7
46 1 1
43 2 7
46 6 1
43 7 7
43 9 7
45 10 3
46 0 7
48 1 3
46 8 7
49 10 1
46 11 7
46 15 7
48 18 3
49 22 1
49 23 1
49 24 1
49 25 1
49 26 1
49 27 1
49 28 1
49 29 1
49 30 1
49 31 1
49 32 1
46 33 7
49 12 7
51 13 3
49 14 7
51 16 3
49 17 7
52 19 1
52 20 1
49 21 7
51 34 3
49 35 7
51 36 3
51 37 3
55 0 1
55 1 1
55 2 1
55 3 1
55 4 1
52 5 7
52 18 7
54 19 3
52 22 7
58 6 1
58 7 1
58 8 1
58 9 1
57 10 3
58 11 1
57 12 3
57 19 3
58 23 1
58 24 1
58 25 1
58 26 1
58 27 1
58 28 1
57 29 3
58 30 1
58 31 1
57 32 3
58 33 1
58 34 1
58 35 1
58 36 1
57 37 3
