314
1 8 1
0 9 3
1 14 1
1 15 1
1 16 1
0 17 3
1 1 7
4 2 1
1 5 7
4 6 1
1 7 7
3 8 3
4 9 1
4 10 1
1 11 7
4 12 1
1 13 7
4 14 1
4 15 1
4 16 1
4 17 1
4 18 1
4 19 1
1 20 7
4 24 1
1 25 7
4 33 1
4 34 1
4 35 1
4 0 7
7 3 1
4 4 7
7 21 1
7 22 1
4 23 7
7 26 1
7 27 1
7 28 1
7 29 1
7 30 1
7 31 1
4 32 7
10 1 1
7 2 7
10 8 1
10 9 1
7 10 7
10 11 1
7 12 7
10 13 1
10 14 1
10 15 1
10 16 1
9 17 3
13 5 1
12 6 3
10 7 7
13 20 1
10 21 7
13 33 1
10 34 7
13 0 7
16 1 1
16 2 1
16 3 1
13 4 7
15 6 3
16 10 1
16 11 1
15 12 3
16 13 1
16 14 1
13 15 7
16 17 1
16 18 1
13 19 7
16 22 1
16 23 1
15 24 3
16 25 1
16 26 1
13 27 7
16 28 1
16 29 1
15 30 3
13 32 7
16 35 1
13 36 7
15 38 3
18 1 3
16 5 7
19 7 1
19 8 1
16 9 7
16 16 7
18 17 3
19 28 1
19 29 1
19 30 1
16 31 7
16 37 7
21 0 3
21 1 3
21 2 3
19 3 7
21 4 3
19 6 7
22 19 1
22 21 1
19 22 7
22 27 1
22 28 1
21 29 3
25 7 1
25 8 1
25 9 1
25 10 1
25 11 1
25 12 1
25 13 1
25 14 1
25 15 1
25 16 1
25 17 1
22 18 7
25 19 1
22 20 7
25 23 1
25 24 1
25 25 1
22 26 7
24 28 3
28 0 1
28 1 1
28 2 1
28 3 1
28 4 1
25 5 7
27 6 3
25 21 7
27 22 3
27 24 3
25 27 7
28 28 1
28 29 1
28 30 1
25 31 7
27 32 3
27 38 3
30 4 3
31 6 1
28 7 7
28 10 7
31 12 1
31 13 1
31 14 1
31 15 1
30 22 3
28 23 7
31 24 1
30 25 3
28 37 7
34 0 1
34 1 1
34 2 1
31 3 7
34 4 1
33 5 3
34 8 1
31 9 7
31 11 7
33 22 3
34 26 1
34 27 1
34 28 1
34 29 1
34 30 1
34 31 1
34 32 1
31 33 7
31 36 7
34 38 1
37 12 1
37 13 1
37 14 1
37 15 1
37 16 1
37 17 1
37 18 1
36 19 3
37 20 1
34 21 7
37 22 1
36 23 3
37 24 1
34 25 7
37 34 1
34 35 7
40 0 1
40 1 1
40 2 1
40 3 1
40 4 1
40 5 1
40 6 1
40 7 1
40 8 1
39 9 3
40 26 1
40 27 1
39 28 3
43 8 1
43 9 1
43 10 1
40 11 7
42 12 3
43 13 1
42 14 3
42 15 3
40 16 7
43 21 1
42 22 3
43 27 1
43 28 1
42 29 3
43 30 1
43 31 1
43 32 1
43 33 1
42 34 3
43 35 1
42 36 3
46 0 1
46 1 1
46 2 1
46 3 1
46 4 1
46 5 1
46 6 1
43 7 7
46 17 1
46 18 1
46 19 1
43 20 7
46 21 1
46 22 1
43 23 7
45 24 3
43 26 7
45 27 3
46 8 7
49 10 1
49 15 1
48 16 3
49 24 1
46 25 7
49 29 1
46 30 7
49 31 1
49 32 1
46 33 7
49 34 1
49 35 1
49 36 1
49 37 1
49 38 1
49 9 7
49 12 7
52 13 1
49 14 7
51 15 3
52 16 1
49 17 7
52 26 1
52 27 1
49 28 7
51 31 3
51 34 3
55 0 1
54 1 3
55 2 1
55 3 1
55 4 1
52 5 7
55 10 1
52 11 7
54 13 3
55 18 1
55 19 1
55 20 1
55 21 1
55 22 1
52 23 7
54 24 3
55 25 1
54 29 3
54 30 3
55 31 1
57 6 3
58 7 1
58 8 1
57 9 3
58 24 1
58 25 1
58 26 1
57 27 3
58 28 1
58 29 1
58 30 1
58 31 1
58 32 1
58 33 1
58 34 1
58 35 1
