100 3
12 33
73 16
82 11
75 43
59 3
98 17
37 76
98 11
25 19
96 2
78 33
21 4
27 32
89 13
63 6
79 2
25 2
47 72
27 62
57 73
16 13
43 0
83 3
3 52
49 8
46 12
41 68
74 77
18 63
8 76
76 38
17 23
29 25
18 78
42 33
94 25
90 28
50 73
8 81
90 71
28 33
51 54
56 86
45 26
1 26
19 71
82 58
36 9
75 52
96 48
8 54
87 92
53 30
51 78
7 25
80 86
49 20
82 25
76 19
53 40
46 11
11 76
48 98
19 5
73 97
56 71
87 87
45 99
85 81
60 46
6 11
51 49
47 14
12 46
29 90
43 71
97 25
26 97
62 75
58 42
32 79
47 45
26 4
67 52
16 45
8 3
81 42
76 25
22 93
74 7
93 41
11 62
16 70
5 52
62 4
15 22
32 1
25 11
36 38
16 95
79 61
93 92
8 77
84 5
45 65
52 35
37 69
1 14
0 68
18 87
36 62
49 16
40 45
11 19
67 93
60 56
54 94
78 5
31 33
61 59
17 85
38 17
69 91
66 82
91 47
9 86
24 17
77 91
3 9
10 49
82 57
65 18
24 65
4 59
30 67
78 34
93 38
84 15
95 93
59 87
54 82
29 86
87 73
15 54
13 89
67 8
31 77
98 42
37 41
4 75
73 92
96 28
80 1
97 84
60 68
48 86
64 14
17 18
30 36
79 25
98 48
72 63
28 96
44 4
26 34
97 72
75 28
31 41
4 9
43 91
10 3
14 48
83 85
84 56
3 87
16 46
15 35
6 61
45 39
78 11
92 35
82 22
23 46
82 64
48 14
23 1
42 23
67 28
95 16
0 58
9 10
23 42
44 40
60 60
90 68
14 15
33 58
32 96
35 20
2 14
5 16
17 82
25 9
21 37
21 48
83 40
93 33
23 31
26 49
23 3
5 45
0 25
56 17
7 18
94 72
6 0
76 99
90 9
57 15
40 48
76 87
84 2
84 28
66 65
71 10
79 83
70 24
5 2
52 1
79 9
36 12
97 37
46 70
37 20
74 97
10 5
44 6
67 29
63 22
60 22
22 27
16 31
63 75
6 25
11 28
69 35
33 85
16 38
72 93
2 48
19 49
63 91
89 41
49 0
25 46
27 68
26 19
41 87
45 14
59 33
14 34
53 31
55 68
94 83
36 42
90 5
86 39
51 32
85 55
34 57
48 91
55 22
17 0
96 5
10 14
90 94
47 30
74 90
12 25
55 47
8 40
44 86
96 86
92 26
6 14
72 15
57 27
12 2
75 51
74 61
85 32
80 17
77 55
15 98
53 9
31 68
35 64
24 37
14 79
29 27
34 23
58 2
90 63
0 44
86 46
1 97
48 50
18 40
68 55
45 35
93 43
31 2
30 74
76 42
87 18
19 61
28 11
51 22
83 48
53 77
39 95
79 78
86 85
46 4
29 37
82 43
2 73
6 90
39 90
84 93
64 29
22 79
64 74
91 42
56 6
75 39
20 51
83 0
20 68
78 31
34 83
32 65
98 53
76 29
89 33
49 43
68 30
8 15
66 13
11 96
57 63
59 17
0 18
89 42
51 23
80 62
23 27
66 24
38 60
89 62
82 34
64 57
15 95
81 44
75 30
99 90
98 65
63 33
46 38
36 18
77 95
47 81
71 26
95 17
99 48
26 0
82 32
94 20
65 86
0 60
46 66
65 87
73 94
8 18
34 58
14 7
36 61
65 38
80 24
18 27
49 13
42 93
71 81
75 63
97 55
37 26
31 73
85 65
40 91
10 0
17 70
87 94
22 23
5 26
12 75
81 25
68 69
25 3
58 79
42 95
14 84
9 38
76 67
84 55
53 81
71 93
40 54
94 36
81 81
90 46
72 82
62 49
54 81
21 45
50 68
97 71
7 64
56 54
61 95
86 33
26 27
14 68
5 18
26 89
80 52
50 27
7 61
77 69
24 0
80 39
85 37
37 61
23 25
77 26
69 32
30 18
34 96
90 50
77 5
93 3
63 20
76 74
36 59
56 36
86 93
58 22
35 8
28 51
27 47
53 53
39 67
57 58
13 17
75 83
69 93
96 93
21 58
20 82
50 12
87 99
11 63
11 74
22 4
11 4
22 77
3 90
45 46
88 92
99 55
33 28
37 99
68 7
45 16
2 71
94 52
26 84
57 59
50 51
89 48
41 10
22 78
22 86
33 95
90 59
72 78
35 91
73 27
77 84
73 57
91 53
85 98
38 33
15 0
73 72
88 74
2 37
90 93
70 76
80 80
26 63
98 50
31 74
66 35
30 97
22 16
99 35
34 31
35 9
50 40
30 78
73 52
18 18
10 24
62 68
14 94
70 41
11 48
65 14
49 3
19 96
45 7
17 33
69 2
61 77
92 95
98 61
92 69
59 28
30 2
80 44
47 35
24 72
75 72
34 22
15 76
35 82
76 94
72 20
94 23
54 29
97 75
91 92
44 96
25 30
43 4
5 17
89 86
71 48
1 6
31 88
25 79
82 86
10 42
29 60
74 10
63 64
20 59
12 43
23 97
82 89
18 48
46 87
78 64
51 75
19 53
76 84
21 21
88 13
41 74
18 51
83 81
3 22
74 52
15 88
11 94
11 46
27 48
60 44
42 20
85 27
34 24
48 80
95 28
56 58
56 26
28 7
69 81
75 57
2 81
32 90
43 50
73 2
17 22
32 2
95 50
85 71
71 13
28 55
55 3
36 37
39 5
58 66
81 68
16 81
47 43
37 33
26 94
58 99
85 56
28 87
51 18
52 19
92 76
16 60
43 56
27 39
57 74
42 88
8 68
85 96
95 90
9 23
76 20
23 59
49 85
38 23
44 93
97 23
61 49
69 90
43 10
80 56
99 39
41 30
88 60
70 33
91 71
9 13
46 49
78 18
50 9
76 76
68 82
44 73
39 79
26 98
31 90
75 50
73 19
6 64
6 47
88 16
19 98
32 72
9 27
98 34
11 6
24 14
86 34
96 51
1 91
79 91
4 40
83 12
13 19
24 63
69 38
36 34
90 33
61 71
97 82
63 29
44 53
33 34
11 64
52 26
12 51
22 5
4 3
17 19
75 21
62 76
46 51
44 0
15 5
95 62
4 93
47 71
24 13
60 29
5 29
38 28
44 29
55 97
2 67
98 76
6 28
4 27
57 57
72 70
77 76
35 74
84 87
24 43
59 98
69 50
15 50
82 93
12 9
28 49
39 18
72 39
18 99
78 93
39 78
69 56
5 69
77 54
74 66
82 21
68 47
53 84
45 6
82 12
86 38
56 99
44 42
26 21
46 30
57 69
19 32
78 81
92 96
79 76
86 0
15 49
75 94
90 86
55 44
74 11
85 51
84 0
41 0
31 50
61 40
95 71
39 17
0 69
80 46
53 0
92 7
2 61
20 53
70 80
35 37
64 93
20 63
71 65
88 69
54 86
94 34
85 75
98 91
90 29
56 90
9 33
91 12
90 78
19 3
56 12
51 89
15 27
67 67
63 12
24 3
72 58
65 76
79 20
53 39
94 12
24 83
48 64
35 22
69 83
73 22
31 30
96 89
81 69
50 94
97 50
78 36
24 38
72 23
2 5
0 79
64 61
35 45
5 67
21 99
96 6
57 51
41 14
28 93
99 79
67 6
77 96
85 1
79 82
62 34
14 59
23 26
53 56
73 69
60 57
53 15
26 88
24 81
57 1
94 43
92 43
50 47
66 6
29 56
80 34
12 41
21 43
59 38
21 18
34 13
78 1
0 78
81 36
8 78
66 60
40 1
8 6
27 24
9 12
64 66
32 78
19 4
68 87
98 90
13 28
31 76
55 93
45 17
17 87
28 99
13 86
27 59
84 40
66 83
61 97
91 78
30 7
63 77
22 21
87 81
24 64
85 22
1 65
52 65
18 7
63 10
31 24
98 89
25 62
6 20
78 67
20 85
34 75
13 13
34 11
64 91
86 57
68 32
82 94
9 31
51 42
38 89
76 57
46 14
3 75
34 1
43 55
51 3
16 66
69 84
13 56
3 16
70 40
4 13
1 39
79 87
21 80
90 38
95 21
82 44
75 22
20 8
87 80
82 85
32 56
46 78
95 51
58 37
14 73
87 8
78 79
67 33
1 62
7 23
61 79
40 0
18 15
63 69
5 5
56 8
56 55
99 99
59 53
97 73
98 46
14 93
17 34
76 32
99 12
82 56
42 72
35 12
34 4
53 34
14 85
5 44
90 18
19 54
94 57
41 57
28 48
60 98
75 3
29 2
58 61
60 2
64 22
27 96
37 0
69 85
65 26
69 68
51 45
22 32
88 91
17 4
70 88
68 50
52 60
62 63
62 69
18 46
97 4
32 60
63 85
60 30
87 31
60 28
56 48
27 52
65 4
65 66
51 2
46 31
6 68
88 42
46 24
33 21
39 49
19 36
87 9
91 14
13 52
35 42
93 75
41 16
87 12
93 90
59 83
50 36
85 0
88 71
53 12
22 17
44 1
53 63
30 8
65 15
41 29
57 23
35 2
93 49
83 47
9 61
0 14
6 79
46 73
93 10
9 30
80 75
24 55
23 99
21 85
77 39
55 74
76 8
19 82
41 78
14 44
10 44
25 5
60 15
46 82
26 52
81 32
60 50
56 68
50 1
84 84
69 97
2 47
16 88
72 42
65 79
52 9
93 59
76 34
34 74
4 23
56 74
98 68
97 27
59 60
23 91
13 77
91 4
71 14
34 8
75 41
99 3
51 13
56 97
25 88
66 18
15 67
89 59
80 38
70 42
23 5
21 54
0 74
98 25
48 45
53 4
57 70
35 5
93 34
72 49
48 73
84 78
77 78
73 61
24 41
93 27
73 1
2 45
98 77
23 4
58 70
80 33
17 95
85 87
98 24
86 80
98 40
88 78
91 85
99 10
11 52
11 98
24 89
55 53
79 26
25 68
69 77
32 26
18 50
7 87
73 76
29 35
5 39
9 1
94 28
97 28
76 53
77 81
43 84
6 39
21 46
8 66
37 48
19 30
55 27
89 24
52 66
75 38
76 41
6 93
52 55
55 14
16 19
23 54
94 47
96 16
13 9
94 96
85 76
35 87
53 65
96 33
67 16
2 9
7 36
27 11
60 10
75 44
52 11
95 30
61 93
28 40
87 74
99 68
15 92
37 42
57 55
40 39
39 80
18 29
86 63
71 94
94 27
99 74
31 67
54 7
94 80
3 40
20 39
62 88
2 50
20 75
62 94
79 56
64 64
52 57
63 9
90 40
54 95
92 64
17 57
36 87
74 18
31 1
71 56
27 50
20 62
75 75
49 46
93 85
78 90
1 48
26 92
70 55
18 39
43 69
77 57
48 1
3 13
54 1
96 57
27 36
11 37
19 67
36 11
38 20
13 67
56 67
78 97
40 10
88 10
14 92
85 53
74 9
59 13
66 68
12 65
39 48
18 64
51 69
40 61
44 21
57 34
41 18
92 87
70 68
7 96
3 47
54 63
44 82
22 1
73 9
22 22
16 64
22 42
29 94
15 56
60 85
90 47
57 95
0 72
63 63
84 90
17 80
31 98
44 78
81 8
84 47
57 67
25 0
40 56
7 92
71 89
86 75
49 78
96 69
80 58
91 46
6 27
49 38
70 64
87 62
4 4
72 62
44 94
0 88
48 79
19 15
53 91
3 30
79 42
77 28
10 47
17 63
33 44
58 7
10 40
74 36
41 60
71 1
8 17
63 84
45 53
84 79
62 52
97 57
69 39
63 5
44 81
83 86
56 76
91 50
15 81
63 38
81 97
23 89
48 19
21 66
17 9
22 36
60 20
66 59
96 84
89 73
36 23
10 18
42 22
88 2
48 46
43 67
5 9
9 32
8 4
68 51
26 99
60 17
81 70
37 70
77 90
77 88
41 58
82 70
17 89
10 27
58 48
28 50
90 4
44 43
96 42
46 50
28 34
24 49
45 86
82 76
33 79
1 57
70 60
43 90
88 34
84 35
52 24
64 11
74 53
54 6
16 1
99 65
41 80
23 72
87 44
64 69
51 67
93 13
5 55
67 12
81 28
72 52
13 57
51 65
36 96
2 77
81 76
25 47
16 8
9 71
93 74
34 52
45 28
75 35
36 51
90 27
83 66
14 18
51 68
45 97
67 19
91 79
79 22
84 1
93 83
34 82
12 48
53 47
66 32
99 8
64 53
19 10
15 59
46 33
50 90
5 20
20 13
58 52
12 92
56 91
44 55
70 98
2 29
73 51
81 27
9 5
19 99
30 52
70 72
71 71
35 13
99 80
21 52
38 82
93 63
74 86
2 19
65 6
19 2
32 61
77 32
33 88
42 36
89 2
16 57
22 19
60 97
57 36
90 25
34 16
94 42
89 69
74 78
47 8
27 91
74 35
96 13
59 35
31 65
99 47
5 64
29 88
26 48
78 68
79 80
10 87
39 91
73 84
3 57
14 38
70 53
57 24
17 39
21 86
52 61
42 87
86 56
97 19
84 6
76 1
48 40
21 15
86 37
72 10
51 62
26 18
9 91
61 58
35 93
37 32
89 29
9 50
57 60
23 84
98 72
85 38
73 79
30 89
45 2
91 26
75 87
5 85
67 92
44 13
79 10
62 79
47 90
10 90
88 81
55 28
7 43
17 88
40 64
51 63
38 0
61 18
69 37
97 39
16 82
48 53
67 23
25 61
66 78
73 17
93 31
7 71
31 52
62 28
84 48
50 59
47 10
56 32
47 15
18 52
42 41
69 26
52 83
6 73
55 50
51 12
24 30
30 27
66 85
48 95
92 92
86 43
0 15
45 36
93 6
74 47
37 28
32 47
12 82
7 91
77 65
76 97
83 15
98 98
42 81
2 66
72 98
74 30
68 56
19 79
52 69
44 37
5 90
89 8
40 63
66 20
87 58
26 50
96 72
2 84
54 83
57 90
26 6
32 16
47 87
21 97
52 23
39 86
10 80
30 39
89 20
30 1
22 65
67 24
87 78
68 63
22 66
91 35
2 34
31 44
37 59
63 41
15 40
81 20
2 41
29 79
43 63
20 98
15 73
59 40
95 67
18 6
94 53
39 88
42 16
50 14
81 89
7 57
13 64
44 68
13 63
68 41
44 91
44 48
53 2
32 59
15 17
91 95
37 98
96 24
76 5
72 95
53 75
52 70
80 87
6 15
50 70
50 79
60 19
18 83
22 41
6 21
49 98
97 59
64 24
21 69
45 61
93 69
92 3
19 68
25 37
96 7
59 90
9 40
11 10
31 35
16 69
63 35
39 12
38 24
39 24
43 89
82 47
94 13
96 71
8 38
26 78
35 24
96 98
74 8
38 78
50 35
82 97
65 20
2 11
48 47
25 33
80 96
21 16
53 6
48 72
69 18
97 91
92 9
23 28
83 41
57 92
12 83
14 26
65 84
98 38
40 9
11 66
47 38
19 41
67 10
55 17
89 56
94 39
20 58
81 49
31 94
78 85
39 3
5 28
56 10
41 12
87 54
6 12
52 59
8 75
42 52
25 91
94 66
6 77
50 42
90 55
82 60
88 46
48 34
28 89
51 14
12 37
92 48
84 4
53 14
5 93
27 53
66 88
86 22
44 89
50 48
95 37
59 54
45 96
43 13
40 66
71 67
83 57
54 75
55 83
16 74
19 60
53 52
56 28
87 4
36 47
55 84
89 76
34 95
32 39
53 55
45 33
39 59
50 71
72 33
69 15
73 33
83 49
43 15
61 54
79 32
17 29
6 67
59 23
84 17
82 17
7 63
29 22
44 7
77 18
88 52
87 28
78 41
63 59
91 96
17 83
74 51
0 70
0 2
14 71
76 93
6 59
23 86
3 66
57 75
41 92
52 8
75 60
65 93
22 24
56 0
21 93
95 19
49 95
2 75
0 91
80 59
72 45
6 49
82 75
12 89
87 39
89 82
8 94
69 6
79 88
94 70
29 74
55 0
95 9
98 36
92 32
56 20
89 35
67 66
4 67
33 74
27 40
35 6
62 82
33 52
78 38
62 70
38 38
25 63
59 10
17 1
47 83
22 92
60 24
89 0
70 83
1 13
12 62
41 94
55 92
95 76
7 56
51 16
12 81
84 36
6 65
53 57
21 6
11 73
43 97
75 7
96 9
54 74
13 90
6 3
1 75
82 68
95 64
26 30
98 57
52 46
65 9
24 90
34 80
61 92
27 25
86 48
32 76
85 63
98 56
10 53
17 76
6 34
19 70
88 88
60 14
5 88
89 17
57 30
2 21
94 84
98 82
69 42
69 73
29 11
16 18
82 0
9 16
52 75
54 15
31 70
15 72
64 77
7 41
80 25
53 3
91 8
77 13
14 70
78 96
43 33
57 82
84 73
26 96
74 21
35 41
92 65
95 78
7 54
86 83
77 83
84 92
70 22
39 44
29 12
58 84
41 24
94 14
75 42
33 43
70 44
25 39
95 8
47 26
66 98
74 40
18 1
13 80
41 59
44 69
80 7
93 88
54 10
47 77
71 62
79 48
87 65
44 97
77 74
21 96
50 25
56 64
14 9
83 68
99 45
53 66
86 67
55 90
9 93
6 57
58 12
89 98
1 66
21 92
90 58
45 55
84 34
60 62
10 35
82 13
18 32
95 55
61 84
62 64
13 40
20 47
40 77
37 34
4 26
15 62
22 67
52 20
10 72
38 9
17 7
97 53
16 94
71 91
97 5
64 48
67 97
5 30
0 28
34 20
0 41
5 27
42 34
56 40
8 44
32 7
78 94
40 68
45 87
88 75
48 59
63 37
65 71
73 77
81 39
55 70
22 90
90 23
68 11
37 23
29 50
96 23
73 53
63 55
7 20
69 41
17 14
76 55
6 17
23 23
82 95
73 48
35 58
86 69
42 12
78 52
8 12
84 37
16 39
67 21
21 75
73 95
84 20
81 99
80 84
25 10
42 45
4 39
11 99
96 76
90 2
26 75
23 70
32 20
76 56
4 61
99 40
23 13
13 47
58 56
75 19
30 44
30 34
95 52
98 59
41 33
24 39
83 21
65 40
37 8
95 14
17 69
52 30
29 47
2 62
7 39
78 83
58 53
29 80
88 61
41 54
15 93
67 48
52 74
94 68
4 84
2 25
93 97
98 55
52 34
76 44
5 50
90 87
25 87
33 22
14 47
45 71
15 99
26 26
35 84
42 30
21 91
94 74
14 56
44 71
76 81
46 97
80 88
73 96
62 22
35 36
71 66
0 66
34 3
22 25
63 32
9 45
96 92
67 1
11 50
3 69
77 29
38 64
85 85
50 44
40 29
20 54
37 81
17 94
15 80
95 25
84 57
65 89
54 16
34 77
89 60
78 70
75 8
57 2
74 89
12 98
98 99
87 15
26 58
89 34
30 58
19 56
30 51
35 34
18 97
68 59
75 91
94 98
13 49
11 97
16 52
17 68
54 8
81 71
52 3
70 77
67 36
63 30
51 31
41 1
40 42
70 15
59 89
7 8
0 39
42 9
26 46
14 42
48 25
83 58
55 2
24 59
12 23
10 98
72 54
77 17
25 83
87 95
83 4
47 42
58 8
93 4
99 14
99 16
75 99
14 13
90 24
84 52
90 34
27 99
10 64
72 22
70 20
34 6
46 79
73 90
93 16
83 88
69 33
27 80
68 91
63 78
79 55
82 46
26 28
77 93
34 59
27 41
79 29
56 78
88 28
55 15
15 96
57 19
50 5
32 11
99 78
11 30
0 67
51 17
0 61
5 10
29 75
30 33
94 1
6 94
54 32
93 77
92 72
14 57
48 65
65 21
28 28
31 22
1 70
7 3
30 4
13 88
92 66
50 17
84 22
84 97
63 99
49 60
34 25
61 57
48 44
26 22
89 97
14 81
55 9
64 16
35 78
48 48
8 89
86 40
34 70
97 20
49 79
51 27
71 5
98 9
24 23
1 74
96 66
3 0
68 37
4 35
16 27
55 36
52 80
13 22
32 17
88 64
73 85
1 95
95 56
43 26
78 29
54 48
33 12
87 16
74 29
65 99
9 43
68 8
89 7
8 57
52 22
3 6
88 59
28 36
39 99
38 75
48 74
12 4
58 58
25 92
27 9
95 70
10 9
27 87
21 0
16 7
75 86
71 70
42 83
10 54
59 77
85 99
54 17
73 59
44 36
84 81
29 69
68 21
97 6
32 45
2 8
69 65
25 60
90 16
21 64
65 60
84 3
3 48
37 36
31 64
15 29
42 24
24 21
24 97
56 42
48 10
49 64
31 14
92 46
81 80
43 51
9 63
22 61
30 40
52 17
71 42
70 67
40 49
45 84
12 77
30 19
1 4
91 3
66 76
89 64
70 32
69 75
69 72
11 5
94 65
13 61
27 70
86 35
55 63
75 77
39 0
21 23
5 8
99 32
21 3
16 55
38 6
81 45
73 47
23 61
13 7
41 50
50 26
7 7
0 57
68 39
2 32
42 13
68 88
74 62
41 31
81 16
44 16
7 59
98 64
71 63
3 3
62 71
52 41
42 69
73 25
42 14
39 31
87 51
4 34
47 93
56 25
69 13
38 83
13 38
42 71
52 63
20 41
13 41
73 34
60 13
17 98
76 52
12 76
50 56
85 69
81 94
54 60
28 24
75 2
53 69
80 45
73 45
36 56
83 16
82 71
23 22
18 88
91 5
46 29
37 9
8 92
62 7
26 59
35 16
32 21
15 21
74 64
45 13
28 32
28 83
80 69
15 84
71 53
4 50
62 33
99 66
32 82
90 73
41 51
46 53
5 37
35 77
10 6
12 80
47 22
34 14
36 20
31 17
99 31
8 34
26 90
30 76
57 80
68 13
36 22
2 26
72 26
34 97
31 55
71 44
35 59
91 34
85 50
77 92
87 88
84 44
64 20
33 38
6 24
92 31
54 92
96 55
28 12
22 7
71 41
29 24
37 64
75 85
50 41
45 83
20 79
76 28
69 40
45 92
59 70
16 49
32 10
60 37
87 7
86 60
61 85
68 48
87 72
44 45
23 33
56 27
81 23
8 1
38 27
46 3
44 44
87 69
43 68
95 26
94 89
50 54
21 98
98 54
29 13
2 76
83 45
63 34
25 97
89 38
28 97
51 39
1 79
47 19
63 53
81 82
75 49
16 67
39 16
12 6
35 50
24 54
6 30
62 26
93 58
17 37
84 72
12 17
70 90
25 85
99 57
25 74
74 81
13 34
68 19
69 94
7 19
39 30
49 17
56 94
68 80
73 12
77 40
83 18
77 20
97 35
81 37
63 79
59 37
5 4
70 94
2 89
32 40
59 41
17 12
38 34
74 17
65 90
35 31
53 41
27 67
47 18
68 78
88 37
66 34
33 48
50 60
25 26
34 68
42 51
64 85
91 74
45 75
0 62
9 57
53 74
11 56
40 12
40 90
38 61
61 81
58 17
76 86
18 94
9 72
0 8
42 68
5 74
31 6
80 93
77 42
86 26
17 50
5 97
42 59
36 25
83 87
56 29
1 19
90 11
40 93
94 92
39 74
52 18
38 63
36 0
9 64
72 80
87 49
0 38
72 21
75 78
53 49
21 82
44 66
59 73
48 18
93 86
45 66
71 22
4 25
65 13
38 14
13 74
74 23
42 17
6 40
19 81
53 32
87 45
63 57
50 8
43 93
90 17
76 31
56 84
20 1
9 39
71 40
37 92
84 70
3 99
54 91
80 49
83 14
58 29
51 85
81 6
10 33
63 47
38 43
54 3
48 61
89 26
70 28
16 24
10 26
81 53
52 49
62 14
30 45
0 50
45 5
52 97
29 59
32 87
38 54
30 96
29 58
71 33
19 25
29 21
60 41
76 83
46 57
5 78
63 92
12 26
22 87
73 5
6 72
12 64
99 23
45 91
95 87
52 21
89 74
51 70
51 19
92 93
2 10
20 6
16 15
25 95
10 48
50 91
56 3
71 86
72 5
96 91
1 49
75 25
41 36
55 26
57 79
87 30
0 6
62 55
12 19
38 16
78 15
7 28
62 51
60 0
69 66
3 84
52 71
90 53
84 21
70 0
42 90
96 32
37 73
79 62
23 83
4 2
63 19
30 20
60 48
62 58
95 69
46 25
40 35
82 14
8 55
33 45
34 86
73 74
86 1
73 89
78 86
85 95
21 39
94 78
65 81
15 31
75 64
9 48
91 17
19 12
66 73
95 45
19 57
74 25
27 49
80 30
26 23
55 48
80 79
25 76
2 80
93 21
71 45
79 52
82 42
3 96
27 94
6 38
50 45
29 87
5 22
99 85
49 67
77 75
21 10
8 83
63 68
96 78
77 56
5 15
32 68
59 52
25 41
78 56
2 79
77 41
33 17
18 36
29 53
46 63
70 8
64 17
62 32
29 40
54 50
70 54
95 47
83 26
93 15
34 54
56 23
77 1
19 47
5 31
4 17
8 85
91 65
87 77
93 20
39 6
69 92
21 51
11 79
33 91
76 50
85 54
53 59
61 62
52 12
4 60
68 2
35 75
66 0
2 96
96 75
90 69
1 8
78 99
35 11
80 0
80 83
74 26
20 70
22 53
85 12
71 12
11 93
72 87
88 38
75 29
23 39
78 54
54 65
65 25
51 26
25 59
48 97
25 1
23 53
2 23
84 64
89 94
10 12
22 54
68 26
94 21
63 66
38 4
44 5
3 86
6 99
20 45
21 89
33 64
43 5
94 62
67 88
56 60
57 64
27 44
92 37
56 44
87 79
82 74
72 99
98 86
51 79
7 46
87 50
52 94
12 50
31 63
87 11
64 97
83 72
92 84
41 91
87 2
69 59
92 2
68 4
90 36
91 16
37 82
44 22
58 38
59 8
57 45
98 4
75 16
63 50
84 76
0 31
56 22
49 45
18 77
31 96
40 34
34 45
52 4
87 63
10 62
97 13
86 65
57 53
98 96
18 8
94 48
78 37
34 56
24 92
12 85
82 87
40 55
91 76
46 56
29 89
93 51
45 47
57 89
50 21
95 48
87 64
4 47
4 28
63 46
91 49
39 37
19 89
70 95
19 58
72 16
0 23
4 68
73 40
60 11
1 41
11 71
72 0
91 75
61 99
23 49
6 97
53 80
44 90
51 93
46 37
90 64
88 56
59 30
71 25
89 25
25 52
9 66
98 29
74 71
50 7
89 49
14 39
9 20
13 15
75 13
1 46
2 27
55 64
67 99
66 7
41 49
71 31
31 86
85 86
72 76
20 76
89 67
27 57
35 3
17 74
50 4
49 30
50 32
94 77
11 87
88 76
79 72
19 92
11 81
71 30
43 49
37 75
55 11
18 96
87 66
63 18
60 45
19 24
43 22
85 19
93 12
0 20
88 43
46 62
50 38
23 98
54 24
67 80
96 50
7 17
79 59
68 45
17 91
1 36
9 74
0 13
2 15
57 76
72 73
5 54
38 57
68 98
89 31
54 28
34 55
54 39
40 99
61 90
6 41
53 13
98 2
37 74
43 32
23 9
49 83
77 15
71 32
54 35
53 82
22 3
78 4
84 27
46 42
96 26
86 20
79 98
84 49
71 43
34 12
7 67
81 4
21 42
7 93
15 32
59 74
35 52
42 0
0 17
33 82
46 80
28 14
61 8
30 37
89 54
31 87
20 21
12 21
51 77
33 90
4 83
57 8
3 60
47 57
21 9
21 70
8 45
30 95
61 5
76 14
65 82
31 59
79 24
46 43
52 29
96 1
40 83
38 26
34 21
75 5
10 59
14 58
1 84
99 29
83 34
26 61
16 62
34 62
27 90
62 39
81 34
58 28
14 67
88 95
48 35
4 15
73 4
48 23
37 7
93 48
64 78
31 69
35 90
13 98
28 31
54 20
16 17
85 24
73 3
8 93
40 87
44 25
57 18
54 23
36 63
91 86
15 57
29 0
51 87
86 81
20 24
36 49
75 18
16 59
58 11
55 45
12 78
16 9
39 43
81 40
61 96
13 6
5 57
63 13
10 21
60 53
49 27
37 77
82 80
48 67
63 51
14 60
11 24
99 26
27 17
59 75
73 63
90 10
3 91
44 20
80 6
23 82
32 3
4 19
79 75
11 45
45 60
91 98
81 84
62 23
21 95
86 6
80 5
95 68
7 11
51 15
57 6
20 72
55 72
63 97
12 40
73 87
76 27
15 68
38 18
48 0
60 76
77 72
84 10
45 34
38 74
96 63
16 75
40 86
62 20
47 29
67 0
23 20
43 94
75 10
25 64
78 9
22 33
85 68
70 13
88 45
19 26
96 68
44 70
29 14
92 82
23 90
51 41
95 13
53 42
88 58
88 68
79 92
2 55
69 53
91 25
44 47
32 9
70 75
14 65
10 86
49 39
71 57
83 96
3 41
62 57
9 80
59 46
39 45
38 58
52 33
71 76
71 21
25 69
23 16
36 99
28 29
18 20
66 4
14 43
64 70
50 53
17 44
51 99
49 94
30 25
66 79
1 15
70 35
25 21
61 74
95 95
49 54
57 31
31 81
22 83
47 25
72 36
56 72
27 34
24 50
64 25
79 38
72 69
3 58
63 70
44 11
23 64
18 76
54 22
40 73
83 92
40 6
0 76
46 64
90 90
35 95
72 19
9 36
97 89
28 47
22 45
67 69
44 74
46 5
45 62
72 38
69 98
7 6
6 63
20 89
95 6
82 30
66 45
62 13
20 87
6 78
78 78
10 94
32 12
1 85
33 84
97 45
96 62
73 10
98 78
3 25
70 87
72 57
64 55
95 92
31 28
81 95
85 80
39 14
37 16
10 22
37 2
28 27
21 31
67 43
7 49
83 46
7 50
34 10
22 97
86 32
33 10
74 95
26 77
95 11
51 44
71 85
49 63
89 77
26 1
28 79
85 4
51 50
21 87
58 74
1 92
91 9
95 53
35 69
88 49
25 40
93 60
26 76
43 29
87 59
14 69
82 53
42 67
66 57
36 94
15 6
18 28
50 16
70 5
69 57
30 42
91 90
1 34
13 16
49 18
15 51
11 88
91 99
11 9
27 55
92 90
8 0
47 49
86 2
79 12
8 56
86 86
21 67
11 3
91 54
55 79
44 33
52 31
60 4
81 67
96 94
84 43
99 30
20 32
96 27
72 9
31 34
85 33
77 7
3 28
50 18
32 14
36 3
16 65
27 98
37 49
88 77
68 54
79 43
2 98
9 87
6 76
36 77
73 60
45 69
38 7
71 47
61 76
49 81
63 36
16 20
87 22
66 55
4 94
87 75
97 38
7 21
11 29
20 23
77 97
46 47
16 51
50 39
40 41
66 43
27 42
87 1
10 38
51 53
49 24
88 65
53 98
26 11
42 39
36 29
69 10
73 83
14 90
73 66
86 31
88 41
63 21
9 0
85 25
44 18
51 92
5 6
85 79
31 15
72 90
25 16
68 58
15 24
75 62
62 15
39 29
94 37
85 91
42 8
2 70
34 60
97 70
66 44
37 30
69 31
91 80
10 29
19 35
13 25
61 21
88 32
14 10
71 34
67 42
7 66
69 22
92 74
27 72
6 44
82 90
83 10
44 76
32 50
26 9
51 90
21 5
68 52
61 24
90 7
22 44
78 40
14 33
65 85
39 38
60 90
97 76
87 57
25 14
92 15
14 11
82 38
78 39
71 27
62 93
76 91
91 28
0 82
9 82
62 61
2 46
9 54
24 94
70 46
24 48
97 30
49 40
86 61
33 16
83 2
91 24
95 54
95 44
60 87
8 32
72 88
61 88
83 69
15 65
60 21
77 0
29 96
14 62
7 4
25 50
33 60
94 31
63 96
83 70
53 44
66 93
43 98
75 6
4 63
39 4
76 80
18 34
42 54
45 25
36 55
20 36
5 89
19 87
66 64
54 46
61 36
1 9
83 93
38 36
31 31
96 59
76 18
37 97
76 54
52 82
12 0
81 86
74 1
46 22
30 85
58 30
83 54
63 95
39 85
2 90
47 28
53 46
5 83
46 76
18 42
61 25
99 5
8 14
81 87
96 36
78 82
4 57
9 88
77 35
27 63
85 30
54 12
8 63
79 57
72 7
75 53
9 4
98 30
31 53
2 40
41 28
74 58
95 83
81 58
6 55
89 78
12 15
79 14
94 69
62 46
38 21
13 58
27 56
6 4
62 3
68 14
27 31
40 16
6 83
76 4
29 48
27 3
70 21
11 1
39 96
76 23
72 4
44 51
39 56
35 97
97 9
47 73
41 95
84 91
8 47
15 2
18 23
46 96
86 10
75 90
0 3
93 7
91 18
47 46
73 98
40 32
14 53
44 34
22 39
47 2
22 59
32 23
49 77
76 12
53 67
58 55
40 46
55 81
88 9
65 17
92 12
21 2
31 61
15 97
90 98
12 3
22 84
40 4
83 51
8 31
87 41
52 68
82 51
80 16
56 47
67 71
23 55
68 31
98 23
15 83
40 76
15 8
15 90
58 34
4 11
93 11
99 86
28 53
23 14
60 26
61 94
64 6
80 47
74 12
12 13
28 0
97 78
51 61
52 48
59 5
79 35
67 65
78 22
81 35
72 83
26 31
74 84
69 82
98 87
85 46
48 77
75 11
80 13
4 58
47 61
63 23
93 68
45 94
61 66
25 38
28 37
1 60
40 82
57 10
82 96
73 91
3 63
26 2
15 4
95 10
88 98
36 84
8 62
62 48
40 74
94 56
45 18
23 76
24 35
23 32
53 29
15 9
51 35
98 49
11 59
29 7
13 65
69 27
54 52
16 34
30 30
96 37
59 9
70 34
40 22
5 84
67 49
7 65
62 81
56 38
6 85
74 33
13 55
93 55
42 47
56 41
77 87
80 50
35 23
49 33
29 70
54 34
57 88
95 58
52 79
55 89
11 2
67 84
41 46
75 95
3 79
12 74
88 29
64 95
41 40
58 75
92 88
40 71
66 52
31 43
88 86
56 92
42 7
29 81
10 68
63 1
34 2
71 17
42 79
63 73
57 22
85 9
51 20
29 92
87 55
86 73
93 67
31 25
72 12
73 67
11 42
46 28
25 32
14 98
75 23
74 16
94 22
33 71
1 51
57 40
33 1
21 50
65 8
19 11
72 3
92 85
36 98
80 78
54 90
60 1
13 3
94 79
73 88
79 51
58 78
23 80
72 61
61 63
10 65
23 34
54 85
58 62
10 52
3 55
50 67
49 51
45 40
18 47
89 81
31 16
99 51
62 6
22 96
68 40
33 61
9 25
62 30
85 23
16 77
34 29
94 46
52 10
49 11
75 36
16 23
67 86
82 45
22 76
37 50
49 25
9 85
14 97
9 78
44 50
81 2
73 30
96 25
22 62
50 23
68 84
47 1
76 95
50 31
83 52
60 84
56 80
77 70
46 92
6 2
99 76
70 79
76 68
45 43
90 12
11 34
17 75
68 17
56 15
74 46
1 30
96 17
68 18
70 93
65 92
3 8
50 93
86 62
54 61
30 0
94 73
9 65
84 94
77 68
39 13
67 47
18 98
22 12
82 29
67 5
52 5
11 92
5 82
52 6
95 61
46 93
76 35
63 76
62 8
28 15
15 45
11 86
98 66
92 18
94 95
12 49
69 16
36 67
35 96
71 59
24 75
23 45
91 31
88 83
52 14
72 11
48 92
76 77
24 60
23 69
46 86
34 32
40 3
4 71
75 31
31 38
76 7
51 10
30 5
31 26
49 50
75 73
5 60
67 17
58 95
7 51
78 8
41 82
93 64
61 46
76 36
43 80
2 88
78 61
23 43
16 25
81 83
77 61
1 98
38 88
10 71
77 38
14 41
48 37
6 66
87 86
58 96
17 3
80 51
50 81
9 89
78 69
75 12
58 15
41 62
62 11
32 18
56 11
55 37
78 7
95 20
41 17
72 35
64 86
44 30
62 86
53 18
52 78
45 48
94 5
28 86
17 78
28 72
87 29
71 82
7 29
55 69
47 99
36 7
39 92
60 81
6 22
79 58
49 35
92 62
57 66
36 27
72 30
72 96
40 30
71 8
75 89
55 16
30 55
80 21
49 23
70 74
67 56
33 26
10 17
31 72
98 13
33 7
47 47
54 41
12 68
76 96
72 28
54 40
73 20
93 95
33 56
48 69
77 58
36 30
81 55
46 55
64 13
6 70
75 20
43 48
13 23
80 99
4 44
90 76
68 5
84 38
53 51
85 26
75 68
92 34
62 44
26 14
97 74
20 66
14 88
89 36
29 54
20 78
21 8
62 0
59 65
18 22
43 76
23 17
61 13
47 74
25 23
36 53
77 36
78 74
85 2
4 16
9 34
1 52
8 65
2 12
55 35
13 95
57 0
98 94
0 93
34 44
23 58
4 51
90 92
35 62
72 86
91 82
39 84
98 8
79 90
57 84
79 16
11 55
54 66
93 42
85 78
66 75
81 79
22 8
89 28
40 15
43 85
37 47
72 48
99 93
14 91
60 93
15 87
2 7
53 92
30 53
98 16
42 29
5 41
60 6
67 20
15 82
67 25
72 85
69 51
11 36
52 77
67 22
9 35
45 41
31 5
5 70
3 2
65 7
45 27
78 75
14 31
75 54
62 36
39 62
63 24
95 74
83 75
82 28
4 41
22 0
28 13
1 33
43 92
29 84
31 54
43 57
11 8
69 69
3 98
27 12
29 42
27 93
8 74
55 23
18 35
44 84
35 49
47 96
45 29
1 37
27 54
56 59
80 35
97 49
6 74
20 50
7 32
0 10
27 22
53 10
22 56
48 90
86 88
53 48
89 1
82 99
9 52
59 79
53 86
66 36
63 43
24 70
21 1
40 23
99 64
63 44
99 44
27 8
64 60
49 72
96 15
67 79
25 20
1 89
10 78
89 66
39 2
33 66
67 31
71 95
78 48
7 14
88 39
45 3
46 71
4 86
11 15
54 26
99 75
36 14
93 82
96 97
47 41
13 76
5 32
52 90
15 70
62 16
53 54
25 13
86 79
15 42
79 54
92 57
93 36
84 54
33 73
35 61
16 12
48 60
9 11
49 61
55 12
76 40
39 40
88 20
22 89
34 65
98 60
66 25
72 89
21 32
18 24
22 63
51 98
59 15
16 79
66 19
20 90
22 88
94 33
80 82
18 13
42 58
20 3
79 65
92 24
77 21
37 51
18 68
67 77
93 32
40 59
65 44
4 65
91 62
5 11
6 58
5 23
9 81
19 46
83 36
5 72
25 51
44 64
37 52
75 98
0 26
49 41
60 39
49 44
36 43
8 13
73 50
59 63
85 35
50 82
68 79
23 95
94 26
41 98
48 16
58 39
51 95
24 85
94 86
39 41
11 85
10 25
99 56
32 38
29 98
24 27
31 18
59 68
86 50
84 88
89 21
33 41
30 16
57 29
35 19
64 68
37 67
38 1
14 19
8 60
61 86
83 76
32 88
41 97
96 96
85 42
32 63
61 2
62 12
64 19
69 43
26 41
95 98
68 67
25 73
37 5
50 61
38 96
81 85
36 93
33 54
47 5
84 8
83 30
73 39
13 4
94 10
44 49
7 85
26 91
12 35
57 87
84 25
58 88
62 29
91 10
89 99
41 4
27 28
19 63
54 78
23 19
6 95
38 52
23 94
41 56
11 68
26 81
91 55
38 50
53 78
3 18
38 84
94 99
9 56
64 51
43 64
19 93
1 17
41 19
49 70
60 67
93 94
15 86
9 2
73 35
23 71
66 80
74 28
53 1
21 84
18 3
17 48
87 91
34 15
64 84
74 6
8 16
59 62
44 26
80 67
1 88
37 24
0 90
28 64
18 5
65 10
83 32
84 7
25 42
15 34
9 99
39 15
98 10
23 65
57 43
22 13
95 65
16 84
61 44
64 8
23 47
37 22
61 48
55 88
41 13
36 76
97 94
56 5
52 64
4 55
26 13
13 60
97 7
18 59
82 49
50 13
50 66
91 21
19 18
94 40
49 97
21 83
55 30
96 18
84 66
96 52
54 31
60 18
57 7
38 85
42 94
73 44
57 13
74 41
96 31
7 82
39 82
28 56
51 86
80 2
0 53
39 97
45 72
80 97
62 9
24 6
45 4
40 65
21 55
71 11
23 21
44 23
84 96
8 84
1 18
23 15
9 75
10 11
20 67
98 15
94 29
80 42
5 63
57 93
64 79
22 50
21 47
85 67
67 83
12 67
72 67
12 93
18 72
98 67
17 5
96 10
83 33
5 66
82 2
14 78
62 95
68 92
43 21
13 11
57 83
4 37
71 16
20 96
98 97
31 11
45 22
52 44
99 38
71 50
80 29
46 13
17 13
93 29
17 54
30 17
68 85
41 27
92 39
53 45
51 9
73 71
91 52
0 34
86 96
20 27
41 34
59 14
34 50
27 26
67 63
18 11
39 39
49 76
35 4
32 57
80 12
22 48
17 25
81 91
60 31
56 79
64 43
66 50
30 86
66 16
19 19
92 63
52 87
93 76
83 31
39 21
95 97
40 47
3 97
15 30
12 96
94 63
35 30
76 70
8 28
63 62
87 93
12 27
29 43
59 25
95 72
64 72
93 8
18 81
64 59
70 70
7 44
45 58
35 76
64 92
56 56
85 57
30 70
53 71
90 31
38 95
66 87
85 14
21 79
68 49
69 19
93 0
70 14
47 23
97 61
79 46
17 99
54 71
46 88
88 63
20 71
25 53
68 74
71 54
67 98
17 58
2 72
54 9
83 50
98 6
20 18
97 43
87 34
83 83
34 87
15 66
62 83
92 61
4 98
23 73
32 51
27 71
3 43
78 0
90 83
62 43
99 36
25 31
38 71
51 64
43 42
76 46
70 50
6 56
95 36
12 69
61 72
67 41
44 17
29 29
33 98
26 47
72 77
36 21
64 21
46 75
10 93
58 46
25 17
63 31
91 30
71 3
84 26
77 99
35 66
25 49
6 16
89 43
96 30
66 17
39 66
30 75
61 32
68 71
62 38
42 82
55 5
43 6
94 49
4 53
23 37
28 77
73 46
64 9
51 56
65 98
78 88
8 27
7 5
36 52
82 6
20 94
78 72
98 27
82 18
36 40
73 58
89 93
82 8
55 31
91 66
30 99
43 59
82 35
47 95
20 49
73 65
43 83
15 52
84 32
48 87
7 80
42 78
87 21
6 96
44 27
7 90
12 90
83 8
72 44
83 84
89 50
34 78
77 53
0 45
48 68
17 42
60 58
75 17
1 96
97 69
51 60
41 15
29 83
64 89
1 68
74 31
69 0
52 91
58 76
60 70
12 59
73 23
25 98
45 73
8 9
78 19
35 67
37 12
29 57
29 95
77 71
28 42
67 44
82 73
43 77
49 47
19 40
2 39
75 70
29 9
38 31
43 2
70 91
49 96
78 51
17 86
20 56
43 66
89 51
20 92
67 35
43 60
38 22
20 69
19 90
72 81
29 82
23 10
21 53
97 1
95 42
37 88
47 12
47 16
89 45
60 71
61 50
55 71
82 62
11 77
90 48
84 51
75 58
9 69
2 95
42 49
79 30
61 65
54 43
35 15
97 85
84 39
16 43
96 19
42 15
24 24
74 45
43 11
58 92
77 27
66 54
92 89
36 81
66 28
33 76
46 16
27 75
1 53
14 30
33 35
75 45
39 28
42 38
64 87
65 57
83 43
39 1
40 96
2 59
73 21
16 89
20 64
92 13
42 86
52 40
23 0
59 96
11 78
3 17
1 16
11 17
33 30
1 12
89 27
21 26
46 19
25 94
86 87
70 99
20 93
3 19
83 37
61 42
61 67
64 37
32 81
61 14
81 66
44 99
95 81
46 98
55 42
66 49
99 49
18 58
23 56
48 4
99 24
80 18
47 20
44 31
49 53
75 46
68 42
84 11
99 98
26 15
28 71
41 39
18 74
27 33
84 95
66 84
79 39
82 79
53 28
82 23
76 9
71 51
27 74
16 0
78 14
50 99
27 60
90 88
4 87
61 78
70 84
3 37
37 13
85 20
48 20
60 75
7 48
64 58
45 82
57 48
5 56
69 44
36 91
40 79
4 99
58 20
49 91
5 24
39 81
24 80
26 44
32 48
62 18
9 73
15 26
35 54
47 11
47 37
12 97
17 81
40 62
12 29
52 53
93 89
92 78
79 13
36 39
22 94
80 9
89 39
8 71
25 65
70 52
22 28
6 18
78 80
33 14
34 46
46 77
40 72
95 23
63 7
36 4
37 85
54 62
37 54
90 14
66 66
48 43
43 19
84 68
90 6
29 34
50 78
95 2
27 38
30 93
19 27
65 53
20 88
3 50
99 9
85 28
38 35
97 42
97 96
85 10
24 44
61 6
32 0
41 48
2 24
91 48
49 4
1 22
50 58
95 39
37 11
31 60
38 29
28 78
14 6
56 2
4 1
65 80
36 75
23 93
28 60
26 8
70 36
24 84
1 59
19 95
0 84
53 76
78 60
76 13
29 19
25 90
3 73
59 61
53 85
28 2
29 76
82 69
84 23
36 6
11 7
25 89
24 86
86 94
95 3
39 53
18 86
64 52
98 83
49 10
86 18
29 3
25 56
28 76
84 71
74 69
63 94
47 63
2 31
91 77
35 32
80 27
79 63
43 39
6 62
72 60
58 59
95 5
88 33
52 27
8 10
67 55
65 52
34 40
32 83
54 42
2 36
36 41
61 43
41 44
65 74
5 73
74 82
13 39
66 26
87 53
48 63
38 25
96 90
70 57
27 51
82 9
79 68
22 70
10 28
16 98
20 19
64 4
59 21
38 40
39 64
3 81
37 96
77 89
35 47
6 51
40 7
96 87
87 52
11 20
80 3
63 90
70 37
87 85
59 27
3 24
98 74
68 60
56 13
43 3
37 95
22 95
18 14
35 7
65 16
67 14
23 35
20 57
42 60
55 25
65 12
4 64
4 42
29 61
53 99
60 25
71 98
78 25
65 37
69 79
1 67
90 8
30 12
13 92
58 21
42 21
66 77
82 15
47 4
13 53
58 98
2 33
7 94
91 59
93 25
83 17
87 48
50 87
70 48
11 65
47 89
9 44
86 59
48 88
28 94
42 1
77 51
7 12
72 91
9 42
10 10
4 8
65 58
9 83
32 94
8 35
93 45
79 67
61 7
23 60
18 69
18 12
89 4
92 6
40 85
60 59
86 97
55 95
94 82
56 50
79 5
73 7
80 64
31 47
15 79
48 84
24 12
98 47
93 53
71 68
74 63
97 31
13 0
85 3
93 93
35 33
31 39
46 90
97 16
13 10
65 11
34 18
28 44
8 58
57 5
31 36
45 52
99 4
49 9
26 62
89 87
76 30
17 79
88 51
77 19
80 72
99 63
5 61
96 12
90 57
59 59
6 29
86 16
63 45
71 9
30 64
61 22
82 37
69 70
20 43
97 47
32 84
49 62
41 21
63 74
14 77
88 11
88 67
31 97
15 61
14 80
28 9
7 38
55 19
24 95
82 26
58 36
38 44
61 70
19 65
89 75
77 50
26 57
40 25
28 67
75 48
51 80
28 20
89 95
45 38
54 70
14 0
18 65
66 37
8 87
99 15
98 33
71 24
31 42
16 78
5 59
23 18
58 54
21 71
25 18
8 70
23 87
11 49
51 7
88 36
92 75
59 11
7 22
97 64
98 22
11 12
75 97
41 76
0 0
94 54
52 13
99 91
41 53
87 47
47 54
41 11
29 66
75 32
66 10
68 64
15 19
2 6
76 62
5 95
94 51
17 16
33 3
41 90
98 35
16 48
64 38
29 36
29 6
63 40
93 19
74 22
46 69
65 78
1 83
75 74
7 35
56 96
9 84
77 80
54 30
2 60
52 43
33 39
16 86
64 54
40 19
95 88
8 50
42 65
76 69
80 4
1 45
0 96
77 67
50 2
50 89
60 36
90 35
4 97
76 64
51 1
79 17
35 70
42 18
17 60
23 68
98 14
82 82
17 20
60 80
76 45
90 43
41 7
41 83
30 81
62 87
89 96
9 6
50 24
41 64
75 69
15 77
70 96
14 17
33 49
33 11
54 77
44 8
61 31
26 79
39 65
88 82
85 5
2 83
11 57
25 8
10 88
52 7
50 92
71 75
84 74
97 29
62 5
90 84
13 99
4 80
41 77
26 54
60 52
37 57
47 86
20 30
2 53
33 59
24 33
6 1
74 59
32 28
65 41
47 98
1 3
53 79
14 8
37 35
4 85
47 69
72 13
12 53
21 90
89 89
77 3
36 74
65 59
64 94
62 97
63 28
94 7
95 18
10 99
99 18
33 36
48 94
33 50
0 19
36 33
54 67
18 17
24 34
19 39
23 29
56 9
92 47
44 67
72 59
85 36
17 15
29 97
56 95
10 73
8 20
99 37
39 76
68 35
96 73
42 80
13 26
50 50
49 49
14 49
24 10
56 52
33 57
69 14
44 41
17 17
27 95
31 32
83 56
16 71
30 29
75 4
99 60
5 1
49 42
99 50
32 15
45 98
16 50
45 42
59 48
12 28
63 11
3 38
0 71
76 75
33 92
30 11
94 6
92 21
83 89
10 95
49 66
70 19
89 47
12 38
72 37
27 37
83 99
70 78
13 78
35 51
25 43
47 75
64 80
57 52
92 54
23 36
29 5
50 74
13 68
9 60
63 8
67 68
36 15
10 75
7 52
86 30
16 68
64 30
60 32
58 85
28 26
54 5
59 66
26 12
27 81
94 55
58 80
82 36
80 31
36 24
46 81
20 11
33 96
87 26
24 45
4 7
22 75
37 56
75 26
49 34
91 38
61 47
84 16
11 89
70 30
39 55
21 60
59 85
24 93
78 49
83 42
10 34
78 57
19 85
62 96
60 94
12 11
32 22
33 47
28 45
15 28
99 92
86 84
44 77
48 70
82 72
19 78
47 36
27 7
43 88
25 24
28 91
17 53
78 42
28 63
64 40
93 2
94 2
26 87
48 93
95 15
6 81
0 56
7 58
12 47
78 59
97 11
11 38
9 98
52 58
24 79
25 28
70 62
1 10
35 1
57 33
86 77
13 30
65 70
29 4
77 86
56 21
74 2
17 92
3 11
13 29
14 87
99 25
26 71
49 36
72 47
55 91
3 27
34 91
88 25
80 90
58 41
24 52
31 56
96 49
94 32
24 74
15 75
22 43
52 98
15 64
37 93
31 66
94 94
80 43
62 31
74 85
41 84
85 43
66 33
63 98
26 83
43 30
16 72
29 78
0 92
72 65
6 82
1 69
62 25
10 13
40 40
37 65
17 31
5 75
48 71
35 83
36 97
46 41
65 68
0 63
65 73
81 47
10 51
92 23
88 66
45 63
79 79
5 48
39 26
90 67
86 27
46 23
56 83
8 97
57 39
61 19
41 86
50 43
82 66
88 53
87 98
30 43
59 32
16 30
79 18
75 14
65 95
0 1
13 79
68 24
4 74
29 64
66 31
10 97
57 54
4 66
51 21
31 83
36 71
38 94
98 62
87 38
67 46
47 58
57 62
17 47
10 1
66 48
86 53
76 6
68 10
56 77
20 7
49 22
68 93
73 37
64 88
21 94
62 41
0 89
68 20
44 72
69 47
84 42
44 39
49 48
95 96
8 33
70 12
78 43
52 86
29 1
62 54
60 66
3 35
33 69
44 98
66 1
77 49
67 72
58 23
30 77
46 95
14 20
10 60
21 33
0 22
96 21
27 79
19 33
59 0
97 41
37 38
65 77
85 72
6 33
81 14
88 90
69 30
37 83
71 58
81 60
60 16
38 68
14 29
16 85
51 51
67 7
97 46
84 14
89 85
81 54
32 92
12 44
25 35
7 16
97 60
11 27
3 93
73 8
13 43
17 30
12 7
19 22
73 54
60 86
3 14
75 71
31 19
41 41
66 30
43 24
6 48
67 9
59 1
37 27
66 41
43 47
62 78
91 20
91 70
30 71
80 10
3 59
41 22
51 76
11 67
26 65
8 29
68 94
1 82
65 35
99 58
42 63
34 99
50 30
0 48
95 84
26 32
31 12
31 8
88 15
16 47
35 71
20 10
27 86
13 20
95 80
15 25
52 45
5 98
30 60
43 7
62 27
47 79
55 32
86 24
9 67
57 91
76 26
94 91
43 43
9 14
10 37
8 98
48 52
80 71
18 16
72 94
9 3
76 88
68 66
10 43
88 35
51 40
53 61
72 34
48 96
58 18
1 35
55 73
97 95
34 81
75 33
92 30
60 47
6 50
34 33
94 18
30 84
18 82
79 77
14 52
10 74
13 94
36 35
40 44
58 44
99 54
28 17
56 14
11 31
74 20
93 44
26 56
2 92
20 86
14 55
90 13
0 95
87 82
33 75
92 27
24 20
71 90
59 76
5 34
4 52
12 73
31 75
91 88
86 45
42 31
25 99
37 58
14 89
68 12
21 11
92 29
25 77
97 8
59 78
1 80
47 76
5 12
53 23
55 65
51 82
37 45
9 70
19 13
65 42
67 60
96 35
20 0
55 51
94 38
66 46
36 17
83 77
82 19
92 22
83 23
3 72
50 0
5 99
45 45
44 10
31 58
94 50
18 84
73 15
40 70
43 20
51 72
8 67
37 17
23 30
2 94
80 91
14 36
64 18
16 76
35 81
48 2
42 40
46 40
15 53
16 3
53 43
74 5
75 56
77 94
65 23
52 85
87 27
14 14
81 31
77 12
53 19
57 49
70 82
62 77
89 79
70 25
28 25
20 97
93 80
44 54
80 89
22 64
40 8
88 85
38 87
67 54
54 38
75 65
85 45
90 20
51 36
73 82
91 7
55 54
7 76
56 49
10 30
45 11
28 18
48 58
28 43
51 0
24 66
60 69
78 66
15 94
62 60
36 5
13 31
33 29
41 2
92 20
35 38
52 73
7 98
19 83
33 94
97 63
27 0
94 61
16 10
13 12
39 60
85 73
23 12
65 2
28 16
7 70
19 50
28 38
44 83
23 8
3 5
12 5
70 63
22 91
36 79
99 6
24 2
65 45
70 29
5 19
30 31
79 49
82 27
93 81
24 26
30 49
0 65
10 77
20 9
17 38
94 45
37 39
54 54
52 67
55 21
8 23
32 86
57 37
40 2
40 37
91 57
44 46
77 37
47 84
1 2
79 97
91 1
37 10
96 67
17 40
82 4
9 47
27 29
69 28
36 88
27 78
85 13
66 97
42 96
34 35
39 8
59 88
61 45
63 27
61 56
10 16
17 11
93 96
19 20
66 74
86 76
61 30
63 26
85 83
60 65
62 45
43 74
38 92
47 65
71 55
55 57
94 58
77 85
83 28
97 81
93 66
88 54
46 9
63 14
57 97
69 52
92 11
79 71
14 83
16 96
7 31
99 53
89 12
47 3
64 34
47 50
68 28
38 13
4 73
37 14
53 96
46 21
99 83
17 46
29 46
20 29
58 26
36 72
38 5
95 29
32 49
33 93
0 54
43 8
47 70
66 21
30 61
44 95
90 72
22 55
39 22
58 60
44 57
33 0
34 93
59 16
62 98
67 58
91 91
61 52
24 78
63 81
83 64
60 77
54 27
99 17
1 58
12 86
33 19
4 31
31 49
0 21
3 42
49 93
0 9
24 25
43 54
61 87
81 11
74 93
80 55
99 62
23 40
10 46
61 60
97 92
71 52
58 6
4 10
8 53
68 68
56 35
19 37
47 51
49 69
53 58
47 66
80 73
39 47
7 77
41 38
91 63
33 24
5 49
66 89
99 0
59 80
97 56
48 38
69 34
79 8
91 32
56 57
73 86
13 14
35 68
49 12
30 87
74 75
26 17
25 96
38 8
76 66
94 17
99 33
33 55
91 2
48 29
70 92
27 19
65 65
51 28
76 17
96 14
34 27
39 57
42 19
75 15
65 55
69 29
10 69
24 73
88 62
97 2
60 35
42 50
52 84
18 61
15 16
3 62
14 2
89 70
7 53
25 12
37 78
85 82
90 77
87 6
83 94
77 47
82 20
26 68
92 33
56 33
44 24
43 70
96 65
81 57
16 6
15 47
93 98
70 2
57 35
94 76
38 97
7 26
16 99
29 33
27 83
15 78
14 61
13 45
91 44
17 35
72 46
75 55
76 24
35 0
30 66
20 99
32 70
46 26
80 40
30 65
74 91
72 72
21 12
62 65
69 36
44 85
20 52
20 35
70 81
18 2
21 62
34 72
41 88
12 36
83 39
20 28
97 22
37 43
93 18
52 0
71 20
71 92
41 73
33 31
89 65
56 82
4 45
98 69
9 18
29 65
79 47
74 3
74 88
82 40
67 82
70 11
66 9
77 31
17 32
57 56
98 95
21 24
96 82
3 71
19 16
23 44
95 4
88 40
91 81
97 79
21 72
78 21
27 4
82 50
79 81
33 62
47 48
75 61
19 84
35 35
53 90
81 73
50 95
80 53
35 29
3 49
37 53
57 28
89 61
36 89
57 26
61 16
47 44
36 54
21 78
10 81
97 62
3 85
39 11
31 62
31 0
84 58
81 0
25 29
88 47
41 23
56 62
23 48
49 84
25 71
47 40
17 84
18 60
4 12
56 65
70 47
7 0
19 55
38 2
7 75
87 83
28 8
15 63
4 79
18 25
73 6
17 28
10 41
51 24
87 32
43 23
6 98
4 56
29 99
29 32
86 21
26 95
95 34
59 26
84 46
27 21
6 43
85 34
30 62
24 69
87 24
35 99
21 30
92 14
90 65
28 66
90 80
88 6
77 82
38 11
62 42
58 10
69 17
26 25
40 95
64 32
60 43
5 58
6 7
57 72
8 46
65 28
46 1
17 2
42 57
68 34
86 64
0 37
47 62
70 27
51 55
59 18
25 6
21 57
32 69
14 50
88 19
45 85
86 98
2 17
59 51
32 75
10 66
47 88
47 78
24 53
9 53
33 99
78 26
45 12
40 33
91 39
5 76
73 38
62 21
98 71
37 6
74 56
7 2
86 72
9 8
93 35
14 4
8 2
5 65
74 92
58 64
96 29
54 37
46 72
25 82
8 41
57 68
7 9
34 48
26 51
10 2
31 89
21 7
82 61
87 13
47 60
24 42
12 61
34 63
2 86
0 27
2 16
61 10
73 0
56 1
16 54
24 19
81 56
18 54
81 43
31 82
5 71
96 70
31 79
28 68
69 89
68 38
86 66
69 96
34 49
38 49
32 66
93 79
89 37
51 84
24 87
77 66
80 61
5 42
2 22
29 18
39 10
42 98
23 38
90 51
13 96
60 79
98 73
61 17
70 85
38 69
17 8
80 32
29 44
71 0
69 58
3 92
67 90
70 89
88 14
76 47
53 16
15 69
78 10
91 89
61 15
51 47
55 10
96 79
87 36
96 8
53 5
71 38
45 64
5 25
52 54
31 29
3 95
4 82
42 61
95 32
12 63
74 14
4 90
5 86
91 40
71 60
65 29
22 37
0 98
93 99
90 66
3 53
57 78
57 4
76 51
55 38
81 63
79 86
42 3
76 79
33 9
15 38
25 93
91 64
38 67
68 15
26 42
97 99
80 26
7 84
64 82
19 97
89 44
8 88
18 53
94 85
8 79
81 98
99 97
86 42
61 37
6 42
7 10
96 61
24 51
17 72
51 57
58 65
39 89
39 32
10 84
69 87
68 46
78 76
36 70
56 31
97 14
87 56
33 25
19 66
67 95
58 90
22 57
7 15
59 39
40 17
40 67
10 76
74 72
83 74
15 15
23 79
34 69
55 24
63 60
5 94
41 8
71 15
94 16
1 77
48 75
35 46
75 40
91 23
13 72
20 14
27 30
71 35
69 95
90 89
14 86
31 20
77 9
72 1
64 10
46 59
12 24
43 27
32 6
95 43
40 20
81 33
52 88
88 72
72 75
3 46
10 32
44 32
63 86
93 1
8 48
61 64
62 89
84 98
25 66
90 19
1 81
17 71
0 81
67 62
71 96
84 53
3 74
39 7
94 88
44 15
32 27
75 59
99 20
34 41
23 57
65 69
94 11
87 5
48 41
94 4
11 90
9 22
4 78
59 91
90 52
36 60
46 68
94 44
0 35
60 23
97 65
10 45
42 92
3 83
47 13
4 48
68 97
38 37
65 56
55 34
82 98
81 64
78 53
85 94
53 33
11 80
97 36
23 41
70 18
58 45
10 39
33 67
52 42
30 38
48 22
41 9
94 41
50 20
56 93
67 89
65 50
86 13
1 54
32 4
7 47
28 5
25 22
67 61
12 72
57 94
31 40
15 36
19 91
61 83
82 10
46 45
72 18
51 94
72 79
85 11
92 83
74 19
19 88
33 32
41 43
63 87
27 85
29 28
18 79
47 67
46 91
94 64
40 53
85 74
38 46
13 44
28 74
77 4
17 21
92 52
98 75
71 46
34 67
14 12
52 25
71 83
47 56
84 31
19 8
61 55
55 80
12 60
49 99
45 0
59 84
34 84
11 13
77 14
76 61
71 36
3 33
30 46
66 92
33 18
14 3
78 73
76 71
46 0
6 45
91 56
9 7
89 72
45 37
85 29
91 60
36 10
22 35
3 68
71 4
50 97
99 96
1 73
99 19
91 67
33 8
54 89
30 88
64 26
81 90
60 83
52 38
11 32
16 22
11 18
76 63
68 33
23 85
23 81
34 53
88 48
8 86
4 43
8 95
56 85
55 49
4 5
42 48
41 96
6 5
4 18
75 88
27 73
3 77
92 25
17 59
48 27
5 53
28 80
39 94
29 31
50 55
71 18
1 86
78 50
4 21
14 72
67 87
21 13
6 88
38 70
29 39
99 41
51 38
51 73
91 73
44 58
66 91
0 16
40 51
17 65
64 81
23 52
55 77
87 76
87 3
29 17
86 47
76 73
12 20
22 40
19 86
62 73
28 98
72 8
6 84
63 83
14 21
25 80
6 31
85 31
99 42
58 24
78 3
57 50
82 33
27 2
37 80
29 15
41 75
73 41
67 94
76 78
39 46
97 24
70 49
1 5
66 5
14 64
66 71
82 63
88 97
15 55
15 71
1 40
85 77
40 13
42 53
41 61
77 77
28 62
2 87
24 68
92 38
58 27
66 70
60 92
24 32
84 45
74 74
43 86
78 46
85 59
72 74
93 47
35 26
44 87
11 21
78 35
74 87
66 22
33 87
7 62
49 80
67 27
64 73
45 49
92 10
81 30
72 40
23 78
39 72
3 12
74 67
75 0
20 17
69 21
8 96
77 73
68 16
4 72
24 98
99 84
9 28
25 54
62 91
14 45
86 55
39 58
44 52
63 48
29 93
19 64
40 88
93 22
48 8
37 63
97 40
66 3
36 58
13 18
58 83
9 17
95 31
38 32
21 40
52 93
20 26
17 93
55 52
60 38
47 17
85 16
89 23
70 38
95 35
42 97
80 37
64 45
51 66
78 71
49 37
17 96
20 95
6 92
98 0
99 73
44 12
34 61
94 9
4 77
68 72
94 0
78 55
96 53
5 91
27 58
69 3
41 55
89 30
20 22
35 17
24 18
20 91
10 57
2 65
57 25
89 6
55 29
37 60
17 66
22 73
62 72
58 4
46 61
80 74
29 26
62 2
1 25
42 73
11 23
45 78
44 79
35 72
72 68
18 80
34 43
23 7
51 52
12 99
71 99
65 62
35 43
49 7
11 39
37 62
78 84
64 99
64 47
21 59
21 25
34 0
28 57
95 79
57 86
67 40
65 30
2 78
54 33
18 73
32 34
16 33
56 46
28 85
15 18
70 39
1 76
48 51
75 93
43 79
18 44
53 26
28 75
63 25
87 14
79 73
49 32
69 67
14 95
4 36
10 61
17 90
3 94
48 56
26 72
33 6
17 6
15 89
8 30
30 79
0 5
54 59
89 16
30 63
38 86
5 92
48 15
61 27
81 88
95 91
10 8
84 19
32 53
14 46
85 21
84 13
36 82
78 2
22 34
28 6
69 80
49 2
52 28
43 73
28 59
4 14
82 48
8 11
40 78
18 66
75 81
24 28
28 41
34 38
86 68
23 63
38 62
77 23
74 96
94 30
54 18
53 38
57 99
59 99
28 58
93 40
49 90
76 11
19 73
43 45
72 64
61 33
22 9
0 52
81 59
62 59
97 88
64 62
86 71
46 54
49 19
61 0
48 3
97 3
18 41
99 43
30 48
74 34
5 47
10 67
28 95
80 36
6 19
89 90
91 61
87 60
20 37
85 41
90 26
33 83
23 2
8 61
36 44
93 57
46 18
89 80
59 69
87 25
74 65
54 25
55 13
93 78
52 92
23 51
98 44
62 80
68 90
43 34
54 73
89 84
51 34
88 30
53 87
10 82
24 71
5 43
69 9
51 46
11 11
97 98
70 7
10 79
92 94
36 64
46 34
90 79
95 86
46 74
12 34
13 81
50 57
82 84
97 97
59 72
32 54
68 75
61 34
85 89
10 23
13 91
76 82
39 36
76 21
9 29
68 3
43 25
70 59
42 42
86 89
86 90
90 41
3 54
34 94
54 69
82 7
84 33
39 83
80 98
48 30
78 20
59 92
57 17
47 34
48 89
66 42
58 86
78 45
78 28
36 28
41 25
10 91
4 30
19 74
7 74
98 45
49 87
72 97
35 27
54 87
56 87
31 84
62 1
35 21
1 38
94 60
16 28
79 15
96 4
4 88
65 33
96 81
71 97
14 27
18 91
54 45
19 38
68 99
94 75
13 46
70 65
87 67
29 30
28 70
30 6
7 88
86 82
2 99
81 46
48 66
29 72
22 82
81 10
97 10
29 49
27 77
42 89
33 89
2 58
89 52
41 93
73 80
80 41
40 21
17 43
30 35
24 7
76 16
17 77
95 22
39 19
61 39
66 12
77 64
59 58
74 32
96 40
48 83
80 57
39 34
39 27
55 46
59 56
6 23
85 64
16 26
27 27
22 72
88 89
30 22
22 10
16 37
73 32
54 93
38 15
24 56
69 86
15 23
24 9
87 89
98 93
69 71
84 69
32 35
37 1
89 92
0 46
42 25
42 55
47 32
24 22
52 76
79 94
3 89
49 56
19 14
48 7
30 47
2 57
2 18
79 34
56 45
20 80
50 77
64 65
87 35
99 61
43 46
91 83
74 37
76 33
50 69
2 3
26 5
99 95
79 53
63 49
15 12
28 84
58 67
0 80
63 0
90 3
35 80
60 3
93 28
63 80
68 44
68 89
56 75
82 91
12 54
61 11
17 56
59 97
80 66
2 52
13 50
32 67
66 63
43 17
70 4
57 3
45 95
36 45
38 48
64 44
72 92
28 19
58 72
66 29
46 36
25 34
96 43
98 41
0 40
82 59
59 86
90 49
86 17
13 33
97 67
31 80
42 28
61 4
43 61
40 28
46 52
16 42
17 24
11 47
0 29
44 38
61 23
11 14
22 46
28 21
38 65
61 82
90 95
36 26
59 20
36 66
16 4
95 0
99 13
4 49
85 62
72 14
95 73
92 50
44 14
52 52
38 56
35 89
54 57
83 7
24 29
11 26
70 31
53 24
35 25
18 70
45 67
63 93
27 89
78 6
42 43
7 42
61 1
68 70
38 47
3 56
83 91
2 4
86 14
52 39
0 36
18 10
32 37
85 66
41 72
99 59
21 19
97 52
2 0
35 10
14 40
87 40
70 23
93 50
94 35
43 18
32 5
36 86
51 88
41 66
61 35
52 32
95 24
79 66
68 6
89 57
82 65
97 17
55 82
77 24
78 58
16 91
16 56
27 1
23 77
28 90
14 1
7 78
93 14
35 92
57 81
71 19
53 36
39 61
97 58
74 80
12 8
79 60
64 0
98 84
55 94
82 52
26 7
80 60
93 62
91 94
69 46
98 5
17 45
55 96
49 57
96 11
5 62
60 63
49 14
81 75
66 61
56 88
19 48
49 5
43 40
50 6
61 3
19 75
97 83
63 52
42 46
60 95
41 99
71 69
25 72
40 60
5 13
6 53
3 64
54 44
28 88
95 38
39 54
62 62
26 70
55 8
42 66
53 8
27 66
75 67
76 49
77 48
9 46
12 30
31 3
76 2
80 85
32 55
45 70
54 51
68 77
61 91
79 21
60 55
55 56
96 74
11 53
83 78
18 37
11 41
61 38
47 6
46 8
93 9
27 65
66 40
91 29
34 79
37 37
99 52
86 19
79 7
54 88
81 48
76 85
84 80
15 11
53 25
54 13
60 27
9 59
81 50
13 48
41 79
6 8
52 72
91 36
31 7
59 82
26 37
42 99
85 44
10 19
88 55
13 35
22 52
49 88
79 44
19 42
20 38
64 36
47 0
82 77
79 31
40 57
59 95
63 4
64 7
69 99
16 90
9 94
61 9
4 29
54 80
60 61
43 28
75 82
19 72
28 46
18 90
11 70
39 93
50 49
35 56
96 47
63 54
37 91
80 81
25 78
22 20
48 21
99 70
84 63
14 32
39 23
13 2
24 67
80 19
45 21
27 13
2 68
73 26
59 7
58 93
88 57
53 17
99 2
71 88
46 85
35 60
24 40
90 15
40 14
65 22
20 33
97 86
86 44
49 74
18 93
20 40
7 89
53 93
98 32
72 71
2 35
98 19
92 16
55 78
83 19
86 7
58 16
50 37
46 27
36 8
26 69
43 72
3 1
1 24
7 60
83 80
27 92
25 7
67 59
27 76
59 31
43 62
0 97
1 61
17 64
6 69
27 61
15 60
58 31
31 27
75 34
5 3
97 32
91 68
47 53
19 17
16 16
92 77
58 87
66 39
67 73
99 81
92 28
65 0
11 44
17 49
26 29
69 23
88 22
34 19
52 47
7 37
96 85
50 84
3 21
60 34
88 84
43 41
39 42
87 43
18 85
38 99
32 30
62 90
2 51
61 69
74 44
54 36
16 40
91 69
22 31
54 53
4 33
30 9
26 16
24 96
30 91
37 89
24 76
22 47
19 28
73 64
93 87
64 67
48 49
21 34
55 67
41 65
47 39
86 95
61 68
41 69
96 20
73 28
94 93
21 73
14 37
8 99
60 88
46 10
26 85
73 18
84 29
49 21
96 83
30 90
77 6
42 84
65 94
50 33
66 15
60 5
58 9
86 23
21 29
98 12
64 98
90 56
34 88
6 6
21 74
20 34
0 64
39 50
83 5
77 25
87 97
54 19
18 55
29 71
6 13
50 11
95 27
24 1
49 26
39 20
59 47
95 57
33 13
83 29
69 20
59 44
12 55
63 42
80 95
29 85
28 1
12 70
44 3
58 97
35 94
4 46
62 84
27 10
97 54
49 29
3 65
50 3
40 50
36 83
70 97
48 13
83 44
68 83
82 16
51 30
20 12
88 73
74 57
46 35
57 32
94 8
71 6
12 84
38 81
87 61
97 44
59 12
90 82
83 11
40 31
46 60
67 15
70 71
5 46
98 92
18 71
9 21
24 31
45 74
30 41
11 54
16 61
58 3
38 93
4 32
14 51
88 26
24 5
81 19
51 43
70 86
46 2
64 50
98 80
18 33
73 81
93 91
58 1
29 51
31 23
11 61
77 10
42 44
70 69
50 52
63 56
68 0
96 54
28 54
88 44
93 17
68 43
89 5
21 36
0 51
69 88
13 36
32 13
6 26
5 51
46 67
3 70
11 60
14 76
99 46
61 98
85 18
81 38
0 32
37 4
17 73
36 1
94 3
83 71
24 8
72 24
37 15
16 97
2 85
13 51
29 77
10 55
54 49
62 50
59 64
21 63
52 99
2 93
53 35
91 19
29 8
5 40
84 41
64 63
66 38
62 99
33 40
32 42
23 6
15 91
56 63
3 36
59 24
78 98
4 89
79 50
85 40
80 63
90 45
27 14
20 48
28 65
23 66
35 79
66 8
6 91
12 95
62 85
19 69
21 68
7 1
2 74
71 79
78 12
30 80
98 85
31 10
80 20
32 19
77 16
47 80
23 62
84 89
8 21
29 62
14 22
30 68
43 81
79 96
62 47
68 62
23 74
69 64
27 6
90 37
9 62
26 45
67 4
32 41
27 82
58 89
13 42
33 68
10 63
37 71
91 33
35 57
3 44
57 12
81 41
37 19
22 30
67 45
25 25
8 42
8 82
40 27
29 23
90 61
67 32
15 41
64 76
47 31
45 8
82 5
13 32
30 15
36 46
45 88
5 87
68 73
42 10
3 51
81 13
76 10
1 78
20 15
96 38
42 74
48 82
21 65
14 96
41 35
41 45
84 65
46 15
29 73
8 51
65 19
60 74
4 20
41 42
44 61
65 51
66 2
9 9
24 4
74 27
66 62
63 39
34 42
35 55
25 75
88 31
61 89
69 45
22 2
78 89
77 34
21 17
55 33
75 37
2 64
19 43
84 59
7 40
15 74
2 38
40 18
92 42
88 4
99 87
9 15
2 30
33 37
19 59
58 81
42 26
63 3
96 22
43 44
93 84
36 50
23 88
15 14
42 75
36 95
11 75
80 28
94 90
30 50
20 83
2 82
62 24
78 23
47 24
60 12
74 79
19 9
28 35
42 56
76 22
58 43
69 61
30 56
34 7
19 0
45 57
1 72
37 44
76 65
55 87
6 75
53 7
60 91
67 37
70 43
48 24
20 81
40 24
58 0
16 32
5 96
94 97
26 67
48 28
0 11
87 0
20 31
99 94
78 87
11 72
78 13
49 1
36 68
11 95
74 94
94 71
51 29
1 11
41 6
21 14
40 94
55 39
1 93
51 96
46 83
31 48
65 34
83 60
14 35
5 68
32 43
8 24
13 82
46 20
64 12
50 46
27 84
73 11
70 58
50 80
93 56
29 16
66 51
83 55
3 23
66 67
73 14
26 93
65 72
21 28
76 89
24 62
38 10
36 31
76 15
64 31
72 84
22 14
8 8
48 85
34 17
81 92
14 63
65 97
51 25
25 48
2 63
69 78
26 3
74 38
62 56
59 67
70 9
45 50
60 73
31 13
62 92
18 0
61 75
7 45
43 38
25 67
69 60
45 56
35 39
74 60
53 21
19 77
14 74
60 9
83 95
71 37
31 45
64 83
58 40
64 39
37 86
70 73
92 40
40 81
19 45
18 75
88 96
85 93
98 88
34 66
0 86
78 62
57 96
67 81
44 92
90 60
12 16
71 61
12 58
79 3
60 54
96 46
58 51
61 28
76 92
50 83
18 19
10 7
21 41
18 89
26 66
24 91
1 7
4 91
85 61
18 30
99 28
10 20
51 5
40 89
59 81
9 41
35 98
42 4
12 57
66 69
79 41
51 97
97 21
69 7
84 86
10 92
95 40
14 25
32 99
81 29
83 61
16 41
34 85
64 35
74 99
99 77
26 86
16 11
26 20
87 19
26 60
87 84
43 12
33 77
11 33
92 19
59 19
73 43
25 84
38 59
55 99
46 58
9 90
68 96
90 70
70 1
92 49
4 54
65 64
58 32
83 90
54 4
32 91
33 20
38 51
28 92
36 80
86 92
30 73
93 72
93 54
61 73
7 33
3 4
48 33
22 49
13 21
0 43
91 45
14 54
29 63
48 12
51 11
3 32
95 41
33 5
35 18
34 92
37 18
66 95
81 1
12 66
34 89
92 91
60 40
54 79
1 90
72 25
90 0
20 77
20 61
76 3
72 56
95 89
16 83
41 3
56 89
25 27
64 3
1 27
89 91
95 82
44 65
3 26
53 27
54 98
68 76
56 24
15 33
84 67
64 56
17 55
93 46
38 91
25 58
36 85
13 1
41 89
33 27
65 83
58 50
20 46
59 6
44 80
56 19
22 29
45 30
2 69
37 94
92 79
55 76
73 93
8 52
9 26
42 11
50 96
92 36
59 36
60 72
8 73
12 18
26 74
14 28
45 23
85 88
89 40
12 22
3 45
66 11
90 54
70 3
25 81
0 77
98 28
18 26
1 20
82 41
30 83
48 55
58 68
80 92
40 38
83 38
19 52
88 7
83 9
60 51
86 91
42 27
98 79
30 57
84 50
11 22
84 77
96 44
40 84
99 27
79 36
13 97
85 8
57 85
16 58
6 9
34 64
86 15
89 83
79 74
48 5
2 54
22 69
43 78
28 30
66 23
30 26
49 82
25 15
91 87
70 6
8 80
58 5
73 49
51 71
66 27
4 62
67 38
77 2
61 12
64 42
74 49
81 96
65 31
12 14
36 32
97 26
91 6
43 36
52 2
75 80
48 99
45 32
97 15
5 33
71 78
30 3
38 39
37 66
51 81
92 59
0 55
73 42
74 0
21 44
16 35
67 96
11 51
80 94
2 28
81 77
89 14
83 20
77 45
45 68
44 28
88 70
63 2
5 21
67 18
54 58
71 29
8 64
57 41
6 54
47 94
38 66
8 37
98 3
92 71
20 74
8 5
3 67
43 99
87 71
77 79
20 73
88 80
89 53
99 7
54 68
35 73
77 11
3 76
89 68
22 80
99 1
58 82
91 58
1 47
24 57
93 52
43 75
17 36
58 77
84 30
95 1
82 78
40 58
76 39
66 94
80 11
88 87
40 80
8 25
65 48
13 70
49 55
92 45
21 81
90 81
17 97
88 5
56 70
19 44
38 80
66 56
50 86
7 24
39 63
49 65
47 9
20 65
42 76
54 56
39 35
92 68
75 66
67 74
97 66
69 12
6 37
27 35
51 33
8 49
41 81
10 85
8 19
92 4
16 44
78 47
98 31
67 53
13 27
79 0
71 2
37 55
97 77
49 73
55 40
7 68
17 10
39 75
58 19
65 96
55 85
73 24
26 35
79 99
8 69
87 10
79 45
46 94
62 66
32 46
63 16
74 13
45 93
63 88
59 71
86 74
96 0
80 68
88 12
84 18
83 62
89 19
46 7
14 16
90 42
64 15
69 55
15 7
21 20
57 65
88 93
92 8
56 81
55 43
26 36
3 78
19 34
80 77
11 84
31 57
46 46
2 97
32 93
72 51
52 89
73 13
70 66
74 76
90 30
71 84
81 21
18 49
81 5
57 46
62 74
21 35
85 17
49 92
80 15
55 4
38 45
15 3
51 74
82 1
42 37
7 27
80 48
41 85
74 55
56 37
42 64
40 98
88 94
72 50
6 35
29 52
36 73
38 53
94 24
64 49
23 96
1 71
58 13
27 64
29 41
72 41
87 20
3 7
78 65
33 72
84 85
82 55
29 38
60 33
95 49
22 18
88 1
55 61
25 45
39 70
7 72
16 73
40 92
34 51
86 5
89 10
10 56
36 36
47 52
89 9
22 85
57 11
75 47
26 40
28 73
65 5
41 26
90 97
73 75
10 31
96 60
30 28
37 72
59 49
1 56
91 93
53 70
80 54
74 42
33 81
42 6
83 6
72 31
55 62
48 32
88 23
2 91
47 21
37 46
76 43
71 72
48 6
72 43
36 69
23 67
72 6
38 90
33 53
86 49
98 1
72 55
16 63
86 3
98 43
42 91
14 99
12 79
60 49
34 5
16 53
33 42
23 75
63 58
76 98
65 47
95 85
47 59
13 93
95 66
97 0
54 99
98 63
97 51
65 36
58 14
3 20
74 68
64 23
83 79
36 65
3 80
40 26
46 48
69 49
60 99
53 20
54 76
5 81
2 20
59 2
65 3
61 80
58 47
30 94
34 9
85 39
90 96
86 52
7 81
16 36
20 44
66 14
1 94
6 60
28 4
37 3
34 34
10 4
26 73
75 76
28 61
7 83
74 39
27 20
88 0
33 15
63 15
98 52
19 21
43 82
70 51
40 69
55 86
66 72
45 24
45 80
96 45
79 19
39 77
62 40
58 94
56 61
83 63
26 80
73 99
62 35
34 30
21 38
55 1
43 31
50 62
59 22
17 26
35 48
83 35
85 84
46 17
10 15
10 96
67 75
4 24
5 14
1 64
56 16
8 26
34 37
85 70
15 10
17 61
22 99
13 66
65 54
2 43
74 15
99 67
31 21
59 4
38 42
34 76
97 48
86 36
37 25
52 95
1 23
51 59
53 64
38 12
47 82
54 55
73 70
68 25
64 27
89 3
86 78
81 7
20 84
6 80
41 37
93 24
15 43
9 24
81 18
64 96
80 8
33 23
99 34
18 38
7 97
14 75
8 59
11 58
51 4
15 48
57 9
77 33
26 64
19 80
30 23
8 39
30 69
38 19
27 46
32 24
32 97
18 9
58 69
70 61
9 19
95 12
1 42
17 51
1 1
49 28
98 70
57 47
94 67
14 66
55 59
67 3
0 7
0 85
94 19
22 58
35 44
13 59
82 83
54 14
27 15
12 31
27 43
45 81
34 28
24 46
45 59
14 5
13 54
89 63
65 39
43 14
21 27
46 44
95 7
22 81
50 29
28 39
81 62
72 53
84 99
32 32
71 49
46 39
18 45
75 92
25 70
34 98
96 88
95 77
26 55
99 71
44 59
68 81
88 79
80 70
90 44
2 1
64 75
35 88
75 1
79 27
92 80
24 15
10 83
34 90
41 71
83 65
32 33
43 65
20 2
37 90
1 29
31 78
60 96
20 5
74 24
58 35
52 81
18 56
91 11
4 70
86 9
28 23
42 70
49 59
11 91
67 50
87 70
26 33
93 71
44 60
99 89
38 98
68 23
9 76
6 32
20 55
51 6
28 10
59 29
7 73
57 98
89 32
13 73
81 52
86 41
79 37
91 27
29 10
33 2
42 85
7 55
90 22
18 67
92 44
82 39
50 75
10 70
6 36
56 43
36 2
68 36
44 63
3 10
91 51
86 25
3 82
64 41
26 82
77 46
35 65
51 91
78 16
91 84
15 20
38 30
72 29
94 15
48 31
84 62
37 84
0 42
38 41
69 5
65 27
70 17
77 62
53 94
98 20
83 53
92 70
32 77
54 72
81 22
26 39
92 5
79 70
49 75
78 17
39 51
22 74
87 33
28 22
3 31
7 30
62 37
52 16
12 91
24 61
37 87
54 11
54 64
91 13
79 6
71 74
55 58
77 52
93 30
74 50
53 97
50 98
74 43
76 58
45 10
92 1
53 60
83 27
15 58
45 44
27 16
89 46
32 98
36 90
50 22
50 28
45 1
9 49
65 43
81 17
61 29
1 0
67 34
27 23
24 88
12 45
16 92
11 69
87 37
30 32
85 90
91 41
95 59
73 31
64 5
49 86
82 54
19 23
79 84
6 52
31 4
50 64
54 96
56 39
41 20
82 92
81 12
44 19
55 18
54 84
88 18
67 13
24 77
44 62
34 73
95 99
11 43
0 87
8 7
97 33
85 52
83 98
33 70
4 96
3 15
27 45
93 73
33 97
3 61
79 4
52 62
46 99
51 8
55 66
68 9
0 24
0 47
77 8
22 60
79 93
86 70
93 61
47 7
79 28
23 50
26 24
0 94
3 39
22 98
12 42
5 35
60 7
26 53
69 48
82 31
24 47
22 26
4 95
4 92
43 95
81 9
83 24
32 85
63 17
31 37
17 41
54 21
48 36
68 65
77 44
24 11
79 23
66 53
30 54
53 73
72 27
75 27
76 90
31 93
44 35
62 53
81 72
72 66
14 82
41 52
67 78
13 24
12 56
30 98
67 26
40 5
73 68
36 19
65 63
1 99
45 76
57 16
79 69
32 29
48 81
95 63
22 6
7 79
34 26
20 25
37 21
74 48
99 82
78 30
91 72
63 89
75 79
92 17
96 41
64 28
85 58
20 16
22 51
87 90
93 65
42 5
25 55
21 49
83 73
9 92
48 78
64 90
59 94
69 74
13 69
64 46
12 12
39 69
59 50
93 70
61 53
84 9
99 22
56 18
41 32
66 81
63 82
9 68
18 92
13 5
5 0
36 13
12 10
2 13
1 50
69 62
50 63
31 46
64 2
2 44
32 73
29 67
11 25
57 77
1 87
10 36
86 11
65 75
94 81
31 99
92 56
2 2
78 32
54 2
96 95
47 27
45 89
44 88
98 58
53 68
67 2
8 72
22 38
12 94
46 6
53 37
33 46
91 15
31 71
39 87
35 53
97 93
50 34
32 52
92 86
56 4
8 90
50 72
88 8
0 4
12 71
98 26
85 49
86 8
72 17
92 58
60 82
92 97
87 68
49 52
12 32
1 55
54 97
78 63
27 97
36 48
27 69
78 27
56 69
38 73
80 22
69 25
78 77
70 45
67 70
97 34
30 59
80 65
94 59
48 62
9 95
48 39
83 97
77 43
79 89
68 53
85 47
92 67
97 12
50 15
73 62
5 38
44 9
90 74
66 90
19 62
79 95
39 33
89 22
34 47
10 89
92 99
95 75
41 70
93 26
56 34
10 50
3 88
55 60
56 7
95 33
21 88
16 87
23 11
57 44
5 79
69 11
98 21
98 7
22 11
5 80
18 62
24 99
63 65
13 87
64 1
90 62
97 68
94 87
76 48
74 98
53 72
9 97
52 36
44 75
62 17
34 36
62 19
33 86
15 13
11 82
56 73
99 11
59 45
66 86
8 43
73 36
0 99
55 41
6 71
43 96
77 63
19 29
1 43
4 0
55 20
69 1
68 95
18 31
97 18
49 89
98 37
37 31
9 77
84 75
68 27
20 60
40 36
29 68
32 71
38 3
35 85
85 6
0 30
42 62
47 91
88 50
13 37
51 48
78 91
37 29
62 67
36 78
77 98
2 49
98 51
4 38
91 0
90 21
6 46
17 67
81 3
80 14
46 84
88 24
84 61
14 23
59 93
42 77
9 79
47 97
13 75
65 88
7 99
32 8
26 38
40 43
47 68
99 21
16 29
87 46
68 1
45 31
75 24
7 95
79 40
88 17
86 54
29 20
81 78
1 44
28 69
71 73
49 6
35 63
45 51
85 92
97 87
55 75
48 9
52 15
6 10
71 87
66 47
17 27
92 51
89 58
39 68
86 29
28 52
61 26
18 21
33 80
62 10
38 55
15 39
96 58
80 23
29 55
92 55
13 62
71 23
95 94
95 60
28 81
96 64
87 96
70 26
36 92
1 31
37 79
81 61
39 52
93 39
38 77
19 94
88 27
24 36
12 88
24 16
40 97
77 22
21 56
49 71
39 71
65 61
58 73
84 12
81 74
65 1
16 2
59 34
74 83
50 65
85 15
54 0
21 77
96 34
68 86
76 37
98 39
33 63
19 51
47 92
1 28
48 42
96 99
12 87
57 38
52 50
8 22
47 55
92 60
74 4
16 93
25 4
80 76
79 33
61 51
19 1
50 88
45 15
4 6
60 42
89 15
69 24
39 73
53 11
64 71
65 32
15 44
4 81
35 14
67 39
46 32
0 75
53 95
86 99
82 3
58 57
23 92
2 56
6 87
18 43
8 91
88 3
9 51
97 80
77 59
33 4
31 9
57 61
19 31
45 77
97 90
70 10
67 85
13 84
48 57
48 26
81 51
49 31
81 65
32 58
25 36
7 34
93 37
70 16
53 83
30 92
32 64
61 41
75 84
5 7
63 61
86 51
87 17
58 71
67 11
17 52
27 88
86 12
16 5
71 7
43 52
43 87
13 83
53 22
39 9
16 14
96 80
32 74
55 98
19 7
90 99
21 22
77 30
53 89
68 22
11 0
0 33
57 42
81 15
14 24
29 45
16 21
12 52
51 83
76 59
82 67
31 51
53 50
19 6
79 11
90 1
93 23
87 23
67 57
60 78
63 67
51 37
43 53
87 42
71 64
30 82
69 4
55 7
32 31
88 21
72 32
83 25
27 18
4 76
81 24
58 33
25 44
89 18
3 34
73 29
69 8
43 58
85 97
7 13
83 67
81 26
47 85
15 37
83 22
66 99
60 64
2 42
75 9
22 68
57 20
92 98
1 63
45 79
72 2
68 29
16 80
22 71
51 58
36 16
84 60
4 69
35 86
57 71
53 88
6 86
58 49
50 19
31 85
31 91
13 8
60 89
93 5
68 57
41 67
46 89
41 63
95 46
82 81
35 40
32 89
67 91
78 92
86 58
36 57
18 4
39 25
91 37
88 99
15 46
30 72
71 39
6 89
10 58
83 82
83 1
45 54
42 32
45 19
58 63
76 0
79 1
76 60
59 57
35 28
89 71
48 11
77 60
74 70
96 39
68 61
41 5
84 82
74 73
13 85
43 9
47 33
3 29
67 64
30 24
71 77
32 95
56 66
90 75
99 72
71 28
59 55
63 71
20 42
75 96
52 51
85 7
7 69
55 55
78 95
59 42
73 56
27 5
26 10
65 49
40 52
49 15
67 51
57 14
20 20
43 37
92 0
0 83
17 62
45 90
38 76
0 49
24 58
59 43
32 80
29 91
21 76
50 85
48 17
33 33
30 13
65 46
0 12
43 1
42 2
33 65
82 88
45 9
52 56
56 51
45 20
64 33
25 86
98 81
73 55
90 32
4 22
8 36
33 51
96 77
21 61
90 39
30 14
32 25
39 98
90 91
96 56
89 88
11 35
15 85
60 8
48 76
69 54
48 54
13 71
30 10
83 13
70 56
40 11
65 91
49 68
9 55
0 73
24 82
78 44
85 48
32 44
37 40
91 97
65 67
38 72
91 43
78 24
25 57
7 86
5 36
99 69
38 79
31 95
89 11
30 21
19 76
44 2
37 68
20 4
1 32
11 83
99 88
56 30
57 21
28 82
42 35
69 63
58 91
58 25
71 80
92 53
31 92
81 93
9 37
76 72
63 72
74 54
40 75
15 1
28 3
67 76
79 85
66 58
61 20
54 47
33 78
69 76
86 28
79 64
92 81
1 21
47 64
53 62
61 61
84 24
22 15
73 73
44 56
12 39
91 22
85 60
43 16
96 3
46 65
55 6
90 85
34 39
18 95
11 40
84 83
66 96
92 41
50 10
83 59
92 73
9 96
23 24
32 36
41 47
5 77
56 98
73 78
56 53
34 71
32 62
26 43
67 30
65 24
49 58
52 96
11 16
12 1
52 37
89 55
9 58
18 57
82 24
86 4
0 59
98 18
43 35
50 76
