100 3
64 87
2 13
85 27
53 87
26 22
83 44
84 63
17 47
56 57
75 73
48 83
88 87
80 66
82 78
54 16
70 65
94 45
55 69
26 16
89 4
5 58
41 4
28 52
46 22
96 85
3 91
26 92
43 42
54 57
83 89
16 16
20 21
38 94
79 33
69 69
37 73
83 61
8 88
97 35
16 42
68 64
16 84
41 17
39 47
39 1
83 28
75 49
94 63
53 95
94 10
20 55
95 21
7 10
51 1
58 76
85 8
36 1
25 20
18 28
75 53
18 81
10 34
10 3
92 74
53 58
11 55
88 55
40 58
64 90
22 76
93 35
52 44
23 19
68 18
59 21
11 10
36 66
33 92
70 1
89 92
54 33
13 81
63 9
64 11
52 19
31 99
25 61
46 15
36 14
98 45
21 34
49 38
59 11
69 47
34 12
35 72
64 18
88 76
38 83
55 79
92 71
12 62
5 42
12 85
59 71
53 7
72 9
55 55
30 45
89 41
84 6
33 13
15 69
79 50
58 57
35 38
64 57
52 69
61 29
49 84
68 41
83 8
41 33
3 44
14 55
9 95
42 66
16 45
39 7
46 45
59 24
4 30
34 72
96 32
4 56
97 41
76 73
17 3
36 9
74 92
11 33
18 74
65 99
92 73
94 31
21 20
22 94
25 78
31 49
92 75
41 3
95 39
93 20
64 53
38 8
71 44
66 0
96 74
74 50
44 51
59 20
50 24
64 33
65 85
23 64
31 65
44 72
52 45
43 73
43 58
97 14
18 8
51 97
32 23
35 13
75 13
52 6
24 80
65 20
49 41
55 92
88 30
91 61
10 88
4 65
13 44
85 58
80 93
73 28
60 81
1 86
83 63
6 66
64 32
93 17
39 98
43 66
31 25
65 17
50 44
80 63
96 35
85 68
34 76
14 19
23 5
9 62
85 91
85 50
68 19
40 45
87 79
6 86
91 19
90 88
67 41
45 72
67 75
77 31
73 20
9 76
55 74
56 55
50 76
24 87
10 51
66 31
19 93
78 33
69 29
45 43
1 44
11 8
9 26
50 72
73 32
90 12
86 58
54 24
47 77
30 64
28 82
31 15
39 40
2 61
84 56
35 55
48 55
86 53
42 67
28 9
9 50
90 3
0 91
34 38
55 88
79 70
71 41
67 34
37 77
28 16
3 48
68 69
25 59
44 23
34 85
47 39
99 4
70 69
26 57
37 46
90 95
45 19
83 59
68 45
71 18
79 76
4 87
60 0
62 62
66 68
23 16
37 43
99 88
57 54
54 63
36 5
25 74
66 50
41 85
43 54
56 21
3 81
19 34
88 97
98 18
36 27
22 48
3 11
38 75
67 18
23 24
16 94
54 64
17 68
75 91
37 63
35 31
43 27
95 73
9 91
34 71
99 14
39 60
68 67
64 36
23 45
54 40
65 57
50 49
32 10
76 7
69 39
16 91
5 11
61 72
18 96
63 54
52 56
88 12
59 36
40 26
6 1
52 47
74 2
4 52
37 96
52 66
60 93
90 35
7 0
40 95
92 14
17 9
64 43
20 23
80 38
68 82
36 57
51 50
72 19
46 81
27 6
15 92
38 88
64 60
98 46
85 44
60 53
80 83
45 15
16 70
77 79
71 59
17 75
5 66
43 90
29 19
47 53
75 25
95 90
27 60
43 43
29 28
41 82
22 97
31 22
21 1
59 66
68 57
14 56
97 66
38 55
84 80
20 87
19 15
61 26
36 29
61 16
59 43
27 53
91 10
60 49
98 19
13 88
88 18
53 96
62 57
56 9
11 78
62 29
36 77
78 15
74 17
74 11
37 2
21 18
60 46
44 49
35 59
33 31
59 55
20 76
52 73
95 15
2 74
69 82
60 89
76 58
5 50
17 66
51 78
84 12
54 62
18 25
85 94
80 17
35 71
20 93
91 2
48 98
25 94
67 19
49 31
92 18
79 63
55 78
82 48
62 12
5 72
18 2
50 0
86 88
73 6
12 21
85 36
69 90
14 80
90 82
70 14
88 25
72 22
77 95
64 24
41 38
63 97
26 64
21 22
36 98
6 99
82 72
16 85
59 7
3 69
32 14
88 7
13 5
13 93
28 50
52 37
35 73
74 40
21 37
67 46
98 83
84 16
18 3
99 72
73 24
57 40
5 73
8 26
79 83
41 60
99 45
11 15
79 54
79 3
76 2
11 77
32 32
5 48
91 21
70 40
48 54
34 31
45 45
34 98
85 10
75 36
6 41
12 2
94 59
32 76
12 78
30 18
5 95
91 5
75 42
68 73
80 58
82 14
83 23
58 33
61 34
67 21
49 80
43 12
97 2
85 69
6 26
0 81
12 10
45 12
18 18
29 45
75 2
66 43
3 78
63 85
86 43
46 44
16 12
38 54
73 87
65 72
47 36
40 36
3 86
98 98
70 12
29 15
85 52
17 4
22 3
82 20
54 48
49 29
9 11
51 38
14 71
9 31
48 89
99 37
7 31
58 39
75 48
97 88
18 71
53 81
15 36
14 62
15 77
87 62
58 36
34 41
50 23
47 35
16 81
20 62
37 97
97 55
36 99
67 58
86 87
57 20
22 72
32 98
62 42
5 8
14 84
13 69
89 34
37 22
53 39
39 4
44 59
12 45
34 74
93 2
39 77
84 87
4 61
1 11
30 85
85 19
71 34
43 76
64 61
52 89
78 75
16 65
45 40
73 33
66 61
55 42
3 75
7 34
17 73
66 11
46 6
87 53
90 8
83 20
52 79
25 55
10 47
67 47
49 94
93 93
22 9
22 17
99 49
5 1
88 23
14 95
58 34
37 64
23 37
94 72
25 8
51 69
92 27
31 18
20 27
30 52
31 21
22 50
48 92
65 69
69 61
30 53
67 15
97 69
81 26
61 56
81 1
17 11
75 12
66 94
88 82
34 81
47 98
52 38
76 20
47 29
69 88
32 67
70 17
1 48
91 42
16 66
41 1
96 69
8 52
88 37
69 56
75 5
67 69
55 75
42 30
98 6
28 1
47 7
67 97
0 46
48 64
59 98
98 40
31 27
78 49
2 97
26 45
14 39
79 72
56 2
24 19
68 58
72 91
35 66
5 23
29 3
34 99
90 28
81 72
27 82
52 18
46 8
33 65
1 96
12 22
80 45
33 18
30 72
29 86
52 10
50 47
40 83
21 83
93 37
81 27
68 38
13 17
15 9
98 27
4 95
36 6
50 59
99 5
12 97
49 87
67 85
49 4
32 90
75 43
15 83
15 3
58 6
58 30
35 36
41 61
25 36
21 49
73 2
10 95
38 6
52 88
60 57
34 3
53 45
42 91
34 33
2 50
91 8
11 22
76 84
41 55
56 87
38 51
73 78
47 10
15 59
76 49
92 29
77 66
96 3
48 5
25 76
34 22
39 36
12 42
88 94
4 25
69 14
17 92
3 73
81 11
10 62
63 24
57 90
11 59
27 37
24 7
74 90
42 84
90 20
49 20
52 90
72 40
44 76
12 98
38 37
9 48
82 24
85 95
50 80
76 64
66 1
55 99
2 25
99 21
21 88
80 70
71 90
12 73
92 19
61 31
91 76
86 72
4 42
99 19
60 90
94 9
90 32
46 33
82 28
10 91
5 89
9 32
82 8
50 74
16 39
32 91
16 9
11 11
89 81
20 28
36 83
67 67
62 78
26 29
9 33
87 65
0 43
66 92
91 52
38 72
73 75
70 33
68 74
90 47
34 19
98 71
9 8
12 72
47 15
65 71
53 72
97 82
85 34
57 78
11 25
85 7
81 5
81 77
25 35
89 44
42 40
79 74
94 95
72 49
88 8
32 49
37 76
85 9
84 75
77 59
52 74
36 40
55 6
69 26
61 21
96 47
76 68
64 69
28 35
50 3
3 47
9 3
76 31
98 72
82 34
9 49
21 74
19 12
68 6
38 0
58 44
21 50
44 27
87 34
81 63
85 25
51 61
16 53
98 97
74 12
97 20
13 76
95 9
43 29
62 4
33 68
29 8
60 61
6 17
40 4
71 87
7 35
76 88
13 36
55 46
58 77
70 19
2 93
84 14
50 48
3 65
28 97
15 93
99 80
89 2
88 10
17 65
98 92
97 46
54 73
6 23
43 87
44 58
17 63
23 59
7 32
94 77
27 62
21 63
64 38
26 68
28 76
30 8
96 83
51 58
47 8
24 24
84 82
96 9
26 52
50 38
0 74
65 44
57 43
70 55
16 87
8 34
12 60
45 86
67 72
88 1
77 4
34 82
16 22
87 27
80 52
49 77
45 25
64 79
45 38
28 13
60 26
45 24
30 36
49 19
64 55
91 92
11 21
92 41
72 73
80 95
24 92
8 51
84 77
26 37
71 89
72 47
77 21
3 71
17 46
45 65
80 0
58 67
53 13
65 66
16 86
41 14
50 46
12 92
51 48
21 10
36 72
50 29
1 76
39 72
38 70
58 12
15 98
51 85
19 81
65 9
79 11
25 84
94 60
61 22
0 82
7 66
58 54
82 37
98 84
73 49
83 56
35 4
1 62
38 71
57 9
14 67
74 22
28 29
3 68
6 72
19 53
95 20
95 60
43 21
75 92
3 0
91 97
59 8
85 81
87 43
62 55
94 92
57 99
65 16
80 74
23 25
96 4
64 16
48 6
1 40
5 94
35 41
81 12
33 76
94 51
72 3
12 41
36 39
38 2
15 86
24 56
51 65
67 73
94 70
17 49
36 80
30 90
36 70
30 51
58 37
58 56
46 32
24 62
36 10
47 94
0 39
54 4
77 73
23 39
71 24
76 76
30 17
83 30
39 48
48 81
30 0
36 60
61 40
88 98
8 9
2 33
66 54
60 39
44 66
71 28
70 93
64 21
76 17
37 82
35 14
88 50
78 82
94 96
13 29
43 59
46 71
51 83
24 98
61 36
82 77
84 34
53 50
53 9
56 18
22 7
81 51
47 40
20 45
99 87
76 35
76 16
22 59
33 99
7 11
70 78
52 51
58 1
54 68
31 93
92 62
90 51
9 10
96 29
94 50
2 38
73 69
52 0
31 88
15 62
3 3
13 91
45 57
84 38
90 50
43 17
84 58
88 81
21 99
60 99
77 29
90 74
54 18
61 89
97 59
96 10
89 18
84 28
24 27
77 41
68 81
56 23
56 92
78 57
47 91
82 81
26 7
19 30
1 78
52 84
94 44
22 79
49 6
83 29
70 46
56 89
83 39
67 88
16 67
93 5
24 78
86 34
0 50
33 5
24 47
63 32
95 62
57 92
44 29
44 37
18 26
59 52
29 0
93 45
18 64
0 61
4 86
79 59
62 73
68 13
16 10
2 29
28 61
91 22
48 61
71 78
65 98
32 69
87 49
43 34
90 62
58 7
39 68
8 78
96 60
91 49
67 44
70 76
2 71
51 59
73 52
75 0
49 81
31 58
77 70
99 12
74 31
2 95
11 48
66 91
79 65
66 32
65 3
7 67
32 97
79 46
74 77
69 24
84 65
99 29
4 0
65 86
77 81
5 96
87 58
48 33
38 4
80 25
72 50
13 16
55 47
68 43
20 39
82 66
56 78
86 38
47 44
58 98
29 1
75 65
94 61
36 75
26 34
2 85
82 17
95 96
72 54
38 45
18 62
52 75
2 62
73 61
29 72
27 38
33 78
44 82
0 78
56 81
20 14
51 6
39 62
23 48
46 29
41 79
41 2
46 59
23 54
48 41
99 42
24 40
65 90
34 36
14 8
88 59
7 69
73 5
24 63
17 60
9 74
12 53
70 34
39 49
62 85
29 63
86 99
37 11
76 43
86 91
90 49
65 63
83 96
1 52
81 50
85 37
61 99
52 70
4 68
53 38
60 10
45 36
61 20
63 68
68 10
3 21
85 49
93 51
52 55
65 58
51 9
64 8
63 66
63 13
12 35
52 77
44 60
14 38
72 2
80 23
39 3
8 76
11 81
98 34
93 28
36 63
0 17
25 77
37 69
15 24
19 57
35 26
37 26
30 29
41 29
38 16
20 16
50 1
0 11
52 60
49 26
32 57
80 79
88 51
67 57
33 93
60 3
27 12
77 71
83 9
15 73
10 66
83 5
7 28
22 35
69 6
18 33
46 39
2 18
11 88
27 13
38 29
17 54
12 33
83 78
30 93
25 86
5 26
64 99
98 12
83 14
10 55
35 17
5 22
13 26
71 58
61 90
53 74
41 6
76 25
83 18
36 45
45 13
88 34
15 21
5 13
0 10
42 65
69 9
58 88
0 15
60 55
14 48
10 82
27 3
2 73
84 52
18 32
94 90
51 34
23 61
97 57
96 13
4 80
92 98
93 82
6 0
82 47
24 38
6 37
44 78
11 40
24 43
19 42
18 27
18 17
75 23
40 97
52 33
24 71
57 47
39 59
49 71
59 74
9 42
35 62
83 4
37 90
39 27
54 96
35 70
28 72
23 14
67 83
25 81
7 42
56 73
61 82
41 19
78 56
6 32
12 65
49 45
95 80
5 62
53 69
72 93
62 58
18 94
28 26
75 55
57 51
73 19
18 63
16 8
25 73
27 49
63 92
31 86
30 47
59 58
74 73
15 61
57 82
76 52
76 75
94 85
75 37
88 38
17 5
50 94
77 64
88 16
32 28
88 49
1 98
86 71
70 61
93 53
54 22
41 80
2 9
22 10
53 19
91 27
12 54
10 69
30 97
21 84
77 6
62 3
85 35
94 19
81 18
2 87
98 41
24 55
16 75
72 94
11 31
63 56
31 55
94 64
63 67
32 99
22 90
11 86
60 59
67 23
84 26
83 47
21 45
94 67
37 33
19 6
70 86
62 46
11 45
43 45
29 94
25 15
31 59
48 43
76 27
82 64
47 0
9 69
55 36
16 55
86 49
96 37
27 30
70 71
63 34
26 28
89 51
76 57
63 45
78 86
17 53
89 40
80 9
76 82
57 93
57 94
76 85
2 99
84 47
92 63
55 34
17 6
18 48
19 63
60 18
76 89
72 48
2 54
16 44
93 31
84 83
68 44
15 38
43 11
71 20
94 65
14 83
63 70
46 12
4 90
45 91
42 59
0 84
79 4
43 60
63 77
12 66
87 5
32 95
77 36
10 87
3 8
79 58
2 69
33 62
8 85
16 27
1 77
72 45
34 55
48 71
83 6
8 56
77 99
25 47
77 25
99 27
51 7
73 99
53 20
71 37
89 30
64 84
76 97
63 41
37 89
3 19
55 73
61 19
42 57
48 97
65 46
22 58
37 15
63 40
62 27
9 92
94 83
51 76
38 98
13 43
10 96
28 33
16 46
62 75
74 32
85 33
79 0
63 11
82 94
65 82
31 33
45 80
36 67
17 79
42 97
18 11
72 59
14 90
38 90
45 77
52 11
69 55
57 18
41 24
82 86
81 88
94 56
36 90
2 26
71 2
10 64
30 73
64 39
37 19
89 87
57 7
31 57
49 97
61 58
39 43
26 33
42 24
43 25
33 6
91 67
38 50
72 79
23 31
71 61
9 21
49 86
21 11
50 81
52 76
56 96
36 22
20 25
98 76
43 19
67 39
79 73
74 41
73 34
88 95
46 7
43 67
19 5
95 23
60 15
58 91
96 81
75 63
0 75
96 67
34 20
45 79
21 27
90 63
22 23
26 94
89 56
97 58
32 27
43 88
69 78
44 6
20 57
52 24
76 13
70 92
67 12
66 52
66 82
72 95
73 58
5 90
69 85
58 55
47 9
75 6
28 91
29 69
21 9
97 26
88 62
57 53
31 76
79 7
83 72
67 2
77 91
36 79
19 3
78 6
94 33
1 2
20 96
83 97
98 31
48 31
59 47
29 33
78 8
8 22
89 76
58 32
45 3
21 24
3 64
76 4
1 28
70 44
22 36
20 2
31 96
34 70
23 26
87 54
27 80
48 59
9 47
89 17
14 25
26 91
18 5
79 29
59 95
89 26
13 65
46 75
5 38
43 91
12 91
23 98
56 37
4 29
28 77
46 48
98 32
28 46
87 29
98 10
89 54
34 8
79 6
11 57
57 67
39 76
33 38
99 25
66 66
29 80
76 92
44 77
37 48
99 30
28 7
58 95
81 44
36 64
2 32
22 96
32 48
56 46
40 9
63 87
69 75
2 52
96 14
4 98
50 52
76 10
95 18
50 89
22 89
17 69
38 22
62 21
6 80
9 2
15 40
10 49
63 26
21 2
45 4
13 84
6 58
44 75
26 25
78 55
39 25
61 88
27 0
78 85
91 23
19 70
16 6
46 30
75 39
27 59
44 52
23 82
14 74
49 1
31 28
35 43
87 75
67 98
72 77
32 46
42 49
40 1
41 89
6 16
86 85
21 86
81 92
27 41
30 20
47 95
22 43
11 26
15 6
28 27
26 99
56 41
72 1
14 91
6 2
37 85
93 85
27 76
66 59
98 78
85 90
1 31
69 50
22 1
24 0
0 85
7 1
18 91
99 77
64 1
44 50
42 96
55 60
83 27
80 5
92 44
29 59
22 30
73 97
84 81
80 62
73 26
54 59
76 15
37 29
15 79
39 83
15 5
98 87
68 5
57 56
86 31
65 84
15 32
56 50
91 95
82 61
24 50
15 84
77 60
74 70
6 90
38 36
36 21
84 86
83 62
94 75
24 79
73 98
58 43
42 55
92 51
74 0
28 73
60 47
64 34
13 53
96 90
65 5
48 50
22 62
63 37
27 16
73 4
8 18
56 35
66 27
40 46
36 37
22 5
88 65
25 5
4 59
52 14
34 7
66 86
72 62
82 74
66 74
69 36
79 5
81 20
66 65
29 90
26 61
91 70
61 18
45 98
10 40
4 24
94 41
88 68
75 20
40 47
67 28
77 80
89 23
36 51
47 71
28 58
52 35
34 39
82 1
65 41
1 84
20 1
93 36
16 69
98 54
12 15
14 53
10 48
31 70
77 90
30 82
23 81
53 98
23 53
62 44
31 30
26 14
52 16
92 9
39 99
38 52
31 45
64 80
91 53
81 54
10 8
59 60
98 37
72 80
40 38
58 48
82 15
92 39
35 94
80 3
55 31
76 42
87 87
33 25
36 87
93 25
2 51
7 24
13 8
34 24
86 42
66 16
3 59
7 79
70 72
5 74
10 32
45 53
70 97
40 14
24 82
64 66
46 47
73 77
91 34
15 53
80 13
87 44
75 58
70 6
8 64
12 7
69 38
22 37
46 34
67 6
20 48
49 32
91 78
85 57
25 95
61 44
69 48
11 71
68 34
84 30
27 42
75 22
40 43
58 16
79 40
66 75
67 81
11 95
19 85
91 4
7 38
85 96
5 28
88 64
7 6
12 9
55 44
70 99
72 24
40 99
50 66
20 11
15 18
31 61
25 53
30 62
90 10
2 82
60 77
75 68
88 39
68 16
20 36
54 46
83 86
75 47
97 7
63 61
3 4
19 55
88 27
94 81
16 17
58 23
40 91
65 76
69 67
27 34
53 3
34 0
28 96
91 89
84 7
11 35
63 2
10 13
4 97
16 36
56 40
80 81
43 49
13 38
75 87
68 59
30 91
6 48
1 65
60 91
93 67
35 64
23 99
58 26
12 88
4 21
40 78
87 25
98 80
27 75
90 9
41 58
21 25
41 11
97 13
47 30
48 63
15 2
74 9
93 22
77 77
42 41
90 75
20 82
0 76
26 1
86 4
35 58
9 96
28 30
33 37
26 35
64 85
26 21
1 21
77 89
92 36
29 84
23 77
49 76
33 91
48 77
40 29
20 81
99 11
45 99
14 30
6 62
86 46
39 2
56 51
39 11
72 57
50 85
41 35
83 82
19 50
43 95
9 84
75 71
81 65
13 22
8 59
43 41
78 2
55 49
54 53
84 27
3 41
13 3
66 30
26 42
5 36
58 19
98 73
85 65
96 66
90 69
56 59
29 47
52 86
42 90
67 68
64 27
80 15
39 53
50 14
90 89
41 27
30 5
46 3
90 84
56 48
54 89
49 13
39 10
52 94
82 51
57 64
92 76
93 65
84 89
5 60
24 75
92 69
69 53
69 23
80 91
84 68
11 16
31 91
87 3
55 10
17 76
8 7
38 69
97 19
21 46
9 85
94 20
83 57
20 30
23 95
63 17
95 2
38 47
21 41
42 35
60 68
16 26
86 52
32 66
86 23
99 35
44 63
76 72
55 21
88 40
99 64
60 25
83 73
18 86
98 44
7 19
2 78
42 26
35 60
37 66
67 16
1 43
25 88
60 97
11 84
86 5
76 1
32 60
22 80
6 94
82 46
58 85
94 99
21 48
92 12
42 72
70 4
24 72
31 53
69 74
63 52
50 43
41 39
76 93
71 53
95 68
32 7
22 65
78 32
35 0
56 71
70 45
42 43
48 76
84 90
24 23
10 17
75 70
59 63
9 39
43 82
84 25
43 22
41 37
89 0
32 94
67 91
76 38
51 60
29 9
7 86
20 59
34 59
51 2
1 47
11 62
94 4
47 54
38 95
44 0
32 96
30 68
52 67
24 83
4 73
71 1
27 96
65 88
89 71
15 14
90 99
90 18
72 4
89 39
4 4
82 73
84 36
13 92
95 22
9 98
27 63
46 88
85 2
58 72
12 4
54 94
78 71
25 54
43 57
97 0
6 81
82 71
29 92
18 60
18 38
36 54
11 76
34 23
78 7
36 89
7 71
48 24
44 28
46 51
68 27
0 30
96 36
10 14
51 37
92 67
33 73
64 72
44 32
80 8
44 55
74 96
26 90
6 92
48 22
24 21
3 39
59 62
12 67
36 8
51 30
8 1
68 68
69 51
67 76
21 55
67 27
88 96
82 53
97 18
7 75
23 80
89 59
60 32
24 9
45 11
68 85
34 68
79 2
7 37
82 23
47 33
49 59
54 58
51 47
98 94
83 31
88 26
86 83
59 35
37 70
54 61
16 97
78 60
59 37
18 24
34 34
34 88
46 42
18 97
64 56
87 96
60 51
92 72
40 40
85 18
63 51
54 39
49 37
8 53
52 82
83 70
62 69
3 46
3 62
47 51
84 2
47 38
41 20
19 0
15 27
35 44
20 91
9 54
11 49
64 76
78 35
48 78
53 48
2 41
58 53
3 82
50 79
17 26
46 62
53 32
4 32
10 35
75 46
66 49
37 20
27 28
65 65
86 92
11 58
3 42
87 45
62 41
88 21
97 92
87 66
47 56
89 91
68 48
92 30
87 30
74 20
64 29
73 56
35 18
16 3
78 89
10 29
26 73
45 58
59 34
92 6
55 81
21 12
67 8
75 28
33 94
58 92
43 24
91 74
19 92
23 88
77 33
63 19
24 41
56 95
29 99
79 66
25 62
44 33
92 64
28 28
85 93
71 14
50 58
52 85
50 83
0 20
41 65
58 24
23 13
12 32
23 38
40 67
28 31
11 23
62 38
37 3
20 0
97 32
23 18
99 92
94 24
1 33
8 29
75 52
72 44
37 8
72 98
89 28
12 80
84 39
51 3
10 18
10 38
46 64
87 95
0 19
1 1
53 18
68 14
20 18
57 33
95 88
32 38
83 60
5 83
97 80
99 46
75 61
42 1
59 41
4 47
42 58
23 29
75 17
46 85
96 27
75 66
95 77
59 77
74 7
86 64
60 43
63 88
18 37
94 93
37 18
51 66
1 67
28 71
54 44
50 10
37 59
91 59
13 39
33 49
80 73
45 93
14 35
61 12
13 20
16 2
42 20
71 26
10 12
28 10
56 31
40 49
94 68
98 11
4 88
9 34
17 51
55 32
72 15
21 78
68 8
67 66
46 78
9 64
39 26
40 70
55 29
35 53
86 40
33 23
75 7
59 82
69 30
74 13
7 87
13 82
74 36
90 92
86 18
61 3
89 36
36 65
1 38
89 5
32 35
24 69
18 98
61 0
99 65
33 10
87 0
68 98
22 24
18 19
56 20
92 5
65 13
54 0
2 96
92 48
70 39
43 93
81 33
73 13
72 84
9 12
62 40
15 49
74 76
20 88
45 78
97 36
67 14
33 45
0 0
30 19
90 66
73 62
49 46
25 1
6 68
60 50
81 7
66 69
19 61
60 37
84 0
1 89
59 18
6 56
1 34
69 20
50 53
79 18
35 80
53 99
72 55
57 0
78 76
57 41
57 44
92 11
2 57
31 43
87 92
56 93
94 40
90 4
40 59
62 11
54 28
34 2
83 69
43 38
94 54
27 87
19 20
96 28
15 57
26 98
44 44
66 76
22 49
62 80
67 7
14 73
98 82
63 4
80 88
22 84
66 15
94 94
22 41
94 22
6 22
50 65
3 58
66 28
26 18
38 39
80 47
5 71
29 4
4 16
10 22
8 48
7 5
55 70
83 90
5 82
99 83
77 15
56 6
46 53
21 29
1 23
72 51
7 45
47 61
60 58
22 32
11 13
81 48
43 46
60 13
3 9
66 8
82 49
61 4
20 41
28 22
35 51
70 66
31 69
33 63
56 3
60 23
17 80
15 75
83 41
54 38
18 0
28 48
65 15
91 62
35 88
35 2
0 48
9 22
70 28
78 53
18 23
14 17
17 83
22 51
17 12
71 42
4 45
88 99
88 77
21 0
2 77
16 49
1 30
17 82
50 18
6 97
97 4
17 37
71 73
64 20
58 2
47 96
67 11
76 54
15 35
64 47
22 2
52 42
45 26
65 64
90 91
93 57
81 69
82 7
93 76
90 29
5 55
83 84
99 84
67 49
22 61
24 65
66 93
48 88
84 99
70 30
32 78
40 89
48 90
45 76
22 66
63 96
51 21
27 56
72 97
38 41
6 46
44 73
92 8
98 89
14 12
70 60
70 83
45 28
47 23
4 26
7 29
28 99
68 50
32 61
28 80
16 48
82 30
94 55
26 54
90 73
22 54
81 52
67 40
11 99
41 84
8 60
87 10
41 40
20 67
55 13
68 84
49 95
91 32
96 48
93 66
25 24
20 24
45 10
4 34
36 15
19 75
59 16
12 46
67 45
22 88
90 65
4 23
54 93
83 43
84 42
5 49
1 55
41 62
49 96
10 80
6 53
79 47
44 42
5 63
74 34
53 46
80 6
32 30
94 39
18 67
56 83
42 11
71 17
36 58
96 84
27 58
4 19
46 91
98 39
6 35
95 31
4 53
1 61
46 73
47 73
74 67
51 25
83 0
69 68
85 38
78 42
9 56
14 3
55 27
18 51
25 3
84 15
76 36
2 37
35 99
45 2
40 18
12 25
37 14
72 61
61 79
33 48
64 50
79 41
77 43
86 6
44 40
33 55
19 54
15 60
15 19
65 53
61 37
3 38
17 7
74 82
52 98
19 52
59 28
78 64
0 94
90 93
91 65
54 78
97 56
12 16
33 90
83 93
12 84
19 33
14 7
1 75
20 17
22 63
95 37
93 0
24 81
9 59
58 10
18 22
14 21
36 17
73 55
85 16
38 26
13 61
93 59
79 57
96 73
17 38
77 87
63 10
27 31
67 53
53 66
57 48
19 83
1 12
69 12
69 98
48 56
24 5
87 11
71 45
96 72
9 7
0 1
7 55
36 20
85 47
4 7
11 80
8 61
91 80
27 74
67 13
26 11
29 16
50 26
70 62
36 97
30 88
1 90
65 36
45 29
33 96
83 94
24 6
56 86
87 63
21 6
77 5
86 2
33 88
26 41
13 19
28 6
25 28
26 55
82 92
9 29
80 56
21 36
50 41
71 72
30 69
40 93
15 71
74 71
25 97
96 57
88 20
69 59
92 43
33 35
32 8
88 70
87 14
29 46
1 39
87 19
68 90
90 67
14 66
58 90
63 95
3 49
30 43
11 60
13 45
32 39
92 35
33 59
58 20
38 24
84 20
2 59
3 22
53 41
2 11
63 5
89 22
94 38
41 72
25 42
21 93
23 20
25 72
90 33
87 13
7 2
32 88
66 84
45 51
23 75
45 83
10 58
51 99
75 38
52 95
47 1
56 47
91 46
87 12
2 76
7 26
84 72
40 10
66 14
98 61
5 9
87 48
79 1
40 37
53 25
6 79
80 49
64 91
11 98
76 70
98 1
97 12
84 78
14 20
62 97
61 92
97 16
45 17
29 70
5 78
21 71
61 47
26 27
98 13
13 12
80 21
63 90
73 82
6 47
47 31
41 30
50 36
9 16
4 5
11 32
21 17
52 96
17 31
43 92
20 61
14 6
5 81
63 93
28 81
58 31
63 38
29 6
51 90
54 2
14 52
18 39
27 19
84 3
95 36
16 23
26 62
35 84
43 36
91 28
83 22
4 82
26 86
52 13
99 93
44 9
4 36
2 15
85 0
99 55
68 72
75 54
18 29
47 5
57 42
59 54
91 91
27 78
72 0
72 42
16 43
16 96
72 32
88 47
76 61
65 83
3 52
79 21
37 91
85 54
47 19
13 25
82 89
25 39
29 36
24 4
63 46
83 21
44 19
16 57
20 42
18 43
5 79
23 89
59 32
48 21
31 89
29 51
2 44
52 54
36 56
81 40
29 61
73 89
19 8
36 13
86 16
88 86
24 58
85 45
47 50
66 97
74 27
73 54
95 3
34 91
66 78
20 15
54 88
31 6
79 15
89 58
75 94
54 41
5 7
42 86
3 83
62 77
86 59
10 77
57 62
35 20
70 42
49 2
96 98
47 12
76 60
24 49
3 89
38 35
31 85
8 31
40 61
87 38
69 96
24 29
52 29
20 52
81 4
72 72
42 52
37 25
16 56
68 7
29 54
0 14
61 93
7 73
61 78
44 18
44 21
88 9
88 41
43 52
88 72
78 98
14 68
8 87
8 67
35 50
60 36
26 39
62 71
32 1
70 52
46 41
24 52
3 6
78 41
97 65
97 87
93 47
7 20
88 29
99 16
61 42
18 75
99 44
35 79
72 33
19 35
29 32
74 8
78 4
41 97
58 8
74 88
76 0
38 34
98 77
6 82
56 66
63 84
31 32
14 13
73 80
96 58
18 61
69 63
95 56
1 8
30 26
19 10
53 36
9 25
90 43
11 5
58 21
56 43
24 33
9 40
53 49
54 85
92 78
0 18
16 74
51 72
4 96
74 95
64 62
73 94
21 19
10 75
60 98
18 42
61 85
73 96
23 42
1 10
31 63
63 6
8 50
20 79
15 96
99 71
62 76
0 71
29 79
27 52
25 75
2 66
17 30
0 87
6 14
74 91
38 62
49 70
78 59
25 63
26 47
36 49
70 96
44 46
40 2
39 84
86 61
23 12
80 96
58 66
64 42
94 8
44 87
25 19
73 64
62 59
14 86
37 81
83 2
18 1
70 58
58 11
89 79
83 25
24 73
20 73
42 9
6 21
50 37
33 40
91 41
9 28
34 4
78 52
61 25
2 3
17 55
72 37
47 86
14 46
43 51
11 51
55 0
40 85
77 45
58 3
92 31
54 66
93 89
14 9
5 41
55 5
81 85
40 68
40 81
59 4
85 83
41 7
4 89
55 9
86 21
58 82
8 86
27 68
97 5
20 34
60 20
57 60
28 64
15 12
95 78
8 35
83 95
34 42
25 70
43 85
58 61
98 65
7 53
73 43
87 77
42 73
1 16
59 68
95 82
30 35
71 21
79 38
66 29
83 83
94 87
78 80
54 13
66 33
32 80
81 93
20 78
33 51
46 68
40 21
73 25
17 27
21 59
39 6
21 67
82 83
72 66
95 85
26 24
64 19
0 57
95 91
30 89
7 82
49 17
14 43
42 4
10 67
84 9
84 1
0 52
37 42
28 53
76 56
98 28
20 53
56 52
92 0
5 70
1 69
25 87
32 45
3 37
81 13
84 85
54 55
46 56
31 92
29 24
25 0
70 70
10 16
71 66
23 21
81 98
33 75
34 26
93 62
29 81
29 65
49 40
47 37
34 30
93 97
60 79
4 35
91 90
7 12
70 5
26 23
82 70
40 65
19 25
66 22
83 50
66 35
81 82
34 60
87 61
78 30
48 60
78 20
46 95
59 56
85 13
26 13
45 88
53 4
60 16
68 94
82 41
43 16
72 5
11 91
2 16
47 46
99 51
58 74
8 24
75 27
46 54
34 61
14 10
43 75
88 71
15 70
50 64
13 47
75 89
9 77
44 3
18 78
28 12
66 62
59 53
71 46
62 66
74 37
2 1
68 55
41 44
21 87
42 70
84 45
59 97
23 0
22 91
84 11
16 34
10 46
14 89
94 98
57 14
60 83
17 22
88 42
82 18
63 3
95 35
74 6
6 76
91 18
46 16
6 4
59 86
91 57
8 54
90 61
1 83
31 74
62 94
81 56
16 79
64 28
56 94
40 16
4 33
45 27
60 65
48 4
41 63
94 5
9 18
20 84
36 24
1 37
50 61
21 13
67 24
35 47
46 23
69 57
72 53
41 95
15 81
72 83
35 57
68 1
76 55
21 38
64 77
61 69
96 34
87 80
19 44
76 37
99 95
32 83
18 92
87 60
29 98
71 32
79 25
97 89
46 77
64 93
45 49
55 50
0 64
97 50
40 23
5 40
67 82
47 89
95 74
10 53
67 54
63 31
1 91
7 48
89 45
72 16
89 52
52 65
18 4
80 64
24 60
43 47
68 71
53 8
67 32
16 25
99 24
64 7
8 89
2 92
92 13
53 92
11 52
63 28
70 56
75 33
42 46
43 40
82 54
10 36
28 90
39 82
31 13
13 97
15 33
3 66
44 5
5 25
95 16
92 84
93 6
43 28
69 62
63 60
28 65
74 81
35 67
44 99
36 95
23 66
71 75
93 60
8 38
21 44
89 11
28 88
42 48
19 71
92 21
67 10
78 63
32 9
79 27
83 42
0 92
59 29
84 98
65 31
82 82
0 47
44 56
99 52
41 59
24 99
38 23
79 28
83 7
31 17
74 4
11 20
17 87
2 79
91 60
52 80
37 44
4 37
1 17
16 33
2 36
70 0
18 12
78 77
41 18
29 67
65 29
83 91
5 19
79 53
20 95
63 8
47 28
58 52
4 49
57 55
78 34
92 95
6 85
4 79
61 10
71 91
52 81
92 28
38 89
77 24
51 39
27 15
36 12
62 20
13 64
64 78
31 98
81 90
41 52
73 93
0 63
86 78
57 58
64 35
78 18
96 50
74 48
66 95
65 35
0 68
44 47
25 34
10 43
90 64
60 72
92 90
73 38
84 53
81 99
15 46
81 15
18 52
86 37
61 59
13 4
62 92
76 51
95 41
97 79
61 45
51 12
9 72
30 3
76 46
17 88
48 47
91 84
77 83
6 84
50 91
25 44
13 18
32 0
66 41
29 82
27 79
96 20
33 74
6 88
88 88
75 75
84 23
10 44
71 81
21 91
39 0
0 13
49 89
81 21
1 46
85 79
56 36
80 35
8 16
0 2
39 16
39 85
73 31
11 87
38 28
43 0
79 61
63 74
21 26
12 56
88 48
60 48
5 75
47 26
60 95
52 92
68 9
60 14
35 33
33 34
54 43
71 93
49 44
20 37
37 98
16 0
51 51
96 51
81 32
18 87
12 50
81 35
14 93
11 30
5 57
70 48
33 60
40 55
39 14
66 26
53 26
76 91
72 92
63 39
53 34
50 97
49 74
89 69
72 69
51 53
38 93
89 88
31 41
31 67
19 9
0 27
74 16
52 43
15 82
80 65
18 34
84 94
86 93
64 63
13 40
31 3
80 27
58 59
5 21
97 77
89 37
82 75
22 6
66 90
57 97
55 90
80 76
95 70
73 18
85 48
53 86
25 37
79 10
27 67
29 50
79 34
90 19
80 59
0 3
88 60
74 10
89 68
51 57
40 94
61 17
20 63
42 75
99 74
3 57
86 28
9 88
71 7
52 4
49 62
12 94
6 18
82 99
68 83
94 21
46 17
6 7
88 13
72 58
8 66
78 25
59 44
91 29
83 12
6 73
96 61
32 12
60 8
19 40
71 9
87 69
35 45
49 99
98 58
48 2
17 36
51 98
19 49
39 97
65 32
73 15
61 71
56 70
74 33
70 16
44 69
87 28
47 63
69 70
92 34
32 89
41 9
85 1
19 80
37 0
74 85
14 16
89 29
44 53
64 3
94 26
40 63
11 85
10 11
53 89
42 98
70 36
68 99
59 76
53 59
42 23
52 21
20 68
68 60
25 79
98 33
42 54
12 82
61 77
70 8
85 92
23 65
69 77
14 34
43 89
14 37
98 91
38 80
24 37
47 78
83 24
59 70
91 26
77 10
53 11
64 86
19 58
93 99
36 32
5 65
28 19
1 29
89 3
61 54
57 75
47 87
62 65
11 46
51 89
18 7
63 47
87 67
58 14
7 98
78 24
58 0
13 14
20 51
41 16
40 42
19 46
77 52
71 19
12 58
47 41
51 52
31 11
13 59
80 68
98 25
33 81
73 91
16 82
68 93
82 27
73 85
15 25
6 89
14 49
11 64
65 33
26 95
48 12
9 51
45 82
18 99
32 56
18 73
78 72
63 65
34 10
38 38
68 3
48 94
97 25
48 3
32 73
52 20
56 99
33 15
45 44
77 50
96 6
97 31
13 11
62 91
11 83
37 31
38 11
80 14
41 74
84 76
32 74
94 16
62 74
80 11
24 42
96 80
45 81
63 36
89 6
19 56
41 53
71 12
2 72
28 60
66 24
34 43
23 4
28 18
95 1
98 47
68 31
19 23
90 27
93 80
37 34
67 9
70 50
49 47
28 21
76 83
17 62
93 78
20 60
39 73
61 51
48 79
95 75
69 83
66 73
12 6
93 54
90 72
75 76
97 47
76 80
88 4
69 7
96 96
66 80
65 0
99 70
61 95
1 18
63 30
25 32
48 11
78 1
7 41
50 15
53 78
67 65
15 58
80 60
57 22
53 16
20 20
91 33
54 11
2 46
17 85
78 92
98 42
18 95
38 85
84 22
16 54
39 35
17 45
45 94
16 37
7 78
52 64
42 36
33 41
63 42
44 94
37 75
37 56
9 52
93 7
47 82
43 97
25 49
38 66
44 36
44 74
30 54
33 39
49 55
33 61
45 35
12 47
49 24
2 65
99 7
23 85
8 30
20 35
98 70
15 94
30 99
3 67
83 15
28 40
64 6
94 6
53 43
68 52
20 5
71 48
48 66
90 40
5 15
45 61
45 75
3 53
60 2
53 10
29 42
90 48
21 60
20 74
51 19
54 27
77 82
43 69
91 83
27 11
71 54
99 98
71 25
85 41
24 14
61 61
31 87
77 1
88 36
48 62
69 73
78 58
90 55
45 97
6 13
16 32
95 72
84 50
5 24
76 45
80 92
23 23
33 87
78 54
57 4
84 62
90 53
30 55
8 42
90 87
45 42
86 74
72 96
1 97
84 44
81 70
64 30
90 37
29 78
27 33
48 9
66 87
90 85
34 78
36 62
67 77
39 67
25 18
27 50
75 84
86 7
23 83
2 35
78 28
31 47
86 36
50 8
92 97
66 40
77 69
24 89
66 83
79 43
95 52
93 29
69 28
46 37
40 11
65 96
82 97
7 97
80 20
91 25
51 86
72 63
64 26
52 28
79 35
8 6
4 41
86 30
97 17
34 65
63 21
65 21
6 19
91 93
34 84
42 28
93 84
61 53
99 94
45 39
14 36
25 10
51 91
52 15
98 93
50 28
60 60
60 11
76 69
84 40
83 52
51 20
88 6
28 92
69 60
75 24
35 56
39 57
38 59
16 63
62 1
87 86
22 52
42 42
93 3
17 1
16 76
57 35
73 21
14 11
14 63
78 99
62 22
62 47
41 67
80 57
41 12
51 24
10 24
27 25
47 66
48 37
65 97
8 96
5 33
59 33
96 0
3 20
80 32
38 20
65 77
51 80
99 1
11 12
76 8
14 18
37 13
59 10
74 25
38 58
87 82
92 92
36 7
8 43
25 23
12 51
40 98
82 32
16 24
15 30
52 49
12 96
15 43
35 83
19 11
41 28
0 34
78 84
65 34
55 20
50 67
18 50
96 53
22 18
47 75
77 19
60 27
5 4
30 33
58 5
96 94
50 20
65 67
75 11
52 41
44 68
67 52
80 61
27 66
47 79
99 62
10 92
52 1
33 4
22 77
61 98
21 64
96 39
16 58
18 88
88 19
77 51
59 85
23 84
50 95
93 71
58 51
15 88
42 12
46 63
21 47
25 52
42 13
71 80
37 78
90 23
72 20
70 53
43 31
47 16
67 29
62 45
47 45
55 2
34 52
30 87
82 19
54 60
4 15
97 15
32 75
75 96
53 12
23 40
44 12
42 15
55 77
63 89
36 52
56 30
22 73
79 44
48 95
47 34
10 81
65 50
95 17
19 21
93 19
17 21
91 68
65 89
22 29
91 71
12 76
98 50
91 86
58 49
16 68
34 83
68 39
11 47
28 23
30 58
45 37
58 4
55 41
3 17
15 28
69 37
11 39
58 73
14 41
87 26
12 26
31 90
31 1
65 22
53 88
26 48
16 64
32 25
98 5
40 5
13 99
69 22
26 32
8 19
0 23
28 95
11 89
47 24
37 92
75 21
86 35
44 10
6 60
53 85
46 13
12 14
98 3
85 14
32 31
92 88
26 75
77 3
68 12
57 3
96 24
56 10
54 29
81 76
84 92
99 23
38 53
80 24
69 81
51 49
48 75
50 5
66 55
60 69
31 83
56 33
64 67
46 18
16 30
13 23
9 27
65 42
63 78
82 12
14 97
80 7
59 57
19 19
79 36
48 40
34 27
30 71
50 54
40 72
19 4
28 75
64 65
56 91
24 26
58 58
62 26
36 38
40 76
7 64
4 69
1 58
81 38
74 14
90 30
89 35
27 46
84 64
54 91
71 51
50 6
25 51
40 27
63 50
10 52
86 29
75 40
28 56
30 11
53 62
78 16
41 66
6 57
50 17
27 44
3 97
76 53
72 6
95 38
22 31
12 57
60 92
29 55
70 81
56 13
57 32
28 57
89 99
37 62
77 30
26 81
18 76
68 11
73 1
39 86
93 90
52 36
15 17
39 32
35 32
33 58
19 43
49 22
6 69
15 8
62 19
97 39
14 87
50 19
99 41
8 93
29 29
25 69
88 2
2 21
13 52
29 85
30 96
88 66
7 27
57 95
74 98
38 31
41 13
91 11
25 85
39 92
75 79
59 17
88 11
88 85
23 87
61 97
96 49
88 52
73 40
68 32
82 42
32 22
0 70
8 14
51 63
35 42
37 53
8 99
80 2
85 85
7 25
94 2
86 62
59 69
50 2
54 74
33 36
36 42
46 83
48 53
99 99
87 2
95 19
89 94
34 80
27 47
28 98
65 78
29 91
65 81
66 44
64 51
3 50
63 16
92 85
62 82
3 27
51 27
6 39
38 33
85 71
20 47
18 93
14 69
53 75
5 84
97 84
94 11
58 89
19 22
62 90
72 28
49 73
14 47
94 53
89 48
47 81
85 87
22 47
55 37
52 63
92 57
86 63
44 14
64 81
48 15
78 65
24 94
44 11
73 79
96 2
84 17
47 69
33 46
66 45
48 20
52 2
39 5
57 30
27 21
55 68
29 97
95 98
64 97
79 23
86 60
38 9
8 98
47 99
86 55
44 16
77 49
37 45
2 17
64 31
5 39
91 51
50 71
40 87
64 71
84 59
94 47
10 98
15 29
33 30
69 49
60 70
75 16
54 80
73 36
53 6
99 31
95 25
94 73
95 45
50 51
82 36
53 51
33 84
83 76
96 78
69 72
26 93
89 70
81 83
7 80
24 20
57 76
69 54
71 36
65 55
38 19
96 63
12 24
23 62
68 17
70 11
58 97
75 80
96 33
12 19
75 95
32 72
64 4
85 11
8 2
61 49
7 72
43 72
21 51
25 68
9 89
67 26
99 8
11 75
20 22
92 66
1 14
82 43
50 9
3 54
6 95
25 31
4 48
65 37
30 15
24 86
4 2
42 71
1 35
97 42
7 76
82 39
78 43
88 57
88 46
76 33
50 82
21 54
71 5
50 98
67 1
49 61
53 40
91 20
19 77
14 29
39 17
32 81
20 85
19 65
74 23
4 10
85 77
67 33
28 44
16 98
43 44
76 86
10 99
79 55
24 48
12 39
93 87
52 71
41 10
56 12
71 50
42 25
41 92
20 83
16 14
83 3
84 67
86 9
77 58
95 57
13 77
16 35
46 55
79 30
2 49
75 78
49 34
49 92
34 21
40 24
93 95
58 41
73 95
4 94
24 32
85 62
30 41
76 95
51 0
72 87
46 9
94 17
65 19
8 65
30 50
2 47
87 81
6 5
92 58
18 84
19 88
64 94
26 77
13 27
94 86
4 99
74 78
49 83
84 37
39 37
32 70
62 2
49 67
29 18
37 28
3 51
12 29
68 21
60 24
27 2
80 30
45 66
34 51
46 69
58 83
95 51
53 61
97 38
90 24
77 18
2 84
74 69
46 38
9 0
91 94
46 10
94 89
99 59
98 63
29 49
77 55
16 50
0 89
74 72
70 87
3 94
29 40
95 95
21 3
65 11
77 57
48 85
22 11
55 23
91 77
45 67
85 98
88 17
35 92
80 42
68 36
49 49
76 26
9 97
22 98
26 38
80 31
95 86
81 31
17 32
41 32
51 43
68 37
45 63
86 15
26 56
3 33
4 81
55 43
33 2
58 93
91 63
25 56
28 14
88 91
24 10
68 66
75 69
53 68
86 8
79 93
74 89
75 4
18 36
80 78
23 74
29 43
66 2
97 34
39 71
72 64
33 22
28 59
11 36
14 98
38 77
85 67
89 10
82 59
71 40
47 4
23 49
96 95
70 80
10 0
97 97
57 71
9 75
87 73
27 4
4 57
3 60
26 10
71 47
77 32
48 68
57 69
22 0
62 43
95 99
5 35
2 2
90 31
16 19
60 64
56 22
17 41
34 50
17 0
39 52
6 40
96 77
87 89
61 50
51 44
68 79
32 79
65 59
40 92
52 3
55 84
12 89
28 85
34 16
74 19
35 24
87 42
81 43
54 20
18 68
66 17
26 50
85 24
90 15
32 19
30 76
2 39
44 43
95 97
70 77
65 80
87 32
61 11
67 86
42 27
22 16
39 33
47 20
99 40
77 28
67 30
24 76
33 9
90 26
15 13
46 94
40 39
91 7
82 31
16 99
40 19
57 10
19 29
69 58
68 56
32 18
95 44
32 20
64 92
67 89
41 77
13 24
59 14
37 36
13 75
83 87
96 97
95 89
95 81
36 76
35 93
42 17
99 91
46 66
13 60
22 8
78 5
99 34
59 31
97 78
39 94
96 7
32 82
43 32
7 16
14 79
89 67
23 86
57 23
16 89
45 6
71 84
46 5
0 28
7 61
71 56
89 27
42 3
87 76
25 9
93 81
1 99
54 54
22 19
24 53
70 41
88 14
0 44
61 83
83 88
10 56
81 67
54 81
71 3
28 36
52 50
57 79
17 98
32 93
33 72
47 49
91 9
10 37
34 93
65 54
12 99
3 7
50 4
6 52
98 86
73 90
12 90
86 89
72 85
0 69
95 83
93 1
65 18
52 25
96 62
53 63
53 67
67 92
46 25
62 30
81 86
5 85
30 38
12 5
79 86
43 4
83 26
41 0
16 1
96 30
57 21
1 54
94 84
49 52
57 12
27 51
59 94
75 44
29 73
19 38
26 4
81 42
70 49
93 24
10 54
53 79
99 54
3 55
18 16
97 52
45 30
72 81
82 29
0 29
89 46
33 79
35 49
6 36
94 78
84 66
44 45
43 64
61 43
26 49
21 66
49 57
29 53
30 31
99 32
37 88
63 64
33 20
57 72
18 89
31 44
38 76
19 59
48 99
75 59
85 46
6 12
78 23
0 35
71 31
48 87
34 56
1 64
39 69
39 46
85 78
17 74
73 74
77 46
27 99
15 66
79 39
8 83
2 42
25 26
18 82
48 69
27 61
98 2
25 33
18 41
30 25
89 93
79 77
87 93
82 56
26 0
59 87
75 41
82 22
66 77
59 84
66 53
22 55
81 68
71 30
33 47
58 69
93 8
94 37
3 32
98 53
9 30
4 74
45 14
60 12
11 73
13 49
28 94
72 99
22 87
60 56
82 96
74 61
71 86
70 84
35 74
39 38
96 42
8 63
29 5
5 0
69 21
95 49
83 36
28 45
19 60
24 95
35 76
43 65
91 64
96 45
92 7
43 77
84 95
77 7
22 53
65 30
42 7
35 11
41 48
67 55
28 93
42 95
59 3
1 71
79 95
6 87
51 54
27 92
89 14
39 78
87 9
42 76
80 18
75 34
16 28
46 36
76 96
40 64
12 63
39 74
51 31
83 98
61 80
48 32
1 85
11 9
2 40
45 16
25 57
84 43
67 17
10 83
53 64
79 24
25 16
37 24
80 84
6 78
46 70
60 78
22 71
32 77
75 57
6 20
66 13
17 70
76 65
17 29
90 79
54 56
97 37
90 5
66 96
20 98
23 9
17 10
24 28
74 5
66 7
37 38
77 9
83 10
91 35
13 30
89 32
21 75
1 36
63 14
77 84
85 84
59 91
49 25
46 57
32 65
19 74
39 28
69 91
18 65
71 76
30 1
14 50
40 13
20 90
28 69
1 73
86 27
71 8
67 22
37 65
15 20
83 71
35 6
89 15
96 17
24 1
13 66
71 99
68 35
20 75
0 5
49 85
52 61
34 92
48 36
72 31
11 3
11 44
52 40
10 68
4 8
5 46
50 87
93 39
86 3
54 86
60 80
31 29
19 86
57 49
62 54
22 70
13 0
60 30
38 17
8 32
68 49
67 60
31 39
29 26
13 80
41 86
49 12
44 96
49 5
46 50
4 85
99 22
28 84
20 72
63 35
4 76
19 18
46 74
8 25
55 72
4 75
0 24
80 85
31 77
26 8
7 88
35 12
49 14
29 64
57 68
42 92
43 55
84 55
93 40
41 57
73 73
39 9
70 25
29 52
84 93
33 33
55 39
32 92
93 42
75 86
43 70
54 12
37 9
45 60
82 90
52 9
78 3
68 87
27 69
37 86
25 91
41 22
94 71
86 56
22 95
11 70
31 5
50 7
40 8
57 73
73 72
35 89
78 44
74 26
19 97
61 9
8 95
78 31
54 92
9 68
17 14
0 83
12 13
89 60
79 94
50 96
59 40
46 21
81 81
60 7
6 33
86 51
50 56
19 16
5 87
75 45
3 95
14 78
46 90
19 99
69 87
66 71
84 46
97 94
78 10
72 34
13 35
1 57
30 61
8 8
6 55
37 17
24 66
78 78
42 39
23 55
8 62
68 95
30 94
73 51
96 1
49 30
22 38
35 46
45 5
59 65
26 31
69 16
40 6
1 66
38 27
22 14
77 39
89 89
7 8
95 53
67 71
17 99
23 58
90 78
25 71
34 95
99 2
30 56
77 35
66 56
21 98
97 86
15 78
59 19
74 49
42 85
7 94
6 38
66 46
68 47
66 60
7 74
22 46
49 72
5 56
4 93
55 65
7 22
11 34
33 82
13 9
48 29
1 27
49 51
3 29
75 83
38 61
50 68
44 79
6 29
62 86
72 76
54 75
51 13
47 32
89 49
54 10
23 79
41 23
41 76
33 8
19 72
5 6
62 67
11 56
69 34
30 27
19 36
72 41
76 98
16 80
55 30
36 96
1 94
60 6
36 55
60 5
31 68
96 55
53 15
0 80
18 55
96 92
52 87
29 75
77 20
55 45
65 2
79 51
69 42
8 12
53 93
48 67
93 16
53 27
75 30
30 13
5 98
17 97
46 14
94 74
31 19
32 84
1 60
92 96
90 90
95 8
67 31
58 75
68 77
73 76
7 68
91 37
78 69
7 14
62 95
94 66
85 12
19 47
34 64
92 37
88 5
10 70
10 57
25 45
40 20
52 30
87 16
55 38
67 25
86 90
56 67
64 82
54 36
43 62
97 24
0 59
51 75
91 14
68 23
17 48
84 71
25 58
98 81
59 13
37 35
77 2
97 63
92 26
18 79
72 29
11 37
22 34
30 44
62 84
77 13
33 26
82 45
20 77
73 35
96 19
93 33
7 90
3 84
37 87
48 73
24 67
28 20
97 83
83 80
49 16
63 59
95 43
78 81
77 74
0 62
83 58
39 55
95 50
10 20
51 84
3 43
87 71
26 69
49 56
30 21
14 85
27 27
22 60
99 0
81 57
37 47
2 91
58 79
30 28
88 45
30 46
10 86
44 13
87 70
72 11
54 26
84 96
50 60
59 81
30 10
56 34
35 78
12 37
59 92
11 67
46 27
85 56
95 69
96 16
94 34
10 63
69 84
47 48
86 45
76 78
0 79
24 45
4 43
95 47
61 23
26 59
72 90
12 0
21 62
20 92
36 94
38 73
29 62
31 37
86 76
90 0
83 11
63 48
28 55
69 92
87 57
49 8
46 31
54 19
57 39
75 29
94 57
42 89
29 30
80 71
43 50
43 79
63 79
80 94
40 77
80 16
51 94
96 65
34 63
69 46
94 27
28 54
54 32
27 1
56 8
70 79
50 50
63 23
64 58
92 42
34 69
29 20
97 23
24 68
86 70
3 96
12 79
77 75
13 95
55 97
70 10
79 20
55 52
53 2
5 86
99 57
5 2
64 68
31 20
42 19
37 79
54 7
71 29
69 95
45 18
71 63
53 24
23 1
37 12
36 34
11 6
32 53
75 9
67 95
49 66
43 6
75 62
80 86
6 25
99 17
74 38
31 31
74 63
53 71
20 94
98 30
85 23
86 79
79 92
90 83
43 63
33 50
2 88
18 53
46 98
40 79
15 37
85 31
71 6
37 10
58 64
8 79
81 78
13 42
15 47
2 48
62 24
22 56
7 50
39 79
99 76
68 29
2 4
25 6
19 28
14 28
48 49
82 2
69 65
37 49
23 73
17 91
97 67
14 2
15 16
6 15
3 88
78 50
1 19
87 17
51 11
65 8
70 59
28 3
90 52
54 47
62 81
2 56
58 13
45 23
8 37
56 17
85 99
85 55
1 63
21 57
17 81
95 87
51 18
13 71
88 24
75 93
6 98
14 70
52 34
86 94
98 14
97 45
25 96
44 38
7 49
81 60
63 15
25 12
86 12
96 15
69 43
41 45
7 52
35 28
97 81
90 60
93 88
35 23
32 34
31 14
91 56
61 38
78 39
73 83
27 71
52 83
45 20
26 80
85 59
56 72
39 91
66 21
58 46
12 8
54 70
23 2
16 92
28 51
60 35
22 82
20 38
47 70
5 99
8 45
14 33
4 28
84 41
47 13
21 89
82 5
9 99
36 61
86 68
87 97
18 21
12 34
30 7
4 66
35 87
39 45
91 79
9 53
35 40
46 19
73 59
84 48
42 6
50 39
0 49
4 31
50 55
49 0
61 73
30 12
87 7
46 76
22 39
65 51
23 68
34 35
91 81
91 88
83 13
27 36
63 49
81 97
43 2
55 85
56 11
46 40
71 82
43 30
9 60
77 78
27 7
27 40
33 67
64 73
93 61
10 21
55 3
70 21
87 64
32 86
26 70
66 88
89 43
74 83
21 61
62 98
11 38
42 45
33 70
51 36
38 3
36 4
78 74
73 63
83 75
92 70
17 43
81 30
81 61
77 72
91 45
40 66
2 58
44 25
37 99
39 75
87 74
23 35
29 10
60 66
76 6
73 37
57 85
92 53
70 64
3 40
95 32
39 64
36 31
39 54
78 40
25 11
46 60
32 87
53 53
42 87
74 99
35 5
35 3
38 43
41 8
31 12
68 78
58 27
29 17
43 7
25 92
60 71
49 98
45 62
84 54
93 74
35 25
16 95
31 46
48 19
72 82
78 12
9 58
32 52
83 49
88 28
88 54
75 10
66 3
82 3
9 24
28 86
81 55
66 67
91 82
24 59
31 24
39 12
97 40
13 21
85 15
10 59
20 6
6 24
8 97
4 18
78 36
28 74
77 85
13 13
82 13
38 15
0 90
14 54
80 36
25 7
67 62
41 36
35 68
54 82
26 19
90 94
29 60
9 37
23 28
8 46
31 40
17 96
36 92
15 99
39 56
52 62
66 18
75 74
55 63
20 66
15 90
30 6
65 40
99 82
59 2
9 35
55 12
27 22
94 91
25 29
27 90
76 32
72 78
21 33
37 30
53 0
40 52
87 35
94 80
70 57
39 20
54 1
43 1
40 74
3 56
67 78
13 41
19 14
11 72
25 4
83 68
37 39
50 11
69 8
60 52
44 17
89 77
6 45
77 17
1 82
13 55
75 51
62 10
36 47
23 3
50 99
49 15
16 60
64 89
50 73
74 65
83 33
30 2
59 79
76 63
60 84
99 26
74 53
90 57
3 26
78 22
46 46
77 37
30 67
10 65
28 25
61 60
24 34
5 10
55 33
85 17
20 49
54 35
32 71
66 20
87 18
85 82
6 10
44 35
69 76
15 48
8 20
40 71
58 38
50 45
29 87
80 97
76 19
26 96
18 58
0 41
12 20
80 48
14 5
50 75
51 5
59 67
79 85
71 70
85 61
84 19
99 79
13 34
15 7
9 55
80 77
21 52
47 43
79 91
29 12
30 23
80 44
56 88
77 62
43 48
13 74
41 42
39 23
83 32
89 74
28 15
42 69
24 25
11 17
85 20
37 5
95 14
12 61
75 90
84 79
84 51
30 16
29 34
17 18
46 87
0 93
23 69
92 81
67 56
74 3
65 24
53 17
98 16
78 70
84 35
39 21
33 24
98 29
79 19
66 39
86 96
92 22
0 86
0 7
83 85
22 20
42 60
21 40
58 71
71 60
75 18
44 57
99 63
35 69
55 96
7 65
94 7
77 40
0 4
51 67
14 26
55 89
96 5
12 93
1 25
62 0
24 22
12 68
44 89
49 28
77 65
26 43
87 51
23 71
0 36
77 93
64 64
91 13
82 38
5 17
2 83
47 62
31 94
33 42
65 92
44 20
37 58
62 16
40 96
49 68
78 62
24 15
86 66
99 28
36 84
4 60
53 82
62 35
22 68
56 25
66 70
54 42
56 39
81 73
20 31
9 45
99 33
33 97
80 69
43 68
2 14
49 64
1 88
82 69
32 11
31 79
88 93
95 59
49 35
70 27
95 58
11 82
82 58
14 15
28 87
54 8
44 26
54 97
64 13
69 32
77 14
92 94
81 37
13 87
10 78
3 35
25 50
49 21
74 42
56 56
91 1
52 48
17 59
65 23
80 29
66 19
66 23
46 92
53 31
20 3
50 93
98 56
48 7
3 74
37 40
26 9
91 54
16 59
28 42
91 48
19 66
66 79
43 39
79 8
53 42
32 54
71 68
19 82
39 89
97 93
36 50
46 84
36 36
67 80
43 61
29 23
46 11
34 32
7 77
10 27
14 24
34 94
15 41
13 98
8 15
82 65
60 94
58 63
16 78
34 49
23 30
23 93
31 48
60 75
84 31
88 80
56 49
82 87
4 17
94 13
38 30
62 25
60 74
73 92
83 17
68 46
67 5
95 27
83 1
92 47
4 12
8 33
99 61
0 32
91 38
82 55
0 55
32 40
94 28
35 61
56 14
67 36
5 44
48 26
58 47
27 18
1 6
17 94
28 8
73 50
81 59
98 55
65 14
40 15
83 74
74 58
38 21
41 71
62 37
57 91
3 90
26 88
55 48
93 10
4 70
65 74
66 81
63 58
54 14
46 24
16 18
18 56
73 53
78 48
14 94
14 92
99 3
30 75
5 47
50 90
87 1
93 26
18 44
10 84
66 85
71 23
78 9
51 42
2 94
80 40
16 15
98 26
47 14
28 4
17 42
21 56
70 67
91 85
45 7
96 68
45 55
6 9
18 57
81 75
27 24
33 1
58 87
11 53
34 89
20 54
86 57
56 26
62 64
29 25
10 72
84 21
2 6
64 23
31 23
21 76
13 72
72 68
67 79
89 82
76 40
68 76
68 24
44 65
33 3
60 96
65 95
21 15
24 16
45 56
71 11
51 22
7 60
73 17
0 25
64 5
80 54
38 82
58 29
56 68
38 12
75 82
30 40
37 80
53 94
99 60
77 86
79 99
22 67
99 68
48 72
84 5
39 31
70 73
92 52
61 32
49 39
21 72
33 52
84 18
6 63
84 60
41 93
77 94
39 90
29 7
78 93
96 21
79 88
21 35
59 75
18 10
79 42
30 80
42 31
98 15
11 43
65 73
73 88
39 95
99 9
72 10
33 57
56 85
18 85
7 15
84 32
45 41
90 2
50 13
11 96
67 74
13 2
40 88
66 38
20 9
73 60
76 67
4 54
39 96
26 15
75 14
51 40
97 64
29 21
87 39
35 54
89 97
89 65
87 55
56 69
77 96
90 59
38 68
52 31
6 96
36 43
76 24
17 57
82 57
1 56
57 80
69 17
51 26
27 86
41 90
16 31
29 13
28 17
80 87
67 4
4 1
88 53
10 61
24 31
18 83
2 45
11 41
32 44
50 92
85 80
33 95
74 24
6 8
56 90
53 76
73 46
64 70
51 55
59 72
32 5
39 29
63 27
21 96
44 83
80 90
58 35
28 24
39 88
22 85
62 39
77 48
58 65
81 87
42 47
88 0
97 61
40 75
39 65
8 55
9 6
72 17
97 54
4 67
37 84
96 71
5 43
75 3
93 30
45 87
12 86
58 9
78 73
29 27
90 25
57 15
13 48
40 84
89 78
9 82
15 10
87 4
10 15
87 99
79 84
65 68
53 56
73 71
81 71
48 93
7 21
19 13
12 77
31 82
21 30
16 88
44 64
6 28
6 51
30 24
79 22
5 3
57 11
61 74
45 9
72 67
90 22
97 51
99 53
98 21
15 45
55 93
99 90
59 46
81 25
8 73
87 56
19 26
76 41
45 33
35 52
33 29
20 13
16 61
99 97
81 49
44 85
42 63
81 17
19 39
8 49
30 65
49 78
60 28
96 11
42 62
33 69
41 78
35 15
85 51
14 42
53 70
78 87
14 45
97 28
24 90
40 17
25 22
42 29
8 28
70 22
76 48
73 86
14 51
5 61
11 65
89 80
96 82
39 15
98 36
47 80
60 87
18 46
75 31
81 14
24 85
43 78
14 1
1 9
11 2
72 30
26 85
34 48
85 42
4 71
72 25
93 38
75 98
12 12
10 23
93 52
70 63
79 96
32 3
25 40
49 43
98 95
81 53
62 7
12 23
76 11
85 66
8 75
86 75
19 90
56 62
17 16
55 26
91 43
39 41
98 23
57 96
9 9
38 14
90 13
35 77
74 79
83 19
70 29
27 39
96 70
93 92
54 99
33 54
4 62
40 22
27 83
58 70
79 12
80 80
23 17
42 56
50 88
64 17
23 8
18 59
34 29
19 17
2 5
85 43
90 1
98 20
22 21
87 33
88 83
18 69
67 43
35 39
92 50
90 96
86 24
90 14
8 13
90 36
13 62
54 79
82 40
78 91
74 80
22 93
19 31
55 4
37 32
70 94
87 46
97 11
8 21
42 32
13 10
6 71
43 18
68 30
22 75
66 51
10 31
48 0
73 27
46 28
48 82
83 35
48 96
54 6
6 11
3 2
87 72
22 27
56 65
10 85
48 13
33 43
70 7
35 65
0 98
90 41
21 39
9 66
87 40
69 89
39 93
96 22
85 86
97 10
5 54
24 64
65 39
77 11
87 91
40 53
30 4
68 88
46 49
22 33
30 78
4 20
50 84
97 90
74 44
74 66
23 11
5 12
98 7
89 33
13 50
44 98
34 77
40 69
7 51
16 47
48 30
71 43
47 64
21 4
7 62
23 15
96 31
73 8
80 12
48 57
50 57
31 60
1 53
4 83
96 76
22 15
25 43
20 29
74 1
90 97
26 44
92 1
79 17
49 50
33 56
8 91
81 80
65 87
94 35
7 40
76 62
23 56
85 64
62 36
8 92
32 43
67 59
17 58
72 38
27 97
5 34
35 19
89 7
41 81
7 4
1 70
28 89
79 14
86 26
60 19
95 48
86 11
87 68
64 45
51 64
23 43
75 56
43 74
63 81
44 91
74 52
1 32
51 41
93 58
33 44
8 58
87 21
14 99
14 76
80 72
69 0
61 63
97 9
19 64
11 50
41 51
11 1
19 2
23 10
52 39
93 15
20 58
42 2
35 82
79 32
27 77
79 56
98 52
3 80
3 31
16 72
89 96
10 10
34 17
24 91
57 84
99 50
99 10
91 16
70 90
74 45
26 89
26 63
1 26
55 95
3 16
32 63
11 7
21 70
45 68
32 36
92 10
66 25
62 17
58 80
89 83
72 52
76 12
29 66
84 70
26 83
41 73
36 35
43 35
96 38
61 67
74 94
93 86
26 66
70 75
78 94
17 61
40 80
92 80
63 73
68 22
30 66
39 81
68 86
77 68
72 43
79 45
24 46
27 8
33 16
11 14
62 99
45 32
56 19
73 0
14 88
72 46
91 73
96 23
23 90
13 94
10 30
23 63
56 76
56 28
42 10
56 29
53 30
39 19
1 80
21 77
74 39
70 85
42 81
85 29
17 35
82 52
12 71
38 56
74 15
4 6
94 88
14 58
90 54
42 61
63 29
53 29
83 65
71 64
80 89
90 38
8 90
98 96
36 81
92 2
76 90
38 96
35 9
23 76
35 48
67 96
5 51
70 51
59 45
3 10
63 86
61 46
70 9
63 44
69 19
56 24
36 53
89 61
64 96
4 55
48 48
29 56
85 97
23 36
80 33
91 66
31 42
83 66
8 4
25 66
21 28
69 25
63 99
6 67
95 40
93 56
77 42
3 14
29 58
30 57
46 61
34 87
21 23
85 4
36 85
15 42
67 61
88 69
47 85
78 95
15 64
31 72
56 1
91 98
15 54
71 65
6 93
54 37
43 80
29 35
15 80
98 90
71 4
14 14
4 3
4 50
30 74
45 92
73 45
65 61
21 14
79 64
45 1
15 23
64 75
69 11
14 82
29 89
62 50
44 93
58 62
98 85
21 94
7 23
24 8
93 98
43 15
34 47
21 53
64 83
8 84
65 49
23 47
47 65
90 86
88 3
35 22
15 1
42 80
14 96
8 17
46 67
93 68
17 77
39 13
8 71
45 85
66 89
85 26
5 64
21 16
9 36
94 12
4 91
40 90
86 32
72 89
66 57
57 87
36 33
78 83
5 80
83 53
29 39
47 68
87 78
49 48
68 92
47 52
50 22
51 73
70 43
77 16
59 22
74 97
48 35
99 89
52 72
14 65
78 29
18 31
98 49
32 15
18 9
51 56
97 1
97 85
10 79
7 56
67 51
49 27
49 65
91 50
94 23
2 53
13 63
10 93
10 26
43 94
22 22
85 3
71 94
30 14
44 88
8 72
6 70
52 5
91 72
52 78
17 23
7 13
97 99
28 2
26 60
94 29
44 70
7 89
91 17
10 94
7 58
21 58
84 10
8 81
5 68
9 57
78 11
89 55
18 70
24 96
86 17
81 24
98 9
86 44
93 21
26 78
97 44
45 8
58 45
62 49
40 41
37 23
98 64
94 43
72 12
57 29
86 19
15 72
2 80
13 86
48 28
58 50
51 77
5 18
38 42
69 13
25 48
71 22
99 73
44 39
84 73
79 52
76 74
71 79
97 21
69 5
59 50
81 36
31 8
77 44
74 93
7 59
19 73
69 71
89 24
95 63
38 48
30 70
99 58
0 33
5 59
24 74
91 36
81 46
68 80
76 21
31 64
57 66
1 92
22 69
92 20
44 8
37 68
65 6
24 84
89 57
36 71
34 13
55 80
41 75
8 80
98 68
31 10
69 99
77 22
39 51
13 68
5 37
31 51
99 18
57 37
49 7
81 0
58 18
70 47
51 96
84 88
73 16
23 70
83 34
14 60
5 76
40 44
53 77
73 3
0 95
90 46
29 14
99 85
52 7
79 79
63 7
47 57
45 74
17 33
54 83
82 62
69 27
51 68
86 10
14 59
43 81
56 63
66 72
58 94
82 4
59 23
86 69
45 59
84 69
44 61
22 42
70 82
60 88
92 16
29 41
81 10
44 90
93 18
94 18
48 14
2 24
48 46
7 99
76 29
73 10
48 65
46 82
66 34
80 39
83 77
4 84
10 7
40 3
93 75
45 48
15 85
8 57
99 47
6 64
71 96
20 80
64 41
32 29
14 4
19 76
5 31
2 10
12 55
11 28
15 50
44 97
8 10
83 46
32 16
62 68
35 30
8 94
69 33
36 82
98 74
56 75
65 27
12 27
93 83
59 89
87 20
46 58
4 63
3 13
84 91
2 86
42 50
67 99
47 74
91 69
48 42
50 77
48 34
67 50
10 45
92 32
36 86
32 59
45 50
18 72
60 17
33 83
23 94
69 4
73 9
45 84
32 51
37 7
46 20
1 68
9 80
18 30
31 71
18 66
51 92
32 6
17 78
56 32
74 51
19 41
32 41
41 83
65 56
26 76
49 58
18 49
23 51
23 50
31 78
93 69
54 84
51 32
74 35
68 89
13 85
53 97
0 26
53 60
56 60
96 44
48 17
58 96
27 65
87 24
97 96
76 39
56 44
43 99
55 56
57 16
83 67
2 34
3 87
44 80
65 7
98 69
1 4
30 98
91 12
78 21
88 43
40 12
77 61
74 29
34 66
39 24
81 74
92 33
71 10
63 72
68 54
15 26
70 3
36 68
12 64
22 28
80 34
32 62
24 2
58 15
8 27
97 29
99 20
51 71
89 38
92 87
86 0
94 42
5 29
61 6
76 77
88 75
0 73
92 82
25 65
78 79
32 26
93 91
15 31
7 33
29 11
14 27
41 87
4 64
91 58
73 23
5 69
46 2
16 40
52 12
10 42
79 49
61 35
0 97
79 62
57 36
60 42
16 41
2 28
20 46
98 67
15 74
57 59
64 98
79 69
62 52
1 3
68 62
58 84
16 38
12 43
54 67
62 93
9 61
63 57
1 93
5 45
66 58
82 26
60 86
38 13
31 7
61 14
16 11
86 22
13 31
57 8
55 64
94 36
1 20
73 30
0 72
15 89
34 37
66 47
40 7
44 34
6 59
13 56
37 4
67 3
22 83
48 80
76 23
31 0
81 64
44 2
85 53
50 42
21 5
27 14
40 32
62 72
70 37
1 13
11 24
55 91
60 40
24 13
45 73
38 99
8 70
86 25
96 46
19 89
36 16
27 55
12 75
13 1
97 53
40 51
13 90
89 64
63 43
25 83
79 31
12 31
7 92
54 69
93 48
27 54
26 36
15 22
24 11
23 96
72 71
80 1
59 83
71 52
93 73
93 27
74 56
9 83
85 6
79 71
96 8
4 92
18 54
29 68
57 83
57 57
55 61
54 23
67 48
1 42
93 41
1 59
11 19
77 67
65 4
88 78
88 73
88 79
53 5
93 44
32 21
89 21
64 9
42 38
34 44
92 59
3 72
92 40
12 44
41 50
82 6
57 1
16 77
62 70
29 83
20 56
0 16
32 4
41 43
3 34
42 21
23 57
62 56
92 56
62 13
72 65
77 98
91 24
20 12
41 26
85 63
95 55
34 54
45 46
43 96
71 55
82 10
96 56
92 79
14 31
97 68
26 72
75 97
66 10
18 77
70 18
0 21
24 77
49 3
62 14
63 69
24 18
57 13
44 84
11 42
37 61
78 96
66 99
11 92
39 39
46 35
30 84
38 49
3 25
10 19
45 69
73 47
87 6
96 26
76 94
15 11
57 86
54 77
48 58
17 84
20 50
20 33
82 50
10 41
89 86
48 84
5 20
56 80
27 17
38 32
64 88
65 60
20 65
68 51
79 81
50 25
82 63
9 44
59 38
92 54
71 85
31 26
61 76
97 3
58 86
93 70
33 89
60 1
81 91
68 63
67 37
60 45
70 54
58 42
47 60
93 12
69 79
76 87
5 92
53 33
87 37
35 7
71 95
56 15
43 56
4 14
50 27
22 40
80 22
9 20
44 41
22 86
56 77
7 63
61 13
12 3
33 32
36 30
4 27
66 36
29 31
43 23
29 71
32 64
40 35
27 64
56 98
81 3
59 26
20 70
94 69
17 24
61 62
12 83
6 77
87 88
27 94
99 96
14 0
28 43
61 84
18 6
62 33
78 97
89 50
65 79
81 2
69 31
93 14
45 89
95 28
44 92
24 97
6 31
76 59
82 21
63 76
54 49
92 93
53 47
21 81
81 89
26 5
57 6
0 96
72 13
37 74
17 72
34 73
22 45
93 96
18 15
27 98
91 87
27 73
44 86
81 23
4 38
57 74
15 15
27 48
90 17
42 14
68 40
39 42
27 91
10 90
23 32
26 97
54 52
40 48
57 25
82 93
8 68
99 13
49 54
24 12
12 69
14 81
55 24
44 4
85 75
69 80
40 34
57 70
2 81
90 68
82 91
61 30
66 12
75 26
96 41
34 53
11 93
39 44
70 68
89 47
38 78
30 34
3 92
67 63
59 90
26 51
28 11
86 82
67 42
57 27
57 61
31 9
98 62
87 52
16 71
36 88
21 92
38 18
18 14
6 42
86 65
28 83
68 65
18 35
41 70
68 2
89 8
89 62
92 99
14 61
45 95
49 79
34 6
86 84
23 91
13 67
49 53
41 54
38 46
90 42
65 26
73 84
76 28
2 67
10 74
47 93
5 14
14 22
43 86
67 94
12 18
27 43
35 16
38 67
2 31
95 6
1 41
6 6
14 44
47 17
87 50
33 12
86 97
40 25
77 76
86 81
58 22
53 55
55 51
81 47
83 37
3 77
57 65
35 91
22 13
10 9
43 14
9 94
2 22
78 51
47 90
69 64
76 66
78 45
32 37
67 87
88 58
45 52
71 92
61 87
33 19
47 18
30 81
81 79
41 46
33 71
59 78
36 59
86 39
62 23
89 13
18 40
72 26
50 35
40 73
59 61
17 89
50 12
38 92
13 89
61 8
41 56
78 26
22 81
79 97
42 18
70 88
47 27
69 97
10 33
33 66
73 68
82 0
27 89
62 87
50 69
31 36
0 37
73 29
84 84
76 5
75 19
51 35
72 7
15 4
25 41
50 70
52 58
11 97
19 69
38 87
18 90
21 31
19 7
80 82
8 69
21 82
32 50
60 73
73 42
33 27
29 22
50 86
17 93
69 3
10 6
47 3
55 7
56 0
9 4
6 49
48 18
6 34
36 0
28 47
31 66
24 70
46 52
87 47
71 67
12 52
0 54
74 54
20 43
67 64
59 39
29 48
49 75
2 27
72 18
34 45
83 54
13 15
3 30
63 94
22 57
40 57
23 78
70 23
57 38
68 96
56 16
30 9
2 0
97 33
71 13
49 90
40 0
86 98
99 67
25 98
96 75
48 70
27 35
71 49
86 20
52 32
82 67
26 2
72 14
90 6
1 72
89 9
95 7
41 68
34 15
91 0
36 25
30 83
28 49
72 8
90 56
1 51
8 5
10 28
38 1
39 58
76 3
59 30
43 13
34 96
54 72
56 79
39 61
64 0
89 98
46 80
51 93
87 22
83 45
31 56
57 5
54 5
97 91
5 88
23 52
56 42
9 67
25 21
53 90
34 25
31 81
90 34
23 72
36 26
47 84
49 82
34 18
73 57
82 84
3 45
8 3
43 26
63 91
45 96
4 72
15 95
69 18
47 97
73 70
26 46
89 31
49 60
17 34
36 11
47 42
17 28
37 37
0 65
66 9
2 60
6 75
9 79
25 93
49 88
13 46
31 73
40 86
72 86
59 51
94 14
63 18
2 23
74 87
91 96
22 64
12 81
95 79
14 72
15 87
38 97
71 27
51 17
27 5
62 31
17 13
4 78
71 74
41 88
8 36
99 36
68 42
21 97
42 88
77 23
70 26
65 62
9 1
51 14
90 11
81 29
89 95
93 77
92 4
20 26
21 73
90 77
62 28
37 21
0 12
61 70
93 50
23 97
26 84
54 17
15 97
92 68
39 34
24 88
18 80
64 74
90 44
95 29
73 66
3 36
7 46
59 88
17 95
9 93
44 71
43 20
74 62
66 6
76 18
18 20
98 60
95 12
80 98
55 15
74 84
98 59
8 47
33 14
92 55
1 0
96 40
6 91
95 10
63 53
56 27
82 95
20 8
78 38
0 66
49 9
66 4
79 80
79 87
12 40
80 19
57 34
79 48
63 80
26 6
3 23
82 80
48 10
64 15
74 30
44 30
25 13
42 68
46 26
38 25
88 31
94 52
31 54
97 8
43 37
56 38
99 66
61 24
82 98
55 14
63 75
6 54
54 50
33 80
7 84
8 82
7 85
51 29
27 88
13 78
22 4
41 34
91 40
19 1
43 3
92 65
34 57
18 45
93 55
12 38
31 95
68 53
9 13
25 89
90 98
10 71
35 90
54 21
19 84
20 97
42 99
84 97
39 66
1 49
58 28
95 61
35 34
85 28
21 42
71 0
41 41
78 46
15 0
65 70
87 84
52 53
94 48
74 59
30 22
40 33
83 81
72 35
13 57
65 10
75 8
80 55
75 1
57 98
74 28
94 97
93 63
63 63
4 40
84 57
59 15
90 71
38 64
81 9
64 52
79 13
53 57
97 30
21 69
32 47
82 25
0 38
80 10
77 53
57 77
97 75
1 15
63 33
34 1
71 71
38 7
79 82
9 23
72 70
87 94
86 77
76 79
61 28
9 86
88 63
36 78
12 48
57 19
28 37
23 67
71 35
23 44
62 89
78 13
71 15
37 27
22 12
95 24
27 85
32 85
62 61
38 5
38 74
48 27
32 24
82 88
73 41
17 25
48 86
47 58
74 21
19 87
44 54
62 34
99 86
54 45
64 54
3 24
77 34
55 11
55 82
89 73
87 31
0 6
79 75
34 75
19 37
59 93
90 81
52 46
42 33
19 94
51 87
83 99
27 84
69 66
49 63
10 76
72 21
74 68
55 59
3 18
81 39
92 17
29 57
69 93
95 94
3 85
25 27
55 83
68 70
55 22
13 58
1 79
95 13
31 34
86 50
40 28
3 61
5 67
46 97
86 73
17 40
49 42
87 59
63 98
29 44
62 8
53 80
25 17
48 52
27 10
81 6
84 13
21 68
12 11
66 64
34 11
88 74
16 90
15 55
5 16
7 7
85 72
89 66
33 86
26 71
48 45
20 89
50 32
41 47
49 11
56 53
30 79
29 37
19 62
78 67
89 90
24 17
64 59
77 92
26 67
11 29
97 62
74 64
87 90
35 95
97 95
74 43
56 5
96 93
79 16
73 48
17 90
90 21
34 58
8 77
31 75
11 18
82 68
9 70
14 77
16 83
82 76
74 60
51 82
59 12
76 99
65 91
61 48
16 51
55 18
45 31
80 43
28 63
50 21
35 86
47 2
54 95
60 41
51 95
39 70
70 74
30 39
42 53
0 99
81 8
9 38
4 39
67 84
34 62
36 23
91 3
0 42
67 93
29 2
34 14
52 22
2 90
55 71
99 48
95 92
5 77
19 27
73 7
30 95
95 93
40 62
68 28
55 35
12 74
52 99
62 60
87 8
2 30
91 15
24 51
35 1
59 1
95 26
38 10
82 16
91 6
98 8
11 79
35 37
98 43
86 47
81 95
15 63
19 32
37 50
7 83
88 15
37 41
40 82
77 54
88 35
46 93
38 63
53 54
0 8
95 84
22 99
10 5
39 50
65 12
59 73
93 11
6 3
27 93
31 50
61 57
70 95
47 47
10 39
13 37
60 4
66 37
10 50
20 19
48 16
28 39
40 56
93 23
98 88
46 79
28 67
49 93
51 81
74 86
0 67
56 7
34 97
68 97
99 6
86 86
90 80
59 42
53 22
95 66
45 71
16 62
52 91
54 71
8 44
37 6
54 34
4 44
95 11
77 88
89 12
59 96
97 98
60 21
64 46
62 32
78 27
53 91
20 86
95 5
67 70
73 22
9 71
2 7
16 20
55 86
1 24
96 86
61 7
94 46
12 36
82 11
2 20
24 36
45 90
13 51
84 61
63 0
7 39
9 65
49 33
98 22
42 51
52 26
80 50
81 62
75 85
75 72
57 28
42 79
25 30
76 71
91 55
97 70
71 98
77 38
16 73
22 26
50 78
54 3
93 94
78 19
8 39
89 72
12 30
51 70
35 81
21 65
1 87
51 10
59 64
41 49
96 59
19 45
93 64
60 34
45 47
4 58
60 82
78 90
79 60
16 7
31 16
83 64
16 13
62 9
36 2
63 1
87 23
15 52
35 96
65 43
78 66
48 74
13 33
36 69
95 67
32 13
52 57
90 7
62 63
9 41
10 73
99 78
44 62
55 54
51 88
84 33
37 1
33 21
70 31
40 60
53 37
53 14
0 60
60 33
81 66
48 51
61 1
14 64
97 73
61 91
88 92
3 12
80 46
30 42
26 12
75 50
26 3
65 48
21 79
38 84
46 4
70 15
44 95
44 81
21 21
70 2
88 90
65 94
92 86
72 36
90 76
60 31
12 28
7 43
12 87
85 5
64 14
46 99
42 82
38 65
69 44
35 97
38 79
15 39
46 89
74 74
16 4
36 3
48 39
17 71
60 63
56 82
65 1
60 29
21 90
88 22
92 60
9 15
6 74
71 16
25 64
89 16
88 84
41 5
62 15
61 2
86 1
81 28
95 42
9 87
20 64
33 28
60 22
1 7
19 78
88 89
28 66
72 88
15 44
80 75
47 21
57 81
87 41
26 82
19 51
79 98
69 35
11 54
96 64
44 7
28 70
50 63
89 63
55 8
55 1
61 41
77 63
29 77
24 44
95 65
89 85
64 37
50 16
39 63
85 74
7 54
13 54
3 98
96 25
16 5
5 53
57 46
3 28
80 99
70 20
30 48
89 25
61 65
42 34
41 96
50 34
49 69
39 18
58 60
17 19
2 19
31 62
64 40
71 77
55 87
71 39
96 91
49 18
92 89
13 73
62 88
78 14
4 46
91 39
65 45
85 21
66 98
28 32
63 62
39 80
37 55
53 84
3 76
67 35
80 26
85 22
58 99
42 16
7 18
30 49
74 75
92 49
17 2
86 67
95 46
63 20
54 30
54 15
97 60
39 87
20 10
61 5
69 94
70 98
44 31
52 27
13 83
63 71
80 67
16 93
28 78
55 57
85 30
0 9
12 95
55 28
1 95
11 69
41 64
17 20
52 23
33 98
73 14
89 19
23 41
43 10
83 16
86 33
98 75
70 32
88 61
57 31
60 76
81 58
51 28
41 91
15 51
52 68
73 11
58 17
68 0
7 95
64 48
85 88
55 40
50 30
41 31
56 74
21 43
24 39
27 9
26 79
78 0
79 78
47 55
27 70
46 0
70 13
71 57
4 13
98 17
72 56
41 99
59 27
75 64
42 64
66 42
72 75
9 43
0 53
76 34
62 96
47 76
82 85
15 56
57 52
32 42
54 31
39 8
97 71
2 75
17 56
70 91
53 83
11 63
0 22
94 30
65 52
91 99
81 41
95 54
9 46
41 25
56 64
64 22
86 95
33 0
36 19
82 33
5 27
8 23
1 5
68 33
97 27
5 30
6 83
68 75
69 10
5 91
34 46
68 61
33 64
60 62
10 97
30 59
42 74
61 52
98 48
18 13
67 20
52 93
2 8
44 67
84 74
79 26
8 40
66 5
16 52
34 28
85 70
98 99
77 56
22 92
64 49
91 31
80 28
17 44
58 68
99 15
28 38
89 42
37 57
3 79
9 78
45 64
44 48
86 41
12 1
21 32
60 38
21 8
19 95
83 40
14 32
93 4
6 44
61 66
40 54
86 54
49 23
49 36
85 32
29 95
92 23
94 1
55 19
25 38
89 1
51 79
43 83
23 33
95 76
53 28
0 51
5 32
48 8
22 44
0 77
23 6
72 27
10 89
63 83
1 81
30 92
37 51
57 2
65 93
59 0
8 74
92 45
35 98
71 62
73 65
52 97
7 3
46 43
24 93
42 0
83 38
83 48
41 98
6 50
33 11
85 89
95 4
96 88
98 0
38 91
93 72
73 44
96 54
2 68
38 60
47 92
11 90
45 21
4 51
46 72
79 68
39 30
17 67
90 16
88 32
27 23
57 45
74 55
7 36
2 63
93 46
9 90
60 9
9 5
12 49
88 67
98 51
76 50
10 4
91 30
20 69
89 53
71 83
4 22
6 43
92 61
71 33
94 76
34 79
61 81
52 59
36 41
27 32
37 95
64 25
92 3
31 52
84 8
24 35
3 99
62 79
57 63
51 33
96 52
42 78
55 98
35 63
13 96
83 92
90 58
20 4
70 38
69 41
7 30
85 76
53 21
69 1
2 55
65 25
7 57
47 6
45 70
51 45
85 73
26 74
59 9
79 9
37 16
83 55
37 72
44 22
81 19
2 64
37 93
80 41
47 25
98 79
34 40
62 53
93 13
0 31
25 90
55 16
68 20
94 0
46 86
12 70
34 9
43 33
73 67
10 60
97 43
76 14
27 95
80 37
43 98
42 44
94 3
61 33
6 65
58 78
60 85
61 96
85 39
20 7
94 62
81 45
97 72
52 52
7 17
82 44
92 25
23 27
57 24
29 96
15 68
73 81
35 27
45 34
37 71
75 77
77 47
18 47
63 25
93 9
26 20
10 25
28 0
42 93
14 40
51 16
36 44
60 44
75 88
78 37
26 65
34 5
1 50
61 75
92 38
82 60
32 33
94 82
0 56
28 62
48 25
13 79
50 62
55 66
47 72
93 32
75 32
72 60
17 17
11 74
36 48
43 5
76 81
27 29
62 83
88 56
74 47
64 44
54 51
47 88
71 38
23 22
70 35
86 48
22 74
51 23
76 47
53 44
23 60
25 99
94 32
14 75
31 84
42 94
25 14
73 39
37 60
4 11
2 12
25 25
7 44
23 34
17 39
34 90
69 2
25 67
99 56
12 59
77 27
55 53
41 15
27 81
39 22
40 50
9 17
48 38
3 93
27 72
36 74
30 77
2 98
99 81
97 76
24 54
69 86
35 10
34 86
51 15
30 60
38 81
56 61
27 20
55 76
77 12
75 99
64 12
42 77
69 52
37 54
25 82
99 39
51 8
7 70
53 35
43 84
19 98
61 68
86 13
40 30
77 97
35 75
61 55
94 15
81 94
19 79
44 24
38 57
27 45
93 79
63 55
9 81
57 89
75 60
79 37
11 66
22 78
25 2
57 88
97 74
54 87
9 14
3 5
14 57
28 79
75 81
96 12
54 76
63 22
98 35
35 8
5 97
87 83
33 77
78 61
74 18
59 5
35 35
90 45
99 43
28 41
50 33
17 86
84 29
36 18
67 90
98 24
74 46
96 18
41 21
72 39
14 23
48 91
62 18
53 1
90 39
45 54
48 44
11 61
80 51
96 79
99 69
87 36
35 29
3 1
31 38
67 38
29 74
25 60
64 95
65 75
69 45
49 91
19 91
55 67
62 51
69 15
72 74
9 19
51 4
77 26
59 6
71 97
8 0
48 1
53 65
60 54
72 23
51 74
13 6
81 16
13 28
0 88
97 6
99 75
21 85
93 43
56 4
91 47
29 38
20 99
13 70
71 69
42 5
47 83
81 22
36 93
91 75
75 15
30 86
69 40
7 47
59 99
56 54
82 9
8 11
24 57
61 15
10 2
30 63
59 59
45 0
97 49
13 7
95 64
34 67
9 63
51 62
53 23
2 70
51 46
96 43
28 5
64 10
28 68
64 2
9 73
57 26
92 77
31 97
17 8
47 59
61 39
47 67
70 24
56 84
26 53
11 94
80 53
42 22
82 79
54 9
60 67
15 34
42 37
31 4
0 40
6 27
57 50
81 84
54 90
76 9
65 38
98 66
19 67
23 46
95 71
68 15
95 33
12 17
20 44
95 34
26 17
5 93
21 80
88 33
13 32
84 24
65 28
11 27
33 7
32 55
86 14
97 22
20 71
77 8
96 99
63 12
43 53
6 61
20 40
15 76
94 49
94 79
98 4
24 3
26 26
26 30
27 26
32 2
59 49
15 91
23 92
89 84
99 38
2 43
43 71
79 90
67 0
56 58
25 80
97 48
86 80
3 63
19 24
31 2
54 25
42 83
26 87
30 30
3 15
93 34
7 96
33 85
75 35
41 94
48 23
94 58
0 45
96 87
2 89
30 32
42 8
30 37
16 29
77 0
89 75
70 89
78 88
73 12
32 58
3 70
62 48
78 17
11 0
29 93
10 1
84 4
41 69
55 94
92 83
98 38
83 79
28 34
52 8
46 65
7 93
53 73
31 80
84 49
47 22
74 57
91 44
24 30
36 91
56 45
65 47
0 58
46 96
6 30
55 58
98 57
17 64
96 89
17 50
63 82
94 25
76 44
8 41
19 68
11 68
5 5
92 46
15 67
7 91
78 68
35 21
85 40
17 52
23 7
52 17
21 7
22 25
58 40
45 22
87 98
90 70
32 17
49 10
21 95
32 68
37 67
62 5
68 91
59 80
47 11
76 22
79 67
1 74
1 45
95 30
59 25
92 15
5 52
81 96
66 63
17 15
53 52
19 48
54 98
37 94
1 22
16 21
55 62
38 40
35 85
79 89
56 97
19 96
87 15
89 20
62 6
82 35
68 4
25 46
76 30
26 58
33 17
29 88
58 25
95 0
44 15
43 9
50 40
50 31
71 88
68 26
33 53
85 60
7 9
36 46
38 86
68 25
46 1
61 27
75 67
55 25
15 65
26 40
37 83
57 17
93 49
4 77
59 48
66 48
38 44
11 4
58 81
24 61
83 51
36 28
92 91
36 73
40 31
80 4
88 44
87 85
61 94
55 17
27 57
81 34
61 64
7 81
44 1
20 32
29 76
37 52
92 24
78 47
43 8
54 65
4 9
61 86
31 35
