100 3
97 83
44 55
6 87
30 35
27 49
8 85
17 5
72 22
56 61
7 76
86 61
23 3
55 47
9 60
23 90
53 69
73 86
73 47
88 63
48 13
3 33
89 6
42 95
48 25
33 38
4 79
99 95
82 24
74 51
8 92
91 4
44 99
28 52
52 23
53 7
39 21
70 88
95 14
19 87
12 45
72 72
78 74
58 45
14 5
54 49
9 87
95 97
4 86
23 49
78 59
34 23
56 63
55 59
62 2
12 18
34 32
95 95
77 17
96 50
95 0
46 47
78 24
23 58
90 17
86 20
88 62
79 10
97 78
76 15
82 43
39 88
25 29
98 18
24 32
38 54
0 22
57 34
64 58
68 97
14 95
40 53
69 48
35 67
37 77
99 55
77 54
12 38
46 46
15 54
87 73
69 41
7 9
31 84
77 16
28 82
58 81
71 35
12 70
3 69
9 19
41 60
17 33
18 57
69 79
85 16
47 90
0 61
57 24
37 14
59 38
21 50
42 19
25 82
71 29
12 97
68 13
16 87
86 55
29 49
22 94
82 39
15 91
55 67
57 9
38 37
15 34
15 21
69 70
74 37
81 2
38 38
95 42
45 94
22 16
17 70
46 96
44 36
33 20
43 15
96 63
51 25
72 69
14 27
58 63
71 16
72 60
60 24
47 66
13 26
38 45
39 0
39 96
3 34
25 3
25 16
94 2
9 28
59 46
27 63
15 4
42 35
24 98
6 1
40 9
91 42
15 29
84 36
1 8
85 93
84 35
62 62
62 96
53 33
62 47
2 10
46 87
76 23
95 88
9 81
38 42
27 47
62 37
54 15
26 57
98 37
44 83
46 20
31 15
82 34
56 35
90 77
55 91
21 36
35 53
5 87
68 23
63 66
54 78
87 83
32 67
90 43
81 11
70 30
35 31
57 75
33 14
5 77
41 22
40 58
1 70
84 75
15 72
92 56
92 38
28 33
70 20
41 40
66 90
80 74
54 93
26 8
45 91
45 93
32 24
20 94
92 58
62 72
65 39
20 77
9 84
19 70
41 43
96 25
85 39
67 9
1 3
38 67
4 75
49 18
75 74
71 51
24 3
22 69
33 10
71 70
31 70
78 10
81 54
56 52
2 62
74 5
16 44
89 48
40 47
45 43
55 78
61 92
41 57
23 17
0 8
25 64
51 72
58 0
48 42
19 10
97 10
66 23
66 43
43 13
24 5
56 30
59 20
31 75
0 34
13 84
93 58
57 4
39 30
22 75
42 87
67 20
86 88
30 45
8 59
40 6
87 24
52 84
5 80
21 19
30 65
26 36
59 1
79 80
29 88
65 34
55 89
26 34
63 29
70 2
79 35
13 38
92 57
52 98
97 28
9 68
4 46
13 88
80 17
31 95
80 56
73 2
21 62
86 65
79 20
74 50
49 95
25 66
14 93
10 74
43 10
76 77
9 66
36 28
17 44
83 60
93 25
96 96
63 75
40 7
47 72
71 90
49 36
14 83
62 66
46 30
41 68
3 86
88 19
36 49
89 79
73 3
69 28
71 6
20 72
19 4
5 95
67 34
77 33
21 97
13 61
6 74
14 0
12 84
94 46
43 98
86 92
8 45
74 75
42 3
71 18
25 24
21 2
85 57
40 63
64 8
8 25
22 90
39 25
24 69
18 99
98 52
90 62
49 75
3 38
4 88
42 37
67 30
55 58
22 45
75 63
41 99
82 23
75 24
23 82
36 68
44 37
71 13
87 47
8 89
6 49
96 52
6 32
17 64
6 44
58 68
93 23
55 14
53 92
77 87
98 59
72 56
60 96
68 19
85 84
37 32
34 11
44 10
99 43
42 68
73 67
3 55
99 20
49 68
83 84
16 13
33 60
56 65
52 46
58 28
98 54
75 89
56 17
53 8
63 19
10 92
34 74
69 89
24 67
29 36
49 57
88 86
69 72
49 81
45 81
50 43
68 34
90 75
74 38
24 40
88 32
25 20
70 79
18 43
71 63
21 95
13 44
43 48
76 87
94 60
81 32
99 21
3 75
67 86
86 44
24 62
97 88
3 28
86 86
0 67
59 81
50 96
96 82
42 77
14 56
49 61
35 93
36 85
77 15
63 93
50 91
18 50
26 53
69 74
41 51
72 77
78 44
67 49
38 24
76 50
65 81
55 38
90 81
98 66
21 5
16 74
96 2
72 37
26 27
94 38
92 19
87 19
28 86
20 66
28 22
71 59
39 18
59 56
98 49
44 70
67 33
99 71
74 55
55 9
60 67
60 18
21 85
82 2
52 63
24 54
79 8
23 87
10 9
22 61
0 88
21 25
36 42
80 97
70 96
66 41
88 29
25 85
39 81
8 68
78 88
59 68
44 45
64 96
27 35
61 50
92 2
52 82
1 56
21 96
51 38
6 52
99 47
2 34
7 79
94 45
51 53
8 12
53 28
95 58
2 36
40 55
28 79
80 55
41 82
65 59
53 29
75 5
23 7
2 91
67 26
54 45
18 79
57 12
91 46
79 0
42 44
0 10
64 64
54 17
35 30
38 94
10 70
90 73
53 62
88 65
37 86
50 83
23 18
20 81
60 32
15 67
75 88
10 90
79 27
87 72
35 21
36 44
2 77
75 65
55 74
49 16
38 87
28 23
39 1
31 8
24 81
73 88
92 95
79 13
46 23
71 14
19 81
48 12
32 42
90 7
93 71
63 31
9 20
34 64
19 61
73 23
49 27
74 58
96 18
88 30
52 64
41 81
50 3
1 4
74 53
69 24
61 9
34 84
30 54
4 47
52 13
34 49
80 11
0 93
62 55
13 31
46 44
18 84
51 68
16 67
38 23
58 43
29 28
4 70
66 10
91 86
49 77
80 73
20 57
54 92
87 54
84 40
72 88
55 79
40 77
73 8
54 51
22 76
16 47
72 28
1 48
41 97
90 58
58 79
75 52
62 39
26 64
58 59
34 15
21 70
50 44
25 54
41 64
80 15
65 0
17 50
26 24
60 41
35 57
65 83
86 11
79 24
68 82
9 41
49 46
79 48
98 65
25 34
84 37
91 83
46 36
66 46
93 33
18 73
95 91
77 80
30 43
24 37
24 0
63 52
20 14
72 35
90 97
56 27
12 19
77 78
94 37
15 97
81 44
81 39
63 32
11 57
94 6
3 2
61 73
45 85
84 4
70 77
73 40
37 16
52 29
68 32
88 83
47 13
25 23
50 13
92 33
70 12
30 44
28 71
45 54
45 67
45 68
42 89
16 80
95 25
61 72
9 17
43 72
22 17
61 6
52 3
58 7
14 85
35 16
14 40
91 41
27 27
33 74
52 78
78 75
0 71
12 66
93 68
27 85
35 84
5 50
12 88
53 87
86 83
10 39
16 36
41 12
96 51
65 68
73 33
63 80
63 62
90 74
4 25
44 72
64 88
9 92
83 23
17 46
64 91
10 61
31 4
79 98
22 48
57 87
98 51
44 50
88 50
63 78
88 80
66 26
69 39
39 38
2 53
12 40
65 87
19 96
23 2
25 81
85 10
38 72
85 97
30 67
14 43
63 2
17 73
43 56
82 45
35 48
3 89
72 16
50 12
85 37
0 85
35 60
14 46
46 95
67 54
13 83
53 20
11 65
17 97
62 7
78 51
21 56
45 8
8 72
29 20
90 28
45 90
59 29
89 12
16 51
60 52
83 11
52 36
69 85
83 32
27 82
59 4
30 62
61 1
61 5
51 17
91 85
33 29
99 83
25 39
42 60
57 35
81 46
56 49
73 98
89 20
75 36
21 31
47 64
74 34
93 89
34 18
90 85
60 72
84 62
69 29
9 46
15 48
90 26
47 0
55 24
28 94
35 96
24 1
4 5
92 87
10 82
98 57
48 91
90 89
98 75
37 71
51 51
47 99
37 62
21 58
37 63
0 20
29 81
2 81
25 32
52 31
66 98
64 53
44 58
13 81
36 47
10 29
42 82
93 67
40 97
6 53
17 7
77 57
78 6
23 29
45 61
2 33
48 9
97 86
26 30
53 73
43 87
32 31
98 2
93 0
46 94
52 99
7 37
85 24
44 56
0 35
67 24
48 70
49 4
28 63
1 87
93 47
72 3
8 46
15 59
43 39
86 43
99 65
82 88
63 82
36 37
96 20
32 63
86 98
8 55
52 25
46 54
61 37
24 31
42 57
98 82
50 60
0 16
92 7
94 76
57 49
97 45
4 28
0 5
93 88
44 21
54 3
6 80
97 11
18 23
48 26
25 92
59 28
21 41
44 98
51 6
74 56
65 20
51 34
80 54
19 42
70 89
29 18
67 77
75 35
81 42
4 57
95 63
65 82
37 79
96 89
58 97
45 98
9 22
46 71
28 38
74 83
62 44
46 58
27 8
1 30
23 43
81 58
79 23
25 84
84 58
66 94
14 32
27 71
7 8
2 98
92 47
95 82
5 56
74 24
24 38
91 66
95 36
32 96
61 40
33 89
56 48
62 61
87 63
56 51
80 42
74 44
85 66
38 49
19 55
97 38
9 95
2 85
53 39
97 92
26 20
24 61
4 4
88 77
67 5
19 82
45 15
50 2
81 6
49 26
68 84
52 65
91 9
38 21
43 71
96 30
23 10
71 5
95 68
32 29
48 57
38 17
28 47
92 43
39 36
21 94
24 75
64 35
21 15
83 99
41 16
79 33
57 40
18 25
95 64
35 66
23 39
43 63
11 61
64 57
79 36
62 3
80 10
3 73
46 41
78 13
26 29
11 38
1 44
51 52
55 68
84 78
8 22
30 49
80 85
48 64
69 34
62 28
76 5
63 87
71 0
18 93
68 50
63 8
20 56
86 77
10 34
63 98
1 93
71 10
54 73
2 7
70 70
70 13
70 67
76 18
47 30
53 82
7 95
0 44
62 0
27 22
68 4
82 92
61 52
46 1
66 24
61 34
13 65
11 60
23 28
27 99
98 99
2 59
43 45
69 64
31 33
25 72
43 88
43 93
65 44
87 89
87 57
38 65
83 30
60 1
70 91
41 23
94 48
85 28
59 35
53 4
13 41
88 42
64 78
63 89
37 65
92 84
85 17
32 95
24 53
57 78
80 4
48 31
82 58
47 46
11 13
13 53
64 89
65 77
78 73
83 68
44 96
13 1
46 97
39 6
67 97
2 3
52 74
77 96
2 47
11 18
36 74
80 26
3 14
85 64
22 49
78 64
73 83
62 80
67 42
28 34
24 20
50 40
56 66
40 30
97 22
18 18
18 60
25 50
92 18
4 72
30 20
59 0
31 55
76 2
97 64
45 72
71 32
32 99
73 10
0 38
18 62
51 45
66 70
64 97
76 32
4 27
84 29
15 40
19 8
15 87
99 7
75 4
87 59
22 63
3 48
43 58
39 84
42 92
67 87
73 9
92 65
84 86
39 75
36 12
37 21
40 8
28 7
55 96
50 49
82 26
90 31
47 50
81 38
78 95
12 90
39 80
68 18
5 37
21 54
99 64
2 6
7 91
92 14
15 22
85 77
60 64
77 10
17 8
88 33
20 17
24 58
77 36
47 88
13 50
35 36
78 52
32 72
46 38
35 92
39 58
32 48
30 11
28 1
66 9
87 45
9 47
2 26
97 53
35 44
14 21
74 47
62 21
54 9
85 99
49 33
20 2
91 70
11 43
3 16
4 41
79 91
19 79
72 19
99 53
27 5
44 7
2 90
42 22
0 66
62 16
65 57
90 36
30 30
82 65
11 53
42 23
21 44
52 4
10 83
4 83
28 75
4 24
0 40
31 78
85 86
51 91
78 21
9 77
8 79
51 43
77 58
64 22
0 29
34 19
27 29
24 29
84 83
12 11
4 89
61 90
31 88
63 35
14 86
13 0
14 12
61 88
31 35
49 85
57 72
73 93
37 33
95 31
94 41
56 20
34 21
35 74
34 88
75 72
30 72
0 31
14 23
1 63
82 85
17 19
40 99
14 6
57 85
36 65
8 7
89 43
71 21
0 33
77 43
24 39
69 90
1 17
23 6
42 99
40 20
39 57
41 94
18 83
96 17
43 25
0 2
23 11
30 68
12 67
73 61
6 25
19 68
81 82
79 72
20 69
58 47
63 10
55 3
7 90
84 6
71 54
63 4
17 90
39 9
90 35
76 70
56 24
60 40
16 22
12 20
4 90
5 8
59 11
19 11
2 87
18 67
85 56
23 93
14 87
44 64
7 28
63 49
68 24
25 88
13 11
67 57
0 99
60 78
34 28
34 69
31 71
48 99
81 69
34 26
42 0
47 73
39 15
94 42
24 18
65 45
41 33
63 56
96 3
67 43
99 0
56 12
92 52
57 23
25 68
59 77
86 25
39 26
49 82
53 74
1 14
44 81
34 4
97 15
30 83
93 96
8 29
50 45
74 72
53 51
80 61
16 32
20 73
77 94
12 53
36 13
77 66
18 20
94 69
65 80
99 10
96 37
83 71
14 98
86 42
32 91
47 8
8 30
6 11
84 1
75 87
97 96
99 8
6 40
96 31
24 48
86 14
81 53
81 68
36 16
35 78
87 66
89 81
14 99
4 30
10 85
54 95
58 17
33 41
82 33
76 29
9 27
87 96
58 76
1 2
30 99
88 79
83 57
74 36
91 47
29 3
2 44
34 73
98 45
6 35
75 90
82 21
48 39
94 27
41 10
11 83
60 22
72 41
65 21
2 61
48 71
64 66
28 55
17 60
62 12
98 78
33 8
96 47
10 42
35 71
31 47
15 11
20 11
48 27
8 56
43 50
50 42
28 73
75 57
60 71
26 22
83 0
57 36
60 53
81 98
30 12
45 82
89 82
77 31
12 57
40 27
32 78
38 91
59 52
90 3
13 37
61 86
2 83
77 67
52 24
41 91
28 49
52 5
63 5
71 44
55 4
56 41
96 42
76 69
23 59
75 15
56 53
72 38
22 58
85 53
11 99
49 78
33 21
60 0
20 34
62 92
14 62
36 40
37 34
54 54
98 42
42 18
69 87
8 10
46 18
32 26
49 64
84 19
77 68
19 15
2 82
3 27
16 93
93 83
8 77
99 19
71 17
95 80
24 57
78 29
11 87
37 30
90 42
33 82
4 45
97 18
71 57
71 89
56 98
52 83
64 80
56 83
38 25
32 53
31 79
83 92
65 58
32 71
57 68
92 82
64 34
45 50
72 11
35 90
17 36
75 11
6 26
99 36
94 26
37 58
1 1
3 4
81 66
38 7
42 86
68 40
98 9
25 26
29 47
26 21
92 71
70 15
41 92
14 65
13 17
47 36
54 64
86 67
31 36
94 86
9 62
11 56
67 18
68 71
35 95
63 1
62 63
17 69
66 91
48 79
61 19
82 7
61 94
41 34
57 94
51 4
49 89
15 36
68 0
35 73
76 9
47 18
72 46
18 47
49 65
11 8
62 94
78 99
95 13
85 8
23 45
98 44
67 36
51 54
88 84
40 18
74 82
7 57
14 45
21 11
52 62
41 66
46 33
70 81
88 28
71 95
12 99
71 61
79 89
52 95
32 55
65 27
47 70
7 35
56 16
18 26
59 27
70 0
96 76
68 85
55 77
69 91
69 86
47 79
21 29
75 30
29 75
37 17
57 30
33 30
14 8
77 37
44 69
25 63
45 47
50 99
64 1
6 92
63 3
51 78
48 23
84 79
45 74
80 24
35 94
90 70
78 11
5 85
65 91
28 61
84 26
82 80
16 19
54 44
98 56
89 26
98 72
19 57
11 75
36 18
65 97
0 59
15 92
62 10
74 28
25 10
48 45
76 8
72 31
63 59
88 87
18 12
97 21
45 78
92 37
5 47
9 33
93 44
99 58
4 38
42 43
36 21
71 47
41 39
26 26
66 47
31 66
27 10
99 90
44 31
70 72
7 26
77 25
18 44
43 85
64 82
9 88
42 62
87 84
81 79
99 74
59 97
34 80
72 40
11 62
53 23
0 80
88 21
67 55
56 56
31 92
82 6
81 13
14 35
20 75
45 30
83 51
27 90
94 20
11 0
18 53
7 62
60 14
37 60
77 82
56 7
94 24
20 1
66 72
80 62
50 6
56 32
14 48
85 87
74 79
64 56
18 35
24 47
4 3
27 11
44 80
72 84
5 55
92 64
37 72
96 23
54 22
43 92
99 25
17 53
87 43
50 53
16 62
60 7
32 58
86 59
97 4
14 92
93 28
13 93
10 12
9 30
63 79
87 14
92 96
15 75
57 15
72 59
10 67
67 96
63 73
8 27
77 41
27 3
56 42
84 92
53 53
84 91
88 5
13 46
89 9
97 81
45 26
1 23
95 10
12 49
33 37
0 79
65 98
18 21
35 55
51 23
46 9
55 93
94 11
46 21
73 96
32 80
75 2
0 53
39 56
80 7
34 81
8 9
83 17
34 79
66 78
71 20
9 89
12 72
74 2
93 66
81 34
39 17
23 62
91 13
77 22
81 31
8 24
10 32
7 92
91 38
47 45
58 26
91 29
33 52
44 42
26 58
71 38
8 51
8 83
20 87
86 49
99 4
26 2
15 6
12 21
78 14
84 21
95 84
39 70
82 97
16 65
21 67
38 36
14 58
88 92
12 8
23 81
1 15
84 69
91 57
88 36
43 86
20 95
9 91
72 49
36 25
22 1
33 73
16 89
62 14
96 93
15 73
16 82
70 97
44 76
26 18
32 44
16 38
23 78
63 55
15 90
78 33
93 91
32 74
73 14
90 19
60 25
74 33
20 68
23 32
4 66
60 46
20 55
73 15
11 10
17 40
46 92
25 95
97 71
53 75
26 92
43 29
65 54
90 50
69 33
98 36
20 98
79 52
24 46
39 87
74 7
71 24
47 96
98 11
49 60
75 43
58 84
31 46
12 15
0 77
40 34
99 46
23 30
43 42
46 86
21 33
41 1
46 50
70 68
40 28
92 63
67 29
0 13
41 38
76 99
50 26
38 9
26 82
26 69
75 31
20 71
13 40
6 28
35 80
7 16
12 39
30 50
83 74
87 82
22 28
0 87
31 34
99 81
39 43
27 25
71 91
90 91
11 49
80 39
30 61
65 51
51 37
64 73
15 37
21 12
97 23
61 29
27 7
89 50
98 0
55 65
73 57
24 7
21 23
70 17
44 29
88 16
59 19
16 73
48 93
90 4
44 40
11 74
44 39
30 15
86 52
93 61
8 21
33 16
18 55
37 69
1 39
63 91
42 61
87 80
22 39
95 16
66 37
16 96
64 44
23 46
69 44
90 25
87 95
40 95
99 17
74 92
24 82
9 65
33 78
26 90
11 7
84 54
92 22
80 86
63 50
10 45
44 27
14 53
70 35
48 68
58 87
8 38
69 57
53 38
41 67
9 32
7 22
76 4
39 94
80 23
51 3
94 72
75 48
34 59
92 24
64 98
29 58
77 11
96 73
37 44
61 55
11 79
65 37
6 88
33 48
73 39
17 3
15 5
54 96
4 18
23 26
45 5
27 96
19 73
29 29
4 76
29 65
57 53
30 2
93 26
73 53
61 43
85 7
51 5
53 64
32 15
8 39
70 38
86 94
17 48
6 16
4 50
82 35
17 81
84 51
70 6
49 14
54 18
39 59
93 13
93 65
91 11
42 79
6 6
99 24
36 36
84 17
94 94
53 2
17 6
44 28
76 82
82 5
52 32
29 64
49 31
10 60
19 43
30 18
15 76
57 74
54 10
20 42
32 40
43 99
40 43
7 43
12 1
82 20
58 72
33 43
17 87
97 99
67 1
4 99
1 73
47 14
83 49
36 55
13 14
74 0
54 27
89 25
92 66
56 77
35 37
61 3
46 89
65 23
3 57
12 7
78 69
4 40
33 90
78 48
33 85
52 51
50 68
84 25
88 8
33 22
7 66
95 41
96 43
48 32
84 73
72 4
87 20
53 89
27 74
48 5
7 69
38 31
25 19
69 52
6 70
13 16
54 86
5 60
78 26
36 48
4 62
14 34
53 49
48 88
39 39
51 84
86 99
66 32
73 11
80 75
15 30
96 99
65 53
10 57
33 57
84 59
80 76
17 16
59 34
73 52
83 12
49 96
56 76
70 65
48 77
16 2
50 84
36 27
60 70
87 42
53 43
15 17
1 42
63 92
19 29
95 12
57 47
36 41
2 13
47 33
32 36
25 97
49 35
90 47
71 36
69 40
22 36
35 3
71 12
55 42
32 60
41 28
52 71
48 11
85 72
50 77
97 80
39 5
12 81
50 10
30 26
42 24
99 66
77 21
46 62
38 71
47 56
1 50
26 11
39 63
85 98
95 83
99 63
68 7
62 98
86 95
63 6
49 54
21 0
10 50
55 95
21 88
57 5
1 65
67 44
29 26
69 13
37 29
9 35
75 14
2 48
47 57
41 56
36 54
19 77
94 85
96 21
77 89
12 25
80 46
7 87
64 31
38 85
7 81
38 44
44 35
59 41
37 68
11 33
16 42
92 76
61 93
93 12
83 97
58 99
24 95
72 86
24 73
52 94
24 93
43 19
14 69
37 7
8 76
70 22
74 10
83 61
75 67
34 85
71 45
4 34
64 72
70 37
17 72
25 86
87 50
83 15
17 51
5 86
32 69
77 26
39 27
88 72
49 59
65 95
23 79
78 72
48 84
56 90
92 6
18 29
70 48
58 31
89 42
26 35
67 39
82 70
39 74
46 76
32 19
51 29
16 86
94 66
22 44
46 63
68 99
60 54
16 68
49 6
31 93
10 53
10 22
89 31
52 57
47 89
71 98
14 77
65 52
4 17
8 88
40 12
67 90
6 13
94 14
62 74
86 37
86 16
75 28
72 65
31 52
74 9
19 76
19 31
89 3
20 99
66 69
50 70
3 67
37 67
28 8
99 27
93 10
30 73
89 80
81 18
55 62
69 2
15 86
29 6
88 64
52 85
27 15
19 51
16 31
28 6
23 21
13 29
7 45
89 24
63 23
64 15
62 9
83 1
12 36
84 27
84 64
41 98
82 12
22 79
22 84
75 77
56 11
51 44
61 71
45 55
28 99
39 12
62 56
38 93
87 92
72 47
62 99
55 8
65 16
31 65
47 3
60 90
4 92
8 44
10 63
25 40
27 79
41 4
38 63
67 64
67 83
69 81
88 31
3 51
22 22
83 20
76 10
89 53
15 83
89 46
87 12
34 9
27 44
16 75
66 52
86 7
95 40
92 21
41 6
77 18
62 59
42 45
59 13
22 12
16 39
62 53
29 33
49 23
29 12
67 13
43 3
57 44
86 34
72 55
93 32
65 88
2 28
11 4
13 62
52 80
2 2
20 51
83 36
13 43
74 13
78 31
4 11
74 6
51 81
61 95
91 23
14 66
19 75
36 88
84 89
75 80
34 57
19 59
64 85
29 1
68 75
89 89
85 68
48 66
83 18
81 60
66 99
95 24
17 80
78 19
82 72
18 80
37 52
91 81
2 22
82 29
2 64
76 13
94 23
11 9
28 43
41 93
93 56
75 91
42 64
75 85
10 43
92 53
58 39
55 80
7 67
3 21
12 62
72 74
56 58
14 4
66 63
53 80
10 10
48 36
30 53
68 48
52 92
56 22
92 27
33 70
95 46
89 65
93 21
56 71
0 42
0 91
0 75
29 9
7 29
47 47
28 9
11 98
97 1
41 86
51 13
34 8
57 1
32 12
81 64
9 64
58 41
26 78
18 41
31 5
82 28
80 12
71 11
78 84
43 52
45 10
99 92
38 53
96 95
84 90
72 93
30 97
78 2
4 77
87 90
15 62
79 30
67 45
38 22
45 42
46 65
94 74
56 72
0 21
86 4
72 73
68 35
89 87
25 45
59 87
39 54
75 58
41 37
72 70
32 27
80 40
37 0
27 12
67 40
93 2
94 98
25 33
65 96
80 91
52 68
0 3
95 47
7 63
82 16
13 90
54 31
5 64
87 4
53 45
15 33
11 69
16 4
93 43
14 14
76 34
84 14
70 60
78 9
22 82
49 3
17 30
54 47
68 91
70 19
8 47
70 34
84 88
53 34
93 78
26 99
87 46
72 62
44 57
54 84
69 25
44 85
13 72
22 18
61 63
4 20
27 32
53 46
66 4
20 90
92 42
0 64
79 96
58 32
37 92
12 16
82 40
34 75
69 43
46 42
23 40
32 64
14 26
76 90
77 5
92 30
74 63
76 38
75 68
95 54
37 42
37 84
24 33
65 40
37 2
97 32
89 35
66 67
17 2
49 7
68 33
32 85
25 38
6 30
30 8
80 29
66 66
68 56
53 72
37 37
77 77
12 98
46 67
71 81
41 71
20 27
77 7
42 51
93 62
47 4
48 8
74 80
67 25
28 50
99 91
25 1
13 99
73 62
5 4
52 7
19 0
36 24
36 70
48 7
78 0
97 95
40 41
47 69
90 65
18 88
73 90
64 27
75 37
81 0
40 57
22 68
78 97
78 8
15 14
61 26
24 25
94 84
71 78
48 69
60 48
49 74
60 38
94 36
69 68
46 85
50 63
7 30
2 19
49 10
2 31
39 71
91 63
47 74
92 59
63 33
78 77
66 95
74 41
52 18
18 64
95 78
59 89
71 53
73 60
55 55
6 66
5 78
97 43
43 59
60 37
53 99
33 7
76 49
40 1
82 14
7 93
48 60
8 75
27 37
29 87
42 56
51 87
90 93
47 2
78 27
45 52
88 41
46 35
50 46
87 74
22 42
78 7
72 45
22 0
44 88
95 39
27 34
31 14
74 49
23 25
1 27
92 12
7 97
18 39
4 44
43 23
52 42
44 95
53 9
40 42
53 3
7 6
13 23
68 68
2 1
67 73
22 10
73 77
4 39
97 39
57 21
22 32
69 77
33 67
22 88
66 39
52 21
16 92
40 84
68 26
47 5
81 67
94 13
67 52
66 73
91 54
12 43
99 54
92 92
34 38
96 41
22 60
33 27
48 86
57 91
51 58
88 89
12 47
9 73
81 14
3 31
45 60
20 19
49 58
75 6
55 48
59 63
8 62
29 62
76 6
60 92
6 24
17 74
91 95
48 96
2 14
31 24
27 50
88 38
22 87
41 70
61 84
5 0
79 19
1 71
95 76
51 66
31 9
38 55
62 48
89 73
58 91
50 59
37 56
46 7
53 56
77 3
97 49
60 82
46 61
90 59
54 98
21 20
79 51
6 38
13 35
71 55
83 43
19 71
21 26
71 31
5 49
82 60
74 15
1 46
30 92
82 94
84 85
14 24
79 75
76 66
75 84
83 47
92 17
79 95
80 59
24 27
6 61
53 57
41 32
70 50
51 55
44 6
84 39
98 73
97 29
61 45
55 18
17 4
88 99
14 90
84 34
15 45
34 98
2 43
17 41
54 16
58 22
35 46
67 82
44 17
47 97
78 70
76 80
81 93
74 61
19 39
9 0
63 7
84 33
20 54
66 28
44 18
21 86
58 69
28 14
82 99
0 90
68 63
60 45
56 55
27 23
51 39
39 82
39 24
96 45
88 94
34 29
30 63
0 84
18 90
63 60
56 43
24 36
50 33
97 76
58 70
88 3
12 77
83 38
77 24
53 66
6 39
63 28
50 94
51 16
18 51
68 93
80 38
30 79
21 65
68 20
43 1
47 55
54 82
30 36
2 5
77 13
43 18
7 2
4 98
39 14
54 90
62 84
55 88
27 30
92 50
64 47
33 9
53 40
89 15
53 65
35 4
47 53
72 99
11 15
59 86
41 50
80 90
94 70
42 4
26 3
44 44
41 49
85 29
10 79
52 81
27 95
64 32
8 97
54 19
24 59
4 48
82 13
53 37
67 51
75 40
96 84
2 38
31 74
36 45
51 31
28 64
91 93
67 69
18 56
6 63
51 49
65 42
20 85
25 79
80 8
76 73
36 7
47 81
65 49
42 74
38 34
89 2
6 19
72 13
9 25
63 90
77 29
37 57
81 3
45 65
8 31
8 87
12 79
51 71
78 39
72 53
61 68
6 84
27 64
36 22
11 31
64 45
22 25
32 9
65 56
78 87
79 15
60 31
22 99
89 51
66 25
50 41
62 54
21 98
51 48
87 15
63 12
13 4
87 5
85 91
63 30
23 20
96 34
82 57
72 98
47 87
59 83
59 69
58 42
91 14
44 3
55 70
29 5
59 5
66 49
89 61
93 70
36 26
68 87
41 5
52 1
42 32
20 84
74 89
90 30
10 8
78 40
14 50
40 0
25 58
75 26
37 20
53 12
85 55
34 63
94 73
35 17
76 55
55 76
92 91
31 23
15 55
83 26
20 21
75 69
31 83
19 90
82 62
59 62
76 41
42 17
59 15
36 79
26 25
60 42
12 58
92 89
53 15
32 14
40 17
6 5
78 30
39 90
11 19
28 51
32 62
37 90
25 75
85 65
88 78
33 26
24 97
27 20
75 7
6 94
99 68
72 10
22 66
32 8
50 92
60 73
49 40
77 39
52 33
54 80
73 1
95 30
93 74
10 94
76 46
18 36
98 24
95 56
49 45
24 2
90 60
83 53
86 6
7 21
8 13
97 6
67 70
4 81
48 46
34 13
0 46
91 73
20 15
48 38
73 58
84 42
50 35
20 13
19 69
16 91
53 90
68 27
18 22
19 65
95 99
63 63
16 30
32 43
5 2
73 50
22 72
9 3
48 17
31 25
78 76
92 62
37 75
69 19
63 44
7 1
60 29
82 27
9 45
5 96
62 76
74 16
33 75
29 92
33 2
45 73
98 1
46 2
51 33
76 96
53 94
81 65
48 55
64 49
24 50
13 71
12 4
69 18
30 81
79 40
89 22
31 91
49 47
57 79
47 25
54 74
48 15
19 18
16 14
15 78
7 82
19 32
41 17
47 34
24 42
2 9
79 99
5 59
54 61
60 80
73 78
89 76
70 99
49 73
49 55
88 88
82 98
70 52
77 19
6 78
11 30
5 1
53 47
41 80
91 8
63 46
17 68
58 13
85 75
76 14
61 85
33 68
50 27
99 57
19 26
55 39
46 40
94 18
35 10
61 46
98 68
73 55
31 98
92 83
62 6
45 87
40 10
76 39
53 36
49 99
6 15
23 8
88 24
4 1
10 17
87 69
37 47
11 85
4 23
71 71
76 62
93 95
94 31
96 69
81 41
92 67
76 91
6 9
0 83
23 65
50 22
32 49
72 7
41 61
71 48
70 7
25 59
82 52
24 79
52 19
29 68
81 56
72 85
51 94
54 91
22 19
72 2
49 38
68 72
60 62
76 52
21 8
40 72
45 96
90 38
71 42
67 31
93 40
95 8
79 31
66 58
77 76
44 61
24 92
26 39
15 82
9 48
53 13
70 29
10 72
61 10
0 97
10 27
8 96
59 75
11 51
61 79
70 61
1 55
8 78
92 81
9 63
62 31
70 8
34 25
96 8
82 67
69 84
69 37
65 22
19 44
26 12
85 70
96 67
77 6
37 89
3 99
81 49
21 43
27 67
47 17
72 87
7 36
41 25
2 94
9 13
49 79
36 71
77 50
82 38
87 49
83 87
75 81
71 64
82 78
63 69
15 71
71 22
93 69
18 0
80 57
34 70
58 25
42 52
73 68
54 24
44 48
62 8
41 45
98 91
50 71
10 49
55 13
90 40
50 29
45 49
95 72
64 5
21 4
75 55
71 72
96 10
41 95
2 12
50 64
73 70
19 12
21 48
76 53
91 77
79 28
40 79
4 33
26 72
66 27
0 69
15 35
68 89
92 60
39 49
76 20
45 62
7 68
2 68
79 63
15 95
92 10
55 87
99 52
22 20
92 23
25 56
34 44
86 40
10 77
99 85
55 72
73 79
77 47
88 49
93 5
31 20
97 47
38 92
48 67
57 98
20 49
35 23
79 73
91 18
14 33
13 70
6 68
31 39
2 24
83 69
11 66
30 56
28 85
8 48
79 14
12 42
97 19
62 20
33 0
2 4
32 21
21 60
75 82
9 76
29 46
10 33
10 89
89 32
26 48
77 28
82 30
31 51
18 46
45 56
1 68
30 31
82 22
20 8
29 70
66 5
50 86
90 76
90 54
84 24
31 67
42 13
85 78
96 94
5 18
85 41
81 86
44 75
9 11
3 26
34 42
8 54
94 8
10 95
69 80
16 57
8 82
83 91
98 10
77 42
72 92
12 10
1 64
5 14
93 52
91 89
27 18
62 81
52 0
99 69
63 47
40 31
16 76
3 91
66 93
41 20
35 56
54 37
31 12
16 15
86 80
26 23
18 61
7 96
73 74
41 84
0 15
66 36
49 22
14 78
87 91
67 74
17 26
70 63
94 34
65 2
44 19
14 19
83 75
7 38
33 51
2 99
11 73
63 13
85 40
19 74
74 23
90 34
28 45
93 54
73 63
86 24
14 61
58 64
84 31
80 88
1 69
63 64
28 18
69 88
8 81
17 42
46 31
15 50
75 10
39 86
58 65
52 69
90 9
51 47
46 55
6 82
90 21
76 88
35 54
79 94
82 87
64 10
81 76
43 53
48 29
63 77
39 60
13 75
47 65
57 11
39 34
35 88
17 1
42 54
44 52
36 34
69 96
69 46
55 73
13 22
74 26
44 16
91 43
58 95
6 48
30 84
97 33
1 79
18 15
44 30
73 71
66 64
17 23
33 91
69 92
79 71
97 14
92 34
40 35
54 14
55 83
82 51
70 84
72 18
47 51
69 16
37 48
5 48
32 33
82 79
9 43
56 45
84 43
59 50
27 26
51 11
27 84
28 31
8 6
46 34
53 68
42 80
15 23
45 99
35 11
16 20
80 63
20 45
96 44
79 81
33 56
67 65
36 84
42 29
40 67
20 26
7 40
17 22
75 62
95 34
42 72
11 89
59 17
13 59
38 46
72 43
99 15
67 4
4 13
61 64
58 2
80 35
63 25
39 2
91 64
91 2
2 58
94 65
64 21
49 28
78 20
1 37
48 10
65 4
85 27
37 8
96 88
16 16
14 10
16 34
96 40
52 6
36 67
79 88
5 45
95 22
32 50
61 16
26 96
23 33
77 88
90 79
5 31
87 51
61 51
96 0
3 95
22 80
76 36
94 61
49 53
88 47
3 94
50 75
49 41
30 46
33 76
25 9
30 37
23 1
76 47
42 2
55 7
82 68
68 22
40 90
69 12
56 79
90 52
33 65
94 81
67 53
80 70
99 34
51 36
77 75
93 48
44 51
23 70
87 71
11 94
42 73
31 56
7 73
29 91
69 45
14 70
90 49
29 98
93 60
15 46
54 81
53 18
0 37
88 53
86 21
97 93
78 41
71 30
34 62
3 10
42 76
25 43
23 41
35 1
72 32
6 14
71 66
89 85
59 64
25 51
48 28
58 46
0 9
89 38
72 91
83 28
59 45
59 14
46 3
21 34
52 14
10 44
11 55
91 65
42 88
94 75
23 53
6 65
18 34
26 67
38 97
97 97
48 73
67 15
85 69
40 93
19 85
68 46
67 89
36 6
83 83
3 37
56 81
80 67
13 12
20 10
69 36
69 69
54 36
77 9
24 91
88 98
51 63
93 38
52 72
35 52
43 43
35 33
55 53
17 0
10 96
73 80
60 91
85 1
25 42
29 50
24 88
67 10
69 65
81 29
0 11
17 9
29 35
41 19
97 70
64 37
55 15
99 97
99 72
18 45
51 97
5 5
60 21
47 77
99 88
6 71
88 60
43 70
12 29
42 94
7 77
63 16
32 16
86 63
5 58
37 97
80 0
50 51
88 74
25 5
57 81
49 24
22 26
76 1
26 41
94 33
86 18
48 4
30 25
56 67
60 17
23 80
73 82
34 78
29 16
67 11
43 34
54 8
64 75
79 26
35 28
4 96
28 78
75 46
15 98
92 35
79 67
87 52
72 42
86 73
75 17
1 40
54 97
62 58
66 82
47 7
27 58
66 87
79 85
40 23
22 6
77 27
20 58
93 92
65 36
69 7
49 76
79 44
86 38
44 0
27 51
53 77
16 0
40 74
41 13
59 80
47 16
25 76
62 32
89 72
13 7
95 7
19 20
4 43
71 4
43 11
82 11
83 70
10 26
55 29
14 55
85 54
97 51
1 60
19 7
16 94
34 35
81 57
5 21
2 66
38 60
94 35
93 3
78 17
54 35
66 7
17 83
69 47
3 92
91 10
62 51
80 6
94 54
69 31
7 32
45 39
53 1
65 13
62 95
11 95
34 47
33 5
81 89
25 89
93 9
36 15
61 56
79 77
54 12
59 3
27 4
30 10
6 10
12 34
14 15
85 35
69 15
68 51
65 18
11 91
0 36
0 98
19 1
6 56
34 89
74 29
65 93
63 65
82 66
24 52
4 94
8 93
40 33
89 75
12 68
48 24
8 70
43 75
10 20
65 84
33 69
22 83
56 86
33 98
76 84
5 38
42 84
76 98
96 7
19 67
68 80
13 69
68 96
27 72
17 96
90 32
38 98
42 11
37 22
96 1
42 53
45 36
59 78
51 59
62 19
69 8
25 13
98 17
24 9
27 33
68 92
28 62
76 27
0 45
14 94
50 30
15 39
51 60
44 43
98 71
78 68
91 75
80 37
27 19
68 10
81 70
8 50
51 32
38 58
18 11
50 7
72 6
24 26
41 14
5 68
33 33
72 33
40 48
46 25
11 34
36 2
78 45
89 97
85 67
57 90
44 1
86 72
85 80
24 11
33 3
58 14
27 1
90 29
51 80
37 5
89 41
92 75
85 26
15 16
7 14
46 78
36 91
33 19
76 37
74 46
88 11
56 96
27 53
54 41
76 17
35 59
17 18
38 84
62 91
4 16
41 65
31 2
9 78
57 54
70 55
95 70
17 66
93 55
97 24
22 52
90 99
11 41
3 74
0 6
55 69
40 69
22 9
38 69
72 54
10 16
71 99
13 9
29 56
34 16
39 76
90 33
60 74
19 33
71 56
70 82
24 51
91 96
46 32
64 26
65 31
80 99
3 3
46 60
41 55
16 10
45 76
27 46
97 20
86 76
83 41
75 92
35 91
64 38
35 85
36 87
35 40
2 75
16 90
47 60
98 61
64 16
52 50
77 62
43 38
83 54
1 92
73 75
11 59
99 96
88 22
34 3
82 89
74 35
7 10
89 18
36 20
58 49
85 12
4 9
74 27
75 0
34 51
47 12
94 95
26 71
61 47
44 2
66 50
76 19
62 38
26 73
33 77
41 41
44 91
83 10
56 0
45 20
2 84
76 83
70 69
27 2
29 61
75 66
88 93
75 47
15 38
47 29
21 6
47 84
74 22
31 42
46 59
86 68
4 52
64 24
25 60
99 14
19 60
18 58
89 93
58 37
15 66
15 61
31 90
8 66
99 40
15 1
64 63
18 70
36 32
84 53
90 80
1 31
88 55
56 4
71 75
24 8
49 67
91 82
59 85
88 6
3 80
59 10
31 76
25 65
32 94
99 38
55 2
67 60
73 34
86 30
75 94
5 42
87 75
45 58
83 44
15 43
6 98
36 60
72 89
8 40
98 94
33 1
9 53
80 81
76 28
26 40
2 70
34 58
56 25
37 10
92 9
0 52
35 65
87 65
69 93
70 73
20 52
55 66
51 95
68 17
16 12
51 28
17 24
27 40
20 41
68 95
42 33
47 86
3 44
89 34
5 6
21 74
88 97
5 36
68 69
78 85
45 27
55 0
29 21
90 39
74 60
95 38
20 35
46 10
17 93
83 66
33 35
27 21
21 22
36 59
31 68
1 89
77 55
41 69
84 68
98 20
63 45
23 84
37 93
80 95
47 35
92 16
56 70
81 90
25 27
76 74
61 99
54 52
20 38
84 56
80 19
6 67
55 33
92 8
67 63
37 70
46 15
87 27
43 74
96 57
15 7
69 71
34 97
46 17
40 24
16 3
17 58
38 8
79 25
53 97
80 60
63 53
24 43
35 76
78 66
96 4
12 14
41 74
84 50
54 62
23 91
22 43
78 1
50 89
93 85
38 61
28 13
96 62
67 76
66 3
86 93
81 50
7 48
13 10
50 5
1 5
25 8
38 2
13 6
13 78
77 1
29 10
26 68
37 39
1 9
80 16
49 93
48 40
70 42
83 96
89 57
90 53
58 40
42 71
67 3
59 60
1 13
72 30
67 98
48 56
91 52
47 22
23 36
87 11
91 71
40 92
57 83
95 51
27 70
53 31
34 67
50 39
22 81
80 51
43 65
78 5
67 91
76 26
32 34
28 56
38 78
88 46
28 39
42 42
93 94
28 0
60 57
24 89
62 89
40 32
53 81
70 53
14 3
85 25
97 94
42 65
51 41
54 68
71 27
42 75
8 18
37 27
92 46
14 54
61 87
12 83
26 38
37 38
5 54
30 0
87 13
13 74
43 84
85 73
71 39
49 44
86 57
33 72
44 41
75 44
47 76
51 61
32 5
86 81
88 96
48 20
41 30
80 47
23 38
32 90
36 4
31 38
71 52
75 12
58 9
86 31
64 93
19 22
90 86
31 85
55 60
8 64
87 77
17 20
99 11
98 25
1 0
26 32
57 3
31 17
30 28
27 89
80 69
28 69
99 18
32 93
49 92
45 35
4 71
47 44
19 88
34 52
16 11
32 57
61 11
35 77
41 76
40 51
30 33
60 81
54 20
3 7
73 87
47 82
43 37
76 0
20 28
76 7
60 87
14 30
47 52
72 82
40 39
56 33
99 76
60 20
25 55
28 68
27 86
14 37
60 3
14 36
30 41
38 5
8 4
69 99
73 16
85 82
19 3
80 27
87 7
59 65
45 46
70 95
89 64
15 10
43 79
68 3
8 15
93 37
74 96
41 0
57 39
96 97
35 86
89 94
39 7
29 89
34 93
71 58
10 48
62 57
5 83
3 70
18 96
66 81
34 17
8 57
31 22
35 43
6 47
66 17
31 18
91 44
59 44
50 23
13 51
87 35
84 8
66 0
31 49
76 75
88 10
12 12
58 11
98 40
81 45
74 91
13 2
52 93
62 60
97 87
69 30
30 86
40 80
60 49
44 97
28 29
86 22
72 52
11 24
47 6
49 12
62 82
46 74
71 68
95 43
73 46
37 9
70 23
20 37
66 18
68 1
23 51
68 64
35 32
98 21
60 44
38 56
24 80
51 26
18 59
53 26
0 51
36 43
56 74
82 42
98 13
17 62
3 12
24 24
12 63
45 34
57 0
17 82
95 92
76 25
39 47
89 90
17 76
83 29
70 24
13 8
52 43
92 79
46 28
94 19
43 35
12 55
27 97
85 36
24 74
69 10
60 61
94 49
85 33
18 94
18 75
83 93
26 13
85 85
91 80
1 61
67 99
92 15
26 9
49 25
0 81
61 96
20 93
77 32
55 19
94 83
78 49
67 28
84 9
57 95
20 4
16 77
81 40
74 71
7 99
84 12
57 25
59 21
72 94
28 24
85 11
35 87
54 50
77 79
85 95
3 43
96 85
64 9
51 83
2 37
97 90
10 14
4 85
97 30
91 5
25 31
67 62
83 16
15 74
51 18
89 67
75 95
85 94
70 18
69 51
14 79
2 30
62 13
76 63
95 19
12 93
25 67
23 35
5 81
77 60
29 7
97 91
49 84
81 27
23 69
96 39
79 1
61 70
11 39
79 78
81 81
64 99
29 4
18 65
82 18
57 80
32 83
30 90
33 23
96 78
43 82
22 56
7 54
2 69
28 96
86 3
36 63
39 32
12 13
5 88
9 49
88 1
55 34
59 24
16 71
31 21
10 30
84 47
74 52
83 80
15 25
89 21
88 23
98 27
85 50
6 55
85 23
26 0
55 61
23 12
30 48
29 94
87 48
42 66
35 12
30 64
68 36
77 49
49 43
72 9
86 74
72 76
73 13
96 54
22 27
50 32
43 67
50 36
2 95
2 92
65 9
12 41
89 0
17 63
75 54
61 31
75 79
41 8
64 3
81 23
30 21
40 13
1 76
86 45
38 96
34 53
99 30
99 60
6 81
71 34
59 48
29 99
74 21
21 35
21 16
51 70
30 80
47 1
16 78
44 60
67 85
91 49
43 4
3 87
63 14
31 64
88 51
76 56
34 5
97 67
75 96
97 3
85 31
7 59
93 27
10 65
29 15
41 9
84 16
51 21
5 66
92 39
37 73
38 51
77 72
57 37
52 53
44 26
64 87
20 80
47 91
20 16
20 60
95 45
0 24
86 82
25 47
51 57
83 77
67 92
53 6
22 4
78 80
68 53
40 98
16 5
57 63
38 26
55 37
1 82
90 27
48 19
9 42
99 31
67 32
27 60
24 34
9 70
67 67
93 81
53 21
34 61
45 13
44 79
56 99
13 73
29 63
19 46
61 77
51 67
79 70
55 98
89 8
94 28
30 87
6 43
42 47
15 68
60 88
88 58
96 35
31 41
67 37
87 70
39 29
81 55
71 26
80 77
82 10
30 75
26 52
14 57
63 81
53 96
21 79
42 49
40 78
57 69
99 2
27 36
46 29
80 65
58 10
67 58
64 46
12 71
32 75
33 83
66 80
26 28
20 62
63 72
11 46
3 72
12 26
24 94
81 61
59 47
58 88
3 66
14 18
96 16
93 75
40 75
22 73
5 12
61 62
82 32
93 72
1 18
10 25
0 49
70 40
82 4
97 16
3 22
57 41
25 46
6 4
78 63
36 72
46 75
60 79
37 25
19 86
1 12
11 97
81 1
56 40
87 62
58 85
99 22
91 27
0 12
74 42
10 86
28 28
95 1
1 97
2 96
7 65
71 19
19 93
32 79
90 48
36 23
12 64
83 45
23 0
48 87
56 78
48 53
54 57
75 86
43 46
99 82
78 65
91 3
25 18
5 23
55 63
68 66
84 60
82 77
83 6
40 52
15 64
44 62
15 57
28 67
67 66
13 45
98 86
25 35
4 32
82 3
18 71
55 54
65 67
68 9
61 75
96 98
91 76
9 99
69 56
28 36
94 77
94 40
9 23
16 72
26 47
35 39
83 8
47 21
75 64
7 53
65 70
35 19
8 32
90 14
26 15
7 61
89 49
17 59
46 43
63 11
11 64
83 95
99 62
89 78
66 60
1 58
72 96
76 54
40 4
92 45
7 78
55 21
62 68
28 16
32 6
81 12
46 12
19 83
62 15
33 49
72 58
89 1
82 25
78 57
19 17
14 60
82 19
55 26
10 31
75 93
11 44
25 91
72 61
48 97
93 57
42 81
16 26
50 73
26 51
74 68
43 96
39 45
95 52
89 56
79 54
22 3
41 7
98 4
17 25
48 54
97 13
63 99
7 5
48 41
32 37
33 71
98 33
23 48
21 80
38 20
48 51
39 53
96 5
60 47
8 42
18 86
62 46
73 49
52 97
96 72
56 36
0 23
40 82
23 63
82 82
42 85
94 51
55 97
1 75
14 7
82 63
26 59
11 86
43 40
5 32
60 6
85 9
98 31
20 82
66 6
12 85
44 22
82 49
79 41
86 84
87 56
68 74
20 86
10 1
66 38
66 54
4 84
16 21
30 29
3 45
11 5
79 42
43 2
77 40
29 32
25 93
81 17
8 84
85 2
13 54
53 48
70 98
45 97
75 39
77 20
26 44
29 0
84 44
52 39
33 54
80 96
27 43
97 85
36 80
35 14
34 22
96 60
41 54
15 47
57 10
65 5
44 20
67 16
54 83
63 21
26 88
62 36
68 81
40 76
71 33
92 41
31 6
25 77
99 75
89 4
49 17
74 66
21 40
6 33
78 12
15 53
73 42
42 27
60 33
98 32
89 40
19 84
18 97
79 68
27 48
41 59
96 79
26 98
86 62
12 89
0 19
33 17
1 49
87 8
38 33
46 53
57 66
50 0
35 22
5 44
68 98
73 32
60 39
85 96
7 23
11 48
2 56
9 52
11 54
78 35
96 68
19 91
9 34
33 50
76 59
8 86
48 78
55 81
8 0
19 47
50 14
49 70
22 62
6 29
43 49
42 46
27 17
90 95
3 85
11 52
95 77
50 28
76 78
51 56
46 80
94 90
10 52
7 56
91 53
58 50
43 44
56 84
58 92
51 74
17 98
95 66
27 52
98 41
12 86
73 91
72 23
57 82
85 6
57 46
46 79
86 56
34 66
96 77
41 53
58 5
97 69
59 76
38 62
5 28
84 66
34 71
15 15
17 79
93 97
59 74
46 57
3 35
60 35
78 62
82 93
52 89
54 55
37 50
31 73
75 73
16 52
15 18
24 65
5 13
7 27
70 16
80 78
31 37
60 27
55 5
9 1
88 52
2 16
91 7
83 56
74 73
2 8
38 15
40 2
77 34
5 24
81 4
40 56
84 2
15 70
34 94
49 80
22 55
78 94
82 46
13 25
28 74
82 75
99 9
88 70
9 72
88 37
48 37
50 78
31 48
79 18
87 60
64 41
28 25
35 45
15 28
50 82
55 17
78 3
42 28
52 48
91 79
50 88
50 38
16 81
29 93
4 80
33 66
58 1
71 40
36 90
3 63
9 82
67 14
57 73
16 88
47 37
31 60
39 89
2 55
57 65
86 78
97 60
86 10
68 61
97 37
17 28
93 53
21 75
82 17
68 86
92 36
71 85
65 50
65 86
99 87
18 28
96 28
20 64
86 71
30 42
60 19
34 96
67 38
65 47
87 38
56 23
95 86
83 81
90 16
50 25
50 1
65 75
22 96
0 54
8 63
4 63
33 87
19 98
14 72
13 96
54 40
70 44
96 32
49 39
1 25
2 25
76 16
87 86
10 11
16 70
68 60
66 15
73 17
57 17
20 92
7 94
55 99
60 30
30 40
92 29
22 37
15 19
41 89
95 18
99 12
37 54
21 45
65 62
9 12
9 9
47 15
91 78
94 5
86 53
10 59
58 3
99 89
51 99
80 89
82 0
29 30
39 44
9 90
83 5
56 5
22 8
37 26
73 95
4 74
32 17
89 39
36 69
4 12
97 26
41 27
9 31
34 41
78 16
20 24
56 64
46 4
86 35
38 70
36 76
8 33
3 96
54 1
44 82
35 70
73 12
9 36
13 32
56 62
48 2
17 75
18 19
80 84
9 58
59 7
37 81
0 73
12 22
67 71
49 32
61 27
23 55
56 68
58 60
0 62
41 42
77 85
7 83
63 51
74 19
52 96
87 58
36 19
41 36
56 89
81 24
16 23
52 70
13 13
32 98
48 59
57 16
2 41
73 26
23 4
61 38
96 48
21 83
54 77
86 27
64 4
89 52
57 32
19 36
6 37
27 91
53 61
43 95
91 26
67 80
10 2
30 7
80 21
44 9
9 86
30 51
8 60
79 82
40 94
3 78
27 41
76 31
43 91
99 93
48 95
79 11
78 86
74 12
41 88
46 14
77 83
51 19
16 61
18 4
55 92
65 71
90 15
21 76
11 63
74 78
88 71
71 50
71 86
90 55
68 41
57 76
98 95
36 0
70 5
91 24
81 5
8 95
20 33
52 34
84 84
33 62
80 83
12 35
31 94
69 42
6 97
28 11
96 53
99 13
10 13
69 59
11 21
31 50
57 31
55 56
19 53
74 95
45 4
29 97
27 65
60 23
71 93
74 77
88 67
6 95
97 61
63 88
10 84
81 74
8 80
53 60
91 50
70 59
81 71
38 32
78 83
78 90
49 30
19 27
83 89
63 71
97 42
15 49
42 25
21 68
19 6
55 46
35 49
9 50
9 4
97 50
5 57
70 33
16 54
98 26
62 75
90 45
16 28
24 12
35 18
77 84
47 31
49 90
20 50
64 36
90 13
42 55
4 58
48 18
54 69
7 13
41 85
34 40
67 48
16 79
83 22
80 71
6 83
22 71
44 92
55 28
7 33
85 22
10 7
66 59
71 49
26 91
16 1
61 30
29 60
37 4
33 93
79 93
66 96
41 52
26 84
12 76
51 35
86 97
83 33
39 85
73 21
83 67
23 71
12 61
77 46
42 91
50 8
90 56
0 55
80 87
80 2
15 56
28 57
94 43
52 79
92 61
60 10
8 11
66 45
2 67
98 43
4 36
6 31
9 38
24 28
80 80
60 15
30 95
66 31
1 85
63 97
17 95
56 94
53 98
44 46
93 46
76 35
21 28
99 59
83 39
68 16
83 94
74 97
62 67
34 86
32 51
2 79
85 32
64 43
82 81
19 21
36 73
51 93
94 63
65 85
91 67
61 14
23 75
29 55
93 16
86 9
81 36
81 83
79 49
72 79
55 36
56 57
24 44
16 45
42 78
97 31
60 97
89 58
35 2
3 20
2 50
21 87
6 46
66 12
21 63
86 8
65 38
76 93
43 21
34 68
63 27
13 39
74 1
20 9
50 50
70 3
58 16
81 48
21 32
29 77
47 58
88 56
74 74
17 14
44 14
64 52
20 67
20 29
20 36
13 66
86 54
3 64
29 96
61 74
21 10
58 54
42 93
19 25
43 28
21 82
34 83
18 31
63 0
21 89
83 73
85 52
76 57
62 24
4 2
46 22
90 0
78 81
23 92
78 56
35 68
60 98
40 89
80 34
90 92
87 93
39 28
81 28
5 16
40 22
49 8
22 70
8 65
83 58
7 98
63 18
75 20
83 9
10 37
98 23
73 65
69 75
17 99
10 35
61 97
68 59
28 48
75 76
5 53
51 7
72 34
28 93
81 84
59 57
12 78
99 28
92 73
31 82
86 19
74 76
59 72
99 84
53 83
65 29
83 52
60 59
66 75
11 12
86 1
0 28
10 87
96 38
26 97
47 42
91 62
71 60
26 14
54 71
38 30
66 56
21 42
98 85
19 50
44 66
0 70
2 21
44 5
10 93
75 59
19 94
23 19
95 21
56 6
64 25
97 5
23 24
99 99
22 78
93 11
68 30
51 65
91 58
61 53
38 0
21 69
65 90
19 16
93 99
72 0
69 98
49 11
33 6
30 6
79 65
45 29
45 18
90 67
24 86
2 17
88 91
7 25
29 27
27 57
57 29
15 31
77 98
2 15
17 86
80 22
13 15
55 64
94 22
31 45
73 94
61 82
0 27
49 2
54 70
25 25
78 60
18 33
46 49
40 5
45 17
66 86
37 98
26 65
40 38
64 39
19 49
91 19
2 11
67 7
44 94
3 58
21 71
65 65
5 73
70 31
66 35
56 69
94 7
39 35
34 48
31 31
25 37
35 29
56 44
37 19
43 5
33 58
1 11
77 59
46 24
5 9
2 54
36 46
64 94
16 98
88 9
21 78
32 7
34 37
67 8
22 41
30 98
10 24
89 44
77 65
15 8
36 52
70 28
73 27
91 40
68 73
6 54
61 23
46 8
76 85
42 96
91 21
8 19
13 42
10 6
60 83
29 83
15 93
40 59
82 64
69 97
8 52
5 7
62 70
32 66
34 27
1 74
90 96
66 11
18 89
50 17
18 52
87 33
84 61
47 32
83 25
87 22
72 39
32 1
20 96
51 62
20 47
97 75
44 77
0 1
66 40
62 30
31 57
54 66
24 10
11 88
3 56
83 35
12 48
17 27
38 28
77 92
45 80
57 6
89 98
22 5
96 81
48 47
78 34
62 40
59 37
51 8
11 22
20 39
34 31
38 86
64 69
61 59
21 9
59 6
69 4
34 20
6 8
15 60
5 10
9 59
49 19
69 50
11 84
17 61
95 60
59 88
87 68
35 61
48 1
3 47
99 50
9 57
10 91
61 8
13 92
46 98
33 55
4 35
9 93
7 0
36 8
61 21
77 99
31 11
99 42
23 23
59 79
7 39
79 79
12 56
47 24
79 3
78 32
31 27
7 50
91 33
88 34
10 97
92 44
80 98
8 28
19 80
6 62
71 83
96 80
21 27
49 91
88 85
46 26
56 95
75 13
99 37
71 69
0 26
15 24
34 30
60 76
85 48
58 55
25 22
20 25
64 83
43 32
9 80
42 70
29 78
93 4
80 33
18 82
93 34
68 21
44 8
98 83
22 38
72 17
43 31
3 79
79 90
40 88
78 36
65 7
41 87
55 86
76 61
86 91
88 35
80 82
72 36
92 5
39 67
60 66
95 28
33 81
94 29
65 28
18 92
8 26
58 4
36 96
7 70
3 8
63 34
38 82
16 7
33 99
55 40
15 26
5 89
54 65
56 28
89 37
42 58
73 0
10 4
74 17
19 72
89 68
35 58
84 52
3 25
11 23
76 44
46 81
50 72
31 40
38 43
0 57
34 54
32 92
22 95
90 51
89 28
76 89
63 74
92 99
40 65
35 69
40 29
23 15
66 29
46 13
35 41
35 97
1 51
97 25
12 30
33 32
55 49
99 78
60 94
18 81
14 31
24 56
58 77
91 15
96 9
16 69
5 51
98 67
25 57
5 35
22 93
53 35
45 40
37 59
43 17
95 33
55 35
57 52
65 55
40 70
47 49
32 11
33 11
17 84
30 4
26 89
86 32
53 16
83 2
29 19
99 48
38 12
95 23
39 16
20 46
36 99
5 62
62 93
59 67
2 73
8 3
54 43
92 32
52 45
97 72
69 5
33 25
94 17
50 20
55 43
83 48
76 51
23 60
92 86
92 72
69 49
70 87
14 59
51 1
19 38
48 49
2 80
81 25
25 21
4 22
7 18
26 76
48 82
45 38
43 14
28 4
94 68
58 82
59 30
72 20
11 32
39 50
10 64
85 89
13 36
66 14
71 67
0 43
57 97
72 51
82 61
41 15
40 15
40 50
21 7
38 27
68 44
98 84
84 38
0 4
27 0
42 16
11 82
88 40
39 3
58 27
18 17
29 52
88 57
40 96
27 92
84 0
16 97
84 96
62 18
84 32
20 63
46 68
65 79
23 52
36 64
74 20
19 56
56 10
12 54
67 81
66 55
5 76
20 53
11 47
59 18
25 12
30 47
60 95
74 88
10 40
12 73
63 70
39 61
79 6
30 58
95 32
55 25
10 78
73 97
33 59
82 8
3 53
79 57
55 23
65 66
75 33
89 59
4 15
86 58
39 31
40 91
98 69
39 91
66 65
6 58
78 98
20 89
46 84
84 20
76 81
36 53
39 92
0 94
31 63
20 3
47 75
10 15
79 37
76 43
5 52
52 16
65 32
79 32
43 78
10 75
5 91
88 90
51 88
79 64
73 20
57 88
12 82
44 53
68 37
45 48
0 25
17 71
63 95
11 29
39 55
74 57
82 44
21 55
24 77
11 26
68 39
21 92
38 89
93 20
93 8
34 45
94 59
91 36
28 54
5 39
5 65
32 86
18 10
34 34
45 7
40 83
30 71
1 72
30 85
36 61
31 81
11 11
24 15
99 73
66 74
72 24
75 21
74 62
97 73
27 88
22 77
93 50
19 63
17 10
30 77
81 43
87 9
59 9
88 73
15 0
73 92
94 93
68 12
35 89
47 48
13 56
68 14
32 82
2 40
45 75
44 13
29 74
53 41
26 56
89 5
52 27
30 66
98 28
45 1
99 26
68 5
96 55
74 11
9 83
90 83
16 41
44 59
97 12
80 5
56 93
54 30
30 22
41 72
39 19
22 50
99 77
12 33
23 89
16 24
95 6
69 67
14 39
96 46
10 71
38 10
8 67
79 62
58 18
66 89
71 9
22 11
53 70
98 79
92 26
93 17
29 57
68 54
13 94
37 35
61 18
92 0
89 47
74 18
98 92
61 41
46 11
31 96
21 39
70 64
2 89
77 30
21 14
48 22
19 24
29 82
38 1
92 74
46 19
36 66
92 25
91 91
13 57
91 55
61 54
61 83
35 42
19 95
48 33
47 20
41 44
94 71
13 97
17 65
57 27
95 37
5 34
14 81
48 61
0 72
31 61
73 35
8 58
24 83
10 46
93 7
16 84
66 19
57 58
46 39
11 78
56 19
42 83
53 76
95 27
81 63
37 36
49 66
35 0
99 16
30 19
34 36
32 45
57 8
55 10
27 77
14 97
81 47
79 76
96 64
80 41
53 19
18 2
6 85
11 58
50 18
21 51
26 77
38 19
83 63
97 56
1 41
27 54
11 80
75 29
92 40
83 88
61 17
71 82
40 16
70 46
92 97
43 69
23 86
84 45
48 72
26 66
64 30
88 76
30 32
53 54
62 25
44 54
78 25
24 13
25 6
13 48
43 16
93 36
46 73
95 87
94 58
84 18
36 77
56 88
53 11
56 3
83 98
78 54
2 93
58 74
62 88
34 77
76 71
15 94
15 20
30 17
4 67
64 79
68 52
83 27
65 8
4 53
51 0
45 24
12 24
48 52
29 59
30 14
64 62
50 47
78 37
86 33
61 4
14 47
90 98
22 7
73 56
90 23
9 85
37 91
76 68
60 75
91 90
1 19
39 4
33 12
70 32
69 53
42 31
68 62
27 69
3 54
37 76
62 90
51 2
36 17
96 86
8 34
89 60
6 69
52 49
1 54
34 72
24 55
14 89
22 31
39 41
85 63
10 68
11 68
70 86
96 74
10 0
79 17
52 66
28 58
45 22
18 9
55 45
43 90
92 80
42 48
90 63
19 14
17 12
3 81
85 30
22 13
94 9
95 2
84 94
37 31
43 33
55 52
65 3
26 87
60 11
85 79
50 80
67 95
16 53
7 51
67 50
51 82
8 41
53 14
23 42
28 15
74 4
0 50
53 79
53 95
55 71
17 92
91 39
50 87
49 63
51 73
74 39
25 70
54 88
63 40
97 59
3 0
7 4
5 41
57 92
99 67
53 22
93 93
57 51
28 80
5 67
19 64
71 46
95 81
70 27
58 66
64 81
3 19
90 90
38 76
84 99
34 60
51 85
94 44
76 3
15 3
91 45
35 6
87 79
18 69
31 97
47 98
47 63
81 8
40 86
6 90
21 53
26 4
18 16
14 73
17 54
72 68
1 43
20 65
68 15
26 62
86 87
4 37
23 77
66 77
95 79
82 73
37 88
55 12
32 22
91 22
1 34
22 86
59 31
97 34
7 74
48 21
3 15
94 78
54 39
39 42
32 28
32 2
97 74
98 90
38 39
87 10
49 86
25 36
50 54
29 11
88 48
21 93
48 58
93 80
15 42
20 78
17 32
96 26
23 96
70 54
60 58
81 77
52 38
2 51
81 16
28 89
17 67
47 10
32 10
46 72
23 74
84 28
86 89
94 25
35 35
9 15
80 50
39 77
5 82
45 92
59 66
55 44
53 58
5 26
65 94
67 6
88 2
94 56
83 90
53 86
93 6
85 59
26 86
24 22
44 38
5 70
35 50
62 29
81 51
55 27
6 27
74 59
45 71
84 82
98 34
0 60
0 92
45 0
45 89
44 89
91 12
36 14
57 14
22 53
87 34
79 84
57 59
33 40
58 20
95 48
61 65
19 52
65 74
94 39
8 17
98 60
45 16
16 64
82 53
12 51
3 17
64 71
36 95
25 69
31 19
67 46
25 49
80 66
12 27
32 77
90 2
69 0
76 21
40 68
18 24
30 69
57 26
66 76
1 62
94 88
41 18
45 31
95 20
65 6
35 34
45 33
94 32
90 5
58 34
28 41
33 39
90 78
37 74
31 87
97 63
81 91
38 75
82 36
95 57
46 45
22 33
81 95
0 68
44 25
65 10
62 34
48 34
76 65
81 21
65 73
95 59
65 26
10 47
34 6
42 8
94 21
99 23
58 29
47 41
0 96
36 56
27 62
47 85
59 55
32 30
46 16
28 20
53 27
71 96
50 74
61 25
29 66
1 98
47 26
3 32
60 56
32 47
71 97
80 18
69 61
12 32
60 9
41 62
96 59
29 80
17 56
47 40
79 55
93 24
35 47
53 44
57 7
36 93
31 69
37 40
26 54
60 50
42 1
88 14
17 94
79 92
13 24
36 30
81 10
78 42
79 4
3 82
69 3
98 14
29 51
87 61
40 61
56 39
16 48
25 99
74 98
23 68
62 64
39 20
55 57
72 44
47 71
82 50
12 50
97 36
1 16
59 33
79 47
97 17
77 74
87 39
70 51
34 14
12 37
56 14
40 37
24 64
9 54
75 56
49 62
22 92
44 65
11 76
91 32
3 62
5 98
31 62
80 14
40 44
47 27
34 1
14 9
17 15
95 96
4 60
86 66
81 73
29 42
66 84
64 50
12 65
15 88
38 40
59 53
41 58
95 5
56 29
13 3
0 0
64 2
59 36
38 99
66 51
98 38
71 77
7 24
60 43
99 35
14 17
75 83
94 30
63 38
75 45
72 78
33 97
92 51
62 77
98 88
77 44
49 13
57 96
70 93
14 29
82 74
84 98
3 41
87 64
68 70
70 45
43 27
42 69
53 5
12 46
89 13
71 92
21 84
33 96
37 83
68 58
87 67
18 91
92 93
8 98
71 25
63 42
20 43
42 97
48 81
61 98
64 90
51 96
79 16
75 1
61 24
60 26
46 88
45 12
3 36
27 68
44 84
34 7
29 22
66 34
90 66
17 43
62 11
13 64
54 89
70 83
96 14
18 7
5 61
14 49
28 21
2 78
89 91
73 69
1 81
28 2
53 50
18 38
67 59
36 62
79 21
77 71
17 31
21 61
5 11
85 38
17 88
85 15
34 95
48 30
65 12
33 47
77 38
15 89
28 98
37 95
5 43
17 85
54 48
2 63
93 14
90 82
74 87
14 67
37 41
30 34
13 20
75 25
3 97
44 78
0 82
73 99
40 60
92 77
62 23
37 51
98 96
1 66
18 37
63 24
3 84
40 40
98 48
66 88
71 41
61 32
19 41
7 55
43 80
89 69
87 1
68 8
10 38
97 52
40 87
72 83
5 69
83 64
51 27
87 88
5 93
23 99
74 32
79 5
26 80
41 29
91 20
7 75
54 67
16 85
66 42
54 85
25 90
38 18
88 26
3 1
68 88
65 64
11 20
87 40
74 30
25 80
87 16
68 90
37 49
39 98
24 99
43 94
3 65
53 91
74 67
31 26
90 69
92 54
57 19
17 91
54 75
40 73
87 3
12 75
72 64
60 68
10 51
54 23
36 78
64 18
97 65
70 62
24 84
16 55
18 8
46 37
23 64
60 12
56 9
99 33
65 72
10 56
1 26
25 7
23 98
27 83
62 49
67 84
4 6
9 79
63 84
16 46
32 23
93 41
32 38
11 72
72 26
86 50
93 90
21 59
14 22
57 62
65 92
51 15
34 82
4 69
84 5
49 34
2 20
81 20
9 2
35 63
52 87
75 51
85 51
8 20
93 22
61 13
61 69
5 33
37 96
47 54
99 29
74 40
5 22
20 22
64 14
64 70
10 21
39 69
38 57
7 72
96 75
70 10
19 58
11 37
51 50
42 98
8 91
14 84
62 78
56 37
52 28
26 6
7 58
86 79
65 11
54 38
50 79
45 3
25 73
58 56
25 96
28 40
72 8
99 80
4 61
60 13
69 20
29 23
4 73
52 59
48 85
30 57
68 25
59 22
69 60
97 35
63 54
17 29
66 92
83 4
11 25
15 79
32 68
88 68
49 98
34 43
88 15
11 16
6 22
22 30
37 61
50 31
98 62
56 46
28 87
18 3
4 82
29 17
13 55
33 80
86 64
18 49
12 23
17 37
98 8
90 18
9 75
9 56
25 98
70 58
92 70
58 35
47 19
89 23
60 51
24 90
73 6
21 17
87 76
97 9
66 97
52 86
29 44
3 40
8 90
6 3
46 56
63 94
71 79
94 4
20 7
92 69
53 25
70 75
52 52
0 32
38 95
70 9
11 1
13 79
23 54
24 19
57 33
12 3
98 22
36 83
26 83
60 69
77 48
67 22
23 73
9 37
10 36
99 5
68 79
98 29
1 47
44 4
94 87
91 59
61 7
13 52
99 44
72 66
38 41
17 13
45 84
91 94
13 77
64 42
84 48
39 64
30 96
37 3
41 90
57 70
14 75
35 25
14 82
49 29
96 58
0 63
22 67
32 65
94 62
95 89
11 81
69 58
65 48
8 14
14 38
89 63
5 30
34 0
51 24
14 1
39 93
68 28
39 23
43 62
9 61
63 22
88 12
94 53
64 20
43 6
12 59
50 61
58 38
14 42
73 24
74 81
80 48
54 53
29 39
45 88
43 64
85 13
27 98
37 45
68 43
45 32
78 53
31 99
58 19
42 10
25 83
66 48
62 50
74 48
28 10
27 76
6 93
2 45
9 94
50 97
61 76
89 10
13 63
55 82
70 92
88 75
87 30
22 24
3 46
52 73
7 86
83 76
8 23
36 82
28 77
31 3
59 84
15 85
85 0
48 3
49 51
39 11
52 17
68 77
72 15
51 22
45 59
24 30
50 21
82 15
28 91
27 56
84 72
46 82
88 7
43 9
2 76
55 51
43 97
39 52
21 30
51 64
5 17
13 19
5 25
73 59
93 29
92 49
57 45
5 40
87 98
83 37
64 77
3 60
72 67
99 32
39 37
36 86
13 47
23 57
17 34
69 55
50 48
23 14
7 34
25 28
55 1
14 74
20 5
6 75
36 29
88 61
87 0
33 13
48 14
28 95
6 34
56 1
47 61
13 5
49 97
78 46
92 48
35 82
62 79
56 75
28 60
65 46
42 6
41 75
27 55
53 32
33 94
13 85
47 67
25 17
95 53
26 42
28 88
90 61
33 4
1 38
34 24
1 36
70 36
65 78
79 34
3 71
46 0
89 7
62 5
46 51
85 44
65 76
53 84
56 50
87 36
11 90
1 96
5 19
75 60
50 4
5 15
52 76
57 2
95 11
97 77
41 11
59 40
65 99
11 71
10 73
69 27
36 98
55 32
22 59
30 60
59 42
83 55
6 42
97 0
84 30
10 69
82 84
17 21
76 22
48 0
18 14
28 27
41 26
27 87
16 99
43 26
89 96
97 55
55 11
61 28
25 61
57 60
14 71
78 96
57 71
72 97
91 35
81 7
95 69
19 23
68 38
46 70
61 33
85 71
52 60
91 72
30 88
53 52
22 23
71 15
84 80
82 76
25 11
69 38
37 87
30 13
52 55
29 43
56 59
33 92
19 97
38 6
70 76
96 83
4 8
82 71
74 65
82 37
5 92
36 94
48 48
24 16
62 52
59 39
91 51
20 30
58 36
29 34
85 49
58 94
38 16
28 35
21 47
53 85
22 65
28 5
81 9
3 68
63 17
25 0
3 93
65 89
34 2
55 31
84 95
26 49
7 85
66 13
78 28
16 50
75 23
86 13
77 64
35 64
43 7
73 66
45 41
66 53
91 31
52 56
99 61
40 19
17 17
20 61
35 20
14 13
89 14
97 62
60 84
42 39
18 32
72 12
57 61
84 41
53 0
50 55
23 16
64 95
59 12
5 94
12 94
53 30
66 20
43 0
51 10
71 2
82 1
39 78
44 24
58 6
66 44
61 80
27 24
52 10
32 88
1 83
45 23
36 39
93 59
57 99
30 82
90 46
13 91
26 94
80 64
66 71
97 27
7 64
38 29
38 48
36 57
57 84
20 83
97 84
52 91
17 52
19 45
87 87
38 59
89 77
45 57
77 93
30 76
73 19
82 95
98 30
1 78
69 82
95 4
15 84
30 93
9 40
24 96
4 93
68 67
27 94
20 32
24 41
38 47
88 25
2 74
63 26
97 68
48 63
87 99
84 93
16 56
44 74
22 21
73 7
1 88
47 78
63 41
82 31
62 69
58 30
97 8
70 80
58 96
2 71
1 45
21 1
6 0
45 25
58 98
40 46
26 85
27 93
89 86
1 77
95 29
14 41
93 30
3 59
95 55
17 47
85 14
32 52
53 78
25 48
62 45
34 76
23 61
65 17
20 40
39 33
14 2
30 3
12 91
71 3
59 43
84 10
93 84
76 67
18 74
87 31
39 13
25 14
83 78
77 91
87 21
99 98
63 96
69 9
99 41
30 9
75 71
95 26
16 58
75 49
76 12
91 6
33 44
76 11
86 26
4 55
22 64
41 31
32 56
8 1
81 80
3 42
98 50
97 82
55 20
55 50
43 73
11 36
92 55
26 1
49 71
38 88
21 77
70 47
54 21
20 18
45 66
24 72
53 59
89 92
3 52
10 19
40 11
80 44
91 74
94 89
50 19
54 4
37 12
35 38
73 30
87 37
45 51
40 64
99 86
80 49
26 7
1 84
42 7
27 73
74 84
79 86
44 71
85 42
18 95
24 45
79 69
79 22
77 0
55 30
92 1
27 13
65 33
28 3
97 79
72 63
48 90
14 28
90 87
54 0
81 62
57 43
14 64
47 11
86 51
73 51
15 51
29 25
56 47
27 45
8 16
4 65
3 76
93 19
72 57
33 63
96 11
28 17
69 11
65 1
75 8
30 1
54 42
62 73
72 14
59 51
68 49
56 21
47 43
4 19
82 96
56 73
10 41
13 28
80 52
88 17
49 50
60 8
54 72
87 6
73 29
36 5
74 54
76 42
29 13
34 55
85 58
31 86
42 90
64 60
58 61
51 89
94 1
61 20
48 44
87 44
81 88
38 13
37 82
64 0
26 75
11 50
51 9
69 21
97 46
30 59
60 63
63 76
60 55
57 28
32 3
19 66
52 90
57 22
86 75
14 16
22 34
80 93
29 76
1 67
20 91
52 30
54 60
52 26
49 87
4 14
62 1
62 42
42 15
67 68
41 79
92 94
37 94
32 59
80 53
73 18
15 9
1 33
28 81
12 5
88 59
41 83
57 77
61 42
95 65
85 4
81 35
4 95
23 13
31 30
13 89
47 9
83 72
18 42
96 29
8 94
21 38
49 15
29 8
73 43
41 35
14 96
30 89
46 5
19 54
31 89
3 83
28 30
82 48
50 69
21 18
37 28
44 23
66 8
48 98
74 85
66 16
20 20
58 78
44 90
80 43
78 93
62 41
91 48
54 94
95 3
22 15
98 3
67 19
96 70
65 14
95 35
25 41
77 70
67 27
84 87
73 73
64 55
37 24
93 18
93 39
8 8
85 18
86 36
46 90
26 74
61 91
11 17
52 61
73 37
21 3
91 30
47 83
73 5
83 19
72 81
44 68
54 59
3 77
33 24
1 91
51 69
36 58
0 76
85 88
5 72
93 63
83 21
57 67
50 76
75 41
64 51
73 76
97 2
54 6
40 62
98 63
28 72
68 78
79 45
89 36
92 90
30 38
3 24
11 70
45 14
63 48
75 53
25 2
96 71
52 12
80 1
29 90
29 38
69 23
80 92
45 77
2 72
14 63
0 47
9 67
18 87
5 3
57 93
43 66
22 40
64 86
24 6
21 57
82 90
19 30
54 79
7 84
90 41
29 54
85 43
13 82
52 15
28 19
35 83
29 71
8 49
11 40
62 17
16 8
94 79
15 32
18 48
87 97
88 82
74 70
83 34
77 81
61 0
7 17
69 6
84 81
10 55
91 97
66 79
12 6
79 29
91 61
81 33
10 28
93 87
88 20
9 18
78 23
85 81
63 15
85 60
16 66
4 26
93 51
14 88
39 65
9 29
51 76
61 22
78 79
54 11
26 81
23 34
45 2
63 83
81 97
67 78
38 74
1 90
5 79
72 48
13 86
59 93
85 61
13 21
17 57
36 75
47 62
1 22
84 70
31 43
72 95
69 94
49 49
78 43
80 25
72 75
61 49
9 96
24 17
15 81
78 18
18 13
7 71
15 2
98 74
86 60
50 98
10 81
94 12
2 39
27 80
43 22
24 35
75 98
70 25
13 30
36 89
83 7
40 49
26 93
38 14
50 95
38 11
29 69
77 23
60 99
98 81
72 29
69 17
29 31
89 29
96 27
28 26
61 78
32 20
49 21
10 88
34 39
93 42
18 27
17 45
48 65
26 19
32 35
27 14
72 90
80 3
4 42
21 91
44 34
23 31
85 19
57 86
80 72
62 43
76 48
12 87
43 41
26 46
99 6
81 94
41 2
1 94
94 57
60 86
39 68
97 41
40 85
21 13
83 46
4 51
40 45
74 90
47 95
2 97
7 41
49 72
49 48
10 62
1 29
78 78
24 78
97 89
27 75
58 33
62 26
14 44
7 19
84 11
41 48
84 15
16 18
27 16
16 83
3 11
42 38
6 45
70 90
93 73
8 5
91 25
32 13
27 6
49 20
88 81
32 87
3 18
87 55
59 73
31 13
36 35
46 83
67 2
46 64
52 35
74 64
74 14
59 70
50 24
0 39
66 30
94 10
6 21
24 71
50 93
66 57
88 66
36 1
6 17
49 37
82 47
53 93
95 98
0 14
63 43
70 94
41 63
28 53
87 26
68 47
7 12
18 85
46 69
63 57
83 59
59 8
53 24
50 37
86 48
64 40
39 97
41 78
84 55
26 63
5 97
1 99
64 28
91 68
59 16
77 95
43 12
73 72
83 79
96 87
28 37
22 29
79 74
25 94
98 77
91 16
11 28
34 99
54 2
7 3
35 9
59 23
60 65
28 32
56 8
59 71
32 0
35 7
30 5
10 23
54 56
26 79
49 5
60 36
41 96
88 4
54 29
32 76
26 95
19 37
36 51
11 77
30 70
21 99
35 98
4 78
54 76
81 30
91 34
82 86
98 87
89 17
65 69
99 3
67 17
52 20
90 6
51 30
60 93
72 50
72 25
80 36
14 11
34 10
58 93
8 69
93 35
80 20
96 90
55 16
99 56
75 97
73 41
45 45
73 89
73 38
95 49
0 17
67 93
31 1
6 86
86 90
77 52
31 72
35 99
67 21
34 65
80 30
59 59
95 15
56 31
38 79
61 15
55 22
39 10
28 66
29 73
69 73
54 25
32 41
10 54
95 67
87 41
53 88
87 53
14 52
46 48
9 6
48 50
0 56
69 78
3 30
15 52
94 0
73 31
90 44
89 33
60 4
80 13
83 85
43 60
26 33
19 28
13 18
20 70
33 86
40 71
37 85
18 5
82 59
38 77
14 91
79 56
62 22
9 71
20 88
33 88
60 77
90 72
7 80
59 92
23 88
57 38
41 73
89 99
79 53
50 56
20 59
24 85
86 12
2 23
46 77
41 3
74 25
65 19
2 57
76 30
10 18
84 65
23 97
75 27
6 79
86 5
22 57
40 14
43 61
9 5
76 72
1 24
29 84
3 61
96 91
38 81
44 63
77 69
61 61
66 33
83 24
81 72
95 74
1 52
86 39
82 9
33 28
18 68
64 33
2 27
67 12
9 69
67 41
64 12
79 87
40 36
0 58
59 94
82 69
37 1
52 22
57 55
81 22
61 44
73 44
15 13
13 98
34 46
36 31
1 57
16 40
93 98
74 31
26 43
10 5
77 90
88 27
49 69
80 45
32 46
16 25
80 79
29 48
47 68
88 54
94 3
62 27
87 78
71 23
66 85
77 2
21 72
39 22
16 17
58 90
22 74
94 80
81 37
69 14
52 44
56 87
40 26
37 99
72 71
23 94
28 65
35 13
50 90
47 80
31 29
24 63
47 28
14 20
68 57
71 65
74 8
18 40
67 0
25 53
57 89
94 15
64 92
30 39
13 95
97 40
28 97
75 19
19 19
35 8
6 20
9 97
85 83
21 49
17 49
23 27
61 81
63 85
1 21
15 58
11 93
58 52
28 90
78 15
21 37
95 61
86 15
58 48
11 35
95 90
34 50
2 52
37 15
74 3
89 16
83 3
46 91
25 15
35 27
42 30
64 11
89 71
28 84
15 41
97 58
13 60
50 11
16 33
28 76
65 43
37 23
60 89
53 71
31 7
1 80
52 9
15 80
12 44
80 58
45 69
31 16
6 91
6 57
71 37
31 53
27 9
33 45
86 29
68 76
69 76
66 21
61 36
37 78
70 56
37 13
40 66
51 14
0 48
60 2
21 52
38 4
16 60
15 69
94 96
7 60
58 57
62 71
92 88
18 77
18 6
30 55
32 89
27 59
47 93
27 31
85 92
70 74
74 69
75 9
51 42
17 39
59 32
31 54
44 15
26 45
18 72
59 49
27 28
99 39
70 4
36 11
0 65
12 74
70 85
96 12
12 17
88 0
77 35
54 87
26 10
91 69
74 45
39 83
81 78
51 75
75 18
62 83
87 25
42 5
87 81
88 39
33 15
57 18
83 40
94 99
57 57
86 69
43 47
32 84
54 46
57 64
51 98
96 33
11 67
44 32
58 44
54 33
42 26
14 80
19 62
58 8
61 57
32 97
2 29
75 70
76 92
20 74
8 37
39 79
56 91
96 15
34 90
34 33
86 85
38 90
50 57
66 22
84 67
59 95
86 41
72 21
26 50
33 64
28 92
38 68
78 55
96 56
83 13
63 67
65 15
32 18
98 6
76 24
91 99
2 86
85 90
71 1
33 46
93 49
49 88
89 55
5 84
50 9
14 68
25 30
16 37
22 89
57 42
79 2
34 87
31 0
62 35
73 25
23 76
76 94
98 70
87 29
69 62
54 5
4 49
89 88
62 86
61 89
12 92
20 97
89 62
45 53
71 7
78 4
72 1
23 56
78 91
84 74
83 82
84 23
77 56
73 4
14 25
3 98
96 6
65 30
64 61
42 14
90 10
4 29
46 93
38 83
3 6
75 16
64 76
96 49
9 51
58 75
4 68
55 41
7 20
75 22
87 23
77 73
99 1
67 35
5 29
15 65
26 17
59 96
90 71
56 97
21 90
55 84
66 61
24 68
37 80
91 84
57 48
93 86
43 54
90 8
41 47
94 82
73 84
45 70
86 46
94 47
74 43
19 34
98 76
21 64
6 41
19 9
25 62
82 54
92 11
73 85
98 19
42 20
76 33
2 46
51 86
88 45
58 24
58 71
45 6
40 25
23 67
36 92
39 8
66 68
20 48
52 37
72 80
36 9
44 49
80 31
22 2
93 79
88 13
27 38
24 23
90 1
80 68
29 95
44 73
42 59
59 99
97 66
90 88
54 34
29 67
35 26
70 39
16 27
77 86
95 62
56 85
13 33
30 91
33 95
5 27
39 99
70 11
7 7
68 83
45 28
37 43
45 63
36 3
95 93
24 14
49 1
52 41
92 78
70 21
54 32
12 60
69 26
3 50
97 44
25 71
20 6
85 62
44 67
80 28
54 63
27 42
19 99
9 24
26 31
98 12
29 14
60 60
59 91
31 44
92 4
52 2
79 61
79 46
84 13
78 82
47 92
12 80
4 54
4 64
0 7
52 8
58 67
8 61
66 2
70 26
45 64
0 74
78 67
19 35
3 29
16 29
7 89
89 70
9 16
10 76
0 86
41 77
76 86
94 52
85 21
14 76
29 24
45 86
57 50
69 1
64 84
50 85
6 23
43 36
96 13
92 85
75 99
70 57
74 93
78 61
45 83
16 63
77 12
95 73
76 79
63 39
4 31
79 7
95 9
98 5
62 33
7 46
1 53
77 4
4 87
35 24
29 37
61 58
75 3
97 7
54 58
45 19
39 95
48 94
84 57
78 50
99 94
88 44
3 5
71 73
37 64
2 18
43 68
29 53
33 36
45 95
89 30
15 12
24 76
15 27
19 13
28 12
60 34
24 60
47 94
62 87
98 80
24 87
74 94
77 53
84 63
89 45
62 4
26 16
74 99
39 73
96 66
39 40
43 81
89 83
12 2
81 85
77 45
51 92
95 50
58 53
69 22
22 51
81 99
4 59
26 55
93 15
7 49
27 66
4 7
6 7
92 20
57 20
17 11
17 38
52 47
72 5
49 83
13 34
88 43
28 70
43 24
89 19
50 62
76 97
8 73
20 31
22 91
43 77
8 36
32 61
5 71
26 60
12 0
19 89
96 19
87 94
31 80
77 8
29 85
36 33
51 12
69 32
58 58
68 94
39 72
26 37
56 2
45 11
67 94
30 74
92 31
81 26
19 78
6 73
48 35
38 66
81 59
9 26
28 59
50 66
86 47
91 88
9 44
5 63
69 35
0 89
77 97
67 88
58 80
1 86
78 71
29 2
77 51
27 39
58 23
6 99
48 43
61 2
93 31
48 89
94 91
71 74
23 66
45 79
73 54
52 77
52 88
87 2
15 96
23 44
6 64
33 53
65 41
26 5
22 85
48 16
59 54
42 9
46 52
4 21
61 12
22 97
59 98
35 79
41 46
57 13
75 50
92 13
7 47
65 35
24 4
16 95
83 65
20 0
39 48
30 24
98 53
1 7
44 33
38 80
9 10
95 94
64 17
98 93
45 37
11 96
5 74
68 65
42 21
61 67
55 75
16 9
11 92
86 70
17 35
78 22
94 16
18 66
1 32
43 8
98 97
9 8
56 54
44 93
73 64
19 92
20 76
22 98
63 68
64 48
67 56
21 46
37 18
17 78
2 32
58 62
28 83
43 20
50 81
75 75
10 80
98 98
38 73
81 92
39 46
6 96
35 62
18 76
32 54
53 42
2 42
12 28
22 54
94 92
68 2
53 63
97 54
84 97
13 87
43 89
73 22
71 84
79 60
67 61
19 2
39 62
85 74
12 9
40 54
52 75
6 72
34 91
42 40
83 86
76 95
13 49
32 39
5 90
21 81
32 32
56 26
12 96
16 43
63 37
42 34
71 43
82 55
59 26
18 54
11 3
56 18
49 0
31 28
0 30
53 10
32 81
54 99
97 57
73 81
9 74
95 75
57 56
96 22
75 42
49 9
33 84
91 92
13 67
67 79
3 23
52 58
36 81
46 66
82 91
90 12
18 98
76 64
71 94
66 1
25 4
39 51
30 52
22 14
87 28
90 37
42 50
6 59
94 55
69 66
95 44
51 40
33 31
49 52
8 35
25 78
43 30
85 34
21 66
90 64
7 31
23 95
70 66
43 51
6 50
64 74
77 14
90 22
6 12
56 38
98 39
3 49
32 73
93 45
76 76
15 99
15 63
98 64
86 0
81 19
79 39
73 28
10 3
94 97
42 41
4 97
23 9
4 91
1 10
79 50
98 47
48 74
70 41
82 83
87 85
83 62
55 6
34 56
1 28
24 49
32 25
69 54
43 55
48 83
98 89
80 94
18 1
76 60
30 23
15 77
75 38
18 78
51 79
20 44
56 34
47 59
54 28
14 51
98 15
6 18
61 39
79 12
93 1
59 2
84 76
8 74
7 88
10 66
28 46
8 71
68 6
56 13
2 0
60 16
48 75
59 25
65 25
85 20
31 10
17 55
3 39
23 47
53 55
6 2
18 30
78 89
70 71
45 21
65 61
28 44
81 96
82 56
25 74
77 63
31 58
12 52
41 21
58 86
78 58
38 35
23 37
23 72
76 58
48 92
59 61
51 46
90 20
85 5
64 6
91 56
23 22
55 85
62 85
50 58
33 18
99 45
20 79
66 62
12 31
59 90
37 46
67 23
92 3
46 6
0 41
49 42
84 46
68 29
11 42
90 57
71 8
33 61
39 66
35 5
89 84
24 21
85 76
37 55
87 17
21 24
50 65
30 16
56 60
46 99
88 18
85 45
5 20
31 59
90 24
22 47
83 50
36 97
96 24
70 14
89 95
50 52
5 46
22 35
70 43
38 64
94 64
61 60
87 18
58 83
42 12
75 32
9 7
45 44
68 55
75 78
16 35
51 20
35 72
20 12
48 62
4 10
95 85
80 9
64 67
35 81
56 15
65 63
29 79
47 38
3 9
25 87
71 76
92 98
98 55
89 66
7 42
49 56
91 28
16 49
94 67
96 61
52 54
76 45
92 28
8 2
40 21
35 15
67 72
52 67
79 59
61 48
21 21
37 53
53 67
75 34
73 36
60 28
36 50
90 11
63 20
11 2
89 54
99 79
5 99
6 51
27 61
2 35
79 38
13 27
44 12
70 49
33 42
78 38
64 7
47 23
54 7
37 66
73 48
37 11
63 86
7 52
86 23
7 11
93 77
22 46
96 65
9 21
63 58
8 99
58 12
34 92
64 59
35 75
42 36
64 29
72 27
88 69
12 69
60 85
86 17
64 19
49 94
0 78
23 5
4 56
50 34
33 34
32 4
85 3
50 16
56 80
2 49
59 58
69 95
95 71
48 76
70 78
34 12
44 47
28 42
73 45
76 40
71 88
9 39
51 90
58 15
26 61
0 95
27 78
55 90
43 83
84 77
40 3
6 76
64 68
91 17
7 44
78 92
99 49
91 87
91 60
15 44
64 54
31 32
62 97
10 58
79 58
64 65
92 68
86 96
1 35
98 58
3 90
19 48
29 41
81 87
10 98
66 83
44 11
44 87
1 95
64 23
93 64
77 61
48 6
79 97
90 84
24 70
42 67
11 6
70 1
89 74
13 80
41 24
91 0
85 46
58 89
38 52
69 83
19 40
35 51
58 21
98 7
24 66
60 5
67 75
98 35
53 17
52 40
29 86
1 59
54 13
84 22
13 76
84 71
99 70
8 53
36 38
31 77
79 9
38 3
83 31
17 89
2 60
83 42
12 95
25 52
67 47
45 9
54 26
47 39
46 27
23 50
89 27
69 63
44 86
79 66
85 47
93 82
11 27
61 35
87 32
5 75
84 49
6 77
61 66
81 15
4 0
80 32
43 76
3 13
98 46
58 51
68 45
11 45
55 94
56 82
42 63
97 48
71 87
25 44
81 52
52 11
65 60
71 28
96 36
63 36
40 81
91 37
23 85
59 82
1 6
30 78
1 20
74 86
64 13
71 62
90 68
19 5
6 60
9 55
91 1
58 73
51 77
10 99
94 50
79 83
21 73
8 43
84 7
29 45
50 67
17 77
88 95
11 14
91 98
16 6
37 6
23 83
13 68
29 72
38 50
99 51
30 94
84 3
56 92
63 9
68 11
95 17
29 40
90 94
83 14
68 31
2 65
97 98
78 47
43 57
68 42
9 14
89 11
50 15
96 92
71 80
3 88
48 80
20 23
27 81
63 61
30 27
6 36
33 79
18 63
13 58
36 10
81 75
86 2
6 89
9 98
93 76
65 24
75 61
16 59
0 18
2 88
86 28
26 70
82 41
79 43
62 65
98 16
7 15
32 70
