100 3
19 69
24 61
43 46
20 64
21 73
15 89
64 45
54 36
76 46
31 47
48 51
90 43
44 41
36 96
19 42
35 10
94 19
94 86
61 68
75 45
13 40
83 71
15 32
1 89
27 82
47 69
60 5
55 76
14 17
60 84
99 99
68 87
41 12
66 95
63 10
50 63
3 29
86 73
44 26
96 38
61 7
92 87
19 10
50 30
39 53
48 36
25 78
11 64
71 54
3 17
21 93
25 18
90 96
57 9
71 27
23 80
77 77
4 16
68 65
74 93
40 47
32 52
53 44
97 43
11 39
74 72
69 62
63 41
48 45
39 22
65 90
4 27
28 59
76 55
89 55
36 87
23 99
40 89
39 66
62 70
23 85
8 84
38 50
84 45
99 5
84 63
4 32
99 96
74 88
63 89
46 93
68 98
97 48
30 67
50 38
5 36
43 63
19 26
17 6
99 23
77 34
51 94
30 74
16 85
59 30
77 68
88 57
86 72
65 50
78 5
49 3
54 28
29 93
52 0
55 16
41 3
27 38
59 55
78 22
17 56
24 79
54 11
21 98
29 8
43 79
96 64
3 16
33 89
58 5
93 22
61 9
5 54
46 11
93 85
70 86
70 65
66 87
80 48
23 47
14 4
2 3
34 33
45 20
4 58
31 80
27 61
13 39
24 12
53 1
45 39
99 48
18 38
92 56
61 67
41 50
87 23
24 46
95 60
4 38
51 35
44 3
17 62
5 13
81 19
31 16
53 23
66 70
16 89
11 4
16 8
62 34
2 80
58 74
5 50
59 77
59 50
5 81
78 42
65 19
40 50
59 90
10 14
64 93
2 76
49 75
91 48
82 16
81 73
9 54
79 20
38 6
88 40
7 51
82 7
96 61
85 19
59 11
18 18
57 76
96 65
73 36
10 25
45 72
77 59
16 91
85 78
25 84
20 11
83 89
39 59
45 98
81 42
56 92
39 5
36 42
63 74
20 14
37 71
90 71
20 15
17 28
81 81
72 52
99 21
10 57
99 43
55 77
20 54
62 73
26 67
54 26
70 71
23 96
60 47
85 42
41 89
40 63
89 69
11 44
0 38
24 90
89 73
44 2
38 30
88 25
0 56
86 65
46 46
83 20
69 30
30 78
72 6
38 76
63 56
30 2
36 6
75 94
10 35
18 79
70 70
45 32
31 69
70 62
18 32
75 49
34 84
80 88
58 68
66 26
89 66
32 59
69 91
65 66
42 44
63 7
42 0
89 77
89 39
51 54
75 36
35 63
6 37
34 22
80 84
40 1
42 53
63 52
9 6
80 34
33 91
0 51
58 8
35 74
31 5
86 53
88 23
78 49
96 62
26 6
93 95
19 14
64 58
13 80
91 70
39 14
48 1
55 12
59 94
54 16
52 58
76 70
56 31
63 12
18 41
44 68
64 89
20 72
30 70
31 8
95 43
64 63
55 64
76 47
67 84
53 63
53 6
59 74
20 87
10 96
81 25
68 85
79 25
24 92
58 6
8 82
39 40
7 68
61 91
28 32
32 14
17 15
27 43
38 73
51 75
26 54
75 41
31 70
5 33
85 16
84 12
70 69
57 39
72 58
22 86
47 43
62 75
20 17
50 99
71 0
0 14
30 6
25 7
0 19
4 25
15 44
55 92
24 30
50 77
90 2
38 48
16 67
48 4
40 30
18 81
6 82
16 5
1 72
7 43
29 61
2 1
88 7
85 8
41 5
80 59
17 36
30 62
47 41
72 23
60 59
92 31
91 81
51 74
64 56
80 74
26 89
94 52
65 86
47 52
15 28
79 94
34 82
17 4
52 49
53 16
34 93
34 26
84 40
81 2
26 77
87 0
73 23
77 4
47 44
75 79
1 73
73 32
84 32
79 74
67 20
0 44
61 10
15 75
44 42
48 99
30 80
98 49
8 13
6 83
9 65
19 35
89 82
69 17
18 58
65 38
13 45
36 44
14 52
80 4
89 36
94 94
92 84
38 99
59 41
21 46
22 68
2 45
95 87
30 15
28 26
48 15
90 45
43 77
24 85
98 7
9 34
16 66
94 88
54 5
45 96
52 59
8 5
91 64
63 81
99 2
32 42
86 5
38 19
3 67
42 31
4 24
9 56
1 80
31 33
51 53
82 46
27 0
78 14
26 28
1 76
80 98
57 98
87 46
99 64
57 51
28 14
69 53
62 29
70 91
16 53
37 45
58 32
89 0
91 39
37 38
11 33
36 54
50 58
96 16
72 76
19 48
93 56
2 10
41 98
27 40
62 58
45 91
84 46
79 23
6 56
0 9
36 35
62 26
60 46
95 17
71 10
89 98
15 10
24 8
60 98
70 5
70 83
28 54
35 98
7 83
97 16
55 30
77 58
57 77
95 97
3 44
34 68
33 32
15 31
49 93
26 1
64 90
55 59
73 5
0 10
54 62
68 86
55 33
84 51
87 19
87 64
5 41
99 49
73 15
14 80
63 61
19 77
61 51
58 4
56 46
15 94
40 22
21 74
3 35
63 77
46 4
78 52
84 75
26 53
30 10
44 85
86 80
15 76
18 54
86 90
77 12
40 93
50 29
97 19
61 64
55 20
65 23
49 18
88 65
1 84
33 33
44 25
37 8
68 60
24 11
70 3
81 32
60 31
44 62
83 92
62 5
84 7
76 10
26 20
73 38
50 33
21 91
65 16
0 72
3 91
59 58
7 92
4 21
80 29
40 61
96 49
99 47
66 50
48 66
28 77
67 54
31 54
7 3
96 22
42 60
28 74
88 47
15 47
84 99
91 79
6 79
88 52
86 96
10 73
12 43
12 93
71 87
38 97
79 8
50 10
46 40
12 94
43 71
81 97
0 43
14 83
77 44
71 26
49 98
53 64
51 28
29 94
81 89
63 50
70 56
46 50
17 9
21 28
29 12
17 97
33 15
20 78
95 29
70 17
69 94
82 35
34 56
15 1
11 2
70 54
79 31
89 76
54 91
98 46
59 76
83 70
18 26
19 55
6 67
10 43
84 38
90 92
95 84
38 46
2 38
86 79
70 98
50 69
42 33
63 23
1 25
67 3
26 59
81 53
54 46
90 17
50 52
55 10
88 62
33 77
69 96
89 89
93 68
74 45
12 64
41 53
76 69
94 74
46 1
35 50
36 24
75 66
3 92
7 38
18 39
51 80
42 96
95 90
58 59
55 97
63 90
5 57
53 3
98 22
41 70
52 22
85 96
75 63
39 86
58 35
19 97
95 54
73 70
41 0
6 94
73 93
16 50
98 36
86 85
25 47
94 78
81 79
6 31
89 62
80 46
19 68
34 17
1 40
38 84
66 49
90 21
8 30
57 49
66 30
44 98
27 67
65 47
9 10
21 96
42 32
90 80
57 66
8 72
94 97
49 85
73 29
37 91
3 28
74 73
42 36
8 40
43 72
47 47
24 26
11 85
38 43
17 98
67 7
14 97
40 67
66 22
74 78
78 12
49 50
94 49
57 82
36 11
9 19
11 10
71 46
65 88
5 85
21 86
27 84
15 51
90 50
69 83
55 75
0 69
66 85
70 66
95 71
3 79
92 72
40 86
88 68
10 53
86 16
9 41
33 62
65 1
44 96
23 63
90 22
59 73
9 57
12 76
84 4
11 78
30 36
30 64
33 19
80 9
54 73
55 25
42 81
10 37
18 91
10 95
44 73
83 9
80 58
1 44
28 20
20 24
18 14
13 27
69 56
45 82
66 27
75 23
65 21
22 12
65 8
18 35
54 21
45 85
64 33
83 85
13 61
60 19
4 86
66 81
80 38
98 15
91 59
11 24
49 5
66 86
27 29
50 26
8 10
87 68
29 78
97 98
70 72
61 11
15 18
74 40
58 95
91 37
66 73
68 92
66 17
94 25
60 85
86 8
11 60
33 28
53 76
47 12
83 42
38 31
44 11
2 47
42 84
81 70
61 71
52 70
71 52
56 44
96 0
69 84
30 84
98 86
5 1
35 8
76 13
48 83
94 64
91 43
34 3
46 53
76 23
99 45
28 1
84 33
13 53
11 23
97 90
14 91
19 9
76 4
18 61
2 0
17 80
0 92
77 63
95 50
38 81
22 63
30 88
96 56
16 71
74 25
52 80
43 20
42 28
21 15
85 23
7 42
7 55
82 33
96 68
32 56
69 10
65 33
59 83
55 8
23 87
45 35
90 14
46 82
90 75
80 85
88 56
15 30
47 66
31 43
74 2
4 31
9 45
93 15
52 71
40 88
70 96
25 61
27 95
68 7
89 83
63 32
92 95
2 24
28 92
70 47
5 95
75 6
34 2
32 43
47 55
28 8
80 23
97 70
13 44
78 82
32 82
92 39
20 49
38 62
85 20
50 0
52 45
66 80
65 40
13 67
60 11
26 18
52 39
57 20
81 62
4 82
27 3
39 17
60 80
13 1
31 74
56 89
72 49
94 98
10 15
21 87
28 31
71 35
22 9
6 61
51 0
49 81
52 79
31 65
28 40
89 45
99 69
43 23
82 39
6 72
37 29
8 86
74 24
97 75
54 67
9 14
9 44
89 28
25 33
41 42
10 97
32 85
81 84
58 25
26 56
90 34
94 89
48 56
64 0
69 20
86 66
90 81
80 75
41 43
96 28
29 60
60 53
87 29
10 68
72 3
27 27
6 93
11 57
38 53
84 20
12 74
0 68
36 74
31 78
7 80
93 47
39 42
46 21
7 31
37 35
66 48
52 3
65 49
94 7
76 43
38 77
34 47
4 8
40 79
40 38
26 45
91 45
50 11
1 27
58 22
90 76
93 26
37 70
19 47
75 14
67 69
23 79
27 57
61 21
20 86
76 95
60 69
28 81
0 37
90 85
4 94
69 58
4 19
83 58
83 22
54 65
76 3
61 66
11 48
0 29
62 65
26 73
15 88
80 21
61 37
60 75
36 0
4 73
45 2
38 47
96 95
22 30
72 94
24 99
20 16
14 74
17 39
39 46
82 75
96 27
51 85
6 73
49 47
92 38
40 96
79 57
3 81
11 17
60 89
74 12
36 55
30 48
82 43
58 44
42 69
55 71
75 76
2 43
25 16
68 29
46 31
59 52
54 30
83 31
64 15
63 53
23 48
53 68
84 74
61 18
34 10
52 20
41 4
60 50
67 38
80 77
41 76
42 86
34 72
53 79
5 90
94 73
79 22
57 83
65 35
40 5
8 55
33 51
8 35
60 2
19 57
44 44
19 94
70 75
2 75
77 60
75 52
59 4
18 23
37 9
83 57
47 94
1 48
53 57
51 69
80 91
3 47
82 11
98 3
4 37
93 67
55 79
48 63
99 88
97 79
78 60
61 32
96 30
56 79
80 22
15 7
75 19
35 36
50 14
76 74
32 36
72 16
37 21
0 78
72 34
4 30
56 57
76 54
19 56
21 18
4 99
30 17
4 53
29 58
7 18
55 70
0 73
79 79
18 72
89 63
66 11
39 48
14 26
61 85
42 8
25 19
68 50
64 77
41 29
68 59
88 48
94 82
79 0
56 13
10 12
7 11
1 62
56 81
77 97
78 10
73 75
46 63
21 40
43 47
11 91
18 98
92 34
63 43
62 92
5 93
11 72
73 99
35 21
19 81
12 17
58 78
20 37
58 18
75 83
55 89
74 58
37 93
27 88
50 50
41 56
29 23
3 71
68 88
71 70
65 39
66 14
92 82
8 68
91 9
40 62
25 51
70 42
17 89
41 91
34 60
37 60
42 93
41 94
1 36
87 28
98 16
21 9
26 69
25 56
95 38
58 91
42 89
23 14
33 61
31 29
8 69
16 41
85 99
87 2
9 69
70 88
62 77
83 26
14 13
4 20
25 99
26 38
53 29
4 80
33 97
1 21
90 10
12 19
72 69
28 36
70 32
46 71
23 56
18 2
6 2
81 91
3 27
28 61
56 20
17 31
0 96
28 86
45 65
8 25
8 48
77 72
19 1
96 70
8 62
29 81
30 57
73 76
31 13
51 81
78 20
81 52
84 98
94 59
10 28
26 88
26 98
84 85
60 73
40 82
16 16
61 53
60 63
24 35
13 3
6 75
59 78
57 32
10 13
68 6
83 27
70 67
43 5
50 82
39 32
84 39
8 28
88 37
81 8
93 87
28 94
76 6
29 86
73 67
93 50
94 60
76 17
24 19
76 86
52 93
9 63
48 92
97 88
19 85
77 19
61 58
26 96
55 4
70 30
7 53
12 32
12 68
6 4
45 94
54 38
30 52
68 99
77 50
98 31
35 94
1 24
42 63
91 25
89 90
1 64
40 41
33 82
68 71
71 59
56 64
6 15
15 87
26 84
75 90
96 48
39 63
83 76
28 93
16 90
93 62
52 82
81 27
24 40
0 76
18 96
65 65
53 36
86 97
43 13
29 76
47 61
33 69
56 12
35 37
83 30
33 58
36 76
16 97
37 40
65 87
80 41
16 57
18 44
80 17
61 94
2 23
42 76
83 80
87 24
57 34
59 51
27 9
59 92
0 81
59 91
21 24
52 69
39 33
95 95
94 33
7 1
23 61
40 53
12 3
1 46
90 7
47 32
1 37
93 73
98 14
13 10
41 75
96 80
34 69
5 77
75 58
43 41
77 13
69 22
97 51
12 8
24 33
99 4
43 11
10 75
61 44
97 71
62 35
97 24
44 5
57 1
80 47
49 23
11 71
23 53
26 71
46 16
70 60
82 63
37 85
83 25
52 99
72 44
5 80
81 76
82 20
28 65
16 56
21 77
1 55
46 47
76 15
62 27
34 9
72 15
93 88
56 9
64 91
73 33
11 51
61 50
53 87
59 93
79 44
30 43
79 52
32 97
50 31
21 83
46 12
20 98
67 73
46 15
83 50
28 34
28 44
36 67
29 27
45 44
86 54
68 56
56 30
90 40
83 13
1 41
79 96
18 86
60 61
24 27
58 46
33 18
69 98
10 61
50 90
24 75
48 17
61 48
49 13
33 5
86 49
70 34
12 57
30 28
11 98
14 18
9 98
70 73
77 25
5 79
81 16
0 31
81 59
69 39
48 75
51 12
66 28
2 77
69 55
91 68
66 69
40 70
96 7
98 89
37 15
69 74
92 18
98 57
21 71
92 73
91 2
38 11
92 28
94 90
50 78
51 51
65 53
21 48
39 89
88 70
51 7
4 61
70 12
87 97
46 26
10 87
84 83
94 14
77 74
14 73
80 14
75 61
74 57
40 37
80 73
39 97
4 44
62 1
49 36
45 37
16 48
19 43
84 25
79 60
36 37
50 16
17 17
59 80
36 81
60 58
67 21
32 4
38 59
76 56
2 59
57 90
39 23
52 6
75 39
96 60
50 97
56 14
97 84
12 0
73 53
3 24
61 77
45 68
1 11
40 73
77 80
22 89
42 65
46 29
93 78
19 90
64 26
69 0
43 88
72 27
26 91
49 25
50 6
51 9
23 0
81 47
88 2
18 74
61 43
92 74
59 48
29 64
0 65
79 12
46 94
24 28
59 22
61 40
29 3
35 53
1 15
54 99
76 97
18 8
71 95
87 96
78 44
3 62
23 60
60 76
97 12
54 47
8 76
82 44
47 25
37 44
28 82
68 5
94 31
87 78
22 50
32 50
6 16
63 28
96 79
49 0
35 90
88 33
85 0
8 15
46 33
56 62
9 90
93 13
62 4
95 88
22 70
13 11
18 46
98 68
71 16
85 56
18 22
24 69
13 72
57 73
48 49
94 6
87 44
50 34
13 64
97 29
8 94
26 26
52 17
77 71
25 57
4 10
59 56
21 50
87 91
43 24
39 47
53 5
36 83
26 10
27 92
77 85
75 35
83 69
74 19
73 21
58 97
14 35
77 47
46 89
31 90
23 44
36 65
62 71
80 97
38 57
94 35
78 50
17 91
24 15
24 83
67 90
33 26
29 97
2 60
14 21
42 29
27 36
79 9
97 96
47 34
82 56
96 5
90 94
27 87
48 48
82 54
51 44
43 64
14 23
32 78
24 86
12 29
83 3
66 67
66 84
57 79
17 87
58 24
2 52
82 76
2 85
93 63
64 53
30 32
47 7
91 10
18 67
29 48
54 50
41 86
9 36
72 43
98 5
27 20
86 38
58 53
69 88
1 51
26 57
36 15
92 47
6 19
1 7
80 56
77 35
69 57
80 49
96 32
29 2
51 3
75 91
54 3
69 72
78 96
97 78
29 73
61 65
83 5
34 41
72 72
12 27
21 54
85 5
27 42
14 67
61 27
97 59
52 64
21 85
44 70
83 48
95 89
36 94
83 35
6 26
58 90
64 61
86 75
41 6
16 73
26 48
79 39
97 66
38 54
42 68
38 93
48 37
77 93
4 11
56 97
7 85
25 6
39 45
88 53
71 4
24 52
63 15
93 74
99 98
51 87
70 23
24 45
55 85
91 65
87 98
19 76
56 75
40 85
32 22
76 62
40 31
2 90
89 38
73 71
82 83
36 70
40 69
86 67
88 78
36 25
89 6
93 96
43 82
26 25
59 82
73 50
27 64
72 75
8 8
0 28
35 4
91 21
20 42
25 29
63 70
60 86
64 2
24 65
25 69
21 57
14 46
82 53
93 61
21 59
48 7
12 6
48 81
11 1
64 81
80 5
61 28
69 76
22 45
39 31
78 63
24 91
67 11
27 75
59 21
69 2
67 2
20 0
88 9
0 5
81 74
17 82
58 14
70 37
3 53
75 3
8 87
18 53
11 86
8 71
24 23
67 71
37 42
62 33
8 44
70 45
36 95
20 48
47 8
52 63
93 40
81 12
49 41
83 72
65 7
88 90
13 2
6 41
97 58
65 3
63 60
71 17
68 96
34 70
80 82
78 40
62 23
64 71
30 85
8 95
47 20
9 32
73 86
57 0
19 89
92 61
87 48
93 91
23 75
14 96
91 11
77 86
2 37
17 29
40 95
58 57
70 38
57 80
45 40
53 62
61 14
12 2
68 76
75 5
21 62
48 2
57 8
60 0
85 55
67 51
37 54
75 28
29 82
40 78
85 90
18 90
36 66
26 95
96 4
12 21
50 79
81 6
30 7
19 28
12 39
37 80
76 25
98 42
31 17
11 0
11 11
24 93
38 66
87 43
57 38
22 24
68 89
41 14
16 30
24 29
30 75
23 8
78 18
4 23
38 17
99 40
51 56
49 38
8 3
96 1
16 62
58 54
83 52
40 36
11 92
69 27
46 95
19 37
35 73
29 31
36 43
34 11
62 30
9 77
98 45
73 9
58 28
24 4
25 5
39 78
28 99
60 45
29 30
23 89
53 65
38 20
18 36
14 60
14 82
20 69
94 46
61 8
47 85
99 42
67 36
17 41
65 84
5 26
86 99
14 55
46 0
35 33
90 84
91 15
67 4
76 22
99 19
61 29
41 10
46 39
55 0
28 51
13 23
15 65
69 45
26 78
95 93
12 87
34 57
18 60
34 54
50 24
5 38
79 95
96 85
42 43
31 83
32 72
3 8
96 55
28 84
45 90
48 25
90 88
1 79
39 64
41 73
16 82
63 5
6 48
56 84
49 91
22 99
36 97
12 40
73 11
79 46
0 77
74 69
15 37
30 8
60 27
85 51
66 46
84 9
87 37
1 99
88 88
23 9
93 18
28 29
28 35
11 93
78 15
84 31
92 19
7 52
41 71
42 27
53 77
80 3
39 43
85 58
3 12
79 6
32 77
38 96
64 7
39 1
32 67
15 62
67 76
82 51
93 83
49 44
83 74
65 68
59 38
38 86
15 15
37 74
87 65
86 83
12 37
42 5
44 45
69 86
90 70
97 8
97 89
87 85
82 57
31 72
47 6
38 80
80 79
72 4
71 85
47 3
3 34
7 21
65 36
79 82
81 95
69 67
12 52
10 36
9 16
54 41
1 81
44 83
30 3
20 61
34 65
35 42
75 44
51 88
6 51
77 70
74 90
31 2
18 0
47 57
24 97
72 82
89 48
74 68
58 12
98 80
76 96
80 96
21 8
23 74
65 98
56 8
59 79
13 86
49 83
66 62
21 45
70 85
6 9
84 27
31 32
93 86
29 11
77 38
36 99
66 24
91 75
64 79
85 71
20 20
58 82
42 39
24 77
50 25
20 53
32 33
83 66
93 34
21 72
18 10
59 65
23 67
12 18
75 64
37 72
64 25
73 28
35 41
87 33
50 23
63 75
32 92
2 89
30 50
22 31
27 59
89 1
46 87
82 80
90 37
31 60
36 10
96 53
45 92
75 71
11 34
53 35
17 19
35 12
5 86
4 52
41 23
1 58
12 42
79 11
84 69
42 94
31 25
70 59
34 61
24 20
52 61
68 33
18 77
73 73
15 73
76 59
27 8
1 31
50 18
65 82
66 91
92 3
55 22
51 55
21 55
85 88
32 64
71 30
53 48
34 91
65 60
0 82
28 63
25 53
43 99
41 31
27 55
86 28
31 36
11 41
5 14
78 86
12 11
6 34
73 19
69 47
6 12
94 41
10 38
92 63
39 41
46 23
60 35
54 17
31 34
87 54
7 35
43 33
59 12
65 43
45 78
53 24
45 21
25 4
47 16
35 47
92 80
85 32
12 12
22 76
23 70
83 75
97 47
27 85
14 43
56 15
21 81
73 0
49 34
23 27
58 88
65 81
46 30
31 23
77 46
85 4
93 76
48 41
69 4
24 2
96 66
57 65
87 56
33 48
91 18
55 73
57 45
78 57
18 17
4 6
17 3
23 2
48 76
61 34
5 72
21 37
52 24
84 13
18 68
96 26
98 98
69 9
74 63
94 77
14 33
47 9
16 54
52 91
97 65
6 95
32 40
5 62
17 20
73 79
11 61
67 79
40 66
85 43
86 3
11 31
39 77
46 96
55 55
28 27
66 68
91 53
81 67
84 62
81 10
31 67
57 93
63 97
65 44
95 40
40 65
90 97
86 11
4 69
99 81
71 73
9 3
12 45
22 90
2 19
2 16
55 67
10 63
18 75
37 4
26 9
46 14
65 48
11 77
61 17
78 8
44 71
84 78
18 19
76 45
31 81
29 87
59 28
59 14
8 56
69 43
85 21
66 20
78 73
72 17
42 48
52 29
40 7
19 11
85 35
9 59
84 36
83 49
40 3
48 58
78 17
53 59
55 56
29 63
3 74
98 71
2 69
70 58
21 94
98 76
73 34
49 4
38 95
60 24
99 67
4 49
73 63
31 91
97 57
6 30
79 29
25 73
42 26
61 41
44 63
80 44
99 76
57 40
48 71
92 40
91 93
32 76
2 48
32 63
93 20
21 92
80 36
52 16
86 91
29 74
24 22
89 15
12 78
9 67
51 95
41 28
21 6
9 58
17 32
66 51
52 43
66 37
55 34
87 32
1 42
67 80
59 1
4 91
66 92
83 64
13 83
0 98
70 64
27 83
18 20
24 73
33 99
33 37
70 8
30 65
35 51
34 97
81 51
76 90
43 6
29 67
42 85
12 85
55 94
49 29
42 15
0 26
32 98
75 25
50 60
48 10
86 29
85 75
76 48
43 59
35 48
49 49
52 38
99 52
50 62
44 76
44 9
36 45
52 13
65 28
23 23
44 20
56 69
36 62
6 85
32 88
30 97
13 35
38 23
19 17
93 48
42 72
1 19
6 69
74 26
76 66
68 16
72 19
50 9
17 77
51 86
89 86
34 55
54 9
55 82
65 71
72 79
4 55
89 35
22 33
15 6
98 26
11 52
16 7
43 7
41 78
77 48
96 97
28 89
14 2
49 42
22 74
38 26
46 6
68 35
46 65
10 16
60 25
93 59
62 39
83 7
1 91
20 43
79 7
72 8
53 56
52 98
12 41
57 17
25 20
86 61
29 89
70 10
54 90
49 96
20 89
10 78
93 75
44 4
45 19
54 0
74 61
76 29
60 20
60 74
32 60
25 86
25 97
58 45
76 71
35 29
91 20
82 79
56 90
44 6
45 53
0 66
42 42
29 45
5 78
55 7
60 1
41 69
64 28
24 81
29 7
53 27
56 61
91 73
60 17
15 66
22 3
93 39
20 65
18 9
54 6
31 20
8 18
88 76
25 72
25 75
3 21
99 74
3 48
86 44
78 35
44 19
39 2
8 67
35 11
9 72
25 94
15 41
37 75
12 84
83 19
73 88
62 38
79 4
51 63
33 70
94 76
55 78
1 20
75 33
35 77
98 10
75 67
91 6
23 76
45 66
95 49
82 78
40 25
85 57
81 11
12 4
23 30
5 27
25 85
57 55
11 16
77 87
67 94
32 27
46 68
84 64
87 94
74 5
86 18
53 80
31 45
46 45
86 86
90 48
77 32
59 59
88 59
7 13
98 84
54 18
41 77
96 63
80 0
61 25
66 61
63 6
18 12
65 18
74 31
51 21
17 53
88 54
87 14
37 79
70 18
69 36
55 57
99 89
68 70
53 40
15 17
37 51
14 1
23 91
71 78
94 96
72 92
27 47
56 59
11 67
37 50
81 5
84 97
2 21
56 37
98 48
90 66
77 30
82 12
77 66
65 46
9 38
55 17
56 23
6 14
15 56
34 64
91 88
98 44
26 4
29 88
10 99
23 98
98 33
97 61
88 32
81 40
78 38
37 43
72 37
41 58
25 3
31 18
60 71
55 44
38 55
73 90
50 41
22 79
32 71
63 58
96 9
66 90
90 3
5 18
6 50
85 10
78 58
60 62
47 23
7 14
50 44
47 2
90 55
35 43
99 46
62 16
97 17
24 43
90 77
6 99
94 55
16 79
29 92
30 86
2 88
4 33
97 92
88 74
39 15
15 67
57 68
35 84
14 3
28 25
29 91
36 17
9 24
98 52
3 96
17 65
92 46
59 0
43 96
17 27
40 11
58 92
84 87
89 58
49 6
98 38
24 96
55 19
74 87
60 97
58 37
16 95
99 32
48 6
34 50
55 50
29 25
98 92
91 49
53 41
62 36
13 26
91 13
84 14
11 99
33 67
96 41
32 38
66 98
0 93
48 20
81 55
55 99
31 9
98 69
31 27
36 27
6 54
85 63
42 21
77 45
81 66
39 3
47 28
94 21
12 58
90 91
95 37
20 71
7 32
27 18
1 14
0 23
39 93
33 73
43 16
99 18
1 78
44 58
79 61
96 18
78 76
69 99
57 88
18 70
5 21
62 32
11 21
82 84
91 4
14 57
97 45
37 5
57 48
8 47
67 44
56 48
75 18
23 15
76 83
48 0
0 32
40 32
25 98
49 87
98 18
54 95
53 38
8 50
21 84
30 39
7 50
61 12
74 15
33 63
56 22
62 25
23 11
13 33
85 59
66 32
15 68
9 78
56 36
94 66
30 95
69 77
47 74
58 7
3 61
40 10
44 57
28 50
33 34
74 55
43 3
83 11
85 50
37 17
25 21
7 79
60 4
9 52
43 49
17 74
52 90
14 50
28 21
71 2
16 94
7 8
11 35
8 11
3 19
6 55
68 2
95 22
20 91
23 13
70 25
38 63
17 95
91 72
88 8
48 96
30 23
52 65
55 29
15 2
26 60
39 92
0 70
66 76
81 13
45 23
34 71
82 98
26 65
53 43
36 3
89 40
89 74
14 62
75 15
35 54
71 43
68 20
71 99
43 9
11 96
35 61
47 64
33 27
0 33
82 8
49 40
32 58
5 3
79 70
6 66
67 6
52 74
80 1
65 5
23 33
13 74
54 27
26 93
52 76
17 68
18 69
81 37
12 56
99 27
30 22
25 81
1 98
62 44
95 62
45 46
7 27
70 55
73 16
71 83
26 44
18 64
18 83
64 31
55 54
29 46
49 24
72 86
60 15
57 69
77 16
80 33
30 66
81 90
64 46
72 33
74 8
80 32
86 74
5 55
45 33
89 18
48 32
73 59
89 2
56 96
70 29
80 55
28 5
29 98
39 34
76 36
91 97
90 68
54 56
79 2
78 85
35 60
51 82
23 49
36 79
1 65
19 72
98 25
17 76
16 60
15 45
91 57
79 81
41 92
25 0
78 84
88 71
12 5
19 53
8 45
99 95
33 85
53 66
82 69
9 60
3 3
98 94
78 55
79 72
79 58
27 93
75 53
61 95
74 99
92 36
41 19
52 51
15 91
22 32
61 97
82 4
23 3
7 98
27 7
3 50
18 4
68 74
32 90
20 67
36 47
90 53
76 88
22 15
25 15
75 12
98 73
68 51
63 13
99 55
68 27
11 29
38 37
38 56
37 1
14 77
59 40
82 17
34 16
24 68
33 3
89 30
34 63
20 45
18 13
74 81
48 50
31 71
62 95
7 39
59 60
99 65
30 81
47 90
81 86
11 97
95 55
71 84
89 23
76 77
47 58
96 86
22 38
67 97
51 46
71 69
41 88
95 70
42 18
51 34
69 93
78 64
30 16
63 47
74 33
48 89
70 22
90 89
7 10
16 24
72 12
51 13
83 63
13 13
6 81
60 43
12 7
56 50
17 66
62 12
36 33
45 89
28 13
54 96
30 54
3 68
99 38
70 95
96 50
58 41
94 84
10 93
73 78
47 50
32 21
10 31
18 29
22 56
37 10
16 61
92 48
98 28
36 84
54 32
84 53
64 12
97 81
87 82
71 98
48 90
49 72
42 57
9 17
2 4
32 30
2 72
48 85
9 97
98 24
47 46
90 41
46 22
44 81
81 1
87 34
30 27
73 55
73 85
50 17
10 81
62 49
66 63
4 34
54 42
92 51
39 21
30 30
98 90
54 48
52 66
12 1
41 95
65 12
77 2
25 67
67 92
23 37
63 69
7 15
19 44
22 58
59 81
35 45
52 28
15 57
88 0
87 12
21 12
21 51
51 33
7 46
66 33
51 96
7 30
80 64
69 85
10 19
44 80
14 51
16 34
64 1
89 12
82 85
12 98
72 87
73 27
88 46
73 8
20 19
56 43
13 69
26 70
35 19
66 53
96 45
12 73
95 7
4 18
24 5
21 32
68 3
75 7
55 61
90 87
15 71
98 29
57 41
9 74
18 48
16 44
75 54
86 76
30 56
40 76
73 13
57 56
52 27
13 70
92 16
95 1
4 71
37 56
37 30
9 80
45 34
63 34
80 15
16 40
67 42
82 58
33 68
72 98
61 0
19 59
34 8
86 15
95 0
48 82
82 67
3 0
34 29
76 1
66 64
6 7
6 64
29 32
11 15
13 54
4 77
93 71
8 92
6 10
22 2
76 41
43 68
96 54
99 86
8 14
69 28
95 41
38 40
6 36
36 93
65 4
76 35
85 80
98 34
92 98
35 58
42 46
94 80
89 46
31 40
88 69
0 85
83 1
87 42
11 6
35 85
91 3
92 27
37 34
26 23
97 25
40 16
91 28
80 53
12 79
60 36
97 2
65 31
42 1
25 39
68 39
45 79
28 98
4 26
48 34
3 66
57 96
14 81
31 58
83 68
88 92
84 57
72 88
67 88
91 96
85 81
62 40
22 44
50 19
68 42
20 4
59 84
43 76
39 94
76 89
0 6
64 11
31 6
91 47
82 60
91 14
52 57
90 63
28 79
94 27
77 1
52 34
95 91
35 95
97 93
16 35
55 93
64 21
71 63
1 93
81 61
29 9
97 26
57 43
4 43
93 21
88 11
0 48
5 31
57 12
75 89
47 86
77 28
66 42
62 85
70 6
71 22
27 46
50 5
18 55
38 85
45 3
16 33
44 36
69 92
14 68
58 67
27 11
91 8
18 42
72 55
79 38
52 11
13 90
47 45
67 68
1 17
10 70
15 59
57 91
61 16
80 95
68 79
92 25
65 58
89 34
6 78
42 62
9 0
67 56
4 98
8 12
7 48
94 47
7 9
51 27
65 2
21 53
13 25
3 98
44 43
21 76
85 39
96 78
35 17
18 71
55 62
45 10
98 19
57 2
27 71
71 86
43 54
18 78
7 82
36 22
91 84
3 94
57 30
20 93
43 97
23 29
91 94
42 10
66 75
5 83
65 83
5 43
17 99
36 91
39 62
15 26
26 58
21 0
33 23
10 77
74 44
56 55
24 76
44 84
54 86
76 63
67 0
57 87
68 10
9 48
71 41
43 34
73 57
5 51
91 32
99 29
34 83
54 72
3 37
94 39
61 62
64 59
88 73
77 62
4 42
84 1
85 62
44 92
68 43
61 96
53 88
4 28
37 27
13 43
99 92
12 33
51 93
92 23
37 22
21 20
4 15
29 44
22 20
67 72
64 86
45 75
2 5
85 12
80 18
63 42
20 85
34 14
21 21
10 80
72 47
43 85
7 64
87 31
42 11
4 5
72 2
62 6
1 67
84 93
33 7
47 24
25 37
84 34
8 19
72 41
82 19
62 86
55 87
10 9
27 2
17 33
67 82
50 67
70 41
12 25
63 84
19 52
73 41
75 82
1 34
69 87
61 78
5 74
68 18
9 95
85 97
37 33
62 74
62 79
76 68
29 4
91 52
76 87
97 54
25 22
29 5
30 98
92 13
49 79
39 36
20 12
72 63
93 17
32 1
50 66
51 30
78 29
74 1
19 12
0 79
13 29
97 31
39 16
70 7
73 18
44 55
70 33
25 93
62 11
7 12
9 23
52 47
37 2
4 63
56 28
21 67
71 40
2 18
35 23
40 27
30 35
8 1
15 69
46 32
7 5
72 45
27 10
6 63
13 19
93 58
78 47
13 32
4 7
3 45
61 56
48 11
24 70
69 34
42 95
17 71
73 30
48 72
48 67
84 48
1 53
17 12
99 28
78 66
4 95
41 51
59 61
17 24
75 73
64 55
1 12
1 70
35 46
57 28
53 69
82 0
2 94
53 46
86 48
67 63
16 13
92 64
66 94
80 39
67 17
91 34
59 95
94 13
6 84
2 30
91 82
16 11
60 28
14 99
63 19
53 83
75 20
80 24
74 83
10 69
16 49
90 25
22 5
24 38
21 68
93 9
11 14
96 17
25 76
8 54
68 58
68 22
45 1
87 66
27 73
37 57
14 36
83 17
19 13
11 9
45 86
60 91
41 49
93 14
17 54
96 33
55 3
77 81
48 68
68 48
17 88
94 53
31 12
84 76
71 33
55 49
89 4
39 68
57 47
80 42
82 59
58 87
70 61
37 87
90 38
1 88
37 19
60 94
41 20
44 65
70 9
45 51
95 20
24 50
39 11
39 61
31 89
64 69
20 34
43 93
24 1
68 83
48 78
99 62
49 76
61 24
12 72
54 52
62 9
83 90
54 40
3 13
82 25
66 29
54 61
67 59
79 62
97 94
73 91
33 1
0 67
85 94
39 30
79 59
3 70
68 97
87 17
43 26
16 46
10 26
79 76
39 6
33 55
92 15
96 76
11 25
99 93
13 17
0 21
49 21
77 27
32 31
22 87
11 3
64 72
33 65
39 79
75 47
27 17
84 70
2 42
19 24
22 59
51 76
7 94
96 44
53 34
87 72
0 75
49 80
22 53
38 68
64 30
44 21
82 68
9 83
49 35
70 92
84 68
40 17
15 43
8 20
68 75
28 39
77 90
78 75
92 4
22 69
26 99
34 12
19 50
79 78
76 78
59 64
67 16
53 33
63 38
68 67
87 6
41 52
82 94
4 9
96 82
74 3
60 14
35 69
79 36
95 66
1 39
76 31
71 66
34 5
59 25
21 47
40 58
36 2
89 27
11 58
65 72
3 52
45 76
71 11
97 53
58 73
40 8
78 61
80 78
96 77
49 22
94 11
79 97
64 64
40 28
92 97
80 87
94 29
67 29
97 40
88 84
78 1
44 18
40 87
11 27
56 99
72 57
12 31
82 93
67 26
14 84
33 44
30 14
87 61
86 62
63 8
6 52
38 65
36 34
10 30
94 24
38 98
76 81
90 99
7 2
23 21
18 33
55 58
84 23
85 47
30 37
53 12
50 1
29 68
1 30
87 71
27 23
14 19
31 50
54 12
34 76
63 59
1 4
6 89
51 5
28 69
66 16
20 39
58 34
2 9
19 23
63 26
80 19
57 78
62 72
33 54
1 10
39 25
32 95
98 13
60 3
74 67
37 98
7 6
44 33
61 89
73 17
88 98
97 77
83 83
1 63
51 50
93 32
82 74
35 75
2 26
14 28
37 24
41 66
35 86
30 41
16 36
74 27
58 66
10 18
38 74
61 15
51 89
33 96
56 11
46 77
54 34
94 44
22 42
28 48
40 84
37 36
59 37
18 40
5 75
52 72
74 18
93 10
84 0
20 75
74 75
66 35
12 70
36 69
12 90
19 3
41 11
40 74
53 71
72 28
89 81
82 21
82 49
53 74
5 61
13 87
13 96
65 30
94 16
33 36
77 61
83 10
92 14
62 61
96 99
75 29
33 76
29 51
46 67
85 18
9 30
13 85
63 2
1 47
11 74
89 87
74 89
41 26
40 20
85 40
86 87
49 58
23 82
24 80
53 99
89 57
19 87
72 64
62 69
87 88
69 44
59 9
7 74
82 15
2 36
31 97
54 93
58 99
14 70
86 71
24 57
68 77
87 89
38 49
42 49
21 56
57 11
78 94
10 8
17 47
70 82
97 91
87 93
18 21
15 74
27 65
46 36
43 38
58 76
99 16
13 63
73 31
27 26
79 71
76 37
31 15
12 59
35 88
92 65
59 66
77 29
52 30
29 50
83 82
16 39
49 68
51 59
71 81
9 1
73 4
20 88
15 46
10 24
31 79
9 92
29 10
92 21
82 34
97 74
71 58
77 54
55 26
46 20
86 4
18 80
88 83
91 31
53 75
87 25
75 56
72 30
39 99
50 94
53 98
29 90
40 4
1 96
79 50
31 73
85 48
24 48
62 87
10 0
53 19
69 3
3 32
2 63
3 38
4 22
47 84
48 3
90 93
52 60
24 9
4 96
35 18
94 5
39 7
70 78
89 8
6 8
42 98
64 19
97 68
89 21
60 44
33 45
16 69
5 23
30 0
82 52
30 60
5 59
48 97
95 57
45 99
17 14
8 63
78 34
83 86
96 21
26 31
5 29
71 49
0 84
58 30
12 35
74 50
80 92
92 49
61 57
26 75
98 56
14 30
7 71
1 56
94 15
40 15
50 4
84 67
89 42
3 82
41 15
99 75
12 30
58 26
32 80
18 1
17 70
37 18
41 61
34 23
49 48
41 48
37 63
86 84
22 88
58 39
56 32
78 24
7 62
37 96
46 19
68 94
39 28
55 90
2 95
90 28
2 50
99 22
66 40
5 32
87 47
12 77
2 62
65 17
78 39
3 43
14 64
54 85
37 97
22 64
25 79
28 22
16 51
70 15
9 79
48 64
53 39
58 64
37 94
39 12
51 10
23 38
1 69
89 13
18 82
73 64
41 34
89 24
78 72
27 66
8 96
19 21
5 96
57 62
42 80
71 68
73 89
69 13
59 99
43 31
38 72
68 12
67 39
78 41
52 25
81 38
77 94
25 64
15 90
95 86
44 97
96 67
56 87
15 0
53 95
56 3
5 39
14 76
80 37
39 73
37 0
11 46
30 45
64 20
61 73
46 85
59 87
79 26
57 99
21 14
36 73
46 52
10 29
48 42
80 71
9 70
5 49
71 14
51 42
44 74
88 14
10 74
72 65
21 42
53 51
99 34
56 26
71 21
88 31
73 6
10 20
49 71
34 49
52 31
39 18
98 78
25 63
95 32
94 32
38 60
75 50
88 18
19 93
87 1
37 65
57 94
57 27
8 49
73 51
82 31
8 24
80 54
74 54
46 61
68 30
63 25
59 89
0 42
13 6
52 15
2 44
18 93
66 78
4 79
27 48
45 52
39 10
19 30
82 62
67 25
2 86
86 9
7 49
8 90
64 14
87 9
73 35
96 74
31 3
69 23
43 87
26 86
82 18
5 25
27 97
28 95
27 86
39 38
10 4
64 80
29 96
81 18
77 53
92 26
6 68
17 13
55 60
43 69
8 64
93 82
2 84
8 80
96 11
86 19
6 47
68 93
13 95
84 37
6 87
93 55
20 57
22 4
32 15
48 12
47 49
16 6
94 95
13 56
89 84
59 98
29 69
19 39
99 91
69 82
56 68
36 12
7 4
42 75
95 68
44 47
32 37
10 54
77 8
11 43
59 67
85 89
54 45
96 36
89 14
3 89
92 1
19 58
33 87
23 92
67 57
99 59
65 27
77 65
77 14
84 29
19 41
10 71
6 71
46 76
81 92
28 23
38 45
1 1
85 70
9 28
13 16
99 26
42 92
36 85
18 30
28 24
62 81
57 64
31 53
41 96
80 8
84 72
66 65
60 22
74 95
72 18
15 29
92 37
91 41
78 54
73 62
5 63
24 32
86 26
6 35
46 72
10 41
82 65
0 74
62 45
66 6
58 1
76 80
41 18
50 48
99 25
46 38
90 67
53 17
87 4
53 60
70 79
60 41
84 86
24 87
82 36
36 1
36 39
68 91
49 60
49 56
9 84
7 97
27 49
6 11
56 16
37 52
78 68
87 58
18 73
8 74
12 96
79 35
46 27
31 63
34 85
97 60
81 78
79 45
14 34
71 71
82 96
54 7
7 81
69 26
49 57
74 41
80 86
29 19
88 97
66 21
74 11
34 35
74 38
94 67
97 37
87 87
16 19
0 39
13 22
1 35
9 5
32 28
34 92
34 78
56 94
73 7
92 70
25 24
64 49
84 15
22 18
28 60
48 87
65 67
59 70
30 94
21 16
48 18
35 40
77 40
33 60
98 39
58 71
32 5
55 48
64 39
26 16
43 89
75 92
80 28
39 82
65 78
88 79
69 15
59 26
20 6
12 16
77 57
82 66
60 66
70 49
69 51
66 60
10 90
88 12
9 89
57 74
52 84
95 26
90 46
35 3
3 23
6 70
91 16
28 83
83 54
67 49
26 29
71 3
36 40
47 18
70 48
51 48
86 12
49 30
46 57
25 87
63 37
44 22
75 40
27 4
30 68
62 7
55 39
34 80
16 9
81 96
35 70
68 64
51 37
74 0
66 74
81 56
3 10
80 83
83 96
74 16
8 21
82 73
15 33
36 29
82 13
50 85
27 78
28 43
1 38
67 53
19 51
24 21
17 22
92 53
38 39
19 31
85 79
31 96
46 86
93 4
52 12
48 28
90 83
32 10
97 73
0 55
54 37
25 91
20 13
8 57
20 5
74 23
31 42
40 54
12 65
9 87
57 7
10 72
30 40
84 50
70 28
87 8
27 79
2 15
64 62
33 38
33 10
2 66
34 28
16 88
12 26
42 87
65 13
17 16
45 24
23 18
9 37
50 12
0 41
26 85
40 26
30 83
74 70
59 34
11 7
14 20
33 8
8 34
22 48
7 28
57 36
95 24
33 90
96 13
22 81
9 40
75 24
80 25
29 37
41 17
14 9
33 72
94 18
59 24
76 67
33 57
15 60
58 3
29 33
74 98
77 69
45 48
22 92
34 15
20 84
83 16
81 93
56 86
45 42
8 2
63 39
63 33
5 12
68 14
28 73
27 35
72 50
91 26
46 88
34 4
78 45
6 1
88 36
3 85
92 58
84 90
99 77
0 34
0 94
63 29
12 82
52 94
77 43
66 97
99 6
35 66
96 84
24 3
42 30
76 38
91 62
17 86
95 72
67 64
71 76
65 14
6 57
90 64
79 10
72 80
28 42
35 52
84 19
4 75
88 82
69 24
56 27
29 6
35 59
31 28
11 47
15 11
54 68
32 83
28 49
28 68
12 48
72 83
16 63
32 81
9 85
22 41
14 65
28 52
52 95
85 45
58 11
1 43
71 74
29 70
48 93
27 34
54 76
32 84
23 77
5 40
3 1
51 83
2 58
49 28
87 63
92 96
7 41
99 66
63 88
11 28
41 35
19 15
94 48
13 36
99 71
94 57
24 89
66 8
78 69
16 77
12 62
32 94
82 32
27 13
86 1
10 2
22 91
11 22
77 73
14 40
92 55
84 3
99 73
20 32
93 46
67 48
80 66
77 21
1 29
4 2
36 5
81 50
81 45
21 5
68 26
89 75
8 78
86 37
55 95
55 14
98 93
29 0
98 43
49 32
90 44
92 81
24 42
35 57
54 2
92 93
17 59
64 85
27 14
40 14
53 42
48 19
18 56
92 99
64 6
9 29
73 40
44 29
70 53
97 4
83 4
22 47
15 70
99 50
85 36
11 38
82 3
4 46
6 42
40 6
47 5
10 56
34 24
25 96
46 8
91 1
70 36
16 2
38 52
21 36
37 83
23 4
18 63
16 17
43 28
73 47
41 80
6 32
58 17
85 95
25 31
70 57
1 66
53 90
66 12
24 55
28 7
18 94
87 20
78 21
34 32
45 63
67 86
31 88
93 30
91 7
42 2
34 79
26 41
10 7
50 93
83 2
19 82
98 65
81 34
66 52
58 13
46 34
61 81
26 43
15 99
73 54
35 76
33 49
90 24
46 74
80 70
11 90
39 84
28 28
48 88
86 23
98 72
19 88
82 42
20 96
5 9
41 60
86 17
95 15
19 66
4 87
47 80
79 41
48 94
20 2
50 96
94 26
77 99
8 89
2 97
13 97
95 47
71 20
53 54
94 93
36 90
50 13
73 96
95 42
8 98
81 26
12 46
29 26
33 95
60 95
78 67
22 6
5 56
74 92
31 66
13 58
97 36
36 75
93 60
29 62
39 9
90 60
63 20
64 78
79 93
16 87
31 35
98 11
81 3
13 48
31 82
37 37
4 85
39 19
65 61
16 10
57 75
33 50
10 50
80 26
32 39
92 94
29 79
88 51
24 72
13 76
6 62
93 57
49 61
97 14
0 8
40 98
8 59
96 14
16 31
80 7
0 95
98 96
73 98
70 50
30 13
66 54
57 53
85 98
14 63
80 90
97 67
50 54
0 97
93 72
33 6
39 24
49 64
73 83
61 70
23 68
44 27
43 21
73 60
49 53
29 42
66 10
58 56
21 88
96 2
19 84
36 98
4 97
85 34
71 51
92 6
76 98
26 22
6 45
25 60
69 42
26 83
72 22
91 42
3 4
54 97
14 6
78 95
47 33
10 46
89 5
46 37
89 3
11 75
14 10
32 99
57 15
92 75
9 46
24 31
73 77
23 20
64 10
72 59
37 39
10 23
83 60
27 22
8 46
22 17
71 44
24 78
38 13
45 60
61 2
86 78
33 94
20 50
42 20
68 84
76 73
31 57
77 39
31 22
26 97
67 50
2 25
6 96
56 34
80 80
47 96
31 48
93 35
26 76
77 76
93 2
6 27
3 78
28 46
39 58
13 60
67 61
54 89
44 56
18 34
44 66
21 69
41 30
87 55
31 93
18 66
43 8
18 97
19 5
79 5
88 66
16 29
91 56
21 4
55 47
69 35
23 17
83 21
43 58
44 12
89 20
56 98
61 83
92 8
83 45
73 97
2 91
36 20
13 7
47 89
79 90
60 13
55 32
63 63
15 79
39 4
0 91
25 65
33 20
11 54
17 23
36 64
43 67
38 1
29 71
6 91
30 53
42 52
96 94
94 68
47 27
50 28
97 87
35 89
18 27
52 36
73 72
98 41
62 52
38 12
51 99
65 96
96 15
20 36
44 89
73 12
38 15
60 56
43 80
48 77
20 27
37 62
99 12
54 74
35 0
62 3
36 92
27 58
64 75
30 79
28 96
61 1
64 67
59 44
6 43
78 33
7 59
96 10
93 64
52 54
95 18
29 56
47 14
64 38
83 98
6 60
62 43
50 87
90 73
11 49
15 86
33 22
24 10
23 25
19 32
75 31
34 58
77 92
5 70
6 58
66 3
87 74
60 9
53 32
77 11
62 46
24 94
49 39
69 1
58 0
25 88
87 40
94 10
34 62
81 31
98 20
67 74
27 62
11 5
92 0
81 20
12 83
13 8
11 76
44 94
9 75
43 0
9 8
87 80
18 59
83 99
8 93
72 74
84 77
52 62
66 45
61 75
58 36
41 37
2 61
47 15
55 45
83 93
22 95
30 82
57 44
52 68
40 77
28 2
21 82
47 22
67 60
79 86
20 55
32 20
52 50
25 11
46 35
7 23
70 90
59 13
82 45
31 4
2 29
22 55
85 68
21 79
39 55
44 75
12 88
33 71
93 31
47 39
72 20
32 55
3 11
98 85
94 85
38 64
60 48
71 8
10 86
12 15
18 24
90 61
86 93
47 26
22 39
71 61
61 5
16 22
75 27
32 13
1 16
44 30
20 30
42 13
61 63
5 99
14 95
76 72
80 35
41 93
86 88
21 41
83 53
63 76
35 72
45 59
24 82
47 68
14 89
49 46
76 76
76 5
53 84
79 99
69 21
40 55
2 34
21 75
78 80
18 85
54 53
50 59
19 79
17 67
76 44
52 35
7 26
35 68
40 13
25 74
50 68
88 38
90 31
15 39
67 31
49 19
37 3
19 99
82 14
59 32
46 97
29 39
18 99
35 9
0 2
34 77
0 86
9 13
95 28
18 88
48 95
77 0
3 18
68 63
11 94
17 5
57 52
34 53
4 67
63 73
4 0
75 1
85 66
88 81
22 8
93 3
84 52
37 59
0 3
41 2
38 91
59 29
93 16
36 18
89 67
59 20
57 14
94 92
52 53
40 90
90 32
31 77
82 88
67 52
28 75
19 86
56 49
42 97
71 94
50 55
12 63
99 17
22 60
49 27
3 40
58 93
44 50
94 69
49 59
90 78
13 57
52 87
53 25
9 15
77 83
71 62
52 83
69 95
34 31
88 13
26 79
77 17
60 8
96 93
64 35
68 24
39 57
88 16
5 82
21 43
76 99
48 59
68 57
93 99
34 67
22 7
55 74
26 35
36 21
68 90
35 30
71 57
22 82
24 18
78 87
0 54
72 84
52 77
65 41
36 46
39 90
89 96
20 70
43 32
75 80
20 56
91 61
52 14
56 77
12 10
86 92
50 32
25 17
58 51
2 39
80 16
2 28
62 66
76 64
1 26
16 76
76 34
78 11
87 83
26 30
58 55
40 97
95 5
73 20
2 55
96 24
23 6
67 83
55 63
42 50
58 75
17 96
6 18
15 61
8 0
47 82
4 78
14 78
4 68
24 63
87 69
77 75
63 45
47 70
91 92
48 26
42 38
84 49
37 13
3 14
92 11
78 36
13 59
47 93
33 12
78 83
93 94
85 92
61 52
28 85
71 88
43 57
56 42
97 0
63 83
52 73
4 51
3 72
42 35
51 77
24 0
57 13
8 7
71 89
33 25
30 77
46 62
5 16
44 28
42 79
80 67
64 94
38 69
55 27
22 61
46 7
87 11
87 13
10 64
20 83
41 21
49 66
51 90
71 82
6 80
4 17
95 10
33 40
6 65
56 47
93 12
6 29
89 97
5 6
26 68
32 93
32 68
99 53
33 47
93 0
50 47
86 95
44 38
89 11
16 80
54 63
14 49
49 82
50 98
84 42
85 91
95 35
81 72
40 39
9 73
0 11
27 21
75 26
38 88
95 79
67 98
73 66
30 26
85 44
95 59
80 43
19 33
56 78
89 7
93 66
14 87
51 73
17 64
81 58
16 72
40 83
69 90
54 39
50 70
65 94
86 70
12 53
82 55
86 13
99 39
50 7
81 77
97 50
88 67
81 83
18 37
12 34
85 77
18 51
91 51
89 31
85 38
41 55
76 60
59 63
41 81
76 9
44 0
47 40
14 29
14 41
90 36
97 69
94 43
31 64
62 94
25 35
69 8
81 69
88 50
22 11
92 41
3 39
65 92
35 44
9 26
91 38
73 87
2 7
23 94
30 51
9 61
38 32
81 85
68 0
18 87
39 88
92 77
74 53
7 45
81 36
44 52
13 52
23 24
6 0
83 15
96 71
67 22
25 34
42 64
40 12
13 81
43 75
31 56
54 10
85 7
79 65
82 38
62 17
12 51
16 1
79 42
71 23
77 51
75 34
87 22
36 4
19 63
4 35
36 23
54 33
98 61
36 80
27 31
51 60
52 32
56 74
74 48
73 2
43 10
57 35
86 0
41 9
43 62
66 9
20 18
65 10
85 53
80 61
93 81
96 19
19 95
17 50
26 64
98 74
97 10
66 25
44 46
71 56
33 16
34 94
25 28
93 52
7 24
25 58
45 36
60 30
70 46
54 80
79 88
93 27
92 5
92 22
69 25
31 87
51 40
56 63
1 49
78 16
32 57
89 59
8 36
90 52
76 27
55 28
55 72
1 95
22 71
77 55
98 23
20 52
21 63
92 57
58 98
88 10
82 72
88 77
3 49
95 25
91 55
75 60
83 24
2 6
86 46
99 82
26 80
14 92
48 35
48 44
90 72
11 20
80 62
94 91
2 51
8 88
36 41
9 11
12 24
58 2
8 97
55 38
59 2
34 25
59 72
72 32
0 24
52 21
61 79
68 62
67 19
48 73
48 80
70 99
62 99
20 73
45 81
10 44
88 30
51 52
33 35
42 82
34 46
54 66
84 18
33 13
8 79
41 33
57 19
43 39
0 63
41 1
25 77
62 98
78 71
60 67
51 31
32 69
79 75
87 41
40 46
92 2
48 22
81 87
23 72
78 2
80 72
89 93
32 46
96 58
4 84
80 68
34 89
79 91
31 7
21 49
95 36
74 32
90 54
54 49
54 55
95 3
29 49
35 13
65 42
7 88
81 54
22 98
56 29
75 78
73 22
44 60
95 64
43 86
73 24
62 50
10 1
20 74
92 7
54 19
27 51
23 90
85 33
32 9
22 94
35 38
61 93
85 27
88 60
62 41
56 54
61 59
0 89
73 37
91 87
16 12
71 31
4 57
77 96
92 50
92 59
14 85
88 49
78 77
37 82
8 9
8 22
43 90
30 73
59 53
5 67
79 48
50 43
36 26
33 9
21 38
33 74
65 25
58 83
73 69
54 51
67 24
57 67
84 92
61 69
59 68
89 85
98 17
47 36
79 68
9 42
2 35
9 99
37 99
14 61
36 8
1 75
67 66
38 34
97 30
57 37
5 89
57 70
93 43
80 13
61 88
8 26
86 63
81 17
26 11
42 37
38 71
99 70
78 9
32 86
61 35
92 85
72 77
48 47
59 75
7 47
61 84
84 94
96 40
97 1
57 60
90 4
55 91
66 89
43 84
30 46
81 15
40 80
86 34
78 6
33 92
32 79
10 59
59 54
45 74
4 45
7 60
34 43
40 60
81 43
52 9
27 99
34 59
63 96
68 81
51 11
5 10
74 60
58 40
91 33
64 66
66 44
13 89
20 3
74 71
63 91
42 22
84 88
75 81
68 52
48 9
15 55
73 1
81 49
21 97
86 30
14 75
5 45
50 64
99 7
36 82
70 80
1 3
24 37
11 68
96 43
55 24
60 77
30 24
61 20
58 47
93 98
67 62
22 65
96 69
18 57
41 84
17 40
50 51
46 98
35 65
31 30
83 40
19 96
57 50
35 27
17 75
91 99
33 64
24 71
18 28
59 5
14 39
80 51
61 45
30 4
58 50
4 90
10 65
96 92
23 12
13 94
43 19
79 1
98 99
58 42
47 31
63 3
19 91
75 84
56 88
90 9
11 53
20 94
51 72
22 75
64 23
95 81
56 51
79 85
26 50
47 75
27 39
52 46
47 10
66 56
75 8
58 33
91 60
31 98
14 38
16 74
81 82
45 16
1 18
23 50
85 49
0 16
72 67
84 35
42 3
78 81
94 61
95 34
42 83
5 66
38 79
88 95
24 95
42 55
78 26
75 10
7 61
16 4
65 70
2 32
31 59
3 87
49 51
37 77
40 42
71 19
38 27
71 64
72 93
77 91
39 74
27 81
58 84
56 39
84 28
61 23
83 46
49 1
95 98
25 66
80 65
10 47
44 32
81 46
19 36
87 27
23 65
62 22
55 52
5 4
68 34
63 87
94 28
35 62
14 15
46 64
52 40
21 25
96 89
3 93
9 86
94 30
32 74
13 28
64 68
96 25
30 49
42 25
92 90
50 92
25 9
30 33
56 33
70 26
12 22
83 95
52 4
44 48
84 73
79 83
64 48
30 18
67 12
84 24
81 35
22 66
36 36
35 22
3 42
95 69
26 13
5 87
60 92
89 49
67 70
80 27
48 24
86 52
99 72
60 10
36 31
45 88
71 90
9 22
68 32
21 33
15 36
21 95
7 17
91 19
24 24
50 83
31 31
86 55
36 48
22 67
2 57
56 21
86 2
93 6
75 17
61 82
13 62
37 11
17 26
40 51
17 60
95 19
61 76
50 49
90 56
51 61
26 63
53 81
25 8
91 66
5 97
95 73
2 2
53 91
25 92
29 75
13 31
68 36
22 13
29 21
60 60
45 22
43 83
15 16
61 55
34 95
73 58
61 42
52 1
54 81
32 23
85 25
41 59
74 59
57 72
57 10
46 17
20 51
43 73
31 19
15 78
51 79
84 95
29 84
4 3
70 16
34 30
61 30
74 97
38 41
61 22
85 9
9 18
19 6
97 35
29 24
27 89
53 47
9 27
72 70
97 39
20 40
32 8
68 78
73 65
83 65
39 44
11 66
23 86
81 65
48 40
17 43
51 78
94 0
27 33
34 52
85 14
30 96
7 95
75 99
62 57
27 25
11 59
88 17
65 73
86 14
40 9
63 66
92 91
81 9
43 18
3 88
30 58
18 25
35 93
88 29
99 78
19 22
99 97
63 67
67 37
69 37
82 61
63 95
11 19
1 5
91 12
45 56
52 37
72 1
34 44
4 1
0 47
55 11
5 24
13 37
74 36
40 24
74 65
57 71
89 56
47 60
26 49
2 11
14 24
51 19
81 44
95 11
72 13
23 7
10 40
23 34
34 99
99 33
15 97
60 39
84 21
47 51
49 14
49 78
39 80
5 8
27 96
83 61
73 3
71 24
24 6
38 87
14 66
32 29
5 44
27 41
32 26
34 51
10 98
0 59
49 86
19 98
56 73
61 99
53 86
14 37
37 49
8 75
6 46
31 76
17 83
60 6
60 96
87 52
26 36
10 42
80 60
44 95
88 86
61 4
47 42
65 97
72 40
45 84
13 0
64 65
49 11
37 26
94 20
77 37
53 78
10 11
38 94
37 67
76 79
55 15
69 68
94 42
35 64
78 79
36 71
16 25
95 63
89 51
62 84
47 91
89 61
40 0
64 76
47 99
44 35
34 90
78 31
71 93
97 7
48 30
61 6
21 29
57 85
69 78
58 27
78 28
94 1
63 48
51 22
42 77
27 94
65 75
48 70
5 42
63 98
59 23
50 57
71 15
97 23
49 37
48 16
67 18
90 47
43 44
49 97
86 42
94 2
52 52
79 67
54 35
64 54
9 64
62 80
61 31
20 7
33 29
22 37
89 92
91 85
63 40
45 69
8 99
37 92
64 50
22 49
35 55
49 62
10 92
99 84
85 52
82 27
0 40
58 72
73 46
3 7
71 12
84 96
12 80
29 65
21 61
19 8
65 52
26 47
82 23
0 99
40 71
98 2
67 43
81 99
6 49
26 8
68 47
93 97
55 84
97 38
76 20
99 54
82 29
95 27
8 43
8 32
16 52
84 22
75 86
78 27
93 80
24 44
51 71
42 9
10 21
14 58
55 42
41 90
19 67
69 48
76 53
39 51
32 65
93 28
30 29
65 62
69 63
46 59
73 39
85 76
83 6
21 30
35 26
38 89
91 22
23 83
86 77
62 56
78 92
95 51
87 77
48 61
67 81
78 4
83 14
81 14
45 9
78 99
10 89
54 22
46 10
84 16
84 55
54 23
38 9
15 54
90 79
93 37
48 84
50 75
38 10
20 21
83 84
76 21
18 3
96 88
67 15
31 55
76 8
78 59
4 64
99 58
48 31
36 7
37 25
87 95
37 16
95 9
42 14
57 86
6 53
95 8
7 34
50 88
41 38
11 8
67 41
12 38
29 41
15 25
33 53
7 7
66 38
38 78
89 29
16 26
60 34
48 29
36 32
76 33
45 38
78 89
39 49
20 10
87 35
15 8
20 82
90 74
46 58
1 32
27 56
62 90
47 62
2 74
91 30
15 81
59 97
62 59
12 13
98 60
43 15
25 71
98 1
30 87
67 55
86 58
75 48
72 42
66 57
8 17
99 0
96 72
10 32
1 6
8 65
53 7
36 28
36 72
53 93
1 83
28 56
12 75
11 26
47 95
13 41
48 21
51 49
65 59
12 89
33 81
77 3
58 21
80 94
71 67
53 0
22 46
82 70
79 43
9 76
62 88
58 16
87 39
20 9
16 93
34 20
62 97
28 66
28 90
23 35
35 79
49 16
14 25
49 9
95 2
19 25
75 51
82 82
1 85
13 91
55 51
4 36
91 17
70 93
42 6
32 96
79 92
53 70
74 64
29 29
60 90
33 93
17 25
23 31
92 68
9 12
83 91
68 49
2 68
51 26
20 44
26 66
80 31
90 42
65 29
41 68
37 23
40 75
38 44
78 0
72 73
3 56
63 31
46 49
32 66
69 16
64 16
2 12
15 98
92 29
80 89
55 86
72 21
6 40
17 35
41 39
69 66
74 56
88 19
32 61
98 27
79 56
42 51
63 55
26 81
2 93
21 39
58 62
69 54
53 85
30 47
87 79
39 87
26 7
68 13
70 13
96 83
90 82
60 26
19 61
64 82
74 66
88 64
36 88
43 53
83 41
24 59
11 40
80 6
19 19
63 24
33 4
1 97
20 26
8 60
4 62
87 76
98 55
83 0
9 53
4 50
69 69
37 55
0 62
9 43
59 31
96 81
88 6
88 87
91 69
86 27
76 18
93 11
12 60
77 82
38 42
52 23
76 39
84 84
74 46
1 13
15 12
24 25
15 24
69 80
82 26
28 10
99 51
64 84
13 75
52 7
60 55
33 11
44 77
92 66
50 37
86 69
71 91
7 89
79 3
85 61
5 64
2 78
64 18
60 99
89 19
25 27
12 91
98 95
32 19
31 14
3 9
84 61
16 47
37 58
29 57
50 74
86 22
15 48
73 82
93 7
77 36
70 35
62 28
2 22
98 32
86 20
92 42
86 6
45 28
97 6
9 21
48 27
1 90
44 23
59 33
35 49
99 11
66 79
64 17
82 1
63 62
0 0
33 52
64 60
83 97
28 19
43 35
5 98
92 89
94 40
76 75
30 11
58 52
7 0
55 31
27 37
16 64
41 44
7 90
39 98
74 34
38 2
27 16
72 25
95 99
83 79
40 81
26 21
7 87
41 97
4 39
87 84
92 71
55 5
9 33
23 62
28 80
78 56
99 20
16 86
35 35
46 2
11 62
71 9
87 38
91 90
21 44
3 63
1 54
34 66
38 67
70 40
39 35
10 39
10 48
90 5
31 21
78 91
64 27
79 64
2 64
15 77
82 22
93 36
32 70
97 99
24 54
29 1
32 16
46 90
51 25
48 62
54 59
23 52
50 8
79 28
57 26
57 18
39 67
57 29
53 73
65 63
62 93
34 27
93 49
5 73
33 84
69 60
30 91
18 76
24 34
17 69
20 77
41 47
19 54
95 80
74 62
22 36
80 10
18 92
88 75
5 7
95 30
60 16
2 65
77 20
6 25
35 14
0 25
82 71
92 43
81 63
14 0
34 18
20 80
65 20
60 88
31 94
20 33
36 14
45 70
92 79
25 90
30 12
87 90
64 34
64 40
5 47
28 3
97 80
79 34
77 7
85 54
63 17
83 12
41 36
15 96
17 38
69 75
89 52
15 14
85 73
53 89
68 68
49 10
99 87
92 33
70 0
86 56
16 96
76 85
74 7
88 55
26 33
54 57
96 23
70 19
51 32
69 97
25 44
67 95
4 54
15 85
59 3
75 96
71 34
83 47
24 88
78 62
3 86
63 44
31 0
8 38
97 62
5 76
90 33
95 85
64 95
59 57
71 79
29 22
46 84
48 60
73 44
57 63
61 80
66 72
23 88
5 20
47 77
44 16
2 67
61 49
37 86
35 71
77 52
61 13
3 2
14 31
30 93
65 45
63 82
92 45
45 14
22 78
50 76
94 37
21 34
5 60
43 61
3 51
99 94
59 71
45 62
91 29
66 96
2 70
15 82
67 8
66 55
96 37
35 20
4 60
46 54
45 67
55 41
61 39
54 79
53 52
19 0
23 22
48 5
70 24
71 96
58 38
94 34
68 37
15 5
55 68
4 12
3 30
87 73
33 83
60 81
60 64
33 17
77 26
76 26
78 30
94 79
1 92
5 15
6 92
11 65
74 13
36 63
1 8
89 43
70 76
89 9
0 12
72 35
74 39
46 42
61 98
49 45
59 8
96 35
72 89
94 50
22 57
88 24
59 6
4 76
81 23
27 6
68 45
86 60
58 85
13 20
38 51
2 71
49 88
15 53
90 62
30 61
68 54
18 5
97 85
4 74
85 84
27 15
51 70
37 46
60 37
7 84
20 58
16 99
32 48
88 63
57 81
53 94
45 71
89 37
98 83
87 53
13 49
48 91
25 2
78 23
13 42
32 91
10 85
33 88
15 20
4 56
60 83
10 51
31 37
46 3
66 39
89 99
75 0
51 84
1 60
26 87
33 98
4 81
50 35
57 95
30 19
57 31
26 39
14 22
27 54
5 92
6 5
45 77
7 75
48 14
23 95
38 8
54 78
18 11
53 4
28 4
87 7
28 55
72 97
54 84
62 55
8 16
0 49
70 68
73 49
29 83
24 36
41 32
18 6
25 70
10 94
26 32
26 40
78 43
29 35
89 53
3 65
73 84
40 99
90 6
4 70
36 57
65 55
99 85
10 62
43 12
25 68
14 72
67 14
95 94
9 35
53 96
90 90
95 67
57 59
98 58
72 78
65 95
45 6
75 13
15 34
63 99
71 55
38 14
85 26
73 45
68 4
2 83
33 42
33 2
56 76
55 36
1 74
44 91
77 84
17 57
1 0
75 68
83 32
61 3
81 30
8 51
96 29
16 3
19 4
56 45
70 20
16 78
14 69
78 25
22 51
3 20
53 67
35 32
24 47
19 80
58 65
76 50
76 92
28 57
94 3
17 45
3 77
63 64
67 46
37 81
18 65
26 2
12 44
19 83
39 75
91 24
87 92
11 36
7 91
21 13
56 10
56 93
32 34
50 80
8 6
15 4
50 61
72 60
1 94
73 74
63 85
48 65
82 10
75 43
10 33
2 98
79 53
56 40
85 72
67 47
50 73
43 37
56 6
58 23
22 73
87 15
99 9
25 23
12 71
9 50
50 95
82 50
17 94
66 18
59 18
67 40
72 31
53 18
59 39
22 19
43 30
21 22
46 41
44 17
93 29
45 45
17 2
46 79
69 49
97 42
57 5
86 40
66 36
91 78
88 58
69 59
13 51
98 81
3 99
82 86
86 45
17 11
68 8
31 49
75 62
29 95
8 29
67 34
7 25
82 2
70 52
28 88
87 5
47 48
30 90
71 6
56 19
28 15
47 72
45 17
23 40
53 31
61 19
84 66
93 65
89 17
53 53
57 24
0 80
67 23
60 57
75 59
17 78
6 38
68 53
85 74
66 23
21 23
58 79
61 38
26 46
65 0
22 26
96 96
18 50
65 77
27 69
86 7
22 40
16 58
49 67
32 11
20 8
44 59
80 20
62 18
35 24
21 11
27 12
79 18
95 76
69 32
25 26
48 86
70 14
67 5
63 79
12 69
4 66
65 34
83 88
17 0
68 9
38 5
40 34
30 72
88 99
79 51
18 7
29 77
16 81
29 34
85 30
0 71
71 60
21 65
79 47
60 40
27 30
97 63
38 90
61 46
76 12
85 46
92 67
79 98
36 59
36 13
89 68
63 35
8 33
66 7
17 90
88 61
5 91
66 2
91 80
75 37
20 68
56 1
0 50
27 90
5 2
47 78
39 26
34 48
26 94
68 19
24 53
54 4
54 31
68 66
99 14
35 91
88 91
32 62
6 74
37 31
3 60
24 13
1 45
32 54
58 80
7 70
62 14
36 9
2 17
52 89
96 39
31 68
75 97
55 80
64 5
64 36
55 23
79 84
79 69
84 10
48 38
86 39
85 86
84 8
46 51
60 52
31 24
53 14
29 40
58 70
29 53
57 92
36 56
72 5
84 81
14 94
56 18
89 33
28 11
31 75
82 40
95 13
23 46
90 98
99 41
29 99
0 83
91 27
4 4
81 88
2 87
86 57
26 82
39 0
73 56
41 99
30 92
54 77
90 13
79 14
16 21
71 53
30 55
95 96
81 33
64 92
9 47
66 59
60 21
41 22
78 88
26 27
51 43
28 45
98 35
90 20
10 83
74 86
49 70
78 3
52 48
79 37
2 49
10 22
86 82
48 8
70 27
56 70
32 24
89 88
18 47
14 71
97 3
53 9
23 16
31 38
23 5
79 32
70 21
33 79
8 77
88 89
99 80
11 70
86 41
40 72
56 66
66 5
37 28
29 36
76 7
40 43
22 93
66 43
2 73
42 66
4 83
95 14
87 75
57 22
95 48
74 37
31 41
71 28
62 54
5 46
37 7
13 5
57 23
34 37
74 42
23 43
50 81
12 49
29 17
26 34
30 59
25 25
62 42
31 62
40 57
65 89
35 15
92 52
43 56
5 35
18 43
38 25
51 97
92 83
48 33
17 7
37 20
5 84
52 2
91 58
72 7
86 81
15 35
71 36
65 22
77 24
66 99
2 96
84 43
88 20
13 82
14 54
74 77
63 30
51 57
98 4
97 32
36 78
50 84
70 4
62 31
66 88
17 79
98 40
71 48
45 12
82 99
16 0
58 15
1 77
23 58
71 32
57 46
66 77
50 56
50 40
28 76
79 24
62 76
6 44
6 24
13 73
26 12
72 51
59 17
22 28
44 51
11 69
48 43
74 47
90 49
14 16
90 57
56 24
22 85
93 51
3 6
75 88
93 93
95 52
34 36
51 16
98 59
58 49
56 67
27 74
2 99
12 14
70 43
41 7
84 82
21 80
60 54
4 72
50 71
43 94
82 48
97 13
33 41
96 6
47 54
88 1
73 80
92 78
73 68
58 29
20 46
45 41
25 32
60 87
97 82
56 41
3 36
81 22
43 78
26 24
79 77
62 53
46 75
59 7
35 6
42 47
76 65
90 95
31 92
69 38
56 0
7 20
79 87
67 85
13 15
82 89
8 81
36 61
44 82
49 74
51 29
3 15
59 69
34 6
83 34
46 66
25 83
56 83
42 91
43 91
37 66
83 29
34 98
96 3
12 97
6 33
23 54
96 47
96 57
40 33
92 86
2 40
25 36
81 64
86 64
27 44
55 43
59 45
58 86
82 87
95 83
26 14
99 10
11 45
47 4
44 39
3 25
89 79
63 86
75 72
52 8
11 73
96 20
54 98
80 40
45 7
73 43
48 52
85 6
33 56
76 58
20 62
36 50
84 91
21 7
20 25
2 54
94 62
20 79
88 42
33 30
43 50
67 1
78 32
47 30
60 65
21 90
64 3
17 30
23 28
32 7
97 76
13 24
44 86
56 65
63 49
83 44
26 5
20 60
69 71
12 23
97 83
89 41
10 76
41 40
28 12
79 73
15 40
98 30
10 58
35 56
89 80
44 99
33 31
24 62
87 60
60 29
87 10
84 71
91 40
96 91
30 25
58 63
27 76
51 38
94 71
46 28
23 69
61 33
97 72
17 93
70 89
19 45
37 78
51 98
23 45
49 31
95 44
57 54
54 94
1 87
1 23
72 46
81 7
84 47
70 2
94 36
11 32
88 44
84 26
41 63
0 20
41 65
39 60
65 93
24 16
35 1
39 29
64 9
7 33
78 70
56 17
98 8
50 39
16 84
9 88
96 87
65 85
55 37
0 4
45 54
85 69
98 67
42 4
64 44
15 19
80 63
13 4
50 42
3 58
39 81
21 35
45 5
50 46
36 68
6 28
56 35
62 19
52 96
21 1
71 5
87 81
96 98
91 35
14 5
64 41
18 84
47 13
69 50
69 19
34 0
25 1
9 31
32 75
2 82
72 11
8 42
37 69
65 91
37 41
6 21
86 47
82 28
89 71
81 0
36 77
39 96
91 63
95 23
28 62
61 60
16 55
30 69
21 10
29 38
93 42
12 92
41 83
21 17
49 89
77 79
52 44
40 29
63 92
27 45
71 37
62 60
5 37
63 94
4 89
46 70
93 24
34 87
16 42
37 6
73 10
40 56
88 39
4 40
24 49
41 62
85 67
20 38
49 43
93 33
27 1
68 82
34 73
82 5
75 46
1 71
29 43
81 41
47 98
24 98
27 60
85 87
93 69
25 48
97 5
52 42
23 26
98 70
71 18
47 92
42 70
69 79
50 27
40 23
89 72
77 89
5 19
15 72
87 70
19 60
1 52
62 47
75 42
17 51
57 97
23 19
13 79
46 91
77 33
43 98
11 84
23 59
19 29
25 30
33 39
42 7
97 11
31 84
85 85
42 12
2 8
6 13
39 54
32 47
68 31
38 36
95 78
62 67
52 26
29 20
36 86
78 78
73 61
11 88
67 28
30 71
42 56
87 67
56 91
80 76
8 4
63 93
40 45
7 72
31 39
26 19
75 74
68 38
20 99
41 85
39 13
93 38
34 45
99 8
62 37
0 1
29 85
12 28
19 73
10 34
96 51
61 74
54 71
76 28
88 27
51 17
90 15
56 4
26 3
17 44
73 26
76 61
53 49
79 30
45 83
33 78
71 47
45 11
55 81
83 28
81 39
29 18
12 47
81 29
76 14
14 90
45 13
7 73
51 92
32 45
25 95
54 70
15 63
89 25
81 98
90 58
51 24
54 82
97 28
45 29
40 49
23 41
35 80
90 0
85 13
58 10
99 57
7 65
87 51
64 8
6 6
41 13
75 87
64 47
5 52
11 79
57 42
75 4
77 23
0 58
48 23
43 60
80 50
92 69
47 29
65 64
7 66
20 92
34 81
82 81
60 7
10 5
66 19
10 17
41 57
97 41
37 64
53 8
70 74
1 9
28 71
57 33
50 21
74 80
34 7
17 61
62 64
54 54
7 69
13 98
40 59
67 9
32 25
4 47
75 9
77 95
6 97
63 1
10 60
0 46
45 0
77 64
69 73
99 44
39 85
99 63
14 53
11 82
37 12
45 8
58 31
97 46
53 72
69 18
49 65
1 50
40 40
32 2
74 96
91 23
5 22
48 69
22 0
60 70
43 2
38 4
96 31
4 59
48 55
74 82
90 39
71 65
81 28
84 30
51 15
8 37
40 68
25 45
11 83
71 38
92 92
75 57
50 45
37 95
88 93
38 82
71 1
39 76
76 84
47 35
9 71
77 18
29 80
58 19
32 51
15 80
48 98
51 91
20 35
54 69
31 52
17 84
12 99
19 92
40 18
22 54
88 72
95 77
18 89
45 30
70 84
27 80
16 15
96 90
60 78
29 14
38 18
83 55
94 99
95 46
14 86
56 52
74 6
78 98
88 5
82 64
76 11
21 19
19 65
46 18
9 62
79 63
17 92
80 57
63 57
69 5
4 48
15 83
90 8
52 33
83 56
61 90
84 11
78 90
55 1
42 34
47 67
26 37
55 2
97 9
91 50
68 72
3 46
87 21
30 5
59 46
25 82
71 39
13 84
22 80
65 80
67 91
40 92
92 20
85 22
16 75
90 1
68 28
72 39
98 63
94 12
91 54
8 23
49 12
16 98
92 76
36 60
3 97
0 22
9 55
43 52
26 72
53 37
69 7
70 87
22 14
95 21
44 24
13 55
43 25
94 4
63 21
4 88
48 53
96 12
96 34
41 27
9 49
54 60
43 4
48 54
91 67
99 68
67 77
82 6
95 53
77 22
9 82
31 61
32 73
54 13
29 13
63 9
53 61
70 44
29 47
79 16
46 9
27 24
27 68
25 42
65 57
30 21
18 45
62 63
19 34
66 0
76 91
68 40
51 62
53 26
13 9
5 58
94 87
11 56
80 52
12 54
12 86
53 15
94 51
70 81
46 48
93 41
7 16
40 94
47 53
72 56
51 45
53 10
63 54
94 81
56 82
66 41
64 37
68 69
11 50
9 25
5 28
78 97
93 77
92 10
9 51
25 46
47 63
70 51
44 34
95 45
8 41
30 99
18 31
44 78
50 36
38 35
63 68
0 36
85 31
50 91
63 51
27 98
90 12
94 45
84 2
97 34
41 67
19 64
53 58
45 26
22 27
2 53
53 55
78 46
1 28
27 70
13 50
20 47
13 18
35 25
52 55
81 94
5 48
43 51
92 88
21 31
23 1
68 15
90 69
68 25
86 68
60 51
38 24
44 93
54 1
84 65
65 99
76 42
63 36
77 9
49 26
37 90
68 21
79 13
43 48
89 65
51 39
3 59
62 83
18 62
16 43
35 87
42 19
64 83
34 75
23 81
64 22
13 78
88 21
50 86
37 61
93 70
38 29
12 20
2 41
68 11
65 32
45 47
32 89
69 14
78 48
61 86
31 51
48 13
60 33
3 95
36 89
42 90
72 99
56 60
14 45
25 38
58 61
9 39
17 52
82 30
27 32
23 84
15 42
17 81
46 78
60 79
21 27
0 64
49 2
66 58
68 73
85 41
75 93
1 22
24 58
44 7
25 54
20 97
20 31
68 1
63 11
50 15
0 53
95 39
82 24
45 31
74 85
20 63
56 56
74 49
95 4
58 69
74 17
75 2
54 8
99 35
14 59
87 26
14 27
93 89
28 58
98 6
19 20
29 72
40 64
74 28
0 17
61 54
39 65
22 34
72 90
58 77
59 35
68 41
66 15
77 10
44 61
82 90
91 44
89 95
6 76
13 34
44 87
91 74
85 65
8 39
98 66
52 78
31 46
58 81
51 23
35 34
70 94
78 74
83 43
18 16
83 62
81 21
49 95
56 71
55 18
70 1
88 22
52 19
81 71
65 15
47 81
88 85
51 67
80 11
47 71
14 42
13 92
27 19
10 52
60 23
47 19
6 39
55 21
7 78
19 7
14 47
75 21
92 44
15 84
67 67
45 61
86 32
64 43
49 94
13 68
20 22
0 87
46 5
5 94
97 44
13 65
9 81
64 87
98 79
65 79
44 67
22 77
76 32
2 56
33 43
3 83
61 61
90 59
59 62
13 30
2 13
11 12
48 46
93 45
46 24
10 84
26 74
22 35
75 11
51 66
23 36
25 41
59 42
55 88
33 75
92 17
16 92
87 30
2 81
89 16
70 77
95 31
25 12
46 13
51 68
9 66
77 5
40 91
44 54
33 46
80 45
88 28
70 31
43 95
82 91
14 93
55 69
19 70
23 39
99 60
40 2
32 35
24 74
14 8
94 58
50 3
14 79
95 75
72 91
81 68
97 27
69 52
86 89
49 8
83 36
94 38
24 17
94 75
4 92
7 96
93 84
74 76
99 79
30 44
94 22
92 12
34 42
5 53
31 99
47 87
7 29
85 83
54 20
52 67
66 31
34 38
97 15
25 40
60 49
21 60
10 49
4 65
17 1
65 6
91 89
77 6
32 12
85 28
96 8
19 2
71 42
16 65
99 1
67 13
14 14
39 50
99 83
61 87
54 14
45 4
12 50
43 29
44 90
27 50
6 98
45 80
20 1
62 20
67 96
39 71
67 30
46 99
31 95
7 58
60 32
47 37
58 48
98 53
76 57
46 69
37 76
77 49
92 54
3 5
31 44
8 66
72 53
18 15
49 69
77 67
65 56
89 78
12 81
44 15
91 98
46 25
23 55
64 99
29 28
64 24
3 55
46 55
93 8
69 46
31 1
51 8
10 27
11 80
79 27
59 15
37 32
49 99
26 51
71 92
68 17
72 0
93 92
47 17
74 10
7 63
0 13
74 94
89 70
22 84
97 64
84 59
20 28
29 52
32 32
31 11
11 13
42 54
9 93
53 20
36 30
63 78
3 69
74 20
82 9
13 12
72 71
10 79
7 44
76 52
75 65
59 27
72 9
50 65
86 31
16 28
67 58
62 68
12 67
40 52
25 43
88 41
93 53
83 77
96 59
19 49
98 37
13 38
77 56
90 65
28 47
97 95
43 17
97 22
36 38
76 49
1 86
37 73
16 38
38 92
81 60
6 90
75 75
66 83
28 16
72 14
63 80
59 88
27 91
28 6
41 8
26 61
42 61
89 50
71 13
55 35
89 44
23 57
66 82
47 65
10 66
68 46
64 97
30 89
86 59
69 6
79 66
19 38
83 33
88 43
76 51
30 76
55 13
95 58
20 23
35 7
42 16
28 72
91 71
72 48
16 20
6 88
52 88
35 5
78 65
37 53
5 88
23 78
43 65
74 14
83 23
47 56
38 28
34 88
85 60
83 8
16 27
42 59
28 18
39 8
58 43
96 46
3 76
80 69
85 37
72 95
59 36
8 31
72 96
46 44
94 8
83 81
29 16
88 26
2 31
60 12
77 41
11 30
29 59
51 65
52 85
14 44
90 35
62 48
35 82
30 20
62 2
14 48
24 56
79 15
62 24
17 55
49 92
62 15
93 44
72 10
13 46
80 2
7 77
26 55
98 54
42 40
35 28
22 97
15 21
80 12
71 75
12 36
16 32
58 9
92 30
9 9
85 93
91 91
8 53
97 49
7 40
22 23
67 27
2 14
94 23
43 70
99 30
54 44
42 73
79 21
2 20
14 88
24 67
34 96
41 45
7 36
62 21
27 77
57 84
13 71
97 33
33 66
44 37
74 4
83 94
72 61
67 89
24 39
24 14
82 77
28 53
24 60
64 88
85 29
78 19
33 14
1 61
44 8
43 92
49 7
85 15
53 21
39 95
6 23
66 47
64 4
56 7
86 10
93 90
85 3
65 54
45 58
85 24
63 46
46 81
30 9
11 37
38 3
32 41
14 11
70 63
86 36
91 95
5 68
0 27
9 94
38 16
20 29
39 20
42 23
33 0
29 54
36 53
94 70
11 87
13 88
22 83
70 97
60 82
44 53
89 60
56 25
53 11
45 49
87 18
39 69
87 3
28 33
28 17
21 3
20 59
52 5
30 42
4 93
89 94
15 38
21 52
25 55
26 15
22 25
74 43
17 58
42 24
14 56
53 28
54 15
9 20
91 0
42 99
71 97
87 57
23 66
3 31
21 66
69 70
81 48
27 53
4 29
97 21
35 83
22 1
23 51
76 82
69 31
3 26
74 52
64 98
54 87
30 34
64 51
51 64
82 97
7 67
12 55
64 52
56 80
52 41
64 74
22 52
43 43
90 16
57 25
38 75
14 7
43 14
98 0
69 11
22 16
85 2
34 21
22 21
1 57
24 51
59 85
12 61
45 18
6 22
22 62
93 1
84 44
41 72
44 31
75 30
28 70
16 83
50 72
74 79
51 6
69 33
22 72
37 14
25 62
61 72
28 30
52 86
3 64
40 21
17 85
57 89
87 36
51 1
24 41
6 86
41 46
92 62
48 74
44 13
5 0
52 97
76 93
88 34
69 12
82 41
35 96
99 36
92 32
49 63
55 9
0 7
90 11
38 70
99 31
11 95
79 17
86 35
45 97
67 93
91 86
25 50
51 41
34 39
54 24
27 72
82 92
41 25
96 42
33 21
50 20
25 59
40 44
51 4
53 30
93 54
84 54
32 49
87 86
16 37
87 16
51 47
56 2
47 11
8 52
26 17
75 32
35 99
28 41
30 31
38 22
99 13
81 4
60 38
28 97
85 11
24 7
87 99
84 6
72 81
38 83
3 57
96 75
3 73
21 58
10 88
44 72
95 6
72 24
25 10
83 78
97 20
10 10
14 98
48 57
96 73
86 98
61 92
44 69
0 18
64 13
69 65
83 38
57 21
84 60
43 27
75 55
27 28
22 22
71 7
5 30
99 15
79 54
10 91
35 81
35 67
68 23
60 93
67 75
86 51
95 92
27 5
25 13
53 2
4 41
35 16
82 95
62 62
91 36
98 82
39 72
2 27
67 33
9 7
64 96
88 45
7 93
72 26
94 56
45 57
18 52
47 76
38 58
88 80
63 4
4 14
32 44
51 20
17 63
48 39
71 45
94 63
71 25
75 95
99 3
86 21
35 97
28 0
16 18
5 71
79 80
67 35
10 6
56 72
20 90
2 79
17 48
19 27
63 0
31 86
83 51
3 90
15 64
14 12
23 71
4 13
41 16
74 35
68 55
44 88
41 64
76 16
80 30
60 72
80 99
32 3
65 76
37 48
17 37
45 73
36 58
95 65
56 58
93 25
84 41
3 80
16 70
9 91
64 57
39 83
9 2
89 91
23 73
79 89
47 79
77 15
24 66
63 71
38 61
70 11
92 24
0 45
82 47
55 98
59 19
44 40
69 41
75 22
67 87
28 78
10 67
55 66
11 63
49 33
76 94
7 37
50 2
7 22
37 47
81 24
46 83
10 55
67 99
55 46
23 97
21 2
55 83
13 14
97 86
57 4
86 33
23 93
58 60
63 14
94 72
83 67
17 73
33 59
15 95
79 33
44 64
15 52
85 82
53 13
42 41
91 46
8 58
33 80
58 96
13 77
54 64
66 66
8 61
42 58
87 45
30 38
42 67
21 26
39 52
66 1
60 42
0 30
77 31
17 21
59 10
24 64
57 6
8 27
7 54
57 61
75 98
27 63
90 29
16 14
49 90
35 2
97 56
0 52
92 60
34 86
16 23
15 13
41 41
19 18
47 83
60 68
3 84
72 38
0 57
40 19
92 35
87 62
3 75
38 0
71 77
1 59
63 72
84 58
7 19
3 33
33 24
86 43
5 65
2 46
75 16
35 78
22 29
19 71
7 86
65 37
72 62
64 73
98 62
95 61
5 69
80 93
82 37
72 29
62 0
67 65
16 68
89 54
55 6
54 92
98 50
98 12
47 59
28 91
32 53
95 12
57 58
83 39
53 50
28 67
99 37
43 81
25 49
37 89
7 99
43 1
23 32
91 77
61 36
13 93
68 44
98 47
83 73
9 68
71 80
45 64
20 95
25 52
53 97
78 53
39 27
56 38
43 45
44 14
27 52
45 25
7 57
62 96
62 82
97 52
7 76
46 92
95 56
28 87
43 55
28 64
35 92
80 81
55 40
15 58
50 22
52 75
43 42
69 64
97 55
62 91
78 51
88 15
93 79
15 9
84 89
85 17
74 91
65 74
98 91
0 88
40 35
91 76
9 4
69 40
6 20
54 58
43 74
5 17
11 18
17 18
76 2
37 68
84 17
66 13
65 69
83 87
54 83
3 54
33 86
41 82
15 92
56 95
98 87
49 54
57 16
79 55
8 91
90 27
97 97
26 0
19 78
26 42
21 99
23 42
72 68
69 89
72 54
0 90
72 66
57 3
84 79
34 40
11 55
89 32
36 16
45 93
0 35
22 10
30 63
42 78
17 72
32 17
86 50
5 34
8 83
54 43
46 43
85 1
17 8
75 85
39 56
10 45
46 56
50 53
43 22
99 90
45 95
25 89
98 9
59 47
62 89
59 16
75 69
74 30
94 83
47 73
88 4
43 36
56 53
73 81
38 33
78 7
46 60
41 54
3 22
51 14
42 45
49 52
83 18
44 10
64 42
68 61
51 58
60 18
81 57
54 25
98 88
20 41
85 64
26 52
90 30
63 22
89 64
12 66
10 82
31 85
81 75
94 54
77 42
62 51
63 18
61 26
93 23
21 78
95 74
0 15
93 19
34 74
79 19
99 61
34 1
41 24
74 84
47 0
49 55
31 10
96 52
15 93
42 17
19 74
76 30
5 5
19 75
19 62
28 9
73 95
22 96
73 25
78 13
67 32
90 86
18 95
39 91
73 42
36 19
62 10
38 7
66 71
29 15
91 5
88 3
16 45
8 85
55 65
88 94
43 66
94 17
89 10
94 65
84 5
71 29
43 40
77 78
22 43
17 34
26 90
95 33
49 77
49 73
58 58
54 29
19 16
25 80
11 42
41 79
6 77
87 50
44 79
87 59
76 0
52 18
1 82
98 51
62 78
74 51
86 25
77 88
58 94
84 56
37 84
73 52
47 88
78 37
90 26
19 46
34 13
74 74
11 81
79 49
52 10
58 89
13 99
49 17
55 96
45 43
88 35
15 23
93 5
95 16
1 68
66 93
1 33
45 15
91 83
90 51
42 74
17 49
39 37
84 80
51 18
54 88
67 78
75 70
46 80
89 22
95 82
15 49
81 80
58 20
90 18
67 45
83 37
10 3
86 94
63 65
32 0
64 70
98 21
65 9
52 92
47 38
20 66
88 96
89 26
68 80
74 22
73 48
53 92
72 36
65 26
39 70
75 77
94 9
48 79
74 21
15 22
15 3
51 36
98 64
59 49
73 94
61 47
65 51
78 93
45 27
65 24
49 20
44 49
17 10
62 8
36 49
12 9
21 89
59 86
51 2
45 87
36 51
64 32
11 89
87 49
50 89
6 17
86 24
40 48
30 1
56 85
42 88
72 85
98 75
13 66
74 29
53 22
0 61
67 10
47 1
19 40
7 56
70 39
45 50
8 70
17 42
16 59
79 40
0 60
12 95
29 55
35 31
17 46
73 14
42 71
45 55
75 38
55 53
29 66
49 84
59 96
14 32
38 38
56 5
99 56
52 81
71 72
28 38
69 61
49 15
25 14
36 52
90 19
32 18
76 40
77 98
2 92
15 50
31 26
90 23
9 96
13 47
24 84
76 24
63 27
6 59
64 29
83 59
20 76
66 34
3 41
53 82
99 24
98 77
47 21
92 9
23 64
35 39
52 56
68 95
89 47
46 73
44 1
6 3
26 92
47 97
37 88
76 19
32 6
5 11
21 70
54 75
74 9
39 39
34 19
57 57
69 29
23 10
63 16
41 74
15 27
20 81
1 2
21 64
71 50
26 62
59 43
73 92
32 87
97 18
34 34
65 11
8 73
41 87
62 13
98 97
69 81
66 4
38 21
18 49
28 37
13 21
53 45
2 33
