100 3
65 49
85 8
87 62
46 47
54 97
28 86
95 94
80 1
50 85
94 15
26 72
86 49
90 20
87 49
94 78
71 64
98 34
9 40
55 19
96 90
85 90
59 69
22 16
59 56
79 27
55 63
37 92
80 2
45 96
13 53
46 95
7 91
67 10
18 67
77 57
40 50
91 39
22 7
69 73
82 77
88 28
23 60
19 65
45 62
82 22
18 91
8 10
27 79
76 10
40 51
22 65
51 65
38 55
5 71
73 37
40 80
86 21
43 21
17 52
53 47
87 36
59 41
61 28
3 90
86 28
70 3
5 98
16 31
63 83
97 57
58 83
59 23
87 64
7 32
74 2
29 11
38 67
62 84
2 47
18 7
26 95
55 11
92 89
24 31
93 51
57 84
78 89
34 13
62 43
96 9
85 46
23 9
21 29
62 30
98 63
18 66
99 82
93 43
26 32
92 11
97 59
3 21
48 77
67 93
22 0
35 46
89 83
71 56
29 5
38 80
64 6
81 67
20 5
62 7
15 3
86 48
38 2
23 6
56 75
91 97
72 90
46 19
49 14
52 53
53 43
28 22
54 2
0 43
57 36
60 92
6 69
58 7
20 55
42 28
96 70
67 13
25 81
82 9
15 39
46 15
34 65
21 64
0 1
61 12
66 3
25 93
60 42
68 17
68 87
24 25
97 76
18 81
36 65
83 64
56 78
23 5
76 46
30 89
31 84
21 96
74 10
24 9
68 61
11 67
0 56
17 58
93 16
81 29
72 75
87 99
61 6
76 74
6 22
81 38
98 89
15 91
1 35
6 78
26 60
61 7
5 88
16 28
65 17
93 63
67 76
18 23
68 88
18 50
10 68
13 98
79 79
34 96
32 30
88 18
39 46
8 36
22 52
44 41
75 7
37 2
95 36
60 99
48 95
89 71
23 51
51 47
38 28
97 20
81 49
65 55
98 36
68 1
37 33
19 10
68 97
83 69
59 75
62 55
0 34
59 54
24 83
6 34
21 23
32 42
58 6
20 27
22 23
90 23
55 55
90 9
69 6
3 62
37 93
1 44
12 60
12 28
71 49
66 78
82 91
67 87
3 54
72 91
87 65
3 2
81 59
22 56
11 5
44 40
32 72
38 94
74 95
17 49
16 73
77 32
67 54
63 5
49 36
20 29
47 55
26 92
16 65
83 26
45 51
79 60
25 55
77 65
41 21
8 75
21 20
57 66
97 41
20 32
59 11
94 80
2 81
57 21
95 65
35 45
96 59
39 84
43 62
77 0
96 1
65 5
52 60
11 24
23 15
70 36
17 88
52 74
92 70
0 75
6 8
13 30
94 82
61 86
24 56
49 44
58 19
21 5
55 29
98 90
74 40
4 62
35 73
91 23
5 25
39 45
85 80
46 78
35 92
26 78
19 81
42 71
83 40
78 36
8 76
27 11
0 9
33 73
76 65
96 6
83 72
49 64
86 7
61 47
55 50
87 97
1 15
86 78
96 39
54 5
9 87
29 25
63 4
11 83
73 97
54 75
3 89
12 0
99 86
44 27
35 36
92 73
84 99
33 66
97 16
35 26
65 98
50 92
67 16
54 34
85 52
75 84
78 84
92 64
18 43
33 80
22 79
86 47
15 47
73 94
41 24
58 56
49 88
91 19
65 8
2 14
75 94
79 68
62 82
15 81
11 38
15 48
32 36
48 58
30 13
17 35
26 45
45 41
37 61
32 73
33 46
3 91
9 89
92 99
73 78
39 40
78 92
29 95
36 78
41 53
82 38
15 75
32 98
56 48
63 15
51 20
11 21
63 46
14 83
46 97
39 26
25 62
21 66
21 7
79 16
3 55
15 28
92 19
77 45
66 58
3 31
45 36
90 25
25 1
43 31
13 35
61 94
14 65
98 47
84 80
93 9
77 69
29 77
87 8
31 14
1 2
57 41
64 98
21 40
5 34
94 44
37 14
12 5
88 89
31 46
31 60
56 55
17 74
54 52
99 11
0 72
33 59
4 3
9 38
52 41
66 60
67 71
90 22
23 38
21 82
99 45
67 52
35 44
13 34
59 42
53 69
27 57
39 11
31 32
11 32
78 15
78 4
63 47
69 39
99 98
37 23
82 66
40 1
15 23
19 25
49 26
5 91
70 9
51 35
52 78
65 87
6 21
4 91
87 57
62 72
7 81
40 54
10 28
21 49
47 82
63 58
76 44
52 40
35 21
91 50
45 68
84 13
60 31
70 13
95 69
68 29
22 77
69 80
34 78
6 7
63 39
42 76
85 28
64 86
1 73
60 20
25 0
17 12
14 20
21 78
89 94
18 13
96 99
92 32
99 18
9 2
86 56
44 79
64 14
41 28
40 60
59 66
63 33
90 24
42 32
65 43
40 92
72 72
59 27
50 70
65 46
28 36
47 81
41 25
49 71
26 53
64 11
61 41
0 65
20 48
47 22
83 25
47 28
73 46
91 65
66 66
69 13
54 83
5 30
21 15
27 61
27 95
57 83
27 3
69 37
74 69
36 34
88 61
11 57
55 95
88 86
60 63
49 3
51 99
63 18
83 38
17 22
35 32
65 81
26 88
3 23
88 69
61 39
91 76
25 4
40 16
0 19
14 59
66 69
43 60
68 98
18 58
86 32
38 71
74 55
50 58
84 40
0 4
30 12
37 89
44 64
62 61
75 58
72 34
57 78
28 69
55 88
36 88
15 5
99 22
88 68
83 75
6 45
60 45
67 2
51 43
36 28
35 96
67 9
10 44
73 55
94 90
85 73
62 24
97 74
98 18
70 65
15 88
49 32
58 72
29 37
98 42
43 95
36 97
0 26
73 20
61 11
82 39
97 38
23 49
54 57
7 74
73 68
55 43
68 85
31 99
15 95
93 12
83 71
83 24
4 25
40 61
51 51
50 55
48 5
6 52
77 77
65 68
52 16
95 56
2 37
20 85
63 30
77 97
36 7
64 84
38 75
48 45
22 73
47 94
11 95
57 10
9 8
31 33
76 57
36 14
6 29
65 95
66 8
58 74
96 33
14 77
40 96
51 0
67 1
93 28
35 95
36 86
59 68
79 90
91 75
71 4
60 51
86 94
72 58
94 26
6 75
20 40
66 67
62 27
97 52
96 17
55 47
57 90
28 71
50 71
61 61
29 61
75 92
41 76
23 46
94 29
56 25
40 35
52 34
26 82
95 51
32 35
57 91
50 95
47 39
65 4
92 39
29 23
79 80
35 81
36 0
87 55
78 27
96 8
58 5
90 44
43 86
30 31
15 34
27 43
85 50
8 74
35 53
16 97
51 70
99 36
71 92
25 22
6 53
7 52
27 74
38 37
64 91
34 77
94 50
77 38
29 83
69 23
11 64
88 37
77 11
34 52
21 44
97 7
57 56
59 78
56 42
87 96
32 88
90 32
15 7
9 11
17 39
99 84
63 17
82 17
57 69
16 95
10 64
65 75
7 38
28 38
95 59
28 67
72 25
40 75
13 88
40 27
28 21
1 17
95 95
74 4
89 70
51 59
23 55
43 73
18 77
26 2
62 38
65 79
7 89
0 86
21 32
75 39
29 9
31 63
93 97
73 12
34 58
64 55
75 91
97 97
69 84
72 32
27 60
65 70
9 51
49 93
38 18
87 68
98 1
41 16
14 99
53 25
12 90
2 48
79 85
86 41
96 31
80 58
40 25
64 18
7 30
56 49
99 77
4 32
43 29
9 14
88 27
57 71
13 46
46 73
77 81
33 45
70 42
99 74
8 13
12 12
62 16
77 78
76 60
91 43
91 26
51 13
16 56
30 78
34 60
94 55
63 73
84 35
66 71
78 73
87 59
59 30
70 19
45 7
30 62
12 17
82 26
89 50
17 67
70 61
43 50
75 78
48 57
57 77
6 18
92 42
38 38
37 56
48 17
22 18
35 16
70 70
22 93
30 14
5 68
86 64
85 37
26 68
88 19
95 10
71 45
37 82
25 12
67 26
94 63
60 62
52 73
57 81
1 97
60 85
87 9
22 74
16 86
15 82
19 76
19 3
99 38
27 94
3 6
56 67
21 6
12 13
68 71
42 4
37 81
20 74
12 55
77 29
76 92
22 55
45 94
26 10
33 13
17 13
4 80
1 19
35 71
33 78
22 62
37 6
71 73
31 72
5 72
14 25
38 11
66 85
24 79
95 21
71 10
62 60
17 94
1 46
49 61
58 0
98 82
92 33
85 31
21 77
75 60
16 29
47 68
27 24
58 89
48 1
42 65
90 5
69 0
88 63
9 55
64 49
64 47
96 96
35 99
27 8
7 9
95 30
74 22
68 66
2 6
66 75
0 17
8 51
90 73
9 83
75 49
38 69
77 19
78 61
60 68
37 75
88 44
55 81
47 74
61 32
81 19
31 12
6 49
57 25
36 24
40 48
86 79
54 6
21 83
35 54
42 91
32 37
19 70
10 57
8 91
53 7
83 53
55 70
87 13
68 96
76 37
45 12
31 87
67 50
9 49
34 1
95 46
73 47
54 22
64 12
92 28
50 52
76 22
25 48
63 57
53 35
56 91
73 93
71 24
16 90
51 56
85 48
75 16
93 75
30 77
55 85
57 23
98 83
60 69
70 20
94 77
39 28
67 46
34 7
96 24
20 93
77 90
93 0
10 15
16 89
58 70
24 41
74 33
92 1
38 8
47 61
83 84
92 5
60 83
4 89
83 70
61 87
7 29
22 53
95 66
3 4
81 63
22 76
36 80
60 73
31 76
82 25
54 60
78 46
13 56
41 48
92 15
48 11
20 97
37 88
64 54
34 30
83 50
73 60
30 93
29 3
71 91
36 25
93 77
98 35
62 20
39 43
75 45
25 57
53 59
16 42
56 6
13 68
13 2
23 90
68 28
49 63
53 30
9 91
19 26
84 19
46 63
53 95
3 25
16 27
79 63
84 95
86 68
25 76
77 88
32 61
89 18
44 61
14 79
6 59
76 95
54 77
90 55
63 23
15 33
46 34
52 61
73 43
73 90
83 56
96 61
26 44
44 85
52 69
65 96
0 48
50 84
88 90
69 43
19 94
3 14
42 89
97 89
90 1
78 77
45 70
64 62
8 95
49 75
41 63
10 85
14 69
89 54
23 33
77 63
43 58
46 24
22 91
23 79
93 41
46 81
85 70
80 39
29 68
40 44
45 75
77 70
70 93
67 17
48 69
26 66
24 5
8 3
96 69
10 43
76 84
3 16
14 16
53 42
82 88
83 30
71 72
30 27
3 63
56 77
5 57
50 13
92 86
20 18
25 16
38 62
58 61
99 76
10 75
30 98
15 1
20 21
40 73
54 36
85 41
89 38
57 44
89 61
50 17
15 96
47 71
99 80
41 73
65 69
3 70
89 19
6 99
31 47
5 48
81 80
84 94
35 25
28 0
96 3
24 24
52 17
46 56
64 74
14 74
97 14
76 39
79 67
89 20
3 39
7 17
90 42
88 43
2 33
75 89
0 98
49 23
94 85
13 73
88 76
64 69
37 5
65 65
46 13
14 89
24 74
61 24
69 25
56 72
86 81
99 17
72 93
39 86
99 34
77 21
33 84
47 99
90 21
45 72
17 57
40 70
1 55
16 70
23 74
26 49
34 21
32 28
70 56
88 60
81 51
16 85
92 98
49 97
42 11
17 44
40 5
36 93
56 38
74 76
84 31
20 54
39 15
26 54
51 45
49 52
32 99
96 36
15 83
93 39
31 30
58 91
15 52
81 70
75 17
50 61
60 40
11 94
4 93
69 34
63 54
98 77
49 72
8 2
17 86
46 85
99 16
13 21
58 66
87 42
99 30
23 54
86 24
23 22
37 54
61 52
21 60
47 34
49 8
0 50
91 20
72 62
4 12
43 64
63 48
35 52
53 91
54 1
43 26
89 62
49 49
82 49
59 14
42 44
29 76
33 24
8 16
87 72
91 46
16 98
36 22
7 4
73 69
75 25
71 9
90 2
63 44
65 91
11 76
50 88
30 3
46 53
89 16
27 34
50 0
29 69
19 11
99 26
36 33
63 11
31 94
52 54
4 60
80 49
66 87
89 48
45 69
36 21
84 3
44 38
53 20
96 54
26 67
37 35
4 15
3 35
8 32
18 84
0 82
45 84
38 68
44 29
37 37
67 96
13 4
59 9
57 17
69 10
78 82
12 71
78 17
31 41
19 24
53 87
19 72
75 9
83 67
88 36
85 35
31 89
70 63
33 2
44 23
10 36
37 52
16 68
22 60
76 29
50 23
65 66
97 30
82 19
69 40
90 53
92 36
57 76
33 15
12 64
99 48
94 16
58 67
9 74
22 38
67 55
83 92
67 97
61 10
13 61
70 2
45 31
81 6
99 97
80 28
71 62
70 94
48 28
7 8
87 82
85 0
48 63
0 62
44 45
90 98
44 11
80 60
71 96
94 61
96 86
13 41
18 11
77 8
18 47
53 71
1 40
38 99
85 45
81 91
21 10
69 58
36 82
12 74
0 69
29 53
18 88
85 2
22 41
57 87
6 36
45 53
37 44
36 40
43 82
23 56
42 57
50 11
43 49
88 99
87 83
23 53
21 48
61 34
19 93
7 25
79 52
84 90
44 25
57 39
72 50
28 79
17 56
30 46
22 17
81 13
51 16
69 48
66 20
8 90
19 68
84 62
28 97
95 35
96 19
27 36
4 9
99 37
68 0
69 69
25 64
97 86
36 83
91 62
26 76
59 86
82 78
89 49
2 78
70 90
28 82
57 19
70 25
76 98
70 33
54 90
16 69
80 14
10 86
96 27
82 15
17 90
53 89
95 7
66 34
6 31
70 72
39 57
10 90
28 43
79 84
4 99
30 55
44 71
13 36
85 68
0 73
24 46
79 50
44 19
25 50
44 73
20 22
14 23
26 11
23 67
48 25
44 54
3 24
18 86
88 80
50 57
18 71
47 45
8 72
45 11
80 3
6 48
36 45
16 93
2 96
58 8
86 45
48 97
7 40
67 66
23 57
45 54
61 59
65 37
35 60
74 67
67 88
54 99
39 92
75 59
79 22
55 40
3 84
70 71
81 57
44 47
42 88
35 1
45 37
49 1
56 27
77 5
75 44
65 19
84 7
46 36
17 1
96 66
28 96
52 72
77 49
62 41
92 40
93 61
33 11
91 35
58 20
30 21
26 28
38 4
24 43
43 67
4 63
60 82
38 98
60 47
48 79
48 4
72 5
59 1
73 50
41 4
40 67
38 77
24 35
12 79
72 77
5 17
76 66
64 93
72 33
31 11
39 29
19 82
8 42
83 78
62 86
65 88
90 64
36 37
97 83
70 69
85 22
75 11
52 33
78 16
13 51
17 7
25 72
14 70
40 11
41 8
84 76
73 59
44 67
7 84
13 17
44 30
25 23
51 63
27 45
49 13
99 47
91 17
34 38
45 13
53 56
81 5
85 75
30 28
56 1
97 81
53 88
70 92
57 0
94 81
89 3
32 50
7 98
0 70
83 73
43 15
70 68
37 76
78 43
54 78
31 28
80 46
30 17
2 75
74 78
13 85
88 77
55 22
55 30
11 81
42 59
65 9
31 77
44 34
35 86
29 31
94 43
89 56
23 2
5 62
94 70
70 16
21 74
54 38
14 19
64 53
16 58
93 48
19 92
72 71
74 89
11 45
90 75
28 57
81 18
70 30
56 54
2 83
10 5
80 5
11 8
61 82
9 5
4 69
34 97
52 9
32 63
92 27
36 60
44 77
17 97
96 46
55 46
60 58
7 53
20 12
14 28
66 36
74 84
79 4
89 24
46 28
16 8
86 67
97 48
58 81
39 12
10 8
8 23
23 64
78 11
19 71
88 98
41 20
53 26
8 41
1 22
67 64
28 47
44 15
39 35
32 34
81 77
79 34
99 44
47 47
92 29
1 29
35 70
67 62
55 28
47 36
48 80
72 92
62 12
98 32
22 36
67 32
80 98
60 5
36 6
25 99
26 16
36 85
61 19
0 67
71 33
64 5
45 32
67 65
6 30
5 81
10 14
37 66
16 75
25 75
90 7
14 4
1 65
70 54
78 54
88 5
37 99
43 44
33 99
99 2
15 58
5 43
92 52
27 83
2 70
46 67
21 42
73 22
10 32
9 72
8 58
88 88
77 89
91 22
0 15
83 16
56 98
20 41
47 85
3 27
60 7
60 76
88 41
5 93
43 12
44 6
16 7
50 94
67 73
42 64
70 24
1 88
27 76
47 87
91 63
93 86
10 55
32 15
50 78
20 6
88 3
25 79
48 62
19 2
70 85
48 29
32 69
70 7
59 55
47 56
86 40
69 59
27 80
3 75
80 24
31 43
52 76
53 81
83 85
33 23
67 3
10 19
96 48
58 69
76 38
88 31
78 39
69 9
84 39
78 8
9 67
12 88
36 19
6 92
11 23
39 69
92 23
32 51
32 95
75 26
35 43
69 86
71 54
71 66
71 3
65 67
94 9
81 31
22 39
50 77
69 18
26 75
26 77
53 19
41 40
52 13
25 91
82 71
34 24
54 10
56 23
92 96
9 66
97 80
44 98
59 93
34 75
27 52
5 6
24 0
98 91
20 38
80 57
13 71
85 26
42 83
40 99
55 20
37 12
63 3
67 67
23 72
60 41
76 91
29 22
66 93
79 37
85 94
8 7
12 3
0 12
52 51
77 28
83 59
91 3
47 72
50 26
66 68
86 13
77 16
41 68
70 77
37 69
60 2
31 20
74 18
44 91
7 57
11 87
43 71
39 73
94 12
18 24
37 62
57 30
13 70
99 21
89 88
15 32
5 13
45 21
38 35
43 99
17 11
69 90
26 35
87 33
5 64
33 1
21 71
61 56
5 78
72 28
21 52
74 12
10 2
70 8
27 46
43 83
48 15
66 38
55 58
43 34
12 78
54 0
42 22
99 67
57 45
49 29
87 61
20 34
4 54
44 65
89 77
96 74
16 74
88 9
80 87
74 14
0 80
10 1
78 42
75 72
40 41
63 76
15 65
16 1
26 83
44 58
37 55
77 91
76 4
17 55
40 17
60 52
96 51
17 92
3 78
99 63
90 81
58 58
51 14
77 98
62 8
41 18
89 14
21 94
83 7
94 19
20 62
31 7
35 85
48 3
71 98
48 40
62 68
5 50
76 76
79 75
91 93
15 60
21 58
49 66
52 80
49 11
55 54
36 2
53 72
43 32
89 63
63 67
24 54
24 14
41 39
65 27
13 47
33 10
15 70
36 98
15 12
95 20
22 89
71 59
42 18
69 14
18 44
11 28
0 38
4 96
32 27
49 98
12 65
45 34
21 99
83 94
34 83
18 80
1 95
65 72
73 86
60 35
46 55
3 77
24 61
26 37
52 89
9 60
14 29
31 36
53 31
42 8
68 72
80 73
92 56
42 68
45 14
11 33
92 21
65 74
32 39
86 58
85 15
19 0
67 29
33 37
43 36
37 36
66 22
85 99
23 48
68 21
26 24
99 54
79 58
68 62
78 69
39 72
84 56
60 9
59 10
9 25
4 92
1 90
30 90
49 2
30 91
32 79
74 97
68 19
17 96
0 47
17 51
62 25
53 63
50 83
23 76
57 93
90 83
97 49
64 37
23 81
35 84
30 87
31 29
42 1
99 6
85 12
63 29
56 9
54 73
95 24
11 41
60 78
97 98
49 53
38 97
36 43
1 69
60 44
49 41
11 16
17 70
72 42
38 15
75 86
73 21
65 93
51 31
44 5
41 56
0 81
94 99
56 34
79 94
2 74
64 88
29 98
97 31
50 66
39 99
41 15
99 57
81 50
85 23
61 29
28 74
76 19
19 53
67 24
12 81
55 52
54 66
1 85
25 52
23 12
18 36
66 6
82 45
27 12
88 34
84 42
6 97
75 43
4 46
75 24
52 15
27 84
19 98
59 0
82 48
71 0
73 67
35 6
21 90
14 66
86 87
99 94
86 22
17 15
0 39
61 4
95 83
8 52
87 80
38 14
4 94
43 90
37 63
55 41
21 16
53 54
18 2
61 65
61 90
46 25
1 58
22 72
36 35
19 60
82 35
74 71
10 38
65 32
41 17
16 36
82 61
65 90
98 78
46 43
82 13
93 53
78 81
28 53
91 21
13 10
90 90
16 71
51 94
81 1
43 52
51 84
65 23
0 16
1 25
16 57
97 25
70 5
44 50
58 40
31 73
40 97
15 61
7 63
90 78
77 54
6 5
72 14
88 20
12 53
72 6
41 54
49 69
85 54
56 94
92 79
67 28
38 58
95 42
37 9
40 94
21 62
40 79
37 0
58 27
67 56
69 88
63 10
29 52
47 59
96 89
44 1
24 67
12 94
58 46
88 13
1 43
63 19
18 96
81 61
87 91
91 10
30 15
89 9
71 34
79 1
67 59
19 16
20 52
47 30
25 82
14 13
96 58
35 41
30 68
70 34
71 65
54 79
70 32
94 95
20 80
87 73
1 5
44 22
55 65
1 83
93 47
70 89
92 8
34 23
20 77
98 37
32 48
16 64
52 39
4 53
98 23
92 81
55 39
93 44
44 83
18 75
41 5
17 26
7 72
31 48
80 12
39 68
30 24
97 39
67 4
53 77
15 45
44 90
98 64
41 57
95 39
10 6
10 74
17 89
95 11
38 83
16 30
95 16
62 33
93 64
25 2
27 59
0 3
89 84
98 52
87 19
64 28
26 87
36 73
79 0
50 47
78 31
29 56
61 75
16 45
65 89
54 51
15 76
16 82
57 53
19 35
95 70
71 40
52 67
93 60
19 15
18 73
19 78
23 8
55 44
97 66
2 25
83 28
35 55
52 95
37 22
18 35
12 41
30 97
56 99
74 91
14 56
90 74
26 81
2 58
22 59
76 17
2 71
99 55
75 12
19 21
57 72
50 20
14 72
44 96
54 61
67 89
2 7
75 69
14 32
18 14
95 77
27 26
93 10
65 51
96 56
47 24
65 76
61 23
55 67
95 62
63 8
83 62
27 85
40 91
77 51
35 77
80 20
92 72
18 26
97 53
80 36
67 91
91 74
17 62
80 64
96 88
9 59
35 65
55 25
2 55
86 99
7 27
86 93
30 57
60 59
9 27
74 30
53 38
58 28
79 89
13 84
92 82
96 91
9 53
52 56
20 37
10 83
4 11
54 63
19 85
16 99
2 31
41 29
3 5
52 31
99 15
45 98
23 93
55 66
67 68
10 67
39 1
51 37
21 14
82 5
94 5
82 11
52 48
75 68
4 52
26 63
52 24
40 76
14 63
26 15
35 51
29 79
94 56
42 50
40 78
42 48
75 14
58 45
78 3
98 26
4 24
91 58
92 22
17 81
43 3
5 59
56 93
14 36
41 74
15 8
45 39
59 36
45 30
1 89
49 95
50 34
15 22
48 32
68 93
30 48
55 17
48 6
71 18
34 62
64 92
51 46
39 6
23 86
44 4
56 69
25 14
45 49
81 34
69 75
21 47
67 33
75 27
8 26
73 2
5 19
42 95
20 72
84 75
4 42
80 48
20 63
8 33
85 16
20 89
27 41
6 35
77 30
68 99
76 75
88 95
46 44
84 86
85 66
12 10
28 62
41 23
44 87
44 2
22 85
84 74
78 52
7 75
76 3
81 81
22 15
45 28
90 76
83 19
21 79
0 83
77 23
60 13
13 64
24 27
65 82
31 85
73 58
73 15
74 15
43 48
94 28
43 0
98 22
5 7
77 20
82 36
98 97
51 7
64 16
25 8
40 64
58 18
20 30
36 5
8 70
62 73
17 59
10 60
75 21
78 20
1 14
16 25
98 8
7 60
68 7
72 61
30 33
26 8
14 0
30 34
34 48
6 85
65 33
86 75
88 71
63 97
85 33
15 86
0 84
67 82
73 5
6 95
63 74
95 78
56 61
41 31
90 62
73 95
59 32
76 67
50 74
32 92
91 89
87 38
11 1
1 71
75 35
8 30
17 30
22 97
85 96
26 94
76 45
61 21
57 54
40 32
3 85
90 96
6 72
53 0
99 96
58 15
37 79
33 42
63 62
48 54
35 94
32 18
46 50
31 91
23 92
55 87
66 46
15 21
34 25
44 24
79 98
51 86
47 89
83 97
86 10
96 53
19 23
32 10
79 42
42 10
66 28
11 74
95 84
15 98
90 41
21 81
61 77
3 34
50 63
39 8
64 82
88 59
75 98
2 17
93 95
16 60
53 75
75 57
26 31
49 22
41 95
35 90
93 73
35 9
64 99
73 23
80 76
73 79
64 17
3 74
24 23
29 93
92 92
3 88
17 50
62 75
51 53
22 14
2 54
54 91
73 1
23 4
84 69
76 62
16 84
10 88
0 22
1 20
17 68
62 42
86 88
38 53
7 16
9 30
63 22
50 37
67 38
22 3
74 79
98 17
58 62
40 74
94 25
3 44
53 70
79 69
63 75
57 82
20 78
71 29
28 88
81 44
18 64
41 60
9 12
39 79
17 54
89 86
17 16
75 47
63 34
69 41
75 82
36 16
88 0
78 1
79 66
79 5
82 30
2 77
85 42
55 74
16 80
85 97
53 4
7 69
50 90
7 47
6 46
71 41
6 3
32 47
52 45
56 89
48 75
6 87
8 98
54 62
46 90
33 69
51 78
60 39
46 75
22 6
20 95
51 2
33 31
29 41
49 19
96 0
14 82
19 64
30 51
58 51
28 25
4 55
3 71
69 91
56 21
32 11
35 62
43 14
24 93
71 97
38 72
74 66
22 27
12 33
73 74
58 59
94 22
42 92
17 24
41 47
27 64
57 2
0 25
98 74
75 48
55 36
84 23
85 58
33 91
98 62
80 37
87 44
31 53
66 45
82 64
13 62
56 81
94 65
27 81
72 36
39 38
23 84
93 19
48 35
3 92
97 45
31 61
36 71
64 76
25 53
76 64
6 44
19 89
93 50
48 56
66 70
55 80
91 69
72 74
4 74
91 52
62 80
72 98
1 80
40 40
16 19
39 14
34 71
13 5
59 7
71 17
0 29
87 46
83 20
60 95
25 41
25 60
94 98
4 70
51 91
68 91
0 36
37 97
67 72
84 97
32 26
77 13
93 69
39 62
99 29
16 87
23 50
31 68
56 60
97 2
29 54
44 3
47 15
66 97
91 60
66 5
90 14
89 35
42 56
47 95
67 8
66 49
10 31
87 25
55 14
80 69
50 7
82 27
17 18
39 23
1 18
86 82
23 19
44 37
61 83
46 21
28 3
14 98
83 22
68 56
7 14
46 40
13 58
95 13
92 54
58 25
94 18
73 63
0 24
45 3
77 41
71 61
21 30
8 93
37 43
83 66
2 5
25 95
10 37
69 19
97 1
56 40
46 8
80 80
74 94
8 5
4 48
58 54
57 68
67 85
44 7
68 34
76 96
10 27
12 76
26 80
59 4
42 3
8 12
60 22
78 0
42 14
84 93
17 87
73 52
59 82
18 20
88 56
63 1
77 52
4 71
65 44
92 3
91 73
53 51
19 87
59 65
2 86
34 68
37 31
1 72
37 85
82 75
62 57
48 18
40 52
7 65
1 99
26 17
91 49
36 99
46 31
37 1
6 40
48 88
31 57
4 13
98 57
28 73
34 45
24 11
52 1
41 13
84 15
50 24
77 50
52 83
49 28
14 55
49 18
69 98
88 12
32 67
95 32
0 94
56 68
61 73
92 66
82 28
47 25
19 80
41 46
72 95
68 73
18 72
89 75
99 35
83 31
34 15
97 32
2 79
38 79
85 40
97 40
57 4
96 45
36 51
16 50
78 32
97 8
4 68
81 83
89 7
60 27
82 23
38 93
22 10
87 79
8 45
18 98
72 82
26 56
66 39
9 57
38 13
96 26
94 17
49 74
39 76
20 31
84 83
11 18
95 2
0 49
60 26
67 74
82 79
28 23
54 53
23 63
94 91
90 35
3 69
71 35
10 94
87 1
45 83
47 0
69 61
70 31
54 48
76 40
75 34
35 0
5 10
91 37
97 88
30 43
63 24
38 51
36 38
46 76
52 75
13 48
9 76
95 41
49 76
36 26
42 35
80 18
47 96
37 96
79 97
75 38
34 16
37 71
26 40
34 61
60 84
87 75
69 53
20 0
9 37
19 4
5 56
9 79
19 13
25 43
31 9
25 74
96 4
44 35
42 45
6 16
83 81
35 15
79 96
43 9
47 8
45 97
23 61
54 49
28 94
58 1
21 95
32 14
53 61
65 31
97 15
26 90
90 31
18 82
13 13
43 5
69 15
50 91
9 6
5 73
22 90
92 24
22 5
28 8
23 69
47 50
15 27
70 91
84 77
99 46
84 25
53 93
72 80
53 22
52 44
28 72
97 28
34 4
91 48
32 4
8 89
58 60
34 66
60 28
3 81
86 18
5 18
98 39
73 41
95 43
87 15
20 25
28 39
32 75
76 47
16 40
99 9
49 94
23 66
40 58
78 29
46 77
2 57
62 79
83 60
5 1
14 22
58 57
62 92
86 61
62 9
42 27
83 4
50 53
74 5
43 88
90 12
81 64
80 40
47 86
42 24
90 37
31 96
67 61
77 94
23 83
85 36
8 47
83 49
57 6
29 4
23 39
9 33
21 33
9 80
7 18
77 86
63 7
0 55
73 31
84 91
3 22
91 68
79 77
44 9
95 12
53 64
91 15
8 25
56 73
56 15
46 17
88 47
97 93
99 42
40 8
62 49
25 5
61 50
97 27
96 20
70 60
68 83
74 3
38 27
73 36
63 70
1 62
8 6
78 65
36 68
97 9
77 61
5 24
4 28
41 1
88 22
7 7
85 74
78 45
55 37
99 50
26 34
88 97
57 89
36 75
73 84
22 4
62 66
34 86
80 34
29 16
39 17
63 96
54 16
70 58
1 66
40 18
82 62
3 61
6 86
12 45
12 89
39 66
28 6
24 77
39 98
64 65
76 90
68 15
90 17
47 32
60 15
91 8
89 64
76 69
61 80
36 94
36 30
36 15
30 67
10 56
94 87
89 51
72 29
77 7
24 20
79 76
81 32
53 82
18 32
23 18
14 21
53 16
95 98
99 88
50 32
60 64
36 76
46 71
9 77
57 74
99 95
51 55
86 4
46 98
8 43
97 17
91 99
54 47
65 11
36 89
56 20
67 75
68 14
45 66
27 62
65 36
18 15
35 7
68 51
81 88
29 47
9 31
40 55
72 37
51 36
78 47
12 85
34 73
23 42
18 46
11 15
5 99
48 99
10 42
89 68
47 53
63 60
90 8
34 12
99 56
17 23
41 77
46 12
83 14
97 50
86 84
64 0
61 71
35 38
12 63
85 79
85 10
97 82
72 86
71 53
9 20
63 59
24 40
24 19
96 76
20 88
5 77
47 40
12 47
42 90
52 87
96 97
96 7
52 98
88 33
85 64
52 84
31 34
41 41
75 13
1 6
8 73
27 10
48 23
63 53
39 27
18 89
83 93
43 57
65 16
1 94
92 87
23 80
18 85
98 0
23 82
45 57
58 94
97 23
13 6
25 96
97 63
93 27
80 31
72 96
52 91
54 86
0 74
47 67
59 6
66 35
25 19
30 86
85 63
13 72
38 92
54 29
11 3
19 73
62 31
44 68
86 20
73 85
47 26
29 32
4 36
53 98
85 44
26 29
37 58
5 46
30 44
24 28
50 5
82 20
93 30
91 54
73 54
76 52
56 95
40 63
77 44
39 48
51 17
90 34
47 91
47 51
76 21
22 78
79 82
15 19
11 66
74 27
64 67
55 98
58 43
37 50
76 26
31 8
55 78
52 65
57 22
34 85
26 74
19 31
49 58
73 38
49 65
75 66
77 47
74 58
90 65
57 38
51 44
97 26
2 40
71 43
87 11
50 38
17 33
19 97
18 60
49 17
93 58
42 69
86 25
64 63
40 10
55 2
33 20
19 38
54 74
60 97
35 33
28 52
64 46
72 56
97 99
30 39
35 64
16 35
87 41
42 72
70 47
72 65
1 8
69 12
20 4
63 0
63 64
24 2
37 27
48 20
73 45
1 3
49 82
2 18
16 46
86 74
58 35
48 84
25 30
95 28
28 33
98 30
76 59
94 47
55 32
6 65
7 35
68 23
92 90
16 3
25 24
60 21
59 19
28 42
8 59
34 70
29 14
7 20
82 72
30 42
72 20
40 89
4 30
92 67
40 31
86 30
64 79
27 69
55 97
85 17
82 14
42 63
95 49
52 71
62 78
88 57
61 16
39 75
79 31
3 12
31 21
86 77
14 38
54 12
88 58
86 35
69 49
1 0
9 19
8 40
94 92
21 69
12 61
10 20
78 26
95 6
85 83
4 95
4 37
49 79
80 9
8 71
50 69
8 84
47 57
40 81
13 25
84 16
94 64
51 39
11 31
31 4
50 44
28 5
87 30
5 96
30 81
66 73
46 51
45 90
58 29
8 83
28 32
74 36
43 93
52 62
63 95
34 69
55 5
42 47
22 35
98 58
37 20
21 68
54 37
78 95
6 76
3 32
0 44
68 81
27 63
54 92
77 84
45 6
13 81
92 35
13 60
31 67
69 20
92 69
63 88
53 44
91 33
41 94
22 45
67 69
8 50
50 98
71 16
11 60
72 51
18 78
62 23
22 13
44 28
71 46
24 8
16 41
73 4
84 12
16 47
1 49
98 44
47 69
77 83
30 84
99 43
84 71
90 0
21 76
95 61
80 91
93 89
8 61
97 91
0 96
6 91
64 9
69 51
1 11
31 25
72 47
98 2
64 19
70 81
12 62
36 70
0 79
13 55
27 20
43 41
58 23
72 45
37 4
51 40
75 55
38 39
57 60
83 3
2 42
7 31
27 31
27 91
6 88
9 92
3 38
48 74
92 97
86 50
59 28
3 49
67 30
2 98
71 70
53 32
38 25
43 55
23 95
92 18
7 26
5 90
63 69
94 71
49 89
7 45
33 57
3 64
81 21
59 71
92 48
78 59
60 57
18 54
77 60
71 1
41 9
84 41
19 27
41 22
63 65
30 79
78 78
76 7
74 75
37 77
38 44
74 61
44 16
97 19
9 85
67 23
69 31
67 79
87 53
95 26
78 75
29 89
57 27
39 89
46 20
59 92
98 20
27 67
27 23
44 72
53 62
55 7
53 66
91 0
59 85
56 56
13 44
6 20
58 39
39 78
60 14
15 17
23 40
21 39
0 31
3 3
57 98
57 88
72 3
74 31
2 20
64 32
73 35
77 6
88 21
49 9
69 94
29 90
66 50
3 86
78 33
6 70
65 48
65 7
80 45
2 56
79 53
38 0
87 54
99 59
92 30
82 97
47 21
94 11
73 7
78 74
65 29
33 49
93 38
59 46
74 96
30 18
99 91
34 64
30 29
69 83
4 39
54 84
99 83
72 2
64 68
14 61
66 64
98 51
37 57
1 42
95 63
57 57
71 21
62 5
43 35
97 33
69 63
32 59
28 55
47 58
98 70
33 63
56 63
54 56
58 79
66 0
37 42
40 65
71 5
98 21
95 99
58 30
88 83
23 62
91 78
59 51
6 12
96 14
74 52
0 66
37 8
96 75
66 21
89 41
74 42
46 27
52 99
39 60
60 65
87 50
18 62
77 27
81 55
25 21
47 3
20 82
96 2
45 88
14 90
7 96
32 89
33 16
34 63
84 32
36 49
2 61
92 10
88 1
16 48
61 76
72 63
33 30
84 89
99 51
74 20
66 14
18 10
4 27
68 80
40 24
66 17
66 81
3 59
58 97
36 92
17 83
95 23
95 8
17 32
38 52
44 26
48 39
48 67
14 87
54 14
42 51
84 55
81 73
12 7
61 57
52 35
0 30
5 54
56 31
0 91
46 5
48 83
71 20
93 71
84 26
94 83
88 81
24 21
50 93
71 13
84 47
97 79
2 46
58 73
88 29
81 87
17 37
52 14
97 68
21 1
65 41
81 35
48 41
40 53
75 40
12 95
39 22
9 96
15 55
93 26
61 68
66 40
81 0
15 4
23 89
81 94
89 27
56 65
2 15
62 4
44 14
48 44
23 88
42 60
14 71
47 83
92 50
48 48
62 18
35 34
46 99
2 84
85 7
19 67
89 10
98 87
71 38
81 8
94 32
70 88
34 89
50 76
28 16
84 21
53 23
93 68
8 99
39 61
88 54
96 29
12 87
64 61
0 58
45 78
25 32
33 28
45 19
52 85
85 39
34 2
80 19
65 92
64 87
38 16
11 61
96 87
56 43
1 31
19 39
50 35
6 43
29 35
69 82
41 2
12 86
9 65
88 11
14 57
63 14
31 97
59 20
29 0
74 37
48 38
57 32
45 55
37 72
68 45
88 4
93 17
95 29
39 53
26 25
36 63
11 70
29 20
19 33
54 67
13 65
67 92
94 37
50 72
22 63
2 92
50 28
43 92
54 81
12 43
35 79
7 95
93 66
77 73
69 8
83 47
10 40
39 54
79 39
41 33
22 32
41 37
19 36
19 77
61 81
60 55
76 6
86 5
82 50
15 90
19 41
26 5
16 61
79 19
73 98
48 43
90 71
2 73
78 99
4 26
17 42
95 53
42 46
58 85
42 15
16 13
5 36
23 98
37 46
0 59
78 38
37 7
86 37
96 64
18 68
51 73
87 5
86 31
5 3
95 57
5 75
6 1
59 88
73 77
79 24
7 56
42 75
70 86
62 77
52 21
40 9
42 66
94 38
48 46
1 34
62 69
3 76
24 97
61 69
5 5
64 90
88 51
68 69
77 40
43 51
23 37
37 90
42 77
45 16
86 85
82 33
12 84
45 87
5 37
58 86
20 96
94 0
3 87
93 57
61 1
70 28
10 52
58 13
91 71
2 60
99 32
76 77
83 55
42 42
75 80
97 60
33 61
59 98
2 49
17 61
81 65
92 83
80 6
36 47
97 22
22 29
65 56
21 88
56 11
23 35
43 18
85 85
32 86
23 25
44 55
90 95
44 49
34 82
68 70
81 68
25 86
0 23
35 82
49 34
23 45
17 60
29 60
41 66
38 10
63 49
89 53
32 77
71 80
31 92
76 72
64 21
28 24
61 85
58 88
25 89
22 67
39 80
38 89
51 79
0 95
85 93
0 11
53 52
85 60
5 15
34 37
72 89
72 52
5 35
67 5
38 33
80 66
90 56
47 78
5 0
94 59
25 9
75 56
60 90
90 3
16 51
25 97
41 19
9 52
20 13
38 22
61 63
44 0
92 76
66 74
77 71
78 80
68 31
87 22
25 92
50 6
26 98
73 73
93 1
3 1
93 74
94 36
95 38
80 47
31 51
9 70
16 79
93 35
11 47
28 63
5 21
89 8
43 13
15 36
40 47
50 2
90 80
7 58
17 4
58 52
46 93
45 73
87 43
90 68
33 94
98 55
91 42
90 97
16 18
29 27
95 67
91 4
86 46
62 70
52 68
13 43
74 88
9 42
51 30
16 63
52 81
35 22
70 57
78 93
50 81
49 67
0 71
55 13
96 83
52 37
31 78
10 76
49 51
11 14
50 68
3 53
32 84
53 8
85 53
85 98
91 95
80 61
41 0
17 98
10 61
11 35
32 33
85 24
35 3
32 74
26 27
87 94
68 5
13 9
13 3
42 78
4 33
96 68
44 52
27 99
27 75
32 68
75 8
91 16
17 25
16 9
30 65
67 45
71 7
98 92
96 42
81 90
52 86
67 94
2 23
7 66
62 50
10 13
18 28
33 96
59 87
74 35
3 82
80 26
70 95
36 50
9 29
72 8
86 0
84 28
79 92
89 58
70 75
69 50
19 19
27 97
71 79
82 6
32 17
36 58
56 76
79 30
47 49
43 20
26 99
98 6
1 9
44 53
17 9
58 98
63 63
26 43
35 28
77 37
11 59
63 20
82 59
59 62
52 36
69 93
87 23
98 68
57 47
40 98
69 38
74 49
63 82
83 41
13 27
9 34
80 97
29 85
80 23
66 89
14 64
17 75
93 49
71 89
89 65
54 72
64 52
4 35
59 18
8 46
32 85
78 40
81 60
26 33
64 10
72 0
97 36
82 81
55 53
56 41
48 76
18 3
69 27
58 82
23 31
43 63
93 24
67 49
51 77
25 33
46 88
64 20
75 30
43 87
98 19
64 24
45 80
74 29
88 87
82 8
11 37
30 70
18 17
83 17
75 76
20 59
2 89
10 41
75 62
68 53
81 2
22 43
59 90
81 58
12 6
74 64
6 57
33 9
14 81
8 87
59 49
90 89
48 24
5 66
69 72
55 12
49 42
78 94
98 60
86 43
92 68
14 48
30 47
16 0
66 62
42 39
85 49
92 61
97 77
76 16
64 75
24 32
62 97
1 81
9 84
78 5
13 63
22 9
73 16
87 28
19 6
72 97
29 72
50 60
65 83
0 35
3 46
70 82
33 75
50 45
22 96
15 99
13 18
33 74
66 42
18 79
46 96
67 78
37 30
59 91
42 9
50 54
9 32
97 44
67 44
28 56
12 48
89 23
41 67
74 6
89 92
22 61
90 79
67 0
14 58
43 19
65 12
96 79
54 13
20 81
7 5
97 10
60 96
63 27
27 77
76 50
28 13
45 89
96 5
17 91
73 53
43 68
94 21
9 10
1 84
61 44
83 10
70 55
18 99
91 12
59 67
95 92
51 34
19 40
76 70
30 8
14 33
29 24
47 17
12 49
16 43
79 64
21 87
56 30
53 83
64 8
8 55
93 22
77 72
33 47
23 10
49 39
80 83
37 29
30 95
13 42
32 52
70 17
35 23
86 55
10 21
4 67
70 96
98 7
31 50
71 63
59 35
25 68
97 56
75 23
74 57
72 38
26 64
98 40
20 69
99 53
91 1
98 53
80 35
22 49
12 57
13 82
30 85
42 26
51 33
45 45
20 9
10 65
39 3
12 30
55 21
30 76
29 29
86 11
14 6
62 28
95 58
88 92
88 30
19 18
19 50
23 36
50 40
20 47
68 52
74 68
96 55
23 87
81 11
5 69
58 77
14 97
7 0
33 58
1 59
49 86
46 57
93 5
65 59
47 65
83 65
38 60
82 96
62 2
72 78
33 55
10 79
98 46
70 97
92 12
91 14
60 38
26 18
63 9
88 62
72 4
6 37
40 12
99 62
11 99
56 33
26 46
91 84
71 47
40 86
83 46
74 25
23 47
8 35
49 21
26 59
0 60
9 54
28 78
16 94
87 45
99 61
21 25
29 33
34 31
17 5
71 32
68 94
74 82
47 6
11 62
51 98
81 43
14 75
9 45
81 36
2 39
96 80
42 81
81 20
13 26
81 54
13 23
32 64
60 1
3 15
13 95
50 59
15 80
16 78
43 6
10 10
62 74
82 56
51 62
2 52
7 48
82 46
48 60
33 95
85 47
51 93
93 67
0 18
78 64
53 34
56 85
67 20
5 29
48 16
54 40
93 90
44 51
44 46
14 40
1 61
39 97
84 59
36 36
22 68
90 99
69 17
0 99
68 55
49 84
53 99
15 0
11 79
39 0
91 18
17 53
82 21
0 14
28 64
97 62
46 42
99 79
79 21
3 67
27 72
40 88
21 54
11 84
52 63
80 15
93 54
93 23
7 13
22 8
64 29
75 67
80 0
3 43
75 52
67 57
94 34
38 42
41 96
87 71
30 56
84 6
7 79
52 58
80 85
8 78
16 76
21 9
18 97
27 56
74 32
15 79
26 91
59 13
64 97
97 54
27 17
11 2
33 85
10 47
21 55
14 47
53 12
93 15
41 12
87 26
59 3
3 60
29 57
0 32
62 89
12 83
17 48
12 26
84 49
81 72
85 55
10 95
81 40
3 26
24 53
91 79
83 39
11 4
10 33
53 58
42 17
86 52
53 24
45 50
4 75
30 99
2 9
94 94
3 13
95 81
28 20
98 3
89 87
27 4
38 3
75 46
76 80
28 26
7 36
44 75
44 97
11 85
64 85
51 68
51 4
16 26
63 99
94 68
73 17
79 10
15 25
24 69
88 91
18 0
61 91
41 69
79 93
89 82
12 75
14 67
61 8
95 48
20 91
83 80
94 48
51 92
32 76
52 18
5 92
5 20
62 40
53 68
96 63
41 98
79 59
86 65
72 55
40 69
77 53
24 95
70 48
45 56
4 23
67 7
13 96
66 83
44 89
37 47
35 29
69 57
25 98
96 28
87 67
6 50
12 29
71 94
87 39
29 92
66 33
42 16
79 99
19 12
76 42
72 23
72 41
98 71
1 10
80 79
57 12
49 30
76 68
54 39
74 56
60 54
95 89
87 3
27 93
46 10
36 17
65 6
8 96
2 80
91 38
55 0
56 47
73 81
47 77
91 24
5 14
9 62
17 69
60 77
25 69
1 75
22 94
55 64
35 91
11 22
57 94
64 40
46 45
91 96
56 35
77 15
5 85
28 35
8 39
48 12
61 38
56 59
92 46
10 70
18 21
92 41
62 44
97 90
89 89
90 85
60 12
53 41
12 25
6 89
14 30
11 90
84 68
51 90
37 74
14 52
63 21
88 26
68 39
61 79
94 69
51 52
51 74
1 57
99 75
13 24
59 43
66 37
36 74
49 15
5 31
45 77
44 33
94 13
31 18
17 2
3 66
73 19
22 75
58 64
72 13
42 31
5 55
29 62
24 51
49 47
70 40
24 15
39 37
15 71
96 18
10 45
82 80
39 20
56 52
12 18
19 57
69 47
59 26
97 35
66 24
40 71
71 31
79 9
86 2
23 1
69 99
17 21
32 20
94 46
56 58
57 52
12 67
31 64
72 59
92 9
25 63
67 6
34 51
86 15
10 80
71 78
77 85
68 36
41 90
8 24
90 40
89 59
93 14
5 11
44 56
96 16
1 98
4 17
8 57
98 9
68 68
99 78
75 3
52 46
16 77
42 33
57 80
28 84
88 46
16 17
40 93
98 31
27 71
4 87
63 71
74 17
91 25
19 95
84 17
46 41
12 35
76 61
90 15
23 20
51 1
57 62
43 96
49 50
39 91
50 19
91 59
70 14
14 37
96 65
39 94
60 46
46 46
75 88
62 15
84 88
58 49
52 10
1 96
78 37
93 29
24 26
42 38
59 63
94 97
48 73
57 35
83 1
69 29
19 29
69 16
62 51
91 64
1 37
4 82
75 18
88 14
74 16
11 92
68 47
88 40
66 30
99 27
82 47
61 18
46 32
15 92
28 30
84 37
36 44
78 79
28 95
63 52
18 52
55 27
15 53
36 55
57 73
5 23
33 90
20 83
20 33
81 84
27 87
42 87
4 76
28 68
10 26
57 29
92 26
1 27
9 47
37 64
65 34
16 4
64 89
52 3
62 95
52 70
80 44
54 43
9 97
38 46
36 57
2 0
60 6
17 27
34 36
92 53
46 58
12 14
44 82
76 81
1 36
77 76
38 19
24 66
96 37
66 95
60 49
72 40
52 38
75 70
59 57
60 17
80 86
70 78
15 11
33 52
89 97
38 48
86 69
39 74
33 17
52 7
10 87
90 92
29 75
82 63
66 2
19 86
65 50
86 6
38 91
21 61
98 66
42 86
27 90
47 27
3 99
46 80
40 82
23 68
83 36
17 77
72 30
2 69
60 48
45 93
26 20
60 56
85 71
10 69
70 50
68 57
77 66
99 72
53 94
83 9
79 88
40 7
3 94
14 14
29 38
48 55
90 61
1 32
46 0
13 99
11 72
36 59
86 36
35 31
25 78
4 79
25 7
49 6
51 27
84 8
33 76
80 50
94 3
95 86
47 12
36 61
48 70
29 1
24 90
2 95
0 57
40 36
95 4
3 96
90 77
26 57
58 12
21 57
44 13
12 1
76 63
51 61
47 64
29 17
33 48
24 68
52 4
13 80
78 66
91 11
50 62
73 75
62 39
87 92
9 88
76 93
73 28
36 46
92 51
62 48
18 31
2 1
4 59
80 41
4 22
8 54
89 37
49 45
6 80
25 59
16 52
61 15
89 31
67 15
68 25
31 6
53 17
14 76
26 51
47 73
9 63
53 21
14 51
45 76
33 33
44 93
10 18
36 56
3 17
9 48
21 31
48 98
0 90
6 83
80 90
3 72
40 34
82 84
44 80
25 34
68 79
38 20
56 24
13 8
37 60
64 30
19 79
11 40
98 43
10 82
55 94
95 25
74 59
6 11
77 96
2 64
55 1
12 96
29 8
49 35
77 35
0 41
87 78
45 33
48 78
10 46
27 82
45 85
72 73
36 12
42 58
34 33
64 13
83 44
11 75
33 54
23 32
16 59
68 78
0 10
97 0
7 2
18 25
25 31
64 56
85 30
23 13
48 59
7 34
47 11
32 82
14 34
13 57
9 78
79 25
80 7
78 98
3 36
33 36
27 86
95 88
41 71
55 4
54 55
26 39
50 33
92 25
55 99
35 74
6 32
49 27
81 82
67 63
84 18
79 33
67 12
39 21
82 1
69 89
82 85
64 31
95 0
81 27
22 11
38 81
66 4
38 74
74 1
11 93
50 73
87 18
16 67
84 78
0 46
46 82
88 73
29 86
34 54
12 16
78 57
86 44
65 58
72 35
35 27
51 15
55 72
4 29
52 20
98 67
51 38
72 17
44 92
56 62
87 51
80 77
70 76
72 18
87 27
93 62
38 59
64 38
86 76
3 18
12 2
13 45
1 48
50 97
48 21
11 7
68 27
51 12
5 42
93 20
98 99
50 49
36 52
30 16
55 23
65 42
62 3
10 7
59 81
20 61
27 33
17 65
36 53
12 51
60 71
61 95
17 0
48 19
85 9
25 17
93 36
44 12
53 92
49 87
4 10
76 24
46 1
32 24
24 78
91 53
84 65
3 9
83 87
11 6
78 28
14 86
19 75
44 88
87 98
32 71
30 83
82 90
66 7
75 33
37 24
42 36
21 28
18 42
87 63
29 13
42 41
84 79
54 50
94 60
74 48
95 40
83 12
80 27
7 21
19 91
2 68
15 2
86 51
66 1
16 39
39 82
18 5
34 99
31 19
6 0
7 28
62 36
95 27
44 20
94 57
73 76
59 61
77 80
21 98
6 56
86 80
22 40
51 81
88 10
82 82
45 9
65 39
49 73
13 0
51 57
12 36
46 79
30 58
80 75
45 25
32 97
75 31
19 90
88 32
58 26
90 82
37 39
59 47
54 64
92 80
51 72
50 22
82 0
68 10
17 63
13 40
97 64
29 87
78 97
33 60
38 45
20 51
33 22
9 16
58 44
53 85
20 84
17 85
47 10
5 33
34 29
2 44
19 69
72 87
59 79
0 53
85 67
43 76
16 2
96 52
77 18
68 58
70 64
29 99
47 2
93 59
45 44
23 14
1 82
34 57
17 29
50 30
48 66
1 12
70 67
73 82
60 72
63 93
50 89
9 71
51 19
80 55
95 34
83 27
40 14
53 36
1 7
90 4
99 25
67 19
44 17
20 23
65 14
9 98
17 14
13 50
81 4
0 40
73 72
71 90
15 54
90 54
32 94
24 30
30 96
42 93
63 66
98 85
12 93
55 35
18 22
26 1
31 31
64 43
19 7
9 81
65 45
52 25
63 68
51 60
94 89
38 70
5 87
15 74
76 48
28 85
53 15
49 16
53 3
59 53
54 26
40 6
38 65
96 98
31 55
85 5
15 41
27 22
54 20
26 84
40 43
27 2
41 49
74 45
28 11
23 0
82 94
23 77
35 47
63 2
32 83
53 40
7 11
55 69
79 46
11 19
33 82
53 18
93 99
46 49
38 61
97 71
34 44
49 0
76 86
17 40
49 25
87 76
66 10
89 72
46 69
8 38
4 40
64 80
74 73
86 54
53 29
39 25
74 74
42 85
24 48
6 51
17 31
74 26
88 74
26 7
42 2
33 32
56 90
62 94
81 76
53 14
87 81
20 43
27 44
72 27
68 64
75 71
66 94
92 57
28 9
18 69
68 84
45 27
4 4
90 52
12 59
5 94
16 21
53 80
33 43
99 66
29 55
64 33
50 67
64 42
6 33
50 31
54 69
73 40
27 38
49 56
45 67
34 53
29 34
41 50
77 75
73 3
23 30
75 95
87 90
50 12
27 5
79 18
63 36
6 98
76 8
33 77
13 89
95 5
77 25
96 12
22 21
13 78
37 98
39 87
82 54
24 63
84 63
80 16
79 36
58 24
63 6
77 48
45 82
41 7
28 81
7 62
89 85
11 36
87 86
87 35
33 5
85 19
19 96
78 2
83 37
51 24
13 1
23 7
76 14
40 90
11 12
42 13
83 21
77 1
52 47
4 44
86 14
68 54
42 82
76 88
6 81
91 13
94 54
96 84
80 62
98 88
49 12
53 86
84 27
80 81
94 40
68 46
72 31
29 43
74 11
98 25
68 16
15 37
96 38
15 50
40 66
14 5
26 52
58 38
17 45
21 21
41 36
56 39
2 90
8 62
46 65
72 94
38 32
70 79
93 85
35 97
49 40
27 25
75 61
2 35
32 78
62 11
9 90
99 13
16 11
63 38
9 15
49 92
81 39
78 22
38 84
24 73
54 93
16 10
45 47
99 90
79 78
31 26
13 49
32 22
80 51
24 10
72 60
71 88
77 42
1 91
32 16
94 93
28 65
43 84
11 52
94 23
97 4
88 67
38 95
47 93
67 98
31 13
58 37
87 0
22 83
48 52
82 57
46 38
68 63
22 58
50 18
15 87
90 88
84 36
41 30
32 55
52 19
7 99
32 80
49 37
15 59
42 34
47 44
7 49
30 9
79 72
74 86
77 58
25 87
43 1
2 26
7 70
92 0
48 31
27 15
98 61
11 98
65 57
33 7
79 48
62 13
53 57
84 70
84 2
68 86
69 2
83 29
12 98
52 28
0 28
96 34
69 26
87 77
85 21
33 35
45 42
38 21
59 95
37 70
93 65
33 14
85 18
41 58
4 66
48 7
95 96
97 84
52 22
44 59
56 46
56 64
0 64
89 73
63 85
10 39
49 99
46 91
75 10
10 49
61 37
56 37
12 44
75 2
12 97
35 76
58 22
81 96
53 5
8 15
66 23
2 67
70 38
94 1
82 10
7 22
6 24
56 16
89 17
46 30
14 91
3 8
30 60
54 65
29 40
91 87
40 38
16 12
62 19
69 42
82 95
2 24
28 75
37 84
8 48
58 36
0 5
58 33
26 41
83 61
52 93
56 66
57 37
50 65
71 26
65 20
78 67
37 21
32 90
97 46
12 15
78 7
97 58
84 24
67 21
7 86
24 17
87 2
15 44
35 72
21 35
12 46
43 40
60 34
87 7
67 99
83 6
62 37
84 60
88 93
36 13
64 60
31 40
38 56
10 4
5 83
20 19
21 13
97 24
89 29
6 27
70 35
16 6
13 22
38 5
20 57
6 61
53 97
56 4
4 2
33 44
39 44
85 56
31 37
68 74
2 30
32 23
22 54
11 56
32 43
62 21
50 27
77 2
52 59
34 28
8 81
79 35
1 26
89 21
66 90
47 1
79 45
89 28
7 68
98 13
89 13
70 80
94 88
52 50
5 44
57 65
36 39
72 7
25 36
91 36
98 16
30 6
85 81
34 95
95 79
94 62
10 71
1 4
62 46
30 63
13 12
64 58
74 81
70 66
1 13
43 72
85 82
67 48
89 36
82 87
86 27
51 48
44 86
54 95
92 34
52 8
98 5
89 96
11 69
48 87
57 24
39 90
9 18
59 94
54 42
11 30
97 85
46 33
95 72
32 19
43 61
67 34
98 73
38 90
45 26
45 23
16 24
20 11
49 24
30 66
34 79
20 50
59 5
8 65
61 51
78 91
34 8
36 64
39 64
33 67
21 4
94 10
33 89
6 94
20 3
51 82
32 45
19 56
47 41
39 10
47 79
68 32
19 49
57 64
10 54
70 74
48 2
51 23
42 25
95 17
14 7
96 23
61 49
39 47
16 88
5 79
34 22
7 93
17 38
62 85
96 81
52 90
76 36
91 6
68 48
21 26
65 3
73 88
88 55
73 30
99 99
19 42
77 59
56 28
89 91
75 22
88 6
35 42
76 79
24 88
3 28
3 95
43 81
69 1
3 40
71 77
11 65
23 11
42 96
54 15
34 34
80 22
60 36
32 57
52 79
37 87
62 26
4 19
87 16
18 95
13 90
74 38
54 88
8 4
35 56
42 29
30 49
69 32
69 67
91 57
75 4
7 94
75 73
88 65
46 16
0 97
62 96
58 4
70 4
64 36
15 10
38 49
17 84
44 70
53 10
46 89
77 64
63 40
29 84
54 41
12 38
96 25
21 45
55 24
48 37
37 11
14 49
90 49
94 73
20 39
22 47
40 77
74 41
29 10
57 13
72 44
85 3
14 11
34 84
54 54
48 49
9 69
30 10
84 92
97 37
14 50
66 65
28 7
48 42
15 35
78 24
41 52
48 86
51 41
52 30
44 99
78 87
7 43
24 3
93 91
63 98
0 63
35 87
37 40
93 82
54 19
75 50
43 79
74 50
22 87
61 9
77 17
18 48
63 41
82 92
70 23
93 31
4 14
33 0
92 75
69 71
42 73
18 39
28 12
91 67
79 73
5 60
41 92
66 31
84 10
6 15
38 66
23 16
54 32
77 43
98 10
99 33
17 3
85 78
12 8
46 68
35 75
2 76
91 32
60 23
6 47
31 86
59 31
99 28
13 16
46 92
79 6
21 46
28 51
65 86
14 24
59 64
45 35
81 15
63 92
54 85
72 70
38 96
46 7
41 62
87 66
27 98
99 81
21 24
37 68
99 39
71 69
41 64
83 2
96 35
80 29
9 36
10 78
37 95
89 76
30 59
96 93
13 69
82 29
59 34
31 83
15 68
36 91
22 37
6 73
23 41
28 58
72 39
14 8
56 0
58 16
22 69
75 90
56 80
57 55
7 46
96 94
24 58
5 2
2 97
11 9
90 69
53 2
1 87
58 3
33 92
61 22
41 35
61 42
88 8
20 67
6 19
63 72
73 25
88 17
57 42
70 99
82 76
10 30
91 9
34 98
7 82
99 89
59 50
77 39
7 33
35 48
59 22
26 93
56 84
21 0
1 39
81 16
64 96
57 11
98 95
35 35
45 38
55 57
4 38
69 64
4 88
35 8
67 53
97 29
77 92
65 18
26 70
17 36
66 11
74 7
34 74
89 15
43 53
47 84
40 0
81 85
49 80
44 66
79 11
71 37
9 46
86 33
21 91
64 35
15 72
66 25
56 32
7 64
91 80
86 89
88 84
99 19
74 63
1 24
75 15
86 42
74 24
56 12
55 91
73 24
61 35
80 38
33 86
83 91
31 3
64 22
59 29
27 19
45 52
25 27
70 29
99 0
22 19
42 79
42 37
45 40
23 21
90 46
36 10
53 28
81 10
5 16
14 84
86 8
66 27
31 10
76 73
65 97
19 43
88 25
45 5
61 14
75 77
27 54
97 3
67 40
95 91
7 83
20 20
20 15
65 1
15 6
72 69
99 52
19 37
55 48
33 12
16 72
64 78
12 69
2 50
86 34
17 78
43 94
6 66
63 16
14 39
82 86
61 13
8 21
39 56
84 53
89 99
11 20
51 97
70 10
45 1
41 51
61 5
52 43
86 62
23 44
45 58
4 41
34 90
11 25
40 4
15 77
22 31
36 90
96 10
50 4
22 24
14 26
24 91
54 80
5 9
87 14
49 83
90 48
80 33
17 20
85 51
26 38
54 59
84 1
59 72
76 49
35 17
40 42
32 9
82 51
89 45
83 89
35 50
50 43
85 20
60 70
98 86
0 76
53 6
31 27
96 50
29 21
14 60
91 72
99 1
20 98
62 6
33 56
21 63
76 0
16 16
24 37
40 2
71 93
41 6
78 30
82 7
41 44
99 68
54 87
25 51
33 39
94 31
91 56
99 4
73 56
56 53
57 63
34 32
96 22
70 44
24 4
16 14
21 59
75 93
56 96
96 60
50 99
83 77
12 34
56 13
77 93
77 82
47 20
3 80
14 27
44 8
89 60
67 25
77 12
34 56
7 90
79 83
97 21
49 33
55 18
47 19
87 70
67 60
6 84
53 33
24 52
60 75
93 98
61 70
54 17
14 53
64 59
54 68
5 89
17 43
44 36
91 5
29 30
77 33
36 9
18 70
32 56
95 45
88 53
47 38
61 17
57 7
3 73
22 2
66 32
54 24
4 6
60 30
48 68
7 41
27 78
11 42
16 62
15 51
59 52
64 57
50 75
7 80
67 31
33 29
56 14
97 73
92 60
93 84
63 26
37 45
20 75
9 3
7 39
62 88
79 41
75 42
52 92
26 3
96 62
0 37
24 82
24 89
28 19
14 73
50 10
9 24
68 75
2 4
46 87
95 15
13 59
76 87
24 36
32 96
51 9
28 45
21 89
93 3
33 98
58 47
69 4
32 91
65 22
10 22
34 17
9 17
70 45
45 46
60 91
77 99
84 73
49 20
27 49
41 11
23 26
35 39
68 11
56 97
80 67
69 33
33 34
90 59
79 26
15 64
29 12
26 89
34 50
33 19
27 51
71 52
68 50
22 48
30 41
44 10
73 44
73 6
38 57
15 69
70 41
78 9
25 73
55 61
11 71
2 91
34 35
77 3
11 86
29 19
1 56
21 17
61 55
54 70
16 22
85 29
3 98
69 95
8 17
98 15
58 11
48 94
88 23
57 43
49 55
56 3
17 10
55 90
27 42
55 33
3 47
23 96
38 54
27 13
11 80
29 58
86 83
31 42
40 56
38 76
31 62
69 56
54 58
70 37
31 90
50 86
5 65
7 23
84 0
44 78
30 7
50 8
65 54
1 50
69 65
88 50
31 54
37 25
85 14
33 51
43 27
80 74
98 12
57 50
72 67
73 11
11 54
48 27
68 60
52 82
15 14
25 77
70 11
68 38
33 71
2 82
50 96
22 86
98 14
30 64
97 92
19 55
6 60
13 94
30 52
4 72
72 53
47 46
80 84
1 60
79 91
53 73
49 31
7 73
48 50
54 27
0 33
36 48
57 18
18 94
94 67
39 96
57 79
20 7
28 66
55 6
64 23
14 12
90 45
88 2
33 65
55 16
16 92
64 34
97 72
24 13
86 72
71 87
57 58
4 56
69 54
81 12
87 87
76 89
16 38
95 93
0 8
4 18
31 70
62 91
99 93
90 87
39 16
57 97
45 8
83 0
33 97
58 76
30 2
67 90
18 56
47 9
15 93
70 53
10 92
19 8
84 14
17 28
59 39
22 51
14 43
35 88
43 77
75 0
57 67
57 96
19 30
0 21
88 48
31 65
39 83
79 81
13 83
45 20
82 4
42 53
92 4
63 86
0 0
74 72
36 69
78 34
1 53
81 79
8 27
90 19
62 62
84 20
45 79
56 17
83 99
87 37
74 93
38 23
71 71
40 57
1 33
55 56
12 52
4 50
92 6
27 58
6 14
79 70
50 39
33 53
97 55
69 30
27 21
36 77
62 45
72 12
4 49
78 70
43 8
49 43
48 81
24 39
6 42
19 48
17 76
24 92
28 18
36 67
5 32
54 89
63 78
21 75
37 65
58 78
87 48
40 26
67 39
86 91
25 80
2 41
42 55
97 65
2 16
89 0
52 27
0 61
54 46
4 47
93 55
44 84
39 95
39 32
38 50
78 88
35 12
70 46
60 80
57 49
66 55
47 88
27 16
62 58
92 13
31 39
87 69
49 10
28 61
23 28
70 73
50 82
37 51
95 85
85 6
59 77
48 61
97 6
60 50
20 8
35 58
99 14
24 50
23 78
84 66
87 20
15 63
6 23
1 47
83 18
21 27
69 92
66 59
83 83
24 49
48 90
69 22
55 89
10 63
76 15
51 3
83 74
25 13
45 71
9 4
92 74
9 43
65 26
84 84
93 92
78 12
61 43
24 99
49 60
2 62
1 64
2 28
12 27
74 47
37 80
13 14
61 92
45 92
18 8
66 57
4 21
91 81
79 87
90 57
57 59
89 66
20 45
48 47
28 44
41 14
9 73
92 16
91 66
56 92
84 85
95 50
20 14
33 50
10 91
11 50
36 1
15 89
15 78
46 61
78 71
57 86
58 17
98 28
46 22
98 50
31 95
70 43
48 14
51 95
82 89
93 88
84 48
82 99
65 35
31 0
41 78
55 3
73 34
1 67
25 39
42 67
72 1
29 91
92 95
21 11
92 20
10 50
49 78
61 36
38 86
18 49
15 43
72 10
52 66
94 4
49 54
53 45
74 0
74 60
18 87
48 33
54 71
12 31
94 6
2 27
37 19
15 13
46 35
90 36
98 4
94 14
40 45
15 66
36 29
57 70
34 67
27 0
55 77
46 4
70 6
44 43
23 70
57 85
46 14
13 39
55 79
43 39
4 81
13 29
15 40
6 6
9 21
65 60
63 50
70 18
98 98
0 93
41 81
93 42
40 72
27 96
36 96
24 71
58 80
46 39
52 57
78 19
4 8
30 1
95 22
65 62
14 78
31 81
29 42
64 81
91 44
92 43
86 38
70 52
93 87
83 11
3 56
9 44
33 6
59 96
15 18
76 1
16 91
32 62
3 48
84 33
82 93
25 28
95 64
54 7
19 59
70 26
50 79
23 65
47 43
20 1
64 41
64 7
3 19
55 84
90 72
93 78
63 55
70 39
46 60
25 29
68 18
99 24
65 10
38 29
84 43
40 84
30 4
79 13
42 94
9 86
22 81
57 5
39 70
89 34
24 86
81 47
79 74
26 65
66 9
51 83
30 92
56 82
18 40
82 41
6 90
33 25
60 4
40 62
77 22
75 54
11 13
42 12
36 84
83 63
66 41
56 7
99 23
74 23
95 14
39 4
92 91
31 82
34 19
16 32
77 24
23 23
68 12
29 51
58 90
93 18
16 81
59 24
6 63
49 68
33 87
92 49
95 97
43 70
3 42
92 14
86 97
79 15
7 3
13 67
25 11
12 66
92 45
55 10
68 20
53 46
78 53
99 41
67 84
45 18
63 90
73 39
58 10
20 35
54 98
23 59
68 8
38 36
5 86
28 83
20 71
82 65
47 54
8 63
64 51
52 0
15 9
79 51
91 98
89 30
39 5
2 3
25 56
9 95
61 25
23 94
80 4
51 66
71 15
81 46
0 87
89 1
95 1
50 51
75 51
45 99
94 58
93 37
36 41
0 88
17 34
36 66
16 33
52 52
34 43
13 75
7 92
67 58
43 85
54 9
49 57
53 74
30 0
77 74
39 51
71 81
28 4
73 91
64 45
18 33
43 54
6 17
49 85
29 36
18 65
90 16
76 30
74 9
71 25
22 84
49 38
50 87
7 42
9 99
52 55
42 61
87 29
49 96
51 67
34 26
0 77
8 0
51 69
77 87
18 45
65 40
34 49
35 2
10 62
66 51
7 77
65 30
96 15
8 69
85 62
73 96
25 84
79 17
14 85
38 64
37 28
67 37
56 57
30 61
7 19
96 95
1 38
44 69
19 58
10 97
71 51
92 71
0 20
29 39
43 7
65 71
61 45
95 44
14 88
39 71
34 81
34 80
19 74
0 2
29 45
21 86
76 27
16 49
79 62
6 39
55 26
38 41
25 67
30 19
94 76
66 47
66 82
64 26
92 38
67 41
73 18
11 89
75 85
21 37
53 79
6 82
29 15
68 42
61 54
42 52
75 97
88 38
99 92
12 77
48 72
72 22
84 82
40 37
90 38
28 90
54 76
81 66
16 55
58 84
12 68
21 70
17 72
75 65
11 26
34 6
45 22
89 32
25 25
63 87
45 60
10 99
15 38
87 10
6 54
43 38
60 25
83 35
32 38
43 23
59 16
11 17
44 31
20 10
22 82
33 18
25 58
64 15
93 72
91 27
65 47
81 89
68 90
5 61
71 57
19 9
60 74
21 36
75 53
28 10
47 76
44 57
31 66
90 60
55 96
80 65
74 90
65 73
44 48
13 19
14 46
40 49
64 50
99 10
74 34
70 84
47 33
83 33
57 15
35 4
61 53
65 78
61 27
70 83
24 33
7 71
56 88
83 76
34 40
68 82
10 24
53 60
65 13
53 55
20 28
59 74
96 73
73 65
26 62
1 68
0 68
57 33
99 64
75 36
38 1
14 92
26 58
4 20
8 82
29 64
35 30
54 28
61 84
21 38
46 9
76 85
83 52
91 28
5 28
81 62
99 60
30 35
46 74
60 89
23 71
5 84
19 1
32 31
40 22
9 13
25 38
88 49
91 40
8 29
55 83
28 59
47 97
60 8
6 10
58 31
58 99
94 2
83 45
9 94
98 54
53 53
37 38
64 4
8 18
28 50
72 57
41 3
60 0
5 27
15 29
74 44
25 40
75 99
35 61
27 27
21 51
74 99
64 70
71 84
75 81
9 50
69 74
4 34
36 54
81 17
51 8
71 27
58 48
7 88
32 40
79 86
97 95
96 21
47 66
31 58
31 80
41 38
65 80
33 64
29 94
9 23
50 64
97 5
64 77
2 38
11 73
8 80
61 78
26 73
30 20
20 49
42 0
13 91
54 35
10 96
73 64
67 14
55 75
28 34
13 11
27 92
42 19
21 80
34 41
48 51
80 59
21 43
87 95
95 73
68 33
15 26
27 68
28 31
17 93
71 74
37 59
76 82
57 8
81 69
76 83
71 50
51 28
99 7
68 4
80 99
62 56
49 62
94 96
10 23
7 51
9 22
31 69
92 84
82 44
63 37
76 97
8 9
74 28
23 34
28 28
10 34
86 57
98 27
73 0
59 58
61 99
39 36
39 9
51 80
93 96
37 17
56 79
20 46
3 45
1 1
39 31
93 79
75 79
64 1
30 22
12 82
50 50
55 38
14 31
58 21
29 44
59 38
44 81
73 66
75 83
22 42
5 40
61 46
67 11
20 58
94 51
96 57
45 10
91 88
84 54
14 68
47 35
38 31
46 54
71 76
24 29
71 82
85 57
86 19
89 44
34 72
74 46
42 74
0 85
73 70
45 61
11 10
76 25
32 65
13 15
32 1
7 24
27 40
67 36
48 92
80 82
53 48
61 26
2 34
31 71
69 97
76 18
18 18
63 13
46 3
8 53
46 23
44 60
60 67
51 26
18 12
68 59
9 41
24 76
81 95
94 86
12 80
56 2
34 59
59 80
16 37
95 18
34 46
78 13
14 45
88 66
83 79
69 35
4 5
48 65
74 53
94 41
18 29
67 51
63 43
36 95
33 81
51 76
89 95
37 78
55 31
91 30
90 93
99 8
23 75
46 70
37 16
53 50
76 9
34 92
98 93
11 78
71 85
66 92
63 35
12 11
41 82
58 2
75 19
37 53
31 2
92 63
44 42
57 34
11 34
41 79
76 33
36 8
34 88
12 92
60 98
74 70
91 86
89 69
23 73
13 20
58 34
34 3
41 97
28 27
84 50
43 4
79 65
46 94
89 90
70 21
9 68
84 72
69 70
39 58
1 21
28 54
98 75
85 1
20 16
97 67
5 63
16 83
81 71
70 98
55 49
11 97
34 94
4 57
33 41
97 43
22 25
75 29
36 81
61 31
26 12
50 3
73 61
38 26
42 6
68 44
8 88
45 64
29 63
28 70
47 62
95 60
88 39
87 6
17 71
48 26
85 38
84 57
63 25
31 38
92 62
99 12
30 88
10 11
63 79
80 68
43 78
66 61
41 45
60 16
97 61
18 90
89 93
3 10
45 59
6 58
58 14
63 91
44 62
57 92
60 18
22 57
62 22
68 40
86 73
60 11
26 97
68 9
72 21
75 74
23 17
18 51
62 10
40 15
2 19
74 21
6 64
20 53
11 43
28 40
81 9
66 76
20 73
65 38
41 75
68 37
68 65
7 78
11 77
73 33
35 83
68 41
83 57
49 59
34 55
26 9
76 23
90 13
57 14
77 46
96 71
92 59
97 12
47 70
74 83
20 65
25 54
80 78
8 8
64 44
38 7
3 50
42 98
4 86
34 10
54 94
52 23
11 55
19 32
12 9
43 97
1 41
40 21
51 49
18 16
32 0
88 52
87 31
27 53
55 82
60 79
10 17
34 27
21 2
79 20
45 4
31 24
10 73
8 85
35 89
47 5
88 45
4 45
37 26
45 91
11 51
15 16
29 49
12 19
81 53
11 29
77 4
80 71
65 99
27 37
90 91
46 59
56 83
97 42
38 63
13 74
86 16
76 32
77 56
82 34
50 46
66 79
98 24
15 84
75 41
86 12
57 9
69 96
93 6
61 62
51 89
9 26
34 87
4 97
85 25
57 20
87 74
8 31
47 16
71 12
19 5
10 98
22 26
20 60
49 5
35 93
12 22
11 96
10 3
6 71
9 1
42 23
68 89
97 70
78 21
19 46
99 69
27 47
3 41
62 1
27 29
2 21
98 81
76 13
91 34
88 82
7 61
29 28
57 3
84 44
92 7
88 78
32 5
55 73
57 61
43 24
84 51
28 17
71 83
86 3
72 48
93 80
12 42
43 30
27 65
14 3
76 99
93 83
3 37
62 14
99 58
27 1
70 51
13 37
8 60
61 40
78 63
79 49
70 49
59 45
94 42
23 91
56 44
78 56
47 23
69 87
58 50
33 27
98 33
29 2
76 71
61 97
21 18
7 76
62 93
61 20
4 98
27 55
2 53
31 23
15 97
64 83
88 16
41 32
21 56
12 54
16 96
56 8
52 49
29 74
19 20
4 7
15 31
25 66
17 64
55 45
38 12
50 80
56 87
48 53
97 69
90 67
93 56
59 8
40 33
72 19
51 54
9 9
10 66
51 50
53 11
97 78
22 92
55 9
3 33
96 44
49 91
53 67
89 57
18 63
71 95
40 85
11 46
26 36
17 17
86 63
3 68
33 70
53 84
62 32
71 60
32 81
13 92
97 13
4 73
76 11
77 62
86 60
71 2
86 70
35 78
91 31
59 44
70 12
43 17
1 23
6 26
59 25
35 69
8 64
53 1
40 20
90 94
98 45
60 3
82 69
18 55
73 26
90 18
0 42
73 48
76 28
12 4
72 99
43 74
73 80
63 45
65 24
98 69
28 87
60 32
29 71
63 31
21 85
56 45
28 14
79 57
33 38
28 48
69 85
59 73
20 87
82 83
11 27
22 50
59 37
68 76
96 92
41 84
76 5
83 5
87 60
47 37
31 22
4 0
96 47
81 92
6 93
44 74
76 78
40 83
94 33
54 30
12 70
57 16
64 3
84 38
82 12
30 74
69 21
93 25
90 58
81 7
96 13
28 76
72 24
18 30
39 85
15 46
92 88
96 82
25 10
5 26
2 88
71 11
3 11
43 33
14 10
84 64
94 30
49 70
23 43
51 85
8 44
21 72
14 41
35 18
87 88
93 94
84 96
5 22
63 81
66 52
21 34
80 42
92 85
39 65
8 1
41 34
24 34
77 36
22 46
86 90
68 92
72 16
0 78
98 72
67 35
85 27
57 26
60 81
74 13
16 54
22 20
27 39
82 37
83 43
72 54
95 90
66 91
61 58
86 59
1 79
91 45
79 47
24 1
85 84
25 83
28 80
71 30
85 89
84 9
20 79
28 15
81 26
15 56
12 37
18 57
32 58
63 84
30 80
88 94
36 27
1 30
42 70
81 99
31 88
69 77
81 93
41 86
38 34
80 88
94 24
72 88
25 35
33 88
95 74
86 23
59 83
93 81
5 80
64 25
29 97
24 59
39 24
48 85
63 56
81 30
30 53
35 40
5 70
47 18
30 69
32 53
32 54
68 6
55 62
16 20
40 29
84 87
32 70
50 48
15 42
35 63
98 94
73 14
15 49
17 73
11 82
43 69
78 6
43 45
99 70
47 90
31 5
18 76
2 32
61 3
90 33
64 66
18 27
51 10
44 63
83 90
5 49
9 82
29 26
10 25
79 14
83 51
8 56
44 39
55 59
64 27
93 34
48 71
90 27
50 16
56 71
25 15
88 24
24 81
64 2
25 70
1 63
73 92
94 20
93 4
0 89
14 93
86 66
19 51
62 90
71 8
32 41
64 71
37 83
26 30
38 43
69 60
89 78
51 11
62 29
23 52
14 42
33 21
81 56
36 23
27 88
71 39
33 79
73 89
36 11
24 62
18 38
19 66
8 68
25 20
33 62
26 6
22 34
2 59
58 65
91 7
63 77
34 76
85 59
53 9
73 9
34 91
30 40
60 37
29 46
56 5
77 34
69 3
39 88
79 38
78 62
91 85
1 16
24 98
35 19
43 2
35 13
38 85
14 96
39 67
75 5
93 46
46 48
45 65
77 31
81 33
94 72
26 14
82 74
77 10
32 32
3 29
52 42
30 11
62 0
9 64
45 2
12 72
84 11
2 51
2 22
78 35
26 21
32 44
88 35
49 81
60 29
41 10
9 0
67 95
4 85
21 3
83 82
0 27
24 70
51 29
17 80
83 13
81 75
18 4
41 61
98 29
35 11
86 26
71 42
41 55
38 6
9 7
52 29
50 14
21 73
2 94
40 19
59 21
82 53
79 40
81 45
49 46
52 5
41 42
12 99
46 6
96 30
24 6
25 47
9 39
66 96
90 26
92 37
81 37
6 25
56 86
51 88
82 43
38 40
61 64
14 62
69 52
13 7
82 3
41 85
5 95
74 87
19 22
92 94
91 61
5 4
82 32
28 98
23 27
66 15
15 30
93 52
99 87
7 85
18 37
47 7
61 33
7 97
47 98
80 8
97 34
62 83
3 7
91 2
33 26
12 73
63 28
22 95
10 93
98 49
65 2
36 18
41 26
29 50
26 42
49 7
25 18
75 63
82 70
9 28
47 75
32 25
72 43
46 37
80 89
4 78
94 39
51 42
36 31
2 85
64 64
66 63
61 66
11 44
39 19
44 32
34 18
29 81
20 42
69 76
32 60
97 51
93 45
21 67
66 13
55 71
50 1
74 85
89 12
57 46
3 65
93 11
37 49
42 5
66 29
8 67
27 73
43 22
14 54
26 26
97 18
12 32
86 71
31 59
1 45
62 54
4 16
48 96
80 70
88 42
73 27
67 86
64 95
20 64
83 68
24 47
78 23
92 2
18 41
94 27
62 67
32 7
15 85
11 39
43 46
25 6
11 53
54 25
51 5
3 30
47 42
85 76
32 93
75 96
82 42
47 31
73 62
39 93
59 12
7 50
68 30
95 47
63 89
27 35
32 12
7 15
85 88
91 91
78 18
37 48
48 34
6 28
80 72
48 91
90 50
52 6
67 42
9 61
4 43
3 52
33 68
4 77
57 75
83 58
67 77
90 10
79 3
95 82
2 72
89 6
9 75
41 72
83 42
63 32
69 28
65 61
84 58
40 3
38 87
79 2
83 32
37 32
29 6
35 67
80 43
99 3
50 21
80 32
13 87
19 44
59 40
59 2
55 15
41 83
66 18
33 3
48 93
27 14
40 28
81 48
55 42
87 40
29 78
56 50
91 90
51 96
93 33
94 74
44 95
43 42
41 88
95 19
76 41
39 81
81 78
70 15
18 83
25 3
13 52
27 32
75 87
34 47
66 43
16 44
22 99
79 23
53 39
25 44
52 32
54 11
17 46
60 60
68 2
19 34
76 34
47 29
8 37
94 66
1 70
62 65
62 34
91 94
58 95
59 97
35 98
0 13
79 54
66 48
32 3
59 59
30 37
43 56
62 63
84 29
98 84
95 76
13 86
76 56
42 40
21 50
51 75
95 37
25 26
10 29
45 81
18 92
5 39
61 89
42 7
84 81
20 26
73 10
56 70
8 97
33 72
89 46
54 82
21 65
65 21
42 30
32 87
72 15
14 1
66 99
69 66
24 87
62 98
67 80
37 73
26 85
24 72
4 61
39 59
8 79
84 46
46 64
69 44
99 5
83 96
44 76
98 11
22 64
22 70
44 94
52 88
66 98
28 89
76 55
55 8
4 65
23 97
71 36
65 84
81 98
74 8
76 43
12 91
1 74
2 10
30 30
42 97
32 49
80 11
28 29
90 66
78 25
13 93
90 51
72 49
87 52
10 72
51 87
18 59
25 71
57 28
39 39
84 22
20 99
65 77
30 36
12 39
23 29
42 99
78 68
30 32
19 14
40 23
80 53
59 89
74 77
62 59
24 85
81 24
7 55
67 43
98 41
2 13
74 51
78 72
23 24
36 62
78 44
74 92
60 66
55 34
40 39
21 22
13 97
5 51
93 21
25 61
14 94
18 9
46 52
17 82
7 87
7 10
52 26
16 23
35 68
77 79
68 13
96 11
66 26
9 56
52 64
2 43
11 0
46 2
72 46
69 7
39 30
52 97
26 0
1 78
35 10
56 29
42 54
2 12
84 98
26 4
54 44
69 68
64 48
15 94
75 37
17 79
7 54
15 15
51 22
2 11
20 36
3 20
45 15
74 62
61 74
48 30
84 45
39 49
43 66
89 80
50 25
91 70
87 47
21 8
12 40
85 86
85 11
21 97
28 41
60 10
8 11
21 92
86 39
38 78
10 9
76 2
92 78
20 94
51 25
61 96
33 4
53 96
85 43
75 75
30 23
73 51
43 43
64 72
59 76
31 79
42 20
25 49
76 20
10 0
82 52
2 99
20 92
87 84
24 64
27 28
79 61
99 85
21 84
73 42
87 34
88 75
38 9
32 66
89 25
1 86
36 32
87 17
10 84
86 17
99 65
19 88
58 87
89 67
78 86
59 33
60 24
83 98
68 43
58 41
80 21
41 43
52 2
12 20
17 99
85 61
88 96
45 95
75 32
71 68
56 51
89 26
34 11
3 57
96 77
84 34
22 1
53 78
21 53
77 9
68 22
1 76
74 98
0 92
95 54
31 1
12 21
36 72
42 49
15 57
23 85
6 96
59 60
67 18
8 92
95 68
89 98
31 98
31 17
27 48
28 91
69 11
73 13
62 76
39 55
28 99
30 82
43 80
83 48
15 24
35 20
22 33
62 81
88 79
19 62
14 15
3 58
86 95
18 19
21 19
4 1
24 65
20 70
78 83
87 21
50 9
29 67
64 39
54 3
27 66
91 82
62 47
26 86
19 83
13 31
8 66
37 10
71 58
30 5
66 77
5 58
11 58
61 88
38 47
40 87
58 32
89 55
24 96
7 1
47 80
70 0
50 41
24 18
10 35
4 58
48 82
15 62
8 94
90 39
42 62
29 59
34 42
50 15
22 66
46 11
72 11
81 52
86 1
48 0
18 34
34 39
64 94
67 47
93 76
27 50
30 54
4 90
40 30
45 74
72 83
6 13
25 88
98 48
68 24
78 51
6 62
92 58
76 12
62 64
25 45
54 23
83 54
47 14
35 80
86 29
77 95
71 19
43 98
56 74
82 16
10 12
28 77
97 87
9 93
88 15
38 24
25 90
35 37
32 2
52 11
37 34
8 86
28 60
84 30
0 7
83 23
43 16
59 84
29 73
22 28
60 94
65 53
92 47
89 4
26 61
92 17
63 94
96 32
36 20
70 87
75 28
20 24
41 27
17 8
71 48
8 49
99 49
46 62
78 48
55 60
66 19
27 18
57 99
98 59
43 47
6 77
96 43
53 65
81 23
2 87
59 17
56 19
98 56
54 31
82 18
79 32
43 65
69 5
92 31
98 76
62 99
99 73
26 22
45 86
31 93
20 56
66 12
80 52
77 68
36 79
33 8
37 41
74 65
89 40
29 88
79 56
79 12
60 87
76 35
41 91
22 12
74 80
87 24
69 78
36 4
57 95
47 92
66 86
14 18
27 30
27 9
6 74
66 54
24 94
22 98
25 94
10 59
61 0
92 55
58 9
26 23
26 96
87 12
61 98
75 64
85 77
58 68
13 28
30 94
54 8
48 9
48 13
89 74
60 53
52 77
48 89
24 38
20 68
95 80
51 32
96 41
69 55
66 44
83 15
7 6
24 55
81 22
5 74
90 86
15 73
62 35
72 76
41 70
67 70
80 96
31 15
0 6
38 17
8 14
27 70
96 40
3 79
79 71
66 16
83 86
34 5
85 65
82 68
78 10
45 17
2 45
68 26
86 53
93 40
24 7
34 14
37 3
17 66
82 24
44 21
46 29
58 92
37 13
49 4
16 15
93 8
26 50
25 37
84 4
13 38
38 73
39 52
31 35
86 86
39 33
5 8
56 10
26 47
61 48
62 71
45 48
24 75
94 8
31 56
81 14
35 57
51 18
81 41
70 59
84 52
1 28
48 22
72 9
30 26
68 3
48 64
18 74
69 45
55 68
34 93
73 99
10 58
89 43
46 83
31 74
21 93
85 34
47 4
11 63
13 77
89 33
81 42
6 9
85 4
40 59
43 59
10 81
49 77
96 72
64 73
8 19
80 13
35 24
66 56
41 89
94 45
37 86
55 76
78 85
72 85
33 40
97 96
79 44
30 71
89 2
71 22
25 46
89 47
13 79
38 30
45 63
48 36
2 8
21 12
14 35
86 98
65 25
6 41
58 96
15 20
71 75
58 93
20 86
1 51
20 17
82 55
87 58
2 93
18 93
95 87
56 26
30 50
93 32
5 38
1 52
96 49
91 83
75 6
22 88
31 75
27 89
2 66
78 14
98 65
94 75
35 49
54 96
45 0
53 13
83 34
98 80
45 24
82 31
28 46
20 44
32 8
88 7
71 86
1 92
68 95
27 6
78 55
85 13
11 11
73 57
28 49
59 48
6 38
47 63
87 56
62 53
71 28
96 78
65 64
90 43
89 39
82 60
9 35
41 65
97 75
95 75
9 58
10 53
57 48
88 72
99 40
65 52
37 18
52 96
3 83
24 42
98 96
89 22
10 77
72 84
43 89
20 90
12 24
41 99
77 14
18 53
34 20
49 48
13 54
93 2
70 62
42 84
12 58
80 63
55 93
35 66
10 16
8 20
37 94
7 59
24 84
11 48
91 92
34 0
1 54
76 53
26 79
51 71
86 96
58 71
2 29
39 7
89 5
89 52
89 42
80 93
68 77
68 67
76 58
4 31
29 18
69 46
43 25
39 41
92 65
30 75
0 51
43 28
33 83
84 61
26 71
5 53
39 2
69 79
63 51
3 97
65 63
67 22
60 43
79 28
80 92
44 44
10 89
19 84
12 23
12 50
10 48
28 92
6 68
17 47
46 86
35 14
45 43
78 58
53 37
60 19
97 11
24 60
90 70
14 80
6 4
50 56
13 66
88 64
1 77
90 63
96 85
5 47
78 50
60 86
60 33
85 92
88 70
46 66
65 85
66 88
94 7
65 28
87 4
5 67
94 53
2 2
96 67
63 12
73 71
57 1
5 52
29 80
98 38
70 1
5 12
90 84
17 95
76 94
61 67
60 88
78 60
18 6
35 5
87 89
43 10
71 44
53 27
85 95
68 35
77 26
19 61
83 88
22 30
90 29
14 44
90 47
36 3
19 45
61 72
43 11
30 72
24 44
36 87
39 77
78 90
19 54
80 95
28 37
42 21
79 29
16 53
83 8
7 37
82 58
35 59
43 91
26 55
94 79
47 48
79 8
74 43
44 18
32 46
51 6
5 97
48 8
40 46
95 52
43 37
33 93
1 93
71 23
13 33
62 17
16 66
56 36
28 2
80 10
32 29
67 83
22 22
90 30
58 63
97 47
76 31
47 60
0 45
81 25
80 25
15 67
40 13
84 67
57 51
76 51
53 76
24 45
89 79
94 49
58 53
93 7
94 35
50 36
85 91
91 77
86 9
72 68
5 82
89 81
67 27
22 44
95 31
59 15
93 70
6 2
59 70
82 98
19 63
49 90
99 20
66 72
25 85
69 62
14 17
11 88
34 9
39 13
46 72
26 13
31 45
51 21
30 25
73 87
42 80
51 64
61 93
2 36
55 51
99 71
61 30
8 77
20 76
24 57
17 19
28 93
26 19
17 6
18 61
92 44
24 12
69 36
94 52
88 85
83 95
73 49
21 41
27 7
41 59
47 52
66 80
77 67
11 91
32 21
92 77
59 99
45 29
72 26
48 10
85 87
6 79
54 4
95 3
92 93
95 9
85 69
37 15
54 18
56 22
40 68
72 81
73 29
65 0
73 83
71 55
23 3
39 18
14 2
38 82
0 54
78 96
80 56
69 24
42 43
37 67
67 81
71 14
39 50
55 86
79 55
68 49
5 45
89 11
4 51
12 56
2 65
19 47
18 1
19 28
38 88
30 38
58 75
87 93
91 51
2 63
72 79
53 90
13 76
16 34
46 18
80 30
41 93
84 5
61 60
22 80
71 67
31 49
72 66
22 71
94 84
77 55
20 2
30 73
3 93
52 12
10 51
8 28
31 52
41 87
91 29
51 58
85 32
76 54
82 67
20 66
14 9
19 52
31 16
50 29
74 19
81 86
24 22
5 41
91 55
74 54
37 91
0 52
8 34
63 80
29 82
80 94
66 53
82 40
39 42
25 42
69 81
29 48
19 17
60 61
90 11
75 1
36 42
74 39
91 41
26 69
23 99
97 94
85 72
14 95
19 99
57 40
73 32
56 18
70 22
17 41
50 42
79 95
87 32
32 6
81 28
62 87
81 97
24 80
26 48
58 55
78 49
40 95
78 76
7 44
80 17
82 2
81 3
93 93
95 55
6 67
54 33
47 13
70 27
11 68
72 64
39 34
91 47
29 66
95 71
93 13
63 42
63 61
29 65
31 44
82 73
57 31
81 74
73 8
98 79
46 84
65 15
32 13
3 0
65 94
52 94
29 70
90 28
61 2
54 21
7 12
8 22
4 83
62 52
4 64
99 31
3 51
23 58
28 1
75 20
39 63
78 41
46 26
5 76
79 43
7 67
41 80
71 99
79 7
30 45
4 84
29 7
53 49
71 6
55 92
43 75
86 92
58 42
95 33
54 45
24 16
25 65
11 49
16 5
29 96
87 85
90 6
80 54
66 84
60 93
6 55
13 32
