100 3
42 99
46 52
21 20
78 6
32 92
86 78
80 44
56 46
62 95
98 21
70 3
5 64
52 57
81 86
41 49
32 52
49 24
29 59
40 13
18 47
59 74
2 32
59 26
14 50
20 11
19 76
75 28
10 53
9 2
72 72
85 93
5 95
77 93
36 43
20 65
28 84
42 59
60 65
74 20
96 99
23 88
15 55
41 11
1 48
29 42
43 97
54 10
92 9
37 34
30 86
28 64
99 88
57 35
85 92
43 12
36 98
90 8
38 55
47 61
3 47
23 84
77 0
97 79
22 51
94 90
18 59
45 90
39 9
43 42
74 52
59 95
98 20
59 36
15 98
48 0
36 81
56 72
1 23
45 53
4 70
25 6
24 21
14 20
9 65
13 98
92 49
82 50
15 44
67 15
71 60
10 35
1 53
77 83
99 33
24 58
75 67
96 70
85 2
14 51
60 18
29 31
26 93
42 31
96 32
19 71
3 73
49 79
2 46
81 7
30 82
38 21
86 4
30 83
69 55
64 75
88 73
65 93
74 6
75 37
37 17
57 57
3 81
24 86
84 40
4 28
72 27
0 1
74 69
52 96
20 23
11 97
43 43
1 47
71 51
11 75
1 60
37 62
87 63
13 58
62 78
1 15
49 92
42 12
41 42
96 69
51 83
47 48
22 77
29 81
93 6
11 27
42 21
27 9
19 99
14 42
58 67
15 84
13 13
64 41
78 73
97 3
17 11
45 17
70 98
25 97
57 18
72 50
60 11
48 79
89 54
96 57
43 13
49 50
28 89
10 55
24 40
60 36
50 6
60 57
8 23
9 37
65 13
35 83
92 45
72 12
71 2
61 86
60 2
45 93
81 24
3 64
30 14
50 80
19 65
14 81
60 25
95 78
30 49
20 99
49 61
51 96
35 15
52 92
46 18
84 15
9 20
71 40
37 5
82 62
45 11
66 67
24 24
92 73
59 25
17 57
97 70
96 68
61 11
4 93
9 0
73 13
93 42
76 73
8 61
79 29
39 63
24 8
30 31
38 30
91 59
52 3
0 50
96 77
15 35
45 44
84 18
3 61
96 35
92 41
25 37
46 47
38 49
32 30
96 88
41 99
88 0
79 79
76 50
52 85
15 2
96 86
97 10
6 34
11 32
35 63
77 8
97 65
90 11
57 68
78 99
65 9
25 69
21 85
56 25
58 40
3 77
66 59
39 76
95 62
57 84
91 24
88 49
17 48
97 56
67 67
57 3
33 8
28 5
90 2
53 1
39 64
52 48
36 82
9 87
63 26
18 99
63 6
51 58
85 13
62 62
55 15
29 17
4 81
62 89
7 58
34 88
11 80
70 10
41 91
15 10
98 36
50 88
52 38
81 41
42 24
63 53
77 70
64 67
7 12
73 50
80 29
32 6
27 33
40 22
35 58
37 94
38 3
35 40
39 78
36 88
9 90
82 38
12 42
16 56
57 54
19 7
28 44
81 71
18 58
32 7
68 3
30 61
22 65
40 50
37 65
8 25
63 18
68 69
24 30
57 0
17 72
0 6
56 20
29 12
73 3
79 93
78 32
40 72
71 82
31 65
64 14
68 37
55 3
13 70
2 61
70 82
33 88
92 50
45 26
15 38
9 64
34 79
65 15
64 20
5 51
40 48
77 16
80 94
77 11
90 96
42 66
92 74
29 26
45 48
62 81
82 68
81 29
49 74
53 67
39 31
20 3
61 46
69 20
22 15
97 73
33 60
44 61
90 94
72 23
69 99
89 82
28 13
14 99
61 65
34 39
43 95
51 37
79 32
85 50
27 67
32 31
80 32
22 79
40 14
65 12
32 47
0 19
98 39
93 64
42 37
95 71
14 32
34 8
0 74
94 22
83 42
52 9
33 31
97 21
81 69
27 40
90 88
21 60
61 6
76 28
15 7
40 57
29 83
55 21
29 85
77 76
59 92
74 70
44 99
79 11
64 90
81 96
94 87
7 42
44 26
65 49
60 53
76 88
95 6
47 8
1 99
25 87
64 58
35 48
4 14
59 15
32 9
78 90
38 82
80 51
49 71
61 93
30 32
41 22
61 30
48 17
11 76
97 80
76 36
29 55
77 71
12 54
29 54
90 31
73 70
49 87
86 58
28 57
29 41
60 84
93 1
58 78
77 85
11 11
50 38
82 53
92 75
84 45
7 71
43 47
17 65
57 30
38 98
26 24
82 29
61 35
72 64
66 23
37 15
45 79
75 79
75 34
15 77
87 52
36 59
27 46
31 31
43 87
64 62
26 12
66 91
61 92
79 6
99 27
53 81
12 66
88 24
90 21
67 93
55 91
14 72
97 94
42 89
52 17
24 29
14 88
19 30
99 4
3 57
86 7
5 46
51 20
95 46
11 83
87 33
45 7
52 55
37 46
13 4
28 43
21 13
44 97
99 48
70 8
37 29
58 7
40 6
35 91
74 87
52 28
92 62
13 75
78 93
82 11
32 54
59 67
87 47
55 82
69 54
25 42
91 44
61 41
10 33
41 8
94 31
0 94
23 79
60 28
55 53
99 20
73 47
6 76
91 6
16 3
85 56
36 27
72 74
66 6
31 94
79 34
69 35
40 47
32 22
0 73
71 1
68 85
67 90
15 26
68 10
20 41
72 43
81 8
16 52
28 91
1 30
51 72
64 71
90 49
84 52
31 93
25 79
67 78
38 71
54 12
13 40
24 74
72 80
55 88
94 26
27 30
58 91
39 96
32 64
28 36
24 25
8 69
50 68
42 87
8 12
72 69
6 83
90 39
61 62
94 55
7 47
36 25
94 86
6 6
7 32
79 3
39 89
5 39
54 19
18 12
26 84
15 19
36 0
54 14
60 1
67 45
77 32
58 33
75 38
52 74
58 47
79 12
62 67
97 2
91 41
16 93
59 55
13 14
30 46
20 77
46 54
62 61
81 11
7 28
58 80
87 25
25 26
20 54
91 40
46 59
89 69
49 37
71 80
61 28
83 56
81 50
72 35
33 95
41 63
91 46
75 10
50 74
73 36
91 49
41 85
84 74
19 89
58 98
52 72
40 82
71 69
14 95
64 7
96 1
29 11
54 93
28 52
37 6
82 78
62 55
99 76
75 47
15 61
25 3
58 99
84 43
23 96
75 68
37 4
66 31
86 11
77 88
6 68
39 94
54 91
69 40
92 40
3 19
82 25
81 16
27 84
48 34
6 24
18 11
37 71
78 77
36 10
25 46
48 29
2 71
15 51
84 35
47 82
50 2
4 77
11 41
60 21
40 54
38 11
7 17
2 48
10 61
80 54
88 35
58 70
26 90
91 5
62 16
88 91
59 94
16 66
90 59
26 26
85 20
84 39
79 92
1 37
9 21
57 5
73 92
85 76
57 63
37 81
12 73
94 32
23 59
62 3
66 71
2 98
46 75
32 17
5 86
52 84
34 26
61 9
5 77
79 1
59 12
85 0
37 63
35 38
72 82
92 36
83 51
63 9
39 93
15 8
67 59
19 28
50 76
20 53
63 37
40 29
63 60
69 85
78 89
32 72
9 5
81 5
58 74
43 37
4 97
40 46
57 36
35 55
50 18
23 19
26 70
52 49
80 95
3 44
91 71
97 41
46 82
64 77
58 50
30 57
17 83
9 19
8 78
99 29
32 98
42 40
51 1
58 39
15 18
80 45
75 76
65 83
18 74
77 63
11 45
23 66
66 69
21 55
77 34
23 74
2 45
12 14
22 46
86 23
93 70
62 44
87 15
91 30
50 90
44 98
62 40
29 79
87 85
32 24
3 17
88 80
76 40
90 91
58 89
13 97
89 88
14 91
14 94
94 97
97 36
27 92
94 1
52 86
56 49
61 68
85 80
73 81
71 88
21 88
84 9
67 56
94 81
71 85
83 66
56 18
58 41
69 78
82 23
6 44
16 25
41 36
31 73
95 32
19 47
21 34
54 92
34 24
26 2
23 13
54 3
16 2
89 37
25 52
96 10
91 88
41 75
16 70
18 68
74 37
7 59
46 35
11 5
75 90
41 92
80 0
5 84
61 2
23 10
89 11
41 32
72 87
85 90
13 6
25 95
31 20
60 19
17 17
89 77
44 82
47 45
14 98
18 25
49 68
3 38
55 71
30 30
2 73
74 98
86 79
35 19
10 67
90 17
92 81
11 1
88 4
55 1
56 47
69 3
31 11
23 26
22 83
72 76
76 8
39 38
19 14
13 27
83 54
3 11
45 12
12 50
80 78
18 85
97 19
85 29
1 69
81 46
12 80
86 5
89 17
39 70
82 94
25 5
68 39
55 83
3 13
33 87
61 13
54 36
83 71
83 45
95 54
34 22
9 80
48 66
68 79
74 5
12 38
17 68
72 13
40 78
44 13
78 81
8 31
91 17
19 40
13 9
94 13
78 52
88 84
87 32
84 27
31 71
47 58
10 30
6 40
68 17
29 76
27 2
4 16
17 69
74 74
26 97
1 11
36 14
21 94
51 78
32 25
4 62
25 66
42 94
96 12
38 56
90 47
39 55
7 83
9 31
69 23
85 47
79 37
96 2
46 16
68 77
75 53
17 91
88 96
21 66
94 8
8 42
95 50
28 12
14 21
53 97
48 51
80 48
64 31
40 69
20 14
25 24
55 32
58 76
85 61
58 66
3 20
77 99
89 5
12 82
99 43
48 9
76 99
4 53
16 97
19 81
95 76
34 61
25 27
27 28
50 24
33 83
39 40
68 35
33 30
45 77
71 89
49 32
77 47
79 60
94 11
17 62
31 4
29 84
82 41
25 84
11 29
5 63
88 41
44 84
43 39
25 13
9 95
97 6
19 60
60 42
82 74
0 15
1 1
52 58
67 50
10 90
70 70
5 90
49 94
56 36
82 15
54 82
31 8
62 13
48 61
76 14
76 11
33 23
94 53
43 28
11 67
59 61
93 33
29 10
3 40
53 76
96 5
9 8
66 80
76 58
23 24
13 83
37 76
37 7
41 35
0 35
34 98
33 39
17 77
75 29
94 6
43 53
21 39
71 37
46 48
59 88
98 95
2 35
57 31
53 29
76 27
53 2
0 22
92 21
4 17
77 72
82 86
30 39
44 94
1 52
32 59
20 78
84 6
97 32
81 21
86 66
88 61
67 42
79 96
39 16
53 32
7 21
44 60
61 79
23 8
11 66
35 62
83 60
3 58
75 92
83 99
43 14
46 46
76 63
19 63
92 84
23 9
72 7
41 12
41 62
73 37
97 67
93 53
53 10
88 2
72 77
6 48
45 82
32 67
25 58
97 64
92 70
83 90
27 95
87 13
87 93
5 54
49 80
32 73
26 77
95 68
37 84
80 63
79 97
56 61
70 5
34 34
8 4
43 19
67 38
67 98
1 29
54 8
46 33
13 5
79 99
60 78
99 9
92 58
59 34
67 33
10 75
91 81
69 74
96 33
48 14
23 17
70 76
10 63
72 37
44 35
39 69
12 26
89 87
76 85
98 88
0 77
82 54
82 7
90 32
51 33
89 90
14 49
17 89
45 43
16 64
58 82
34 43
48 27
95 1
88 29
78 23
20 90
36 2
78 36
24 5
19 21
87 96
99 93
45 36
34 90
19 51
53 38
81 76
18 3
48 88
88 72
4 73
81 10
80 26
22 64
95 35
59 33
89 44
40 74
97 33
11 77
57 40
37 28
49 46
10 2
55 22
43 93
47 86
13 61
36 22
74 93
98 55
95 14
42 13
84 21
2 25
60 59
42 84
71 57
53 94
67 3
14 13
30 51
59 40
46 6
96 22
51 95
62 66
42 80
33 70
87 4
66 94
15 91
7 9
91 76
62 63
77 4
1 21
24 69
18 57
78 94
27 78
60 93
47 36
13 54
24 22
45 25
1 32
53 42
47 38
67 36
13 62
4 33
67 1
42 6
28 23
19 91
82 46
14 24
28 77
19 55
24 64
69 75
60 87
63 56
68 38
55 38
40 86
16 12
10 15
50 59
26 62
71 79
69 49
81 20
61 14
59 48
33 24
7 14
21 3
70 47
68 99
52 41
62 56
32 57
98 59
90 9
4 44
82 45
56 89
82 1
10 9
16 89
56 11
35 68
44 20
38 83
80 77
63 0
13 91
67 37
44 89
43 99
34 11
41 13
37 82
92 14
96 65
99 6
43 27
77 3
9 71
79 28
74 14
33 50
17 8
49 18
88 56
47 83
95 31
34 42
93 98
3 62
99 28
8 47
33 42
76 49
45 41
16 26
88 66
70 51
0 63
97 87
95 24
44 78
73 7
46 77
49 49
21 11
22 84
49 40
18 48
36 57
37 93
64 60
29 60
39 13
99 73
41 18
14 23
59 37
74 43
41 43
94 58
89 32
66 33
5 19
14 7
44 81
30 52
2 14
89 96
30 59
1 65
67 43
5 20
28 19
50 70
66 98
17 13
15 6
65 33
24 72
43 80
2 16
38 14
2 20
5 2
78 17
94 49
21 14
39 72
22 10
76 21
71 9
73 45
39 30
93 72
72 24
25 44
91 58
26 83
33 49
33 43
54 64
15 9
76 98
59 4
86 65
53 71
59 9
95 86
66 61
93 62
6 52
67 51
43 16
18 39
94 29
1 58
75 39
60 73
31 70
21 53
72 58
36 49
30 6
38 67
43 91
78 50
17 9
53 40
84 54
40 38
0 17
72 1
38 37
3 54
62 38
98 56
61 25
30 79
48 25
94 66
48 84
95 63
54 90
92 16
53 54
73 74
36 17
9 13
59 81
38 88
95 64
84 69
21 78
9 17
25 35
17 86
10 72
99 54
92 32
10 78
6 7
44 74
79 76
87 66
14 59
89 68
97 15
89 22
91 82
70 29
40 27
3 82
49 29
70 81
43 58
65 71
55 60
81 57
64 0
41 89
54 6
72 85
88 46
27 4
50 46
9 46
23 75
90 41
32 82
92 85
22 88
53 31
29 92
88 81
29 90
88 5
73 19
29 1
73 90
70 60
21 1
27 29
74 13
13 95
24 28
41 15
28 99
91 31
5 58
50 99
60 72
22 0
16 48
98 7
87 9
9 51
3 76
73 56
92 11
30 1
28 79
60 46
66 70
22 33
63 89
34 91
84 63
84 42
13 0
13 94
71 98
95 33
73 59
64 19
25 31
81 97
93 56
41 57
29 70
23 4
98 32
0 32
51 80
98 2
44 54
9 16
28 53
21 77
10 83
68 58
56 73
62 70
28 37
33 57
95 28
48 45
97 45
11 28
21 90
70 64
48 15
47 95
25 61
99 86
75 87
77 74
98 4
93 16
14 70
81 65
60 99
18 8
49 0
7 81
34 5
92 91
91 74
93 66
67 8
48 44
95 18
52 71
1 84
74 15
58 96
73 71
91 48
79 85
87 54
55 0
88 71
32 42
42 57
20 91
75 18
17 41
39 37
46 27
70 83
26 19
22 35
38 66
81 60
85 46
88 79
39 7
68 2
10 79
6 49
48 43
11 85
2 3
57 77
36 24
46 84
64 84
24 96
89 15
99 12
9 35
70 50
10 0
61 82
88 36
4 1
4 34
80 85
95 73
32 41
68 62
88 50
2 96
60 48
3 55
96 30
21 38
74 54
63 28
52 35
34 16
59 58
20 57
84 36
31 2
27 63
16 15
83 8
43 72
48 69
37 8
65 6
93 40
41 95
11 38
8 73
92 37
93 31
18 92
65 86
9 86
82 47
82 14
77 79
83 0
23 68
78 85
66 95
33 6
30 26
49 76
69 48
28 72
46 50
81 56
25 82
93 90
52 69
88 53
51 28
59 45
45 60
5 23
88 32
91 15
32 0
9 43
42 65
9 1
63 79
82 82
31 57
74 76
85 6
3 14
61 94
62 33
63 15
29 96
77 94
36 95
64 45
73 34
62 28
25 16
77 42
33 90
43 59
72 54
38 92
64 69
13 24
44 45
72 19
13 78
93 30
68 5
4 30
70 15
17 92
35 53
82 83
12 69
82 85
21 47
14 66
27 12
37 96
14 3
98 14
62 25
43 55
83 24
50 40
45 63
69 64
59 99
49 55
47 55
33 99
20 61
63 98
72 61
86 69
18 16
0 27
51 18
48 78
55 72
19 15
61 23
26 5
78 69
60 60
64 33
57 92
46 51
70 7
19 92
23 94
87 72
34 40
61 69
19 0
64 26
31 51
62 77
35 78
84 0
49 51
32 99
42 69
12 33
28 41
37 88
99 63
48 58
75 82
25 25
28 8
8 18
55 39
24 98
93 28
17 39
25 77
69 12
66 81
95 58
46 79
68 1
53 56
66 64
73 17
11 61
73 31
36 30
48 86
71 25
35 86
41 87
23 33
75 71
62 50
26 49
39 92
20 88
19 2
64 88
7 16
55 98
69 4
57 41
86 96
55 64
49 3
96 18
84 25
57 33
31 74
47 28
82 88
46 69
20 0
45 3
56 79
87 49
13 7
9 79
61 74
59 24
24 46
15 37
92 18
63 2
99 60
12 96
62 15
98 73
36 31
30 0
70 91
27 50
94 17
14 33
70 97
84 61
84 97
77 59
48 16
98 60
51 36
87 61
44 73
2 82
37 89
93 17
8 59
82 63
57 73
55 43
98 24
45 55
21 80
15 57
12 32
82 10
80 46
47 13
45 46
81 77
68 72
76 5
21 84
44 8
20 92
5 0
76 48
77 68
63 63
13 50
95 91
8 19
49 77
59 41
98 16
34 19
24 32
56 31
16 14
42 90
36 64
34 94
21 32
71 26
11 31
65 66
64 97
73 46
25 78
4 67
2 30
91 93
80 13
11 54
57 65
64 55
0 69
78 66
31 85
20 44
5 49
22 24
82 16
8 81
76 9
12 23
70 49
37 24
59 69
47 80
7 35
57 43
56 78
87 60
25 15
4 7
32 84
26 99
60 50
96 41
93 12
7 77
3 91
63 88
25 22
61 96
32 46
53 51
43 8
17 73
35 74
56 5
65 45
37 22
33 80
21 73
46 17
84 93
40 71
7 1
13 51
2 31
67 16
9 58
66 20
57 22
77 44
23 38
90 73
7 63
25 56
93 44
2 23
2 87
2 5
46 58
35 37
21 29
33 7
1 27
49 93
43 84
41 4
87 11
7 20
26 7
18 29
33 19
69 8
38 18
12 8
61 50
1 56
98 41
60 80
73 32
48 6
66 30
16 91
4 65
70 34
12 16
25 63
16 47
68 95
73 33
42 7
51 32
82 34
15 0
6 38
56 86
45 59
62 34
28 10
4 64
87 97
83 94
66 68
51 19
86 86
12 13
58 63
33 34
88 68
49 26
26 31
2 1
76 43
68 25
86 82
32 1
68 74
50 93
46 98
79 31
23 97
20 70
8 70
1 62
8 67
17 67
31 52
0 96
71 73
38 46
5 92
45 86
45 96
59 20
11 89
57 62
26 42
4 50
41 16
87 65
92 59
71 76
5 30
75 58
64 5
79 42
91 66
79 27
95 75
12 45
34 83
40 73
19 70
68 50
24 33
21 0
40 0
17 22
77 91
20 34
0 88
27 52
79 90
25 28
44 4
71 28
98 94
3 45
42 1
42 62
93 9
79 61
61 81
90 54
71 83
74 35
91 11
1 44
12 57
28 69
37 30
12 75
43 45
49 38
36 90
40 84
36 99
85 32
65 23
34 12
7 27
63 73
46 60
9 11
80 39
50 98
32 94
19 22
75 8
52 32
31 82
42 93
76 69
22 28
0 90
98 99
23 65
46 61
71 8
31 25
92 23
52 53
57 39
61 21
16 36
8 17
20 8
8 66
81 40
68 80
16 0
19 42
47 76
57 28
31 63
73 20
72 96
40 67
62 1
47 50
71 6
12 35
58 37
92 93
49 96
27 41
82 73
0 0
10 41
91 85
14 89
1 38
69 63
0 76
22 13
57 86
47 2
31 47
2 70
16 45
78 55
54 5
4 79
27 89
78 61
5 67
95 26
0 47
61 98
92 15
66 77
82 55
99 79
84 32
88 7
74 41
56 52
19 62
75 1
2 29
81 34
31 96
97 97
4 92
61 47
64 50
31 78
78 82
37 73
47 10
15 73
8 74
93 43
86 51
3 32
62 58
54 85
13 47
5 9
66 83
26 95
73 25
44 66
8 6
22 30
19 75
72 31
32 50
21 63
81 62
48 52
49 86
8 10
11 48
70 58
70 44
10 99
76 89
11 71
54 87
42 92
17 90
24 2
99 74
31 83
74 57
87 18
26 1
38 32
77 33
71 94
80 67
86 39
6 4
25 88
7 90
68 32
38 94
15 36
76 59
11 57
5 14
78 3
37 91
57 7
4 74
63 72
15 43
82 42
60 64
88 16
51 44
30 93
45 75
36 68
26 45
6 12
68 14
18 84
17 51
10 3
90 80
41 73
3 37
72 79
20 46
32 87
39 27
20 22
11 68
22 12
1 80
77 23
10 73
87 29
79 94
7 26
81 75
60 5
7 57
46 65
57 95
46 88
8 94
96 67
14 45
77 6
46 80
64 82
27 99
11 12
73 96
30 89
8 45
60 74
24 60
40 23
9 98
31 72
33 46
48 77
52 47
3 5
65 37
31 91
5 65
10 47
10 74
49 89
88 48
21 27
18 42
76 86
78 15
95 9
0 16
45 13
45 22
14 34
13 76
93 78
12 3
3 74
26 41
66 22
3 26
44 86
43 56
32 61
68 9
43 77
35 31
63 82
26 87
64 35
75 30
94 83
26 94
49 39
83 28
72 94
62 76
46 83
80 20
12 41
99 52
51 4
31 59
47 57
82 26
10 45
22 70
59 56
72 25
78 56
30 7
72 22
40 59
1 34
31 86
43 62
38 23
24 50
16 84
79 73
86 90
57 44
74 8
24 13
45 88
28 58
49 8
17 47
57 9
98 1
66 51
15 13
7 99
56 10
81 89
94 43
9 54
59 96
75 32
20 84
23 7
73 89
39 36
39 85
86 19
14 37
16 9
50 47
18 23
22 66
90 14
0 57
80 2
84 92
56 93
64 1
95 57
47 9
30 23
40 26
22 31
86 60
53 66
35 60
89 94
7 0
88 39
33 53
26 55
83 82
44 27
10 68
2 56
83 98
69 29
17 35
32 56
14 57
51 62
66 43
90 4
82 98
43 57
33 94
18 56
81 32
49 11
97 78
28 18
29 61
83 36
66 85
80 65
1 68
53 58
9 88
49 57
46 9
82 90
89 0
85 30
95 23
73 91
87 38
18 82
4 89
71 75
26 17
57 89
50 71
21 56
85 17
21 65
19 88
94 93
53 24
6 36
21 6
99 14
99 45
47 51
0 45
55 28
16 55
96 84
78 62
98 52
85 57
33 3
31 84
36 92
12 37
50 50
24 23
86 43
73 30
43 76
42 53
52 29
10 62
17 26
80 4
83 88
5 13
90 74
66 26
24 15
78 26
28 14
43 18
87 14
55 12
64 25
79 70
73 66
33 81
72 83
48 7
93 92
53 84
11 35
2 59
38 16
39 65
15 90
72 45
14 48
75 22
68 30
42 95
65 61
19 43
59 68
98 65
25 39
99 85
21 36
2 65
69 87
81 83
45 97
97 69
10 19
7 3
34 89
72 47
81 4
88 28
35 87
74 62
76 65
76 32
52 68
37 79
36 8
65 3
11 46
6 28
78 21
88 30
83 30
48 87
63 35
7 39
24 67
38 39
55 62
68 64
31 80
66 3
74 31
2 89
90 89
11 18
52 26
24 31
34 41
51 50
66 40
73 38
75 69
6 91
68 42
58 18
59 80
61 75
4 59
7 82
46 73
76 24
74 19
51 66
43 32
20 47
14 41
48 12
90 13
3 93
97 49
41 78
53 23
36 9
38 57
51 41
95 25
77 90
73 49
91 21
50 13
15 99
74 1
24 62
24 10
45 73
13 65
92 83
66 58
81 85
73 69
81 52
4 6
49 1
58 48
89 47
71 0
25 29
40 85
80 57
42 27
10 17
88 13
30 5
17 70
28 48
25 48
5 73
17 16
8 75
85 99
11 78
65 48
46 55
95 66
99 46
73 57
28 54
23 1
49 10
69 30
40 3
70 19
29 33
37 39
35 12
13 86
55 78
9 74
41 2
59 10
19 44
40 1
12 93
29 72
12 77
31 30
22 41
95 95
79 23
42 2
10 29
81 9
17 30
56 88
70 4
67 47
32 4
54 76
98 33
80 47
59 77
84 75
97 46
45 69
52 5
63 42
39 29
86 16
67 88
2 53
22 97
4 55
31 37
11 25
18 54
13 11
49 36
85 8
9 67
47 6
72 0
21 54
70 61
30 22
51 5
59 87
32 5
24 68
1 92
13 88
29 57
87 5
57 13
61 16
48 19
78 58
59 18
26 22
2 91
7 11
46 42
2 58
14 55
65 43
30 76
97 23
3 34
72 30
75 77
84 77
0 41
37 78
41 14
1 24
46 38
44 36
32 89
90 43
43 71
13 38
2 94
4 84
64 98
85 38
44 28
12 9
83 91
43 29
10 91
34 69
83 47
8 56
65 56
46 74
74 21
34 82
86 29
12 20
4 25
31 26
72 14
61 15
72 71
39 62
27 21
13 89
86 74
48 55
32 77
12 59
21 24
7 93
74 53
18 93
76 42
24 79
57 90
5 25
87 64
74 97
79 86
26 11
56 90
92 63
87 51
32 62
84 16
73 2
78 60
44 47
72 90
27 88
82 99
77 38
98 57
76 75
12 36
58 60
7 92
82 69
0 60
72 20
25 4
4 9
90 82
19 53
6 0
93 47
88 1
40 4
92 30
60 44
14 79
3 9
48 3
62 20
1 57
95 93
4 85
97 0
97 62
64 96
55 75
80 31
77 9
6 32
0 56
97 13
60 23
23 89
14 31
6 69
44 68
70 2
46 63
29 39
65 8
93 39
48 95
74 96
20 64
46 78
52 30
48 35
11 64
31 81
86 95
68 87
95 45
83 58
91 38
58 42
36 73
75 60
68 65
90 26
55 40
69 95
81 37
36 5
71 23
64 12
24 6
77 50
83 70
96 74
11 74
61 99
34 81
60 56
9 62
53 61
12 89
60 8
3 35
12 94
84 8
67 40
11 84
63 12
96 36
69 71
59 62
86 46
69 60
32 27
2 18
55 97
21 23
58 55
47 43
6 74
46 15
91 56
76 16
45 64
93 41
22 6
69 44
74 89
99 26
99 78
78 51
16 46
0 72
62 90
12 71
43 64
96 54
90 46
86 87
83 79
84 29
66 28
79 43
50 48
60 88
54 11
66 99
92 35
61 67
82 52
4 71
58 12
21 83
4 68
11 81
13 28
62 96
75 42
83 29
49 67
90 10
26 28
29 34
0 89
82 5
57 50
52 34
83 6
98 28
91 8
86 59
34 59
41 33
9 28
84 5
72 8
63 94
43 86
80 7
77 58
71 86
30 66
89 61
86 52
21 76
38 17
69 58
31 88
67 17
32 43
50 54
89 91
87 86
20 20
78 48
53 79
58 2
41 79
46 76
31 33
82 79
59 31
30 80
40 92
3 67
46 64
53 4
59 98
22 18
82 4
25 2
20 35
87 44
91 3
76 64
27 48
60 83
60 3
59 17
10 87
8 63
90 51
87 84
92 95
8 35
91 34
15 96
63 39
19 23
73 48
80 69
69 56
3 48
16 22
55 59
11 98
3 22
49 13
40 42
14 27
99 55
45 80
96 55
2 34
2 27
60 71
75 0
86 77
76 2
20 15
66 24
25 93
45 99
2 4
43 48
58 13
94 74
5 31
68 60
47 25
39 79
49 48
56 37
43 5
46 34
85 49
84 46
16 88
66 97
26 36
27 0
61 84
87 1
0 58
48 26
99 66
49 58
93 63
20 49
12 64
47 14
31 58
5 11
10 4
4 10
10 42
81 90
43 41
46 2
67 35
48 76
97 16
65 18
85 55
66 76
85 73
57 21
23 86
29 51
50 79
72 60
67 46
42 86
40 81
46 4
91 72
45 39
79 80
53 17
7 91
0 95
68 44
52 52
2 55
0 8
72 44
28 68
82 19
57 69
83 23
16 1
86 17
12 30
39 60
23 14
65 42
17 50
43 52
99 82
46 99
6 86
99 16
32 38
71 67
87 78
96 79
63 48
63 87
12 28
63 75
24 20
71 13
76 44
20 63
3 50
63 69
16 24
95 79
68 56
50 3
81 30
30 98
92 29
68 26
6 65
80 22
32 91
69 5
67 7
1 20
89 85
94 23
59 72
19 48
1 18
27 77
25 89
28 60
22 91
32 23
24 75
98 45
26 78
37 97
9 4
3 42
2 51
19 49
56 51
80 87
38 79
37 56
30 55
67 84
12 40
33 65
24 56
18 96
31 92
13 2
22 60
6 72
25 1
33 96
79 26
40 11
41 47
73 39
18 9
70 48
34 21
47 74
52 1
4 47
70 18
0 86
92 26
36 15
25 68
40 19
89 97
31 61
37 85
7 70
51 42
34 6
73 42
2 38
49 83
26 14
29 22
20 27
61 51
67 76
7 79
75 31
58 25
37 11
29 95
97 83
79 41
24 19
38 33
89 84
80 74
82 81
91 60
92 53
17 0
20 45
52 14
37 80
48 4
38 13
51 17
46 86
55 33
92 54
65 77
76 7
17 84
30 95
44 59
75 51
59 19
57 14
73 29
42 3
54 13
91 26
54 74
83 11
62 5
12 18
5 78
58 14
39 95
7 8
86 9
32 44
93 34
85 18
5 1
21 28
86 42
38 45
46 22
35 72
4 0
92 34
59 27
2 80
91 42
27 44
12 34
76 15
19 73
64 54
22 37
40 32
29 91
59 66
19 54
14 83
92 42
14 15
90 16
41 41
43 40
15 15
58 54
23 21
46 24
8 98
85 75
1 75
23 99
45 4
66 65
95 40
11 88
28 34
17 63
9 70
71 33
8 16
62 43
99 58
9 18
1 87
87 76
48 75
61 20
88 27
17 3
19 12
8 92
60 63
75 59
22 32
67 10
14 40
49 44
78 25
41 76
15 62
82 9
66 45
62 87
15 29
80 62
32 79
65 7
40 58
60 66
13 55
23 0
6 9
55 35
54 43
40 33
35 77
2 0
18 70
81 12
95 90
88 19
82 20
11 50
52 43
87 41
11 93
73 18
77 55
66 19
27 72
83 34
30 73
81 13
46 7
28 27
2 93
76 84
58 24
70 37
91 37
66 34
11 99
92 4
6 8
13 92
40 70
34 75
62 4
20 67
12 29
25 20
74 39
50 36
39 11
11 59
8 76
97 91
82 56
48 1
18 78
49 52
39 2
88 95
8 54
79 22
4 27
7 6
17 36
46 49
75 46
72 48
77 48
69 41
80 53
18 33
35 81
22 5
98 38
19 87
15 95
30 41
53 26
79 59
66 0
54 53
7 2
22 7
86 22
9 40
41 70
96 59
93 51
60 15
79 75
72 39
98 78
76 35
86 84
32 85
61 17
29 64
89 76
51 88
33 2
17 56
12 4
50 39
3 8
56 6
0 81
35 79
38 96
42 73
64 72
89 16
30 91
73 85
15 50
37 44
18 14
81 81
86 56
57 4
92 80
9 76
16 27
64 73
78 79
50 81
51 98
25 19
28 93
28 17
49 25
51 70
56 92
96 71
51 27
43 9
62 52
54 97
35 2
86 83
69 32
6 70
89 72
36 66
17 20
0 53
45 1
76 26
73 43
7 30
10 85
63 59
39 8
86 14
39 67
73 97
60 37
28 67
94 44
99 23
85 60
70 62
94 57
33 78
21 50
75 4
42 35
23 69
85 4
33 75
83 69
47 7
97 35
24 9
38 28
65 94
84 37
0 46
23 29
99 53
38 47
5 68
58 22
70 11
68 6
28 33
55 23
68 90
62 75
19 3
90 93
79 98
35 10
21 33
50 30
35 50
12 74
67 14
99 21
61 40
91 20
36 79
36 18
29 86
55 89
48 91
14 71
10 52
3 23
61 54
53 72
8 48
87 95
90 25
35 23
9 59
35 69
88 47
8 91
86 88
18 43
26 92
1 72
54 52
17 44
70 33
12 46
60 45
64 21
79 84
89 34
67 2
81 68
56 64
29 25
94 59
27 76
73 27
87 6
24 26
4 20
21 59
25 11
5 16
85 11
96 89
30 69
95 8
20 12
27 20
92 39
71 45
51 99
51 31
15 32
86 20
69 61
12 70
85 19
95 83
54 95
91 4
19 4
5 74
29 99
34 55
95 34
75 14
2 60
7 46
91 27
81 64
94 92
44 31
1 42
15 74
69 22
90 75
16 41
71 17
44 2
47 32
92 51
36 26
2 67
75 25
52 11
98 68
20 80
91 53
76 4
38 4
60 33
87 69
2 50
7 55
58 85
37 67
51 39
45 27
77 45
69 36
79 63
5 33
0 43
55 18
68 4
16 58
41 46
53 90
71 56
24 47
70 32
46 23
58 28
48 50
72 88
42 74
50 83
58 52
0 52
28 87
46 71
41 58
44 51
54 51
18 61
10 13
52 0
47 12
5 87
22 96
29 48
23 85
64 81
60 12
78 54
15 52
85 27
37 38
17 15
6 95
77 60
95 92
56 3
2 13
58 44
51 30
61 32
45 87
18 65
64 93
30 18
26 20
7 56
75 9
73 99
56 7
63 1
74 2
7 52
78 28
78 38
67 73
22 38
29 97
42 42
41 28
49 7
42 67
33 93
98 42
32 28
62 99
68 22
3 65
4 88
35 9
10 7
45 15
82 0
4 78
47 56
20 68
94 89
47 22
47 78
49 16
56 2
15 97
34 14
82 44
78 5
53 93
85 58
9 89
37 12
38 74
89 30
75 33
31 90
82 12
87 7
7 44
90 7
22 69
35 64
17 32
92 61
60 75
34 27
56 60
27 23
26 43
82 76
75 11
95 47
59 75
67 75
58 62
80 15
5 56
18 15
34 99
60 13
41 50
34 92
25 67
57 12
94 67
74 78
17 80
3 27
25 59
24 34
66 63
16 8
70 59
59 59
71 90
42 34
71 35
50 77
86 10
49 34
37 16
18 10
5 8
53 34
82 72
23 54
98 13
31 67
10 93
80 40
24 78
81 45
57 88
37 43
88 86
59 91
5 4
22 11
81 36
20 62
82 6
98 17
61 22
61 1
37 1
16 77
58 1
78 76
60 10
67 87
31 69
84 51
60 32
44 63
95 77
37 70
27 31
35 32
67 19
94 19
31 36
80 92
26 64
10 40
2 36
76 76
55 47
39 48
35 93
97 48
59 32
88 70
37 31
2 79
85 82
71 20
29 6
54 62
75 62
32 66
3 72
29 89
52 82
51 93
67 31
31 64
83 85
96 27
19 84
12 27
23 70
43 61
25 32
19 95
81 63
0 66
92 3
95 29
19 10
83 14
44 55
54 41
65 40
60 62
71 54
14 69
57 93
45 23
50 49
36 12
41 64
74 42
96 90
49 42
6 96
14 76
23 58
91 43
71 78
53 46
45 45
49 47
66 86
46 41
6 94
9 34
46 66
6 33
46 25
63 36
4 87
8 72
44 85
34 64
87 98
31 68
60 92
63 91
75 70
26 82
50 66
28 95
8 20
71 15
84 94
28 73
85 86
9 93
83 83
76 53
94 71
1 39
39 10
43 15
91 51
93 55
43 96
44 17
25 8
96 14
50 41
28 32
63 66
79 44
57 76
69 10
96 9
33 85
34 57
83 32
27 38
78 27
94 95
59 93
24 51
43 68
49 56
18 67
27 79
6 81
22 21
57 10
40 12
9 97
83 40
26 88
6 13
53 15
93 49
75 56
70 25
66 29
97 25
72 32
75 26
1 35
8 3
16 67
64 52
83 4
80 61
10 76
52 95
69 82
83 5
80 60
35 98
7 61
96 58
61 38
77 29
51 63
70 1
91 23
98 31
51 49
39 50
59 6
98 91
88 14
47 67
93 61
87 8
24 52
90 72
10 38
7 25
75 57
87 67
83 31
51 54
54 20
92 89
16 83
34 70
24 18
33 56
6 10
67 99
50 26
39 53
65 36
47 98
26 60
38 35
52 21
8 77
60 41
87 81
16 72
61 0
69 1
95 41
27 65
77 28
36 53
16 49
29 77
27 22
94 12
30 38
1 86
34 23
93 77
54 50
54 30
39 43
45 5
72 93
22 78
35 57
79 21
71 10
59 82
32 32
15 23
82 70
13 59
31 39
27 24
52 64
69 86
72 51
70 75
71 42
49 6
95 21
0 5
18 13
40 65
42 11
30 60
27 14
79 69
88 97
5 75
89 80
73 9
93 19
42 81
54 72
87 94
6 17
13 31
50 12
80 86
10 86
81 3
17 10
0 20
60 27
77 27
90 76
83 48
25 23
53 85
15 22
43 50
27 73
11 24
65 75
28 2
88 18
26 75
58 5
91 14
95 27
65 96
20 32
95 89
81 18
83 2
85 63
20 1
14 75
94 76
20 66
89 3
38 41
66 18
79 81
48 33
35 52
50 96
85 24
72 75
22 54
55 44
98 34
12 51
85 21
6 57
86 63
13 22
25 70
36 62
6 92
27 43
20 18
89 20
9 63
66 32
96 31
41 56
61 39
30 92
70 72
89 64
69 83
13 72
73 6
0 59
86 64
59 0
47 47
60 31
29 36
6 25
87 82
84 87
94 18
92 20
11 53
91 61
94 27
34 25
93 85
74 48
29 9
58 86
9 94
53 3
77 40
67 66
85 64
44 69
67 30
59 14
68 61
45 40
0 54
87 43
81 35
90 78
85 41
7 34
1 6
46 31
82 64
77 24
78 40
29 78
20 79
39 90
73 5
4 99
73 60
91 19
55 42
65 38
2 99
54 37
59 85
53 7
72 52
74 65
2 10
69 52
65 44
46 45
91 83
79 91
34 67
67 23
2 15
32 34
75 50
9 53
69 50
97 30
25 74
73 55
38 68
17 45
47 18
25 21
28 97
71 19
7 69
18 7
55 96
77 7
43 85
83 38
5 42
34 78
44 67
34 72
73 11
35 43
60 70
4 83
78 39
81 25
15 79
98 5
83 75
35 73
75 99
53 48
11 9
63 25
31 1
95 44
5 70
24 73
19 45
44 70
76 82
57 29
3 56
42 41
15 78
98 51
19 35
54 4
82 48
44 21
41 53
86 92
57 66
86 1
89 58
9 81
89 79
85 22
91 22
28 88
6 21
91 64
60 6
78 96
15 94
6 54
23 61
69 69
1 55
84 28
28 80
60 30
95 70
7 65
39 39
10 23
74 86
27 54
75 98
17 59
82 71
85 67
98 58
51 40
9 25
88 69
35 6
67 55
65 47
68 52
14 29
3 28
49 15
92 94
29 67
69 84
58 92
81 78
59 76
19 82
59 42
42 77
22 92
35 88
23 52
53 57
52 45
91 10
61 10
26 63
29 52
60 43
90 35
14 85
54 67
88 10
42 63
11 96
84 38
99 77
52 24
90 53
23 81
1 93
49 82
51 48
24 36
72 15
41 74
39 45
29 37
91 32
39 14
38 31
65 31
35 41
35 44
30 42
76 1
35 11
16 65
63 14
47 97
41 55
86 27
76 47
74 73
79 9
84 26
99 71
19 39
80 24
9 30
96 21
77 19
53 28
34 29
58 93
71 48
17 97
40 40
75 74
28 71
69 6
46 39
39 88
8 9
9 84
66 96
17 46
56 98
51 81
95 88
67 69
88 51
77 96
32 39
76 91
46 3
4 13
67 60
45 0
32 86
68 45
98 44
83 22
84 31
66 87
54 39
15 28
87 80
55 16
58 75
92 2
9 42
18 31
63 17
92 68
0 40
73 73
89 35
77 75
9 48
81 23
86 24
15 68
71 12
27 8
56 30
50 31
51 38
47 31
21 86
64 9
53 53
54 68
37 68
37 32
45 38
56 44
30 33
48 60
70 31
25 34
74 32
9 57
78 24
93 74
40 75
67 52
84 4
22 29
12 58
39 61
98 47
26 0
52 91
20 55
70 66
77 46
34 46
30 10
42 60
39 49
75 73
58 79
3 97
33 35
88 75
51 75
71 87
23 48
6 77
3 4
88 43
39 25
86 44
77 65
85 12
1 78
82 57
10 16
42 23
55 57
48 64
75 24
36 6
76 23
62 35
40 30
71 11
75 12
95 42
48 63
11 16
41 7
87 57
89 49
24 57
22 1
3 43
37 41
59 86
29 62
61 53
62 69
68 40
52 6
14 60
15 92
42 56
6 58
45 76
26 10
5 12
85 72
35 24
73 58
16 29
14 74
70 21
12 49
14 35
35 70
22 58
93 68
57 24
52 98
14 1
97 90
90 28
69 26
51 59
87 22
52 89
95 96
50 5
28 46
64 15
68 48
66 89
21 8
89 33
45 6
6 22
10 24
26 16
4 90
80 70
61 85
27 97
39 17
89 56
16 68
50 1
69 90
16 34
75 94
91 39
77 77
81 61
42 33
77 80
78 14
52 7
46 26
65 72
84 1
72 73
78 11
93 32
58 83
67 94
89 8
1 45
6 63
44 5
6 82
44 92
6 5
17 54
70 46
6 61
34 3
95 36
67 81
70 89
90 63
66 8
5 55
93 7
69 72
90 27
73 40
91 86
94 2
23 56
60 81
28 30
58 45
37 90
17 60
0 14
19 17
6 98
73 78
55 31
12 99
11 10
92 71
76 38
33 45
32 48
56 57
82 77
77 89
13 26
70 54
65 85
24 71
35 96
71 72
96 53
57 20
64 29
31 54
43 92
48 48
48 2
46 57
87 58
72 11
0 97
1 16
19 97
67 39
40 60
14 12
13 30
75 93
14 25
42 45
14 39
48 38
69 38
33 4
21 92
34 33
98 54
78 68
53 9
4 15
58 4
38 48
39 44
7 33
82 37
59 52
77 82
95 11
63 68
29 87
28 55
38 80
20 81
38 60
26 73
5 15
85 77
15 80
12 31
57 32
75 35
3 94
41 30
79 13
12 63
56 62
18 73
45 95
63 20
53 69
15 56
34 87
43 21
84 47
62 85
6 71
63 41
15 70
72 16
28 28
75 97
5 79
42 22
28 65
6 89
13 16
38 72
44 80
1 76
81 93
42 14
27 16
60 79
45 47
1 54
31 28
81 92
80 42
81 74
80 35
51 68
82 18
68 29
48 59
13 32
47 81
80 33
38 65
77 54
41 39
31 6
86 93
16 78
55 45
49 66
32 78
26 65
87 10
68 73
73 95
1 79
73 16
11 7
78 46
56 14
57 38
5 96
22 48
45 54
54 71
52 90
14 87
59 43
1 73
87 71
62 57
46 29
3 88
78 18
89 55
64 32
20 24
58 35
86 54
86 12
40 68
53 82
10 80
6 79
28 94
27 69
88 77
85 23
71 32
41 26
7 78
71 14
74 38
24 89
79 68
75 15
37 10
33 17
33 86
23 71
43 66
17 75
34 49
32 49
90 61
13 81
53 87
19 38
91 78
89 24
94 4
84 99
53 39
79 74
11 55
2 7
48 8
99 31
1 17
9 68
1 63
55 92
36 84
42 72
78 78
96 87
64 61
11 73
15 53
72 28
74 90
37 77
53 96
29 71
1 71
18 53
90 84
62 6
36 7
56 68
76 80
70 84
35 8
65 46
60 54
60 4
66 37
83 7
54 18
32 53
5 26
30 99
72 81
11 86
24 16
56 77
55 5
60 24
47 17
27 87
44 34
12 98
85 43
61 89
36 48
35 4
63 8
45 9
78 80
99 42
71 71
64 48
17 43
23 30
26 15
4 24
54 15
16 7
92 88
19 58
91 94
44 49
41 10
81 91
57 25
9 60
72 17
49 20
58 38
35 85
25 76
18 1
82 30
25 41
20 36
75 13
38 5
6 64
36 85
29 68
29 74
77 14
34 47
96 7
8 8
93 3
99 51
54 32
73 8
43 20
35 16
43 23
26 56
92 56
0 9
34 52
3 39
62 74
4 40
26 44
81 26
66 55
64 39
64 8
81 1
15 47
65 5
74 99
77 21
51 65
64 44
20 39
67 12
48 10
41 44
27 64
79 45
19 93
15 88
19 96
93 95
86 26
62 18
39 4
71 44
88 21
84 22
93 59
5 61
45 57
78 9
12 95
6 78
6 2
10 92
99 70
43 89
46 30
21 74
49 85
21 64
55 6
8 62
85 74
33 69
85 98
74 10
47 90
2 69
91 55
39 86
44 75
68 0
5 72
91 89
8 68
29 56
61 52
18 26
32 11
76 55
22 4
45 52
40 51
84 30
82 39
32 97
79 30
65 74
11 52
77 2
53 30
96 16
13 23
69 67
16 32
0 42
8 38
91 70
86 6
94 65
43 51
83 49
28 90
92 92
78 47
96 28
30 29
42 15
93 25
24 44
7 76
66 50
56 29
88 89
1 94
2 54
51 56
77 20
17 49
89 28
52 79
37 21
84 79
75 65
54 58
61 95
39 18
51 73
79 78
10 51
90 62
6 41
97 98
69 37
71 27
47 5
22 19
76 96
0 75
16 53
69 57
65 51
46 94
30 94
52 70
19 46
64 66
98 80
42 39
10 39
43 31
78 57
51 87
0 55
30 8
15 76
47 46
31 46
36 50
43 74
46 43
78 65
56 39
98 19
58 26
76 12
4 8
97 86
1 83
69 25
25 30
95 81
8 21
37 23
11 17
45 30
83 55
0 51
96 93
59 49
50 55
80 56
96 46
70 24
41 60
57 49
53 25
63 46
64 94
78 70
21 52
56 28
15 27
48 80
8 46
86 80
0 79
29 21
20 37
27 34
90 33
35 97
73 76
90 92
32 68
56 85
57 45
37 75
98 46
63 38
40 45
43 30
10 10
19 19
64 89
17 58
63 3
32 21
10 71
95 3
74 82
13 56
57 56
82 96
14 10
39 74
40 95
76 67
61 18
21 2
30 4
71 43
6 56
33 13
30 20
87 36
58 19
88 76
58 57
81 72
47 16
57 58
17 64
48 30
6 35
88 31
42 25
52 15
85 59
62 47
63 85
21 19
63 81
65 32
31 15
14 67
13 73
93 75
97 55
77 57
39 0
45 61
68 55
80 59
21 67
6 18
90 68
1 67
42 76
44 50
98 87
69 7
96 47
47 1
42 85
54 26
43 36
10 6
42 36
6 88
12 17
85 16
64 74
18 77
8 15
47 40
42 52
4 52
8 55
12 81
88 26
28 0
18 40
22 49
84 91
19 86
54 70
56 54
68 75
6 15
97 1
85 31
14 11
43 1
2 52
0 3
95 74
48 46
36 29
57 37
47 37
17 40
1 81
58 27
87 50
75 91
87 89
2 40
18 83
39 35
9 66
84 82
82 93
3 68
52 87
86 0
50 58
84 98
34 28
9 44
68 21
41 20
88 15
79 71
4 56
53 86
0 11
38 73
41 52
48 82
94 82
43 4
9 15
28 9
68 43
37 19
47 24
92 55
26 98
6 84
71 93
63 16
3 41
22 71
16 37
70 28
5 24
25 54
15 21
54 28
18 34
57 61
24 38
86 3
97 60
70 86
10 58
71 34
24 83
34 7
10 57
62 37
68 94
40 90
85 3
19 37
77 66
11 39
66 60
98 10
87 88
35 89
36 78
81 98
56 42
51 69
80 75
20 56
19 66
88 34
13 82
47 49
12 90
93 57
11 37
14 44
56 13
18 91
63 50
39 26
66 1
43 35
86 99
75 21
8 22
75 81
41 54
61 73
1 70
71 96
56 56
24 39
10 46
22 17
22 25
36 97
4 76
74 66
32 51
64 87
44 88
35 75
14 2
92 60
82 95
2 95
93 82
8 71
17 14
81 54
37 47
92 10
97 54
16 99
67 29
47 42
56 59
84 24
84 85
36 69
39 98
32 37
83 77
10 43
69 65
96 48
38 27
70 99
96 97
83 73
70 85
40 18
98 23
11 94
26 54
27 13
58 53
93 18
90 77
72 6
25 90
96 62
95 51
67 86
52 22
54 33
74 77
63 13
15 30
90 19
92 72
92 25
63 83
47 3
18 64
26 18
4 35
7 22
36 76
28 62
87 73
34 10
13 57
79 36
41 88
53 62
78 29
94 94
56 19
8 2
62 23
40 80
95 56
35 1
50 17
26 33
48 39
94 69
30 34
49 81
64 3
7 13
87 27
8 96
86 31
93 8
77 31
90 44
51 29
93 35
88 52
73 51
78 20
82 43
9 3
8 85
47 66
52 50
13 69
69 2
49 23
99 5
90 65
2 92
7 53
38 52
26 50
75 2
54 84
94 0
84 57
52 81
91 96
5 94
84 67
4 41
3 85
3 69
71 52
10 36
13 64
74 94
99 47
13 74
14 4
96 25
15 40
44 62
96 40
42 38
12 12
7 54
64 11
73 44
92 27
9 12
35 22
72 98
66 93
62 36
59 39
50 42
19 74
11 51
70 40
64 78
79 24
24 45
9 83
73 52
16 75
51 60
93 84
6 1
71 95
7 41
23 91
74 0
89 50
28 51
7 43
28 7
39 66
84 72
12 62
91 69
27 75
22 50
27 11
15 17
5 35
45 34
74 27
64 63
88 58
14 53
50 61
14 47
78 4
29 0
17 74
61 42
65 95
57 83
88 3
14 26
16 21
55 29
19 77
95 16
7 38
24 35
2 42
13 29
83 3
95 0
0 64
2 68
92 99
14 92
8 90
63 64
54 78
29 93
97 4
65 81
94 78
67 26
74 34
30 16
92 5
75 49
10 97
22 22
48 47
70 45
51 82
99 19
5 62
28 66
57 67
80 27
93 14
32 69
29 80
55 86
24 70
93 65
94 15
5 3
50 28
60 67
17 7
1 85
47 21
10 31
47 96
78 43
39 15
13 34
55 50
43 38
90 79
93 58
7 85
99 0
7 73
35 36
48 57
36 67
41 93
51 86
28 96
22 63
96 29
38 97
83 37
40 2
16 20
14 9
62 83
43 81
55 34
55 65
29 88
94 84
16 17
35 13
59 60
97 5
79 62
83 44
53 43
30 68
98 69
56 21
74 11
38 2
22 47
42 91
97 9
46 93
53 50
25 94
18 76
44 48
10 34
54 65
98 72
83 76
31 27
6 16
56 67
27 51
78 19
66 5
12 55
50 15
86 49
34 84
32 96
46 92
71 92
74 4
69 21
18 5
30 75
28 6
29 5
38 10
65 63
57 85
80 8
70 26
21 68
10 12
14 36
45 74
1 25
75 86
78 45
88 9
88 64
91 92
13 20
0 80
56 43
2 21
23 46
61 24
98 50
19 36
79 88
4 31
48 53
31 18
2 75
54 60
68 7
93 10
52 93
41 45
86 89
57 81
71 22
83 96
66 62
4 75
74 7
74 80
37 66
94 64
44 77
53 35
29 66
20 58
3 51
36 1
83 41
83 67
80 80
40 91
19 98
68 33
65 20
8 44
14 78
84 73
28 86
8 37
43 90
45 21
78 31
13 35
84 80
87 87
58 31
64 80
17 23
53 21
48 81
46 36
58 87
55 9
47 54
30 37
12 83
64 57
92 8
72 68
19 57
48 97
33 48
71 58
48 99
10 60
80 10
76 39
45 98
88 45
20 76
73 23
56 9
35 3
90 3
33 41
99 81
15 81
1 41
18 27
63 58
53 16
0 13
1 77
25 49
23 11
53 89
66 10
79 18
45 20
12 11
38 99
25 75
38 42
0 25
89 6
58 34
61 33
84 33
89 36
57 59
96 50
99 25
65 24
13 77
87 16
99 72
64 24
40 39
92 43
84 34
6 11
54 29
41 34
90 57
21 91
54 9
96 61
27 19
24 49
52 83
66 52
59 79
87 79
24 95
99 10
95 82
83 80
31 21
13 93
54 7
84 65
0 23
43 26
2 8
66 57
77 95
27 93
59 28
94 98
71 18
25 73
86 57
63 44
22 61
41 65
85 9
58 69
47 0
82 58
34 77
88 98
30 85
1 33
34 60
36 44
51 6
48 31
23 28
12 53
32 19
5 98
28 42
14 30
25 86
35 26
61 90
36 91
66 90
60 82
48 93
28 59
40 93
53 64
52 13
39 19
26 52
52 19
45 37
93 93
65 90
69 34
89 23
31 35
9 32
59 65
89 81
64 34
35 29
58 23
23 2
34 95
18 80
0 82
71 3
25 10
30 9
92 31
76 81
93 24
76 25
67 68
33 51
99 99
58 95
6 43
74 61
20 5
46 67
97 43
8 57
57 34
33 38
23 39
26 53
83 35
35 5
57 46
89 92
68 78
78 12
1 46
71 41
55 68
23 41
19 80
42 79
74 64
76 70
85 45
56 50
68 31
76 6
34 86
56 17
98 76
73 15
51 21
43 65
72 46
66 4
12 88
28 31
71 81
85 15
26 89
80 90
21 51
34 0
96 64
36 55
96 17
0 28
10 27
59 90
57 8
89 26
22 72
8 11
86 35
10 94
40 35
7 50
50 27
25 83
53 70
68 19
88 99
77 18
58 10
4 46
49 90
23 55
54 31
77 61
23 57
42 43
41 19
92 13
88 88
87 30
97 39
45 91
52 20
43 7
5 27
20 40
16 81
73 61
47 23
68 15
77 97
40 97
13 45
58 73
74 25
17 53
28 82
86 2
84 66
33 79
33 59
23 12
23 36
73 24
27 26
31 87
27 5
75 72
94 38
75 66
1 28
20 21
86 76
15 3
91 33
38 22
97 88
13 85
61 55
4 5
87 26
84 7
47 73
21 25
12 24
37 72
66 66
10 54
47 4
37 40
57 82
30 56
87 39
31 10
50 14
47 70
37 51
33 47
69 0
18 21
84 17
16 4
63 54
47 93
48 24
18 28
99 39
87 2
81 28
93 89
16 35
96 73
22 86
26 68
91 0
69 73
17 99
44 33
89 63
28 22
89 65
56 45
33 64
4 48
87 35
24 27
9 7
63 74
13 49
18 18
70 42
81 47
81 27
59 53
38 29
24 84
6 14
83 93
50 60
19 85
5 7
61 61
6 80
6 55
19 31
12 15
74 79
29 20
8 88
85 78
58 65
86 55
32 10
36 45
81 66
67 53
65 84
29 65
8 7
38 15
36 72
2 43
38 75
26 9
76 22
56 74
0 34
1 43
3 95
36 65
45 89
23 3
31 76
97 59
16 23
67 22
81 67
46 85
22 42
16 69
98 35
21 31
80 28
62 12
4 86
30 70
8 13
86 13
29 73
28 81
34 76
58 71
65 57
1 40
52 97
47 64
53 20
68 97
51 89
18 69
81 19
45 24
53 44
77 15
60 77
55 79
35 18
73 12
88 92
29 63
57 51
15 82
23 42
51 9
69 43
17 38
29 45
88 22
5 85
75 95
87 46
6 73
14 28
68 47
54 75
63 43
62 0
96 81
68 86
86 94
79 49
49 91
89 89
99 65
12 84
93 0
45 65
14 19
80 34
28 38
73 63
49 75
19 52
91 73
29 38
74 95
97 44
36 28
31 13
43 69
51 71
84 88
44 58
34 15
50 45
54 83
49 5
99 62
54 16
60 34
35 90
53 88
73 98
23 64
28 11
92 87
43 46
63 52
90 42
80 30
77 12
93 45
41 1
73 10
39 51
24 93
54 46
38 76
2 84
34 56
69 94
7 87
57 78
62 97
15 5
15 83
0 36
12 60
31 89
24 85
89 57
30 24
89 75
51 24
3 31
30 96
97 66
18 90
39 99
26 59
78 98
16 90
60 61
18 36
0 91
27 90
30 25
73 65
79 54
2 64
48 72
19 90
88 54
92 86
21 89
50 69
93 87
49 99
38 50
33 21
62 8
56 12
26 96
73 87
6 20
35 46
83 52
52 42
99 8
55 48
16 59
41 98
31 99
8 89
98 48
54 40
43 2
27 49
74 92
67 77
29 24
59 29
57 52
17 33
87 48
47 92
2 24
70 43
96 6
18 89
96 82
20 26
95 55
71 53
80 81
51 8
37 64
64 47
42 5
80 52
46 21
2 90
92 79
99 68
0 4
66 11
84 3
27 96
69 47
34 58
42 44
72 2
73 80
4 58
30 11
21 98
54 86
67 20
83 9
83 39
25 12
33 71
54 1
89 48
41 40
91 68
53 19
55 26
49 64
39 87
11 92
56 0
98 71
22 89
98 37
15 85
83 19
10 26
98 85
89 45
36 47
44 38
4 23
13 68
7 64
79 35
87 28
23 31
5 59
86 15
73 94
44 96
91 16
23 98
71 97
70 35
21 44
23 80
78 22
81 84
81 42
77 22
15 42
98 79
2 11
67 83
19 56
93 96
32 95
3 16
72 53
49 41
33 22
32 15
63 92
13 53
39 34
22 74
65 2
63 29
12 22
33 63
67 48
35 28
11 8
45 29
16 98
86 47
45 66
20 7
55 66
6 23
11 42
54 34
33 67
40 36
66 13
56 81
10 5
51 47
91 47
7 5
98 12
93 23
16 79
37 57
64 76
96 52
33 73
41 72
78 41
30 81
2 77
11 20
85 88
25 47
74 36
31 75
91 45
31 44
45 62
63 11
41 68
68 91
60 14
60 17
6 31
54 48
40 15
80 71
44 43
42 88
39 33
38 87
63 47
23 15
21 22
35 47
8 14
88 59
94 72
5 6
19 79
11 65
47 77
27 1
51 85
72 49
86 45
86 48
44 39
84 19
76 56
77 41
49 22
20 93
74 30
56 91
54 47
6 93
27 55
35 25
65 14
18 35
87 62
3 60
98 61
18 71
59 5
55 36
78 44
18 66
61 7
86 34
29 53
39 81
58 51
47 94
46 13
42 20
25 55
0 99
60 97
70 57
85 37
26 61
82 67
20 60
8 1
89 31
19 64
89 1
4 29
15 1
1 95
68 34
65 64
63 4
49 97
35 45
90 12
1 36
74 71
55 73
10 49
92 98
39 59
41 71
84 12
82 89
79 5
64 17
4 91
28 74
25 80
98 0
56 94
76 97
69 97
35 17
83 25
44 18
56 35
53 92
19 16
44 7
53 8
49 31
27 42
29 28
78 42
48 11
37 74
72 36
3 15
59 83
62 91
89 51
25 96
81 0
16 31
14 38
64 38
32 88
98 9
96 24
84 64
52 18
10 32
16 33
92 19
80 14
18 37
92 48
78 0
99 90
2 76
31 55
31 62
41 6
42 29
75 55
27 36
90 81
87 3
89 38
72 89
63 76
33 5
91 77
83 92
82 49
83 95
24 37
83 78
96 15
63 80
74 44
2 6
72 97
55 14
57 23
61 34
55 52
65 19
36 38
66 41
17 42
91 90
47 87
93 80
41 31
76 78
35 39
72 40
1 89
20 38
51 79
37 83
56 99
40 9
0 83
41 61
86 71
73 14
20 28
56 53
41 84
53 27
89 86
13 63
69 76
6 3
63 70
69 33
50 34
89 71
31 32
1 5
50 65
42 54
78 13
57 98
7 18
59 84
52 27
53 41
27 53
64 56
87 92
33 76
3 21
70 78
52 33
9 39
32 40
96 34
22 56
73 68
72 66
75 83
66 46
50 32
68 12
57 96
31 22
59 11
87 59
25 9
48 13
16 74
62 19
91 7
72 38
71 61
93 69
95 53
57 42
57 26
3 18
77 69
23 5
33 26
23 45
33 0
77 92
75 78
79 2
78 8
80 66
82 59
17 29
24 17
77 53
52 99
46 11
74 63
88 65
77 43
5 88
84 49
58 8
40 62
20 97
54 88
26 57
74 55
24 99
88 37
76 72
89 59
76 37
91 97
79 53
7 67
52 25
19 32
98 89
36 54
2 66
87 37
27 37
59 51
85 42
63 5
89 93
7 80
34 62
67 57
98 8
76 54
80 37
37 36
50 52
65 69
92 28
80 49
27 17
97 81
75 44
70 13
85 70
99 15
95 7
11 33
58 6
71 49
37 55
97 26
54 0
54 23
35 51
83 81
83 17
11 3
12 39
92 69
37 2
82 2
49 73
59 78
86 41
76 10
95 60
19 27
26 39
94 21
12 85
38 64
28 20
83 97
72 65
85 26
20 2
98 27
96 63
26 81
5 10
47 26
90 83
20 42
52 12
70 67
44 16
90 69
2 49
60 58
18 49
94 36
97 84
53 77
68 96
69 13
86 85
53 18
24 43
94 24
90 64
7 88
74 84
17 78
0 29
50 7
71 38
81 43
40 87
33 52
23 25
26 86
63 67
22 67
38 19
99 69
45 31
92 47
9 47
80 93
65 27
16 62
27 98
2 44
11 49
41 24
10 98
38 59
3 63
86 68
79 46
23 18
77 37
59 47
43 24
73 86
30 43
10 69
96 49
5 53
15 59
40 99
29 75
67 91
70 69
55 13
11 22
67 21
20 33
9 92
2 97
20 71
17 52
21 79
40 41
94 60
26 80
40 77
72 62
94 50
59 73
71 7
93 91
97 58
93 60
70 41
82 32
81 99
43 60
5 89
7 98
94 61
5 29
4 49
74 59
9 69
34 45
78 87
58 59
80 6
11 91
52 94
18 50
22 68
49 62
27 59
16 92
56 16
26 25
0 10
73 77
16 42
51 52
13 43
17 96
98 83
31 66
70 27
75 52
80 43
89 52
74 72
6 39
55 37
61 44
94 16
70 79
28 1
91 65
42 26
76 66
30 15
40 76
34 96
10 66
80 91
74 28
67 18
29 2
27 58
38 70
39 5
45 28
56 70
55 46
19 13
36 96
16 11
68 46
39 82
73 62
44 3
33 91
13 96
88 40
21 15
7 23
3 78
21 97
11 13
87 0
18 46
67 63
18 87
52 61
93 46
21 95
1 2
23 32
36 34
23 92
89 2
93 73
89 10
47 53
14 73
50 44
97 89
3 33
41 17
85 54
92 65
11 47
59 38
2 39
10 65
16 38
13 48
60 69
55 7
46 12
1 50
60 39
11 63
61 77
96 13
1 26
53 36
32 33
68 49
97 47
85 10
17 37
88 90
48 18
79 14
17 71
94 46
48 83
96 60
16 71
86 81
56 32
43 22
6 29
45 58
11 58
64 2
88 57
55 56
38 6
0 24
26 47
49 63
71 63
72 29
68 57
76 74
44 71
2 47
69 91
87 12
1 49
66 16
27 82
23 73
65 67
54 25
31 3
93 11
46 56
16 13
81 51
37 92
93 5
76 95
86 28
58 17
55 87
43 94
55 10
50 62
98 86
53 11
17 76
78 86
79 52
18 41
34 65
38 36
23 60
45 35
92 57
97 74
22 23
83 10
92 12
86 75
41 9
43 82
56 87
26 67
78 7
5 48
47 52
48 65
56 96
1 88
4 57
13 36
27 15
39 68
82 21
5 93
67 71
47 91
43 54
92 76
67 85
32 8
68 70
90 66
41 86
0 87
34 31
14 61
97 51
93 88
27 86
38 62
58 9
56 48
41 37
98 30
60 49
72 4
97 61
24 53
76 17
29 16
46 14
12 56
50 33
44 64
16 76
65 54
24 94
13 60
21 35
36 86
82 92
67 27
95 99
8 83
2 19
14 14
4 4
77 10
8 30
83 33
0 85
30 21
70 53
28 39
20 86
56 84
55 41
52 40
5 44
96 44
20 51
0 37
29 82
2 72
49 21
13 79
79 55
41 0
20 43
95 87
31 38
20 94
75 16
42 70
86 91
70 6
38 7
40 94
3 3
14 64
30 35
35 92
28 47
82 22
44 44
22 85
85 68
65 10
90 15
35 7
13 37
29 29
33 44
84 68
78 33
69 89
55 93
98 92
33 20
81 59
94 51
63 23
86 38
40 8
22 20
81 80
42 71
60 29
85 7
6 46
12 6
7 29
91 52
98 70
90 30
88 60
3 6
93 15
12 47
58 43
7 66
22 94
31 97
44 32
11 2
20 83
23 16
1 8
44 19
2 41
88 87
65 35
39 20
32 14
34 38
25 98
21 57
86 32
96 51
21 4
82 60
22 39
7 51
20 29
33 82
93 37
42 58
62 80
68 89
59 50
79 57
40 10
20 52
35 95
36 33
22 34
47 44
67 58
88 42
50 21
15 25
61 87
56 83
87 91
55 58
35 82
94 80
44 11
36 74
22 27
12 2
68 76
20 82
65 17
34 50
10 82
56 24
69 81
53 91
76 19
90 56
75 6
56 1
66 14
37 42
53 74
45 50
48 73
33 89
55 49
98 74
83 27
56 58
52 65
74 26
6 90
69 70
52 75
54 38
40 89
71 29
50 35
20 25
73 4
95 13
73 67
94 25
99 13
64 4
32 74
50 10
30 97
99 36
40 63
41 80
23 93
49 88
64 95
86 8
24 48
90 60
55 8
44 40
87 42
89 9
15 46
48 98
95 67
21 93
36 89
95 10
46 8
37 69
11 56
68 66
61 8
60 76
61 88
15 34
21 49
46 72
62 65
9 55
38 8
94 41
50 97
51 23
35 33
43 34
22 93
42 28
49 65
61 56
1 9
54 99
26 58
21 81
64 23
10 64
61 72
39 6
85 85
80 79
31 50
70 68
77 64
92 46
26 34
91 80
62 7
61 36
18 45
32 18
35 66
79 72
8 29
4 19
30 19
68 28
51 11
0 21
23 35
99 83
0 18
54 56
32 83
68 59
9 96
54 49
53 98
82 61
71 46
88 8
62 10
24 0
39 73
58 56
85 28
77 87
67 24
14 82
10 70
50 8
5 38
31 45
60 68
54 61
67 79
83 62
80 38
44 72
23 72
2 81
32 2
36 63
92 1
15 49
83 20
63 22
99 59
32 60
67 82
97 85
36 87
87 24
36 46
15 39
60 40
94 9
0 62
85 96
63 24
83 1
28 29
63 96
76 41
46 19
59 71
18 88
36 4
6 66
4 96
65 88
34 30
44 10
85 79
70 17
95 12
1 97
49 35
91 1
65 30
79 51
13 18
47 39
15 75
75 27
72 67
97 37
42 47
56 63
77 36
45 8
56 75
28 3
39 32
63 40
4 98
90 20
55 84
45 83
8 28
64 10
26 72
61 48
38 81
90 52
66 39
68 18
2 57
47 33
80 82
60 26
68 23
90 6
36 21
69 98
78 49
3 1
54 63
39 12
3 52
40 83
55 99
90 99
95 98
69 11
95 85
11 79
51 84
77 25
32 3
48 68
71 24
72 9
18 62
83 89
84 78
1 98
26 37
60 20
22 43
2 12
76 20
1 0
86 21
63 86
85 95
98 75
86 50
49 17
60 94
89 13
46 62
62 39
54 80
19 20
69 31
80 64
20 48
75 61
20 59
20 19
64 79
32 58
93 4
27 68
5 5
11 60
80 23
42 9
41 27
49 30
21 70
41 59
16 28
66 21
99 2
50 92
72 57
97 34
79 16
89 70
17 19
57 97
93 79
15 87
50 9
44 9
88 94
28 63
96 37
15 63
26 13
23 40
35 59
28 25
44 79
81 55
77 67
99 22
84 59
95 59
61 57
37 49
55 63
76 30
35 35
18 32
65 82
44 76
37 33
64 42
72 95
55 90
60 7
33 28
99 64
73 64
98 15
57 75
1 91
86 72
24 90
35 14
76 83
91 2
93 50
33 1
83 16
68 71
67 5
51 97
52 80
76 29
51 76
69 27
8 50
31 23
43 73
3 86
3 29
53 52
7 72
6 37
13 19
23 53
81 39
87 45
36 94
96 92
44 12
91 91
53 47
72 56
69 28
22 95
83 26
76 0
64 13
88 25
54 27
59 7
49 2
48 21
14 56
88 85
47 68
44 56
98 81
91 12
79 56
13 46
62 27
72 92
38 12
62 82
14 54
94 91
44 65
48 28
68 67
73 0
56 71
26 69
7 40
20 87
96 43
84 14
30 50
89 43
33 61
8 32
94 70
64 65
75 3
74 17
55 61
76 93
31 77
3 84
64 68
45 2
20 96
16 54
69 59
54 98
70 71
7 86
23 49
96 8
17 88
29 69
38 54
10 44
73 82
94 35
38 53
30 62
79 15
28 78
97 71
35 20
17 31
62 71
59 23
83 13
91 28
84 96
69 77
98 43
51 7
4 37
95 84
65 79
51 10
10 81
55 74
9 23
53 13
59 70
98 66
31 53
42 48
95 43
60 96
11 21
19 50
23 82
33 16
0 2
19 29
93 52
59 46
13 25
42 64
99 3
58 97
42 82
5 71
55 25
17 95
4 22
73 83
40 44
44 15
64 86
45 81
87 70
85 44
96 42
54 96
36 71
41 77
88 63
62 49
85 83
2 88
89 95
91 29
74 67
38 38
89 53
96 66
5 81
20 9
9 26
93 36
97 57
91 75
13 39
52 73
52 77
14 84
96 96
98 90
49 72
50 51
63 61
53 14
64 22
33 25
97 99
33 27
27 62
11 72
46 53
50 87
47 65
61 4
39 56
65 41
15 69
57 70
95 5
16 85
22 59
32 13
77 30
2 86
18 51
54 79
2 22
52 44
42 18
19 69
58 11
42 8
51 34
89 12
52 76
68 27
32 80
40 21
79 89
89 14
15 67
71 47
50 57
25 72
15 54
29 3
42 68
84 23
30 88
88 67
73 26
86 98
31 48
24 54
81 15
20 6
16 30
72 42
15 45
34 54
29 43
7 49
71 70
30 90
95 94
52 4
54 2
37 99
27 25
59 89
70 74
72 78
90 34
50 16
61 70
95 72
71 74
79 64
27 83
53 5
72 5
26 91
18 0
20 73
74 60
84 89
91 9
24 82
8 36
90 48
28 21
49 19
41 96
61 26
67 80
92 64
3 2
25 57
70 30
42 75
26 74
61 76
38 58
13 10
6 53
58 29
76 92
62 73
42 96
8 86
20 4
19 25
85 35
89 67
53 33
72 33
25 81
49 78
66 78
3 98
8 0
1 31
83 61
62 17
85 71
48 32
37 26
11 95
21 9
88 78
18 60
78 63
3 46
22 55
84 48
12 52
65 25
17 55
17 66
51 57
63 78
49 84
4 66
31 60
95 17
75 41
55 30
49 54
95 4
4 54
7 48
25 7
49 95
36 39
89 39
94 40
82 75
53 68
99 92
30 12
41 5
64 99
44 23
62 41
89 19
83 57
80 99
36 32
10 28
49 98
52 67
83 21
7 45
8 33
28 98
10 56
38 63
22 57
89 74
98 67
14 93
40 49
66 38
31 42
7 19
68 63
21 12
33 9
63 7
98 26
82 51
51 91
26 40
94 20
22 90
74 83
50 67
38 93
91 54
36 93
9 56
68 13
67 28
83 68
47 60
96 78
88 62
8 60
9 24
97 29
65 91
86 61
67 34
39 47
58 61
20 50
12 21
38 44
11 90
39 54
65 29
91 25
2 26
25 40
10 95
78 35
48 74
74 23
80 76
78 34
90 87
65 52
18 4
13 21
38 0
58 84
63 49
46 91
64 6
26 46
99 17
0 30
31 79
21 75
16 96
71 99
43 98
91 63
87 34
65 22
35 21
0 33
99 50
35 71
4 43
31 41
64 28
68 68
86 33
65 89
34 36
22 9
19 41
62 14
24 4
73 41
85 48
82 91
88 55
79 82
37 37
3 79
58 49
97 8
4 21
98 96
8 58
78 10
23 77
31 29
85 62
31 14
33 32
22 80
26 79
54 94
99 38
47 71
71 77
22 36
89 73
51 26
91 35
53 59
92 7
4 12
27 7
27 35
80 83
30 67
64 36
62 31
41 67
5 66
34 85
97 42
23 76
38 89
16 94
91 50
25 0
40 34
31 12
71 59
94 45
24 42
49 28
24 65
24 63
48 62
46 10
44 37
74 12
60 51
99 57
90 85
90 86
5 18
17 98
36 60
66 73
52 66
26 48
56 40
85 52
48 22
39 42
12 43
14 22
26 71
86 18
21 69
99 24
16 86
67 74
6 30
66 49
4 72
35 42
70 96
95 19
74 18
76 33
40 79
61 3
66 82
94 5
10 8
77 17
14 77
60 0
16 95
90 24
5 40
34 4
69 16
12 44
18 75
50 19
14 62
64 40
97 14
5 83
25 53
49 14
3 80
0 38
96 98
19 67
27 70
80 25
37 45
8 84
49 45
34 13
25 85
29 94
69 17
35 65
25 92
20 13
70 23
67 97
14 65
31 5
28 26
77 73
44 0
51 55
59 30
99 1
21 7
71 16
85 36
99 75
94 62
78 95
47 59
98 82
35 61
29 14
0 31
50 72
24 59
78 88
36 16
58 16
91 95
29 4
52 59
6 85
24 66
3 71
19 78
76 61
91 87
82 97
49 43
77 84
88 38
30 47
88 74
50 11
43 67
10 25
80 9
5 91
13 8
99 49
33 36
97 95
95 49
3 83
89 42
20 31
87 56
57 17
62 30
64 18
66 27
26 21
49 27
69 79
57 64
78 72
81 53
82 66
66 12
9 45
61 58
47 27
9 72
6 19
84 2
68 36
61 78
48 85
94 47
69 92
57 99
7 89
33 97
91 98
94 73
66 25
69 93
89 60
56 15
33 15
1 4
65 1
21 21
14 80
28 4
30 44
50 29
40 37
41 69
41 38
10 21
73 35
70 77
27 3
17 87
74 75
84 44
57 72
89 78
90 0
68 93
79 65
18 86
8 79
48 71
29 58
99 11
50 25
9 6
85 33
72 55
95 37
64 46
87 53
63 33
45 32
30 84
98 29
18 44
43 6
90 1
98 98
26 6
76 18
31 9
40 64
51 51
25 36
11 40
55 94
16 61
33 98
35 54
42 51
91 99
27 74
20 95
58 30
88 12
85 40
34 48
24 12
13 90
78 37
46 89
65 0
37 14
40 20
9 10
79 50
81 2
80 17
58 3
83 65
1 13
68 24
23 44
84 41
68 8
8 27
67 72
14 16
75 7
40 28
55 69
69 24
38 34
87 99
52 63
3 30
77 62
42 0
8 41
82 8
71 21
66 79
44 83
68 54
56 69
52 31
38 86
6 62
85 39
67 62
0 44
65 50
30 3
37 60
46 5
21 42
85 1
81 14
52 10
47 79
63 65
52 8
61 12
93 27
94 10
35 84
33 40
19 94
94 14
27 18
73 88
78 83
40 55
45 33
36 19
42 50
10 88
64 37
25 45
13 99
63 95
3 59
3 96
39 83
15 24
5 99
42 61
46 28
20 89
81 94
79 33
78 2
44 22
51 35
21 58
94 39
5 97
95 38
97 22
44 42
88 6
37 95
55 11
62 59
53 45
40 66
87 55
36 36
53 99
90 71
46 0
24 88
51 12
79 38
57 6
34 53
53 75
21 10
19 59
79 0
71 84
5 60
50 82
83 53
35 94
31 19
50 73
90 45
80 1
6 27
39 97
12 97
80 72
94 68
14 46
78 64
21 87
81 95
54 81
23 78
22 52
83 12
54 44
83 84
31 98
4 26
20 74
8 64
19 61
87 77
21 18
56 76
83 50
19 68
56 97
29 49
48 70
86 30
50 91
86 62
63 62
77 56
59 8
75 43
75 40
22 3
67 64
46 96
5 32
56 55
82 80
86 53
96 85
87 20
43 63
36 42
90 40
0 39
13 15
99 95
97 40
21 62
52 2
61 80
5 52
66 53
90 67
39 41
73 93
59 63
41 25
34 63
44 87
19 83
45 16
12 7
72 18
93 54
90 18
99 7
99 91
43 3
37 27
88 17
99 44
61 5
17 18
23 63
61 60
88 33
11 44
56 34
75 75
41 21
34 66
97 77
7 97
94 56
71 50
13 67
40 25
5 17
87 40
86 36
98 97
2 74
95 2
10 84
8 5
90 58
55 20
19 34
68 81
3 66
80 68
62 93
17 85
51 61
22 40
21 71
56 38
65 39
12 0
39 22
8 34
76 52
8 49
10 59
50 4
57 79
16 80
13 84
81 48
39 77
82 33
0 71
54 54
11 43
58 36
35 80
34 80
83 87
38 51
5 41
30 64
55 81
73 72
79 39
0 92
89 25
33 55
39 57
95 22
66 17
85 91
11 36
49 60
0 68
25 64
62 94
46 90
95 80
93 86
39 91
60 86
27 39
67 70
16 40
12 1
86 73
8 26
50 84
20 30
75 89
62 53
55 76
75 36
49 59
96 19
18 98
25 51
50 20
51 13
93 13
8 82
83 74
62 29
58 81
65 16
17 27
53 83
47 62
74 68
93 81
5 47
65 97
8 95
50 78
80 3
83 86
45 42
74 29
96 94
12 76
45 78
30 53
52 51
29 35
13 42
96 11
50 94
65 99
37 9
59 1
93 99
66 9
69 14
35 0
80 11
52 46
17 12
6 45
20 72
89 4
52 62
87 23
55 24
96 95
7 95
23 37
85 81
52 23
92 33
81 82
66 36
93 83
80 58
78 53
65 62
63 19
33 58
45 51
59 13
56 82
43 75
80 50
49 53
3 92
18 79
28 35
71 36
84 56
14 58
84 20
36 56
37 59
57 47
97 93
57 2
70 38
6 42
18 72
64 85
63 45
22 44
9 22
94 28
16 57
70 63
75 19
43 0
16 63
15 31
70 92
18 6
5 57
19 26
74 3
56 23
23 22
62 88
34 74
70 80
17 61
68 41
57 53
70 52
72 3
57 1
44 95
48 42
93 76
16 10
76 94
12 91
27 91
69 62
34 71
26 35
17 2
51 15
57 74
30 40
9 38
74 22
14 18
71 91
94 33
20 69
86 97
1 96
10 50
41 29
19 11
9 29
33 84
89 66
13 87
68 82
63 10
34 97
9 82
15 11
65 58
17 6
73 75
97 11
26 85
57 48
14 52
31 49
16 6
80 73
99 80
4 45
3 25
65 59
49 4
4 69
30 28
77 35
98 18
85 14
27 66
84 10
67 95
16 43
97 72
12 10
12 79
76 77
36 11
5 36
51 67
5 43
81 49
46 68
44 29
94 3
75 88
80 12
1 59
41 48
98 6
7 37
92 52
66 35
4 32
53 73
3 70
11 26
1 19
28 24
30 17
83 43
97 92
98 93
33 74
67 11
76 68
67 89
51 90
7 4
0 49
16 19
65 70
1 10
61 83
70 12
76 34
69 53
38 26
36 75
2 28
48 5
92 38
6 51
0 65
74 33
62 64
38 40
7 74
21 46
30 72
55 70
64 91
89 21
92 17
66 75
12 72
95 61
71 39
71 5
76 62
92 90
33 68
76 31
96 45
84 55
30 48
30 71
6 60
8 43
6 26
24 11
98 49
34 18
43 83
1 90
93 94
79 77
53 78
15 71
14 0
67 49
69 66
33 62
18 2
43 17
81 33
1 82
97 38
13 17
65 55
71 30
32 36
20 17
51 25
59 22
80 36
92 77
26 51
34 20
24 3
70 94
70 65
29 18
47 41
66 84
54 77
31 34
8 53
32 55
32 76
15 65
86 40
62 72
16 16
78 91
32 26
60 22
94 63
89 62
84 76
77 52
13 33
69 15
38 85
75 85
8 52
38 25
0 7
2 17
69 68
60 52
21 17
97 96
12 5
70 95
39 84
17 21
58 88
16 18
49 70
57 11
95 52
89 7
13 1
96 39
24 1
42 17
61 71
17 25
34 2
43 70
33 18
67 96
5 28
36 51
18 63
29 19
54 17
62 92
28 45
37 35
85 97
58 15
11 82
4 38
10 20
50 53
19 18
76 3
97 82
28 50
38 1
29 98
86 67
57 15
17 5
61 59
23 62
7 96
32 35
68 11
54 22
41 83
4 3
80 96
74 51
27 85
76 71
78 67
55 55
23 43
63 93
34 17
82 36
80 16
67 41
27 6
93 20
41 3
63 31
9 27
23 87
47 88
41 90
39 52
4 82
98 25
87 74
32 29
58 58
29 44
17 28
46 37
97 7
18 97
84 70
35 99
90 38
62 84
25 17
70 73
65 26
4 18
81 87
80 88
15 66
14 68
87 75
74 58
38 95
47 15
44 24
65 34
13 3
61 91
47 72
80 21
25 60
15 14
52 16
69 46
30 54
76 51
17 82
53 60
55 17
14 96
81 79
2 37
43 11
77 1
74 9
11 62
75 96
23 34
37 52
56 80
1 12
0 98
88 11
57 16
65 87
34 9
97 52
97 27
26 29
62 32
21 99
39 46
51 3
43 79
99 32
29 8
77 5
0 48
63 51
24 76
92 0
67 65
64 30
18 95
8 80
37 25
20 98
36 3
95 20
96 80
66 42
6 59
65 53
80 19
36 52
41 66
81 22
31 16
69 80
62 24
32 93
32 45
90 22
66 74
55 19
29 15
4 80
0 84
66 2
61 45
24 55
94 88
12 25
66 7
17 1
39 71
56 41
45 56
48 36
42 32
48 41
59 16
47 11
63 99
62 2
51 46
49 69
59 21
52 39
98 84
45 19
50 86
26 76
15 93
81 31
19 24
10 89
66 15
33 14
85 87
77 81
35 56
37 48
99 67
67 25
92 78
53 55
40 17
46 95
16 44
20 16
87 21
16 50
79 25
42 46
53 80
7 7
24 41
8 65
65 60
32 20
25 14
65 11
91 84
42 10
36 58
22 53
58 46
1 61
26 8
41 82
33 11
9 61
22 81
65 65
15 4
3 87
94 96
47 89
12 92
31 40
15 86
59 54
9 49
82 13
50 64
8 97
21 82
89 98
72 26
33 29
70 9
28 49
99 18
75 48
54 21
93 97
48 49
89 46
28 61
45 67
79 19
97 20
14 5
21 96
78 30
61 31
27 94
7 94
87 68
70 88
42 16
25 43
62 60
40 88
36 77
37 86
99 37
81 44
28 40
79 4
79 40
23 90
3 0
44 30
5 45
64 83
67 0
99 56
64 51
60 85
82 84
76 45
85 94
16 82
37 50
45 92
75 84
47 34
62 68
51 94
18 94
21 30
65 4
31 24
77 49
73 28
43 33
6 75
64 16
11 14
42 30
25 91
40 53
36 13
4 60
41 97
88 82
97 17
54 55
80 97
37 20
82 24
2 33
12 67
45 18
68 20
15 48
31 43
34 35
73 22
24 81
1 22
22 8
34 51
5 69
24 97
19 5
60 16
1 74
42 49
99 40
11 4
67 9
56 8
44 91
26 38
58 90
58 68
21 61
62 9
8 51
51 2
25 50
81 6
10 48
17 93
10 14
91 36
78 75
41 23
69 19
87 90
85 34
61 19
36 40
22 75
58 32
80 84
53 22
98 62
70 56
23 95
40 16
1 7
30 77
78 92
69 88
89 41
9 33
38 91
83 46
52 88
16 51
49 9
37 58
15 41
73 54
47 75
15 12
82 17
75 64
96 0
39 28
46 87
9 9
43 44
93 71
13 80
33 72
55 51
88 23
24 92
32 16
52 36
64 92
40 5
0 67
50 75
22 82
52 60
78 97
61 29
15 60
53 6
20 75
29 27
54 73
74 16
40 52
48 20
78 84
82 87
70 90
23 23
55 4
72 21
62 21
86 25
37 54
25 33
65 80
98 3
11 15
57 55
65 21
46 81
16 39
62 54
10 11
54 24
83 59
18 55
50 43
48 56
61 66
70 14
57 27
77 26
90 95
82 27
54 57
24 7
2 85
73 79
80 41
2 2
77 39
92 22
84 62
30 63
19 33
60 89
3 99
12 65
63 55
13 12
89 40
10 77
6 99
81 73
86 70
65 28
60 9
33 33
74 50
38 61
70 36
62 48
91 13
46 40
10 37
63 34
72 91
21 5
12 68
30 27
55 85
48 37
17 34
90 55
2 78
78 74
23 51
93 26
24 87
27 27
97 28
67 32
51 14
99 94
21 26
18 38
96 83
38 9
15 20
26 27
22 87
65 92
29 13
88 83
3 7
56 95
8 93
79 95
68 88
44 53
3 49
78 59
18 20
66 56
27 81
27 71
48 90
73 21
70 20
94 54
40 98
76 87
24 14
85 69
25 99
97 24
14 90
36 80
27 61
56 4
15 72
40 61
59 3
7 15
53 12
67 92
27 10
40 31
26 32
98 40
27 60
89 18
98 11
60 35
93 48
1 3
45 68
28 92
22 26
15 89
63 97
58 72
25 62
26 66
11 19
91 18
30 36
74 56
36 61
75 5
28 75
60 91
22 2
58 21
67 61
92 96
43 88
55 77
11 23
47 19
76 90
98 77
69 42
79 10
34 1
66 47
2 62
36 83
84 84
50 23
20 85
99 30
68 51
5 76
32 90
7 31
82 28
13 44
50 95
29 23
47 99
27 47
3 12
60 47
93 21
92 97
31 56
20 10
36 41
97 68
62 79
32 70
76 57
74 47
98 22
74 40
25 38
11 87
79 17
26 4
84 86
56 65
9 50
18 22
96 23
54 45
63 27
64 64
9 78
4 36
33 54
87 83
30 65
26 23
99 98
12 78
78 16
12 48
37 98
7 68
74 91
24 91
2 63
36 35
18 30
23 20
77 98
42 78
7 24
29 7
45 72
37 13
63 90
71 31
90 97
92 6
46 97
23 50
71 4
21 16
6 67
60 98
63 32
55 67
45 14
95 48
97 31
63 71
62 45
38 78
6 47
92 67
4 11
95 30
70 39
50 0
77 13
0 70
99 61
51 64
93 67
66 92
33 37
11 0
88 93
44 1
24 80
35 67
68 16
66 48
16 60
54 59
7 10
36 23
7 62
97 76
39 58
47 63
51 22
85 89
87 31
57 87
90 98
51 74
44 41
56 33
96 76
51 45
96 75
96 72
30 74
23 67
22 16
76 13
93 2
90 36
75 17
72 70
96 38
37 18
85 53
68 98
81 58
42 83
89 29
28 56
48 54
33 66
94 85
70 16
2 83
50 89
54 89
76 60
3 89
40 96
99 96
27 80
47 84
21 45
91 57
88 20
67 6
96 91
1 64
87 19
93 38
23 27
63 21
11 30
34 37
92 82
95 97
67 13
83 64
48 96
5 50
72 34
94 99
54 35
40 43
45 71
79 7
61 27
14 43
48 40
77 86
48 67
71 62
31 7
6 97
94 77
58 20
57 71
61 43
28 70
98 63
62 51
63 30
21 72
66 44
62 11
41 94
19 72
30 87
48 92
33 77
44 14
83 63
84 83
62 26
8 40
22 99
16 87
18 52
39 75
70 22
53 0
32 75
50 37
9 36
38 90
19 8
94 42
96 56
77 78
11 69
37 87
27 56
72 84
31 95
51 43
78 71
79 87
19 1
67 54
38 69
49 12
45 70
80 98
53 65
18 17
29 46
60 38
23 83
69 96
50 63
9 75
84 13
77 51
92 24
27 32
6 87
61 97
36 70
75 54
79 66
64 43
83 72
32 63
57 19
60 90
0 93
57 80
8 24
31 17
80 5
11 6
4 51
7 84
96 4
74 46
84 53
39 1
36 37
28 16
62 22
43 25
21 37
19 6
82 35
17 94
15 33
64 27
74 85
59 44
38 20
70 0
61 63
4 94
34 44
30 78
68 53
79 58
33 10
34 32
55 80
93 22
8 99
72 86
9 14
94 75
58 64
96 3
89 27
95 15
12 61
18 19
75 45
94 30
69 9
35 30
3 53
10 96
44 57
65 68
71 68
29 50
69 45
44 6
16 73
4 39
94 48
91 62
21 41
73 1
64 70
90 29
70 55
56 22
22 62
41 81
86 37
14 17
46 32
58 0
69 18
69 39
13 52
44 25
23 6
21 43
92 44
28 85
53 95
74 88
99 89
72 10
4 42
44 90
76 46
12 86
90 23
63 77
22 98
81 38
5 80
51 0
72 63
26 3
97 12
45 85
64 59
67 44
0 78
64 53
67 4
9 85
84 95
42 4
32 12
47 69
8 87
66 54
71 55
25 65
9 77
50 85
90 37
71 66
2 9
30 45
52 37
98 53
84 90
83 15
74 24
91 79
82 40
54 66
9 52
57 91
7 75
43 78
42 97
13 71
30 2
43 10
45 10
3 90
85 65
22 45
40 56
42 19
94 52
44 93
25 18
38 43
14 86
83 18
4 61
27 57
9 99
97 18
1 51
18 24
89 83
0 12
37 3
66 72
75 23
55 27
22 73
85 5
48 89
71 64
31 0
42 55
37 53
9 73
51 77
49 33
84 11
3 24
99 87
82 65
26 30
0 26
13 66
90 70
39 3
84 60
99 84
11 34
84 58
55 2
38 84
48 94
88 44
35 49
96 26
37 0
74 81
64 49
9 91
66 88
17 81
97 75
61 37
9 41
79 67
80 89
3 75
81 70
23 47
4 95
4 63
74 49
85 51
14 63
28 15
65 98
47 85
82 3
51 53
99 97
34 68
47 29
7 60
70 93
34 93
15 58
14 97
51 92
4 2
79 20
32 81
60 95
53 49
36 20
80 18
79 83
59 2
39 24
94 37
56 66
14 8
72 59
81 88
22 14
75 80
98 64
72 41
7 36
85 25
32 65
61 49
22 76
94 79
45 84
68 84
28 83
10 18
21 40
6 50
21 48
25 71
93 29
35 34
19 9
42 98
72 99
90 50
63 57
85 84
97 50
94 34
14 6
50 22
92 66
97 63
69 51
5 34
8 39
47 20
55 54
71 65
33 92
38 77
52 54
18 81
56 26
68 92
29 32
52 78
12 87
45 94
85 66
91 67
50 56
53 63
70 87
37 61
39 23
3 10
51 16
90 90
99 35
1 66
29 30
12 19
95 65
59 64
89 99
44 52
95 69
38 24
57 60
28 76
16 5
46 1
84 71
90 5
17 79
95 39
61 64
73 84
59 97
5 21
17 24
30 13
5 37
78 1
45 49
0 61
63 84
73 53
99 34
62 86
32 71
17 4
59 57
30 58
87 17
5 82
24 77
97 53
54 42
56 27
11 70
74 45
99 41
76 79
43 49
13 41
62 46
41 51
15 64
1 14
65 78
46 20
48 23
79 48
39 80
65 76
29 40
79 47
96 20
59 35
84 50
80 55
40 24
10 22
46 44
46 70
84 81
15 16
47 35
52 56
35 27
82 31
58 77
47 30
68 83
27 45
3 36
58 94
57 94
53 37
60 55
81 17
75 20
94 7
29 47
33 12
5 22
55 95
65 73
35 76
34 73
54 69
62 98
79 8
39 21
10 1
62 42
75 63
44 46
24 61
40 7
