100 3
52 21
12 62
47 78
4 63
79 64
20 56
33 55
95 63
35 88
7 72
37 97
59 69
89 16
10 86
73 19
62 52
96 4
60 85
10 76
96 80
41 76
53 77
86 10
27 32
58 78
94 3
47 10
52 74
92 64
17 40
48 35
0 5
82 54
67 29
1 85
42 2
78 32
74 66
44 46
4 99
66 58
0 44
53 17
37 85
29 26
72 91
85 18
32 18
30 80
3 89
42 76
72 26
21 39
11 84
23 82
41 50
2 9
36 13
55 89
12 58
54 37
46 67
0 72
85 91
7 28
41 35
1 90
81 21
13 49
1 36
85 93
73 2
84 61
17 90
48 30
82 74
96 98
8 41
75 36
33 84
15 45
80 64
47 83
0 83
27 66
62 13
4 37
24 9
37 30
78 58
49 33
1 47
7 87
56 5
90 80
51 40
58 71
99 26
47 4
81 20
61 25
91 34
5 86
12 91
26 64
10 26
92 1
11 41
67 41
80 18
14 4
12 47
51 58
89 50
24 7
13 72
95 39
14 33
8 94
20 26
41 55
46 59
59 66
30 18
79 16
77 74
9 62
38 34
7 43
15 26
39 24
40 41
71 58
41 60
58 67
74 53
99 90
14 0
78 79
96 7
29 79
57 6
49 39
56 88
90 51
33 78
6 25
46 18
84 6
15 56
90 60
50 44
10 4
8 5
31 68
95 62
15 30
11 66
44 43
88 76
61 75
71 59
68 31
23 83
86 46
25 78
98 57
44 87
1 22
58 86
58 83
81 27
16 61
54 22
60 41
77 8
14 95
21 27
46 26
22 56
87 37
56 95
51 72
82 58
19 72
74 1
62 99
7 34
97 24
7 40
11 70
45 18
92 68
26 96
82 20
75 91
33 18
90 70
19 91
69 58
32 7
65 52
97 22
21 59
50 23
63 87
41 13
82 14
50 16
7 3
57 37
0 24
72 13
17 86
0 78
99 93
93 6
18 19
68 83
90 4
43 4
16 42
75 51
49 41
62 93
61 82
76 3
87 56
68 58
1 93
45 15
47 66
46 30
20 58
62 56
91 39
34 54
93 92
59 7
95 17
39 48
9 0
67 1
4 26
23 37
74 49
49 81
26 81
81 17
99 70
65 59
57 42
95 96
87 20
1 33
88 34
60 81
37 27
22 97
22 44
45 5
59 41
38 68
58 99
47 50
90 99
36 50
77 49
56 69
94 89
83 80
20 79
9 15
78 67
28 70
11 4
49 35
81 4
62 20
45 37
27 21
94 76
4 56
69 80
14 7
35 71
34 90
45 1
71 2
5 23
20 52
92 11
42 74
24 25
36 20
3 5
74 32
72 53
10 73
40 16
5 16
44 20
29 99
40 38
32 48
11 24
26 71
90 91
37 38
25 39
0 63
47 7
36 21
93 68
3 72
67 66
48 45
86 38
75 58
61 16
86 16
99 41
94 32
73 73
13 46
27 47
43 63
2 23
52 28
88 51
62 82
0 29
19 52
27 3
15 84
93 66
25 47
95 49
46 50
82 77
43 19
13 88
12 29
17 27
71 40
78 55
15 69
55 7
97 45
14 58
68 87
21 72
25 88
79 22
33 56
27 11
85 57
72 37
53 66
73 0
97 13
94 60
33 98
59 65
27 57
24 93
74 85
69 89
24 49
55 31
76 47
3 60
0 59
13 81
8 34
2 34
55 11
55 57
50 76
99 2
37 8
57 86
72 12
83 72
33 34
24 87
5 4
91 7
78 33
98 3
66 82
36 47
75 97
5 2
78 0
54 72
54 56
21 42
82 30
91 75
16 86
30 32
30 98
6 58
32 63
36 90
7 68
10 3
10 54
90 59
84 35
43 97
88 84
3 42
96 8
47 42
83 50
36 42
8 28
92 85
34 86
64 71
12 14
70 89
28 10
47 93
73 44
27 56
8 42
24 85
85 68
4 18
57 27
72 97
68 17
12 1
38 61
51 44
99 32
87 90
99 22
74 78
17 10
59 16
96 56
24 46
31 9
18 62
14 80
72 41
98 39
61 2
80 93
58 4
31 22
15 47
10 89
72 90
5 47
5 54
30 66
46 4
10 84
41 49
2 20
78 56
21 88
91 1
24 84
39 42
8 90
34 64
11 49
61 43
36 30
64 56
35 12
98 75
33 10
50 49
73 98
34 24
68 62
79 50
21 37
62 12
18 96
21 9
26 34
94 66
24 18
64 64
53 52
73 16
16 76
84 27
11 89
6 0
88 48
70 92
2 33
69 57
56 79
92 69
35 56
80 65
6 76
57 38
75 52
89 26
76 39
49 29
33 93
10 18
38 56
63 26
33 74
74 41
65 72
39 78
69 9
64 0
9 33
22 17
84 0
98 84
28 19
63 0
69 63
99 27
14 34
24 56
60 50
84 3
89 21
26 54
20 16
81 90
0 61
92 99
93 48
93 85
49 50
36 9
34 49
19 45
64 53
82 59
29 58
6 68
81 70
39 83
74 43
90 3
14 59
22 40
17 29
28 59
95 18
16 81
91 73
13 93
42 69
0 20
0 54
20 53
52 71
93 89
26 55
84 7
14 1
58 41
67 38
28 65
93 61
47 16
26 90
60 22
96 2
62 3
66 65
55 28
47 75
99 10
95 19
27 83
46 88
56 2
1 50
83 61
86 60
15 90
96 73
4 49
83 8
13 1
52 62
80 6
47 55
4 62
64 68
69 85
55 98
83 11
31 12
77 56
90 12
23 84
68 15
20 48
90 54
25 13
67 67
88 99
37 33
52 43
67 35
26 59
9 86
78 49
93 88
98 91
90 36
24 72
80 62
78 78
41 65
21 84
40 58
9 43
75 78
90 85
22 57
58 73
79 45
51 34
57 39
29 52
68 67
22 77
99 30
1 71
77 47
48 78
83 73
69 46
26 35
96 77
74 47
16 92
69 42
79 1
78 17
51 7
43 77
82 65
29 37
49 66
47 77
65 20
71 7
15 62
40 68
7 61
27 53
54 3
84 50
77 32
99 0
64 13
94 9
57 96
70 99
56 38
5 18
37 0
33 22
48 27
41 41
69 92
27 34
59 61
3 98
3 83
72 3
56 31
62 72
78 35
13 34
80 8
79 66
65 73
73 18
94 15
84 80
5 91
75 8
41 8
71 44
89 28
50 32
44 13
33 82
38 35
46 68
58 96
70 49
98 11
49 51
8 85
59 33
70 50
38 90
26 92
89 25
98 49
38 51
76 50
61 94
84 22
30 87
26 79
52 35
35 36
25 34
55 62
80 60
73 85
13 10
56 63
11 75
26 78
2 83
26 94
76 15
1 99
50 20
50 59
58 77
12 6
88 35
52 91
23 18
10 64
16 8
7 0
7 36
31 73
27 75
99 28
20 10
24 98
89 91
5 51
18 34
67 4
20 94
15 70
18 72
64 83
22 50
92 4
67 31
27 39
73 59
93 16
32 59
62 78
52 17
86 39
98 59
45 46
13 71
49 45
36 89
21 91
84 29
76 51
66 78
86 37
41 64
14 97
90 76
55 49
26 41
30 75
16 35
99 94
64 25
60 57
72 22
91 20
90 69
11 57
78 97
42 58
64 33
63 30
18 16
30 82
91 85
78 75
84 17
26 88
78 64
57 74
19 38
44 76
75 79
31 74
92 84
91 38
54 35
67 91
25 56
26 99
93 37
29 40
0 33
60 68
95 40
23 61
60 83
36 86
73 99
47 91
18 89
2 69
0 65
37 7
59 3
83 81
8 25
14 96
49 14
45 31
12 92
34 48
59 59
11 6
22 15
79 8
59 84
1 51
41 95
14 51
68 20
93 5
60 37
84 42
72 43
7 11
10 58
10 74
80 76
90 89
43 81
17 98
93 50
60 49
69 3
8 96
75 90
6 42
17 70
4 27
47 27
53 47
96 21
87 82
82 34
40 59
51 55
7 51
92 58
43 15
26 62
34 76
36 17
6 53
60 36
18 46
91 94
30 67
80 17
93 26
15 9
60 98
20 42
91 32
72 48
12 67
27 85
22 60
6 99
35 22
29 91
55 83
68 46
94 7
14 28
77 58
36 70
9 93
18 25
2 6
56 19
63 52
14 49
76 17
28 21
13 33
66 68
44 61
66 98
44 63
2 46
9 18
3 26
88 24
87 4
44 41
93 95
91 91
21 87
28 54
16 58
33 61
73 13
62 7
63 62
48 7
4 81
66 40
76 78
80 73
8 17
85 34
91 92
87 34
5 49
85 3
11 83
79 30
79 74
84 18
24 64
24 1
80 16
1 14
91 45
11 76
51 33
54 96
31 77
65 74
53 36
79 70
65 95
48 9
83 79
38 45
41 46
75 15
69 72
21 79
27 2
11 86
13 29
44 21
10 13
84 39
89 94
42 18
23 19
32 74
51 27
5 32
80 45
14 3
43 5
35 30
64 41
92 95
17 7
88 55
34 8
90 75
92 57
55 43
33 17
81 87
53 54
0 77
15 65
73 6
51 75
86 44
33 31
61 68
56 46
66 59
93 14
96 10
84 99
98 18
62 47
47 51
35 63
42 27
26 70
90 57
45 92
63 7
56 67
14 48
99 56
19 82
84 25
13 73
56 6
47 20
10 95
50 9
77 31
54 39
48 17
16 99
31 5
12 69
35 9
24 43
56 17
17 8
11 88
54 50
34 57
43 38
79 32
44 98
3 11
91 68
32 88
35 97
44 78
59 57
99 88
95 93
98 90
27 22
6 35
18 15
78 65
94 27
22 95
22 68
19 31
29 57
81 74
23 44
73 87
2 5
18 0
61 22
33 39
14 88
58 40
76 45
42 81
8 39
26 32
46 86
51 42
18 48
96 1
0 38
17 65
83 33
24 24
48 76
98 55
10 19
43 65
7 95
48 2
95 50
85 22
63 56
48 54
0 23
69 74
73 62
84 87
93 42
67 33
53 91
16 44
13 39
77 40
7 44
39 81
17 97
68 10
63 10
56 51
12 95
49 67
49 77
11 44
84 20
66 85
98 97
57 75
35 76
11 36
99 74
32 49
19 61
73 65
81 98
63 19
91 11
17 73
77 50
74 44
94 61
39 71
10 15
21 69
84 19
36 73
17 24
57 7
80 44
99 91
80 71
20 68
92 34
94 53
84 46
7 6
22 81
2 72
63 83
8 45
41 94
55 15
86 13
39 68
70 90
97 96
13 50
81 9
89 78
65 3
77 45
55 95
36 32
26 15
29 24
7 47
35 18
94 84
50 4
35 57
85 69
15 35
70 39
53 69
97 33
18 39
65 75
43 87
56 7
21 96
25 73
50 53
66 70
60 74
21 5
77 38
64 34
26 0
49 49
13 60
49 32
18 50
90 33
31 18
32 96
5 1
6 86
97 29
55 75
50 11
90 43
68 50
41 42
93 62
66 35
59 17
93 10
52 31
90 96
23 1
14 23
19 56
55 33
22 41
31 30
48 18
97 67
2 59
11 79
84 79
41 15
47 62
82 15
46 49
39 93
82 55
79 99
95 42
73 81
89 40
28 69
65 19
91 14
6 17
66 37
65 7
24 5
93 0
3 96
27 91
92 70
81 65
2 58
97 15
6 38
83 2
94 45
63 58
60 38
86 18
0 28
49 79
78 12
2 60
59 72
9 90
27 86
22 94
13 91
3 49
85 2
47 45
88 39
42 83
28 50
16 12
71 92
48 23
97 18
60 35
32 55
71 88
42 12
61 90
71 4
28 87
32 46
81 37
16 27
75 0
9 49
93 35
58 47
20 47
40 51
65 65
65 89
62 97
71 5
20 86
42 60
88 17
39 63
67 13
47 72
2 94
64 67
21 92
70 24
19 69
91 84
51 19
39 66
41 98
85 88
18 84
71 97
92 41
97 27
69 47
60 72
29 44
88 72
98 35
97 73
54 43
15 0
40 94
74 61
0 43
39 12
92 66
93 67
81 79
29 17
7 80
46 52
30 21
77 13
49 44
89 62
16 13
93 4
64 96
38 20
38 2
56 33
2 65
22 73
84 94
92 3
7 82
58 56
46 9
3 92
2 90
36 39
20 9
51 6
96 93
38 11
18 41
75 22
54 6
56 94
9 31
14 98
22 62
33 29
21 3
45 82
28 15
97 91
40 49
90 15
71 3
10 51
8 23
43 35
74 67
88 6
72 49
4 25
55 94
45 64
96 16
24 19
74 91
54 10
89 30
26 17
83 77
29 31
39 88
5 98
98 1
24 29
82 0
4 53
79 49
9 56
19 47
20 65
29 80
86 70
4 31
29 6
56 12
70 22
98 60
91 89
40 65
17 96
41 66
79 89
77 73
82 72
72 28
85 72
71 87
76 82
27 79
64 10
7 99
88 64
99 77
51 69
96 11
93 25
36 51
78 76
20 17
16 2
67 34
68 42
29 71
16 53
66 54
79 40
4 24
23 77
27 30
37 25
60 19
30 12
46 53
43 24
98 52
60 95
6 77
92 31
25 11
87 79
28 33
62 11
49 59
49 7
57 98
5 96
8 12
6 8
47 76
42 36
3 34
79 35
76 93
60 8
50 92
20 85
1 70
64 29
8 88
39 76
76 76
0 90
59 44
88 75
30 79
45 30
96 61
46 29
86 22
66 14
56 34
38 17
23 9
70 62
8 69
18 17
14 29
59 37
63 96
68 49
64 58
15 5
17 87
5 21
41 4
81 5
29 51
38 16
91 90
74 77
27 92
22 87
77 17
24 97
78 25
1 94
94 55
67 87
39 50
78 28
46 77
59 68
7 60
69 39
21 33
80 59
57 40
97 66
10 33
8 75
59 70
24 40
17 88
89 29
62 91
50 18
48 13
99 21
92 42
52 3
59 91
45 59
31 60
28 43
4 61
65 22
50 24
44 0
62 88
7 35
87 49
45 90
95 53
82 12
16 19
67 2
53 10
85 24
33 20
17 48
90 30
81 68
65 91
48 90
34 84
9 69
63 93
55 41
34 32
75 16
6 98
29 59
95 41
99 18
65 26
44 26
32 47
40 20
27 19
35 3
61 8
63 90
42 5
34 91
61 31
70 64
20 77
13 21
3 88
88 91
59 27
68 68
78 96
52 23
48 82
77 37
37 99
24 31
98 16
58 72
95 81
79 2
8 67
39 94
72 23
9 77
31 82
11 68
72 7
57 78
56 27
48 94
74 13
93 86
92 6
9 75
53 15
94 6
43 27
76 56
87 16
84 43
12 51
5 97
67 59
11 81
37 87
60 82
4 16
56 61
78 66
45 87
48 26
51 21
96 23
26 68
89 35
11 9
91 42
37 80
27 52
30 24
81 33
39 55
40 64
3 55
58 5
13 61
73 9
69 53
0 75
10 45
66 9
76 81
48 47
18 12
28 42
9 83
36 44
97 37
37 52
70 47
25 84
32 14
87 7
18 10
2 41
55 61
39 34
26 83
17 31
80 32
24 60
92 19
76 73
19 79
52 83
77 82
80 52
95 61
31 50
9 87
74 52
84 31
88 5
42 40
84 67
78 48
25 44
39 4
41 59
19 29
0 47
73 40
9 9
17 35
17 91
66 83
8 14
37 70
12 13
62 65
5 17
53 25
31 87
58 38
45 14
9 2
69 25
84 12
29 25
86 98
71 95
45 63
71 51
61 96
80 96
73 31
7 9
24 33
39 56
32 6
97 28
95 84
14 77
48 71
60 34
99 68
85 42
22 37
93 60
74 99
63 88
98 94
60 14
54 74
29 12
1 43
33 87
75 24
48 75
44 92
49 94
70 23
13 90
22 85
24 10
86 97
1 24
56 90
74 45
45 97
10 52
97 51
82 57
85 78
17 89
0 10
85 58
23 57
63 6
76 40
69 33
47 65
32 19
77 1
98 77
11 15
86 7
83 89
45 74
46 82
7 27
60 6
44 10
29 94
77 6
22 3
19 59
99 62
46 57
14 74
67 48
16 36
61 26
97 99
79 46
52 93
74 86
70 35
10 44
46 61
58 44
66 44
51 97
10 27
91 25
36 14
86 62
72 6
60 80
48 93
24 77
47 87
12 11
6 14
18 56
18 58
88 38
90 86
9 27
93 65
9 60
26 14
49 93
13 84
39 84
33 41
19 17
87 55
69 77
48 91
71 89
94 22
64 7
9 78
60 84
67 27
39 31
84 73
40 57
56 35
55 35
23 97
26 13
1 83
78 42
76 64
95 5
19 36
12 89
81 1
89 95
95 82
58 63
13 94
59 34
9 50
32 87
12 23
23 32
26 87
77 92
27 64
87 69
61 45
36 55
53 33
41 97
97 10
98 41
11 28
49 75
71 76
77 64
16 97
23 33
17 57
88 50
31 27
29 15
46 71
19 64
67 39
99 47
75 26
18 33
19 13
95 45
81 51
77 79
12 85
79 76
11 46
36 4
95 92
39 87
24 55
83 52
85 6
80 7
65 54
25 22
47 13
34 3
80 77
19 80
63 2
81 7
84 41
70 6
75 57
68 72
80 36
62 22
2 57
35 55
29 72
83 4
83 0
36 23
40 45
10 90
7 38
51 18
55 9
42 50
80 12
74 72
89 89
87 80
63 77
93 97
6 60
21 82
82 8
4 88
97 95
75 23
48 11
23 92
69 44
73 82
85 53
9 72
19 89
5 42
6 39
18 93
49 80
27 41
10 38
74 8
56 24
61 86
4 90
75 42
37 41
39 85
66 95
5 66
69 82
61 85
40 93
8 71
52 38
61 53
38 22
95 16
14 15
57 67
17 38
46 79
78 86
23 78
66 86
18 53
86 63
96 62
36 97
85 80
14 68
79 68
19 66
47 84
65 24
12 3
71 57
7 59
36 80
96 31
72 86
4 48
87 97
20 12
4 76
87 94
13 55
11 50
14 67
19 54
5 63
82 63
22 5
59 97
91 0
19 44
2 37
51 96
64 54
37 86
97 65
54 18
53 73
54 84
37 10
80 75
29 35
2 82
41 43
41 19
95 11
43 83
55 23
96 85
7 58
98 58
79 94
87 75
44 72
98 73
8 78
33 77
56 98
92 46
34 35
38 97
80 5
44 42
60 32
60 58
13 66
36 96
57 68
98 2
30 48
15 11
37 48
68 13
96 39
38 12
91 47
81 85
18 20
34 81
20 7
70 34
74 39
6 31
56 58
66 48
77 11
84 56
28 61
24 42
86 15
22 82
57 21
33 49
92 22
21 41
56 85
79 96
22 90
53 75
65 99
98 51
70 68
2 39
80 11
48 38
44 25
72 52
77 71
49 42
64 94
57 72
19 9
91 24
36 60
86 99
87 2
53 58
21 57
17 75
45 16
78 2
14 17
84 13
6 24
53 43
13 42
19 46
82 68
71 75
5 87
81 8
92 55
14 5
77 96
31 48
25 32
71 18
88 81
5 43
71 8
70 38
25 0
68 84
95 47
53 62
22 78
6 51
61 37
15 71
64 44
14 20
44 57
70 96
55 22
16 91
94 59
4 1
67 30
24 26
28 44
57 29
33 71
6 87
76 26
68 22
94 87
72 64
75 99
54 54
57 2
60 33
30 36
94 78
13 23
37 58
13 63
97 69
90 50
78 46
42 53
9 59
21 62
2 27
13 24
83 65
10 80
8 26
15 54
94 86
15 22
3 65
82 45
29 70
69 31
82 94
75 21
20 70
47 39
26 8
36 91
47 1
71 69
87 21
27 5
1 3
26 85
79 23
85 33
45 68
5 9
24 11
14 21
8 92
25 24
36 26
51 54
15 64
51 9
56 62
73 27
10 98
58 91
21 25
90 81
76 97
86 51
18 80
84 14
27 9
21 21
20 45
36 98
5 89
8 38
19 6
96 33
77 66
40 73
36 22
71 54
49 11
95 9
69 71
32 30
2 66
6 94
94 1
63 20
57 9
43 57
58 52
86 14
63 82
50 14
41 29
6 89
82 53
85 28
49 37
81 54
37 44
65 71
26 38
64 99
28 37
21 11
81 43
61 11
9 6
38 28
74 96
91 40
78 18
11 11
91 74
28 31
95 4
48 29
19 83
3 37
94 11
68 65
41 89
75 72
98 56
49 78
75 13
74 97
87 92
94 94
93 17
3 90
94 37
9 96
81 55
40 83
14 78
49 0
96 29
86 8
97 43
98 80
45 94
75 82
65 33
25 42
96 12
29 21
43 12
57 22
49 31
37 56
38 38
11 52
21 46
5 93
63 42
17 59
83 34
40 9
92 53
13 59
45 76
49 96
98 67
8 9
36 53
68 66
57 61
31 20
75 45
36 64
18 47
9 84
86 17
51 89
36 82
23 46
27 84
30 16
43 86
19 20
97 78
19 16
70 4
5 69
10 66
33 44
87 70
98 43
91 35
20 39
19 77
26 23
27 15
28 84
56 92
53 76
36 68
51 66
93 82
17 26
1 25
37 66
85 60
21 43
76 98
55 37
18 23
34 63
3 36
68 4
21 70
58 28
51 65
63 35
70 69
23 66
5 33
52 24
64 30
17 51
30 47
90 8
50 84
60 60
64 63
34 34
19 18
99 45
77 4
5 13
33 97
35 93
54 28
97 39
70 45
51 17
81 23
12 49
82 83
64 39
72 1
59 80
32 81
92 20
87 31
16 93
28 67
95 91
84 47
52 73
65 5
52 29
10 97
55 77
30 86
90 82
33 32
38 98
91 96
79 36
98 10
61 59
15 32
95 73
65 64
71 71
77 0
75 77
44 47
32 94
53 0
95 64
61 23
32 53
82 26
83 15
40 67
11 18
29 34
77 76
48 8
8 74
78 68
78 45
17 80
81 96
74 57
51 94
97 79
83 66
87 30
90 41
28 92
67 25
19 90
25 58
57 60
8 22
37 73
25 45
70 75
98 81
24 22
40 66
28 64
68 7
1 88
54 73
4 92
50 19
69 99
21 45
66 50
18 61
8 13
31 17
0 66
30 0
46 12
61 67
86 25
14 83
76 5
19 57
18 60
26 95
58 36
29 54
42 25
90 37
81 14
77 99
7 7
15 4
29 29
89 24
0 82
16 15
80 99
70 56
36 93
64 11
66 3
13 18
49 4
69 95
74 74
90 6
27 77
37 79
18 21
48 37
36 77
29 42
58 8
65 44
48 22
25 12
29 98
57 89
91 66
75 10
69 75
35 87
38 36
28 93
48 15
93 46
52 72
38 33
41 27
60 48
2 79
92 49
53 6
33 67
34 42
86 9
80 22
43 92
41 62
21 75
18 52
82 32
13 26
5 3
10 92
88 66
67 40
29 78
51 10
50 30
85 19
19 93
24 90
84 82
46 39
60 51
70 80
7 18
36 19
42 56
52 70
8 3
46 7
79 56
25 10
9 89
23 68
33 88
31 34
69 36
41 12
60 91
34 46
20 83
47 69
65 58
61 42
81 50
59 22
42 35
27 81
0 64
36 69
97 8
55 50
75 44
15 44
67 78
63 95
35 90
14 6
74 38
28 66
27 8
73 52
3 78
41 11
43 78
19 35
25 81
36 61
55 4
78 98
48 28
27 37
31 95
43 44
95 59
73 78
82 6
57 64
92 78
36 33
10 8
89 84
39 29
41 61
71 98
30 10
23 0
50 58
11 95
53 59
32 37
91 19
70 40
81 91
2 93
84 38
62 37
24 45
24 48
91 43
71 25
67 77
52 54
77 60
35 83
54 62
90 94
39 98
77 72
23 64
0 55
37 24
60 99
8 61
67 73
20 25
50 86
87 91
35 51
17 69
56 25
88 60
97 97
95 44
5 45
72 27
30 64
20 66
38 83
42 37
39 10
60 70
20 8
86 28
12 8
58 65
15 25
23 13
35 24
81 80
0 17
2 16
43 31
74 35
1 52
54 33
94 10
2 54
62 54
76 54
31 76
11 27
56 87
65 12
53 2
40 10
22 38
59 77
81 61
5 78
17 18
61 88
5 67
59 29
40 56
54 87
52 44
7 62
96 89
19 27
37 47
72 47
35 26
23 95
8 30
26 74
20 3
80 86
33 11
52 42
70 30
10 7
87 46
90 84
72 44
49 46
51 2
31 88
62 60
3 76
41 32
52 36
67 12
37 26
24 62
64 57
42 15
26 18
21 18
52 4
89 85
19 92
53 89
71 63
13 87
17 11
91 49
13 80
73 74
93 73
66 28
78 72
65 83
44 5
79 7
66 73
98 96
60 90
48 21
49 71
90 10
62 92
98 14
98 6
25 30
69 2
61 13
76 83
87 0
0 46
83 19
30 30
93 79
61 33
28 48
67 60
18 43
0 15
57 13
58 10
47 59
49 87
4 66
49 64
92 62
37 98
2 40
25 6
93 38
22 47
96 47
99 57
66 79
11 62
2 10
54 12
60 45
48 65
24 50
68 71
90 95
60 86
85 43
44 33
72 4
58 84
18 88
70 74
62 49
53 90
91 83
69 51
47 12
36 84
52 27
22 88
64 24
10 12
90 61
91 9
55 30
64 1
72 29
39 86
9 67
81 44
79 24
39 16
13 0
83 1
85 0
35 48
82 17
69 93
96 79
45 95
50 98
86 29
27 6
55 68
76 24
15 60
74 40
43 56
76 85
16 30
62 84
64 85
70 97
30 61
73 57
43 3
30 51
7 39
64 51
19 34
80 26
69 48
75 32
56 77
9 65
25 48
72 30
83 10
74 22
54 92
87 73
75 17
96 46
68 91
57 54
37 45
76 68
25 72
34 27
94 99
93 91
52 96
59 2
83 51
90 1
0 12
13 30
94 48
50 71
72 38
58 85
66 72
59 67
11 29
77 83
86 56
37 75
30 57
4 40
44 31
38 40
82 89
3 99
83 18
2 56
26 43
40 75
59 46
20 2
48 48
86 49
11 7
2 63
20 98
40 3
86 73
97 41
95 2
63 1
14 94
0 58
46 37
55 71
2 3
34 6
78 21
70 54
45 89
66 67
6 21
62 39
43 42
9 3
70 3
68 59
29 87
49 2
32 78
24 8
61 30
25 93
27 7
25 43
78 41
65 61
85 7
66 12
16 17
95 88
56 68
76 53
36 83
19 99
50 73
38 71
72 84
45 56
4 35
60 65
49 38
2 85
90 68
72 50
28 55
71 53
57 92
32 29
62 28
70 28
38 80
90 44
36 6
5 85
23 28
89 38
63 74
6 59
60 26
22 52
20 57
32 85
65 31
79 98
19 68
13 12
15 16
56 53
53 86
31 32
25 68
88 45
29 60
12 5
82 87
66 69
38 41
74 6
96 82
55 56
71 24
60 9
9 70
70 9
95 69
71 10
88 41
78 85
1 34
70 20
4 44
7 16
83 90
93 43
87 87
52 16
50 36
56 66
37 39
79 72
20 80
1 38
0 52
52 39
67 94
90 32
94 77
31 72
70 36
95 10
62 29
99 81
66 13
42 52
67 96
31 33
99 52
93 11
24 86
57 99
25 2
97 32
65 14
42 21
39 92
39 28
32 40
42 94
0 7
83 87
87 96
21 12
10 55
35 78
97 83
28 41
82 9
79 12
10 87
6 65
15 1
60 59
99 42
50 61
86 42
20 22
0 34
55 17
92 87
45 99
50 81
95 0
36 99
81 12
34 69
74 92
15 98
63 71
58 88
83 54
86 50
99 13
87 32
7 23
84 97
28 12
60 46
29 46
42 48
29 39
24 0
64 31
33 76
37 64
3 86
62 77
18 83
97 72
28 85
57 80
9 13
70 5
41 9
15 18
60 13
15 23
10 35
73 60
32 73
59 43
27 98
15 50
31 92
9 92
23 25
51 62
57 58
34 65
39 38
89 66
41 80
76 99
79 57
12 25
29 65
22 16
74 25
73 38
65 37
9 10
43 45
79 17
42 67
84 11
47 0
73 4
0 11
54 80
81 77
21 31
17 63
61 80
26 24
41 10
34 58
32 15
93 30
50 48
38 27
95 71
4 68
8 59
75 92
39 18
40 44
66 19
10 30
86 43
92 80
77 52
11 51
60 93
60 31
76 48
28 71
26 66
27 55
31 42
88 85
56 74
43 76
39 96
18 6
43 16
25 69
9 19
41 25
14 47
85 26
75 88
80 70
88 67
32 35
6 27
26 60
23 93
91 70
80 88
8 87
22 23
26 7
85 52
93 63
54 79
12 53
35 96
10 17
57 8
7 32
45 62
45 66
33 65
78 94
48 95
63 13
42 78
13 58
1 32
38 79
81 69
52 58
62 50
81 34
10 81
7 94
4 83
89 57
99 87
33 91
69 23
10 20
79 85
65 28
87 33
76 71
22 36
13 83
33 38
98 24
53 96
85 37
45 33
98 88
49 30
64 81
89 96
92 47
11 14
99 1
17 42
33 81
60 28
82 46
23 89
58 64
24 96
31 93
54 19
83 93
60 39
45 23
45 32
95 99
53 39
12 0
45 40
0 68
88 54
61 15
4 75
47 73
18 24
93 80
41 73
20 37
25 62
18 13
11 40
62 35
59 4
76 52
99 29
82 61
66 71
40 24
48 77
95 54
15 8
43 34
27 87
82 36
88 94
80 72
99 79
32 99
80 84
59 19
22 49
99 72
59 83
32 84
33 4
24 13
92 50
30 25
76 22
44 18
91 23
46 35
74 88
19 43
79 92
83 23
3 23
62 46
98 45
49 23
30 99
9 39
5 79
30 69
43 20
50 41
23 38
62 43
27 43
12 31
26 48
61 58
4 95
55 86
29 33
60 73
35 6
53 22
4 96
30 91
63 80
99 39
52 67
26 77
87 52
21 98
20 30
17 79
96 64
78 11
47 26
49 76
20 76
3 38
50 45
46 13
43 98
53 98
88 30
99 76
97 58
81 64
59 74
45 65
9 44
79 41
17 53
21 89
65 42
95 80
78 61
60 21
0 80
85 90
22 51
83 84
53 44
13 5
9 63
65 56
7 31
51 45
47 68
25 46
89 65
75 47
50 95
67 97
58 13
84 16
81 56
69 84
24 4
53 40
80 50
14 87
18 68
33 19
82 51
33 47
70 33
94 79
92 82
31 64
24 99
29 3
30 85
81 78
74 69
55 63
13 86
75 28
39 49
71 6
85 1
69 91
57 25
38 78
90 66
92 81
50 87
65 15
5 60
33 72
21 74
99 14
20 97
73 54
45 79
84 70
58 87
39 1
95 46
69 22
71 99
51 41
21 71
63 9
18 49
70 52
53 63
49 5
56 93
94 58
56 29
9 73
28 56
7 1
4 6
75 29
94 82
36 92
79 37
56 50
98 82
38 89
79 9
29 9
79 79
34 99
50 33
81 83
90 31
48 4
92 43
65 78
20 15
35 60
93 54
25 41
73 28
46 64
61 72
27 25
11 92
84 44
60 78
27 29
41 58
69 20
28 35
63 85
67 70
31 46
98 62
22 30
54 98
40 29
96 83
61 81
98 29
40 69
31 90
56 30
68 32
73 20
16 51
66 49
59 94
63 27
60 64
53 32
12 43
57 20
63 53
18 70
64 74
0 74
45 70
71 17
21 20
7 83
38 77
90 19
8 54
89 87
93 12
34 71
91 10
49 85
71 22
9 46
63 22
14 63
67 80
18 65
12 17
80 14
45 43
3 57
5 58
20 96
95 15
61 24
59 76
11 97
50 94
41 82
3 1
40 30
23 47
47 47
86 45
65 29
23 7
26 4
87 65
68 92
49 52
75 54
67 93
15 72
6 64
13 57
80 80
91 87
22 18
55 18
69 26
55 53
57 84
3 63
32 60
36 81
18 38
24 34
11 31
28 88
96 94
46 46
25 29
42 89
18 75
43 91
86 59
7 4
75 83
9 76
17 60
74 79
56 60
91 33
40 13
9 7
82 86
59 45
7 63
30 68
79 62
54 78
65 39
74 33
35 86
85 51
72 88
81 41
63 36
66 41
21 4
43 32
97 70
9 55
1 73
82 5
43 26
31 26
39 74
8 15
58 48
89 52
62 79
31 13
75 60
51 0
16 47
13 75
29 77
47 88
43 84
2 61
66 66
42 54
8 79
52 46
60 3
24 95
47 6
79 75
3 12
73 3
0 60
35 45
28 95
89 4
80 49
5 27
60 97
4 47
55 14
0 79
88 1
18 86
98 31
95 78
67 6
2 50
96 42
43 14
80 85
43 74
73 88
91 98
71 67
45 47
88 26
90 45
19 51
18 69
81 18
29 75
76 38
40 55
49 19
41 96
92 60
51 51
54 49
92 61
45 52
6 70
62 55
8 52
70 13
4 32
11 80
28 18
55 80
60 25
77 51
28 8
45 58
53 27
21 49
99 19
37 31
69 43
43 54
71 85
46 20
47 23
56 11
31 97
40 36
92 51
40 8
21 90
44 67
79 34
16 65
41 72
29 8
31 7
71 13
32 17
29 84
23 48
52 63
30 53
95 95
88 80
64 19
53 9
14 62
50 25
30 40
90 46
4 4
86 83
92 27
63 51
81 67
30 78
81 6
61 35
71 11
95 13
30 27
76 92
2 42
69 66
15 34
22 7
72 9
3 0
55 1
74 36
64 61
67 69
39 0
34 18
86 2
86 57
13 32
98 33
64 26
11 85
73 94
29 18
56 22
2 51
56 70
53 93
75 19
72 61
49 6
70 19
72 8
14 82
2 75
68 18
55 88
90 24
16 74
49 69
48 89
58 33
18 42
78 29
97 85
87 35
92 35
55 52
70 78
25 76
67 98
30 50
79 0
97 5
95 27
61 83
71 39
2 49
74 31
89 92
91 12
53 34
75 20
20 92
24 35
1 9
57 4
0 71
58 54
10 88
33 51
59 60
43 39
92 72
26 97
22 86
17 77
8 36
75 62
4 17
75 95
85 46
55 0
80 27
36 71
86 76
23 53
50 52
91 37
95 20
29 83
96 53
28 34
58 20
16 64
44 84
27 1
13 69
12 60
91 76
73 33
73 48
25 94
13 79
95 3
51 77
4 43
67 9
34 33
69 14
30 81
1 81
42 23
9 29
87 5
80 82
42 84
17 43
30 97
45 91
20 43
82 95
16 83
31 8
17 85
19 55
68 99
54 34
2 12
71 73
18 45
85 67
98 70
71 91
14 42
65 63
83 96
24 94
18 30
35 47
57 94
77 75
50 7
96 15
91 31
72 21
31 39
95 68
55 55
91 63
16 6
45 75
3 75
76 11
83 83
13 3
46 17
89 14
67 16
23 76
8 11
76 55
3 16
93 72
81 29
44 39
88 70
48 96
0 88
3 17
17 83
58 92
64 43
27 50
10 93
89 70
22 46
64 20
48 44
72 75
42 11
12 2
65 62
26 76
84 93
20 54
7 90
58 62
25 8
68 96
52 55
7 66
80 4
25 4
24 81
10 71
15 14
44 48
50 55
48 52
46 48
59 85
39 43
62 16
6 52
8 6
82 25
63 43
39 62
18 97
49 13
44 59
56 83
1 48
33 53
64 22
38 95
11 55
16 11
1 6
35 38
89 7
77 81
54 48
85 5
57 73
87 86
82 44
61 41
63 11
49 40
6 80
78 50
92 25
83 22
94 64
18 77
42 91
17 30
91 81
87 71
51 16
28 49
52 87
44 14
97 93
33 30
8 99
26 45
35 17
70 8
82 70
76 7
94 40
55 5
13 15
25 77
30 96
48 86
71 48
20 5
40 79
59 50
96 54
94 51
65 35
97 50
44 58
45 28
15 63
3 47
75 27
27 16
56 55
36 12
56 23
69 49
83 74
96 65
54 45
78 57
17 15
36 43
52 99
45 83
8 76
44 19
83 56
15 88
63 45
76 70
96 35
57 49
21 53
14 10
62 75
91 58
28 99
38 69
3 81
1 80
67 83
21 60
26 40
85 79
45 36
76 28
29 48
74 54
25 54
1 8
49 17
66 84
45 73
77 63
50 8
4 45
73 26
32 42
4 70
71 20
68 24
82 18
95 37
7 24
23 42
23 11
43 28
43 43
55 78
12 52
36 85
2 24
59 40
14 84
81 42
27 31
78 82
29 89
29 19
65 85
39 60
44 81
37 93
6 49
51 24
37 89
51 4
42 85
24 78
48 74
12 41
25 99
55 90
48 6
56 82
15 19
37 42
17 4
98 28
64 14
13 13
72 87
63 54
1 16
33 15
41 51
80 91
10 57
1 11
53 37
34 56
70 7
37 11
66 11
53 80
95 85
38 86
79 51
62 64
73 34
66 93
70 10
93 77
95 29
64 69
55 79
51 56
3 22
12 34
41 52
91 50
17 37
93 36
50 13
4 41
32 90
97 49
94 92
55 29
27 67
56 45
79 65
3 43
83 6
88 62
71 74
69 34
23 35
62 34
27 10
12 94
88 52
41 84
8 91
87 47
98 7
59 12
13 40
87 29
14 44
4 67
9 53
71 49
33 23
29 7
37 62
16 23
90 58
44 23
23 96
3 21
87 67
95 89
66 60
47 53
26 50
56 26
96 34
58 80
88 90
27 62
96 13
86 93
29 10
83 49
40 6
68 38
19 15
51 12
76 74
61 38
14 37
93 13
15 66
66 24
44 50
72 11
48 92
50 1
38 66
88 46
97 88
90 77
74 10
94 29
13 38
11 20
41 48
40 27
44 30
18 32
18 74
93 9
50 26
99 16
64 87
23 81
0 57
41 28
68 3
99 51
74 60
61 50
77 46
36 49
30 38
30 72
43 55
77 77
53 95
81 95
72 31
92 40
24 38
54 4
48 85
42 30
21 35
19 98
81 13
27 4
13 53
56 15
11 17
42 43
22 70
67 76
33 90
61 57
53 28
1 7
61 73
40 81
51 70
91 5
34 79
45 20
62 42
3 97
81 2
64 84
27 51
88 89
43 88
1 63
35 11
72 83
56 36
64 49
70 61
37 95
27 63
72 93
43 72
41 54
68 64
68 55
71 16
86 66
58 82
3 15
58 25
18 91
76 34
87 44
75 69
58 66
68 88
74 26
50 74
91 16
34 9
33 64
97 40
41 77
2 96
83 35
80 37
26 69
96 75
37 63
79 47
93 15
63 24
54 90
47 79
72 24
0 21
65 21
31 81
64 9
71 94
25 36
86 74
89 55
31 62
80 38
19 23
6 67
38 5
96 60
46 22
73 75
65 98
47 82
3 8
77 10
84 8
43 41
24 61
85 75
36 75
58 23
76 91
68 93
28 23
13 6
23 51
52 32
17 67
41 68
2 88
39 37
97 21
70 48
30 7
39 35
19 85
95 25
31 63
94 85
93 52
89 75
27 90
38 70
85 81
0 0
85 87
9 54
88 71
81 0
93 1
33 62
33 16
34 17
32 43
14 99
34 67
27 95
35 68
14 50
40 48
43 53
94 4
15 20
57 65
88 36
91 41
22 6
43 89
22 0
50 29
79 4
11 37
45 77
48 51
63 49
21 26
87 39
6 18
75 66
58 39
97 44
83 63
38 24
26 28
30 84
50 64
90 55
5 35
91 28
72 0
24 27
94 81
30 1
96 41
58 70
83 3
14 46
45 29
85 36
95 97
10 2
32 98
40 61
90 88
98 44
11 87
95 66
63 17
74 95
50 21
57 57
97 17
63 16
31 67
68 76
48 67
26 3
83 26
96 26
85 44
47 46
40 95
24 36
3 51
80 55
31 61
32 54
15 37
61 49
52 37
67 53
6 2
80 53
12 42
47 97
63 92
91 15
23 41
52 59
86 86
99 6
23 20
71 32
79 21
25 9
40 17
43 21
46 47
40 80
82 23
98 42
99 86
95 1
82 84
45 22
21 97
17 62
21 95
44 77
2 44
38 42
91 59
94 90
93 53
1 46
3 19
98 46
35 64
50 56
54 26
3 93
8 68
34 43
0 1
51 63
98 17
27 69
65 34
48 53
76 31
47 52
30 93
70 12
52 81
39 33
33 63
51 59
54 71
76 59
42 77
37 2
26 98
22 99
37 50
18 85
20 28
37 57
72 69
0 22
35 27
25 87
20 89
90 48
81 72
31 29
36 29
47 96
85 98
5 55
17 99
34 73
29 92
40 70
71 72
84 2
16 60
37 4
66 61
8 80
93 90
2 38
46 81
74 23
78 89
69 10
87 98
14 12
58 35
42 6
86 1
22 84
89 32
53 78
20 99
69 38
32 23
28 46
79 39
93 81
10 68
72 74
44 83
99 95
81 59
42 97
83 58
38 63
89 51
17 19
38 54
56 99
16 25
39 69
87 28
51 29
73 47
96 95
1 26
62 2
4 19
32 9
86 65
60 20
66 80
46 75
34 16
7 26
92 2
91 56
13 25
65 87
87 26
82 67
6 78
28 22
98 0
84 66
3 20
84 88
80 51
16 38
46 91
88 77
32 72
85 47
80 95
96 18
44 66
19 32
42 8
27 38
60 0
43 51
37 54
88 23
31 47
71 79
58 17
15 24
34 26
72 18
84 1
37 36
68 95
11 2
67 43
32 13
50 40
17 76
61 74
88 20
54 91
18 73
49 28
92 75
48 3
76 69
84 5
6 84
6 19
81 25
56 13
27 76
11 56
48 25
37 19
44 91
26 80
88 19
87 78
39 6
18 92
63 97
28 77
85 71
87 64
31 4
52 18
46 56
56 59
97 0
31 35
18 57
76 58
50 31
34 72
68 27
53 51
66 52
53 38
11 13
62 81
63 28
69 86
41 14
55 67
15 52
71 30
65 69
8 95
71 78
81 31
82 49
64 93
56 81
22 69
54 83
69 17
41 85
82 50
6 46
82 91
37 74
76 42
33 52
8 21
30 17
78 31
50 70
40 74
51 47
81 36
18 5
83 69
76 61
18 90
51 90
54 59
38 64
45 98
99 3
83 55
2 4
99 40
19 24
85 59
91 57
98 93
75 41
82 90
59 26
63 12
72 5
53 41
12 73
51 68
67 84
38 1
9 22
48 72
55 3
58 59
64 32
39 72
94 71
22 13
26 42
91 2
3 52
30 71
4 34
25 55
57 59
54 94
42 71
31 40
83 32
77 33
4 23
44 35
9 94
84 33
57 69
99 66
42 86
46 1
81 39
97 74
31 57
67 90
77 34
78 16
84 28
21 81
75 53
59 49
39 65
4 11
31 3
33 89
61 63
30 39
1 28
12 30
67 54
39 14
43 59
52 77
25 3
46 14
28 79
63 40
99 98
78 9
38 8
10 75
85 29
35 14
79 10
85 25
7 54
63 4
77 16
90 34
36 59
14 54
26 27
12 66
97 53
64 92
65 49
26 16
4 57
45 13
48 79
30 52
35 19
26 65
1 87
67 63
9 20
36 46
64 95
46 36
18 3
60 94
2 1
6 5
54 30
18 11
76 27
32 92
67 71
97 54
99 67
60 92
28 9
99 65
38 15
40 71
41 2
95 8
95 38
31 41
23 58
85 49
24 17
92 8
59 14
3 4
20 35
62 36
15 91
11 35
3 27
97 62
75 55
59 0
5 8
17 50
27 0
20 63
32 64
44 86
17 44
46 80
35 40
20 38
61 78
22 67
70 26
73 91
72 20
94 83
97 98
56 16
29 97
73 10
81 58
19 19
8 32
15 81
69 81
88 7
61 95
48 81
46 43
9 25
70 55
65 93
40 32
7 71
42 59
13 56
8 10
41 44
68 45
11 54
12 88
80 10
50 37
90 65
31 51
30 14
23 79
53 45
0 30
39 70
61 61
2 53
39 61
92 24
17 56
22 59
35 50
61 65
11 60
22 14
17 32
3 31
11 34
26 51
0 73
66 64
73 35
89 79
93 27
58 32
20 11
57 53
30 8
88 95
39 46
5 34
26 30
36 34
72 95
92 89
64 16
46 84
15 57
9 32
76 63
17 82
90 92
5 38
18 9
1 13
75 34
1 82
80 98
28 14
14 2
72 59
3 45
15 87
32 93
67 88
37 76
32 75
4 30
16 31
1 12
21 65
51 14
50 77
27 59
77 19
27 65
19 2
18 7
32 79
44 51
93 64
82 35
27 46
28 74
66 97
49 98
92 45
15 77
79 13
52 80
86 78
73 37
71 83
68 81
76 18
70 51
64 50
51 32
20 44
16 72
83 39
53 49
2 70
54 25
49 73
42 20
82 21
98 71
15 74
12 33
19 22
53 85
39 41
89 5
16 85
21 47
68 53
27 94
52 86
85 45
27 70
17 39
71 29
70 85
58 31
0 19
59 39
70 15
68 52
51 86
11 59
29 55
47 40
33 94
96 5
4 82
22 9
84 78
53 11
92 91
28 52
73 56
16 48
68 60
44 69
88 56
0 91
40 5
7 92
97 36
32 21
30 46
32 33
80 39
1 84
33 75
53 14
80 28
88 49
55 64
52 6
5 5
66 10
43 2
6 13
7 75
45 55
61 0
88 96
57 90
10 39
0 50
84 10
82 31
6 22
83 64
73 29
73 51
75 18
24 28
94 54
49 72
25 21
84 55
50 96
20 14
26 93
10 25
24 54
40 96
78 15
27 80
39 17
3 6
44 45
73 45
14 75
22 93
12 26
47 71
3 9
84 9
34 51
20 91
16 66
12 61
76 10
53 55
36 67
1 74
99 12
61 48
95 65
11 32
8 89
0 31
80 66
7 85
37 71
47 34
77 36
92 32
22 27
90 79
62 67
86 68
45 48
28 26
59 87
88 13
81 84
5 83
42 10
34 47
92 33
15 28
25 14
12 55
8 27
99 69
24 88
30 35
51 3
44 70
76 16
76 75
76 43
84 52
81 40
47 92
53 21
19 60
96 70
65 16
4 78
6 3
24 63
52 25
73 7
50 35
78 81
79 43
28 75
71 61
52 97
94 17
70 93
46 38
85 97
79 86
66 7
75 67
17 92
34 61
76 77
22 31
67 11
13 19
4 60
0 95
47 60
41 71
50 93
6 16
87 1
16 34
79 88
13 78
25 98
47 99
66 90
56 14
16 49
49 89
53 53
35 82
58 81
31 45
34 20
43 40
34 25
35 77
86 87
52 7
80 74
68 56
70 29
67 17
0 51
67 52
54 31
7 79
0 42
79 15
96 17
34 38
46 93
26 29
27 49
95 79
88 59
84 21
93 40
51 8
98 78
59 79
14 56
54 68
44 60
95 34
8 19
37 34
34 94
22 79
94 24
18 64
27 13
62 4
50 34
25 51
38 65
57 50
0 27
53 88
49 3
27 74
76 37
49 84
68 34
1 29
43 52
8 81
6 62
68 69
1 19
90 73
82 92
50 72
85 17
76 1
22 34
35 98
67 57
53 70
9 79
76 88
92 38
2 13
1 5
43 1
53 24
51 13
2 26
57 88
88 11
84 86
58 26
83 70
78 19
87 18
63 63
34 70
16 69
80 67
86 75
75 93
56 0
77 87
44 24
91 27
73 80
76 96
76 13
34 12
96 44
25 15
88 40
37 88
3 7
82 16
44 64
11 8
55 73
85 23
74 94
18 95
54 55
0 67
46 41
28 94
53 99
25 80
73 77
22 20
63 32
62 6
14 57
63 60
75 87
48 12
13 77
35 84
73 39
44 94
27 33
25 96
33 80
15 33
23 65
87 41
30 4
90 22
74 17
37 92
38 50
41 88
53 48
69 52
11 25
59 36
8 33
46 97
95 28
42 57
19 14
65 2
36 72
47 48
82 64
28 28
37 43
96 81
16 89
0 87
84 65
71 62
52 82
65 36
12 56
83 76
59 20
46 90
59 9
69 54
11 93
65 23
40 33
74 5
76 0
20 40
40 78
23 87
71 77
48 62
36 45
35 89
46 66
6 9
63 76
72 70
89 69
99 5
21 6
58 93
27 35
1 55
64 47
2 98
39 15
69 62
30 22
5 57
11 26
7 29
87 88
70 91
3 10
66 76
16 0
78 69
58 90
48 43
3 84
23 85
64 15
80 20
98 54
67 7
84 32
57 66
5 20
44 4
64 73
61 7
68 54
61 40
73 64
19 21
11 69
36 15
68 61
91 8
22 55
93 55
71 33
45 50
48 99
16 14
92 73
38 47
81 15
19 48
28 53
92 76
81 86
46 32
73 22
31 2
26 61
99 96
38 92
61 70
23 54
96 3
15 92
46 85
23 5
36 5
10 78
66 62
3 64
61 76
0 45
55 45
14 69
45 57
43 99
14 92
43 50
37 69
37 51
28 80
78 3
33 26
26 25
57 3
1 27
9 88
45 71
2 11
5 39
38 67
62 68
95 22
88 93
19 95
89 46
38 82
56 39
53 97
69 88
17 12
17 25
64 89
86 80
85 56
91 60
97 86
31 49
75 80
37 13
58 9
57 82
61 62
72 33
3 58
41 70
9 95
82 71
55 59
20 69
77 27
20 67
61 32
11 38
5 29
19 28
78 63
46 51
88 16
11 21
54 89
23 29
83 28
83 37
83 36
46 2
1 79
33 57
70 88
85 55
59 99
72 71
29 69
34 22
77 68
12 96
72 16
84 57
15 2
10 1
78 70
56 9
55 46
10 96
41 18
46 98
17 28
62 17
1 40
92 63
85 77
35 95
12 90
64 3
28 5
58 2
12 50
6 20
55 70
94 12
79 91
12 93
18 2
42 70
94 67
87 76
65 97
37 1
63 84
60 24
72 15
36 8
69 27
6 6
62 86
93 74
51 52
30 15
14 32
24 6
88 29
87 15
32 22
7 67
22 12
40 19
17 74
46 28
54 61
89 18
36 87
82 10
58 74
12 97
74 55
51 98
32 91
24 20
57 43
90 13
59 15
64 35
5 72
79 58
7 50
46 16
72 57
98 30
74 62
64 4
66 51
1 17
0 18
94 34
19 3
89 17
21 13
59 18
9 98
66 4
77 24
14 16
4 46
8 73
61 84
38 0
61 55
43 0
54 2
40 23
82 7
11 3
68 0
85 84
33 54
75 2
6 47
75 37
41 6
23 4
79 38
52 5
84 96
37 9
55 16
0 39
39 57
49 15
69 19
39 82
46 78
32 11
10 16
73 1
5 15
54 36
9 35
18 94
22 65
35 53
21 64
60 23
88 83
70 46
23 3
13 44
67 58
60 12
12 76
28 51
28 3
72 94
3 50
74 46
87 48
44 71
73 25
68 26
72 98
39 11
66 42
43 25
25 27
74 4
54 23
43 37
86 26
74 93
54 8
20 78
26 39
61 34
92 86
12 84
83 9
61 20
90 7
13 8
87 99
36 40
97 3
16 29
81 16
74 29
98 23
67 68
86 84
99 63
85 40
68 9
49 8
23 40
40 31
84 68
86 58
73 67
54 77
24 68
91 65
89 0
94 98
15 42
18 40
25 7
89 19
3 33
15 55
77 69
35 67
98 15
24 73
83 60
74 65
84 36
1 54
74 75
72 55
86 54
35 23
76 49
87 38
15 10
4 9
56 91
94 96
34 52
32 76
44 15
0 70
52 2
57 85
47 54
25 37
4 15
68 90
8 98
63 75
66 21
2 86
73 93
2 76
18 63
44 68
42 4
57 52
51 95
83 78
51 99
31 53
40 43
3 2
56 89
82 75
83 29
40 53
33 48
46 5
5 28
45 9
9 42
75 49
83 7
60 77
67 89
90 93
83 25
75 74
30 49
31 70
54 63
80 47
47 67
43 23
15 3
85 9
49 82
12 7
27 88
20 27
36 31
7 49
45 60
81 19
80 57
52 40
39 95
1 92
67 15
31 28
34 60
50 5
60 96
74 76
95 56
23 50
91 55
54 1
72 39
1 77
46 19
34 88
22 71
15 31
69 21
4 13
24 66
55 66
76 21
98 9
28 58
98 98
33 92
21 77
4 73
13 31
77 9
99 55
46 42
53 18
5 80
23 16
68 39
38 46
23 94
12 87
13 97
52 79
72 40
2 35
32 77
8 43
4 93
33 8
2 87
37 59
68 25
1 57
41 57
62 9
74 80
9 45
3 82
85 38
37 67
51 91
64 86
51 67
63 61
45 53
39 30
79 71
76 57
21 40
30 89
62 73
5 99
3 80
3 71
5 82
23 60
96 63
12 4
8 24
57 19
15 39
42 42
9 57
21 17
58 53
14 65
0 56
61 54
54 75
71 21
47 15
82 62
51 79
31 11
48 46
1 41
3 67
32 56
40 46
93 78
34 77
66 96
51 80
35 16
67 21
29 81
31 83
1 42
15 95
28 6
55 6
54 57
29 63
19 94
99 73
35 72
16 4
84 60
53 35
70 27
79 61
73 15
91 97
65 46
65 48
49 91
62 44
33 12
16 62
99 60
84 77
15 89
53 68
46 62
73 79
67 49
76 35
6 57
96 14
69 16
15 97
14 30
25 53
82 47
1 66
4 12
83 13
40 1
68 41
22 63
17 93
22 98
25 91
88 27
67 55
45 7
15 15
66 17
60 11
3 79
54 65
31 19
4 94
72 76
54 32
8 53
7 37
23 8
93 56
6 75
8 66
62 90
0 6
17 71
28 98
11 78
6 79
36 74
59 75
73 23
24 21
25 5
70 44
14 43
55 65
6 88
57 47
26 67
21 29
48 49
9 26
92 48
11 82
6 1
57 30
35 46
97 80
67 75
94 74
2 28
10 9
94 56
99 64
61 28
35 21
96 30
75 68
91 30
67 10
14 81
0 49
9 24
15 51
8 50
69 56
45 45
33 0
20 4
49 34
25 90
62 51
34 15
3 62
5 90
63 47
47 35
29 47
91 86
86 30
43 75
0 36
81 28
32 10
68 97
9 47
98 74
74 81
5 73
51 31
58 15
87 58
88 28
15 27
49 97
46 92
11 30
20 34
99 20
34 37
75 6
89 97
75 12
40 0
13 2
29 4
83 24
26 11
2 89
22 42
41 3
33 66
56 1
82 69
80 69
76 20
93 47
7 88
13 9
89 64
32 57
5 53
68 21
78 38
59 5
0 94
30 92
51 20
56 47
21 78
54 70
62 26
30 9
35 94
83 17
40 86
29 38
89 90
16 39
95 57
97 94
45 78
20 51
5 88
18 87
97 75
10 10
6 91
74 9
6 83
17 14
15 13
57 14
53 42
17 55
86 90
60 17
66 27
16 46
89 47
2 31
99 92
38 60
63 8
2 80
53 13
47 98
2 64
17 49
59 28
70 87
1 45
81 47
72 17
81 99
52 78
52 0
0 9
2 8
8 49
35 35
60 16
18 29
58 46
78 27
55 24
87 50
23 98
8 0
69 96
43 71
3 54
87 43
36 88
77 85
84 90
92 83
40 89
38 10
78 80
81 3
28 83
29 56
27 12
74 58
49 43
40 39
92 39
97 56
70 73
21 80
57 79
80 1
68 1
47 89
62 21
4 22
94 93
62 30
5 68
79 95
51 22
55 69
59 96
73 8
80 30
36 62
2 45
83 91
74 24
87 54
86 41
74 27
97 84
97 34
71 70
72 10
70 11
16 82
4 58
69 1
84 30
16 33
20 19
41 22
34 45
82 66
0 96
31 52
94 88
70 76
72 60
51 71
38 31
7 93
15 49
5 59
18 81
28 20
76 67
75 85
86 79
79 52
37 6
3 74
85 50
76 25
80 42
11 42
97 47
52 19
6 71
70 59
67 23
28 2
28 97
64 52
32 70
58 89
98 72
59 58
42 44
52 66
32 39
77 44
32 2
35 41
12 81
16 59
62 96
91 6
32 89
76 44
38 59
37 72
31 66
4 84
16 18
91 13
48 84
60 18
35 62
72 34
97 46
65 27
7 19
3 61
52 69
47 56
62 59
82 98
47 94
81 97
60 62
11 77
7 45
14 91
19 33
54 38
33 86
80 79
44 1
4 20
51 93
16 10
40 47
81 26
9 1
35 4
39 27
92 21
95 35
71 52
23 99
35 69
20 87
10 21
64 2
95 74
1 15
3 29
11 33
5 74
97 38
97 64
29 96
5 26
25 50
17 66
81 49
66 87
61 97
67 56
85 86
43 67
18 31
62 62
88 69
71 93
65 38
16 98
40 88
50 0
98 48
8 37
15 67
72 72
82 24
85 30
67 79
51 1
7 81
46 99
82 19
55 91
17 16
24 47
77 35
78 6
29 1
96 36
51 88
74 0
59 56
0 8
7 25
66 23
13 11
74 42
26 53
21 8
44 9
58 45
30 70
90 27
57 51
89 71
46 0
98 8
95 75
49 53
76 30
40 2
48 33
22 32
96 87
68 47
1 97
48 69
86 5
78 73
30 28
86 33
84 26
12 75
9 28
37 96
65 76
21 99
85 35
38 58
25 35
30 94
60 76
92 77
20 20
1 10
98 63
37 18
56 78
94 30
97 89
13 7
7 8
93 84
10 67
20 90
38 9
97 31
3 40
1 59
79 5
4 5
33 3
14 26
61 66
65 84
46 73
49 95
84 89
63 64
43 62
50 82
29 82
45 19
42 90
94 23
24 44
30 44
65 40
53 65
61 12
40 26
45 69
81 94
17 61
67 65
16 79
47 80
76 86
38 62
32 67
48 64
72 82
6 23
22 8
36 7
58 19
93 99
89 72
2 77
40 63
78 87
93 31
48 58
31 21
31 25
6 61
37 55
87 93
65 92
56 37
95 77
52 20
46 6
56 40
36 0
4 0
55 99
24 79
56 56
7 74
94 14
55 42
67 44
85 32
35 33
42 93
60 40
74 37
32 95
10 70
87 81
60 66
7 10
94 68
40 40
89 27
25 75
83 42
54 82
87 11
82 93
39 2
92 97
21 66
17 3
27 82
96 66
56 54
2 30
36 27
53 56
78 54
52 53
72 80
98 89
95 87
55 84
29 64
71 34
17 22
87 84
60 47
68 80
92 90
59 31
96 96
5 31
65 4
94 25
83 82
48 31
49 92
38 21
33 46
25 97
33 24
61 14
71 50
41 53
74 21
97 12
75 84
7 84
79 82
75 71
81 63
11 16
72 63
52 1
38 87
99 43
1 49
89 12
58 76
49 99
68 48
35 66
60 63
15 53
44 97
89 1
44 38
26 73
93 21
37 65
26 22
16 40
29 73
19 25
78 43
86 85
65 86
43 66
47 21
29 85
39 58
38 76
0 69
95 30
93 23
76 62
42 16
70 79
69 55
86 36
61 71
50 99
54 58
8 77
63 34
34 92
89 58
69 90
70 42
21 54
16 26
81 88
58 60
51 61
88 98
51 38
30 34
27 58
63 91
58 37
91 77
11 22
22 39
58 94
50 57
73 97
53 94
81 71
69 40
25 26
94 49
86 47
90 98
66 29
93 59
91 80
73 42
99 36
87 9
92 79
20 60
24 57
69 15
21 36
77 89
83 41
42 31
11 58
45 67
35 32
47 19
90 56
85 65
66 53
44 82
68 89
50 67
77 23
52 9
74 3
77 70
92 28
80 43
63 29
84 23
40 22
4 10
56 71
18 59
53 87
0 48
57 16
15 7
57 71
80 94
28 57
14 52
70 84
6 66
28 60
9 16
34 23
10 82
73 36
80 48
23 26
6 26
48 16
76 29
29 93
46 63
90 9
5 37
40 42
62 40
59 48
69 5
26 1
87 74
54 93
82 79
64 6
77 3
23 39
36 58
29 76
72 81
77 57
14 89
48 80
69 7
52 15
3 25
8 82
62 94
94 35
71 43
53 64
50 38
75 25
59 82
68 28
63 94
87 66
47 24
16 20
78 91
83 59
62 19
21 2
87 17
43 64
50 89
74 59
96 9
70 94
0 86
32 20
5 77
17 72
94 52
78 34
89 15
9 61
96 55
21 28
50 69
32 41
94 50
44 6
74 70
82 43
54 52
2 32
32 31
23 30
56 42
29 13
20 73
53 23
38 37
20 31
57 5
19 53
42 46
15 94
2 73
16 45
91 79
33 59
99 4
4 7
56 75
59 95
2 99
1 72
1 20
69 28
61 93
32 58
78 7
47 57
89 13
30 43
97 63
88 87
31 78
68 6
21 44
71 45
8 51
80 61
89 88
73 83
79 44
57 41
20 64
33 99
96 58
77 97
99 50
15 43
13 52
35 25
70 67
41 24
43 70
61 46
99 38
91 36
75 73
5 75
15 99
67 42
41 1
86 91
99 8
33 37
37 17
87 19
26 58
89 61
28 25
71 84
59 86
59 92
23 74
74 64
87 89
30 88
22 35
87 68
22 26
32 3
93 96
42 87
89 56
28 76
48 1
86 34
87 59
75 64
60 29
58 0
40 34
48 68
26 21
21 56
65 1
56 32
93 39
8 31
37 60
10 63
13 82
19 62
85 66
80 29
73 24
42 73
41 17
28 91
60 69
75 56
45 81
0 41
98 92
41 86
3 70
66 89
29 66
76 89
73 61
79 19
7 64
50 39
0 53
86 4
24 67
40 72
91 18
86 69
97 61
68 85
57 35
42 55
39 75
7 76
15 17
63 50
45 34
96 40
27 73
55 82
10 42
88 4
73 55
26 9
65 68
66 34
33 25
73 12
45 49
85 76
31 99
45 12
89 44
21 48
19 81
64 23
59 55
27 48
14 9
6 30
47 74
66 56
74 98
38 55
26 47
10 36
82 1
19 26
16 70
68 11
44 11
49 20
39 53
4 55
5 95
95 98
75 3
88 2
45 93
94 43
52 49
44 49
36 38
72 65
82 33
9 58
80 90
43 93
41 92
22 66
11 94
20 93
20 50
85 39
63 72
34 31
75 46
79 78
73 14
57 48
68 8
55 85
57 11
92 65
44 88
30 45
40 11
75 61
90 39
55 20
67 5
71 27
41 5
34 82
78 92
7 56
16 73
94 38
23 63
96 38
44 79
35 75
12 24
14 53
80 92
3 46
82 78
3 77
55 40
2 97
9 66
97 14
68 44
68 16
83 67
61 21
54 24
62 15
41 0
67 24
45 0
36 66
65 55
98 83
6 33
88 0
41 69
90 67
78 51
65 30
97 76
73 96
12 98
69 8
19 63
16 55
89 80
1 68
46 10
20 41
29 22
97 35
48 61
22 10
13 43
84 74
72 92
71 56
51 43
69 68
20 62
65 50
28 17
19 96
90 74
57 12
5 24
68 5
72 36
5 64
68 12
71 55
5 22
0 76
70 2
18 82
58 50
62 38
44 2
6 43
50 60
59 64
89 33
17 45
87 27
62 31
91 78
75 4
23 31
25 71
97 20
67 72
45 3
94 91
5 25
63 67
32 83
95 43
74 56
35 99
59 10
30 26
32 5
70 58
92 44
83 45
88 61
98 95
46 87
63 99
32 52
7 78
21 76
12 32
29 30
9 34
65 18
8 29
19 10
69 98
37 78
70 83
2 52
51 60
32 1
35 1
47 61
16 67
26 2
73 46
53 92
21 32
51 35
94 16
91 29
2 21
6 36
1 2
71 23
15 96
38 32
62 66
86 11
78 22
20 0
9 82
80 78
92 98
61 64
30 2
1 56
91 53
64 82
21 58
65 47
77 90
81 81
8 62
82 28
62 76
59 25
60 88
14 31
50 27
30 95
62 63
30 5
12 10
83 53
83 47
22 75
60 61
91 44
83 31
78 39
24 83
62 48
66 16
84 71
23 6
2 43
52 51
70 16
70 21
54 99
96 59
85 82
78 53
59 8
33 7
14 70
63 89
4 14
3 18
75 89
46 23
83 48
34 59
39 97
6 41
83 88
50 43
37 91
84 58
52 65
68 70
49 74
1 61
79 28
23 24
55 51
35 7
88 12
83 68
78 93
54 14
88 37
6 32
50 3
77 21
64 90
55 60
64 98
89 76
13 20
63 81
91 46
69 37
40 98
30 83
73 58
48 19
60 5
45 35
86 6
13 4
79 6
93 76
91 69
86 52
23 21
20 33
93 44
8 65
6 85
55 13
85 12
46 25
40 54
88 21
2 25
96 51
34 44
98 36
11 45
75 43
23 70
51 76
64 46
1 89
32 86
25 33
60 67
61 51
30 73
99 59
42 75
99 25
99 7
90 16
69 6
30 77
32 8
11 64
16 63
43 6
9 5
69 29
33 85
6 63
81 89
68 30
96 76
70 98
67 86
47 30
94 46
24 91
50 2
58 97
71 96
33 96
54 13
81 82
33 2
55 19
77 28
64 66
5 84
17 34
49 88
47 85
58 22
66 57
52 22
91 72
59 38
3 87
28 45
32 50
2 91
57 24
40 14
95 23
74 19
99 99
70 25
37 35
5 0
42 17
6 4
82 2
31 84
6 12
57 56
27 36
63 33
76 94
34 40
9 51
16 77
83 12
42 99
40 60
90 64
93 22
58 24
85 74
60 87
75 1
82 42
92 93
16 37
45 85
36 25
63 73
12 20
1 1
37 22
20 88
11 73
12 36
59 73
9 40
39 26
89 82
44 99
59 88
60 54
79 60
15 48
31 75
65 77
1 96
70 95
61 1
42 79
28 72
56 96
10 49
84 84
64 72
94 57
70 71
61 56
34 50
27 54
28 90
28 62
30 33
50 68
52 76
88 78
65 41
80 31
91 88
54 76
37 40
52 56
70 41
15 40
36 1
76 33
44 89
78 26
95 33
22 24
52 26
38 29
72 54
43 82
12 18
59 11
73 71
20 75
52 33
14 36
10 60
12 78
59 13
77 15
89 20
63 59
71 19
97 7
84 54
72 62
93 45
54 41
27 78
45 61
22 83
53 79
14 60
34 41
24 12
74 28
86 48
10 59
47 49
11 74
99 33
67 92
90 20
31 89
80 9
68 37
40 4
39 51
49 60
92 14
56 18
10 34
14 64
49 56
85 54
7 70
40 50
89 45
69 24
17 84
21 50
17 1
11 19
59 93
30 37
37 82
65 8
89 67
68 86
44 75
90 21
78 84
93 94
7 17
79 84
5 76
90 83
3 94
73 90
6 11
89 60
12 45
83 57
57 83
6 56
56 76
36 18
67 61
53 46
6 50
97 4
6 96
19 97
79 29
73 21
23 73
42 34
55 10
53 83
45 25
35 81
55 87
62 25
30 65
11 23
21 22
61 4
4 21
59 53
83 44
7 22
8 70
69 35
14 35
63 41
3 59
98 26
80 41
6 45
44 52
75 39
31 86
12 71
49 18
42 82
81 93
96 86
13 74
49 25
10 53
54 81
96 48
12 80
94 75
19 11
83 30
70 81
73 92
3 73
34 85
74 11
56 64
88 63
64 5
95 90
42 88
48 39
63 68
62 58
51 57
47 18
9 17
1 0
12 21
47 3
56 72
42 98
28 39
48 60
44 74
16 28
2 2
12 22
43 68
20 82
15 58
1 21
64 62
35 85
43 49
64 12
27 68
0 97
64 37
2 92
44 34
56 28
92 92
63 23
76 80
80 68
13 36
14 24
78 40
24 71
96 91
47 5
46 21
50 15
43 13
44 16
94 13
84 92
23 23
18 44
77 20
12 86
75 30
35 5
83 97
5 12
45 51
32 27
36 36
81 46
1 78
10 99
34 13
62 18
82 52
34 39
12 9
62 32
35 54
34 68
66 0
1 44
70 77
50 54
99 23
37 37
24 92
12 70
7 42
3 39
51 36
20 74
28 96
9 91
19 40
15 78
63 44
55 21
51 30
73 95
16 84
15 59
44 65
67 8
32 34
52 68
54 21
62 89
56 80
84 4
33 95
40 85
98 76
31 96
10 23
3 56
84 64
53 60
16 52
93 58
44 22
42 72
23 72
97 19
73 70
87 40
38 96
59 1
7 89
2 36
53 84
67 51
6 15
75 40
25 19
73 53
21 51
59 89
97 23
26 12
9 30
77 14
10 41
11 48
41 79
34 5
22 28
4 98
35 2
37 5
21 68
28 81
22 89
69 41
24 23
77 86
10 43
0 84
53 12
52 45
43 69
13 98
30 55
79 11
67 45
7 41
51 25
54 64
11 99
63 37
30 74
41 56
40 76
31 37
61 79
10 56
6 40
70 14
47 29
72 45
21 94
53 31
34 83
96 88
21 7
4 69
66 26
84 51
38 91
1 39
27 89
97 87
39 22
27 28
29 2
49 27
91 26
20 95
11 90
22 61
50 90
13 99
9 37
32 45
19 42
63 18
12 83
85 11
38 18
99 48
62 98
24 30
69 59
28 82
75 76
74 30
3 95
63 65
22 91
62 95
23 91
25 57
0 32
6 81
64 76
20 23
16 57
84 24
31 71
75 9
38 57
57 44
29 45
57 26
69 73
91 3
72 89
12 46
60 43
5 52
56 41
12 54
23 56
89 41
79 87
47 31
34 66
66 94
10 11
50 50
75 50
51 84
74 63
23 2
30 13
85 48
50 65
42 32
2 29
43 61
18 1
0 89
34 97
53 30
52 61
50 63
68 78
58 57
66 91
80 33
12 77
27 72
92 12
10 5
57 76
33 9
15 46
60 75
90 28
14 90
34 28
9 14
26 72
70 60
16 78
68 73
49 12
91 22
90 52
22 53
12 82
76 14
6 34
66 1
52 14
20 21
64 97
71 38
49 26
41 87
53 4
36 28
66 32
83 75
90 26
85 16
24 89
86 35
84 59
92 23
93 29
5 11
39 54
62 1
87 85
41 81
21 52
45 17
66 74
26 75
4 87
68 36
29 41
72 99
4 91
50 88
12 48
4 52
91 61
23 14
20 72
57 17
3 68
85 27
71 42
94 72
4 2
67 82
51 83
10 0
19 50
82 60
89 53
82 81
9 8
65 10
77 22
93 83
89 86
34 89
18 27
14 79
95 52
92 94
94 0
69 45
37 53
5 48
44 56
61 92
75 63
83 5
18 4
68 35
14 27
32 61
49 58
6 28
79 55
23 69
84 15
94 28
0 3
43 29
86 67
75 96
77 39
66 2
14 66
23 22
34 1
43 33
94 42
51 48
30 62
9 97
13 76
14 18
25 74
95 58
27 99
99 49
41 47
90 90
17 64
68 2
10 62
69 67
35 59
97 59
41 75
47 36
95 51
14 40
99 97
77 41
67 32
79 33
30 90
30 41
55 26
58 14
37 49
22 4
41 74
81 60
94 80
52 90
96 6
70 18
97 1
0 40
54 17
69 50
5 65
47 58
66 31
7 5
39 40
94 20
99 34
39 23
79 77
73 32
64 27
18 99
15 86
5 71
72 78
74 2
41 30
26 91
74 90
70 37
45 11
99 85
0 85
34 21
95 36
62 53
59 47
7 69
0 93
43 95
49 68
16 5
85 13
64 79
88 18
62 45
81 45
61 77
87 53
49 55
79 53
3 3
97 60
26 44
37 84
42 7
38 74
5 6
30 31
11 71
11 91
1 64
22 1
93 3
81 32
35 61
26 10
74 48
64 21
62 70
34 11
64 78
34 2
89 74
40 37
69 94
52 52
95 72
13 67
43 30
45 26
83 95
77 25
87 25
35 44
19 78
67 37
13 85
61 17
43 96
23 88
77 12
59 32
96 43
93 20
58 27
50 80
28 40
85 62
89 10
89 49
32 32
35 42
96 49
42 49
95 26
64 17
23 71
55 34
17 47
91 99
11 63
57 63
66 5
89 83
32 36
14 14
33 21
40 12
46 54
37 12
39 90
51 92
84 72
84 40
60 27
16 21
64 38
88 14
96 71
58 61
49 57
24 3
58 42
88 47
41 21
54 20
93 57
36 63
86 82
79 54
13 68
65 81
19 74
2 48
92 56
35 58
73 86
71 28
76 90
12 38
47 86
0 62
14 73
22 21
66 25
51 5
10 91
62 10
89 3
60 2
21 83
26 6
44 95
85 31
58 30
80 23
10 32
48 24
79 80
10 69
40 99
31 94
49 65
94 21
28 89
4 74
41 39
5 10
55 47
34 75
76 79
49 70
51 85
47 11
67 50
52 13
30 6
35 28
66 39
34 4
33 42
84 91
62 23
71 0
12 15
82 22
71 65
5 94
30 29
19 84
6 29
41 38
16 96
61 44
13 27
83 86
9 12
98 65
88 97
80 3
22 2
17 17
56 3
61 29
55 54
21 14
21 30
73 41
94 41
52 98
81 38
68 94
75 59
69 76
74 12
97 55
44 44
77 29
54 16
62 27
16 56
53 3
65 51
70 0
57 15
8 60
40 90
80 19
87 22
46 60
91 4
85 14
46 74
50 91
10 28
48 57
35 31
95 70
36 24
14 76
96 45
67 14
84 37
95 76
47 25
85 99
36 48
54 11
9 71
21 55
25 89
17 94
25 16
12 12
43 22
55 92
4 28
13 62
97 81
39 3
72 14
81 30
3 44
14 19
4 54
74 82
41 67
34 10
7 21
67 22
90 63
2 67
99 54
99 24
23 49
92 17
12 68
48 63
32 4
72 42
31 15
97 77
83 14
3 28
23 67
98 34
89 73
31 54
84 53
53 81
46 58
46 76
59 62
15 76
32 12
37 15
31 69
47 33
55 36
64 48
45 4
78 13
89 99
14 45
78 10
27 44
37 61
71 35
88 32
40 18
55 12
4 89
19 41
2 74
86 81
4 64
61 18
13 45
37 16
67 64
1 76
53 61
87 60
29 53
71 15
77 30
44 54
60 7
16 1
28 78
82 11
49 83
15 36
1 53
54 40
21 73
93 34
61 69
87 72
5 62
52 85
78 60
3 53
23 45
57 97
77 67
32 71
21 16
89 6
88 3
99 84
32 82
7 46
24 15
14 55
88 44
97 92
65 88
25 18
9 80
91 48
54 46
82 3
33 69
82 37
69 69
77 54
75 70
8 18
63 5
33 33
39 64
82 29
49 54
41 83
28 86
16 71
14 61
73 72
88 88
97 42
43 48
29 0
29 27
13 47
4 42
69 79
76 8
50 85
79 97
23 80
81 24
42 1
71 9
28 29
22 96
67 36
20 29
92 10
31 24
60 4
38 23
94 70
16 7
57 45
46 3
97 25
76 9
44 55
53 29
19 67
27 97
51 87
38 6
90 23
62 69
91 67
22 43
87 36
0 4
73 30
83 99
44 36
81 57
54 7
96 57
52 10
70 57
76 23
20 1
38 4
1 91
97 71
7 73
47 81
25 67
55 25
47 44
82 48
35 13
97 16
58 75
71 31
36 3
30 11
47 63
86 53
79 81
18 76
85 96
2 0
39 44
18 28
46 8
92 36
45 38
53 19
47 17
94 95
57 70
18 35
97 57
14 38
4 71
78 30
64 70
71 1
50 97
64 40
65 53
93 49
8 8
31 44
63 25
48 36
29 5
86 20
79 18
37 68
74 83
17 41
29 90
67 3
78 71
67 26
71 37
81 66
33 40
47 22
39 47
31 55
50 12
61 36
77 55
41 63
89 48
54 29
13 17
10 14
66 99
80 0
32 68
25 61
56 44
8 64
47 64
44 17
54 42
64 28
43 47
65 82
16 3
39 36
39 89
68 77
75 5
40 21
42 0
82 40
5 40
43 79
3 14
71 64
13 89
99 31
58 68
89 63
95 94
88 74
47 95
3 69
69 30
39 52
1 67
71 14
48 5
81 35
6 54
17 5
63 39
31 58
92 54
25 85
20 84
42 14
67 95
36 35
25 95
9 48
53 20
2 7
6 97
18 98
68 57
95 24
14 93
57 1
90 42
31 91
37 23
96 90
25 23
71 41
17 52
88 33
39 7
7 52
35 34
75 75
69 12
47 38
88 57
8 83
94 18
98 37
42 47
15 79
48 66
65 9
37 94
57 10
89 68
55 74
34 98
55 32
47 8
57 95
74 87
32 44
55 97
98 5
73 63
20 61
28 47
40 7
42 3
9 68
49 63
52 92
15 6
51 26
88 92
43 58
50 51
50 78
80 15
58 6
18 22
57 81
88 15
77 59
36 76
48 88
58 43
98 13
46 31
35 37
56 65
10 77
66 33
62 71
93 24
63 78
17 54
58 69
91 54
99 89
6 72
14 25
36 16
43 17
98 32
38 26
62 87
58 3
45 21
15 93
42 9
32 66
92 88
4 86
49 86
41 78
20 32
86 77
60 55
76 2
10 79
67 18
11 53
96 50
24 32
94 26
34 29
1 18
43 36
10 85
35 65
77 80
3 41
61 39
39 67
25 66
38 14
79 69
21 24
97 52
88 82
37 21
11 65
26 57
90 11
67 47
14 86
90 0
59 24
48 10
96 97
55 27
88 25
94 19
41 16
99 61
96 72
15 82
67 62
55 44
57 62
15 12
88 73
66 18
33 45
22 58
77 65
79 59
90 72
12 39
49 24
13 51
62 24
88 43
11 43
21 19
28 0
30 19
94 65
52 57
51 39
70 32
61 87
39 99
48 41
61 10
51 28
62 41
45 39
2 95
86 24
64 80
55 76
50 6
18 14
23 43
38 75
2 19
34 93
43 85
22 33
92 5
90 49
0 14
42 80
39 73
18 18
34 78
70 72
22 19
21 86
10 50
50 42
55 58
50 17
81 76
38 48
27 23
64 60
73 69
61 99
59 6
1 31
10 72
57 91
49 62
13 41
88 31
37 90
2 17
60 30
53 67
60 56
45 42
35 52
96 67
85 73
13 64
41 45
27 96
78 59
21 10
21 38
0 13
8 86
9 38
44 27
92 67
22 11
7 86
54 53
69 87
47 37
83 20
34 7
5 46
42 22
71 90
5 36
9 21
42 45
27 93
30 23
52 75
53 50
81 52
92 0
16 24
98 66
70 70
43 10
99 46
28 11
26 33
52 11
30 60
39 9
33 68
28 68
68 63
88 9
83 92
77 53
6 10
51 37
61 98
96 24
12 79
2 62
96 28
37 77
7 55
24 53
2 14
45 84
67 85
65 11
48 87
83 38
70 53
79 93
29 16
69 64
1 37
13 35
62 80
56 57
86 31
41 7
90 53
34 14
45 88
81 22
74 14
69 83
70 66
16 88
39 45
29 67
92 29
46 24
64 59
39 79
9 11
59 51
10 47
4 3
9 52
99 58
99 11
57 32
14 13
77 94
36 94
44 90
32 80
38 94
84 81
81 53
75 65
77 5
26 37
51 11
87 10
25 31
80 54
66 43
86 32
3 13
25 64
86 19
54 66
10 94
87 3
34 55
78 5
95 6
19 0
8 72
12 37
42 26
89 43
69 61
53 72
5 7
41 36
61 52
29 28
11 67
17 68
5 56
3 24
65 25
59 42
75 11
86 23
16 32
37 29
66 15
91 95
43 8
85 92
58 7
98 99
18 51
64 55
10 22
71 82
89 39
96 68
29 49
12 44
64 45
47 41
33 70
38 73
81 62
96 74
47 32
95 12
19 5
15 21
44 32
36 65
98 38
49 47
52 48
31 98
91 62
77 42
11 72
76 6
43 11
42 68
38 13
16 87
21 34
66 63
44 85
58 79
26 26
95 32
35 8
72 68
36 56
78 99
42 38
77 43
36 41
94 8
23 27
58 34
44 93
67 81
37 14
93 7
70 43
15 41
45 80
65 94
93 19
71 81
29 23
19 8
18 67
61 19
31 1
57 31
98 19
72 46
66 36
56 10
64 36
39 80
94 97
81 11
83 40
90 97
77 7
15 61
43 18
89 11
70 65
52 34
24 14
63 48
98 4
71 46
48 83
97 26
13 48
52 60
7 53
57 93
21 93
82 38
51 46
31 65
4 65
46 40
4 33
81 10
6 82
54 85
74 50
4 77
66 47
41 99
57 28
65 45
97 11
89 36
41 93
1 98
42 24
79 83
82 39
90 14
57 36
21 23
25 82
40 97
39 25
9 85
37 20
46 72
24 58
25 59
76 66
11 10
44 8
82 76
91 52
23 10
83 21
38 53
92 52
30 59
67 20
51 50
46 45
12 59
69 60
90 38
98 22
46 11
86 88
41 33
93 69
52 84
54 95
12 16
70 63
55 81
99 53
54 27
62 8
31 16
34 19
66 81
5 44
10 46
23 59
87 13
58 51
97 48
54 67
73 50
34 74
8 1
34 62
65 90
37 83
83 94
48 20
41 34
90 18
94 44
46 34
68 74
36 54
84 62
82 56
59 21
40 87
56 48
92 13
65 96
41 23
86 0
45 41
61 3
39 39
66 88
86 3
91 93
24 59
46 33
22 64
70 31
12 63
24 75
19 73
45 44
65 6
10 29
68 98
86 96
39 13
22 22
69 18
64 77
83 16
11 96
42 62
3 35
79 27
54 0
52 41
32 38
98 25
98 86
93 2
1 30
33 73
2 78
73 11
18 26
68 51
85 70
60 79
56 8
15 29
59 52
37 28
28 13
18 36
62 0
46 69
90 87
36 52
28 1
51 64
6 55
87 83
85 85
57 87
77 84
92 26
60 44
17 21
69 65
74 68
3 91
51 81
45 96
72 56
31 0
91 17
60 1
62 57
58 95
24 82
75 86
95 14
38 7
89 9
18 78
43 80
64 42
94 73
25 70
51 23
29 11
8 4
96 37
45 27
79 3
66 46
46 70
28 4
80 21
95 31
94 2
65 43
23 90
75 31
63 15
78 20
22 45
99 44
55 72
94 36
38 3
2 84
39 91
79 31
95 48
36 78
78 52
38 52
62 74
74 16
63 21
31 23
16 94
11 47
16 16
14 85
28 27
8 47
17 58
15 85
25 28
60 10
84 48
77 48
44 96
5 41
17 20
56 52
79 25
63 31
19 30
96 25
88 10
86 95
52 94
54 15
24 70
43 90
88 79
2 71
99 35
80 97
48 97
60 71
23 52
21 0
25 83
31 38
14 22
20 49
76 4
72 51
6 93
70 82
22 25
47 43
21 67
27 27
56 97
66 55
65 0
87 8
82 13
4 36
93 98
10 48
35 15
8 55
93 51
56 73
82 41
23 36
77 95
94 69
98 85
72 19
59 81
41 91
58 12
25 17
31 80
97 6
40 25
38 30
66 8
25 25
7 98
45 6
71 47
73 68
4 59
89 34
42 51
40 28
49 22
13 22
8 58
40 52
20 36
42 41
18 79
61 89
83 71
86 27
60 52
74 18
76 12
95 7
75 7
45 72
36 11
4 8
52 64
98 50
24 80
51 78
35 39
3 30
15 68
24 2
6 90
26 86
86 89
26 46
33 79
66 20
47 14
71 86
94 33
85 95
78 47
97 90
85 64
42 19
35 49
54 9
4 80
38 49
12 28
9 36
7 13
5 19
79 73
54 5
35 29
90 2
42 63
21 85
84 85
44 37
65 67
38 99
35 74
44 53
27 40
18 8
85 61
46 89
25 38
47 9
92 7
13 54
21 1
45 10
73 89
16 43
77 2
24 76
29 86
87 14
66 6
65 70
22 92
53 26
16 54
94 62
88 8
8 20
58 98
98 69
50 22
78 23
42 65
52 30
33 14
55 96
12 65
66 38
49 21
74 73
80 2
2 22
27 20
27 17
96 99
93 70
99 71
46 96
64 88
80 35
61 27
8 84
1 58
0 37
73 76
81 92
94 47
84 76
92 15
30 56
96 92
65 60
61 9
19 37
6 37
77 26
96 69
89 81
94 31
73 17
67 99
30 20
85 21
1 23
38 19
87 95
21 63
62 61
77 88
4 38
71 60
72 79
56 20
7 48
98 53
80 81
63 38
25 49
86 12
27 18
20 6
40 84
3 66
65 13
28 24
35 20
19 12
19 75
78 44
14 39
58 16
98 12
29 32
57 34
19 4
44 40
92 16
84 83
92 9
80 63
27 42
84 34
32 51
31 79
99 80
41 31
68 79
4 72
67 46
72 96
63 66
72 32
85 63
10 40
11 12
57 77
82 96
68 29
65 66
16 80
65 80
14 71
2 47
30 54
97 2
29 20
75 81
8 57
89 98
17 13
66 30
90 71
22 29
37 81
57 23
69 11
71 80
68 19
48 50
10 24
70 86
51 49
25 1
40 35
93 33
24 74
78 24
63 98
17 36
79 14
14 41
64 65
62 85
2 81
46 15
34 0
85 8
37 32
46 94
89 8
19 1
79 63
50 47
91 71
54 47
72 66
24 65
2 68
67 19
1 86
8 48
52 89
53 57
96 19
32 69
72 2
39 21
42 96
45 8
38 84
67 74
85 15
56 84
65 17
60 53
26 31
77 18
77 98
76 60
44 62
74 89
68 75
48 32
40 77
68 33
49 10
89 93
91 82
43 60
50 46
31 36
92 71
89 23
14 72
49 16
85 10
87 12
19 65
46 65
84 45
16 41
32 97
7 33
42 29
38 93
52 47
29 74
35 10
39 32
49 61
62 5
29 36
75 35
19 76
22 48
63 69
4 97
12 99
26 63
74 71
78 4
24 51
44 80
92 30
89 54
33 50
78 36
72 85
42 13
59 98
44 7
48 70
82 27
19 39
20 71
69 97
1 35
25 20
28 7
11 39
48 0
33 83
17 6
52 12
59 54
75 48
42 92
76 19
69 4
43 94
54 60
74 7
66 75
59 71
4 29
50 79
87 61
13 14
54 97
53 1
74 20
92 18
94 39
75 14
1 69
42 95
42 61
96 20
98 64
30 42
12 40
30 58
87 77
78 77
99 37
61 47
90 40
96 32
38 81
64 8
23 62
59 30
4 79
6 69
69 32
53 71
43 73
38 85
1 65
73 84
82 82
30 3
52 8
2 18
81 73
75 94
2 55
32 25
28 30
83 98
40 62
69 70
41 20
47 90
13 92
44 73
38 43
58 18
51 82
27 71
71 36
13 70
89 22
22 80
13 96
20 55
25 60
59 35
85 89
34 30
47 2
87 62
46 95
23 55
50 75
16 75
85 20
46 44
50 83
49 48
32 65
41 90
73 66
4 51
71 26
17 95
25 86
0 16
31 43
79 48
32 24
47 70
73 49
5 50
75 38
38 88
76 84
82 88
60 15
78 83
74 34
82 73
65 57
36 10
42 66
63 79
74 51
33 58
49 9
58 11
90 17
66 22
89 37
22 74
91 21
33 35
26 36
52 88
16 9
92 59
73 43
76 72
28 36
80 58
90 62
13 28
17 9
72 25
8 2
17 81
33 43
78 95
12 27
59 78
35 79
90 35
27 26
32 28
59 23
54 44
84 75
0 26
29 62
78 88
6 74
39 5
99 78
53 8
71 68
63 46
17 0
27 14
98 20
87 51
7 65
42 39
41 40
5 92
55 93
91 64
53 82
36 79
19 49
79 26
58 58
48 14
87 24
1 4
23 86
48 73
31 31
48 59
68 40
29 14
93 75
15 80
26 52
99 15
95 21
84 49
7 96
8 7
0 2
24 41
0 92
63 86
24 16
22 72
62 33
83 27
98 68
42 28
61 6
53 74
9 23
44 29
23 34
7 97
93 93
66 45
70 17
3 32
99 83
7 2
77 78
92 74
59 90
72 67
51 53
8 44
44 28
92 37
98 47
34 36
46 83
16 50
60 89
49 36
72 73
37 46
44 12
33 13
31 14
53 5
1 60
89 59
40 15
78 37
99 75
87 42
35 73
13 37
96 0
98 21
50 66
9 41
88 53
5 61
4 39
46 27
9 4
20 13
26 56
58 29
29 50
18 37
25 52
31 10
36 57
83 62
45 24
58 49
63 55
79 20
86 94
5 30
65 32
17 33
48 40
0 81
6 48
48 55
48 98
63 3
85 94
88 86
23 17
69 78
24 39
72 58
0 98
84 69
45 2
20 24
56 21
2 15
72 35
1 62
60 42
28 63
63 70
27 61
95 67
18 66
33 27
93 28
41 37
12 72
96 27
17 78
9 81
34 87
50 28
35 43
12 64
14 8
96 78
64 75
15 75
93 71
9 99
14 11
24 69
85 83
86 21
84 63
41 26
99 17
53 16
90 78
33 6
70 1
93 18
64 18
69 0
7 14
64 91
46 55
73 5
68 23
23 75
79 90
76 87
78 62
16 90
17 23
61 5
76 32
85 4
26 49
8 16
78 14
93 8
96 22
0 25
33 28
61 60
16 22
89 2
32 62
18 71
77 91
77 93
88 22
5 14
23 12
4 85
5 81
82 97
18 55
27 60
20 46
42 64
90 25
55 8
8 35
55 38
86 71
78 1
13 65
43 7
52 95
24 37
39 20
47 28
10 6
81 75
20 59
98 87
45 86
6 44
88 58
13 95
13 16
43 46
10 31
6 92
67 0
83 85
87 23
27 45
35 92
80 56
12 57
38 44
30 63
80 83
88 65
66 92
62 14
4 50
36 95
82 85
34 96
38 72
86 92
43 9
9 74
62 83
10 65
26 20
28 73
7 30
39 77
36 2
12 74
35 0
34 80
80 13
61 91
48 42
17 2
31 6
48 56
38 39
26 82
25 92
79 67
33 60
19 58
18 54
6 95
9 64
31 59
58 55
50 62
75 33
58 21
34 95
19 70
57 18
40 91
54 88
37 3
15 73
31 56
54 69
44 3
67 28
30 76
56 49
55 2
80 34
15 38
35 91
54 51
40 92
89 42
88 42
3 85
28 32
11 5
19 7
85 41
51 73
56 4
79 42
77 61
80 25
93 41
12 19
99 82
93 87
76 36
83 46
53 7
74 84
80 89
19 71
98 40
20 81
22 76
11 61
93 32
26 89
7 77
51 74
11 0
27 24
1 75
55 48
84 98
63 57
49 1
38 25
34 53
23 15
87 63
10 37
77 62
76 46
16 95
6 73
33 5
39 19
95 83
97 30
8 56
86 55
24 52
7 15
82 4
78 8
82 99
74 15
87 6
56 86
26 84
16 68
98 61
81 48
68 82
32 26
21 61
19 87
76 41
52 50
87 45
15 83
71 66
78 90
10 61
84 95
35 70
57 33
33 1
78 74
25 40
86 72
39 59
69 13
57 46
33 36
8 93
8 46
0 35
63 14
90 47
88 68
72 77
3 48
87 57
68 14
97 82
97 9
55 39
6 7
56 43
95 60
0 99
59 63
28 38
29 95
95 86
7 20
50 10
90 29
92 96
42 33
86 61
29 88
5 70
25 65
40 82
71 12
54 86
57 0
94 63
25 79
49 90
8 97
25 63
48 34
36 37
7 12
76 95
80 87
11 98
29 61
17 46
80 24
98 79
98 27
29 43
45 54
21 15
32 0
57 55
20 18
99 9
90 5
1 95
89 77
97 68
68 43
86 64
58 1
7 91
35 80
96 52
65 79
94 5
76 65
96 84
11 1
26 5
8 63
26 19
10 83
12 35
89 31
32 16
31 85
95 55
83 43
80 40
7 57
75 98
29 68
82 80
19 88
19 86
66 77
91 51
8 40
39 8
80 46
28 16
22 54
51 15
86 40
