100 3
82 78
10 28
33 41
27 21
24 80
23 68
15 45
19 87
10 39
88 2
47 27
48 85
88 10
17 59
15 23
27 56
94 25
85 1
17 50
48 56
18 18
77 47
84 52
72 43
21 33
50 95
41 30
7 91
58 76
50 6
4 41
59 44
42 39
17 35
85 71
38 37
54 80
56 91
10 67
42 88
72 20
0 67
16 52
92 33
33 61
16 2
85 35
94 12
61 18
96 24
65 41
45 30
43 51
86 79
2 47
72 65
26 62
52 15
8 58
32 78
59 0
76 61
88 55
17 34
48 40
35 21
47 35
85 47
68 61
73 19
83 51
1 28
98 13
69 68
47 97
14 15
57 57
75 76
43 53
3 40
63 58
54 11
82 0
96 34
46 6
93 54
81 49
81 62
41 83
15 16
9 10
46 65
5 67
65 46
16 45
46 94
69 88
35 84
30 48
79 31
32 15
37 75
3 4
11 37
63 13
97 36
8 12
66 74
77 41
11 74
86 63
81 78
28 80
97 64
40 22
19 2
91 70
47 11
64 61
4 96
0 20
37 67
60 13
92 81
64 14
39 33
19 68
41 43
78 50
36 43
43 78
39 47
34 25
13 34
38 13
25 83
13 7
13 27
62 52
93 44
77 94
94 21
65 90
95 49
41 13
1 68
34 87
13 41
18 3
22 66
74 16
99 7
85 89
51 6
94 3
53 17
62 89
52 69
78 36
17 36
71 54
7 44
31 24
39 56
97 50
25 82
53 11
91 41
53 27
53 1
56 95
8 37
46 12
43 66
58 34
38 10
36 30
57 50
5 48
60 90
23 5
5 65
13 38
20 1
69 38
20 99
53 0
3 12
4 5
4 7
42 70
39 16
96 51
30 10
29 35
99 51
71 45
26 54
33 56
21 91
67 31
11 34
80 2
99 99
9 61
55 92
42 97
88 11
83 41
11 54
45 14
48 14
85 94
16 73
41 46
68 94
95 25
98 52
58 2
98 63
78 11
78 82
79 70
56 62
18 80
65 23
25 61
66 94
60 84
48 48
86 5
37 60
97 83
13 12
29 52
72 58
95 23
3 45
66 38
92 91
55 78
69 60
25 20
50 42
56 12
15 68
67 52
37 49
18 51
6 46
93 91
74 44
85 27
5 9
76 82
2 41
73 25
5 44
50 53
57 79
54 98
48 89
87 83
67 23
91 50
96 73
82 88
23 43
83 92
0 0
10 16
82 49
58 82
30 17
50 88
45 61
34 21
38 43
58 84
83 72
72 69
66 59
61 2
99 93
10 70
50 66
3 68
64 86
96 31
25 66
85 33
97 29
97 32
33 98
41 92
35 52
45 53
6 60
26 69
48 47
76 46
48 81
26 82
66 83
96 68
88 49
88 85
21 8
22 88
29 61
10 44
54 43
73 39
91 96
35 26
75 64
1 34
34 77
92 28
30 94
71 67
21 9
61 85
34 73
31 58
55 9
76 30
10 87
19 25
43 90
87 11
41 85
26 35
5 34
40 18
18 95
34 53
37 13
74 68
67 97
45 85
31 21
89 9
67 96
80 74
30 0
71 26
21 17
26 90
68 7
77 25
58 10
32 2
46 1
73 54
97 19
96 39
94 36
17 3
3 65
90 77
62 94
16 93
97 87
67 30
65 98
65 70
46 27
70 69
57 40
23 54
4 18
79 81
76 10
0 95
72 72
66 53
67 61
11 56
77 6
90 64
50 79
92 36
68 99
98 80
95 5
28 87
61 41
59 22
92 62
32 28
33 32
30 71
42 27
35 51
24 31
32 68
38 45
29 90
56 5
19 77
19 71
25 39
0 17
53 83
72 71
5 90
60 61
9 14
44 72
92 92
95 89
28 92
92 63
36 33
69 95
46 86
4 92
99 26
58 29
75 87
77 0
60 46
56 86
77 31
7 51
18 23
16 64
28 11
27 14
75 26
99 3
26 31
25 16
95 97
54 10
73 96
9 33
48 64
39 12
68 59
11 28
57 29
44 55
57 74
77 29
31 84
86 74
98 2
43 88
35 98
17 47
76 88
74 3
38 11
79 6
56 51
40 67
86 31
57 95
96 3
42 51
53 9
30 15
28 82
27 47
27 90
68 53
83 99
94 59
60 70
67 16
16 56
69 85
95 95
1 89
21 26
20 49
98 55
85 82
64 80
27 18
6 14
77 75
94 46
79 60
38 50
60 29
56 75
95 88
39 54
7 7
50 78
26 37
52 85
49 30
85 57
84 83
40 74
96 82
77 68
75 56
80 95
49 19
34 49
15 43
42 12
1 23
60 89
72 22
95 4
51 39
49 27
57 26
49 91
24 6
39 5
48 50
25 26
79 51
17 32
59 88
2 15
55 8
23 21
46 83
19 98
53 98
0 24
74 86
81 9
42 96
95 32
78 96
61 73
20 18
5 40
49 52
76 20
69 46
95 67
57 69
1 7
97 80
41 76
12 74
0 88
51 43
34 17
27 2
12 38
96 70
94 49
43 60
72 95
28 2
85 79
73 34
66 68
9 24
99 32
11 4
49 12
98 50
31 41
19 74
25 97
54 40
44 47
52 21
60 83
43 61
13 62
67 90
46 84
95 77
59 56
95 12
11 43
76 78
37 26
30 85
1 60
62 95
38 85
59 65
54 72
3 28
44 99
19 66
14 93
50 76
35 81
16 61
65 88
26 97
32 49
7 73
58 70
95 19
18 54
78 63
64 87
55 0
94 67
8 32
74 61
65 51
92 96
44 49
34 62
19 36
57 0
82 94
24 89
5 49
6 44
93 32
54 2
97 86
17 67
97 56
82 10
83 21
64 52
30 5
50 99
96 41
13 40
65 10
14 3
41 91
94 88
81 67
27 22
42 55
29 28
24 3
93 99
3 87
63 45
66 36
6 64
23 41
96 55
5 79
48 94
88 54
79 69
89 68
34 0
4 39
37 15
84 46
99 89
99 25
18 26
39 11
94 57
79 71
0 28
43 30
17 39
87 7
8 21
44 13
23 34
38 94
90 36
63 31
75 39
24 12
79 32
60 32
49 65
50 93
8 97
19 13
30 63
7 18
15 44
44 39
81 7
50 45
25 3
87 73
58 99
51 51
68 38
86 37
26 27
26 63
33 48
4 61
92 7
93 3
20 78
96 0
31 62
76 13
17 18
92 78
64 49
33 18
61 13
76 27
24 50
81 69
73 66
98 11
52 9
93 29
15 41
13 25
94 7
3 46
80 90
10 55
89 0
91 45
38 28
91 51
34 23
1 6
30 62
42 44
11 68
98 47
65 32
32 20
83 86
81 13
92 61
66 8
48 86
35 35
31 67
27 44
70 83
58 77
50 52
69 31
30 51
76 53
71 39
70 80
42 30
14 48
50 67
53 53
5 59
78 56
18 73
65 69
68 48
11 83
34 70
43 41
79 95
47 96
92 17
12 18
9 54
32 26
96 4
77 52
85 91
40 33
24 97
57 99
43 31
24 26
21 90
87 63
80 52
75 84
31 6
47 9
25 63
22 19
42 59
18 24
76 76
50 72
37 97
43 68
63 15
15 59
38 77
97 79
91 6
16 25
13 26
16 75
96 17
36 36
54 95
47 18
96 61
16 37
72 14
31 85
83 70
66 14
15 27
44 46
19 81
67 85
57 7
27 46
66 99
0 58
89 80
30 7
58 87
62 82
15 64
32 22
77 48
52 84
51 58
18 13
57 80
48 39
21 41
70 23
77 36
49 51
15 62
73 59
75 8
53 36
35 72
67 8
82 19
28 35
48 46
0 96
35 93
38 75
8 0
56 70
20 15
63 94
6 57
95 48
94 83
45 78
25 72
78 8
71 57
37 2
86 49
90 83
1 58
50 18
96 52
5 78
6 98
31 7
26 57
90 8
29 2
27 60
99 10
28 27
3 48
17 0
31 68
66 30
67 0
0 63
53 4
4 16
0 60
1 47
91 91
46 87
4 60
17 51
76 23
78 46
34 72
25 80
83 63
58 49
50 65
18 39
32 52
40 40
64 5
12 16
53 39
7 3
54 73
25 56
72 12
58 59
44 69
4 31
60 78
60 6
1 40
43 4
27 64
70 52
27 33
2 81
15 66
72 39
25 67
33 28
34 38
43 32
50 56
84 61
43 1
39 60
6 90
59 99
70 43
87 45
47 78
43 19
7 55
37 66
92 9
5 61
39 40
92 0
67 14
83 76
75 36
80 47
60 20
13 61
26 71
6 16
77 64
51 66
84 62
96 33
61 86
91 30
32 81
51 46
1 95
27 51
27 87
98 48
41 77
81 85
6 21
37 39
2 19
55 2
83 57
33 73
35 69
59 5
33 7
58 48
74 21
69 93
22 42
82 56
25 28
88 12
35 92
39 65
44 26
62 73
67 3
60 8
78 39
1 86
14 73
12 42
60 86
52 6
52 89
18 68
38 41
23 92
98 56
83 35
80 25
78 6
12 32
32 36
42 71
11 48
83 42
33 78
95 58
85 70
89 6
62 72
25 17
90 6
30 59
26 49
60 79
82 27
39 88
97 95
65 30
6 27
45 2
2 32
86 43
87 80
20 87
55 67
68 1
4 12
9 47
59 84
21 99
21 2
65 14
13 37
72 26
79 78
77 5
95 38
67 53
26 91
9 19
88 79
89 11
64 88
4 63
19 45
10 72
7 25
48 93
91 60
3 38
71 18
53 65
24 16
97 92
35 0
16 16
24 94
39 96
80 46
41 86
38 88
76 54
56 26
65 15
4 50
46 56
48 6
44 73
42 84
76 64
21 39
67 78
55 21
8 82
30 8
31 29
31 14
93 62
23 84
67 28
9 95
1 69
47 60
63 0
27 97
72 88
54 93
64 47
29 39
49 10
43 24
72 32
69 33
54 59
96 81
66 97
17 14
23 76
74 43
88 37
53 67
14 37
75 59
70 46
59 74
61 70
15 25
85 42
0 93
12 4
7 6
63 83
90 44
88 73
18 76
18 38
39 4
43 67
4 54
1 29
99 19
33 96
31 26
58 72
36 90
52 27
32 85
75 49
90 40
88 26
89 66
71 73
6 77
31 71
8 87
70 27
46 41
72 74
64 58
81 8
98 77
57 78
29 58
51 87
39 67
51 5
81 72
24 88
86 10
8 95
97 99
71 91
62 19
77 71
91 48
90 17
46 40
98 44
5 26
21 46
0 47
49 83
10 11
80 48
78 32
62 46
67 95
22 38
6 71
2 80
1 45
55 24
0 90
72 78
96 8
15 74
48 73
65 36
51 26
22 44
75 2
95 26
91 38
45 20
75 42
87 40
82 36
22 82
30 76
57 28
56 81
16 96
32 76
25 98
92 48
59 33
9 94
92 89
89 61
67 33
89 22
46 61
37 99
30 68
17 72
56 3
83 67
50 97
90 34
80 78
95 0
74 56
54 49
68 90
88 21
7 43
60 50
33 47
75 73
0 99
86 28
66 62
19 62
98 39
63 38
45 15
99 22
28 46
22 13
87 29
21 93
23 35
11 53
46 88
10 80
28 34
10 0
66 28
74 41
39 59
79 75
62 83
54 65
7 38
50 39
24 7
65 87
86 40
23 65
47 88
90 31
33 59
22 62
33 85
95 20
7 80
53 92
57 9
62 66
85 18
48 31
94 24
61 55
53 81
73 94
25 87
10 35
69 22
13 14
66 42
72 15
93 69
42 22
84 54
35 99
3 59
59 19
87 74
48 52
67 24
40 0
86 83
71 13
65 56
17 54
82 90
65 99
5 92
96 71
28 45
32 60
28 37
68 78
61 34
0 85
71 12
72 3
53 20
13 16
43 14
25 32
56 40
22 57
46 55
56 59
90 29
49 75
29 75
4 64
33 91
84 67
42 25
27 11
97 41
47 57
70 4
67 82
36 88
41 24
66 82
5 98
4 15
81 88
13 36
41 82
87 30
49 28
73 41
41 93
53 54
89 77
80 83
29 55
68 79
13 50
47 63
9 88
65 24
1 99
62 80
6 86
97 45
59 47
6 76
20 93
84 73
17 64
83 27
36 32
55 16
18 89
55 37
95 62
34 41
72 50
50 5
54 60
46 95
23 13
20 35
80 82
90 27
25 85
95 22
52 37
23 91
13 18
16 39
23 38
95 42
31 81
39 68
91 69
14 99
71 5
90 58
8 30
38 79
78 22
91 57
76 26
61 19
47 76
54 52
39 82
7 28
9 49
21 78
30 24
34 82
95 45
89 95
51 47
56 99
4 34
10 31
35 50
34 28
29 81
15 95
37 59
46 3
15 81
89 88
76 71
87 62
5 53
23 89
8 43
52 71
85 15
76 99
67 5
6 11
43 16
92 56
80 56
93 18
5 81
33 79
30 99
15 3
62 11
28 14
46 2
62 32
93 76
64 20
40 85
31 91
58 41
34 68
48 49
9 13
74 28
93 63
95 55
48 37
52 55
94 15
92 93
80 30
87 69
48 80
24 14
21 79
9 73
77 50
72 80
20 57
48 69
76 63
2 2
10 7
69 30
63 95
27 62
29 95
76 17
48 17
7 58
5 96
95 59
83 69
16 67
90 66
44 56
91 71
8 59
77 65
58 30
21 77
6 24
57 44
74 17
99 91
40 1
39 94
30 91
20 77
27 58
59 30
48 70
11 14
74 12
55 71
33 11
18 93
76 25
88 60
47 82
42 37
94 30
91 40
6 84
21 85
26 24
44 32
45 54
28 91
60 97
98 82
3 83
63 22
74 79
91 75
23 49
74 50
87 25
9 97
58 55
58 18
70 47
49 9
55 42
60 82
55 11
62 34
5 75
63 27
97 28
77 33
31 55
99 57
89 23
78 33
30 41
95 91
97 48
6 52
25 40
6 59
30 14
41 90
78 29
96 10
36 46
15 42
58 13
43 33
97 39
19 99
62 31
20 64
76 43
24 95
43 65
66 29
40 41
36 41
37 36
16 60
30 27
23 61
71 69
84 21
96 50
37 88
64 76
74 66
92 55
84 95
6 36
65 48
10 18
65 97
80 33
79 73
55 47
80 63
90 48
75 25
16 71
60 38
97 57
9 8
34 66
14 26
96 66
21 75
69 8
32 58
0 34
63 41
75 65
97 70
31 30
92 31
73 22
66 77
75 38
70 81
82 9
8 81
16 53
22 46
89 41
46 78
13 15
6 39
54 27
87 20
85 10
72 41
84 93
57 6
64 17
12 66
65 45
38 62
99 83
83 37
39 66
22 50
35 3
58 69
83 93
78 68
20 28
0 98
17 91
8 54
23 22
25 19
61 90
81 52
66 3
10 33
65 58
73 51
19 24
47 94
42 66
34 99
65 44
89 2
75 68
82 98
66 0
83 20
53 50
10 38
59 96
44 31
39 35
43 54
48 16
38 87
51 22
98 1
16 68
8 96
76 62
30 13
34 15
8 98
17 43
98 86
24 66
19 79
63 71
29 17
66 37
65 83
1 13
81 33
28 56
25 58
39 24
98 0
38 42
98 67
42 89
1 57
55 55
55 20
75 94
29 40
80 32
57 62
13 98
48 26
91 55
90 93
40 38
65 6
85 63
45 9
75 24
49 2
8 63
35 90
97 78
45 70
60 41
56 60
44 63
40 70
81 82
20 6
89 75
56 55
64 35
57 63
23 53
95 40
95 51
85 58
82 37
93 16
11 63
86 35
91 92
48 5
4 46
35 75
71 38
62 29
83 9
23 55
78 73
19 31
53 90
74 74
42 13
4 69
75 11
66 71
85 93
15 50
27 93
53 48
52 38
63 88
71 84
68 85
2 25
44 27
90 9
96 22
54 70
60 75
90 43
0 2
13 94
55 60
58 44
36 59
3 78
71 96
75 70
71 48
6 2
18 10
54 28
44 5
24 34
94 55
21 21
76 11
23 47
41 36
83 90
72 46
59 1
14 83
97 1
75 74
56 21
33 6
64 72
25 95
18 94
31 27
60 56
93 38
49 46
20 44
15 20
47 59
46 49
97 4
52 73
43 70
43 22
47 12
2 90
4 28
69 62
77 46
88 82
99 87
17 76
15 18
16 17
18 90
80 93
72 91
18 7
67 56
62 33
5 6
48 9
51 94
35 77
47 91
13 70
71 89
96 78
82 61
18 63
6 85
98 60
69 54
33 21
67 46
7 74
32 39
4 66
61 42
78 70
25 70
72 81
24 92
82 79
9 72
8 76
84 70
34 95
47 66
26 75
81 6
37 30
3 97
34 56
72 63
84 8
67 81
9 45
72 44
64 25
87 48
90 45
98 28
17 57
19 41
88 42
1 38
55 31
16 65
84 26
9 69
3 58
80 39
22 9
95 27
83 17
31 0
22 2
73 78
94 20
31 1
72 5
23 30
62 45
99 6
63 30
88 0
33 35
43 13
61 4
87 87
6 69
22 71
61 32
74 78
97 31
50 64
19 9
39 50
25 2
43 94
3 57
0 7
48 11
22 5
11 99
31 3
54 42
34 44
90 70
59 11
86 7
83 40
91 89
43 64
7 99
79 62
55 77
89 17
80 15
32 25
80 5
51 44
68 39
52 94
70 30
35 10
53 68
39 91
66 93
88 59
55 22
62 65
82 73
83 95
88 98
94 85
9 50
41 12
15 37
49 99
54 14
69 23
9 77
40 7
70 56
2 34
61 87
61 56
4 22
8 46
97 55
62 23
0 39
69 2
41 14
63 24
9 22
40 50
87 9
28 55
50 57
64 32
83 22
36 17
81 50
84 85
18 70
51 13
39 26
95 57
24 28
42 28
15 91
60 35
65 55
29 73
85 25
80 9
8 29
22 21
40 39
93 19
34 3
27 9
3 61
31 31
78 52
91 19
25 4
30 89
36 85
19 5
46 10
81 20
1 16
69 50
74 96
28 70
49 23
32 29
81 0
46 60
90 37
39 87
55 35
88 22
56 68
71 22
74 10
47 39
92 85
9 29
12 30
23 48
9 3
59 97
98 59
41 35
40 97
57 37
99 18
58 96
49 80
8 11
28 78
33 29
79 22
99 43
69 6
51 69
54 56
61 12
19 0
25 33
69 83
49 38
61 78
30 4
88 4
78 99
75 61
29 69
72 89
71 40
47 50
95 84
66 34
45 21
7 45
21 27
34 19
95 44
74 85
5 56
76 40
51 3
67 98
71 43
37 23
74 20
45 8
31 46
57 13
2 92
55 7
28 15
58 6
3 95
42 79
53 3
72 75
55 75
25 68
84 78
46 28
96 20
82 72
14 92
99 55
99 50
33 93
65 76
86 70
19 67
81 34
93 58
92 94
42 57
51 83
11 27
33 38
77 96
72 86
8 28
39 74
41 52
18 49
85 80
74 89
3 79
12 71
96 94
85 5
43 12
13 91
52 10
13 24
32 37
86 66
73 9
48 20
43 38
29 18
55 96
73 86
77 93
19 69
23 3
55 19
70 10
33 65
26 85
72 53
79 10
40 81
51 71
41 98
36 35
94 97
81 51
43 72
14 33
4 45
63 90
78 61
25 45
22 61
60 77
65 42
81 37
82 59
76 32
77 88
85 17
9 65
77 21
24 81
84 2
93 67
58 24
10 40
9 40
22 90
47 55
29 68
39 83
94 69
19 10
81 36
74 40
80 97
74 33
71 29
61 37
48 32
91 80
39 34
52 77
38 69
48 78
53 49
98 57
20 14
32 91
48 12
94 76
27 94
39 29
44 79
11 50
93 81
83 0
76 36
25 59
74 81
0 37
44 21
91 18
59 93
89 50
28 22
61 23
60 87
28 51
31 37
3 71
54 3
46 29
91 56
72 8
72 27
77 98
50 83
55 3
76 59
2 6
16 43
47 99
35 37
87 72
7 33
38 32
74 39
55 94
86 1
61 9
11 42
6 3
64 19
32 97
71 75
38 4
22 4
63 4
64 50
22 41
60 25
58 85
57 87
39 27
18 31
2 11
60 4
36 64
37 48
54 24
93 28
46 57
81 38
37 94
91 31
97 61
25 69
75 19
64 81
74 73
63 29
63 96
84 59
83 44
50 98
86 19
43 3
42 15
84 5
98 12
91 95
80 49
23 78
95 37
94 93
75 37
35 29
20 89
33 37
86 22
98 89
50 70
93 17
77 92
68 91
63 87
94 75
79 92
69 42
34 29
31 50
32 74
62 75
11 12
90 92
79 45
51 96
87 32
8 84
87 34
86 50
39 15
29 49
77 11
51 54
86 27
39 9
36 82
89 93
61 74
11 67
34 96
12 67
29 15
49 97
79 44
27 89
45 79
32 53
20 90
88 30
45 28
95 35
20 82
43 10
15 33
23 57
71 20
36 26
50 24
42 45
92 15
98 94
83 73
67 65
53 41
16 38
97 47
64 44
35 13
96 77
53 40
50 85
73 67
95 87
83 5
22 81
0 40
56 93
66 46
78 54
21 4
37 77
93 73
62 3
51 75
1 20
21 67
5 63
52 87
90 5
7 2
31 96
31 75
82 41
38 6
49 24
85 73
79 43
36 1
34 83
16 98
26 21
12 17
61 77
25 41
4 25
81 35
41 42
28 84
83 36
14 59
9 39
36 5
26 7
0 81
79 3
98 73
37 89
36 70
37 42
60 65
62 74
14 75
25 31
29 62
35 79
35 18
72 0
9 96
18 45
25 12
32 42
90 39
41 88
42 46
58 22
11 66
14 89
35 89
33 58
96 86
10 45
17 46
78 85
50 48
28 7
27 4
89 37
92 6
18 16
84 58
18 56
61 48
45 36
3 92
15 75
66 61
95 8
37 71
3 80
79 74
64 90
2 63
22 89
35 47
19 82
53 70
24 67
43 40
45 45
22 85
79 36
93 30
29 67
94 31
82 84
9 53
66 76
34 24
51 32
47 1
24 51
88 68
62 61
99 64
35 94
18 91
29 25
97 34
71 97
46 43
4 13
7 39
46 74
1 90
23 14
89 99
88 83
2 61
90 78
82 93
34 40
45 99
27 65
27 53
2 60
1 14
29 70
19 86
1 94
52 8
27 48
57 42
61 28
47 2
14 34
5 22
62 47
12 10
88 24
86 44
10 46
40 36
29 19
31 70
57 91
22 74
49 55
21 37
74 8
77 34
18 88
1 53
23 73
71 78
75 27
53 62
98 65
76 72
22 75
17 88
60 55
74 65
7 53
64 97
34 67
25 86
56 87
5 31
83 79
39 31
93 43
76 35
37 93
82 81
51 38
93 83
7 88
33 52
46 38
40 79
96 56
91 43
87 22
6 10
95 17
15 88
20 98
79 93
90 20
69 25
25 43
30 72
69 48
50 28
79 59
92 1
73 18
72 98
58 67
41 25
68 80
16 86
85 28
18 34
9 76
12 69
81 97
23 16
10 73
17 5
49 15
41 55
18 79
3 31
9 9
97 18
15 30
65 95
81 24
39 72
73 36
2 27
15 12
39 30
32 72
91 73
26 34
4 70
19 11
84 7
39 78
81 93
85 19
60 28
92 82
20 38
25 53
28 65
33 26
20 41
89 91
67 92
0 57
83 83
70 40
50 10
84 69
61 20
40 84
89 60
43 39
42 11
33 14
97 75
99 86
29 65
53 78
47 28
55 65
29 31
11 94
10 1
92 54
86 82
44 95
75 34
60 27
48 2
84 40
82 40
98 54
51 82
12 11
72 11
33 24
57 34
19 37
12 52
92 70
54 39
63 93
8 72
81 86
55 32
93 12
52 58
68 70
33 10
91 8
54 5
75 91
12 85
37 69
5 77
37 3
91 74
1 9
81 17
40 59
35 53
48 96
83 18
59 8
41 11
46 19
12 83
94 4
54 20
94 60
20 39
96 46
15 6
13 46
32 8
62 98
44 70
47 36
17 58
93 86
45 31
82 64
58 75
88 74
47 20
19 78
42 20
25 52
50 33
0 61
35 62
88 57
41 78
10 98
85 68
11 11
65 2
17 1
81 65
13 80
20 62
72 82
35 6
89 13
73 98
37 61
33 77
99 23
53 97
80 16
82 67
87 35
18 8
66 6
75 71
31 78
56 27
55 66
18 35
26 84
87 2
65 93
42 8
39 52
66 25
1 0
14 70
83 10
31 22
17 28
66 26
49 58
47 52
82 38
65 60
63 79
49 47
93 8
89 25
0 16
58 71
52 74
17 63
68 49
58 3
49 74
49 69
0 13
40 95
28 29
27 3
80 51
47 17
8 39
82 77
74 60
30 45
18 66
32 0
67 27
11 29
53 35
33 42
89 12
87 49
95 92
44 30
91 27
39 95
13 4
39 20
91 16
8 34
74 67
53 89
91 85
82 13
4 10
45 46
12 45
49 88
7 27
38 20
77 40
56 22
48 25
81 60
18 72
65 80
38 12
67 70
65 49
80 71
98 74
38 83
54 50
95 29
84 9
94 33
8 78
22 6
40 28
73 75
1 50
72 24
36 58
28 54
62 49
73 63
93 6
40 86
89 34
65 73
22 76
57 16
4 38
48 41
20 20
38 26
33 25
68 3
55 98
89 3
88 99
5 82
10 56
4 43
81 26
2 72
1 82
28 10
63 54
9 0
14 20
64 18
90 47
85 76
18 69
75 20
5 54
8 14
46 39
91 7
23 10
45 64
41 44
5 95
12 3
63 56
56 17
78 30
30 95
36 24
10 25
93 27
59 66
8 9
78 98
15 94
34 51
7 32
62 17
8 77
86 48
32 40
23 97
35 82
52 7
25 94
60 31
76 81
47 56
2 9
86 30
53 75
61 64
82 76
42 6
58 53
97 65
38 5
30 86
25 49
92 4
73 30
37 86
67 32
54 37
15 71
71 23
84 43
71 16
43 77
7 34
9 82
56 90
46 21
84 48
0 8
61 96
11 84
12 84
7 52
42 0
44 10
24 75
80 66
49 33
26 46
38 14
79 88
71 49
50 22
10 95
74 18
49 13
60 17
51 89
7 89
35 9
16 13
5 20
12 62
29 56
99 14
15 93
83 60
5 7
54 69
1 48
36 77
68 21
16 92
54 68
41 48
27 71
12 55
2 55
77 69
33 12
17 84
75 46
6 97
6 48
71 19
44 25
71 35
73 65
70 35
40 6
92 50
89 97
46 85
64 96
60 53
19 43
64 93
55 33
70 78
31 77
45 44
45 72
49 84
54 86
26 19
86 26
49 0
20 83
78 91
28 77
16 95
91 11
63 86
50 11
48 60
81 80
99 42
89 40
57 92
71 4
59 46
57 70
65 9
6 45
28 98
75 16
91 63
54 41
26 60
13 31
72 10
18 87
29 51
80 31
71 94
47 89
45 37
53 69
19 51
44 65
20 9
98 38
35 65
7 90
32 88
56 11
46 44
36 15
88 15
23 70
96 6
96 38
42 98
7 63
37 11
69 73
26 42
95 30
34 81
39 46
12 7
36 22
86 0
40 58
7 61
81 3
10 74
32 17
46 25
38 33
2 66
25 93
13 56
20 84
92 8
88 38
15 17
35 17
24 79
63 69
38 90
43 21
71 66
31 20
90 15
55 30
54 15
41 40
33 72
79 28
0 15
91 90
61 52
17 15
3 11
42 99
92 97
59 26
18 12
2 26
9 27
34 18
28 93
27 28
3 52
70 41
53 16
38 71
82 23
40 20
65 19
85 62
28 89
44 4
36 2
17 98
16 85
51 70
38 38
32 32
38 53
98 10
44 24
0 41
39 71
85 9
49 98
17 13
6 55
3 50
37 19
15 73
25 0
90 11
65 75
38 96
74 95
45 97
96 99
41 49
67 76
5 23
85 99
51 85
10 20
63 16
84 65
78 57
14 27
40 27
71 11
23 86
11 2
67 83
35 49
1 31
54 16
9 26
40 96
10 30
83 50
59 13
14 55
70 71
83 25
24 1
77 66
41 19
34 60
32 4
15 47
21 5
16 31
11 25
45 66
59 40
69 80
92 64
63 98
47 25
16 8
99 40
45 52
37 92
10 65
47 33
53 93
3 70
72 45
79 64
64 63
2 83
4 55
66 58
1 49
58 28
88 86
57 64
78 7
26 51
73 15
71 46
56 2
73 1
5 84
64 7
69 19
68 84
71 7
28 75
77 44
77 37
1 64
18 15
56 29
59 24
77 38
23 32
92 52
91 98
84 24
93 52
59 61
90 19
86 55
54 45
69 17
81 42
74 80
97 89
71 50
16 28
44 11
42 14
58 47
11 46
43 26
30 16
55 29
1 62
29 45
66 31
20 70
56 48
89 79
70 96
70 16
4 99
48 75
9 64
85 85
93 36
81 45
85 61
14 6
6 87
32 99
84 84
65 0
80 62
12 5
48 23
91 64
10 26
40 43
36 65
83 47
52 4
74 88
84 20
64 55
8 2
13 13
74 13
52 0
46 5
1 51
44 74
70 7
41 94
13 35
46 63
52 19
19 72
30 28
63 61
97 38
59 41
47 58
1 54
37 1
93 25
25 38
89 82
8 92
84 31
21 12
27 35
8 89
61 94
45 74
12 81
97 10
48 57
98 33
28 24
35 7
30 58
38 67
50 0
23 37
15 90
16 97
77 23
14 38
0 25
1 80
54 71
7 1
43 58
78 74
82 8
65 68
79 4
95 56
31 32
37 87
78 42
87 8
26 94
85 46
93 61
55 63
25 37
7 81
16 74
46 26
22 95
79 99
54 32
32 3
75 98
22 28
94 73
54 29
65 89
83 68
89 87
86 13
76 77
2 53
40 78
22 84
74 2
44 96
35 59
50 27
73 31
38 7
47 14
2 28
4 72
57 65
81 15
36 63
23 99
30 97
62 86
77 8
75 81
14 52
75 79
58 23
85 83
89 83
27 27
92 45
14 76
50 43
70 86
45 5
24 39
11 9
41 6
61 25
16 42
65 33
69 35
80 50
73 28
46 22
26 98
28 39
70 28
40 47
15 85
78 77
9 62
9 60
39 92
64 3
72 29
7 16
79 77
55 89
66 55
62 8
8 56
45 90
79 63
78 71
22 56
45 60
94 37
40 8
83 23
26 38
85 84
94 58
91 39
40 64
48 61
70 50
36 31
1 73
2 42
5 99
67 11
6 83
94 13
87 60
95 76
5 47
91 32
7 93
36 13
78 89
86 25
87 89
16 76
52 23
3 69
58 20
70 22
99 73
16 84
57 76
54 76
69 76
80 91
37 25
48 18
54 92
23 4
47 23
79 1
86 89
98 49
29 98
81 22
34 37
30 30
75 62
9 68
21 88
48 67
18 21
40 75
47 72
66 98
13 86
66 95
88 56
87 88
11 81
80 68
66 92
86 51
73 35
54 96
62 71
20 2
63 25
38 18
65 61
81 28
76 98
60 92
3 76
48 7
32 6
86 46
87 95
17 77
86 85
64 30
92 79
60 39
20 24
47 48
47 38
86 84
31 76
4 86
60 73
45 73
70 29
73 69
64 84
43 29
90 91
7 8
59 85
66 65
99 66
62 4
91 68
73 97
15 28
45 81
0 71
11 15
12 99
85 40
20 21
86 11
42 2
34 74
16 27
60 67
44 57
25 50
95 80
90 69
21 52
11 75
39 73
74 4
18 98
87 85
64 95
52 97
73 40
77 86
77 70
42 75
48 74
42 32
46 33
5 72
97 33
28 5
41 87
49 16
83 2
92 44
5 71
66 27
40 63
8 4
6 65
34 45
60 69
6 43
10 59
59 2
8 17
25 91
26 4
35 16
7 94
96 90
58 81
67 2
58 46
99 58
4 24
6 13
75 89
92 59
81 43
39 69
68 45
93 68
56 20
92 24
53 71
88 41
90 50
11 82
65 91
71 42
50 86
46 37
39 84
90 76
7 84
13 8
43 95
57 72
59 18
36 57
6 91
68 47
22 15
0 86
21 35
92 69
83 4
84 79
75 50
62 53
41 4
39 22
24 96
2 17
41 32
10 37
15 48
74 62
39 38
67 66
86 81
42 1
27 81
80 87
76 28
79 30
44 92
50 32
5 68
17 89
99 61
51 27
33 3
63 60
48 98
7 29
36 97
14 57
21 15
36 98
1 97
66 13
92 74
52 45
8 68
46 30
19 80
64 28
9 1
63 43
75 18
52 32
46 90
56 52
10 42
95 31
38 54
30 75
55 93
48 87
73 95
92 98
50 40
34 35
31 43
36 38
80 61
13 51
55 15
75 86
8 70
12 31
21 94
66 49
65 39
86 24
61 26
4 48
20 3
7 37
10 24
68 98
24 45
21 84
61 49
90 53
50 87
81 76
53 84
61 44
54 34
78 86
31 83
6 17
34 34
74 32
10 78
94 50
38 30
28 76
50 47
96 30
61 65
64 2
55 59
37 29
76 90
24 15
47 68
33 87
33 68
9 56
81 84
18 92
94 72
19 65
20 51
44 85
16 80
57 53
58 91
63 76
83 3
28 81
10 81
75 82
53 96
15 89
16 78
31 95
78 97
93 72
18 46
55 83
67 72
60 5
14 32
6 70
33 62
93 57
83 45
80 18
68 51
18 59
18 41
74 57
15 13
51 12
68 65
87 24
99 36
55 48
85 78
76 58
65 85
72 77
11 21
17 30
49 94
69 64
27 73
59 89
2 13
40 57
38 59
67 93
24 13
66 4
72 57
97 46
67 94
67 4
32 30
19 49
66 33
67 34
23 36
61 83
80 22
76 97
62 55
93 23
81 94
29 42
84 66
14 29
30 32
70 84
57 38
2 37
37 10
46 67
34 97
86 90
74 48
32 38
38 51
24 83
84 33
48 92
18 43
92 30
46 66
99 15
94 47
96 89
69 32
45 96
68 42
74 19
14 74
70 42
41 7
31 12
32 87
59 28
67 1
51 76
40 25
32 48
94 28
87 3
86 33
86 87
80 27
92 25
88 66
45 38
19 64
13 72
96 43
21 14
65 43
11 3
22 60
52 40
89 14
86 86
24 55
27 6
36 81
83 31
64 68
22 17
45 10
34 1
0 6
2 31
15 65
26 79
40 24
50 81
48 58
56 0
80 64
25 78
89 85
14 14
54 26
12 19
56 31
17 45
25 75
39 49
74 23
1 19
72 21
21 18
28 26
5 15
40 92
98 19
24 10
7 75
67 87
74 87
15 39
23 44
42 58
68 18
93 4
78 37
66 75
39 79
2 3
94 39
30 66
31 45
15 40
71 6
48 21
94 62
60 16
31 86
71 77
21 45
13 20
44 60
13 71
15 78
71 36
40 68
27 13
2 95
56 4
6 78
95 71
16 4
61 54
40 19
49 78
24 76
53 57
19 73
19 61
15 0
6 74
77 54
47 47
94 43
19 93
72 38
46 75
62 90
53 79
23 59
55 61
82 33
30 25
89 62
84 1
88 92
11 26
26 23
59 3
8 83
1 83
97 72
19 59
20 53
12 95
96 15
72 96
47 93
6 15
34 32
48 43
25 42
74 51
39 44
70 2
36 84
66 15
71 81
65 94
14 44
28 16
79 49
45 7
76 66
12 91
63 48
70 24
95 79
75 22
45 82
39 0
54 38
71 14
75 35
26 96
78 1
63 40
18 33
28 50
8 53
51 18
2 30
86 76
73 72
68 46
92 26
72 40
2 97
84 37
71 86
25 18
70 58
92 41
69 75
72 64
39 8
65 26
68 16
65 62
23 39
78 64
5 69
80 34
9 78
76 68
4 97
22 73
0 43
9 34
51 28
82 92
87 91
37 58
91 9
21 42
23 26
44 68
90 0
98 92
50 69
12 86
36 83
87 1
85 24
52 28
33 8
58 38
53 51
50 25
94 80
97 0
47 64
20 7
20 60
20 31
56 6
58 61
0 77
49 35
46 54
6 63
67 57
61 62
31 72
76 92
57 20
15 69
0 51
13 85
73 38
98 17
87 52
63 97
56 79
14 30
34 85
26 64
82 39
95 81
64 21
24 8
7 14
71 44
24 86
20 81
34 46
2 21
64 59
73 42
52 16
95 78
26 48
61 33
27 78
22 86
52 78
6 35
87 18
91 99
77 83
49 77
48 63
84 4
70 89
13 68
84 27
85 54
73 43
92 38
92 18
42 63
21 60
68 68
21 70
58 93
68 30
45 47
33 9
58 79
8 71
27 10
79 68
3 32
49 17
76 38
89 36
87 4
16 47
45 4
25 71
9 85
80 70
30 22
23 93
37 95
5 21
59 63
7 40
44 62
34 9
58 56
18 71
15 21
68 29
64 16
43 34
96 2
0 22
14 43
90 28
86 78
23 8
81 5
57 18
34 8
62 38
27 34
12 73
33 22
69 72
77 14
42 3
48 65
67 7
16 1
79 57
98 37
50 37
94 42
67 48
30 39
70 55
18 22
50 30
68 93
42 77
32 63
63 62
35 66
20 88
83 53
30 98
56 88
38 81
71 80
52 64
56 18
76 75
49 3
12 13
40 2
78 69
27 32
85 12
52 34
68 12
57 58
91 93
80 84
44 16
90 30
42 76
84 12
33 81
13 33
4 57
39 61
60 80
58 74
35 4
93 31
14 72
79 19
79 85
70 70
11 98
35 55
95 82
75 7
41 5
33 82
5 74
76 95
86 54
72 37
94 34
87 12
12 51
75 1
93 14
59 71
78 5
71 98
58 14
69 39
28 6
39 63
25 74
10 43
53 2
79 0
96 44
98 42
6 18
63 36
75 10
25 22
57 45
52 18
83 49
64 66
51 80
46 50
89 48
17 87
60 59
6 34
20 45
72 13
96 72
51 20
88 23
73 21
69 7
11 95
82 60
50 26
87 68
22 10
95 98
74 90
41 26
10 12
69 55
94 8
1 26
12 49
48 28
26 66
8 88
75 52
1 12
84 30
65 13
84 63
80 13
55 50
94 51
80 3
87 99
21 32
6 7
40 72
30 29
53 63
10 58
81 4
60 72
69 11
97 23
58 78
82 70
22 3
8 94
75 83
7 24
29 86
28 4
67 67
87 27
38 27
28 62
74 63
73 93
65 92
3 27
95 69
19 7
54 64
32 93
82 17
59 54
13 96
97 93
93 65
45 49
43 23
60 74
43 52
64 73
93 50
98 69
86 97
63 28
46 51
8 42
23 0
42 65
79 5
54 54
65 20
37 84
59 57
23 60
74 75
19 84
26 6
37 32
6 50
2 39
20 61
82 97
1 55
65 64
14 87
45 59
48 82
59 9
28 25
43 93
42 68
39 62
69 77
68 17
81 61
39 85
55 76
19 54
42 9
52 80
13 79
84 36
71 95
12 35
29 16
99 60
2 5
3 1
91 22
50 17
64 0
66 12
43 62
53 38
11 39
73 32
48 15
86 67
76 52
58 19
51 77
33 80
55 82
69 89
50 3
23 12
47 8
76 21
36 91
77 22
98 93
53 13
3 62
30 38
32 47
16 0
5 55
15 56
2 74
46 89
21 34
61 0
99 28
79 23
52 82
42 85
34 90
87 53
84 34
38 48
65 4
56 84
96 97
72 85
75 66
57 15
83 71
63 5
79 21
26 45
47 81
3 8
26 44
55 49
32 90
12 21
70 95
74 35
5 27
61 10
64 70
6 58
30 81
14 28
0 21
33 95
5 18
60 9
55 79
41 68
99 1
55 91
82 42
11 16
6 25
53 46
43 47
16 11
61 38
3 25
26 10
98 24
91 36
57 90
98 40
3 15
16 33
46 59
32 70
63 81
14 56
97 3
20 27
3 37
51 41
28 63
28 20
41 95
74 9
42 29
29 7
14 53
38 47
53 60
51 29
83 58
10 22
26 22
2 4
24 78
56 92
80 53
51 68
18 62
14 16
56 34
49 89
92 67
45 71
36 89
76 24
73 16
44 45
35 14
83 1
16 40
81 47
47 49
53 23
19 50
19 89
42 18
1 96
30 67
82 4
73 20
11 70
31 18
81 75
54 31
25 47
48 10
41 61
16 46
81 92
4 44
7 0
71 28
5 73
52 67
77 49
79 20
89 18
93 89
78 14
48 3
21 57
64 27
28 49
62 13
93 85
81 12
71 63
67 40
27 49
45 41
67 37
13 90
49 39
61 46
60 91
22 40
46 16
94 92
40 76
39 6
4 11
45 98
12 26
65 52
48 88
57 33
99 30
51 72
96 95
2 1
9 83
60 26
10 23
23 63
42 50
84 0
12 24
48 19
18 29
50 14
60 19
60 18
6 1
27 67
78 31
89 58
84 41
54 81
90 97
70 63
65 21
30 33
2 82
14 22
30 43
80 43
72 4
96 9
98 32
94 86
24 72
36 28
45 67
2 12
76 48
56 57
37 64
26 89
34 79
14 84
80 29
35 97
94 61
42 93
55 39
59 90
86 73
2 44
6 26
9 91
68 10
28 53
49 86
67 99
14 60
3 64
37 40
35 58
57 71
16 14
65 74
5 32
21 62
78 43
6 75
25 5
11 69
92 71
46 20
73 23
45 84
6 30
29 27
16 58
19 56
90 61
80 19
77 80
44 52
24 73
0 11
54 78
43 79
39 23
0 68
51 93
57 55
16 29
38 63
2 23
15 96
50 60
70 1
11 55
99 8
76 49
26 52
66 63
76 19
20 32
20 8
85 60
66 60
59 6
40 73
74 30
17 25
29 5
6 47
14 36
47 43
19 27
11 18
91 77
66 32
97 25
43 44
80 76
85 7
34 91
77 77
2 88
84 19
40 29
9 86
38 80
69 86
26 2
73 87
17 24
55 12
87 57
70 65
82 62
17 16
52 22
56 67
99 80
50 92
4 52
11 91
66 56
47 74
34 94
96 92
62 92
14 79
80 17
30 93
0 66
58 9
47 19
87 50
25 84
92 13
47 80
41 72
35 44
12 92
29 83
74 38
31 69
49 66
98 70
95 34
77 24
40 90
88 93
31 53
54 7
79 47
24 42
57 46
73 64
28 13
84 32
30 11
54 90
12 77
13 22
74 37
68 41
2 50
16 3
28 32
40 16
87 77
51 0
85 11
20 29
53 64
35 45
70 15
87 0
76 93
90 32
8 74
3 16
36 40
27 98
62 44
50 84
21 16
50 31
1 85
18 81
2 29
22 94
16 32
30 34
5 24
46 92
73 17
85 50
27 37
24 60
44 40
81 81
78 13
66 84
83 66
97 60
5 52
83 13
53 29
85 36
48 95
95 85
61 72
99 68
29 94
37 76
36 50
14 82
99 63
40 82
37 51
63 17
32 64
24 74
55 68
27 83
51 24
32 67
61 15
67 91
61 98
28 72
41 81
3 0
45 92
63 14
9 2
92 65
73 84
93 79
28 17
73 81
98 64
57 8
45 48
39 18
18 75
99 45
57 25
30 47
24 30
24 21
34 50
92 43
71 71
92 22
12 27
8 1
48 8
42 60
99 67
93 71
29 54
52 13
46 68
26 53
64 42
20 17
73 82
34 54
82 15
70 51
43 97
22 93
94 44
16 79
28 38
91 15
49 49
49 42
26 58
41 21
77 20
13 52
50 51
97 62
27 69
56 98
92 42
4 75
69 90
99 94
16 49
41 2
9 17
44 23
75 13
95 68
7 17
11 65
89 44
11 38
41 59
80 81
11 36
56 46
98 7
45 27
25 81
44 36
8 48
38 93
22 77
86 64
59 73
33 23
73 55
18 97
91 0
89 20
30 64
91 46
68 23
55 25
45 0
47 5
41 79
13 32
23 51
51 90
21 61
92 21
27 82
86 98
40 4
33 51
96 91
14 46
37 24
52 5
28 58
3 94
61 82
36 0
36 80
61 69
27 79
90 3
83 82
12 70
25 35
99 44
40 56
84 10
53 44
77 87
5 51
14 88
37 98
4 42
60 45
57 86
57 82
23 2
13 65
87 10
84 72
17 62
65 25
81 64
2 76
60 49
21 54
38 61
71 62
82 96
84 96
44 29
35 33
80 44
21 65
95 60
93 39
50 89
11 23
16 48
58 32
79 80
17 61
16 90
26 25
18 74
15 53
29 44
0 4
25 57
72 94
46 47
17 78
23 28
45 33
94 96
81 18
86 29
84 91
31 39
9 30
81 11
98 21
57 97
83 19
76 15
86 88
36 39
61 67
4 53
24 43
81 29
24 5
88 18
38 46
0 18
29 46
49 73
43 56
57 21
6 89
1 93
7 12
14 45
85 96
89 89
84 39
24 90
47 29
72 36
26 78
86 69
6 28
6 61
80 98
52 12
97 73
27 39
9 90
85 55
36 60
89 19
19 53
83 56
48 97
67 10
58 73
71 93
37 34
68 60
37 85
31 66
31 2
73 8
84 3
90 89
17 48
15 46
29 36
16 89
72 33
29 93
2 77
66 19
26 13
56 24
68 62
37 7
10 9
71 99
55 23
30 83
72 84
52 3
35 96
34 39
8 36
86 20
70 90
57 1
45 51
55 44
79 38
3 81
56 37
33 45
72 55
20 76
69 51
40 17
31 35
58 52
15 4
9 89
77 42
58 66
90 38
98 36
24 2
86 8
31 10
21 87
51 67
49 56
58 92
68 83
77 97
86 45
32 80
94 0
59 7
14 71
64 54
74 55
42 61
26 33
43 50
24 41
3 60
28 66
55 99
73 70
73 85
67 79
78 16
50 36
6 72
96 80
10 48
12 37
31 11
92 51
52 43
86 38
40 66
67 71
8 75
83 84
92 53
82 29
19 33
21 98
19 8
6 96
84 23
83 55
83 62
99 85
50 94
14 64
52 25
86 95
46 4
38 65
96 59
67 54
30 2
76 16
21 96
4 85
20 79
68 9
47 0
78 95
54 9
73 11
53 43
15 61
56 69
45 43
19 22
54 6
66 66
73 27
91 86
14 98
64 79
36 45
29 24
83 39
43 71
15 34
51 7
2 14
46 69
66 78
67 89
32 79
3 93
60 96
98 66
9 80
90 73
56 36
44 88
82 68
49 22
34 61
96 25
34 31
41 18
64 83
46 31
37 68
29 85
49 71
91 61
69 92
43 8
19 91
78 92
89 76
30 36
9 51
71 34
22 98
51 49
88 64
69 37
51 14
56 38
47 21
92 95
88 25
15 8
31 13
5 58
91 28
1 63
71 74
4 73
57 54
33 27
50 73
62 43
29 71
93 93
70 99
72 70
35 68
6 12
61 99
88 3
1 24
61 21
46 17
76 44
6 4
96 79
43 5
67 49
10 27
69 74
0 12
71 32
8 91
21 72
29 57
59 12
70 98
82 14
22 12
17 71
77 16
80 73
88 62
81 39
66 21
2 89
16 94
11 78
62 37
22 45
32 35
0 23
59 53
1 84
36 54
80 72
13 10
33 43
16 87
19 88
24 23
43 99
20 42
14 10
15 92
96 26
12 64
1 67
80 86
1 92
31 34
12 48
69 65
61 97
38 17
53 18
58 36
43 6
53 59
52 14
31 19
33 63
65 40
71 79
78 17
87 43
76 37
10 92
68 32
6 8
62 15
95 41
31 87
19 44
3 82
82 28
73 53
77 99
48 4
77 74
67 88
26 93
2 45
88 87
2 38
95 99
17 69
8 80
85 34
19 23
94 89
79 50
76 12
68 50
0 78
92 75
8 8
44 12
97 2
62 1
94 45
53 76
56 41
40 98
82 69
64 8
35 71
33 31
96 98
90 81
91 34
33 36
29 30
62 69
84 16
71 85
93 75
4 94
11 52
5 36
6 67
45 29
96 11
41 71
11 90
96 62
20 63
45 77
15 49
20 16
19 35
71 24
13 83
25 8
85 41
37 53
52 1
7 85
10 90
29 99
63 46
89 30
14 81
50 12
46 11
87 16
11 72
80 80
29 66
50 62
28 69
48 99
47 7
9 6
95 43
34 20
50 35
74 22
60 95
93 84
79 79
44 58
40 23
21 95
12 96
11 6
54 66
85 13
96 47
37 5
3 91
10 47
6 80
4 33
37 96
93 82
7 56
63 18
9 98
94 38
60 34
5 70
73 88
72 52
97 88
98 14
25 88
22 29
86 32
15 77
84 97
1 79
1 65
5 87
52 29
61 89
23 69
50 44
34 14
52 56
61 71
18 40
93 15
4 2
83 38
71 1
94 94
36 52
53 55
80 20
14 21
77 84
1 3
0 82
65 81
98 22
12 75
88 69
65 77
92 58
80 21
1 56
54 77
24 54
59 29
85 49
92 83
17 82
22 37
52 88
73 92
13 29
95 21
20 33
31 28
74 34
1 88
11 77
11 7
89 56
13 21
91 3
46 9
98 91
99 49
61 22
56 16
11 1
38 76
40 83
38 40
14 61
40 34
10 49
78 65
89 10
88 33
50 13
58 62
7 76
60 51
7 54
64 29
2 69
34 76
9 70
54 33
60 48
75 69
31 40
78 60
17 65
65 57
90 49
8 5
94 18
93 22
22 65
93 33
29 14
68 73
89 63
76 70
79 16
45 39
91 52
5 1
93 96
97 37
19 39
50 59
53 58
98 23
55 4
52 52
43 83
27 54
55 13
45 93
14 62
44 75
83 52
6 68
43 17
20 10
13 64
51 61
36 96
13 2
99 35
37 90
10 64
26 56
57 36
62 97
62 60
71 59
97 11
68 57
32 14
42 23
69 43
82 66
80 54
29 0
9 21
42 34
29 88
55 45
91 25
4 30
3 41
13 45
13 0
42 5
20 47
13 6
39 53
3 67
81 91
36 27
86 59
13 69
77 51
68 11
99 16
78 34
97 12
49 31
7 13
55 43
7 98
85 29
32 86
30 70
55 64
20 26
19 94
0 35
67 9
77 32
67 18
70 6
10 2
89 26
21 7
65 53
59 42
36 73
78 75
48 77
68 44
73 60
82 71
54 87
61 58
85 74
45 65
93 2
89 67
12 15
11 73
60 81
86 93
65 27
72 34
11 93
90 86
82 16
70 11
58 57
61 92
64 23
45 22
59 38
59 4
79 12
10 91
60 0
19 76
24 49
57 52
4 88
20 13
80 89
41 99
4 68
40 15
62 87
23 40
27 76
86 62
43 9
59 34
82 35
78 76
42 78
84 86
50 1
96 93
42 53
54 25
55 97
25 21
52 79
37 4
88 50
12 41
42 69
4 47
36 19
67 29
48 51
8 44
51 56
96 64
63 72
7 82
45 25
51 91
24 63
57 94
28 40
87 38
32 13
47 22
83 15
21 74
69 36
4 87
25 1
68 74
93 48
22 18
72 35
2 93
28 52
99 96
62 64
23 46
35 39
86 91
2 16
8 16
1 35
23 62
79 56
83 87
63 74
33 16
66 20
96 16
5 8
21 82
39 99
79 65
63 68
53 37
7 66
53 77
34 2
86 15
7 20
16 77
86 41
74 1
58 16
81 46
18 65
89 16
31 23
94 35
85 23
43 45
40 48
56 71
22 91
83 75
79 27
17 31
49 26
39 97
8 26
43 57
95 53
22 7
44 66
6 23
83 74
70 74
17 21
12 58
86 72
68 15
89 59
21 50
62 22
78 59
17 38
29 53
30 77
58 42
59 69
67 42
17 85
69 24
69 70
72 18
62 20
42 7
89 55
75 51
12 78
36 42
40 44
59 45
53 24
12 68
13 88
40 49
27 23
67 74
29 10
29 33
19 92
88 95
20 67
15 54
58 0
74 6
56 8
77 76
27 20
47 90
16 82
11 64
68 31
63 2
99 0
9 28
44 6
88 32
33 54
30 18
41 20
21 66
39 39
53 87
30 82
97 76
75 33
81 96
74 27
34 4
82 47
45 83
5 11
69 82
46 7
99 34
85 39
77 3
58 31
70 59
12 61
79 67
81 57
97 96
79 24
92 88
75 95
20 96
18 52
3 84
36 72
90 79
37 79
72 17
0 54
15 11
2 71
54 13
85 44
78 44
97 84
42 91
64 11
59 80
42 90
26 32
44 37
95 64
54 35
7 59
13 73
13 92
71 33
62 91
90 85
14 41
82 44
33 40
93 26
1 77
27 29
73 33
99 47
75 28
57 14
48 38
17 26
9 66
26 20
71 76
38 2
16 62
58 5
61 43
64 69
65 59
6 53
19 18
63 44
0 14
93 64
3 20
92 84
97 68
82 31
71 65
35 5
99 20
50 50
99 71
58 40
71 15
37 78
1 8
30 31
69 58
25 99
89 53
8 65
97 13
70 92
85 2
4 9
96 29
58 12
5 93
94 17
41 56
96 13
87 33
17 86
32 24
30 49
79 87
85 43
64 22
32 73
24 24
14 39
17 56
76 3
38 9
18 64
49 59
55 6
94 32
4 51
26 26
71 72
57 10
58 4
52 54
10 41
29 64
33 99
82 51
51 62
43 37
77 28
58 65
28 71
44 44
45 57
87 58
28 42
5 35
20 91
38 66
86 99
72 51
93 98
36 76
64 31
54 51
79 54
92 20
61 80
71 68
49 20
25 7
18 44
23 98
17 22
17 20
82 25
61 51
23 20
32 55
88 65
82 18
99 29
51 53
75 63
42 87
1 74
96 18
87 51
48 59
72 92
95 1
4 14
77 9
73 77
19 96
49 63
88 84
96 53
5 30
29 9
3 74
82 30
31 8
54 30
52 24
20 19
16 15
59 83
0 65
22 58
11 61
41 97
65 72
81 44
36 25
51 97
74 47
39 55
48 34
68 8
88 36
83 81
34 47
70 60
9 4
67 64
38 68
34 16
55 73
61 6
26 16
96 36
55 86
77 19
21 22
85 8
53 88
26 15
73 57
52 98
34 42
13 93
30 52
45 32
62 57
80 92
6 37
57 27
24 93
52 61
4 26
93 66
44 90
64 24
64 15
91 66
46 91
1 15
93 80
2 56
84 75
5 83
64 41
7 23
98 6
69 28
27 5
48 0
97 49
32 54
80 14
57 4
71 2
41 39
69 98
94 23
89 38
94 29
13 58
75 60
4 27
1 21
69 40
59 55
5 89
49 67
80 69
47 53
33 64
34 48
51 33
5 85
32 5
31 52
74 76
65 29
87 59
95 6
91 94
94 41
43 76
70 0
1 98
39 51
7 70
83 48
99 88
87 37
65 18
91 47
19 16
73 13
95 28
78 67
7 97
81 79
23 56
53 56
44 18
84 82
12 53
21 38
10 4
64 12
3 98
38 25
89 84
19 47
51 30
35 56
63 6
11 32
0 36
10 94
83 34
60 93
10 50
36 56
72 23
56 13
79 11
66 47
25 13
21 51
3 89
28 19
22 14
48 35
8 20
19 12
33 60
76 74
8 6
7 42
15 7
70 97
9 15
18 67
24 20
77 7
30 87
57 43
16 88
90 82
10 82
30 56
22 99
33 70
82 55
53 26
86 42
52 31
75 31
27 75
95 7
67 6
51 35
29 47
24 46
31 82
89 71
0 38
47 95
76 50
11 76
10 77
54 63
64 9
77 15
2 46
33 20
4 95
63 57
6 95
50 15
72 68
94 79
3 35
3 23
90 10
99 70
82 1
41 64
15 10
32 89
65 66
72 6
16 19
31 38
31 56
68 64
79 91
60 33
45 58
85 3
54 44
61 81
2 33
10 86
98 68
64 75
63 84
1 66
68 58
14 23
90 52
2 98
88 9
66 18
12 82
94 99
1 2
96 48
92 66
46 52
70 94
78 78
82 74
90 26
95 47
2 78
36 48
70 61
45 24
76 55
2 35
58 97
60 22
60 14
55 62
17 94
37 27
84 88
23 66
25 79
66 43
67 19
16 36
47 65
13 76
42 54
5 45
68 6
12 79
42 52
36 11
71 83
60 68
74 84
65 22
85 69
17 70
75 54
26 86
52 72
75 43
59 31
3 51
26 5
57 3
47 4
17 74
15 9
72 61
14 51
52 30
39 86
27 72
67 36
18 78
67 55
37 20
11 57
24 19
27 43
55 57
45 87
82 83
87 47
28 94
45 1
58 60
69 4
24 29
31 65
11 8
4 56
50 29
99 38
34 57
12 88
39 93
83 30
44 93
36 86
9 67
26 70
29 6
15 24
12 72
52 39
23 67
29 20
78 25
68 86
67 15
10 63
44 54
57 56
21 1
76 73
63 39
55 26
76 22
12 87
80 42
40 46
18 61
65 38
47 26
64 26
94 48
16 66
30 19
41 29
4 80
14 11
18 86
90 4
66 51
54 67
4 93
29 8
0 84
88 40
86 6
36 78
12 39
47 87
40 94
92 27
19 28
78 4
4 65
48 71
41 9
81 90
64 85
32 34
59 25
28 23
35 27
6 19
52 60
10 99
83 16
52 48
81 21
72 60
85 22
26 47
52 90
5 38
65 65
34 26
16 7
26 39
74 5
29 23
17 81
31 15
69 29
73 91
53 82
8 79
39 10
56 94
14 86
60 11
50 9
87 5
44 64
3 6
41 57
20 40
79 13
47 13
64 34
26 77
52 99
12 36
20 23
97 9
58 80
37 41
43 28
8 66
58 27
22 16
82 7
70 49
14 9
40 88
77 26
68 75
79 26
18 42
2 59
80 12
61 8
14 66
69 27
69 59
56 39
18 84
72 49
22 23
50 82
66 7
11 97
50 8
39 70
96 23
7 10
38 52
44 3
26 11
71 37
15 82
2 48
18 36
19 60
6 0
20 92
2 64
89 64
73 80
71 3
34 75
27 24
53 21
44 50
3 42
17 92
34 33
66 67
8 33
92 16
8 55
59 76
78 3
14 63
10 68
13 9
49 45
13 89
37 46
33 86
96 87
49 14
74 25
72 67
14 35
42 64
16 5
40 55
70 72
37 73
88 13
78 23
31 48
44 53
14 77
63 55
4 23
83 89
28 97
65 79
66 50
38 78
63 9
96 83
56 76
48 54
65 1
33 84
49 60
66 48
38 3
66 88
88 96
46 62
99 37
30 20
14 17
20 4
24 56
94 54
50 7
89 35
84 60
99 62
93 41
93 40
83 85
99 65
86 80
53 6
48 13
5 4
21 29
14 4
90 62
46 73
39 43
83 80
61 29
52 65
98 20
4 62
16 83
49 82
25 89
41 60
2 8
17 27
96 84
10 15
23 27
73 47
0 59
50 74
86 71
60 71
41 65
30 37
44 80
25 24
10 54
43 87
7 47
57 98
0 10
78 62
40 52
80 10
55 38
68 37
9 36
13 57
1 87
30 61
54 82
27 66
62 77
15 38
29 59
51 81
87 19
60 88
98 43
93 47
84 50
26 0
49 81
44 48
22 36
87 65
73 29
84 77
94 65
43 69
15 72
21 20
66 44
86 65
19 34
13 87
30 53
19 95
58 26
8 23
33 30
36 94
42 49
21 10
33 71
52 57
60 62
11 51
76 9
11 20
87 61
10 3
84 71
84 57
21 69
23 88
24 91
92 72
64 51
33 4
18 48
7 57
82 3
11 33
20 56
92 2
91 37
78 47
4 32
96 76
49 50
79 90
78 24
89 72
21 73
34 64
21 59
51 21
16 91
1 71
7 21
89 32
83 54
45 68
42 80
51 15
89 28
70 20
92 3
2 62
70 64
83 65
63 8
48 29
37 12
66 17
57 17
17 9
37 56
38 95
22 59
29 50
96 12
5 17
8 73
10 6
33 53
85 20
69 14
4 84
91 20
47 92
81 10
31 80
48 45
81 41
81 74
27 59
41 27
9 48
88 20
1 39
99 48
15 60
77 78
95 2
82 85
23 82
19 17
54 74
51 48
31 33
27 19
67 44
90 22
27 41
35 25
54 4
0 87
25 90
73 71
71 61
49 53
88 31
27 7
55 56
55 14
95 73
72 48
22 33
17 41
36 55
32 61
65 82
24 99
80 4
61 50
2 20
32 77
35 12
49 44
3 36
11 19
35 28
88 17
76 18
31 57
90 67
29 80
64 36
84 92
97 27
33 39
9 32
74 0
98 41
54 18
13 59
73 7
49 4
63 78
23 58
56 61
40 32
85 87
75 40
52 66
38 35
51 57
38 23
21 71
31 36
11 62
31 60
8 85
33 34
57 39
99 98
48 68
23 96
96 14
51 88
17 23
29 21
7 77
60 57
49 90
4 21
52 53
83 6
93 70
47 41
9 31
15 87
94 90
21 76
98 81
54 88
9 55
34 12
97 63
70 8
91 26
76 39
48 33
86 23
77 43
31 92
10 34
57 66
45 16
34 69
93 11
81 54
16 21
60 58
14 69
6 94
8 60
69 87
57 48
42 16
8 57
99 24
7 22
78 53
48 24
36 87
13 49
4 6
15 55
17 53
93 13
51 86
23 42
83 46
93 92
22 27
91 81
42 40
73 76
62 36
95 93
35 1
49 72
74 93
62 85
88 51
65 71
82 34
38 58
69 67
14 42
70 38
75 90
85 77
69 12
12 20
38 98
0 42
10 13
57 61
72 25
56 49
97 35
87 26
60 64
9 43
35 60
37 22
76 33
41 16
76 4
43 43
0 3
14 54
49 87
27 36
88 27
65 8
30 23
49 25
35 46
32 92
30 35
46 48
6 54
12 50
26 40
72 99
56 73
7 68
73 44
30 3
58 89
89 7
70 75
48 76
97 43
24 32
96 42
27 25
11 10
72 59
65 12
56 14
45 76
47 45
71 41
68 55
70 44
24 77
45 23
7 79
64 53
76 94
63 42
41 45
69 13
12 63
98 35
48 42
50 2
37 37
54 83
61 31
59 94
36 4
79 34
71 58
99 2
23 19
73 79
28 99
24 57
68 25
40 12
75 92
49 93
22 39
31 47
91 29
25 51
16 20
49 32
17 68
28 8
72 19
20 37
71 87
0 56
18 50
70 91
52 41
80 94
27 77
7 31
45 34
77 63
85 66
91 97
41 70
88 52
19 26
62 56
8 69
4 90
3 19
0 45
67 39
8 38
63 3
89 96
42 73
50 75
55 81
75 55
76 41
19 52
5 50
9 18
59 81
93 9
54 58
20 34
35 11
55 84
58 83
40 10
68 26
43 27
42 21
65 86
54 84
89 15
5 94
64 98
36 14
80 75
75 97
60 1
12 25
89 54
24 33
42 24
59 17
33 57
21 97
13 48
38 21
63 66
17 95
95 96
59 86
86 77
35 31
68 35
5 43
46 93
27 96
57 47
85 31
3 63
3 9
55 46
10 83
74 71
18 96
16 34
51 31
97 21
56 45
0 48
27 95
99 9
85 21
92 11
55 40
22 97
90 21
66 85
11 0
62 9
62 84
87 6
22 52
88 71
21 25
90 74
61 39
77 13
10 10
74 24
72 76
3 7
23 83
31 17
73 5
69 47
30 44
97 91
3 17
76 31
33 33
76 0
80 37
61 36
57 83
49 70
8 19
10 69
32 21
50 21
98 27
97 8
8 50
7 62
15 5
24 37
23 33
38 70
56 28
48 53
30 26
26 59
3 90
67 41
26 83
43 2
41 1
91 58
91 78
78 40
17 6
89 98
50 20
68 22
59 91
35 87
38 82
59 27
9 20
51 4
78 79
78 15
61 24
45 56
16 99
54 19
40 51
22 11
4 35
97 44
2 67
59 23
15 1
32 18
51 36
90 63
93 42
9 41
20 75
94 70
35 32
56 64
21 0
52 96
71 17
56 66
12 9
40 14
13 53
79 46
88 35
89 74
30 88
0 70
53 10
90 96
17 7
10 8
91 65
21 80
54 97
2 75
25 44
0 32
42 47
90 75
15 63
19 70
74 59
98 76
62 21
59 48
49 95
9 57
72 62
15 97
32 65
43 92
71 51
18 57
59 43
18 55
13 5
80 45
84 18
88 80
32 96
1 91
11 24
38 57
70 73
32 84
38 31
23 74
19 21
92 99
50 38
80 40
52 2
15 36
69 96
35 2
87 64
44 76
21 30
96 88
91 35
68 27
93 34
82 45
81 16
0 30
25 10
52 76
1 44
82 57
56 44
64 89
38 8
22 1
77 90
25 30
30 96
82 6
95 66
81 66
29 4
85 97
39 13
16 54
49 7
42 36
59 50
52 86
13 47
80 59
20 97
81 77
33 1
63 35
32 43
29 72
21 63
1 61
46 81
23 77
66 91
45 11
57 51
7 50
60 37
79 14
87 84
53 28
88 53
9 7
12 23
33 0
88 43
39 28
95 75
40 26
9 16
88 46
47 51
67 22
7 60
7 69
14 0
24 65
98 62
14 50
69 0
51 60
63 7
74 36
61 57
72 66
99 13
12 0
81 40
91 88
69 94
39 3
34 22
63 37
56 47
84 90
32 83
10 79
59 21
57 88
46 76
21 53
2 91
35 34
39 76
17 55
85 51
18 60
83 43
15 19
89 27
70 39
0 53
33 94
45 63
76 91
90 57
71 70
5 28
23 7
13 3
73 68
58 7
59 77
0 55
82 63
28 59
41 50
10 51
92 37
7 83
70 33
13 60
82 53
42 74
7 9
11 87
77 62
94 91
89 21
33 97
73 46
20 72
17 29
20 68
1 27
49 36
87 81
29 11
41 89
45 26
37 62
15 14
29 96
61 95
70 77
70 88
20 74
57 77
23 72
70 57
5 0
2 7
54 22
46 64
84 45
56 33
51 59
36 92
62 96
4 29
55 69
63 63
40 61
93 97
94 9
36 6
28 18
32 10
4 78
8 67
93 35
53 14
76 85
35 86
1 41
60 40
56 7
49 85
11 49
2 86
3 43
31 63
11 80
68 14
90 33
12 56
98 78
64 82
68 95
5 76
17 83
78 83
35 30
87 71
46 96
86 36
84 76
20 54
60 2
92 47
66 69
20 30
35 20
31 49
61 47
24 62
1 76
33 17
24 52
4 82
7 46
23 87
15 67
36 68
48 84
56 1
0 44
24 44
22 22
63 89
61 93
73 83
58 11
71 10
57 5
91 72
47 98
82 65
59 49
96 21
79 8
41 23
35 19
51 92
84 44
74 29
80 88
99 27
95 70
47 10
65 37
24 47
44 38
79 7
83 91
90 56
62 81
32 7
73 10
3 29
86 57
82 11
8 47
29 13
26 28
8 99
65 3
56 25
19 58
2 70
63 1
10 61
88 77
47 71
69 78
93 88
72 97
78 87
3 77
23 1
35 23
58 8
9 81
93 74
3 22
95 72
74 53
11 86
42 62
25 48
94 95
69 79
41 28
38 19
76 45
80 96
53 8
42 94
26 50
79 17
0 74
13 95
13 17
78 28
91 53
40 87
29 97
96 5
13 43
12 47
63 11
98 61
7 87
15 32
19 40
31 88
69 49
32 19
17 4
58 95
69 61
44 67
1 33
83 61
10 29
93 20
75 4
55 74
72 47
29 87
39 89
61 3
26 55
75 32
28 90
46 71
83 97
83 24
68 92
17 93
99 75
14 47
13 75
25 65
45 75
8 93
6 88
86 39
46 79
24 27
38 56
42 86
81 71
11 88
82 91
37 0
68 69
8 45
22 31
32 94
74 7
36 93
53 66
52 59
4 40
91 44
66 89
32 16
70 93
43 82
49 61
10 53
8 90
48 79
87 42
94 98
79 15
65 47
24 53
86 96
52 11
46 24
75 5
21 36
25 96
86 53
15 22
47 24
86 18
62 62
8 35
50 49
62 76
90 23
30 21
4 71
77 79
75 21
81 25
86 34
95 3
20 59
98 90
44 97
72 56
54 1
49 79
72 83
98 87
24 70
82 26
10 93
87 44
12 93
44 94
74 46
23 29
82 20
11 96
59 59
67 86
54 36
39 64
69 56
96 57
33 74
49 48
27 45
87 93
10 32
18 83
31 94
16 18
22 25
59 62
97 5
62 2
73 0
45 6
96 49
95 39
8 64
73 74
99 69
29 91
6 40
69 44
3 72
89 4
50 77
85 0
78 88
89 45
36 12
32 11
4 81
70 54
1 22
83 96
80 65
74 69
68 71
75 29
63 75
98 51
95 94
97 53
50 4
28 21
63 82
23 79
68 40
39 21
42 38
14 58
12 90
33 92
92 77
55 10
36 37
98 79
68 87
38 49
93 77
37 44
66 73
39 90
53 42
14 85
65 63
85 26
53 94
14 1
7 92
17 52
71 88
27 17
53 86
77 30
35 42
31 93
91 79
12 57
28 3
56 32
93 90
64 43
21 58
52 44
1 10
35 74
78 21
75 0
65 78
65 96
71 92
60 10
37 43
87 15
26 8
55 18
0 64
96 37
59 35
33 44
5 46
22 53
63 47
34 63
3 88
60 43
80 7
76 34
92 49
37 8
13 81
74 49
38 1
66 86
58 63
60 30
52 46
36 20
34 65
4 0
26 74
0 29
89 65
90 65
0 94
14 12
61 40
59 15
1 43
49 96
83 29
36 34
94 81
38 97
36 49
42 56
99 5
38 15
57 23
66 5
79 29
87 54
75 80
92 68
57 32
11 35
49 54
4 83
29 29
64 33
9 75
26 14
69 41
42 43
28 64
68 82
17 79
62 27
0 19
37 6
24 4
30 55
21 44
76 96
88 8
68 66
91 23
78 93
62 42
6 62
37 9
46 8
31 99
74 83
32 44
59 64
38 60
89 42
1 4
79 35
7 41
20 66
46 70
66 40
96 1
80 85
97 40
71 21
9 52
83 88
43 75
10 71
21 11
90 16
44 33
57 75
66 79
9 87
71 8
63 53
6 99
32 59
73 62
52 49
81 1
27 31
62 41
28 28
13 39
98 8
72 87
85 16
4 20
25 34
86 4
59 37
82 43
80 38
69 34
17 73
95 46
21 6
41 37
89 43
99 72
38 29
32 12
23 15
37 50
94 10
32 66
98 58
50 34
76 80
81 14
73 14
89 47
52 70
96 35
7 15
8 86
81 58
17 19
27 80
89 78
26 3
3 14
4 67
86 60
43 0
52 36
93 59
69 71
54 79
93 56
91 82
88 91
28 96
63 91
59 68
97 20
72 2
53 73
61 75
98 96
82 5
92 57
65 17
69 66
52 75
8 13
18 4
0 92
41 73
68 0
27 8
4 1
97 52
78 10
29 82
85 64
2 85
29 32
87 94
88 16
68 13
32 46
10 17
83 32
61 11
53 32
79 40
5 62
49 43
50 55
14 24
69 1
69 45
57 31
95 13
49 57
61 76
67 73
94 52
57 73
79 84
63 73
96 63
87 13
27 84
91 83
21 13
9 37
87 92
20 48
99 92
28 67
79 96
13 42
87 96
6 49
21 28
81 55
61 7
35 67
85 92
14 80
20 11
63 70
15 29
36 69
23 64
96 85
57 60
88 61
44 17
3 34
29 3
44 51
61 27
6 92
59 79
26 95
94 64
98 15
7 30
32 82
84 14
51 95
5 25
56 10
82 2
96 96
13 97
24 85
50 71
60 42
67 59
19 4
93 5
69 9
4 77
37 21
36 75
37 17
2 43
47 70
98 84
64 74
84 55
84 98
92 32
52 33
89 33
87 66
67 62
95 74
94 77
63 77
43 18
66 52
13 28
56 15
22 72
56 19
6 93
77 85
7 71
88 81
31 16
49 21
58 25
68 34
80 28
84 56
88 19
18 99
18 58
37 55
64 91
13 44
89 39
93 21
77 95
61 1
10 89
96 69
44 15
78 26
89 31
89 94
73 24
49 1
66 70
62 67
67 75
94 19
86 21
39 19
35 70
6 29
4 89
90 7
39 41
91 10
12 54
38 24
52 50
78 55
28 73
9 84
33 50
24 58
30 1
59 52
79 41
15 79
12 2
63 80
0 9
41 63
58 50
87 82
21 3
54 55
88 88
99 39
26 61
84 51
84 99
63 67
35 61
39 81
49 18
0 27
63 51
69 97
56 56
78 38
55 28
36 8
94 53
20 86
97 17
33 66
31 61
82 24
24 35
68 52
34 43
35 54
85 45
18 11
81 53
38 34
77 2
59 39
92 34
96 74
65 28
16 9
17 40
47 32
94 66
13 54
35 91
90 1
0 72
31 74
89 90
44 41
88 7
88 14
11 60
6 79
90 80
19 20
83 11
67 47
31 5
75 15
87 75
35 78
0 91
48 66
62 70
16 70
24 87
81 83
76 89
96 67
47 84
90 72
27 86
51 64
96 19
71 0
51 42
40 65
48 36
66 45
4 79
44 2
93 78
71 31
99 81
1 52
16 26
66 57
95 36
9 5
32 69
36 47
84 47
91 76
20 46
45 86
68 72
27 16
76 7
20 94
15 84
28 36
13 78
55 27
98 45
94 63
90 2
74 70
32 95
80 23
8 62
70 32
34 6
4 59
44 22
99 79
56 53
43 42
64 48
67 63
46 58
43 15
55 95
34 98
49 62
94 87
31 97
6 73
22 43
64 71
67 25
92 87
43 59
12 12
8 27
29 41
43 46
81 87
96 28
44 61
68 28
68 81
25 54
41 47
41 67
6 81
73 49
5 13
24 68
62 79
23 23
36 21
71 27
34 30
51 78
13 74
6 9
18 25
9 44
39 37
79 52
59 58
79 89
79 33
53 95
22 67
99 56
39 80
83 8
40 99
0 69
95 52
23 24
75 23
97 77
13 77
78 41
7 11
32 45
1 5
68 43
22 24
74 26
52 93
86 68
10 36
86 16
20 0
66 10
31 64
39 75
29 76
63 26
62 14
37 14
5 66
99 59
11 31
94 78
80 6
97 26
46 82
74 58
64 40
45 62
77 58
11 44
44 77
43 73
88 44
18 82
78 49
30 57
81 19
26 1
44 82
46 53
51 2
14 68
72 7
73 48
59 36
15 15
24 64
66 24
35 40
25 64
20 22
12 28
84 17
64 64
9 12
62 24
86 9
7 78
82 80
47 16
97 42
59 98
89 70
4 19
15 52
23 31
50 91
3 24
89 51
87 39
67 13
79 48
94 14
56 23
5 37
68 56
93 53
13 55
92 60
14 19
24 69
6 32
98 30
40 13
22 0
75 96
0 83
97 94
3 2
67 26
51 19
16 44
40 21
81 89
15 83
16 10
29 38
13 19
73 99
79 37
23 45
69 69
65 84
18 30
47 3
55 17
19 29
47 86
75 88
62 68
26 43
10 88
14 25
90 35
41 34
40 93
85 59
27 52
60 85
77 73
77 17
20 95
79 18
33 67
9 93
8 15
30 42
31 79
57 49
46 42
3 47
37 52
30 78
53 15
40 89
46 15
97 15
36 10
26 88
98 26
28 0
51 25
0 76
8 31
56 74
52 68
47 42
57 59
79 76
63 92
18 17
52 51
69 91
34 92
98 98
32 33
99 12
66 11
19 19
44 42
84 13
39 7
51 79
2 99
68 89
3 85
0 80
78 9
44 20
23 52
28 95
12 43
80 67
69 21
64 65
14 5
36 74
39 77
81 30
19 90
77 39
16 63
4 49
5 39
27 42
46 35
11 58
39 14
66 2
47 40
51 99
43 96
46 18
89 92
46 99
84 11
8 61
49 76
56 97
14 7
21 89
79 9
28 33
45 3
22 83
49 8
50 41
39 17
40 31
44 28
16 72
42 48
94 1
70 62
58 35
25 76
79 72
84 74
80 26
5 91
87 56
29 34
29 63
94 27
51 84
75 17
22 70
73 26
89 5
63 20
37 45
35 41
97 66
54 0
70 85
81 98
66 16
13 84
72 54
92 29
55 51
13 82
88 47
45 13
94 82
52 26
8 3
43 89
74 97
66 35
50 58
9 35
49 41
25 92
74 94
17 42
10 66
71 47
52 92
31 59
6 33
1 25
14 18
76 83
35 85
38 55
18 9
70 37
26 41
31 4
9 99
57 96
7 72
24 36
57 89
7 4
4 8
26 68
40 5
75 85
75 77
29 84
68 54
16 51
55 70
62 7
62 78
60 66
17 37
44 89
94 11
12 44
70 31
47 83
70 9
78 2
28 48
0 89
1 1
79 97
50 61
47 77
94 16
58 43
47 37
18 47
87 36
22 20
80 24
53 45
8 10
43 84
67 58
98 88
56 80
18 20
97 7
32 41
93 49
88 48
80 55
99 74
82 50
67 50
53 12
97 69
26 17
56 58
34 59
23 18
14 49
2 40
72 42
51 23
62 50
5 10
91 33
77 67
52 62
38 72
34 78
32 51
69 15
53 91
73 52
88 78
56 63
35 88
2 0
95 61
17 96
9 63
67 60
89 29
90 51
60 23
12 6
25 62
51 10
9 92
90 68
98 99
87 17
88 63
38 86
88 76
92 12
84 38
49 92
60 24
21 68
99 77
82 48
82 52
17 66
87 70
81 56
51 16
10 85
25 15
85 52
63 32
42 95
49 11
26 9
9 46
41 3
6 66
62 0
97 81
22 80
1 18
95 9
95 83
21 81
68 36
36 99
86 61
3 10
84 68
2 65
94 2
53 61
67 35
82 75
25 36
66 90
55 88
30 92
54 94
9 71
85 14
63 49
42 4
20 43
54 91
53 5
17 60
73 56
56 42
60 76
22 30
90 90
73 90
46 13
84 53
83 7
41 22
4 74
82 99
73 61
88 34
16 24
37 74
85 38
37 28
45 42
95 54
12 46
66 80
21 92
57 93
28 61
20 69
21 83
13 30
37 18
15 86
73 12
5 2
82 82
53 72
97 74
25 11
11 5
10 76
73 50
79 2
78 35
28 83
25 29
41 38
38 64
0 26
44 19
3 56
53 31
45 88
19 14
94 68
78 20
28 60
58 17
90 24
77 60
27 70
1 75
3 99
21 23
77 27
7 86
33 49
59 95
48 83
48 30
37 80
26 12
59 20
62 16
44 78
62 25
6 6
38 99
13 1
78 48
85 32
9 23
84 25
72 93
98 53
44 0
69 16
15 2
98 72
56 72
71 30
64 60
28 57
63 19
40 54
89 46
92 86
5 57
7 5
74 92
52 47
40 9
47 6
57 30
75 45
46 0
3 39
75 67
75 3
46 98
21 31
54 99
63 64
39 36
1 32
43 48
35 83
54 17
9 38
62 39
97 6
26 87
37 63
3 55
37 31
42 72
66 87
10 75
51 55
69 53
11 71
47 62
19 32
32 56
65 34
51 45
86 94
72 90
93 95
24 40
88 72
77 53
56 82
84 29
95 14
91 5
31 73
10 14
28 88
45 80
21 56
52 95
53 47
53 74
70 66
6 41
98 34
60 52
91 4
74 14
82 86
57 35
70 48
76 87
26 73
57 12
43 63
46 46
83 33
20 85
37 83
42 10
22 35
53 25
33 13
29 1
94 6
34 5
21 24
59 82
94 84
94 56
27 99
87 23
59 75
59 92
61 60
33 15
81 23
25 27
98 83
89 52
93 7
58 64
44 71
64 13
18 19
38 36
41 58
86 3
76 79
11 89
41 17
76 60
63 10
5 19
14 40
81 31
84 80
27 91
60 3
43 35
7 35
78 27
25 23
38 84
21 40
69 3
98 18
41 96
69 63
17 17
55 85
62 35
26 99
60 98
21 43
85 86
27 15
80 79
78 84
53 52
9 79
59 32
16 12
7 67
74 15
21 86
97 30
27 50
99 76
10 84
44 9
50 54
3 26
17 99
18 37
12 98
28 74
69 84
8 25
90 71
82 46
29 22
79 61
18 27
32 1
17 97
68 19
84 28
22 48
60 99
8 18
86 92
35 22
3 73
20 73
63 99
35 15
70 45
35 38
32 50
41 54
82 54
0 52
27 38
31 25
77 89
20 55
97 14
17 49
20 52
28 47
74 64
70 68
90 95
24 61
66 9
82 21
97 97
60 63
70 25
75 41
37 57
84 89
23 17
48 44
80 0
63 21
56 43
68 24
39 48
39 58
69 57
75 6
57 22
56 65
27 0
12 40
88 94
80 8
85 75
54 85
98 71
88 5
7 26
10 96
78 90
56 50
45 17
23 80
7 49
37 70
57 2
70 13
65 54
24 22
48 1
52 20
83 78
83 64
71 53
61 45
60 54
45 50
12 80
8 41
2 22
54 53
95 10
2 73
40 53
62 26
12 89
22 55
29 12
67 68
91 21
3 49
98 97
23 25
31 44
15 57
62 10
24 48
55 58
68 4
33 69
95 65
31 54
79 82
10 52
16 50
40 3
4 58
25 77
45 94
6 22
35 43
39 2
85 37
14 96
42 92
90 84
64 45
64 39
22 69
98 5
84 42
2 87
5 42
43 86
29 78
76 86
22 54
64 78
67 77
71 90
44 98
45 69
40 45
93 51
22 63
29 77
91 62
14 91
63 23
5 41
37 33
47 46
41 80
24 59
99 82
36 95
69 10
60 7
61 16
43 49
3 96
44 14
76 8
13 67
41 15
17 8
36 67
25 6
72 9
96 54
63 85
75 58
72 73
40 35
17 10
39 98
12 94
49 34
89 1
2 94
86 56
1 70
36 29
77 10
94 26
82 87
46 97
58 39
14 31
78 81
88 67
25 73
6 5
27 63
99 33
44 84
37 81
80 99
97 82
30 74
30 6
96 32
10 21
99 4
74 52
96 75
70 21
7 48
70 26
27 57
36 53
16 22
32 9
2 58
92 14
52 83
37 16
27 1
87 98
81 95
84 49
99 17
64 67
19 6
12 60
90 99
94 22
74 45
91 24
14 94
54 75
3 13
75 12
60 12
45 55
9 42
41 62
84 22
34 55
88 28
97 58
79 55
76 65
80 60
69 81
16 30
51 1
32 57
32 27
18 77
11 41
20 36
63 34
18 53
46 23
18 28
71 9
37 47
27 74
41 53
8 7
98 4
44 83
81 70
90 25
87 21
31 51
20 71
89 86
68 5
99 90
30 40
59 16
34 27
21 48
8 52
27 30
2 18
8 51
34 13
30 90
14 90
73 2
70 34
5 97
85 6
79 42
88 45
36 18
74 98
6 82
69 20
90 98
95 11
61 61
29 60
3 30
86 17
51 73
7 64
6 56
26 81
42 26
50 90
67 45
12 14
84 87
6 38
54 46
87 55
11 85
64 4
47 85
43 11
41 84
76 42
30 50
77 55
19 85
0 62
89 8
53 19
79 25
5 29
79 53
32 75
44 91
92 5
22 87
11 17
84 94
85 67
68 97
54 47
90 14
26 92
22 26
4 91
25 9
51 34
79 94
38 0
46 36
85 4
15 58
67 51
92 19
15 35
51 40
83 12
90 87
97 90
23 6
81 32
1 78
65 31
14 97
43 25
26 29
77 57
39 32
99 41
58 94
36 16
6 20
96 7
22 47
5 3
77 82
57 85
62 12
45 89
93 37
30 65
56 54
66 39
80 35
85 95
0 73
3 75
41 8
82 32
22 8
55 54
67 43
27 88
99 78
86 75
91 54
97 98
76 2
53 99
75 99
32 98
55 1
5 16
57 19
39 57
87 79
81 73
90 55
28 44
42 17
24 84
90 41
5 60
25 46
66 54
86 12
28 79
30 80
33 90
93 45
47 67
50 63
79 66
23 9
52 63
38 91
98 16
34 52
40 42
89 81
69 18
47 54
42 81
33 55
4 3
47 61
19 97
67 17
95 33
33 76
8 40
50 46
88 58
93 60
33 75
11 45
74 91
26 30
76 56
55 80
31 98
53 22
30 12
1 37
98 3
2 68
9 59
5 80
43 7
91 12
18 5
98 25
36 61
40 91
81 68
95 24
72 28
32 23
2 54
44 86
44 1
10 19
29 48
54 62
64 1
38 92
59 72
3 44
66 81
68 96
25 14
5 33
37 72
20 58
37 65
27 85
54 61
84 6
73 4
38 39
61 53
63 12
93 46
48 91
44 35
98 9
91 1
56 77
91 17
5 14
97 22
22 92
34 80
96 58
51 11
33 88
62 88
86 14
82 89
61 68
72 31
88 1
91 2
24 17
64 10
61 17
29 37
70 3
98 75
36 51
93 55
4 37
38 89
62 28
14 8
22 34
2 51
68 33
22 79
17 12
7 65
58 15
48 27
83 77
10 5
19 57
39 45
80 57
66 96
19 3
58 51
41 10
43 81
29 43
15 51
50 23
73 6
62 40
4 36
23 85
68 67
40 80
58 33
90 12
85 56
78 72
19 30
66 41
49 64
27 55
55 41
95 90
90 18
86 58
48 62
69 26
56 9
77 35
55 34
73 89
51 17
87 14
88 75
93 24
32 31
98 95
71 52
91 67
78 19
61 79
31 89
21 55
77 4
58 68
47 79
44 81
94 74
15 98
23 95
67 20
2 79
99 84
20 5
76 47
80 41
5 88
43 80
16 55
99 97
59 87
99 21
71 56
75 48
74 82
41 74
51 9
87 78
25 60
93 0
24 38
2 52
52 35
77 56
72 16
19 75
26 80
61 35
81 48
22 51
36 7
68 76
87 86
60 94
76 57
65 35
27 61
68 88
16 6
80 1
44 34
62 18
83 14
31 90
68 77
63 65
0 31
93 1
35 57
77 12
5 12
95 50
64 77
65 7
12 29
68 63
21 49
65 50
83 28
67 80
63 50
90 13
36 71
6 31
47 30
53 34
85 81
76 5
92 40
59 67
70 17
64 94
70 14
54 57
10 60
12 8
50 80
97 51
65 5
87 28
26 76
24 9
6 42
34 86
91 87
56 85
99 53
21 64
61 66
11 13
1 36
75 53
88 90
34 58
69 99
87 41
41 31
2 49
18 1
14 13
78 18
73 58
96 40
89 69
18 6
27 92
88 70
98 85
4 76
63 59
70 79
40 77
8 49
62 5
66 22
16 59
97 59
7 96
7 36
34 84
26 18
57 11
15 76
79 39
31 42
85 30
87 31
3 66
42 41
90 46
58 58
74 72
28 31
45 35
42 33
73 37
47 31
66 64
25 55
77 45
85 88
59 51
77 72
3 33
78 0
96 65
9 25
51 74
65 11
35 24
55 90
69 52
18 14
95 15
37 35
64 46
81 63
88 29
78 80
30 46
49 6
51 63
67 84
99 11
18 2
95 16
76 14
14 2
15 31
16 57
19 38
50 19
12 34
62 63
40 11
24 0
75 75
82 58
27 68
36 62
36 79
68 2
18 85
88 97
99 95
34 11
14 95
62 6
91 59
0 1
59 60
74 11
89 73
53 30
90 42
69 5
6 51
89 57
70 82
90 94
58 88
63 52
95 18
97 54
99 46
29 26
27 26
15 70
38 22
70 87
13 11
87 46
47 15
84 81
22 78
92 35
44 7
38 74
96 60
29 92
91 49
23 75
23 11
76 51
30 60
62 51
79 58
0 5
33 2
11 40
55 72
40 30
61 30
93 10
16 41
3 5
73 3
62 59
77 1
46 77
22 68
72 1
34 10
23 94
49 29
85 98
96 27
82 95
36 9
80 58
29 74
78 94
18 32
60 60
26 65
86 52
55 5
58 90
96 45
19 83
34 7
91 13
49 5
39 1
14 78
28 68
85 65
42 42
97 24
12 65
62 58
46 72
92 90
19 15
94 5
75 30
60 44
56 30
27 40
76 29
45 19
37 91
30 54
68 20
15 80
24 82
88 89
12 97
98 29
54 48
38 16
48 72
54 23
94 40
41 51
3 54
85 53
19 63
91 84
76 84
35 80
42 19
52 81
83 59
19 55
79 98
76 67
24 18
51 37
91 14
37 38
15 99
42 35
12 22
40 62
20 80
81 27
20 25
32 71
28 9
1 59
46 80
38 73
88 39
36 23
11 92
28 30
28 85
61 91
35 63
71 25
72 30
36 3
9 58
33 5
71 60
97 85
33 83
2 96
39 25
2 36
60 47
34 88
7 95
1 46
41 41
35 95
76 1
42 83
13 23
21 19
2 24
53 85
61 84
0 75
52 17
34 71
93 94
17 80
46 45
43 98
44 87
1 17
47 34
55 36
73 73
33 19
1 72
74 54
40 69
17 44
30 73
19 1
3 3
55 52
75 72
88 6
44 8
33 89
35 64
22 32
44 43
74 42
97 16
47 44
78 12
79 83
13 66
75 57
51 52
92 46
97 67
20 65
95 63
59 70
28 86
72 79
50 16
90 60
41 0
62 99
70 18
50 96
7 19
83 98
58 21
26 36
8 22
35 73
17 33
43 55
12 33
21 47
55 53
54 8
85 90
64 38
75 93
57 67
87 67
77 61
61 5
23 81
83 94
77 81
30 69
98 31
46 14
64 56
14 65
56 35
83 26
17 2
40 37
58 54
59 10
28 43
62 48
62 54
93 87
61 88
42 31
76 69
33 46
41 33
45 95
34 36
36 66
70 53
90 88
64 92
10 62
40 60
26 72
99 31
47 75
90 59
56 78
46 34
61 59
35 48
0 79
74 77
70 76
67 38
0 33
58 1
34 93
11 79
48 55
45 12
32 62
41 69
99 54
66 72
14 67
67 12
35 8
20 50
9 74
92 39
85 48
84 15
31 9
60 21
97 71
82 12
65 67
66 23
57 24
56 96
57 68
63 33
61 63
87 76
47 73
90 54
75 9
92 73
54 89
51 50
17 75
10 97
37 82
42 67
70 67
86 2
78 51
17 90
92 23
43 85
8 24
64 99
16 35
13 99
45 18
43 74
57 81
1 30
16 23
46 32
28 12
3 53
60 36
40 71
49 40
13 63
30 84
59 78
78 58
19 42
0 49
44 59
79 86
19 46
3 86
24 25
53 33
27 12
65 16
74 31
3 18
81 59
85 72
11 30
64 37
71 82
45 91
57 41
70 5
52 42
87 90
82 22
23 90
73 45
3 21
1 42
42 82
74 99
45 40
78 66
71 64
5 64
5 86
12 59
75 47
91 42
81 2
2 57
89 24
16 69
84 64
38 44
80 36
92 76
15 26
51 8
51 98
2 84
49 37
4 4
67 69
10 57
62 30
98 46
5 5
77 91
54 21
80 11
87 97
78 45
64 57
86 47
41 75
29 89
17 11
70 36
64 62
77 18
94 71
4 17
30 9
61 14
58 37
22 96
43 36
43 91
51 65
0 50
29 79
70 19
2 10
20 12
26 67
59 14
56 83
54 12
57 84
55 87
1 11
12 76
25 25
56 89
95 86
53 80
11 22
58 45
62 93
71 55
19 48
53 7
11 47
47 69
28 41
60 15
16 81
35 76
23 50
22 64
81 99
75 14
76 6
4 98
41 66
0 97
22 49
49 68
77 59
48 90
75 44
84 35
43 20
37 54
70 12
99 52
67 21
34 89
92 80
28 1
64 6
75 78
1 81
0 46
58 98
30 79
66 1
52 91
35 36
24 98
18 0
80 77
12 1
39 42
36 44
9 11
92 10
48 22
89 49
58 86
11 59
24 11
23 71
50 68
24 71
