100 3
49 92
90 95
10 1
94 32
58 31
27 73
9 23
81 56
1 84
92 14
14 49
82 88
90 68
90 24
44 72
78 28
82 48
87 54
91 33
65 97
1 2
5 49
64 29
37 80
29 15
62 79
58 85
61 21
72 65
8 20
25 2
35 6
1 66
72 92
87 5
26 46
34 61
92 90
89 11
3 79
87 8
59 18
49 95
44 57
39 11
93 17
14 1
11 27
94 43
8 84
99 0
84 23
21 39
89 99
83 6
36 88
80 74
76 20
66 20
78 31
71 18
7 98
29 72
8 55
22 59
31 67
94 60
67 12
34 17
0 86
5 5
5 70
12 21
30 50
18 2
20 15
82 23
96 28
75 45
91 23
72 25
52 37
23 78
68 66
98 97
65 84
85 55
88 18
43 47
8 70
15 30
37 31
97 16
46 27
79 26
36 22
57 8
2 61
31 69
19 68
81 15
96 31
65 55
22 57
15 50
13 2
33 4
76 56
29 74
9 73
43 65
54 26
3 1
6 54
82 19
95 66
73 84
4 94
49 30
75 64
45 44
38 98
99 71
51 34
10 85
73 54
83 76
87 33
15 23
24 27
63 41
11 71
74 59
61 50
29 55
97 76
82 6
47 62
88 21
4 96
81 5
30 24
83 23
9 39
70 88
62 61
41 92
62 65
48 60
43 68
70 9
11 13
95 88
50 50
94 16
47 64
70 90
53 64
69 32
96 91
88 83
21 17
50 23
94 55
73 34
96 17
31 50
36 39
72 91
95 23
7 86
56 13
73 55
9 31
3 57
94 1
7 82
39 99
65 59
77 73
53 96
74 70
21 38
36 13
28 81
88 99
9 56
79 86
58 52
51 41
29 42
79 85
94 34
26 1
79 19
36 45
26 0
82 28
60 43
41 98
97 64
7 2
36 5
54 28
88 54
11 32
54 34
99 42
19 41
3 73
69 19
47 58
46 33
74 20
18 77
43 67
33 66
37 5
70 47
96 45
29 89
93 40
32 50
37 28
18 52
46 18
70 78
63 54
83 13
9 54
94 2
52 53
67 58
43 62
28 45
56 93
56 69
28 42
18 91
56 7
12 90
97 39
8 85
71 73
48 52
3 45
98 57
39 43
70 52
74 52
66 67
6 99
54 46
36 0
18 84
17 75
2 29
86 39
93 52
7 54
45 18
80 90
46 56
90 83
88 77
11 77
89 1
6 97
43 21
86 2
14 2
51 0
58 62
34 74
30 52
36 9
13 4
46 94
77 16
79 72
3 87
75 24
24 0
98 11
35 92
24 95
53 86
10 98
57 84
94 70
51 16
42 98
90 65
66 1
15 49
7 57
29 4
98 14
28 96
36 21
45 71
96 3
8 79
39 54
81 62
85 61
55 23
64 47
43 2
8 62
60 12
19 20
52 54
33 73
67 65
5 15
56 73
21 3
1 23
45 83
75 46
50 89
35 45
28 92
38 76
26 26
21 58
73 49
7 89
21 41
21 1
62 49
22 2
96 87
35 86
94 36
9 36
1 85
25 26
75 38
95 48
46 72
50 4
7 14
38 27
75 74
8 86
88 50
3 39
22 63
4 81
67 90
27 44
7 37
8 48
9 20
88 46
10 75
22 49
15 19
2 58
27 66
65 93
83 17
73 0
70 38
37 53
50 63
61 53
62 48
20 52
98 15
54 45
0 32
41 2
47 77
80 50
79 40
95 87
26 79
36 97
37 75
22 16
60 36
74 8
7 32
77 24
16 46
24 17
11 33
1 55
45 6
84 21
65 40
4 32
86 48
56 66
96 23
76 51
44 1
11 82
67 28
60 8
29 39
56 9
28 5
61 40
90 37
44 89
38 47
50 70
82 68
28 48
97 85
99 53
72 18
75 56
35 60
87 10
91 40
35 40
72 44
81 70
47 96
79 47
69 6
42 82
32 32
75 31
68 55
51 26
83 80
32 58
92 50
31 56
90 97
71 0
67 16
85 65
76 74
3 97
77 61
59 20
94 29
75 47
58 74
69 37
85 70
88 14
54 89
47 92
30 59
54 2
30 11
77 23
32 11
88 23
97 83
34 70
93 93
23 60
60 65
3 66
76 67
54 92
2 44
2 34
94 17
45 93
85 54
19 54
21 42
65 14
70 27
19 49
1 61
86 4
65 31
68 0
86 85
91 65
40 62
80 54
21 48
52 66
34 91
13 13
80 13
79 59
60 19
22 62
54 15
53 10
60 63
69 3
5 59
12 32
30 88
81 68
69 95
93 64
96 82
78 14
23 17
65 83
55 57
52 31
98 61
18 94
46 23
78 96
51 78
94 99
9 35
95 52
20 10
70 75
51 29
24 47
57 95
49 80
27 13
93 84
29 34
7 33
75 32
39 5
7 92
91 2
61 14
5 54
59 89
40 51
35 14
43 41
13 72
23 53
77 25
23 59
69 69
13 29
14 48
19 19
44 80
65 27
70 35
98 64
0 40
67 94
36 20
99 68
90 17
13 54
53 67
22 4
90 71
49 50
63 68
79 43
91 66
51 67
37 72
83 41
13 22
38 16
54 95
12 81
6 90
29 59
17 39
19 83
13 26
75 49
10 53
52 49
76 52
86 70
66 98
10 95
63 83
56 99
24 96
25 24
63 1
7 22
34 65
79 49
61 58
62 27
70 82
67 27
0 14
33 5
22 52
97 37
71 89
70 59
36 73
95 46
89 42
6 67
59 31
54 55
52 74
60 6
79 38
88 53
1 60
48 39
45 59
20 95
75 80
2 19
88 1
84 57
2 72
5 82
41 29
59 97
79 61
86 76
18 57
55 5
38 72
72 74
15 94
20 75
11 76
65 43
98 69
84 14
60 0
40 34
38 89
75 84
39 36
32 95
48 28
92 77
46 58
91 75
26 38
6 24
48 87
24 20
73 15
44 21
34 58
10 28
62 86
77 66
16 21
13 86
40 49
79 81
71 50
95 98
21 85
35 23
20 90
89 81
67 62
0 50
66 97
94 48
81 29
4 20
51 56
10 17
41 67
83 14
98 4
8 34
93 23
83 30
79 33
20 13
99 2
92 22
40 13
64 88
86 3
18 0
41 85
77 0
87 6
18 75
74 68
85 81
18 15
55 73
17 97
81 14
53 61
10 7
26 48
38 28
44 12
57 22
89 29
79 89
90 62
64 22
84 82
42 99
67 73
76 70
78 60
26 22
65 7
8 65
47 95
65 87
24 15
43 31
97 96
50 38
11 74
24 63
91 15
19 79
9 34
74 79
50 78
93 77
88 9
53 18
73 85
93 3
73 36
39 34
12 51
33 75
11 44
17 48
3 31
25 9
3 76
9 9
70 61
53 3
26 85
91 34
46 43
15 71
90 15
41 40
25 32
80 96
19 86
22 89
32 92
89 50
53 32
35 64
97 29
10 76
57 66
62 22
58 4
28 93
54 68
78 80
96 8
5 57
42 25
14 92
61 36
90 30
81 12
57 7
24 12
72 63
35 78
1 57
32 80
71 56
33 54
92 26
15 51
23 13
73 80
66 36
48 47
67 23
67 83
0 75
65 29
2 32
20 11
53 44
57 79
48 14
5 26
60 51
5 67
5 48
10 52
32 56
69 80
32 3
84 60
61 65
14 74
63 35
52 14
78 37
58 99
58 75
27 87
26 33
10 88
11 75
77 44
92 5
89 68
1 22
88 11
25 99
51 54
1 58
66 11
72 66
39 30
59 49
49 78
63 86
17 5
39 42
44 41
62 8
4 30
98 98
18 6
52 6
30 16
22 73
30 28
37 39
0 83
24 58
53 56
42 46
11 15
49 55
3 86
32 47
83 5
76 30
23 95
17 71
85 73
26 8
52 30
20 55
30 74
0 55
51 25
98 17
38 74
86 12
27 56
18 88
92 13
13 70
60 87
89 61
25 73
94 42
35 54
51 11
84 51
68 85
13 15
15 29
32 59
35 65
16 47
89 52
20 64
29 48
77 21
22 99
76 36
68 3
32 68
34 34
23 72
60 3
12 44
36 15
59 65
89 60
32 29
87 1
0 53
70 55
6 38
41 90
44 78
86 94
18 8
94 41
97 21
69 64
63 91
28 3
38 29
38 97
50 43
65 89
0 33
65 71
6 34
12 19
77 75
11 6
16 34
59 80
27 16
11 11
92 52
60 39
45 54
84 6
94 26
28 68
23 33
55 66
12 28
73 23
98 23
66 99
60 45
1 48
37 34
47 30
22 60
21 40
46 0
37 57
94 77
89 10
0 48
18 96
44 77
77 69
82 50
70 32
81 50
51 71
15 27
27 14
61 27
65 33
55 68
5 23
1 92
91 31
94 61
23 0
73 1
43 42
71 83
62 81
49 69
54 90
22 1
56 11
33 44
45 34
43 99
51 61
55 45
90 58
71 27
72 23
31 5
48 83
98 99
23 24
56 33
31 44
51 57
11 83
77 94
21 50
45 66
74 50
60 93
10 41
3 15
99 69
89 16
50 27
63 10
32 78
71 88
64 60
56 98
33 48
13 83
37 69
95 58
44 65
44 82
76 9
91 67
54 57
26 14
68 93
64 13
85 2
89 70
15 98
29 65
90 10
18 68
98 13
9 97
52 95
14 77
88 68
96 16
71 6
78 25
84 98
5 79
44 10
60 60
6 84
34 63
40 2
36 36
0 94
13 68
65 10
96 84
18 54
91 36
87 82
74 35
37 94
49 5
26 80
82 90
3 4
42 79
69 68
86 40
33 77
93 80
57 90
92 20
68 90
97 2
5 52
86 46
40 67
66 41
87 99
67 76
24 35
74 97
32 57
90 7
77 65
61 96
29 35
41 1
95 97
52 87
22 14
72 68
55 47
99 86
76 89
6 50
23 80
42 24
28 89
78 47
47 11
66 27
81 43
67 0
33 36
83 28
7 74
41 99
43 13
11 94
39 58
48 76
16 78
41 59
71 96
5 41
80 20
89 18
79 28
97 58
50 92
24 1
21 4
28 91
94 87
17 38
60 22
68 70
67 3
10 66
81 11
56 94
74 77
83 86
89 48
94 28
8 11
86 45
27 40
1 33
86 79
86 65
99 31
94 19
98 84
46 7
11 9
41 36
41 6
86 72
49 25
42 17
7 79
44 60
15 79
3 56
19 50
76 11
5 61
78 74
88 39
65 11
92 73
34 25
89 78
97 75
51 30
48 75
73 7
70 80
8 46
85 67
31 25
27 45
48 68
39 86
2 35
34 11
3 61
71 47
0 61
69 2
35 95
15 3
84 90
81 27
77 47
34 50
93 34
21 96
98 42
38 37
96 20
45 41
59 60
91 93
48 8
2 74
27 21
98 85
84 37
69 47
92 94
25 67
41 3
79 39
54 27
6 93
59 96
32 36
33 38
71 36
68 59
67 99
56 77
49 39
53 88
43 39
15 28
47 74
11 46
37 87
14 65
66 54
32 13
75 70
2 93
62 14
82 65
12 95
66 83
3 55
51 42
20 71
30 70
49 1
2 76
15 48
70 50
60 17
83 33
89 23
58 51
0 44
54 85
60 26
21 11
2 96
59 82
23 46
26 3
82 30
16 81
78 70
57 87
47 1
72 59
46 3
83 82
53 65
99 76
87 20
42 84
84 64
92 79
44 32
20 59
21 31
95 84
79 45
8 88
39 37
92 11
58 94
34 27
71 74
22 3
87 67
74 5
39 52
83 52
99 84
88 31
17 77
34 48
25 76
6 72
90 87
47 83
75 42
11 58
11 19
43 23
53 16
96 27
69 91
74 33
81 93
30 62
34 82
49 29
97 45
18 37
62 21
73 56
75 61
17 46
3 68
79 71
86 52
95 76
40 66
94 24
31 92
9 74
93 29
3 10
63 18
73 22
86 74
98 16
74 48
36 58
14 64
97 44
42 36
78 32
50 49
65 39
8 52
28 77
91 87
51 48
0 47
80 12
72 1
53 7
46 20
64 44
31 48
74 83
55 37
79 21
30 35
39 39
52 39
69 73
9 92
65 76
77 63
1 25
94 27
63 2
33 34
34 10
65 25
72 80
10 2
77 22
16 22
51 88
77 89
4 10
56 4
71 87
20 79
53 41
17 58
25 43
38 5
4 59
67 66
12 39
64 24
87 28
19 6
93 41
93 11
92 6
48 15
11 29
39 12
94 57
74 12
53 50
0 20
83 40
13 8
36 28
99 10
19 76
34 90
58 70
42 22
92 39
90 32
11 20
33 14
25 85
57 43
70 60
34 80
95 36
88 97
22 27
62 73
25 38
20 6
56 37
49 7
75 33
12 23
30 21
95 92
58 47
26 70
67 30
72 33
85 35
15 86
40 87
2 60
21 44
57 77
17 92
88 41
27 99
12 74
69 22
77 19
61 93
14 88
51 44
52 64
83 96
61 61
87 50
29 99
45 8
97 97
83 62
43 74
25 59
35 19
45 11
71 93
6 30
83 21
84 61
32 79
72 6
38 7
6 32
32 26
11 63
49 64
15 76
78 40
61 29
96 61
31 83
66 13
68 78
36 30
64 62
8 23
89 34
25 74
56 85
1 83
24 67
13 42
43 17
73 10
97 79
1 9
11 87
41 83
88 20
12 36
69 26
89 74
92 88
79 31
94 92
60 42
91 97
67 49
2 45
75 16
46 49
63 82
72 87
51 5
23 97
7 56
41 21
5 16
16 23
92 58
99 15
93 63
74 56
86 55
84 49
95 16
47 35
55 41
64 33
14 44
27 5
81 37
89 83
47 68
27 63
72 45
61 95
61 70
55 83
27 22
41 75
17 96
92 89
83 29
10 63
54 16
48 80
57 12
73 5
3 49
53 35
81 63
91 52
30 78
40 45
16 20
5 62
52 34
73 59
23 42
12 85
77 78
80 98
45 30
68 26
83 2
40 23
79 73
79 10
64 67
33 62
2 26
22 23
34 20
52 50
54 67
34 62
76 53
27 4
18 73
7 67
34 45
7 70
32 42
19 66
12 80
3 78
74 43
55 31
7 81
39 84
72 31
14 54
75 20
46 22
23 18
84 22
4 70
32 62
2 22
70 5
82 25
70 58
46 89
83 63
50 79
75 78
21 73
79 25
97 56
64 46
32 23
98 86
28 90
92 29
63 72
88 91
51 15
26 41
5 38
25 20
14 81
82 81
78 53
33 3
8 35
69 99
68 91
82 21
41 42
85 93
2 84
50 95
24 4
40 38
1 14
91 88
80 16
40 12
8 9
28 1
75 17
83 64
29 10
84 4
87 66
66 7
0 26
60 13
13 78
64 73
41 60
88 69
53 46
58 87
97 28
33 49
52 38
20 51
2 49
86 18
52 18
60 76
88 67
5 21
72 71
26 31
76 58
89 96
92 0
72 61
18 67
54 80
42 83
59 47
23 31
25 18
28 13
31 79
87 2
16 29
80 45
57 6
57 94
17 35
88 66
78 44
13 90
99 51
24 98
50 59
0 38
64 84
39 78
5 95
16 63
92 93
39 21
35 43
15 96
49 60
79 94
60 53
17 65
55 2
77 26
85 96
42 7
99 77
75 2
69 31
79 36
43 57
45 12
25 22
20 62
0 46
82 63
62 28
44 31
43 93
20 14
32 91
43 61
63 97
40 56
15 34
86 34
68 28
82 38
3 50
61 62
57 23
87 45
47 23
88 59
28 31
33 20
18 95
56 0
72 60
11 41
54 70
49 68
26 45
52 35
19 51
22 74
43 7
45 56
63 56
0 80
61 13
69 18
99 91
87 73
4 35
92 61
49 20
60 41
12 98
30 10
73 35
91 96
50 42
4 44
76 0
84 88
93 62
43 89
17 72
29 67
93 20
15 16
83 81
55 4
24 65
35 68
40 64
10 18
71 66
90 1
28 34
74 57
16 69
29 1
21 97
83 85
15 45
88 56
38 24
91 59
96 14
22 7
85 0
90 86
37 97
13 81
58 34
11 79
66 68
78 81
54 84
86 10
12 26
99 41
81 48
80 1
4 26
11 60
56 91
18 56
30 43
0 9
44 93
38 26
63 55
25 11
76 75
2 56
38 95
94 31
21 18
84 11
57 0
90 8
31 73
9 63
40 72
21 89
66 76
50 14
36 70
42 30
29 2
29 90
59 1
22 32
67 35
80 7
84 59
2 28
25 35
12 62
86 6
37 16
8 43
41 52
87 21
71 84
83 32
56 5
0 84
8 2
35 38
41 94
18 86
54 47
44 70
23 74
42 87
25 31
87 37
77 20
16 7
97 88
72 41
20 19
84 73
28 64
19 48
20 4
83 25
80 67
97 81
98 53
83 49
77 8
52 21
57 13
63 70
37 73
40 4
29 19
53 81
30 80
65 94
25 19
77 46
62 0
55 51
19 60
54 23
24 97
38 85
23 61
18 82
61 8
14 99
69 8
6 3
16 27
84 48
56 68
77 82
18 40
32 63
31 46
87 42
45 14
9 91
19 12
47 75
45 98
19 67
59 71
63 75
6 80
24 50
10 78
14 3
6 66
65 58
71 20
66 37
90 20
37 89
20 83
3 83
74 34
26 97
94 0
60 57
48 91
65 38
54 25
93 32
12 15
93 47
82 99
3 93
51 59
64 10
77 85
14 89
78 85
77 34
68 53
52 4
90 6
64 16
34 13
31 26
27 91
0 41
63 58
69 23
95 81
12 94
98 47
97 51
37 4
44 2
97 7
3 77
67 96
8 16
93 19
21 65
63 94
65 64
97 23
66 35
98 68
20 25
49 85
81 4
39 22
7 31
8 17
31 51
38 64
48 89
84 24
85 13
62 82
23 39
40 57
4 98
13 82
28 33
29 43
40 5
63 15
66 80
89 49
16 62
31 82
64 87
25 52
21 61
61 49
4 37
2 0
4 61
1 86
83 0
73 25
18 38
60 59
63 11
65 68
68 86
31 65
73 99
1 16
64 31
72 93
47 20
40 63
95 14
54 74
31 29
54 75
73 16
94 64
29 73
62 40
84 9
66 85
98 94
30 61
2 13
7 3
96 59
90 49
53 83
60 47
36 52
54 78
4 69
74 17
92 68
68 45
2 70
1 64
97 82
30 22
54 53
41 15
69 63
84 39
18 51
74 41
91 86
4 1
12 92
70 62
73 41
20 18
77 13
86 16
10 38
85 28
35 71
80 51
51 49
38 93
98 62
61 74
76 61
19 0
18 55
83 87
44 17
97 22
73 91
88 43
51 6
72 86
37 2
1 24
77 7
47 48
5 87
32 99
82 72
92 19
31 86
55 58
4 11
58 0
89 72
91 32
5 17
37 0
89 86
72 84
16 2
86 90
2 73
3 85
56 8
16 76
58 33
99 12
94 91
22 70
9 76
30 37
62 51
64 55
46 98
19 32
44 73
39 6
70 83
76 72
31 13
90 53
65 22
53 98
71 60
92 70
32 77
33 46
49 15
75 55
1 51
97 78
66 66
80 61
66 29
65 92
51 63
25 54
31 90
12 20
2 8
5 2
16 94
59 67
81 30
28 63
86 33
35 63
43 19
49 12
28 86
82 91
15 41
51 97
0 58
66 14
83 46
44 37
21 69
96 15
33 2
40 28
33 9
27 61
37 95
37 54
67 74
77 81
22 67
51 2
14 53
62 3
58 8
49 31
13 77
87 59
35 70
39 19
12 58
63 78
49 97
90 39
9 52
89 51
30 91
78 38
34 78
0 93
98 30
82 82
22 21
95 99
34 12
27 39
1 44
63 59
26 73
72 3
71 53
34 31
13 40
24 87
42 34
76 88
41 45
38 43
90 40
22 58
81 34
46 6
24 60
79 56
37 96
76 57
48 32
98 79
85 24
26 58
48 69
16 15
32 38
7 66
11 10
10 8
43 69
44 26
50 40
59 87
52 86
58 6
4 50
46 71
38 94
33 40
64 78
13 93
60 25
20 2
60 64
33 43
96 83
98 45
80 31
67 59
31 28
12 53
27 0
31 77
87 27
19 44
67 67
24 32
39 25
56 18
23 99
74 69
59 35
35 4
63 29
75 86
82 70
1 95
82 92
20 5
4 2
3 43
4 46
38 96
94 66
51 35
99 62
92 21
80 83
0 7
18 65
15 84
12 47
77 55
69 9
51 81
37 81
53 23
60 38
73 50
98 90
69 51
8 83
75 10
67 91
69 42
42 47
48 44
22 97
16 79
65 81
49 89
35 22
9 93
96 52
77 53
50 35
42 94
84 7
49 10
18 22
98 5
42 49
69 30
81 21
98 41
9 86
37 86
46 65
78 55
33 32
36 42
89 44
19 94
50 20
37 55
25 61
82 43
56 59
23 35
69 96
17 17
77 70
24 31
50 86
56 52
84 17
86 37
78 9
26 91
28 38
99 26
3 3
39 2
27 12
29 78
52 88
32 5
68 35
91 38
95 43
71 76
54 88
58 79
29 70
51 98
13 3
61 17
59 26
62 85
37 32
71 16
96 88
57 71
56 29
70 48
57 36
61 7
76 87
46 8
91 17
46 38
47 88
69 55
20 76
99 7
32 89
3 19
87 13
47 44
55 89
97 61
82 97
97 65
93 58
56 25
66 82
56 27
16 1
65 6
17 74
18 13
37 3
83 3
34 6
91 91
48 40
12 52
27 38
52 67
99 88
18 33
77 6
24 70
19 7
30 75
30 64
14 50
19 72
52 61
18 42
76 91
8 66
49 53
66 64
39 1
65 45
56 31
52 45
94 14
25 77
37 27
27 83
63 20
64 19
36 85
95 60
46 24
26 99
56 51
7 94
9 58
37 90
93 30
56 26
60 48
11 52
64 80
42 9
82 55
71 75
76 28
73 60
52 91
58 18
11 47
28 74
20 42
5 22
69 39
18 9
16 24
0 60
17 69
42 41
9 40
19 99
58 73
26 69
95 50
11 84
48 27
19 27
94 37
89 91
90 34
12 1
83 56
76 38
49 37
68 57
47 0
42 97
27 10
87 74
36 76
81 95
39 35
56 82
9 94
89 82
9 38
71 21
16 12
97 26
20 44
95 6
7 29
45 26
82 18
92 59
31 95
42 2
54 59
28 35
23 11
74 51
22 11
85 88
37 13
10 3
2 39
34 40
87 3
6 35
58 40
49 77
60 11
83 39
22 93
52 98
63 45
35 0
24 49
84 96
54 72
47 67
33 63
99 19
20 85
1 56
64 64
69 88
97 43
12 55
79 70
54 58
21 25
41 58
89 39
59 91
48 11
67 79
37 17
98 77
68 18
41 32
40 48
5 71
35 27
1 81
74 93
24 22
5 47
46 9
33 88
67 24
3 53
86 13
26 20
76 82
79 91
58 37
5 92
73 63
17 26
50 22
28 55
98 51
0 71
70 79
63 60
47 47
23 92
80 80
8 26
86 84
41 76
55 90
40 84
32 24
51 19
34 81
67 10
38 75
25 62
51 7
1 32
14 23
27 25
24 48
3 63
35 87
87 39
16 80
70 25
96 73
48 45
31 23
20 28
15 14
99 70
37 37
17 31
83 11
91 82
35 56
39 68
41 44
30 83
89 98
61 32
3 74
3 96
19 23
60 30
39 95
63 31
47 60
44 99
66 9
39 3
34 95
56 14
40 25
98 9
86 83
93 4
23 43
2 65
84 68
52 55
19 55
97 14
20 54
68 82
42 81
49 81
35 13
79 8
68 4
94 50
93 94
18 61
99 8
35 98
3 91
22 76
39 88
86 29
32 45
81 77
84 86
71 79
50 47
93 22
14 95
12 12
33 6
5 78
98 37
84 83
37 82
10 48
85 3
24 43
4 34
60 90
69 60
81 28
13 34
5 58
87 32
0 0
97 33
65 57
16 57
80 62
24 82
29 49
81 97
29 75
37 11
67 25
99 37
2 64
95 41
22 28
87 84
13 53
52 47
26 78
28 51
41 14
71 12
78 59
82 14
91 10
36 89
71 30
57 98
6 22
16 6
14 71
19 97
60 49
76 5
97 18
15 88
20 61
7 87
18 63
34 7
84 63
55 10
26 2
54 86
35 62
88 89
42 68
27 65
74 18
26 55
23 64
95 10
99 73
46 51
96 12
17 95
49 34
37 59
47 16
39 40
71 82
81 65
35 34
48 3
95 4
20 9
52 29
18 27
62 1
55 79
53 24
43 37
43 76
50 83
96 89
65 52
81 76
27 35
64 25
59 90
43 53
59 36
87 71
84 1
27 52
38 45
84 58
23 3
44 19
6 76
72 35
63 38
42 67
86 7
40 18
36 78
18 11
93 15
89 59
81 64
7 6
28 58
69 89
41 87
99 96
15 65
17 41
1 27
65 23
80 25
27 49
38 88
91 48
55 12
58 48
20 56
13 0
4 97
47 37
16 16
18 24
70 64
66 77
23 84
10 79
31 97
82 86
7 45
97 55
38 11
23 69
74 60
53 38
40 21
11 5
78 97
30 72
54 98
5 20
79 84
0 3
55 20
95 30
64 15
88 37
81 58
92 1
95 63
83 66
94 15
13 61
88 40
19 25
73 97
19 13
42 13
33 61
86 60
71 58
19 87
84 10
95 31
81 91
69 41
64 96
41 37
79 41
35 20
48 95
5 43
35 10
29 12
51 51
78 42
38 20
6 49
29 29
39 93
29 98
59 16
51 14
14 82
6 74
22 40
5 10
26 94
73 26
2 57
61 67
95 56
16 84
35 30
20 43
72 77
76 77
43 84
75 58
0 99
1 98
12 66
87 87
95 62
86 53
35 74
19 39
8 87
99 39
59 15
6 41
86 51
58 59
61 26
13 45
14 28
83 19
76 12
34 66
19 52
0 11
98 65
4 19
21 12
74 75
41 13
68 76
51 66
95 93
55 93
47 70
11 98
8 32
95 82
19 75
15 82
63 61
48 77
72 2
7 73
45 7
34 92
25 4
32 17
4 86
55 19
87 25
31 22
85 77
70 4
73 77
31 12
58 32
78 76
60 5
24 39
27 76
36 99
20 21
97 15
41 49
68 84
52 16
2 30
11 78
4 78
19 82
34 41
76 6
93 7
21 53
84 19
29 68
90 94
57 47
72 50
14 84
53 62
30 18
86 35
10 33
66 51
41 77
19 31
17 2
44 86
12 18
33 92
95 61
9 75
37 42
26 27
8 92
74 9
61 45
5 29
88 86
18 62
19 22
10 30
46 19
69 36
80 36
16 50
66 62
18 66
5 66
10 39
96 30
9 41
51 21
0 63
98 3
91 73
84 5
78 72
69 66
53 13
64 90
73 31
47 65
53 45
3 72
85 84
88 16
18 87
92 53
42 89
39 81
44 49
32 85
45 86
52 99
34 93
36 24
24 68
56 19
6 43
80 26
99 74
48 82
39 13
26 88
15 35
63 89
23 56
80 81
56 55
60 10
8 89
31 68
26 19
76 71
70 28
79 57
43 79
71 68
4 6
15 57
22 33
33 89
8 39
60 88
54 13
26 25
45 81
8 51
49 67
45 29
3 13
24 38
20 84
35 15
47 12
0 85
82 4
33 1
87 9
18 93
82 47
27 28
16 8
67 89
12 77
29 85
88 47
22 24
87 15
69 48
50 31
54 61
68 77
99 59
81 89
98 89
10 35
64 23
97 63
63 42
69 50
33 72
74 16
7 16
35 2
9 16
61 75
87 62
87 52
29 86
16 95
77 87
20 31
78 58
96 47
65 77
20 3
87 26
97 12
17 45
22 35
8 74
47 90
91 72
78 34
83 67
49 28
49 98
8 71
31 34
27 97
68 17
75 57
84 70
89 7
8 93
44 42
85 90
7 51
78 84
66 40
50 82
98 49
25 57
44 36
49 43
66 47
39 38
90 3
71 8
63 67
89 25
65 15
19 96
67 47
19 40
95 75
4 51
40 75
69 27
65 13
76 17
25 47
48 62
5 93
31 81
25 25
41 46
80 33
61 77
48 36
0 39
30 2
22 37
15 87
69 81
83 36
39 66
84 3
76 8
15 24
3 17
40 78
28 32
87 16
8 33
97 60
46 93
99 28
30 13
44 59
55 56
68 15
83 43
58 60
92 96
18 70
14 87
80 91
15 9
79 98
95 55
48 63
98 28
83 51
14 37
7 5
11 45
37 23
55 53
54 32
49 48
56 54
66 75
24 76
68 95
53 84
88 42
40 91
60 28
90 74
34 94
47 32
38 40
6 60
93 73
23 48
90 22
48 7
67 57
12 69
45 1
86 59
48 99
73 14
18 97
36 62
92 2
83 60
8 59
22 91
28 57
98 92
40 69
1 79
62 64
77 83
75 72
26 71
9 7
21 36
99 27
19 3
11 7
74 19
6 95
54 73
4 67
13 91
42 74
99 4
17 67
59 99
91 79
75 3
55 32
94 54
79 7
97 31
80 76
80 21
85 38
91 76
13 63
86 81
98 60
78 49
27 51
79 90
96 41
70 65
80 10
96 44
25 13
40 50
96 92
29 20
55 11
48 53
46 35
22 29
9 49
53 93
42 15
30 53
86 23
84 87
87 75
34 59
78 8
45 17
62 32
86 25
50 80
67 86
25 36
85 16
97 69
44 90
84 91
73 88
37 14
44 87
2 90
27 47
53 14
58 1
97 72
22 44
54 10
58 24
58 77
75 66
68 75
28 19
28 6
97 92
72 43
75 90
16 3
88 30
87 81
1 99
10 21
19 58
1 28
54 49
79 62
32 54
15 4
49 76
24 93
79 51
62 92
59 12
28 2
90 36
1 75
79 1
29 18
50 9
44 23
0 24
62 29
83 37
43 64
15 8
43 82
81 44
33 51
43 28
77 2
90 42
42 73
39 94
19 33
8 13
5 32
76 94
96 97
37 43
78 10
24 28
97 4
56 90
20 99
95 90
2 69
18 20
15 69
18 29
8 53
45 78
51 65
19 91
19 65
44 68
49 9
86 31
80 71
89 30
70 71
73 57
83 22
85 10
76 29
88 73
66 42
4 49
67 81
3 18
72 0
24 73
86 28
52 92
42 69
27 46
32 1
77 17
37 45
30 49
74 0
20 81
1 34
41 31
23 65
68 68
90 45
59 59
98 93
45 73
74 67
62 6
0 57
82 66
55 39
93 99
64 95
34 76
42 88
51 75
51 73
59 88
45 75
96 39
73 52
32 73
59 41
55 49
74 29
62 2
50 7
67 17
44 88
92 35
93 13
29 25
80 46
70 84
53 33
99 92
69 84
65 26
63 88
22 66
80 84
65 30
90 56
7 97
99 35
14 67
63 16
58 11
86 91
69 78
11 39
65 56
50 29
93 66
81 96
15 17
59 43
71 5
26 47
9 27
24 52
27 32
40 83
56 22
70 53
28 47
55 9
29 58
20 41
59 51
13 62
26 57
51 43
90 25
21 64
35 7
47 82
12 9
18 35
96 90
81 80
50 37
59 27
66 6
25 70
26 74
60 33
94 58
29 84
46 46
29 17
42 53
49 59
13 20
42 44
94 9
80 22
33 76
10 93
5 27
33 95
32 41
7 39
8 7
94 18
93 68
38 38
80 92
64 51
13 14
78 35
93 96
38 68
21 10
19 8
93 95
61 43
27 7
94 86
15 43
14 19
11 72
23 28
75 68
77 59
75 91
61 38
75 93
97 70
25 94
31 70
40 61
92 8
54 19
64 91
67 60
83 47
66 3
81 49
73 86
29 56
75 87
61 81
20 96
57 70
59 11
97 91
35 16
81 53
92 10
1 36
38 66
80 88
11 4
13 73
37 1
41 79
23 32
10 5
16 58
2 92
67 68
57 34
13 79
46 84
54 83
16 55
45 96
79 37
88 96
50 19
86 89
6 25
10 97
96 32
20 88
73 66
73 8
4 28
3 35
33 58
89 40
84 29
21 90
23 5
35 35
26 95
83 12
7 11
94 89
57 27
52 60
44 58
55 65
56 74
27 41
81 19
98 66
85 11
16 70
74 3
39 61
43 16
44 50
98 12
95 59
99 17
25 96
66 73
28 88
77 15
38 57
54 43
32 43
22 78
56 3
78 13
13 51
34 30
63 99
57 69
85 49
22 90
30 98
57 91
57 72
74 10
84 79
19 15
70 13
31 2
51 82
54 5
87 40
70 1
79 95
57 56
0 29
82 87
89 54
89 19
11 51
13 24
55 1
15 40
82 77
51 90
8 21
3 25
15 64
51 12
69 65
87 47
66 93
67 13
69 92
33 68
67 44
50 69
14 66
3 62
8 68
91 45
29 40
85 44
1 68
22 95
89 5
45 2
58 23
41 91
75 44
13 97
34 38
18 89
59 6
70 93
17 56
21 75
65 9
91 4
6 63
91 3
41 24
6 45
60 14
96 48
1 69
35 18
94 98
79 24
43 46
26 29
10 46
13 66
6 79
59 3
39 50
43 22
0 78
77 57
55 42
4 89
75 0
23 9
64 82
86 64
14 76
61 72
13 46
20 17
32 66
75 92
30 0
99 83
24 75
68 99
81 54
96 46
5 18
7 28
27 23
36 7
30 1
60 15
72 78
20 97
86 66
48 97
64 77
37 70
15 63
29 14
90 41
75 50
20 0
17 66
44 66
61 22
31 18
96 37
42 8
96 56
69 87
69 14
67 46
35 28
99 98
62 76
92 66
12 57
52 56
20 72
62 36
55 48
77 99
30 57
73 13
22 47
65 34
84 80
70 10
28 11
54 14
64 58
85 18
25 92
5 13
91 61
77 92
93 9
82 96
88 58
28 9
79 14
40 53
78 91
79 44
31 55
2 81
54 9
6 47
7 62
39 60
80 77
7 13
43 26
64 69
95 8
15 95
85 92
82 39
66 79
12 11
41 88
80 47
35 75
52 82
85 48
52 32
64 17
36 82
15 7
15 20
0 87
56 1
1 90
37 29
40 52
24 91
39 87
91 90
43 20
7 60
0 23
56 79
80 97
67 21
79 60
67 92
86 87
69 90
32 71
88 64
61 44
89 24
30 86
11 86
56 62
30 14
32 51
33 31
42 75
0 12
36 41
81 16
25 14
18 92
92 12
26 68
90 51
56 95
85 82
36 55
38 78
49 21
72 21
43 9
7 35
40 59
26 6
18 58
36 3
38 23
70 96
16 96
96 70
9 15
47 27
26 60
37 78
80 35
93 36
24 92
95 7
82 56
31 89
69 83
68 29
24 71
91 60
21 13
13 98
66 15
35 84
95 27
7 59
59 19
31 78
67 34
94 40
85 58
72 94
41 95
63 43
6 59
22 79
90 26
17 0
62 57
57 40
19 47
42 23
75 34
99 24
0 2
78 88
99 61
98 18
12 2
51 18
82 32
31 66
82 24
22 54
73 18
99 72
64 9
11 95
36 86
79 83
21 88
9 83
56 70
97 5
84 20
46 90
41 74
59 53
62 87
83 74
57 88
33 74
83 89
13 6
61 41
79 4
95 70
18 5
77 93
89 3
22 85
67 1
11 91
78 89
13 43
77 71
91 51
7 65
72 37
43 88
48 84
8 25
34 84
28 76
70 16
26 16
66 72
76 86
58 91
10 80
11 61
93 2
50 91
38 42
60 7
29 91
75 77
80 66
96 85
22 72
83 7
94 5
87 98
20 93
64 11
26 32
5 8
94 20
43 60
30 17
7 19
2 85
18 50
67 53
90 12
63 22
25 93
72 11
16 68
93 78
34 85
29 62
91 1
12 78
44 92
16 10
69 98
50 64
48 92
61 24
68 47
48 58
17 9
42 61
24 25
13 99
49 40
14 47
0 70
96 53
37 30
0 5
4 9
67 48
70 76
88 10
15 18
33 86
28 17
15 44
24 14
0 65
35 25
44 39
62 66
60 85
33 23
17 44
82 58
16 52
69 1
66 53
87 23
21 14
31 7
40 10
84 67
14 42
69 53
16 9
8 29
75 89
27 24
45 28
68 38
38 73
87 56
4 57
19 46
57 21
28 16
38 44
30 87
5 3
2 10
39 89
39 74
62 91
52 8
18 45
11 56
57 45
94 47
78 17
47 93
18 53
29 47
12 60
29 28
65 51
32 6
72 51
40 22
1 47
26 92
65 60
11 40
4 18
18 59
26 11
6 8
95 78
51 28
27 79
5 64
78 71
18 60
86 9
34 9
61 1
21 60
85 23
11 88
51 32
33 81
94 33
21 2
0 16
59 23
38 17
32 12
18 23
78 54
7 99
19 69
39 33
62 70
26 5
29 92
83 57
98 81
21 78
90 99
83 55
20 45
71 24
99 32
38 30
87 4
3 46
46 75
19 4
23 23
44 8
20 77
57 83
45 61
59 83
4 54
64 34
40 88
72 20
53 73
58 92
36 96
30 79
18 76
80 32
42 43
64 28
31 11
70 24
97 11
73 40
7 43
83 24
98 6
66 34
53 31
20 57
66 52
19 92
24 54
34 68
12 99
96 99
23 36
55 14
84 32
52 63
60 20
67 8
74 39
70 87
33 93
80 28
78 94
2 24
33 56
43 12
53 80
37 9
41 30
0 13
55 16
54 1
9 32
46 81
31 60
73 95
38 55
70 99
69 38
51 95
40 99
14 11
91 54
84 84
78 2
0 59
47 19
62 12
26 98
11 96
71 29
65 67
36 64
88 92
14 73
98 31
18 18
45 40
23 68
87 29
81 98
75 23
84 62
60 21
11 97
72 28
95 29
47 79
39 46
36 18
41 65
77 38
65 70
58 3
41 51
78 22
72 70
68 92
86 5
22 8
65 65
99 43
43 3
75 29
64 26
88 62
50 75
80 58
7 76
90 89
17 13
59 70
85 37
68 23
7 95
5 44
82 7
31 88
20 48
51 50
65 96
87 0
94 13
77 62
36 4
90 9
0 21
84 81
12 17
88 34
91 29
52 96
2 36
95 3
52 90
46 91
47 39
98 0
39 55
42 27
74 14
51 80
49 51
16 0
43 4
50 71
39 90
9 22
28 82
89 37
13 84
86 57
16 28
22 5
76 2
29 87
45 9
28 4
89 33
33 11
71 85
46 31
97 10
13 87
49 71
16 85
53 92
9 96
29 21
64 7
85 42
15 54
18 34
63 32
10 43
99 60
45 16
48 12
14 26
36 90
59 7
85 74
25 84
82 52
45 89
67 20
51 99
81 38
57 38
17 64
77 74
3 54
64 71
72 27
29 64
29 11
36 65
73 76
24 99
9 78
0 35
98 50
77 30
57 31
11 8
90 52
37 46
8 91
60 50
30 47
72 39
73 64
8 22
40 43
18 99
91 42
33 96
1 91
39 82
13 1
43 18
47 94
57 10
14 6
4 23
86 11
65 12
6 0
94 96
53 94
75 99
32 37
64 97
5 80
92 75
14 12
45 97
28 20
19 98
81 25
1 19
27 27
11 28
41 16
71 91
94 84
53 75
72 76
43 52
59 63
97 62
8 82
55 13
37 47
47 4
96 7
4 60
46 77
15 80
77 51
87 60
81 85
24 16
14 8
7 88
54 3
42 66
17 68
11 3
32 21
31 62
3 40
84 47
11 37
8 94
35 55
25 95
28 10
51 4
56 86
90 60
93 46
9 11
45 22
91 6
7 46
90 75
93 18
22 61
14 21
95 47
92 55
64 21
83 68
15 66
72 12
77 31
53 47
40 76
76 41
60 95
50 96
11 38
81 94
21 86
38 52
14 15
31 94
95 26
38 59
9 89
0 42
86 49
63 44
42 45
65 36
52 65
92 18
46 73
6 89
9 33
85 43
82 35
14 97
36 34
4 55
60 94
23 85
91 50
11 0
94 69
99 22
79 16
31 75
2 6
30 36
92 23
1 89
82 12
20 74
49 87
50 73
51 79
27 72
98 36
19 74
14 46
41 54
7 91
25 90
12 88
58 56
56 78
82 74
87 72
56 72
60 29
31 71
76 7
11 59
3 37
10 70
10 19
29 6
9 80
43 32
74 42
65 54
20 87
6 83
44 97
51 96
93 90
2 83
75 26
68 62
34 89
22 31
17 85
92 4
24 88
43 92
58 71
81 51
38 50
68 58
62 56
13 19
56 60
63 28
50 65
60 35
13 12
16 39
27 90
1 72
70 37
11 80
15 70
49 36
93 59
1 13
84 55
47 80
71 98
11 16
5 56
45 5
58 64
0 6
66 88
67 69
20 37
42 19
27 19
17 49
61 5
23 49
32 64
53 87
69 43
81 86
45 70
10 55
8 8
17 32
29 13
52 1
66 24
49 3
19 37
71 77
67 85
71 70
29 57
62 96
88 15
25 3
5 69
33 17
59 73
94 21
35 52
29 82
62 39
74 94
28 18
76 49
67 38
62 59
45 36
52 42
0 81
86 78
44 51
53 28
22 83
17 70
21 62
91 56
5 9
3 20
46 86
97 99
91 41
46 82
33 87
76 15
98 44
90 46
83 34
44 71
46 92
75 52
73 42
85 85
95 37
28 70
28 36
70 67
79 58
76 44
19 30
78 23
15 99
27 36
5 4
79 9
12 82
91 28
73 67
62 78
87 30
24 11
58 65
88 29
75 25
16 77
95 44
96 22
40 46
14 33
97 38
76 27
16 99
67 43
41 55
22 17
74 25
58 44
79 2
59 77
11 26
94 82
98 59
80 73
40 96
34 71
56 35
3 47
79 96
56 44
9 26
55 40
35 85
39 29
43 33
47 25
52 11
17 52
16 65
50 2
50 28
91 55
90 29
37 44
50 84
60 84
54 96
28 21
61 69
96 2
71 46
46 62
16 88
20 33
53 40
73 71
99 13
51 10
14 45
35 94
80 57
66 28
48 5
64 65
84 89
5 39
71 11
78 27
16 61
13 33
42 4
28 75
39 79
16 37
77 40
82 15
20 68
28 44
87 76
42 92
76 96
51 55
77 43
45 20
48 16
50 87
62 50
81 31
51 53
14 22
55 18
90 28
44 29
84 0
86 86
84 2
16 71
36 14
50 67
14 58
59 57
10 96
29 23
25 23
14 59
23 58
30 69
70 74
75 81
44 11
82 93
94 53
69 5
40 8
71 14
17 6
53 78
17 30
56 63
28 40
63 8
9 61
31 37
94 63
49 79
10 59
96 57
9 98
1 46
0 8
49 4
4 66
83 61
80 87
15 13
45 57
52 57
5 81
66 0
0 62
8 75
47 41
50 1
64 74
10 60
6 26
74 55
56 89
99 63
89 35
61 28
16 87
80 18
67 97
34 77
62 45
71 69
45 48
69 13
48 6
80 0
59 93
99 33
63 9
52 83
4 27
13 31
46 21
34 19
66 25
99 1
87 58
37 83
57 35
52 36
99 46
32 33
55 72
64 59
55 22
90 66
72 62
49 56
87 44
13 55
93 43
7 63
47 40
36 29
47 45
71 31
37 40
63 37
91 64
43 27
6 5
4 17
30 32
83 98
84 52
64 89
11 31
29 41
42 3
94 59
44 25
27 68
58 43
81 39
28 53
9 99
57 30
13 80
2 50
43 73
58 7
82 80
57 15
17 20
31 30
40 89
60 52
81 57
72 22
93 14
14 13
18 74
84 38
27 67
86 58
74 64
32 84
55 3
25 1
70 70
52 15
70 98
2 40
94 81
54 76
34 26
46 59
77 56
52 40
97 40
65 80
24 64
50 62
14 62
22 34
4 29
56 56
64 12
22 19
87 48
14 32
59 58
43 55
34 53
7 71
91 99
15 78
55 67
48 81
27 2
10 32
35 41
92 28
16 66
89 32
64 3
95 91
84 78
37 22
48 24
17 78
31 52
7 68
78 61
75 22
66 32
19 90
68 69
59 13
11 21
35 1
85 17
41 64
34 86
43 40
18 7
85 80
44 4
28 99
22 69
12 46
80 70
2 68
93 76
22 22
10 11
79 92
19 70
82 17
47 22
71 17
38 34
76 59
2 91
20 98
2 75
1 12
57 89
82 9
76 81
15 97
34 83
76 62
65 66
43 49
95 57
0 15
44 20
39 97
87 18
49 70
62 24
31 17
47 31
48 48
2 2
88 71
25 65
80 63
17 18
66 16
33 71
71 45
64 75
9 70
95 13
76 19
19 84
86 69
42 91
32 70
63 48
3 71
77 90
86 42
69 97
41 47
81 24
77 72
21 49
39 17
66 81
68 21
33 21
94 22
68 49
26 15
16 97
50 30
20 32
82 49
82 1
80 60
26 44
54 37
25 15
73 87
90 33
7 8
95 77
21 71
89 28
22 96
32 49
70 40
58 20
42 93
2 14
69 56
3 82
11 1
50 32
78 46
97 59
59 72
90 69
64 49
82 10
29 61
59 33
56 38
0 88
28 39
10 24
8 69
61 66
15 36
71 61
4 99
1 3
64 38
37 93
9 47
24 2
55 82
23 76
7 1
64 61
99 34
56 76
66 2
52 7
26 64
25 63
47 8
66 33
79 88
77 48
25 30
76 60
92 48
62 52
68 74
73 28
80 39
98 38
27 69
15 58
87 86
40 16
49 23
87 57
51 92
69 7
62 83
67 2
70 20
2 38
86 50
90 64
94 45
4 41
50 33
45 10
2 53
3 23
64 14
70 6
26 67
66 10
24 8
84 16
18 69
31 93
68 79
4 13
9 43
22 6
36 95
64 41
27 74
42 54
52 71
51 69
31 59
11 43
61 59
14 14
25 33
19 28
29 88
47 55
32 20
43 30
78 86
64 94
80 19
74 40
91 5
25 29
35 97
53 42
79 30
58 29
63 80
47 63
82 3
44 24
29 94
44 14
1 26
6 31
61 51
4 85
11 81
43 94
52 75
30 68
54 77
29 71
57 97
17 4
21 22
23 75
25 88
99 67
30 71
26 13
7 55
68 52
15 61
21 72
25 50
71 1
40 81
85 68
46 32
96 54
4 63
16 51
42 55
10 86
17 79
85 30
66 46
41 96
57 20
58 53
99 21
37 25
47 28
80 49
61 82
33 28
86 36
49 26
75 19
51 39
48 46
60 92
51 58
74 36
23 88
57 50
4 21
30 23
10 56
19 81
87 78
86 8
66 69
1 54
27 62
51 70
97 73
29 83
64 48
84 15
41 35
69 76
10 81
27 92
93 53
36 10
1 63
63 17
43 97
71 2
15 15
6 33
89 45
34 57
36 98
61 89
87 24
72 9
14 25
81 78
84 45
35 44
31 0
45 35
43 98
52 28
75 37
87 53
87 65
89 9
75 30
19 78
31 72
37 98
37 51
87 7
40 77
95 2
94 39
21 27
33 24
13 49
87 61
92 9
34 73
66 59
93 45
64 85
88 95
85 12
61 97
29 76
96 96
14 55
17 16
30 90
37 92
44 54
10 22
45 46
63 53
47 91
92 99
8 42
74 47
0 95
45 31
59 14
50 36
88 7
96 29
7 30
95 80
24 85
88 45
38 48
92 44
79 68
66 48
25 21
69 82
33 15
72 34
95 9
24 62
39 47
13 58
3 44
40 47
7 18
33 39
21 91
46 36
87 79
96 72
99 23
38 99
32 19
95 34
62 16
20 67
8 31
27 59
79 52
68 16
4 74
12 43
36 94
54 82
73 37
53 58
36 6
36 92
38 58
5 30
8 24
7 50
80 14
45 4
24 30
56 43
16 18
1 87
25 45
41 86
23 50
50 51
34 2
93 86
27 93
47 72
0 89
38 14
10 73
16 19
92 84
86 21
75 73
38 77
1 88
90 55
10 49
52 81
84 28
77 86
16 73
92 30
86 61
2 99
40 98
26 21
36 72
20 94
36 27
1 76
47 15
83 75
21 0
34 36
9 79
55 86
72 8
65 3
59 39
42 33
18 48
50 72
80 4
27 78
63 14
14 79
97 13
44 76
89 0
85 59
44 81
13 28
45 77
22 25
17 21
14 91
9 77
13 16
86 73
66 58
4 87
53 60
74 92
52 24
29 37
92 69
76 45
88 24
84 77
25 28
67 61
12 13
59 34
81 55
1 73
44 94
77 5
67 78
59 42
14 38
49 52
61 55
91 11
42 31
81 32
77 27
18 17
82 44
29 66
7 93
50 74
21 57
81 33
86 26
52 33
95 21
93 33
61 34
61 37
70 21
0 4
89 2
42 70
53 51
30 48
46 63
58 15
49 47
60 46
5 42
69 45
95 69
56 46
15 38
14 41
46 55
8 90
44 13
42 16
5 63
58 55
36 75
6 16
35 67
12 97
32 93
72 10
3 0
93 87
24 9
64 81
57 68
68 24
48 56
54 35
55 21
46 26
89 38
83 48
39 41
24 40
64 56
33 10
80 48
95 74
65 32
44 95
92 81
10 12
94 68
46 88
85 39
58 2
86 82
70 54
67 11
96 66
33 35
1 65
89 71
14 34
15 93
26 49
58 9
10 40
97 77
1 20
12 48
31 57
52 69
59 8
40 71
38 9
70 0
63 50
46 69
63 62
9 64
56 58
53 70
51 72
95 20
17 60
31 84
68 54
73 62
35 83
2 78
77 95
16 67
87 63
90 16
22 10
11 49
21 82
56 49
88 33
55 71
89 94
67 14
66 95
55 78
11 89
25 40
31 96
89 69
80 89
5 40
49 93
33 25
92 62
15 26
10 9
49 72
7 52
53 5
56 32
41 27
10 99
20 36
18 49
16 82
76 83
60 73
74 72
50 85
5 89
95 79
70 15
68 11
38 90
37 67
33 47
63 63
13 96
64 0
68 42
61 99
21 84
12 73
27 71
88 51
38 4
45 45
4 33
22 86
79 35
4 83
49 18
24 41
78 64
21 45
26 89
6 12
66 19
38 19
82 27
21 7
70 63
58 39
52 13
76 42
69 4
91 83
44 30
16 56
42 12
91 84
15 6
55 75
78 19
4 95
26 28
55 17
10 45
39 20
35 59
34 29
63 76
34 33
15 31
21 67
92 97
68 1
47 73
85 66
50 98
26 53
30 31
78 11
2 82
7 83
63 98
75 60
58 83
16 93
51 27
90 92
79 69
27 85
90 81
99 6
35 82
81 84
78 69
76 3
60 72
61 98
67 88
82 2
69 62
73 90
88 60
40 54
85 63
80 93
77 12
48 55
64 20
20 91
63 25
51 24
63 40
95 32
58 96
71 92
83 26
12 75
86 62
26 12
35 81
16 45
67 41
31 21
20 1
61 10
74 86
19 43
76 24
89 46
43 34
5 25
71 64
6 58
28 25
4 58
65 41
10 69
8 19
71 95
22 38
41 11
23 96
14 98
74 89
73 38
88 17
15 59
33 53
31 38
43 59
83 8
38 87
95 51
9 42
40 60
34 42
85 7
74 46
79 77
8 38
23 52
9 44
48 54
86 30
18 46
87 31
84 92
77 37
93 0
99 99
24 56
3 89
97 67
61 2
38 70
74 90
0 91
82 67
96 40
3 28
69 24
27 89
9 67
97 36
24 46
99 97
10 62
78 51
22 30
63 66
70 39
88 49
8 64
96 19
17 27
60 83
83 83
50 76
83 92
76 13
78 7
6 2
72 95
71 99
57 59
93 48
8 30
45 95
10 20
99 79
32 46
34 23
37 15
41 57
11 30
69 93
1 67
51 20
79 87
4 48
43 25
34 37
91 9
74 53
58 26
26 24
17 51
44 44
28 73
80 72
98 75
5 1
45 50
45 39
54 69
14 24
57 39
96 43
85 29
70 72
24 44
26 65
77 60
55 92
55 44
23 94
71 34
93 25
92 95
54 7
42 86
21 76
6 57
45 76
66 38
2 66
95 45
76 47
45 13
7 96
46 85
46 47
82 95
11 69
54 4
69 35
94 11
99 52
60 61
85 97
31 10
21 15
83 95
89 55
59 68
6 6
9 14
17 42
41 50
79 54
67 55
4 3
94 65
39 73
99 81
75 40
20 82
55 84
84 66
0 37
50 77
85 60
15 83
93 88
14 0
92 43
69 70
5 91
70 56
0 74
90 70
53 34
46 66
42 6
66 87
80 2
63 36
24 53
34 72
82 85
51 9
95 22
52 70
58 35
78 87
90 57
2 77
7 26
36 48
0 77
74 44
8 61
28 24
85 91
38 15
38 71
93 12
54 93
36 23
13 17
46 5
84 74
37 60
51 47
33 78
52 94
85 94
55 6
95 67
98 96
2 52
0 25
93 85
70 43
88 70
55 81
75 97
52 41
9 5
7 9
3 81
89 95
73 11
24 80
39 96
26 76
32 7
59 46
86 20
61 85
3 8
68 40
69 16
75 5
62 98
52 17
8 77
24 77
93 71
45 38
28 71
81 79
75 79
29 31
22 68
33 64
33 41
78 90
78 0
2 62
57 44
18 80
78 45
72 7
72 57
62 43
45 33
36 84
54 42
58 50
80 44
62 42
94 4
45 53
92 92
48 74
38 31
58 28
44 15
58 22
45 65
91 77
41 62
1 37
33 8
86 22
15 62
78 39
26 30
67 56
98 67
90 85
82 36
70 33
27 11
88 82
27 31
13 39
72 49
5 53
77 11
22 92
43 63
17 99
3 6
50 11
25 97
29 24
88 90
63 65
27 94
81 8
85 9
67 31
20 35
27 75
94 72
19 89
49 74
77 64
19 29
96 50
8 58
35 9
96 76
75 63
32 0
61 31
78 79
57 86
45 99
9 46
0 92
61 20
3 29
3 11
7 41
37 24
44 34
94 62
42 63
9 18
12 31
39 83
2 25
16 83
27 8
85 4
91 16
41 10
13 27
36 93
90 72
32 34
73 32
24 59
44 5
38 81
32 98
81 59
31 27
46 12
47 50
39 26
14 56
31 4
18 98
90 11
18 19
74 88
34 97
38 82
6 78
55 25
73 9
58 80
12 42
50 34
91 95
2 86
12 54
17 59
77 9
8 37
95 95
61 71
89 58
77 79
60 97
86 88
63 74
48 67
30 99
28 65
32 69
5 84
30 76
68 20
53 79
22 12
41 70
83 9
43 14
22 55
6 28
44 96
61 23
35 88
21 77
13 18
77 96
5 74
60 44
67 70
18 78
42 72
64 1
15 81
34 60
70 92
81 47
22 81
19 73
0 98
39 92
81 42
26 82
7 27
21 54
21 8
1 8
17 1
75 76
35 93
92 80
40 70
0 1
1 78
16 54
12 34
72 99
97 50
0 51
35 42
8 67
18 26
93 24
82 78
97 84
60 23
85 27
6 20
21 16
21 46
27 58
68 81
47 36
46 70
77 4
63 73
56 36
1 49
46 42
97 95
21 80
80 53
99 44
75 14
98 80
75 62
88 76
29 69
45 58
51 64
36 44
6 98
22 82
77 35
80 82
36 68
28 97
17 94
77 29
35 5
47 29
39 64
90 50
5 19
55 7
53 9
24 61
74 61
59 30
41 73
39 67
88 13
80 78
22 88
28 62
45 52
42 71
89 4
71 28
8 96
72 48
70 66
92 3
36 59
63 77
85 57
75 28
43 71
12 86
17 43
95 15
23 82
97 0
81 75
19 42
38 65
46 1
86 41
30 7
56 64
50 6
26 34
69 28
22 94
81 0
72 85
36 71
58 16
36 35
95 73
63 23
99 93
72 67
27 33
69 20
91 53
40 73
3 36
86 68
36 11
75 21
80 6
53 20
29 0
3 30
2 55
63 69
30 85
23 81
16 31
18 25
23 34
94 8
32 44
14 90
35 79
62 46
36 40
32 76
87 49
39 77
10 54
6 40
16 43
44 9
61 6
71 23
98 74
5 65
9 0
82 22
57 48
85 20
11 73
99 90
64 2
58 36
24 21
96 21
29 53
30 19
72 64
24 89
8 57
89 80
35 91
13 50
17 88
99 45
60 98
52 77
9 68
43 0
40 95
53 97
38 41
73 93
16 53
55 96
96 11
30 58
53 29
5 51
40 32
84 18
91 35
81 2
80 79
1 82
25 41
45 25
3 92
65 16
26 62
9 90
4 40
34 35
9 72
50 39
18 41
27 20
78 4
4 77
29 27
77 45
95 1
14 69
90 38
1 38
53 91
95 19
16 38
6 73
90 31
92 85
37 76
62 30
57 73
42 14
65 21
2 23
63 34
75 75
51 85
93 72
98 10
54 6
12 22
57 49
52 68
30 39
74 45
9 17
5 72
77 80
83 15
97 49
24 33
93 91
41 63
35 61
48 38
26 66
17 86
90 5
2 98
60 89
72 55
81 82
67 33
60 58
82 0
20 70
74 38
14 5
62 23
46 2
38 36
91 7
13 69
43 43
28 12
4 25
47 34
51 52
26 81
36 87
32 16
93 98
10 15
74 87
83 20
49 62
17 3
11 48
17 24
46 67
92 74
98 63
40 37
31 80
43 96
74 54
4 62
13 74
49 49
49 44
98 24
7 64
72 83
51 22
5 14
36 51
49 45
36 60
40 36
12 33
77 52
22 48
72 47
49 66
2 47
66 56
31 14
9 45
18 36
88 88
86 27
85 8
26 63
51 94
67 50
83 16
14 17
23 44
43 86
60 37
67 93
11 35
12 38
34 43
25 75
42 90
39 7
11 55
80 8
51 33
82 71
64 93
90 90
72 4
13 38
14 9
63 46
95 42
56 67
76 84
81 45
7 4
63 26
41 5
54 54
29 80
89 97
99 56
69 46
84 53
82 16
96 9
83 72
34 54
68 97
17 87
64 92
15 37
26 50
54 97
31 54
47 46
41 34
23 90
57 63
20 60
34 22
2 63
13 5
22 65
26 75
88 6
8 50
10 10
31 98
65 42
49 96
4 43
35 96
46 79
16 89
4 80
11 70
7 72
68 39
79 93
46 57
66 86
65 37
24 90
68 48
4 7
28 80
75 11
31 76
80 52
87 14
39 63
72 89
17 62
16 92
10 29
81 92
13 7
67 15
85 32
65 63
25 51
18 21
36 67
30 3
71 80
85 56
86 67
91 30
72 96
33 67
21 30
37 6
4 64
38 91
75 15
59 62
68 72
17 76
0 22
33 80
63 51
94 74
49 24
36 8
49 2
29 81
37 38
13 21
69 61
89 85
4 53
91 8
99 57
34 39
9 81
55 34
78 82
74 31
13 60
73 21
42 48
38 3
95 53
80 24
39 76
55 24
50 17
76 31
16 33
15 91
72 54
59 40
54 38
33 85
65 4
15 89
25 17
57 32
32 67
36 33
45 92
55 80
38 83
71 32
91 39
74 98
74 37
45 3
65 75
60 16
5 37
82 83
99 36
66 57
84 72
23 63
87 64
16 90
73 82
65 48
46 45
17 29
96 81
82 42
97 19
4 73
91 18
5 90
57 52
88 3
6 91
27 9
60 18
76 64
76 97
11 66
71 40
50 16
99 89
40 7
59 92
76 98
47 9
18 1
96 64
42 78
13 92
97 20
4 45
32 86
31 91
56 30
86 80
90 63
58 49
62 33
74 13
80 56
79 74
28 15
17 90
19 56
43 15
52 22
74 74
76 25
71 86
29 77
60 75
88 0
94 3
96 18
4 12
21 20
95 40
90 82
2 12
84 30
8 41
44 83
39 27
6 55
21 98
78 99
67 26
48 70
76 63
88 52
40 79
50 44
6 71
3 99
39 23
88 5
68 98
64 5
34 51
92 42
92 72
30 67
20 86
34 1
73 75
55 33
94 67
54 71
48 96
45 84
52 12
73 6
15 55
35 17
56 23
40 41
47 78
47 21
17 25
28 56
56 28
20 24
11 92
48 64
55 98
38 13
36 61
17 73
86 38
53 52
79 79
93 39
59 76
54 65
21 47
17 15
0 69
16 26
12 7
11 18
11 36
25 6
0 90
91 24
6 88
7 17
74 95
27 70
8 56
99 5
24 13
79 65
53 95
81 10
60 4
29 52
87 69
57 78
57 18
89 36
73 73
32 2
48 73
16 86
81 52
91 47
80 29
64 37
59 75
29 54
58 95
78 5
30 42
93 82
34 99
6 92
29 96
76 1
13 35
56 20
89 77
91 27
80 9
94 95
54 60
23 16
27 88
50 81
33 16
19 53
73 98
15 1
59 22
88 12
92 71
45 32
37 35
5 28
63 5
2 41
54 51
65 62
76 37
91 0
63 12
72 90
0 67
34 15
6 29
6 70
75 67
76 40
34 21
64 72
61 39
32 18
98 1
38 33
25 53
91 98
87 68
90 67
89 75
76 26
50 18
98 40
17 81
87 96
6 94
6 13
55 60
5 7
3 33
64 39
98 70
28 61
33 83
14 68
98 32
62 72
11 93
17 34
10 44
89 12
49 22
7 90
86 15
50 5
20 39
66 71
8 5
7 21
37 12
49 41
94 44
23 55
25 56
1 30
25 16
20 58
46 68
34 98
72 53
64 76
97 86
26 61
47 86
30 60
79 55
34 32
0 72
32 15
65 98
65 0
33 50
68 61
12 6
99 54
58 41
42 85
93 31
96 62
85 98
78 98
65 79
2 5
78 43
37 26
33 82
6 37
52 3
53 59
94 35
93 67
10 31
83 54
94 88
23 7
75 18
31 85
69 15
25 87
94 6
48 1
11 12
96 98
24 42
1 93
97 32
67 19
14 86
49 83
21 59
39 75
78 73
20 16
47 87
10 91
88 2
87 83
15 47
95 64
69 79
13 65
48 23
88 36
75 98
28 0
96 33
40 9
32 61
85 22
59 10
15 2
68 31
42 57
8 81
59 74
81 9
12 10
44 0
22 98
54 41
56 45
76 76
1 10
59 69
37 63
71 39
75 65
14 52
11 14
51 23
57 17
45 82
29 38
89 21
98 21
27 43
20 34
10 16
28 30
65 88
67 95
43 5
57 46
96 77
47 42
20 7
47 5
79 97
10 0
48 51
76 43
7 42
20 38
22 42
19 38
86 75
81 46
71 62
43 56
14 94
65 72
53 55
10 67
13 88
67 77
32 22
45 23
59 85
39 62
38 21
7 48
64 27
51 38
56 2
91 37
83 90
38 8
24 36
28 79
46 54
28 98
43 24
33 0
26 54
98 20
17 22
35 24
25 44
48 43
90 84
95 72
26 52
9 48
31 42
28 37
96 25
27 54
24 3
12 89
8 36
0 49
17 10
33 84
92 33
36 83
32 83
83 58
9 10
57 55
43 81
95 17
66 78
75 48
69 11
45 43
38 61
46 14
31 8
81 61
56 10
97 71
47 13
26 84
35 39
6 18
75 53
42 1
95 18
25 69
45 68
34 96
62 26
87 22
28 85
63 90
58 19
48 31
38 0
1 96
71 72
25 0
6 51
32 75
40 39
4 79
9 85
14 39
14 61
96 94
48 59
92 78
64 43
60 67
84 56
19 34
32 39
30 81
23 22
15 11
36 19
54 63
93 92
16 74
74 21
35 72
70 91
14 72
84 12
41 97
24 55
26 83
78 63
29 44
63 57
94 78
86 19
39 65
15 5
80 94
72 15
70 86
81 18
3 90
62 9
51 40
48 26
3 65
82 5
65 44
92 36
21 63
92 37
82 34
41 80
91 44
98 29
81 74
18 47
16 48
7 15
4 52
61 12
71 54
37 64
61 80
65 73
71 41
72 24
49 58
90 44
26 4
2 71
42 29
62 11
1 21
1 39
47 56
34 87
40 90
58 12
2 4
73 69
33 42
70 18
51 17
98 56
29 9
10 64
58 45
63 24
85 41
58 89
38 92
35 48
0 31
91 85
10 13
33 37
7 44
97 41
60 55
45 51
49 54
90 76
17 84
23 2
33 7
27 18
23 89
81 83
23 54
99 65
66 8
43 85
32 82
97 42
57 29
38 84
98 19
10 84
49 0
21 32
55 27
88 94
6 56
13 85
90 79
35 33
34 44
94 10
19 18
41 17
83 35
55 64
91 57
6 10
83 71
88 22
70 73
72 75
71 63
30 12
33 98
92 54
57 82
20 27
97 52
41 43
77 1
55 95
23 62
9 87
71 81
52 79
89 90
63 96
67 98
11 25
99 80
47 53
46 4
29 93
23 87
55 36
71 19
15 72
19 21
71 49
44 40
54 31
39 70
2 3
48 33
6 4
22 9
22 15
30 46
56 17
53 72
79 17
93 54
11 68
4 92
25 42
90 2
32 48
37 58
67 54
96 63
73 78
83 10
60 86
93 44
82 31
67 5
74 30
20 66
92 64
52 84
54 24
73 58
90 91
39 8
50 93
25 60
6 53
95 11
62 7
10 34
24 84
28 23
88 19
85 69
62 89
41 25
40 29
80 37
35 32
2 67
63 81
79 29
16 36
92 51
54 64
10 89
71 33
37 7
34 88
85 86
64 4
85 52
99 75
57 24
5 34
56 83
88 93
60 79
76 33
86 56
49 11
29 95
62 84
73 19
36 91
10 57
28 50
9 65
7 84
66 12
22 26
88 28
77 68
55 35
42 77
84 71
98 55
18 81
88 35
46 15
78 57
62 74
85 33
52 10
77 42
38 79
52 85
44 48
21 93
73 44
59 79
37 8
6 65
30 77
54 29
15 68
23 8
66 5
61 35
18 64
69 94
66 26
17 91
23 15
12 49
4 76
88 55
47 51
52 9
89 15
15 74
19 17
9 30
73 61
36 26
90 23
95 86
79 34
53 25
46 74
57 64
93 69
74 84
28 26
10 42
4 16
10 58
50 52
14 78
71 3
61 18
52 44
3 22
35 51
37 74
6 87
61 76
43 87
21 26
10 36
34 67
40 94
96 36
36 63
92 60
96 24
72 26
66 49
58 82
8 40
6 44
84 97
66 96
91 68
61 52
47 14
27 95
44 91
30 82
45 49
20 26
54 20
92 16
40 27
57 4
21 24
43 66
96 34
6 64
34 64
23 57
16 44
30 94
35 69
5 11
43 50
49 17
18 12
92 76
52 80
68 5
8 80
31 39
57 33
25 12
82 51
56 81
93 49
50 99
97 17
4 24
25 7
12 70
17 33
62 68
65 47
20 69
40 55
99 85
63 95
35 8
69 85
88 79
9 57
69 0
49 33
0 17
58 58
19 14
70 51
20 29
57 67
67 22
85 19
2 33
13 76
60 32
43 44
31 31
32 53
12 59
5 99
28 67
87 19
4 4
8 95
94 75
2 79
86 14
74 81
74 96
94 56
9 12
68 94
13 47
81 26
89 63
36 1
9 8
60 71
66 43
86 98
35 46
50 25
40 3
39 9
96 58
14 70
92 98
36 53
40 20
27 98
43 83
16 49
77 14
23 40
46 96
90 54
39 56
77 67
22 41
66 4
81 41
45 74
82 94
28 22
16 42
33 30
25 68
63 87
58 42
70 30
62 37
3 60
82 89
63 3
89 88
16 75
26 36
61 92
20 30
72 81
39 98
18 28
52 20
56 71
24 7
90 73
67 9
27 30
44 28
23 66
83 69
88 48
35 58
62 75
30 63
47 84
48 25
51 36
54 39
16 13
4 84
96 80
75 41
14 35
99 14
2 37
84 33
8 78
56 48
74 23
30 25
62 58
26 37
89 56
23 30
54 66
39 44
76 23
97 47
45 60
30 73
15 67
25 89
50 68
27 64
93 8
98 33
87 51
98 95
0 54
65 69
38 51
12 72
54 33
79 53
2 54
33 18
59 64
93 10
25 46
67 32
17 7
85 46
82 40
43 51
39 24
54 18
16 72
93 1
17 40
7 34
45 47
62 53
62 55
8 14
47 33
84 95
33 19
87 36
83 27
66 90
24 24
39 18
47 76
18 71
31 61
60 1
55 91
80 34
23 67
73 33
95 33
48 10
81 6
72 32
32 27
26 90
9 60
92 56
40 17
25 79
72 36
24 6
17 83
28 72
23 26
62 35
87 11
67 64
79 63
97 48
39 80
44 61
79 11
37 85
63 33
50 46
45 91
32 31
48 98
89 89
29 50
0 76
91 71
3 16
92 47
91 78
30 54
23 83
83 44
52 2
71 97
2 11
4 31
61 91
2 43
94 30
75 39
0 30
50 13
83 18
23 19
55 30
99 3
30 15
5 55
41 22
71 10
35 89
99 18
85 62
47 10
50 48
67 18
30 20
10 14
97 57
99 50
7 69
12 5
60 24
78 68
95 96
33 65
83 4
98 71
83 31
92 49
48 34
90 78
44 56
79 75
44 85
44 74
93 37
33 26
57 99
88 63
27 15
15 52
64 53
52 25
23 10
82 75
57 42
31 40
15 22
39 32
25 39
5 85
41 19
65 1
28 28
79 67
86 32
2 20
77 36
34 3
81 3
41 93
94 52
73 96
61 63
19 45
22 0
54 52
50 61
8 98
40 85
55 59
38 32
23 45
94 79
24 94
8 60
4 22
24 19
12 56
16 5
55 97
52 46
83 99
36 54
3 95
87 77
84 34
26 59
79 23
38 86
70 3
1 29
97 80
81 71
36 49
89 64
55 15
75 88
84 35
67 6
44 22
53 53
27 84
60 2
45 63
15 12
8 76
1 70
16 60
8 4
25 5
36 2
27 55
93 74
46 76
7 75
3 75
81 66
71 38
96 26
14 96
54 30
91 22
30 92
57 60
7 12
14 63
73 20
9 50
35 49
12 91
88 61
56 40
71 15
52 51
29 22
5 36
76 54
77 18
49 8
82 37
10 72
62 25
46 52
45 79
37 91
0 96
41 33
72 14
43 29
26 56
38 1
17 28
0 79
57 65
5 24
74 91
48 42
19 2
7 53
67 82
11 90
40 33
31 64
12 3
98 46
16 91
20 23
57 14
6 19
49 82
44 35
3 58
67 4
49 99
73 3
25 10
57 54
53 8
1 50
60 31
69 52
95 71
33 94
95 39
90 61
2 1
80 55
10 71
47 61
85 47
69 34
96 79
46 41
64 70
46 83
36 43
29 16
59 44
64 8
89 57
31 41
30 65
7 23
67 51
44 33
54 22
43 48
88 80
55 46
3 26
48 90
26 72
15 75
21 87
64 79
89 41
96 68
45 67
62 93
96 78
28 52
9 21
67 63
9 25
71 9
48 93
49 13
91 80
49 19
69 74
96 69
62 13
77 28
43 70
82 54
1 31
55 8
23 71
43 1
38 60
19 10
95 5
17 55
30 96
48 85
97 90
70 46
57 75
85 76
56 16
19 35
20 46
53 22
3 41
71 78
98 82
13 41
95 65
62 15
59 48
19 61
63 79
99 9
23 20
62 71
22 87
42 10
39 28
68 8
32 87
26 9
82 61
40 35
54 17
36 31
58 93
38 49
42 60
47 38
47 52
31 47
1 45
30 51
40 68
88 26
65 61
75 1
6 48
39 59
58 86
19 57
37 66
82 11
46 53
20 20
52 78
32 55
9 2
40 14
56 12
61 42
19 64
25 34
22 77
59 9
13 52
48 22
89 76
63 71
30 93
56 57
41 41
81 35
44 27
45 21
76 69
92 41
85 25
4 0
28 29
73 74
61 78
3 12
17 82
30 45
76 39
28 84
76 34
35 50
64 42
2 9
0 43
91 69
94 71
79 42
3 80
61 79
78 21
88 78
15 46
5 77
99 82
28 7
88 85
5 94
9 88
97 34
90 27
58 54
66 45
78 12
17 98
85 64
4 88
2 89
69 58
99 47
62 4
27 1
55 26
53 85
85 6
63 30
22 36
55 38
96 55
19 1
36 66
87 38
98 58
4 71
78 83
60 54
23 70
96 71
12 64
81 17
40 65
25 72
91 12
10 25
12 14
65 49
71 25
57 85
82 20
31 16
0 66
73 24
93 89
94 25
97 46
46 11
43 45
18 72
84 44
48 35
75 71
7 20
15 33
73 27
5 50
58 30
75 94
65 5
62 38
63 4
60 34
76 65
27 50
24 83
91 94
59 52
13 30
26 10
62 77
19 5
71 7
10 61
93 21
43 6
97 54
3 14
96 10
41 66
49 14
32 8
81 20
82 46
82 26
68 10
3 94
93 79
81 69
17 36
34 0
94 38
58 72
66 65
51 89
9 95
8 10
6 77
67 7
31 87
89 31
30 56
99 40
10 94
13 44
51 76
50 54
22 53
98 27
61 3
38 39
56 21
54 87
65 95
53 63
76 73
37 52
21 66
91 43
75 59
92 25
46 78
38 2
71 35
85 31
39 31
10 74
97 93
81 23
62 62
6 85
96 51
91 62
36 56
93 97
69 12
48 65
97 66
41 23
73 43
5 75
10 23
45 69
29 97
38 80
90 13
61 73
40 58
72 16
24 10
86 47
55 87
58 81
39 85
32 60
23 37
23 29
3 51
62 67
27 60
80 42
58 98
94 80
45 72
17 14
35 66
16 41
47 54
83 79
78 16
91 89
74 15
2 18
12 16
80 38
31 9
64 83
3 70
8 12
87 94
40 1
64 18
64 6
98 8
32 35
26 86
95 94
39 45
50 26
62 94
78 29
73 2
1 1
80 27
24 5
33 13
57 57
88 87
76 14
2 27
30 34
27 86
76 46
70 85
67 72
49 46
53 0
44 47
65 8
14 29
90 35
20 8
53 6
74 85
50 58
77 58
70 41
93 51
6 1
61 15
30 84
78 50
91 81
87 92
40 93
62 20
9 1
61 60
48 50
42 62
89 47
85 71
68 73
74 6
72 79
97 87
76 32
97 30
56 50
84 27
61 54
78 41
21 19
66 55
91 21
57 9
93 65
4 36
1 11
27 77
20 63
91 14
56 87
64 63
58 21
23 12
25 83
31 45
91 49
36 17
59 54
42 58
45 80
68 63
75 27
14 20
72 58
43 91
82 41
17 23
18 79
70 49
18 39
12 65
41 81
83 45
48 4
38 53
96 13
58 67
31 33
54 99
30 66
88 25
89 53
53 77
11 22
56 6
45 85
65 91
18 43
99 94
48 18
42 76
34 79
82 64
58 25
78 26
81 22
93 70
9 37
27 37
22 64
49 90
47 71
49 38
8 15
3 42
99 78
51 31
16 32
46 87
35 3
27 81
74 1
17 11
19 85
26 35
57 25
94 83
43 36
88 57
66 61
36 80
89 17
39 69
77 97
33 12
53 2
31 53
17 47
76 22
23 91
49 94
77 49
27 57
55 99
66 18
81 87
51 62
34 5
91 58
73 29
13 48
19 88
6 7
96 93
76 4
79 13
43 11
89 26
41 84
25 27
64 45
4 68
72 56
52 73
55 28
46 40
37 41
47 98
8 44
38 63
61 46
50 3
35 29
15 90
87 95
30 26
68 6
96 74
82 60
74 27
72 72
5 83
28 87
72 52
6 52
35 31
42 37
81 60
59 45
12 0
82 73
57 41
55 62
85 75
73 92
33 27
6 86
99 30
90 59
50 56
82 98
95 38
12 8
21 29
31 6
40 24
93 75
42 40
79 66
25 81
42 96
44 6
7 80
3 34
9 82
44 75
43 72
48 86
48 79
53 57
94 23
4 72
16 17
83 93
52 59
63 49
79 76
79 0
21 81
89 20
56 84
29 51
21 6
93 81
40 44
11 2
36 74
65 86
8 28
68 7
58 27
48 88
87 70
90 48
53 54
83 1
91 74
15 85
37 61
44 7
83 78
38 12
64 35
66 50
70 29
83 42
91 63
68 44
19 80
94 93
37 77
0 52
88 81
40 6
39 51
72 5
86 1
80 41
0 34
76 93
66 91
61 48
3 32
53 30
52 62
38 22
40 11
63 47
90 80
22 45
14 60
78 62
55 43
32 10
12 83
87 35
33 55
65 99
77 54
99 55
64 30
42 38
49 86
19 26
72 88
63 84
61 30
84 54
58 66
4 82
10 51
53 49
43 35
92 24
44 67
12 27
20 80
73 48
62 34
54 81
76 21
37 36
78 75
70 34
6 82
68 25
33 22
96 4
22 18
35 26
42 42
9 4
48 78
59 55
61 11
73 17
11 67
22 71
74 80
21 55
27 34
72 13
39 71
48 71
98 25
75 35
1 6
68 89
26 23
56 75
78 77
60 77
30 44
62 17
3 59
40 80
81 73
67 87
87 46
80 11
87 90
22 80
41 28
62 19
12 87
69 71
72 73
32 90
34 8
53 26
10 4
19 9
15 42
85 79
29 3
86 54
21 21
50 88
4 15
6 61
38 46
48 9
96 5
53 36
24 79
6 75
74 22
18 83
49 6
85 50
55 69
25 8
44 45
64 98
47 7
90 88
11 99
27 42
56 42
31 74
13 64
18 4
88 44
73 12
88 84
68 30
49 27
9 59
32 30
98 39
43 10
87 34
70 94
48 0
0 97
41 82
58 46
59 28
47 26
1 4
68 46
62 60
88 75
0 56
58 68
52 52
66 89
89 13
43 80
33 79
52 72
93 50
92 67
34 46
90 98
12 67
20 50
39 10
79 99
61 33
29 36
46 80
74 63
50 21
11 64
0 73
48 21
82 45
11 53
25 37
89 93
78 30
32 52
21 99
56 34
86 95
58 78
61 87
45 19
23 73
66 74
41 68
19 77
24 51
99 38
79 20
34 69
12 71
57 28
18 31
55 52
53 39
80 99
16 11
53 15
92 40
90 96
11 34
80 69
33 97
95 83
87 17
23 86
57 74
76 35
53 99
62 54
32 25
61 19
65 19
25 78
91 20
86 63
21 94
46 48
54 79
59 94
48 30
77 32
47 99
64 86
61 4
63 39
85 36
83 50
60 99
96 49
72 69
37 99
61 47
68 34
53 12
15 0
60 9
1 62
82 79
71 42
27 29
16 98
16 35
39 16
46 29
23 51
41 78
3 69
58 97
89 92
7 47
46 50
24 18
68 83
80 43
39 72
68 71
11 54
87 93
1 71
92 15
84 31
51 68
53 21
97 35
30 9
41 20
75 12
47 85
58 38
71 4
22 56
84 75
94 94
93 28
99 95
38 10
78 18
79 5
31 24
69 25
95 35
71 43
59 25
65 24
6 14
85 87
70 7
68 13
77 76
32 9
73 70
36 57
59 61
87 88
72 98
7 36
51 46
32 97
23 21
1 53
78 78
92 38
46 25
36 25
49 42
71 22
23 77
31 63
89 66
6 27
25 91
40 0
47 89
91 13
15 60
55 29
5 98
3 38
96 86
78 48
26 96
67 39
70 26
92 87
58 76
21 70
68 9
44 38
66 21
60 56
73 83
42 64
83 59
90 14
44 84
20 78
11 85
15 73
18 85
16 64
29 30
71 51
61 16
13 75
98 91
76 10
93 42
12 84
9 84
35 73
70 19
91 25
44 52
21 56
61 84
79 27
12 45
11 62
55 85
84 25
46 95
51 45
29 79
50 97
66 60
18 32
5 6
82 29
30 29
95 85
25 98
59 86
63 93
99 11
36 38
96 60
87 91
12 68
9 19
23 6
93 5
79 6
36 37
50 45
57 92
35 47
80 65
74 24
12 79
14 85
67 84
81 40
2 7
70 89
23 98
68 65
2 97
4 14
22 46
35 76
41 48
79 32
84 65
14 16
11 17
48 13
92 17
71 44
3 48
63 64
33 59
24 26
8 63
96 65
29 7
71 71
41 7
78 33
57 5
22 84
45 64
43 95
70 44
59 2
60 78
19 93
44 43
73 81
35 90
1 17
21 74
94 85
32 40
50 66
28 69
59 32
53 90
44 3
41 8
28 60
1 94
94 73
61 56
82 57
27 26
33 91
75 7
36 46
37 49
24 29
47 6
57 62
84 26
32 88
71 48
19 16
70 36
83 94
68 80
14 7
68 87
41 61
1 77
2 31
46 16
9 51
42 21
7 78
1 97
57 51
76 68
85 99
62 99
86 97
81 13
37 18
68 67
68 88
89 43
51 87
48 20
86 99
82 33
99 49
69 40
86 92
3 84
76 50
93 56
40 19
75 85
93 83
22 20
54 56
41 72
74 78
86 96
57 61
2 48
61 90
69 77
59 78
89 62
25 71
61 0
42 65
97 27
34 47
96 67
88 98
80 17
13 94
87 80
15 92
51 74
21 5
98 88
6 11
54 91
71 13
23 1
62 95
21 95
28 83
19 59
15 21
25 58
91 46
70 23
14 36
76 48
66 22
5 96
97 68
78 92
21 43
95 0
27 80
43 58
25 49
60 81
59 38
57 58
81 90
73 4
29 33
98 2
58 5
67 75
90 4
93 61
97 1
54 0
20 53
6 21
83 77
7 10
99 64
98 72
31 58
54 94
33 45
57 53
94 51
46 37
42 20
15 32
53 27
13 10
17 8
48 37
65 17
83 70
1 5
24 72
4 5
4 65
27 17
40 31
85 95
91 26
25 66
75 83
66 17
37 88
93 27
18 30
2 46
50 8
70 95
74 73
6 15
52 76
46 99
85 21
27 48
9 6
47 18
57 81
40 42
10 27
28 54
41 69
61 88
55 55
67 80
72 38
98 34
45 24
68 19
74 2
41 56
4 90
89 73
0 36
8 18
89 8
42 0
68 22
18 44
60 68
47 57
69 21
78 93
37 48
76 95
73 94
75 13
13 59
81 81
23 14
69 29
74 4
49 35
98 52
97 3
51 13
76 80
38 18
28 46
22 39
2 87
76 16
86 17
11 50
76 79
53 1
42 28
92 31
77 98
33 69
72 17
7 61
76 78
3 21
79 18
12 76
49 57
2 51
47 59
12 37
66 30
35 36
68 56
80 59
16 59
69 54
82 13
84 99
32 74
32 28
0 45
8 27
45 87
52 97
78 3
55 88
55 50
57 96
13 67
12 93
34 56
81 88
92 46
31 99
53 48
94 7
55 94
59 24
69 75
71 26
30 27
32 96
96 75
62 41
71 94
39 57
74 7
10 47
9 62
67 37
88 32
9 13
19 71
42 52
44 62
10 65
50 57
61 68
1 80
91 92
90 21
76 55
74 58
37 56
93 26
82 76
48 57
73 53
44 55
39 0
3 27
63 0
85 53
5 97
12 35
64 54
69 59
24 66
53 17
48 66
87 41
52 23
92 82
12 4
74 71
67 42
19 62
47 97
65 78
24 69
12 29
42 26
60 80
88 4
32 65
67 29
3 9
15 10
59 56
30 5
21 33
87 97
6 42
58 61
96 35
58 88
15 25
18 90
98 35
59 4
56 41
10 83
26 51
89 27
78 65
74 26
59 37
36 47
89 14
17 50
39 91
14 83
99 87
81 72
80 86
31 49
68 36
69 33
27 6
70 22
49 61
8 0
29 60
63 85
5 12
30 4
40 26
4 93
46 30
62 5
48 17
80 30
71 57
67 36
26 42
52 27
64 52
76 99
42 80
28 66
4 39
37 33
75 9
75 8
16 25
18 16
7 7
84 93
64 99
7 40
80 95
85 26
92 86
22 43
80 5
45 62
61 25
85 72
54 12
52 19
3 67
94 90
58 84
38 54
78 66
78 24
0 10
56 97
17 63
1 35
31 36
25 86
30 55
74 65
51 37
24 86
1 7
41 38
0 27
59 95
69 49
1 41
20 65
53 68
6 62
70 31
42 50
13 25
28 78
75 54
14 31
9 66
71 55
66 63
64 66
12 63
46 61
56 88
53 19
54 48
79 64
5 88
45 90
81 7
51 1
65 2
2 88
50 60
90 93
1 15
26 43
86 71
50 94
32 14
32 72
72 29
49 88
28 8
61 94
85 89
21 28
63 19
19 63
4 47
86 93
62 47
26 39
47 81
19 11
50 24
97 9
57 37
14 30
45 37
24 78
4 42
49 63
55 70
86 24
62 10
59 0
42 5
75 4
70 81
56 92
51 77
83 65
20 73
36 32
94 46
84 13
4 8
11 65
92 34
61 9
6 23
38 69
45 42
92 57
42 35
37 62
70 69
30 41
5 76
15 56
63 92
17 54
5 60
17 80
88 8
14 75
95 68
99 66
47 66
43 75
8 47
96 1
84 43
58 57
77 33
34 18
41 26
21 68
43 38
68 32
16 40
46 10
31 43
11 24
31 19
9 69
53 43
83 91
65 46
33 57
9 55
48 2
79 82
44 46
54 8
63 6
51 86
60 70
7 77
47 17
63 7
17 61
47 3
8 54
49 75
16 14
78 20
17 93
92 91
39 48
70 68
35 21
75 82
27 53
3 64
8 3
82 53
34 52
64 40
46 64
29 46
56 65
37 65
1 18
31 35
84 46
36 16
86 0
96 95
13 32
49 32
9 3
44 63
99 29
74 66
80 40
52 48
34 75
14 51
34 49
82 84
62 88
89 84
35 80
84 8
84 41
91 70
80 3
37 10
30 97
70 2
62 80
13 23
83 53
75 51
22 50
41 53
48 29
87 55
52 93
70 45
47 2
53 82
90 19
55 0
14 80
97 53
67 71
74 82
32 94
34 24
77 84
95 24
62 90
67 40
85 45
10 92
79 48
14 43
18 3
40 74
61 86
96 6
60 96
45 55
90 47
55 74
2 59
8 1
52 89
88 38
34 55
69 10
72 82
63 13
30 6
41 18
36 69
9 24
23 47
84 42
97 89
23 93
59 5
50 55
74 62
60 69
83 97
87 12
57 19
60 40
68 64
13 89
85 40
60 62
91 19
12 25
56 47
95 89
66 84
2 95
24 37
13 11
94 76
76 66
16 30
21 51
57 93
68 37
40 40
90 77
7 0
97 74
47 49
37 71
55 76
26 18
93 16
54 40
43 78
93 60
26 87
59 21
69 44
57 2
15 53
48 49
29 26
80 23
44 18
56 15
50 90
5 45
80 68
33 60
68 60
82 59
68 33
66 94
21 83
0 82
9 53
30 89
2 80
4 56
24 57
78 52
74 28
47 24
33 29
85 34
60 82
30 38
71 90
27 96
82 62
84 85
48 41
84 36
3 52
39 15
5 33
92 27
84 69
49 73
79 12
48 19
35 77
88 74
71 59
59 98
62 44
6 46
34 14
5 68
93 55
46 17
70 42
90 18
17 57
93 6
8 72
98 43
66 44
21 37
24 34
6 17
75 43
98 48
96 0
53 11
54 44
61 57
68 43
54 50
75 96
83 73
51 8
45 88
25 48
65 74
35 99
58 63
0 68
89 79
41 12
42 32
76 90
78 56
44 98
25 64
48 72
55 61
60 91
89 87
22 75
58 13
58 14
85 14
68 14
1 52
5 31
38 35
1 42
92 45
20 12
61 83
77 41
53 37
17 12
0 28
28 27
84 40
12 41
58 90
83 84
8 99
47 43
12 24
41 0
65 85
98 26
79 50
87 89
17 37
5 86
88 27
10 26
97 25
68 27
58 17
72 97
65 28
23 38
3 7
58 69
80 15
22 13
14 27
74 32
23 4
13 57
53 71
62 18
0 18
87 85
94 49
25 82
34 4
10 37
99 20
21 52
1 74
97 94
58 10
98 87
97 8
65 82
67 52
26 17
20 40
14 18
8 49
38 56
13 71
46 34
82 69
95 49
25 55
70 77
55 54
54 36
11 23
97 6
29 45
44 64
28 43
12 40
33 99
6 96
75 69
2 21
30 40
36 50
49 84
2 15
53 74
85 83
70 57
46 39
69 72
2 42
9 29
27 3
96 38
86 44
69 86
68 96
74 99
81 1
45 94
3 2
1 43
46 44
20 89
6 36
46 97
90 43
73 39
68 2
50 15
10 6
35 37
24 23
92 65
68 12
99 58
37 79
88 65
42 18
85 78
41 4
26 93
40 92
75 95
5 46
17 53
69 17
15 77
46 60
93 57
3 88
25 80
1 0
57 80
47 69
42 56
62 31
34 28
76 92
71 65
84 76
81 99
2 16
90 0
57 26
44 69
7 25
39 14
57 16
7 24
8 97
75 36
41 39
9 71
89 65
41 71
99 16
96 42
95 25
10 82
31 15
10 50
52 26
61 64
12 96
40 15
70 8
52 43
23 27
57 11
79 46
6 69
19 36
2 94
44 16
48 61
81 67
73 79
10 87
0 19
14 10
40 86
40 97
98 54
73 89
70 11
98 78
64 57
28 94
92 32
63 21
17 19
8 6
5 35
65 53
42 39
32 4
70 14
54 21
51 3
21 92
69 67
33 33
20 49
78 1
72 46
69 57
45 0
54 11
54 62
80 85
32 81
35 53
26 7
14 93
85 15
77 3
72 42
4 38
20 22
21 35
98 22
53 69
31 3
60 66
12 50
31 1
73 65
6 68
92 7
59 66
49 65
53 89
19 24
24 81
21 23
64 32
76 85
94 12
65 35
46 28
85 51
73 47
80 64
37 68
13 37
99 48
15 39
36 79
52 58
37 50
33 70
77 50
50 10
21 34
92 83
62 69
10 77
99 25
41 9
6 9
0 64
92 63
71 52
78 67
40 82
51 60
57 3
64 68
67 45
43 8
73 30
49 91
39 53
65 20
74 49
70 12
10 90
72 40
27 82
43 77
50 0
56 24
18 14
34 16
29 5
56 61
14 4
65 18
75 6
65 50
40 30
13 56
33 52
78 6
28 95
59 81
39 49
68 41
73 68
7 58
44 79
44 53
7 38
18 10
87 43
56 80
85 1
89 6
68 50
17 89
3 98
14 57
9 28
29 8
23 41
79 80
28 49
76 18
28 14
63 27
97 98
51 93
78 95
60 74
84 50
60 27
11 57
8 45
79 15
89 67
42 51
38 6
56 39
98 7
51 84
55 77
55 63
77 88
66 39
50 12
97 24
93 38
45 27
73 72
19 95
83 38
14 40
89 22
13 9
37 19
37 20
22 51
35 57
79 78
7 49
64 36
20 92
3 24
85 5
78 36
78 15
37 84
86 43
74 11
66 70
38 25
26 40
31 32
59 50
4 91
59 17
28 41
72 19
11 42
37 21
8 73
59 29
98 73
45 15
36 81
36 77
98 76
52 0
52 5
4 75
77 77
63 52
30 95
73 46
79 3
29 32
64 50
66 23
21 79
3 5
56 53
82 8
93 35
6 39
6 81
50 53
51 91
5 73
1 40
66 92
16 4
5 0
42 11
35 11
88 72
43 54
86 77
83 88
51 83
23 79
84 94
77 39
59 84
26 77
12 30
41 89
21 9
62 97
10 68
1 59
33 90
53 76
81 36
7 85
24 74
70 97
57 76
79 22
42 59
95 28
49 16
30 30
28 59
50 41
71 37
36 12
30 33
95 54
80 75
48 94
38 67
56 96
77 91
39 4
53 4
57 1
24 45
23 25
12 61
46 13
70 17
73 45
72 30
30 8
31 20
13 95
77 10
53 66
71 67
20 47
65 90
73 51
95 12
94 97
42 95
2 17
43 90
62 63
98 83
29 63
68 51
38 62
66 31
13 36
35 12
74 76
