100 3
26 79
48 1
45 55
1 3
59 89
12 95
36 35
40 84
7 20
87 30
1 53
16 54
78 81
89 75
42 71
47 7
43 0
67 0
87 94
32 90
79 25
40 76
67 41
14 89
48 26
49 79
10 50
20 25
16 9
59 51
46 62
69 46
6 46
37 30
65 67
48 74
39 4
42 40
42 41
70 40
79 96
42 6
23 70
57 24
47 81
74 2
90 50
81 48
50 95
65 9
90 63
71 84
64 13
2 54
31 89
54 79
68 19
93 72
31 88
33 50
93 44
97 25
86 70
0 16
50 52
92 40
99 82
86 52
85 8
80 95
34 50
17 19
61 91
20 28
36 71
17 98
24 56
52 8
92 42
68 15
21 37
39 92
64 0
24 14
84 8
53 37
33 68
62 54
25 61
34 16
55 20
19 35
21 46
86 26
27 11
56 8
69 26
30 38
28 93
84 89
65 77
46 29
75 24
77 29
93 23
30 36
46 10
73 54
15 58
85 82
40 72
49 64
8 82
28 38
36 88
27 53
96 94
13 78
26 25
35 75
98 91
90 48
96 41
53 47
78 77
36 98
73 0
17 83
19 24
1 29
63 80
9 54
0 60
28 33
84 73
41 73
58 73
47 53
83 47
46 99
90 33
73 98
83 74
53 13
28 3
19 32
31 57
9 48
16 46
29 69
91 40
22 67
67 16
43 35
52 22
98 84
27 98
59 32
18 69
41 0
33 32
89 68
72 41
54 18
94 28
76 92
51 98
32 54
86 9
21 95
19 11
49 24
97 40
77 7
25 64
32 57
12 71
51 34
9 9
50 44
73 78
32 1
8 6
43 26
34 20
9 34
88 54
3 93
67 49
58 14
34 40
42 54
87 19
78 78
45 71
62 64
3 66
37 59
6 33
60 3
65 90
28 19
66 70
43 81
53 29
51 13
0 27
44 74
97 49
30 4
43 80
24 25
95 19
92 82
41 53
69 43
62 71
1 23
88 31
84 22
70 85
43 67
59 69
61 77
32 86
45 88
36 59
22 71
1 50
20 59
76 19
75 2
20 83
69 35
44 11
72 66
10 2
66 80
84 30
19 84
52 23
23 34
58 84
49 59
88 9
94 74
45 95
30 59
87 93
49 17
10 93
80 42
26 58
33 59
79 87
14 61
74 48
33 70
63 50
56 18
10 45
93 40
95 43
21 52
20 18
13 6
15 15
50 79
35 0
74 94
17 32
85 5
24 66
36 29
62 56
96 0
85 34
45 72
84 81
37 26
52 40
8 68
85 79
3 45
69 78
36 73
34 91
97 22
64 65
4 82
79 88
63 13
18 81
1 84
16 88
1 6
20 46
63 30
89 88
0 86
10 58
57 92
40 34
37 42
9 61
5 84
38 13
61 43
71 66
98 15
18 61
39 33
56 39
9 30
65 42
0 90
55 49
57 52
94 81
44 81
64 91
75 56
6 18
94 17
46 76
5 68
28 13
95 89
12 52
80 51
61 71
88 67
68 51
67 96
62 34
45 98
30 24
78 45
74 66
97 33
85 11
10 91
34 37
34 78
7 61
23 42
19 61
2 97
2 11
86 38
30 56
53 4
5 14
33 39
69 75
36 17
68 38
90 97
76 79
66 34
11 8
47 35
51 75
9 92
3 17
41 26
15 63
58 49
22 24
59 93
49 41
86 40
8 95
95 10
70 46
91 6
60 68
76 60
47 10
64 63
81 41
88 98
3 80
27 31
93 38
50 38
93 92
52 72
44 12
16 12
51 17
44 41
72 6
46 37
96 69
67 69
24 29
44 30
94 50
25 11
24 52
87 97
25 15
89 0
42 47
81 45
22 56
72 85
76 14
68 8
74 79
4 83
92 20
23 49
66 83
2 13
87 64
91 30
26 67
8 63
1 2
25 29
16 24
15 34
41 2
74 57
50 42
61 31
11 7
76 80
1 58
47 42
12 66
31 4
96 79
33 19
71 2
98 3
36 39
10 40
36 82
45 8
85 13
99 36
9 4
64 18
70 94
43 83
44 35
81 52
27 15
60 86
61 84
70 11
4 39
40 54
25 84
96 91
90 94
22 64
82 86
48 5
6 88
24 20
7 1
43 57
63 58
25 82
67 88
48 14
32 80
74 35
20 60
93 50
96 13
28 48
21 71
62 59
81 59
96 22
24 99
15 35
17 59
4 4
73 83
19 18
5 38
81 55
20 38
73 25
97 83
3 68
94 84
53 26
84 63
41 94
58 48
89 2
63 21
28 6
48 57
57 30
12 47
76 8
31 36
19 9
43 47
44 55
15 0
92 28
41 6
60 69
74 44
1 92
25 80
73 19
25 88
39 5
48 54
49 18
45 6
32 33
76 91
72 75
82 53
18 58
70 65
73 43
81 56
45 74
13 82
34 0
9 50
20 90
12 33
53 86
68 78
26 16
98 5
58 65
58 3
10 0
57 3
62 58
1 56
75 70
11 23
37 5
67 45
35 81
66 49
22 17
33 67
49 71
88 49
90 21
75 94
33 86
12 93
7 85
40 49
35 67
38 8
44 39
72 21
24 4
7 6
92 74
6 6
75 42
11 11
9 38
0 8
20 48
92 30
37 31
13 19
58 93
11 43
61 63
92 25
97 9
46 48
42 23
84 32
9 65
6 40
9 91
10 3
33 47
8 33
39 9
46 68
74 45
83 70
24 9
77 72
12 84
33 95
15 93
11 62
10 48
88 59
14 87
62 27
40 70
71 17
28 71
52 57
89 90
87 22
24 92
90 67
24 94
47 18
86 83
61 98
18 57
31 38
51 84
61 75
4 22
50 34
34 75
56 46
69 30
4 53
65 75
3 30
79 89
26 89
18 68
2 32
57 54
4 65
30 11
65 64
67 61
76 95
51 91
23 72
52 96
48 27
27 80
90 18
79 48
46 3
70 92
77 24
79 68
76 33
79 1
52 98
95 24
59 49
59 97
51 14
70 22
32 17
18 5
40 63
5 43
78 89
70 91
13 33
82 54
12 57
50 10
65 54
89 76
26 51
17 80
45 75
50 47
83 78
72 29
60 49
27 40
82 34
58 40
34 65
42 67
12 94
99 38
64 34
56 88
4 23
10 77
29 41
77 0
96 4
38 81
21 31
70 97
99 40
10 62
30 1
83 37
35 71
25 97
26 50
11 41
62 60
24 37
17 22
85 10
28 72
44 73
9 69
74 37
89 31
69 45
99 20
73 49
93 79
3 70
37 37
55 86
24 76
13 55
14 17
63 59
29 86
11 45
63 27
42 8
82 69
60 0
24 55
98 22
58 31
97 68
38 47
99 0
51 71
73 17
41 13
43 40
57 34
70 80
24 27
76 86
45 11
69 88
72 64
6 70
59 76
59 12
1 24
3 53
19 76
30 9
36 78
37 71
69 14
57 88
9 90
15 9
44 75
66 39
19 71
20 32
45 4
40 95
46 98
74 5
5 51
0 65
94 7
66 63
19 25
4 41
69 67
69 12
55 27
30 16
46 45
22 8
75 92
67 11
99 48
7 75
60 26
6 34
6 35
68 28
36 68
34 96
34 25
63 16
18 16
62 62
54 9
53 18
15 3
18 76
32 16
75 22
15 12
64 16
13 77
83 61
24 0
88 71
63 12
22 66
35 60
12 73
32 62
30 70
37 33
93 56
8 50
16 80
56 42
0 32
79 3
90 36
69 31
3 92
71 28
78 15
83 42
48 75
97 58
63 68
75 18
12 29
28 41
17 34
83 90
43 71
11 95
21 58
66 91
16 10
1 63
44 23
12 90
61 81
56 68
98 71
60 61
48 96
12 99
4 89
19 43
8 38
28 67
99 42
15 37
32 13
85 25
20 51
54 88
90 15
16 72
23 1
76 31
27 5
6 43
75 73
58 70
26 32
26 69
80 54
70 67
56 35
8 91
3 65
65 86
24 17
49 50
66 5
18 17
88 88
47 39
12 15
60 91
40 14
18 73
26 24
20 0
64 70
9 89
80 7
53 12
99 94
11 78
81 65
78 74
81 15
66 13
26 38
47 94
55 37
29 77
31 72
52 67
46 60
45 24
52 14
58 15
8 23
26 98
5 74
18 82
62 31
49 54
16 34
79 92
94 26
20 49
35 66
50 30
28 37
7 51
79 52
41 46
1 76
56 24
91 10
68 3
35 80
13 99
68 6
26 77
61 6
79 11
61 92
73 28
86 41
85 88
84 56
28 65
74 53
3 48
28 96
28 82
17 65
82 29
17 54
35 43
21 93
6 77
44 21
64 92
66 0
34 60
63 67
9 79
82 79
51 38
28 8
46 25
53 94
22 80
30 62
58 1
8 59
61 9
0 41
72 15
54 35
86 81
26 41
23 95
77 23
52 56
58 77
17 95
96 89
45 37
91 41
10 66
27 32
83 28
45 97
67 35
50 54
50 29
71 9
44 84
14 8
11 84
33 99
21 40
53 40
13 10
57 65
40 11
98 85
73 31
47 80
80 2
76 25
80 96
43 21
10 49
37 10
86 87
32 76
74 70
46 78
52 35
78 49
4 15
35 10
92 22
9 35
32 52
94 68
74 43
97 46
74 84
80 68
36 15
77 83
2 0
5 63
51 8
40 68
62 7
49 91
79 81
86 43
64 25
35 34
22 78
3 14
87 82
66 43
42 83
95 55
10 19
83 41
78 7
59 96
77 78
61 18
77 12
59 22
73 95
2 51
48 25
65 43
36 1
97 70
92 59
42 32
48 73
55 14
78 97
62 49
48 19
32 70
2 48
82 63
60 70
19 81
95 63
87 73
64 77
49 58
11 61
69 87
5 58
97 85
86 78
49 16
45 29
22 72
22 87
25 52
89 37
67 39
33 83
53 46
5 20
60 32
38 16
30 47
12 51
92 62
33 23
65 10
93 55
57 19
2 19
94 59
94 51
11 74
61 60
80 3
72 87
75 12
81 77
77 92
9 81
25 23
4 17
26 0
81 80
61 7
58 34
7 98
15 32
39 17
41 58
39 15
28 57
89 56
56 12
90 73
70 15
77 86
67 47
53 2
90 22
81 22
90 28
60 45
78 73
89 97
23 51
54 31
62 61
0 17
93 93
93 76
95 16
25 48
3 79
51 58
3 78
6 59
9 16
44 46
82 66
47 32
99 69
37 1
64 78
96 6
8 48
41 47
99 51
76 30
54 72
86 10
25 81
98 58
81 33
67 66
97 2
12 24
44 44
24 26
78 68
78 54
28 25
79 29
42 63
59 2
32 84
65 83
78 40
66 38
98 97
49 11
88 32
12 16
19 72
74 19
42 94
78 58
45 30
61 47
14 62
25 60
39 81
4 72
78 99
82 84
33 6
11 34
20 87
19 10
82 90
84 51
26 99
10 15
87 58
57 4
62 14
44 54
41 24
71 98
87 18
97 36
15 84
23 90
56 97
98 65
49 36
97 0
53 1
58 59
61 74
85 4
10 81
52 4
79 72
88 35
48 21
18 32
96 27
19 97
53 38
35 59
64 41
12 46
90 68
62 23
25 40
15 17
75 9
5 75
12 11
9 39
44 66
73 51
16 94
37 4
1 82
85 63
48 59
16 70
0 0
8 15
20 17
36 0
34 34
24 5
80 85
63 3
14 64
97 80
1 21
62 39
43 19
68 49
44 0
11 89
1 13
29 51
31 93
20 2
84 91
39 21
5 34
24 91
18 42
73 96
38 15
96 92
45 21
70 68
81 73
45 18
14 60
9 31
48 68
72 65
45 59
35 29
1 83
18 75
22 18
47 66
47 91
44 61
0 50
68 16
97 38
38 87
42 37
44 78
21 4
82 74
6 2
10 32
45 93
8 3
80 40
30 94
97 13
70 47
77 93
59 73
73 2
67 80
58 86
99 58
54 73
6 84
14 90
71 35
59 55
30 54
60 88
71 10
14 70
69 22
71 82
52 93
56 37
84 96
60 60
89 71
49 39
2 45
59 19
77 55
32 63
41 59
20 57
55 40
52 45
63 97
33 55
29 93
29 24
97 57
31 48
22 97
50 11
21 69
38 55
62 46
53 99
49 25
18 4
44 96
29 99
62 47
73 40
24 40
50 84
19 62
47 34
30 99
60 8
17 16
55 26
4 13
36 76
63 57
58 18
31 23
99 10
37 44
74 72
75 25
40 38
5 47
20 40
4 91
96 60
17 75
28 94
80 38
68 12
74 38
2 66
71 21
74 33
63 53
40 90
17 78
11 51
47 93
6 25
50 3
95 40
87 5
6 21
79 8
96 87
39 23
97 14
87 43
74 24
71 79
96 17
89 52
93 30
5 19
68 89
84 62
33 51
19 88
5 16
53 71
59 70
10 21
4 37
21 1
15 43
51 80
21 70
67 7
87 54
19 6
45 15
90 11
57 67
86 57
92 44
37 14
54 26
11 14
36 86
76 68
22 4
85 20
52 5
52 60
80 41
39 86
2 26
87 76
43 18
0 54
0 57
46 41
62 32
18 91
41 39
26 9
23 25
76 77
1 90
3 35
1 70
74 77
82 44
66 7
74 25
66 72
28 59
35 47
99 30
19 22
15 77
94 42
38 53
58 11
30 93
63 19
43 7
2 82
34 67
89 4
42 35
84 57
83 23
35 52
36 36
48 36
70 98
66 35
16 32
18 35
34 72
54 27
21 26
60 66
11 32
54 49
73 97
26 42
57 44
92 56
68 44
90 51
27 76
34 35
83 14
20 66
19 8
90 20
90 34
59 68
47 2
64 11
83 34
80 94
25 78
62 99
30 42
63 41
41 29
25 94
66 3
70 0
36 38
35 49
25 16
30 82
42 31
9 53
15 29
67 93
41 75
62 53
82 99
85 42
54 52
50 82
81 61
45 20
56 30
43 32
66 45
10 74
39 59
33 92
69 74
77 38
39 62
41 63
34 53
44 93
5 96
50 85
93 54
52 31
29 33
32 53
98 83
72 7
19 20
49 98
0 63
80 98
45 41
1 89
18 97
95 75
86 60
41 62
61 61
69 95
42 22
93 10
3 41
72 31
62 22
50 96
33 72
68 83
70 49
74 16
50 73
82 57
13 24
34 33
42 36
71 36
45 32
0 92
75 46
29 84
40 42
30 84
86 33
72 33
38 9
15 75
74 6
91 39
39 78
97 45
6 47
24 88
26 71
48 65
53 28
38 61
13 48
33 58
6 51
85 21
72 60
8 29
50 6
6 61
90 41
54 90
46 89
49 35
28 58
65 25
3 34
21 6
31 49
56 72
66 94
20 22
35 40
67 94
86 5
45 76
44 77
44 79
43 52
28 56
98 40
76 93
9 82
92 97
93 8
37 85
97 93
59 39
7 8
71 41
48 7
76 54
4 12
25 5
89 95
17 51
33 44
32 91
60 18
3 12
4 30
58 41
25 37
11 42
68 2
15 66
45 48
38 79
62 57
21 79
85 68
88 81
0 76
69 55
70 89
41 69
11 18
79 7
33 53
12 70
35 99
73 57
26 29
48 42
54 77
57 71
82 40
16 76
74 88
8 47
93 52
58 56
25 36
40 24
67 36
43 86
31 32
35 87
25 95
61 30
62 10
86 93
25 53
41 4
13 42
50 45
49 3
89 66
14 7
67 5
91 54
15 89
3 88
72 91
34 28
74 97
66 16
12 41
29 32
56 22
33 97
67 89
80 29
7 97
60 89
94 37
15 24
27 46
80 37
87 69
89 74
68 23
93 15
91 29
76 58
5 56
26 57
70 90
90 74
48 55
87 13
0 89
76 99
60 87
74 17
78 9
48 58
74 86
7 23
75 19
59 40
44 67
11 80
39 98
31 41
80 80
59 87
51 81
12 1
2 62
9 49
96 25
67 8
5 81
82 58
16 65
48 22
11 47
31 21
10 78
15 88
38 89
77 49
45 26
89 57
57 53
72 8
24 79
68 84
89 77
8 92
52 76
38 38
2 34
68 35
66 2
55 31
68 69
69 99
69 91
50 7
88 6
42 11
32 56
84 88
58 97
53 60
67 6
39 54
88 65
53 3
36 63
88 53
27 48
25 30
35 24
55 99
44 10
9 33
10 8
78 67
3 54
15 33
67 29
64 90
81 34
40 30
86 13
25 20
58 67
65 7
5 13
96 55
83 48
17 14
73 1
56 44
31 25
10 53
12 88
72 18
86 61
4 16
7 18
67 73
34 36
80 65
88 57
6 95
21 49
15 11
24 89
15 86
12 61
38 69
28 81
22 94
81 10
51 79
17 99
46 97
48 50
12 63
51 36
46 58
52 37
36 54
81 46
55 21
32 92
17 24
13 32
57 17
49 75
72 99
32 55
75 4
57 6
79 23
12 83
39 74
75 93
86 15
61 35
67 50
59 7
52 46
27 52
51 78
87 28
20 85
19 42
67 23
27 59
82 37
97 7
67 22
1 69
66 77
47 84
95 71
54 54
95 18
38 91
13 17
70 58
24 61
60 55
77 53
60 1
50 14
0 9
56 89
80 1
50 20
94 36
59 86
34 63
15 50
41 95
27 23
57 60
45 68
95 7
30 95
97 21
51 46
2 75
82 2
12 74
88 39
99 28
92 0
37 64
31 27
75 6
31 51
38 65
16 58
13 4
85 43
39 41
32 65
33 82
98 81
53 58
68 75
85 98
21 61
65 55
95 9
67 15
5 82
16 1
89 79
56 56
46 9
70 45
65 74
36 92
28 42
85 29
90 64
26 62
26 17
76 66
42 56
93 98
16 75
64 30
84 12
97 72
2 10
64 66
84 48
11 52
10 5
48 90
49 65
93 31
31 83
68 1
39 6
25 87
89 42
35 53
4 94
4 88
7 68
11 56
13 52
13 70
35 57
64 79
67 17
24 47
12 26
31 6
35 58
17 81
28 44
0 10
75 21
29 95
77 95
67 55
65 96
18 64
21 92
96 39
37 36
8 45
2 37
0 39
5 21
72 72
53 20
88 27
0 42
93 5
93 35
44 20
89 26
35 70
73 15
81 20
86 17
11 83
41 10
2 46
57 78
62 94
9 88
94 85
73 27
94 33
77 15
49 19
28 26
80 82
90 82
45 44
1 47
29 0
49 49
72 47
43 15
88 22
67 37
0 30
38 73
9 57
81 11
5 86
26 78
80 23
3 58
80 87
48 29
55 28
46 91
84 93
86 6
51 87
78 44
8 2
72 84
22 7
80 56
23 26
0 4
54 12
4 62
4 63
21 99
89 45
20 75
9 0
20 68
60 84
84 68
8 75
53 25
83 73
34 6
85 66
21 51
46 33
53 56
6 39
97 6
54 16
26 75
99 24
42 65
62 48
1 40
90 70
59 6
4 92
11 79
53 10
9 26
76 81
78 87
55 70
53 50
91 78
95 49
67 31
16 86
42 49
38 7
10 26
19 12
0 81
48 4
27 38
71 72
89 35
99 88
75 98
35 54
77 59
79 28
55 65
28 77
44 58
9 44
11 88
22 63
4 38
50 97
68 70
31 45
34 9
70 5
72 93
58 43
98 55
8 8
95 58
21 50
82 9
92 99
78 38
69 47
38 1
30 27
47 60
91 69
79 50
40 50
6 10
84 0
86 45
64 88
34 10
97 32
0 46
25 49
92 58
24 90
69 42
59 82
87 81
72 46
2 91
31 33
98 42
88 50
35 12
25 46
17 93
15 55
92 60
27 58
64 24
11 27
16 55
80 84
94 56
89 89
75 13
50 68
70 42
0 95
90 56
41 28
30 29
60 16
25 69
13 18
14 63
77 71
4 64
59 8
43 77
61 58
29 97
87 61
26 81
77 9
97 96
25 73
95 87
56 54
75 30
20 37
76 70
96 72
76 72
68 57
68 73
77 13
51 70
61 54
42 90
19 19
75 78
25 7
34 69
47 79
65 32
37 58
90 12
18 60
55 32
93 97
78 66
35 92
6 19
22 25
25 8
93 68
95 83
38 83
49 56
1 32
4 14
25 27
2 43
42 69
98 75
84 99
87 96
71 65
24 38
23 85
58 17
95 59
59 0
48 78
84 1
13 74
92 83
6 86
88 66
3 16
25 28
26 35
74 46
23 57
73 39
52 90
10 64
21 30
19 38
92 16
56 45
56 0
55 61
54 43
26 1
97 41
37 3
60 97
57 20
98 31
17 49
48 53
12 12
6 72
29 22
22 79
76 90
94 29
8 31
5 11
48 92
56 79
89 17
33 17
90 80
61 94
51 3
54 24
59 47
32 79
35 46
99 71
10 7
88 34
78 95
7 83
66 59
6 37
96 49
96 73
14 21
38 28
37 87
62 24
33 91
10 54
79 41
42 39
70 75
22 30
88 51
5 54
70 35
47 12
82 82
87 46
61 11
23 19
71 24
7 24
98 2
96 3
52 47
83 86
33 60
92 31
8 72
71 8
32 32
84 78
68 60
84 86
32 95
23 86
83 31
99 12
42 3
87 1
25 65
8 58
77 87
19 49
39 47
34 11
22 55
37 21
37 51
56 77
76 35
41 88
63 64
85 99
11 40
80 8
83 43
81 2
76 26
24 21
91 5
99 41
9 76
79 39
7 79
76 84
91 58
20 4
34 17
25 3
68 17
86 16
17 44
96 74
72 90
41 1
39 52
54 98
85 70
68 20
90 99
34 83
58 80
23 68
45 47
71 93
31 19
48 63
16 6
37 34
30 81
68 30
11 72
87 75
6 93
23 7
56 25
46 46
5 87
75 64
14 98
90 88
84 11
76 57
21 82
65 44
24 23
53 68
36 22
9 2
70 76
55 45
29 45
28 7
49 92
2 60
39 90
70 16
39 39
20 74
36 2
19 27
15 1
45 64
9 42
61 33
87 52
46 16
20 62
23 40
67 63
95 2
30 13
73 87
32 15
98 49
9 40
42 24
82 88
72 79
27 13
22 75
0 69
46 86
55 10
86 56
65 15
93 63
49 73
77 54
54 10
66 37
74 63
81 86
79 46
20 63
26 20
98 50
5 46
14 56
71 87
41 45
94 52
99 21
5 60
45 25
45 34
65 51
12 91
73 42
86 73
48 48
75 67
3 75
34 39
42 52
22 49
76 24
54 1
90 98
68 55
19 66
16 28
57 31
46 39
71 55
21 68
61 29
76 82
59 14
80 93
48 71
2 38
94 67
75 91
69 98
93 41
18 86
3 44
78 30
69 41
17 73
40 9
83 92
29 23
48 77
74 82
22 77
32 81
52 38
29 21
28 95
11 4
2 81
6 8
63 31
99 2
15 80
6 97
3 71
1 15
90 42
16 43
44 3
87 79
15 94
79 83
30 65
3 43
37 35
94 30
33 79
39 26
10 20
13 60
10 73
13 72
1 30
33 80
15 98
21 59
12 60
19 86
69 54
32 99
58 91
42 43
41 40
46 96
84 5
79 73
43 82
71 0
49 77
23 3
90 76
58 53
4 21
98 56
2 14
79 86
46 81
18 52
86 98
90 6
92 90
10 30
74 67
85 75
39 75
34 19
21 34
93 96
95 73
16 98
17 63
91 11
40 12
54 78
92 46
65 28
38 80
18 84
66 10
55 90
14 24
58 7
8 74
12 6
38 22
74 71
70 59
7 95
69 84
64 31
44 57
48 28
8 44
63 96
38 62
62 6
95 42
54 58
36 70
89 22
65 18
22 44
99 46
75 38
88 83
51 59
28 5
94 65
47 88
12 14
62 8
31 2
24 77
52 77
42 55
55 29
73 10
25 90
37 76
20 79
4 51
46 51
82 43
4 58
39 80
50 37
2 27
2 15
15 38
62 69
50 80
38 93
63 69
17 53
6 65
53 57
71 71
64 35
16 38
23 59
71 3
72 34
20 94
47 33
0 13
25 6
85 24
47 82
22 6
80 62
65 47
82 22
91 2
49 33
73 65
82 15
70 8
18 71
28 30
92 29
43 64
81 27
58 85
74 15
17 74
41 55
95 26
45 45
76 28
61 52
83 17
59 60
49 62
40 67
29 18
87 12
51 47
55 24
30 67
68 98
88 52
14 75
9 13
24 72
38 19
75 77
37 80
97 65
0 43
90 40
31 91
50 31
34 4
34 89
40 7
12 19
89 61
57 41
82 68
12 65
19 23
50 40
47 71
36 42
18 77
80 89
52 25
68 40
58 21
13 93
0 7
66 9
25 17
99 14
85 22
47 85
46 1
98 43
63 23
31 31
63 42
36 44
93 57
46 6
45 36
82 59
25 19
68 81
74 96
49 5
56 80
30 39
90 75
36 9
90 46
6 9
55 97
44 69
54 56
36 46
31 85
0 87
41 76
64 38
57 39
15 23
71 33
60 34
69 59
36 28
27 72
42 84
27 81
13 28
9 58
55 38
44 95
77 84
33 1
90 10
9 72
30 28
58 22
7 14
57 72
55 25
4 31
35 69
36 61
48 72
26 87
23 23
33 45
27 24
87 8
2 87
15 73
98 78
5 89
13 56
76 49
40 36
28 54
42 13
13 63
3 77
41 86
70 19
39 30
12 30
1 18
75 32
27 71
52 82
60 67
92 9
87 41
41 50
18 45
61 44
36 90
4 29
8 7
67 86
94 0
19 77
64 85
16 4
22 21
6 13
25 89
58 63
77 19
85 56
43 54
75 80
54 86
42 61
77 66
6 15
26 94
49 96
33 9
12 0
56 13
57 36
36 21
14 84
59 78
40 58
34 43
21 44
50 86
94 70
4 44
62 92
87 15
22 45
79 63
20 89
50 26
2 86
32 35
67 25
76 59
77 89
26 48
65 95
7 96
25 62
75 85
30 8
35 2
42 99
64 96
76 44
49 1
19 52
88 41
17 61
35 78
81 62
84 38
90 96
90 9
97 94
57 40
47 11
85 72
17 27
27 99
56 93
57 75
14 96
86 2
7 66
13 80
17 4
18 94
23 94
5 3
1 33
1 96
18 36
50 78
6 68
6 52
40 32
55 96
36 96
85 37
88 47
44 68
61 97
89 54
65 91
20 21
91 49
76 36
76 63
6 58
23 74
57 29
83 11
95 77
54 69
98 11
73 41
38 77
6 67
16 47
84 94
23 93
81 78
1 75
42 45
68 53
13 73
46 61
6 17
24 73
60 40
65 68
75 82
90 84
87 31
40 73
86 7
51 60
41 71
63 15
40 96
23 53
46 49
87 34
45 16
88 96
1 25
94 75
91 79
27 16
58 82
54 92
21 17
46 32
44 72
68 99
47 29
75 84
39 70
27 33
40 98
6 78
38 57
92 43
89 62
35 42
72 25
82 28
21 27
11 67
60 41
35 64
61 51
10 18
71 92
44 89
40 78
32 47
74 20
65 30
31 42
94 86
96 48
32 37
77 27
89 87
0 64
89 24
0 91
23 24
79 43
61 42
4 5
69 10
96 9
91 66
51 28
22 15
26 97
28 0
0 22
60 79
45 52
87 21
71 73
23 10
9 85
41 30
17 6
84 31
89 70
26 14
94 76
58 87
29 17
41 19
55 43
75 41
63 91
69 37
10 11
39 43
53 83
93 64
90 16
26 70
84 71
4 60
1 87
22 73
76 12
44 48
80 10
11 17
33 20
31 8
91 8
71 50
52 94
3 94
4 99
99 70
52 26
60 63
35 44
14 99
53 64
97 30
3 39
14 42
22 50
62 26
25 38
93 95
7 93
6 64
98 67
94 83
53 55
87 70
61 64
15 26
72 61
41 72
81 28
35 18
91 31
84 33
92 88
18 65
93 27
88 76
4 6
66 41
28 85
8 83
93 37
43 46
18 89
91 47
8 76
52 74
1 27
18 78
97 27
52 78
78 46
97 64
42 75
55 67
62 20
38 34
35 15
98 30
4 81
3 72
41 38
21 80
33 3
71 37
61 86
8 54
19 21
8 55
8 11
60 92
5 44
12 36
79 79
50 33
16 45
28 45
43 79
73 38
30 73
42 64
6 38
86 66
26 72
33 35
52 42
84 82
70 86
16 21
63 62
73 81
93 99
32 46
70 44
68 39
25 9
81 47
87 10
58 10
45 28
73 16
1 86
70 70
74 61
98 59
26 83
49 28
55 58
66 98
30 33
93 43
85 69
28 36
39 84
36 3
33 5
88 79
67 30
23 0
28 31
2 55
70 72
43 20
57 47
24 41
9 77
54 46
54 44
51 89
27 68
43 34
70 66
23 44
8 20
36 81
27 70
33 88
83 72
43 94
49 31
99 57
36 16
52 85
56 78
5 28
78 94
53 93
89 64
66 61
30 46
72 42
8 61
82 7
75 49
48 79
10 99
51 22
42 95
75 14
26 45
96 71
69 69
97 73
31 54
7 74
85 62
8 51
96 1
79 9
85 53
2 78
89 85
18 3
37 43
78 28
10 75
61 21
34 99
75 10
25 34
53 76
80 34
17 48
64 80
22 85
55 60
77 20
86 88
8 71
80 13
33 2
31 76
46 56
52 80
22 70
92 4
48 44
17 66
33 29
87 57
11 16
61 0
79 24
42 30
57 21
12 44
11 29
16 23
77 96
90 35
38 64
0 36
15 10
69 38
17 20
16 78
73 85
55 66
72 68
61 36
37 89
49 63
84 80
41 64
9 78
47 46
69 93
74 28
56 32
70 29
16 51
62 33
99 79
37 50
46 18
75 31
6 7
44 34
92 78
48 94
96 46
34 21
82 92
34 77
77 58
59 13
10 6
75 36
24 75
91 42
8 39
90 27
14 65
94 94
52 12
5 67
6 57
63 93
60 6
51 43
27 88
87 59
89 12
52 58
67 82
60 58
72 81
66 92
84 17
49 21
25 44
0 94
61 37
21 57
3 82
33 78
30 10
34 64
69 52
64 1
90 92
64 8
29 67
11 30
24 7
69 63
73 50
17 86
0 37
85 71
74 58
8 97
70 41
24 60
69 36
20 96
92 14
95 46
64 36
26 18
50 91
37 62
37 12
59 38
33 56
60 77
25 77
97 91
67 71
21 5
20 11
7 53
71 11
87 38
55 50
74 91
76 39
53 43
38 33
22 91
72 35
6 11
75 83
66 6
74 11
41 92
19 79
53 44
23 45
12 64
66 51
39 8
86 3
54 64
2 21
5 97
58 30
46 88
79 91
11 50
1 0
24 69
59 61
74 36
43 9
2 69
16 5
68 66
32 98
96 82
49 32
89 7
54 55
71 27
67 90
37 28
46 35
11 75
99 8
50 13
78 11
32 21
1 57
10 94
93 51
56 65
23 67
68 95
61 73
83 25
7 50
27 50
9 36
10 85
49 7
48 98
70 81
71 32
63 94
9 15
36 65
34 18
9 98
11 81
64 23
32 24
53 59
97 20
16 95
73 34
31 16
40 15
71 51
65 14
56 73
83 82
87 27
34 12
53 24
27 19
42 87
7 41
31 24
43 78
86 35
71 40
43 73
11 87
80 32
76 97
34 30
71 88
52 62
52 65
10 80
43 11
56 29
93 26
29 91
86 50
52 83
36 69
84 44
48 33
27 37
10 86
85 94
62 1
63 78
3 9
85 65
70 34
16 41
82 5
50 5
49 82
21 63
71 38
35 19
11 54
49 81
58 99
96 28
36 41
22 69
66 32
76 2
31 1
90 24
76 3
96 53
51 86
37 16
23 14
65 61
57 97
93 87
67 1
27 17
63 48
3 3
99 86
54 87
94 15
7 40
56 38
19 34
4 8
38 71
35 62
38 51
59 37
29 61
36 62
46 27
49 34
56 31
28 47
15 46
69 34
77 74
71 5
37 9
29 98
36 75
72 37
0 73
92 7
72 77
57 49
90 29
50 98
61 45
72 88
28 73
89 59
65 56
35 21
57 66
34 42
74 47
98 25
87 2
21 75
51 6
12 43
33 33
54 34
82 47
17 21
76 6
1 68
46 17
18 24
36 10
61 27
43 76
72 83
75 26
59 43
89 47
1 64
20 73
64 5
83 60
5 32
1 54
81 66
4 33
11 85
62 17
45 84
91 20
79 94
88 77
81 3
69 20
81 24
17 3
72 63
77 77
5 37
56 94
23 55
66 64
29 73
91 96
28 75
86 95
37 99
87 87
72 80
57 85
59 41
29 8
82 26
81 87
22 16
83 55
18 2
94 69
10 52
33 74
80 30
20 6
3 76
14 78
65 99
1 46
38 68
61 3
24 58
33 49
32 73
57 10
40 1
22 92
29 62
41 32
78 60
59 77
9 25
69 72
95 66
49 47
24 80
17 50
86 24
86 0
35 39
34 80
60 20
78 17
53 69
24 97
15 47
34 74
16 40
61 12
20 52
55 9
78 21
4 40
1 94
47 63
98 82
27 36
42 62
38 92
61 72
71 48
5 26
74 9
48 64
0 12
91 53
67 72
12 79
23 64
88 82
22 48
19 96
88 40
50 93
51 5
98 51
27 4
41 9
91 1
87 39
71 61
33 75
3 28
13 15
10 12
79 47
43 16
60 85
82 83
22 99
92 12
16 17
43 39
99 97
46 84
14 57
26 27
29 12
35 41
45 82
75 47
5 77
16 83
16 87
41 79
9 71
67 43
35 36
21 53
71 70
21 20
35 20
89 3
83 10
35 79
10 47
16 96
62 73
84 69
9 43
1 12
27 9
92 63
61 25
28 70
45 9
40 65
29 37
48 24
80 11
73 45
38 4
3 73
57 90
78 36
94 91
13 61
51 52
1 41
86 79
98 1
90 77
3 50
68 59
79 37
28 89
17 38
40 61
68 68
52 15
82 35
83 80
94 39
25 51
86 74
62 0
75 37
93 34
92 67
49 66
78 82
5 50
18 53
9 12
7 12
26 15
44 90
79 44
43 96
98 34
55 52
55 91
7 44
93 78
99 89
9 86
40 86
72 0
32 38
49 2
34 3
61 88
38 21
3 49
45 70
99 50
67 3
61 4
96 67
64 68
62 72
31 46
3 63
12 17
83 51
15 65
92 33
18 40
28 80
12 89
98 27
71 78
56 6
39 57
10 23
96 65
25 91
59 20
39 7
93 85
27 21
15 48
33 24
59 85
13 36
89 9
31 34
37 24
85 32
53 27
26 54
16 35
14 18
26 88
18 96
5 70
93 67
7 11
54 21
78 48
73 22
3 86
6 60
20 78
14 32
44 9
70 27
6 94
55 77
17 76
89 10
82 20
62 89
21 16
87 92
91 67
31 14
7 90
28 32
55 13
75 62
24 46
70 21
43 36
51 56
59 64
42 7
25 76
17 39
50 60
70 95
98 28
17 2
6 1
47 44
57 74
56 26
20 77
68 11
18 19
87 23
47 8
41 83
88 26
65 69
81 95
54 7
63 52
47 75
77 91
80 19
60 2
92 3
7 78
23 75
7 36
19 57
10 97
97 29
73 90
61 34
84 87
86 64
75 60
26 2
84 29
26 65
55 92
96 70
52 50
11 71
39 3
6 87
6 48
24 98
2 39
64 4
84 98
90 95
6 89
3 64
1 78
58 51
37 18
38 5
48 2
87 80
33 0
65 84
43 6
36 14
21 29
74 76
94 6
95 52
9 59
38 12
46 2
87 48
93 81
64 64
0 31
81 7
70 56
37 17
70 20
76 40
89 99
14 23
34 23
76 74
81 40
13 71
49 99
8 94
59 58
2 57
65 2
90 91
1 19
9 84
3 29
72 53
51 65
61 17
12 62
82 94
3 98
55 2
82 71
16 64
73 36
80 58
57 16
0 1
9 67
54 67
92 89
69 9
7 67
93 48
0 26
61 48
12 31
83 13
91 19
13 92
41 77
45 27
95 6
46 70
98 10
78 33
60 76
9 29
49 87
51 42
3 83
82 80
18 25
55 88
80 53
91 74
49 76
55 7
88 55
71 52
90 79
43 89
22 38
53 91
8 28
19 50
9 99
90 53
91 35
16 50
36 89
67 56
33 94
77 61
76 76
31 82
17 36
53 61
15 45
87 98
57 79
11 48
48 81
9 63
33 30
65 41
46 5
98 93
12 97
52 87
10 22
16 0
87 99
10 44
85 47
7 13
78 56
87 36
85 60
74 65
46 31
83 49
62 11
86 76
73 6
96 93
3 62
92 98
95 44
55 3
18 98
36 32
16 3
64 19
76 56
82 32
43 90
96 61
51 92
40 83
9 1
55 78
21 35
23 48
27 60
94 79
93 94
72 39
51 24
34 49
24 28
99 18
39 37
3 89
47 5
39 10
57 51
18 22
64 29
7 17
2 96
33 41
83 91
49 70
7 35
22 10
81 30
14 36
40 60
70 83
15 97
4 90
7 86
33 46
37 45
20 80
64 46
43 13
72 49
13 83
95 88
40 43
66 21
39 50
51 64
81 14
41 67
18 87
11 46
17 43
95 79
76 32
99 33
62 5
17 58
0 25
77 50
0 99
92 15
0 72
52 43
65 71
92 65
99 65
12 35
38 56
88 80
94 5
37 74
77 30
10 43
70 55
18 15
30 51
16 92
93 46
37 41
15 87
92 2
12 25
44 19
30 18
68 94
34 32
32 26
37 60
71 86
43 8
19 82
89 81
15 51
52 30
88 30
4 76
61 65
18 67
2 1
35 6
42 17
99 47
51 18
77 42
78 47
77 47
76 89
10 72
71 46
60 9
91 56
7 84
31 75
78 85
49 61
5 61
23 17
29 4
94 45
15 91
67 42
71 25
98 62
3 91
71 34
21 41
23 35
21 36
45 57
62 36
61 49
76 85
61 85
98 66
57 80
95 94
63 61
67 78
34 58
29 54
32 5
57 26
56 84
73 71
40 85
61 24
33 38
28 90
5 65
18 66
97 26
39 67
82 77
45 13
35 26
50 41
16 61
66 76
42 15
50 2
29 94
4 57
35 96
83 68
58 75
54 25
73 86
97 63
98 99
55 8
69 94
38 97
61 80
66 52
93 9
48 10
66 36
79 67
59 56
30 17
80 33
29 92
85 83
63 22
82 30
37 70
48 37
35 37
32 19
62 83
31 94
1 91
42 60
20 97
42 97
37 19
92 52
50 46
41 23
98 38
80 27
61 83
96 85
77 22
23 60
61 46
97 23
37 69
76 16
96 50
48 51
39 25
9 32
2 83
42 28
49 27
6 76
55 48
81 36
5 99
70 3
45 33
60 81
56 87
19 92
38 24
5 48
25 18
43 85
18 37
60 64
64 99
18 11
70 7
10 51
26 39
15 5
80 79
54 33
57 62
53 84
89 82
36 8
64 98
23 99
30 22
26 7
87 88
47 31
2 93
58 39
57 93
46 85
63 4
26 59
54 85
98 44
89 38
1 16
83 79
33 54
75 3
47 62
83 96
96 18
8 18
83 85
70 48
11 60
91 32
68 14
16 52
62 12
66 14
59 1
79 95
32 22
90 5
54 8
21 67
70 79
58 69
0 51
71 77
7 31
14 85
58 38
98 77
48 12
90 93
82 97
31 70
32 11
85 16
68 48
35 63
47 69
23 21
28 74
41 56
99 44
61 93
48 84
45 79
41 33
14 16
64 73
81 83
27 64
58 50
97 62
52 95
40 2
18 20
13 40
31 10
80 91
78 93
44 50
24 71
50 53
28 1
25 22
95 56
43 44
56 48
50 51
21 33
18 90
90 7
72 16
93 28
47 51
29 80
89 15
53 30
93 42
85 44
82 73
78 41
39 68
86 37
1 52
31 43
17 18
49 72
70 1
31 55
88 74
39 42
22 39
41 27
28 20
28 86
57 84
10 63
99 52
36 53
20 82
35 28
44 97
56 7
49 51
79 38
57 42
5 22
59 25
53 78
39 77
79 84
63 73
1 77
80 17
42 98
92 72
94 4
31 97
29 11
80 49
77 21
83 26
72 3
5 80
56 33
29 58
80 14
98 63
82 13
9 14
94 88
98 64
95 57
40 27
32 2
8 93
16 53
45 51
85 40
37 6
11 36
22 59
46 53
25 21
0 44
62 15
8 53
31 11
83 65
76 73
70 36
36 57
58 76
21 60
30 32
44 2
69 3
91 77
10 98
29 9
58 81
60 74
94 21
4 68
54 36
76 1
51 62
46 23
71 31
45 40
18 46
46 92
70 63
13 76
6 26
97 53
95 97
91 13
36 47
12 18
74 99
44 13
37 66
39 58
29 70
30 61
29 3
65 98
50 57
91 36
2 94
71 89
16 36
47 25
21 62
49 4
67 34
35 76
11 13
94 73
94 20
66 25
95 23
87 33
78 70
37 90
21 85
4 25
64 47
72 32
79 97
87 0
20 45
12 96
42 10
21 11
98 72
13 1
25 1
24 35
23 84
43 43
98 74
48 66
2 12
63 55
81 49
67 10
28 16
62 25
95 92
86 27
15 79
44 40
12 8
39 69
21 90
67 19
1 38
32 77
99 5
53 33
36 51
58 60
56 55
76 21
47 55
77 11
72 9
48 85
13 49
64 50
83 62
54 53
89 13
65 97
79 57
74 10
8 43
0 28
11 63
70 77
30 19
59 35
45 49
22 84
47 98
19 87
69 62
10 34
40 77
30 40
15 39
92 27
82 38
99 27
13 86
84 58
81 69
54 60
38 41
21 10
7 32
89 25
11 58
38 84
41 81
44 63
39 79
12 27
9 37
36 72
11 3
63 17
58 62
66 23
94 99
53 17
40 69
2 98
57 68
84 23
35 22
44 91
78 98
65 12
43 61
38 63
37 88
66 28
83 83
38 29
84 26
39 45
90 61
5 69
7 42
51 97
28 9
77 79
29 1
21 22
76 88
83 77
72 94
29 52
51 20
53 34
29 28
86 25
37 53
19 69
39 48
79 40
67 14
52 24
52 41
56 74
72 71
36 30
54 95
30 44
80 97
8 52
21 18
3 6
41 49
82 11
30 0
40 0
69 79
1 71
41 48
51 93
8 73
52 36
73 24
97 66
0 80
46 24
61 96
12 9
63 89
55 44
80 60
27 57
19 70
41 44
39 82
90 37
43 56
94 72
21 25
76 17
70 9
32 69
32 25
95 50
58 23
15 31
26 53
87 66
4 86
34 88
59 42
44 87
24 24
85 38
20 72
33 63
24 22
92 77
48 86
22 60
74 93
1 11
5 98
47 90
74 83
82 51
15 90
65 37
17 89
55 64
41 15
39 65
72 67
59 48
70 13
34 57
37 77
0 56
9 7
77 73
52 13
13 5
94 13
72 74
94 16
88 28
35 68
11 33
52 2
4 2
52 89
59 18
1 44
64 33
83 45
20 92
2 64
57 11
31 40
54 22
72 4
95 45
64 56
66 81
51 77
90 43
73 37
64 49
6 3
99 25
54 41
98 20
9 18
85 85
60 27
52 9
38 26
6 14
87 42
62 81
38 48
72 24
73 64
67 64
53 52
5 29
16 59
77 40
86 75
40 21
37 78
88 17
6 30
0 53
65 3
85 73
29 40
48 9
34 76
39 55
92 91
57 64
37 32
80 76
75 63
10 88
95 95
95 72
91 83
72 10
43 28
1 8
7 3
36 34
40 8
67 77
85 28
17 57
52 10
48 93
68 71
34 48
34 68
70 64
99 9
38 86
54 11
20 39
74 41
93 83
97 71
56 47
64 83
78 31
64 72
47 72
23 96
83 20
85 77
14 88
93 70
50 9
87 74
73 61
83 24
94 92
92 45
80 16
73 79
84 28
32 97
81 26
19 51
71 75
83 32
13 39
24 67
15 20
4 48
65 21
88 33
48 99
86 29
24 62
11 39
90 71
35 1
35 89
29 89
4 32
33 13
83 1
87 25
7 77
40 87
98 41
5 52
22 76
15 85
60 72
66 90
77 67
14 9
13 87
94 3
52 28
1 59
54 76
49 88
89 53
1 9
99 84
27 7
86 99
52 48
50 32
98 35
51 72
7 69
90 57
30 57
6 98
36 95
80 28
26 64
14 4
21 0
22 1
92 13
95 28
76 96
88 1
54 3
41 35
57 25
90 54
60 78
95 1
5 94
7 52
83 93
32 20
65 62
87 55
80 64
96 66
88 15
52 32
9 83
89 49
71 97
26 34
40 41
30 86
89 43
28 97
30 48
47 67
26 66
6 36
30 89
16 33
43 3
99 43
35 50
8 12
98 36
17 97
83 63
39 31
19 1
46 74
5 30
25 98
9 80
90 3
83 76
92 96
77 48
43 88
96 59
88 8
0 47
42 59
88 24
36 24
12 58
40 16
1 20
72 50
23 2
39 11
20 34
82 64
29 79
71 80
93 45
19 46
66 22
98 87
45 90
9 68
6 41
74 21
81 32
32 88
43 23
45 35
81 89
61 10
81 58
17 35
13 45
38 76
42 72
18 43
1 97
45 5
71 58
22 98
76 55
71 45
67 13
98 37
29 82
75 74
37 82
86 18
83 3
20 31
7 88
77 1
7 47
71 62
96 38
23 97
45 69
91 95
90 0
58 78
2 95
94 60
7 65
78 51
34 95
39 34
47 38
26 96
19 65
1 37
57 2
95 12
94 44
63 70
50 18
17 55
22 0
92 57
84 52
74 4
74 59
95 81
68 93
18 72
67 18
60 42
65 5
7 56
20 69
4 36
45 54
54 30
40 92
0 21
66 54
93 16
75 43
25 66
22 27
50 81
93 69
29 55
99 73
18 74
39 35
81 4
40 44
51 2
17 56
80 78
76 45
1 61
95 5
40 75
1 65
44 33
63 46
18 18
97 1
57 27
62 19
26 37
38 52
26 47
16 57
39 71
1 95
42 48
25 68
31 9
78 59
26 63
49 37
1 99
93 11
11 6
9 75
44 28
51 15
16 22
32 68
37 81
47 78
99 62
60 93
23 15
69 4
97 86
6 80
27 10
16 74
94 54
65 23
13 29
65 36
99 13
39 29
39 72
27 92
84 14
89 20
2 2
50 92
58 66
54 39
42 74
68 86
50 12
52 99
68 33
69 56
27 6
86 72
39 97
10 57
93 61
28 49
30 97
59 88
11 73
77 75
6 66
60 7
9 10
95 3
47 99
26 91
63 60
74 30
27 30
77 94
33 73
57 22
89 6
1 17
31 53
20 50
42 85
44 27
80 73
86 30
29 14
97 15
8 98
31 96
6 56
63 5
50 8
63 9
78 75
81 74
22 13
40 52
3 36
81 93
5 62
82 31
76 64
37 86
45 50
23 39
30 30
48 83
3 33
38 25
44 76
52 66
87 4
65 38
80 70
27 45
49 0
82 55
57 46
40 17
58 29
47 96
79 56
39 91
74 89
45 65
25 75
19 33
96 99
32 71
44 8
1 98
73 21
81 44
65 85
54 47
21 23
25 13
45 96
18 31
68 29
71 13
85 18
4 24
22 40
14 46
95 99
81 9
21 12
38 72
74 60
91 0
98 26
74 62
30 85
75 16
94 1
91 84
77 99
69 80
31 47
93 18
81 90
36 66
81 92
10 60
52 19
71 39
45 19
15 36
88 21
85 14
29 43
87 20
34 55
74 50
20 55
97 67
13 0
26 23
73 88
99 78
34 56
56 99
78 23
17 52
47 50
92 55
88 13
17 69
52 34
76 0
23 16
40 26
78 43
10 25
66 95
37 97
39 61
6 81
65 6
27 91
78 32
41 96
11 21
47 41
95 21
71 95
46 47
1 31
77 56
60 96
46 67
97 79
14 76
86 91
76 47
71 59
35 45
52 3
46 93
96 75
11 82
4 11
19 75
20 43
88 45
79 36
32 60
22 61
96 51
13 38
21 7
47 28
72 48
80 72
84 6
88 92
28 39
56 71
33 90
78 18
70 12
13 91
73 99
49 48
62 80
8 56
3 37
86 48
27 62
7 49
90 38
18 33
86 65
61 68
63 54
67 60
63 47
89 1
19 3
56 52
33 22
77 41
74 8
59 30
53 23
92 73
3 32
48 88
72 78
32 7
78 52
76 42
15 14
63 40
76 18
92 86
49 8
92 38
93 29
49 9
50 64
75 48
72 44
45 87
46 38
93 49
43 87
20 35
27 90
63 8
65 50
84 64
55 87
66 93
81 23
93 25
60 37
76 75
39 49
65 53
71 30
38 39
40 22
61 14
31 30
51 82
92 75
55 17
59 17
2 72
10 31
8 81
7 54
24 57
95 61
4 35
11 38
81 29
49 43
2 35
91 73
94 22
95 17
59 11
67 24
84 60
28 51
13 37
2 79
63 76
94 47
46 52
63 34
70 31
33 65
72 11
84 83
77 5
63 51
96 29
84 7
27 26
46 59
51 69
42 26
36 74
45 53
23 92
3 0
45 94
10 27
31 17
46 8
94 11
1 62
30 5
32 31
25 47
21 48
28 63
92 84
64 76
43 74
78 53
78 0
93 66
80 47
15 22
88 5
78 65
68 25
49 45
78 34
59 27
70 25
93 73
89 16
56 2
29 2
61 1
12 87
7 7
5 92
67 4
48 87
24 31
81 25
22 82
39 83
69 49
13 9
21 98
13 23
76 78
16 90
53 62
94 19
40 64
59 94
7 94
88 2
77 16
27 97
95 35
19 37
17 71
75 71
95 15
90 49
50 59
11 35
34 54
37 40
19 44
97 11
14 79
70 87
83 4
68 4
93 7
77 43
54 38
79 61
16 27
31 12
51 49
71 44
15 4
83 39
91 28
83 98
26 40
6 69
45 0
32 12
81 6
49 23
63 84
31 35
93 24
30 14
92 8
17 7
45 1
76 87
61 22
53 66
47 6
58 98
13 30
20 20
46 82
55 22
65 11
29 16
71 56
30 15
99 59
14 44
90 55
97 56
46 0
70 99
9 21
20 47
16 30
16 89
30 41
15 81
62 21
78 26
78 13
69 1
65 4
18 30
38 32
50 61
11 37
3 7
13 50
54 61
3 47
12 5
36 58
12 34
83 38
99 29
50 65
0 18
58 37
84 45
49 85
55 85
53 41
53 75
75 59
96 42
16 18
97 52
33 85
55 94
1 51
29 81
93 75
82 10
40 94
87 44
73 12
82 87
85 39
85 57
69 6
58 28
97 81
21 8
60 59
23 36
31 59
80 50
44 80
63 79
51 29
85 80
86 28
74 55
87 63
24 85
78 12
98 69
42 91
82 27
80 66
61 19
51 96
82 21
35 73
70 39
73 20
39 56
82 48
17 29
6 22
63 82
17 96
60 94
27 67
16 11
92 87
17 88
40 13
7 26
15 59
4 0
23 9
62 50
95 37
2 17
9 55
12 80
68 77
68 63
18 7
38 66
81 18
7 60
91 93
88 48
30 80
28 50
65 46
46 72
54 32
23 79
23 18
92 39
27 55
30 49
97 51
14 12
25 86
46 4
75 88
79 62
95 74
9 28
3 24
30 50
77 28
8 49
25 92
67 83
66 89
48 56
18 55
12 77
18 28
64 39
68 45
51 4
97 34
21 24
58 0
79 49
33 64
25 42
42 81
65 81
35 11
63 18
36 6
31 3
40 4
39 95
77 37
15 68
6 5
92 41
42 93
35 85
76 38
14 41
84 90
23 83
27 63
73 55
75 55
85 12
85 7
65 39
96 64
68 76
72 70
18 6
75 11
39 51
58 27
75 87
75 5
73 48
78 19
4 93
72 38
38 54
16 13
49 93
7 33
82 17
85 15
4 85
43 98
97 95
92 85
38 43
47 13
29 27
22 23
36 19
52 52
83 22
35 13
92 50
15 21
96 57
32 9
28 78
45 31
25 12
32 30
67 70
4 56
88 91
99 99
12 42
67 87
82 25
89 30
84 65
21 21
67 58
45 99
93 80
42 92
47 23
68 36
76 83
28 83
11 10
95 65
71 76
10 87
83 58
33 52
52 20
94 18
19 55
40 71
10 76
47 87
45 67
74 87
98 92
67 51
54 94
55 55
35 86
99 75
99 81
3 81
41 52
82 93
88 72
56 83
65 24
48 39
38 30
35 74
80 81
51 51
85 45
67 38
19 2
84 66
1 67
6 29
37 7
59 21
21 78
89 94
61 55
4 77
33 43
39 0
14 66
96 8
74 98
40 79
14 10
36 56
99 54
65 93
61 28
22 57
4 97
22 88
64 93
64 20
49 95
21 88
69 76
37 13
97 16
12 68
18 8
89 5
77 17
99 45
15 96
43 10
96 26
20 58
56 3
32 51
57 5
9 22
12 92
59 79
42 19
30 88
38 35
79 33
48 47
79 60
29 88
32 4
58 25
20 27
2 3
46 22
12 37
76 22
30 98
50 16
45 7
54 83
69 0
88 84
69 92
84 47
66 68
99 67
62 2
4 1
55 68
67 76
46 73
17 26
5 4
82 45
20 88
5 27
42 0
31 86
20 19
14 6
35 31
55 59
29 36
78 29
3 74
46 50
75 0
15 53
28 64
98 61
23 69
74 14
84 20
80 59
14 49
75 23
11 49
98 33
90 62
67 54
60 4
69 50
16 71
20 54
64 53
63 86
22 2
51 30
86 31
62 68
70 18
85 0
84 37
83 53
26 31
36 40
92 95
48 30
68 91
47 48
27 82
42 14
64 67
5 57
2 49
76 37
26 60
2 80
72 20
6 20
30 69
20 53
26 82
76 69
42 21
54 6
44 7
60 44
38 99
78 42
2 8
30 60
29 76
48 11
20 13
68 85
53 65
13 11
71 19
15 18
92 26
30 76
11 69
63 90
91 99
99 26
59 50
74 69
88 7
18 1
79 80
34 92
95 64
61 87
19 29
10 83
29 65
86 47
23 28
78 63
74 80
0 2
43 5
96 96
47 36
69 83
95 76
10 42
63 20
58 26
33 34
50 17
40 88
42 70
92 47
8 41
2 23
23 77
92 37
78 37
92 92
86 21
74 64
51 16
94 61
78 96
40 80
27 29
88 20
33 84
14 43
22 26
93 6
78 83
92 24
57 83
40 33
92 94
67 40
44 88
6 62
15 40
96 52
31 39
80 12
32 23
77 25
34 79
66 97
94 12
12 98
32 49
97 19
20 30
17 12
81 50
60 53
27 83
47 59
39 46
29 72
72 1
80 18
41 22
43 75
57 8
4 18
37 22
93 39
21 13
20 70
78 22
21 28
91 38
63 56
50 27
17 31
18 41
57 18
57 95
26 90
23 76
82 56
34 47
96 37
20 61
14 33
46 65
82 1
2 25
11 20
16 99
21 39
67 57
14 73
57 50
78 76
74 54
90 85
72 26
59 65
92 19
2 44
77 26
42 20
66 62
14 31
20 76
62 88
10 71
33 11
91 88
75 68
88 11
26 33
34 87
38 90
30 87
85 95
69 64
38 17
75 40
79 66
95 27
35 51
19 48
24 82
56 15
44 25
55 72
8 64
59 91
97 42
87 86
51 41
67 85
11 77
94 93
26 80
38 42
19 58
69 86
59 10
15 28
30 91
36 80
14 48
2 20
14 22
39 94
24 70
99 80
48 45
85 74
29 31
32 96
51 10
87 11
60 33
30 72
56 85
22 12
13 58
6 49
22 3
90 58
51 76
37 2
9 94
24 78
55 33
54 91
46 12
42 79
93 17
83 30
86 68
13 3
55 11
12 7
5 76
31 81
70 28
40 18
93 4
1 4
87 7
82 12
75 50
85 46
98 9
42 5
28 84
36 11
39 76
22 37
3 10
50 15
99 19
99 87
44 98
80 21
4 9
95 82
71 42
61 62
70 10
25 43
93 3
97 88
13 53
97 12
17 8
52 0
61 8
31 20
13 94
90 81
8 19
37 27
42 51
13 68
94 38
9 60
14 69
20 41
17 0
83 95
0 79
34 15
65 49
99 76
29 75
73 76
47 27
2 89
66 46
60 75
58 55
62 41
87 77
2 99
50 24
16 81
99 66
37 49
5 55
72 69
1 14
20 91
32 87
30 64
65 27
98 32
10 24
20 33
81 5
21 86
10 61
61 56
18 29
26 13
88 69
57 28
53 87
66 1
80 24
70 38
67 44
31 56
30 26
68 7
17 91
84 79
77 14
49 52
71 12
80 52
48 3
54 82
83 29
14 0
26 74
47 16
94 62
7 89
82 52
58 24
68 37
72 62
53 21
58 4
34 41
6 54
35 88
74 1
72 92
60 14
75 65
28 4
64 27
84 59
96 98
79 55
10 84
68 87
58 13
86 11
14 52
75 99
61 95
63 99
9 24
74 68
33 61
54 40
78 88
9 8
76 41
36 33
47 1
48 49
27 61
14 94
54 51
42 18
80 15
71 7
20 86
34 52
5 18
79 26
58 36
6 82
84 53
41 21
25 54
48 18
35 5
12 59
75 39
60 10
35 23
24 87
29 13
69 7
87 17
56 81
99 15
92 81
99 63
64 26
43 49
49 89
80 71
62 9
14 14
1 28
83 64
4 27
57 89
31 69
47 0
64 17
17 79
59 74
22 41
30 7
81 1
50 55
2 6
60 39
7 46
4 69
10 36
34 98
83 87
28 87
96 14
52 54
63 37
13 51
37 0
1 81
26 84
56 5
3 19
69 81
45 22
29 35
33 98
90 60
21 74
53 9
15 57
41 16
38 82
98 86
77 6
12 20
0 84
76 20
33 37
60 35
50 56
43 60
71 53
16 85
33 57
52 33
14 58
65 76
14 86
31 98
6 71
22 20
11 24
62 77
48 82
24 36
61 99
62 28
18 63
8 26
98 73
7 57
52 92
53 39
43 58
1 74
42 29
18 34
13 35
92 34
40 35
25 32
43 68
53 97
26 26
52 84
83 67
89 78
10 35
58 12
51 35
44 85
41 31
32 27
1 5
36 5
91 65
69 23
95 8
46 55
54 93
55 95
83 7
12 53
80 86
86 51
16 77
59 52
45 17
79 65
35 25
90 8
20 1
53 82
37 96
2 40
44 82
67 81
59 84
32 94
51 50
94 57
4 45
10 82
91 44
69 96
39 64
70 26
63 95
15 69
30 79
35 84
52 18
19 0
57 43
69 65
10 67
7 19
9 5
35 3
29 63
42 2
59 24
91 22
6 85
98 0
93 60
75 35
17 11
27 1
12 39
16 91
5 33
22 93
55 75
41 78
50 21
36 79
18 44
96 95
50 74
26 6
88 73
50 63
59 72
53 92
79 74
95 84
35 94
14 2
53 15
73 26
46 21
56 67
38 50
13 13
0 23
89 11
12 75
75 96
33 16
9 93
98 52
20 67
51 83
81 79
75 51
89 69
43 53
62 86
43 65
32 78
29 74
86 1
11 53
65 66
54 17
49 55
66 56
87 51
17 94
53 31
21 66
3 60
26 86
58 57
18 93
68 96
15 64
88 87
55 79
37 61
57 69
35 16
45 39
35 4
37 73
73 67
88 18
70 51
35 98
12 38
56 49
0 66
96 44
56 10
52 53
0 74
52 81
43 29
73 69
89 51
16 19
94 58
60 29
24 11
30 77
83 40
22 95
81 88
61 13
84 67
57 98
25 74
76 11
28 68
4 20
24 96
28 40
37 38
98 98
31 66
97 44
52 71
25 4
50 83
71 74
27 84
2 61
71 64
27 96
37 48
16 7
96 78
22 22
24 54
34 61
68 13
81 68
58 8
4 42
93 74
92 6
79 82
43 62
68 79
69 53
79 16
0 70
84 43
5 78
75 27
84 42
79 2
32 10
83 57
10 56
5 72
0 77
73 53
59 71
37 91
57 77
29 7
3 21
12 50
64 59
4 19
10 13
22 68
28 76
14 50
80 77
53 67
28 61
91 26
91 70
37 11
99 34
54 57
32 58
23 81
29 25
26 95
47 3
80 4
96 24
41 8
68 41
10 46
94 95
25 25
17 33
61 67
30 35
66 67
37 75
75 89
13 62
96 21
7 9
53 35
27 86
19 98
13 64
91 46
65 70
45 66
17 46
28 24
7 99
28 15
69 2
53 11
72 27
86 39
47 97
47 49
46 57
69 16
19 68
37 25
80 48
92 53
75 15
55 41
22 89
13 16
70 88
41 54
88 4
70 32
58 46
17 70
86 71
87 95
33 69
53 22
15 16
51 88
28 53
23 89
73 93
2 4
66 8
11 70
42 89
73 35
62 4
52 39
43 38
69 13
83 19
57 58
0 82
88 75
59 3
78 20
73 33
65 16
41 42
84 13
2 24
74 73
52 49
28 2
4 95
71 63
49 44
68 31
94 40
41 17
14 51
8 66
27 93
44 53
30 23
64 21
69 17
51 63
93 58
72 45
29 49
52 44
95 53
43 93
34 82
14 37
51 19
25 59
68 65
91 64
40 59
77 90
31 22
8 27
45 73
70 96
76 43
79 77
29 46
54 62
88 3
90 66
82 16
99 68
56 43
14 20
8 65
52 1
25 0
17 85
26 93
92 93
43 63
11 94
83 50
82 24
61 90
79 51
20 65
63 28
33 93
0 78
63 87
65 79
5 2
65 45
32 34
41 68
78 91
47 86
46 79
39 1
25 70
18 23
82 49
16 48
41 66
54 59
13 66
95 25
71 81
93 1
24 6
42 42
62 65
41 25
8 62
86 8
99 1
68 64
99 92
62 76
30 43
32 67
86 55
93 89
79 19
26 61
7 92
64 9
98 94
8 13
69 71
26 44
6 90
91 68
63 83
36 13
0 19
54 37
23 54
17 37
43 55
21 84
38 88
89 41
48 38
90 44
13 27
44 5
85 89
19 16
69 19
87 65
95 39
40 3
55 89
22 47
29 78
88 10
40 23
85 35
89 39
75 20
86 89
12 21
35 91
58 33
61 69
66 60
85 31
62 78
70 82
85 92
2 16
55 93
41 18
15 52
61 20
56 1
49 14
84 24
73 5
46 71
79 35
15 99
27 47
89 92
26 73
14 3
70 33
98 19
26 4
24 83
78 2
7 27
6 44
56 63
75 8
19 39
77 18
91 91
67 26
55 16
65 73
94 48
27 69
87 49
3 51
21 19
91 90
86 80
24 32
25 63
58 54
87 35
2 22
11 26
27 77
79 20
87 26
24 65
23 46
82 67
14 95
83 21
0 20
81 17
18 21
85 58
14 11
68 27
57 23
47 95
39 66
53 49
13 88
77 82
36 52
8 80
37 8
51 74
4 73
63 81
75 28
59 45
31 67
11 96
3 67
67 2
54 13
46 40
11 15
30 75
69 73
68 80
63 71
58 68
68 5
49 46
31 73
35 17
92 80
21 77
67 52
40 55
84 70
14 40
36 97
17 5
74 31
67 21
16 39
1 34
74 29
50 39
64 44
36 93
89 83
66 18
95 68
59 83
4 55
98 39
11 25
27 41
50 0
60 19
24 42
81 98
49 74
51 1
60 54
5 90
18 62
34 2
80 75
90 45
28 60
55 47
60 31
19 31
30 68
35 82
54 75
44 32
0 34
37 56
2 50
81 96
57 59
20 64
32 42
11 99
13 34
45 3
8 89
80 69
66 71
38 70
18 56
85 52
41 3
77 60
40 28
65 40
78 10
53 19
70 57
55 51
89 65
46 64
93 2
53 36
73 91
3 38
29 29
61 2
68 97
66 86
62 42
36 43
71 26
74 12
23 38
93 77
56 86
54 4
89 91
19 4
28 88
47 40
98 95
25 57
58 61
46 75
85 90
59 4
79 31
38 27
3 69
33 25
91 94
31 7
13 22
37 79
34 46
27 89
89 67
4 84
56 69
42 76
36 83
25 50
88 23
42 53
59 67
63 35
7 91
92 54
91 71
5 88
3 15
75 29
11 86
5 41
13 79
55 83
50 72
66 27
96 86
96 97
87 83
77 44
97 89
51 55
70 73
57 35
27 44
11 22
24 19
33 31
58 88
72 96
87 68
77 8
86 82
97 39
90 87
8 1
38 45
71 29
41 87
11 92
80 99
88 38
42 68
79 13
48 70
21 3
90 69
68 82
15 30
23 32
85 55
70 2
91 9
81 76
9 96
64 2
71 85
83 59
19 95
54 89
72 22
50 76
90 83
28 62
5 15
12 72
40 39
37 65
21 64
13 41
43 97
65 13
53 0
48 60
98 14
36 87
73 56
21 89
75 17
63 72
84 46
52 16
15 62
20 15
23 30
15 25
19 36
41 91
55 74
12 32
81 53
89 60
9 46
43 66
56 53
23 22
57 14
64 51
46 26
10 38
35 35
19 28
12 4
15 44
65 33
31 58
32 6
41 57
17 60
98 60
64 37
29 30
5 83
68 22
76 29
60 46
76 50
89 63
4 34
23 52
57 81
27 0
42 38
90 39
76 5
56 91
3 1
12 13
57 32
65 19
0 88
87 89
21 54
74 49
28 69
75 79
20 29
52 88
79 30
81 39
20 93
17 42
31 64
82 96
12 67
88 43
22 65
46 94
5 12
79 21
93 12
43 41
13 20
18 9
42 12
71 47
62 66
19 15
69 24
48 76
27 65
15 67
0 14
88 86
67 33
40 56
83 9
3 8
4 26
32 28
52 70
30 25
56 95
23 62
62 3
46 36
91 92
63 77
53 80
38 46
43 4
72 13
93 82
48 31
88 78
97 18
4 98
23 12
72 52
63 14
98 12
55 12
4 46
51 32
47 92
86 23
46 20
6 45
14 72
25 24
47 77
32 64
11 90
33 36
25 99
14 19
90 13
95 86
92 1
99 90
90 32
94 49
71 57
83 33
55 80
77 65
38 10
29 47
28 23
6 74
19 47
96 84
77 76
63 43
91 81
38 96
22 11
4 3
78 69
81 8
7 15
84 10
19 78
35 93
27 54
59 66
80 0
98 79
7 73
6 96
66 55
56 58
4 96
10 14
26 12
23 91
81 81
46 34
27 85
33 81
35 56
84 55
1 35
6 79
9 66
98 96
19 80
41 7
12 2
96 7
38 98
3 23
36 48
69 70
56 28
43 59
80 57
59 75
49 15
90 89
18 49
29 20
10 41
26 43
95 54
46 28
13 25
69 44
76 23
15 8
59 46
30 12
45 62
22 35
97 3
35 95
94 46
50 25
0 40
59 33
0 61
13 21
52 79
8 32
5 93
60 22
43 2
87 71
98 89
75 53
49 84
60 52
37 95
47 52
29 60
21 55
74 78
40 97
33 12
30 90
45 89
58 95
88 63
85 26
0 55
58 42
9 95
48 95
23 29
48 69
26 55
98 21
59 53
81 99
11 64
90 26
79 85
24 39
33 14
89 50
37 39
73 47
3 42
22 74
99 17
3 56
67 48
93 91
74 7
68 90
26 46
33 15
99 35
7 22
7 0
65 65
9 87
2 30
50 94
55 35
16 73
28 22
31 62
24 10
51 25
66 74
44 17
14 74
31 0
13 81
41 99
75 97
28 91
64 89
38 18
47 54
38 75
51 9
62 67
26 36
71 15
48 16
92 66
75 33
89 80
23 43
96 77
96 88
31 26
91 87
1 22
34 85
78 92
85 86
23 80
13 97
76 7
96 16
45 80
34 81
7 87
40 91
82 65
10 70
35 77
44 45
73 14
26 85
52 59
5 1
63 65
84 39
31 77
72 98
96 80
72 23
66 73
17 87
65 29
30 52
41 61
24 95
73 44
50 58
4 28
14 1
62 85
60 36
73 77
55 57
32 45
22 36
0 33
0 97
66 75
11 91
36 45
6 83
65 60
51 23
9 20
94 34
5 79
50 89
45 42
80 20
64 87
5 39
53 51
19 7
12 48
64 32
23 87
77 4
96 12
96 32
94 82
13 84
99 93
63 45
92 36
39 22
81 21
47 70
25 39
37 23
91 34
25 56
3 57
76 71
14 82
3 18
66 24
55 18
53 5
36 31
92 11
40 57
87 62
18 80
36 26
7 59
26 28
2 53
31 90
11 55
62 40
9 51
14 30
60 71
0 35
32 82
37 93
82 14
99 55
43 1
88 95
58 71
58 79
5 17
99 56
20 24
35 83
90 31
31 50
86 36
70 30
5 6
28 35
60 99
54 15
34 38
45 38
11 65
86 62
3 90
4 43
44 52
91 23
88 42
5 95
85 51
93 90
68 10
37 67
15 95
36 27
34 45
14 92
87 24
33 26
41 90
56 64
56 36
35 61
95 69
83 69
50 48
36 49
31 78
2 47
72 51
55 76
80 39
26 5
14 93
25 96
63 25
25 79
31 68
81 97
41 5
43 72
39 27
10 9
21 47
33 76
22 81
68 54
78 72
90 25
66 26
73 80
36 77
5 5
40 51
39 93
96 58
15 27
47 64
55 0
2 76
50 66
36 99
5 10
64 15
59 92
22 86
93 20
45 91
41 74
53 70
7 16
66 42
2 67
5 24
22 14
84 75
95 30
40 6
24 13
79 6
50 70
97 82
23 4
96 63
67 62
20 7
20 23
83 35
76 48
27 20
86 58
89 98
57 55
96 68
77 97
99 96
82 3
73 94
51 53
38 20
13 31
91 52
16 67
23 63
26 21
71 68
95 0
34 84
29 56
44 37
30 2
37 47
8 70
96 45
68 47
79 22
83 52
2 84
20 95
79 70
2 29
96 36
64 12
21 45
82 98
90 23
21 43
9 45
43 69
69 57
62 16
99 60
23 6
59 95
86 53
24 45
70 24
11 28
48 62
91 24
50 23
29 19
85 87
14 35
26 56
39 87
21 91
55 84
90 78
64 6
76 10
72 76
69 40
65 89
13 46
98 88
60 57
47 45
45 78
76 27
18 39
33 7
21 97
59 29
97 59
34 1
77 39
85 97
60 95
76 34
98 29
91 17
52 27
77 3
93 13
89 44
69 61
97 24
79 4
69 21
34 51
72 95
96 81
90 72
61 41
14 80
55 56
41 43
60 73
46 69
47 57
46 43
17 17
84 49
4 70
4 59
32 39
7 4
91 50
98 70
20 3
64 7
3 20
89 28
61 16
56 75
82 23
57 33
30 74
33 48
2 88
57 63
6 73
97 76
49 30
71 54
89 84
39 85
94 63
79 54
82 0
70 53
88 12
29 44
35 90
31 37
26 3
93 84
33 28
77 70
61 38
53 8
87 91
79 90
42 88
68 88
90 4
69 82
47 15
32 72
60 50
47 19
8 35
43 45
2 74
73 13
36 20
19 40
49 68
62 84
81 54
70 62
28 46
20 44
75 72
87 50
46 11
97 48
8 88
16 8
7 5
91 60
16 84
64 54
0 11
60 13
41 85
83 99
81 82
63 74
7 55
27 35
75 1
49 90
77 36
28 17
58 19
42 73
63 75
33 4
77 68
52 75
97 60
43 12
66 79
68 67
56 16
51 37
1 1
79 78
3 25
53 96
55 15
27 12
31 63
22 46
83 2
14 53
58 9
75 75
69 33
55 30
79 45
56 57
11 9
92 21
88 90
65 78
46 95
82 78
37 52
38 31
76 4
20 84
40 47
3 46
11 44
51 66
6 4
64 97
27 79
39 38
35 55
44 16
44 29
81 71
7 29
66 82
51 94
84 72
48 13
63 92
97 55
74 3
35 8
64 61
18 12
5 42
56 19
8 60
16 68
71 91
42 96
35 7
44 18
97 99
74 74
88 93
70 17
7 72
39 40
10 17
95 11
37 63
49 10
34 22
45 23
54 48
5 7
15 92
95 29
63 1
7 64
49 60
67 46
58 44
37 92
66 57
30 20
81 16
50 43
78 1
0 59
79 17
14 67
51 21
77 31
27 66
83 66
38 40
59 80
88 70
72 55
85 91
44 26
11 5
98 6
19 64
83 81
26 49
74 13
85 81
93 71
58 6
60 83
40 31
67 79
27 27
66 87
63 85
95 48
7 2
95 32
48 91
11 1
73 23
84 2
5 36
92 64
53 95
89 72
54 74
94 53
92 70
3 61
40 5
86 84
13 59
61 39
7 38
72 59
1 26
94 41
31 71
6 12
19 83
83 8
63 24
88 68
19 53
96 40
73 66
88 64
86 22
95 33
29 59
53 48
49 6
55 1
7 10
45 12
97 97
79 42
39 28
14 55
54 23
73 59
56 96
67 99
81 57
69 29
71 94
25 2
0 62
46 63
7 48
91 80
28 14
96 83
6 99
92 68
50 77
73 58
26 76
31 13
95 47
71 69
3 96
65 17
5 71
66 29
44 43
84 61
10 1
61 79
11 57
78 64
2 59
8 86
78 57
27 14
70 78
32 40
77 80
83 89
81 60
54 50
36 7
81 91
39 2
22 29
81 64
98 18
81 13
53 85
1 93
22 62
34 14
88 58
40 89
15 83
27 39
13 67
38 6
40 46
65 72
12 76
91 97
48 20
54 5
0 98
55 34
86 85
55 4
64 55
30 96
68 56
27 74
13 54
74 52
42 25
22 43
19 94
87 47
12 86
64 86
68 9
81 37
4 67
56 61
81 35
89 21
65 58
87 78
25 67
9 11
45 56
22 31
42 27
36 64
70 4
66 4
60 28
31 65
95 70
83 56
56 20
99 77
92 61
39 44
51 26
7 58
29 90
82 41
76 67
88 14
0 85
27 43
86 67
91 37
12 69
20 99
12 23
12 22
59 81
94 9
39 96
29 83
25 71
16 93
63 10
47 26
52 21
66 11
67 53
46 19
27 51
39 60
93 47
79 5
95 34
9 27
32 36
58 94
35 30
1 48
30 58
0 83
88 16
49 67
94 10
16 44
8 40
31 79
64 10
51 39
44 4
49 40
77 32
1 60
91 51
16 15
8 14
73 30
35 48
32 48
68 32
16 16
93 86
65 82
40 37
83 12
67 74
63 33
46 77
96 76
86 97
94 98
97 77
61 78
98 23
24 53
69 11
78 39
11 66
0 67
99 72
48 43
30 37
26 68
67 27
64 71
20 81
91 45
22 28
36 67
31 52
51 11
63 39
95 80
46 83
16 37
5 85
53 74
37 54
10 59
95 93
19 45
8 77
3 99
73 82
22 58
85 2
79 76
89 8
58 89
75 76
60 21
1 85
21 65
52 86
36 50
51 7
65 87
16 69
62 93
26 22
46 44
24 16
23 73
13 2
16 56
55 53
31 28
34 94
96 11
29 5
13 98
85 67
74 92
2 63
69 77
79 93
95 67
96 5
94 97
64 3
62 87
55 39
29 96
68 42
12 56
69 89
76 52
2 77
85 27
19 89
62 55
54 45
57 94
56 34
47 24
10 89
38 94
37 55
63 88
94 23
48 17
18 47
35 32
34 73
79 71
7 21
89 86
65 35
7 76
72 30
29 66
53 54
47 76
78 35
57 86
42 57
74 18
63 7
96 62
38 85
99 3
12 78
71 1
61 23
14 77
24 8
2 92
89 93
59 26
80 63
42 77
51 31
17 67
43 17
24 81
69 85
77 63
68 50
21 96
34 8
47 89
23 8
34 5
99 31
37 84
76 13
64 75
25 72
22 33
62 96
57 96
20 14
94 27
5 49
32 29
66 19
25 93
29 71
10 16
9 19
66 40
91 86
4 87
23 56
14 13
81 72
18 54
29 50
6 63
4 71
92 17
79 75
80 88
70 61
37 94
91 98
42 58
88 19
79 69
3 13
39 18
78 79
44 71
37 46
34 26
46 7
52 68
6 31
22 51
80 36
29 10
29 42
8 90
19 67
10 4
74 26
30 34
16 66
77 57
34 7
29 15
67 68
2 56
38 3
12 82
17 25
81 94
16 97
34 90
42 78
0 5
96 90
1 66
58 92
49 80
1 43
16 42
3 97
22 5
88 37
8 22
70 93
91 85
33 40
21 83
34 13
72 43
81 75
66 50
41 93
91 43
65 57
19 74
66 78
97 54
16 63
66 99
26 8
77 85
79 0
14 27
18 99
77 81
55 63
67 32
7 71
49 22
52 63
74 42
5 0
91 48
0 29
44 31
21 15
44 36
61 32
36 25
51 48
48 0
82 36
65 1
35 33
17 15
61 57
2 58
98 7
86 54
97 37
97 87
53 42
9 56
7 39
2 85
5 73
27 78
49 94
59 31
18 95
75 45
25 14
56 27
14 15
43 84
23 66
20 5
91 21
58 5
84 3
31 44
86 94
81 85
38 23
23 33
0 49
21 9
85 76
91 15
17 23
72 40
60 80
54 70
47 58
41 20
17 92
11 59
36 85
87 32
2 9
48 80
52 91
9 47
23 82
90 17
27 95
5 9
59 90
23 58
24 12
85 59
75 61
99 16
35 65
1 7
12 55
55 81
33 66
33 71
22 19
83 5
42 4
56 82
39 63
68 18
8 30
57 13
17 64
31 99
10 90
52 29
19 85
86 96
80 5
86 86
84 41
7 70
62 43
99 74
63 66
99 83
73 3
31 80
38 74
6 50
65 63
97 84
1 80
63 38
44 65
74 75
13 69
48 46
64 40
69 18
45 14
16 31
97 4
73 89
18 38
20 26
48 8
68 34
60 56
15 71
81 67
30 6
62 79
57 1
63 63
39 19
45 77
50 49
22 32
56 66
6 24
61 70
84 77
24 3
76 61
69 15
17 62
2 41
30 53
31 18
98 46
44 22
35 72
3 87
55 98
98 68
28 34
92 71
8 16
92 10
47 74
67 65
59 57
95 4
39 89
27 25
19 59
69 27
24 59
34 27
83 46
14 68
92 32
19 41
69 58
48 23
23 65
27 87
12 81
26 10
5 35
1 36
46 42
77 88
15 49
98 24
67 28
62 52
95 14
2 70
2 33
73 74
34 29
15 61
64 74
62 30
71 6
61 40
51 95
96 33
93 0
88 85
85 96
86 46
69 66
97 74
83 44
93 62
53 53
18 48
45 61
64 94
47 4
82 72
55 54
33 21
71 90
62 97
2 73
73 72
91 18
13 44
91 14
25 10
15 56
50 99
97 98
44 86
84 40
19 99
28 92
82 85
39 32
21 72
50 36
85 48
77 52
38 49
57 99
9 3
59 99
0 58
32 50
47 17
70 69
32 75
24 84
0 38
94 14
89 96
84 76
51 68
85 93
90 90
76 65
23 41
46 87
94 78
15 2
94 89
83 97
62 95
13 85
46 90
25 41
45 60
5 31
97 35
6 0
84 27
6 32
98 47
4 75
28 66
64 82
89 32
5 91
69 28
65 20
76 94
64 48
59 23
2 36
24 49
54 63
98 80
86 34
8 69
54 29
40 40
40 25
87 40
33 27
60 17
35 38
19 17
32 43
93 14
78 3
29 39
71 99
49 12
4 66
65 48
56 98
92 76
96 30
62 91
27 34
70 84
21 94
44 60
21 87
31 92
20 56
33 18
81 0
78 8
88 62
47 43
9 97
84 54
91 7
46 30
75 57
67 75
13 8
11 12
23 71
10 96
66 12
96 23
81 84
95 38
99 91
2 7
55 82
44 94
13 96
7 80
79 14
49 29
9 73
78 16
86 20
56 23
3 5
43 22
34 24
80 6
0 6
45 46
88 29
73 4
12 54
78 61
78 6
14 25
18 79
74 22
49 97
85 9
50 1
82 89
85 6
85 30
29 38
75 81
53 7
91 3
43 42
66 65
72 73
85 41
72 14
14 38
19 30
79 98
72 97
19 5
14 28
88 61
98 54
77 69
74 51
7 30
93 65
89 58
21 76
41 14
89 36
16 29
49 26
50 71
51 73
84 34
51 40
86 44
88 25
97 61
88 44
55 6
6 91
50 88
58 64
17 40
15 13
24 68
89 19
11 93
22 54
9 41
47 56
93 21
3 59
27 73
53 88
53 89
64 52
73 46
25 55
12 3
7 43
27 42
56 17
87 90
99 39
27 2
77 45
28 99
56 14
44 64
45 10
33 42
1 88
99 23
4 54
94 55
58 35
15 54
58 20
25 33
3 95
24 50
44 1
80 22
17 47
16 62
31 60
83 0
58 90
51 44
41 80
58 74
84 50
86 90
68 52
23 37
75 44
41 12
76 62
68 92
15 82
99 95
8 84
4 74
3 2
73 18
86 42
8 24
13 7
27 8
90 1
47 21
1 55
72 28
26 11
93 36
60 25
59 9
57 9
56 92
77 2
72 89
50 75
39 24
70 74
54 14
6 42
88 89
56 4
49 57
96 2
48 32
21 73
66 48
30 66
50 50
45 85
89 55
97 69
36 12
19 56
60 51
16 20
70 50
86 49
94 35
45 81
44 56
34 86
88 94
18 27
71 23
17 90
82 95
24 2
7 63
59 44
7 25
13 65
97 47
4 7
59 63
24 18
74 95
48 15
3 27
51 33
70 60
17 45
66 30
23 50
50 4
10 68
44 42
80 26
2 65
61 82
49 78
9 17
78 86
27 49
52 7
95 51
1 10
97 90
59 34
72 5
60 65
43 37
43 31
19 91
73 84
72 57
91 16
40 53
18 88
12 28
84 36
8 17
83 6
60 62
73 63
47 30
34 66
23 13
22 52
41 36
75 90
82 62
47 68
82 6
95 62
97 28
86 92
43 25
14 5
65 34
70 23
55 62
79 27
75 69
83 27
83 88
41 11
56 11
13 90
19 13
59 5
47 73
14 83
44 92
78 4
37 15
60 82
44 99
16 2
3 31
50 90
99 11
79 15
61 26
19 73
23 20
33 96
90 59
38 67
5 23
69 5
32 8
53 32
39 36
62 13
34 62
54 80
66 85
3 40
82 61
84 92
8 0
81 63
41 70
49 86
25 58
3 22
13 75
51 12
97 75
99 64
57 82
98 45
67 12
14 81
74 27
57 91
24 1
95 91
78 27
37 20
23 5
86 63
32 89
94 87
51 0
70 54
94 71
27 18
74 34
84 95
73 68
39 88
74 56
43 92
0 45
2 31
90 19
42 80
57 57
92 69
86 59
60 38
14 26
91 57
5 66
74 23
85 50
13 14
2 52
41 34
54 19
73 70
39 53
32 14
62 98
9 70
87 72
17 30
46 54
7 45
95 85
60 47
14 59
36 94
6 16
17 28
4 49
27 94
51 85
45 83
69 90
27 3
28 29
45 58
18 14
34 31
96 34
60 43
55 36
77 64
38 0
82 8
97 92
96 54
69 68
1 45
64 43
57 0
80 61
66 66
50 67
77 10
36 37
68 62
46 15
53 14
15 72
3 85
61 50
89 27
14 97
56 70
72 36
14 91
83 36
42 33
54 65
94 32
47 20
24 93
13 12
91 76
30 78
94 64
60 5
40 82
23 98
86 19
32 59
63 98
4 47
23 78
96 56
46 80
55 5
51 99
2 90
56 21
4 50
5 45
40 99
30 31
41 65
36 91
17 1
71 20
30 45
46 14
69 51
81 43
70 37
4 61
10 37
69 8
47 65
47 9
13 89
87 53
64 58
8 25
94 77
41 60
67 97
95 36
84 35
57 48
72 54
57 70
24 44
54 81
41 89
86 77
5 25
48 35
89 14
41 97
27 28
25 83
63 0
70 43
41 37
40 66
53 79
20 16
31 15
83 71
0 68
59 16
82 50
44 51
44 14
82 91
87 3
5 64
94 80
67 91
90 52
61 5
16 82
38 95
70 6
57 56
27 75
68 74
62 51
59 98
63 29
89 34
73 7
6 53
99 32
69 25
71 67
54 71
17 82
39 73
22 96
83 18
29 6
43 99
94 43
62 44
7 81
50 28
86 69
72 86
89 73
58 32
75 66
10 39
8 79
87 16
93 32
21 2
63 32
90 65
38 59
67 92
50 19
56 41
18 13
87 9
13 47
73 75
30 92
62 63
76 46
23 31
39 13
15 70
54 0
30 3
45 2
55 73
5 53
82 4
80 25
53 45
15 74
90 47
40 48
71 60
65 80
91 4
6 75
95 41
71 22
33 87
98 16
77 35
33 10
85 1
67 59
52 64
87 85
32 85
65 92
87 29
66 17
66 31
0 48
95 96
64 22
51 67
66 15
78 14
67 95
71 83
85 17
2 18
68 61
14 39
1 79
99 53
82 33
44 62
32 83
47 37
5 59
99 61
67 98
68 21
40 62
57 12
20 8
43 95
93 59
52 97
86 32
38 44
63 49
64 14
43 33
4 78
24 63
44 49
97 43
11 97
62 70
37 83
22 83
12 10
81 42
87 56
8 46
75 54
74 39
1 72
84 97
80 35
98 57
19 60
54 20
28 27
87 6
77 46
54 28
88 36
1 49
90 86
22 9
67 9
69 97
91 61
87 60
57 7
87 14
53 16
68 46
35 9
44 38
59 36
66 44
72 56
17 77
30 83
28 43
10 92
60 48
24 43
32 18
51 90
84 21
61 15
45 92
38 37
79 34
15 7
66 47
10 65
6 27
44 83
3 84
6 23
13 57
98 48
48 34
91 33
15 41
99 7
32 66
88 56
95 20
42 50
35 27
94 90
20 9
52 69
93 33
79 59
68 72
85 78
9 6
57 73
73 62
80 9
62 74
31 5
3 52
92 18
68 0
43 48
63 2
54 68
23 61
42 34
51 27
84 25
97 50
60 24
10 79
49 42
64 62
26 92
11 98
39 99
43 91
43 50
69 39
48 41
78 62
8 34
89 18
54 84
80 90
83 84
92 79
84 18
24 15
26 52
97 8
56 90
73 73
28 98
82 70
58 72
91 55
95 90
22 53
78 71
93 53
53 77
96 43
19 54
71 43
87 67
34 44
86 12
26 30
29 64
9 62
87 37
42 46
57 87
8 36
75 52
99 22
98 76
11 76
50 69
62 75
55 71
33 89
40 45
34 93
70 14
90 14
21 38
65 88
33 8
47 61
37 57
91 89
94 8
0 71
28 21
91 25
48 89
62 18
91 27
99 49
82 75
52 6
84 15
64 60
28 18
95 13
75 95
70 52
65 94
64 42
72 19
8 96
88 60
32 0
24 34
75 58
60 98
23 11
24 51
96 31
9 52
48 67
42 44
65 31
28 28
25 26
18 26
56 51
1 42
21 14
84 4
44 15
75 7
21 81
32 74
75 34
67 20
80 44
0 3
99 4
31 61
52 11
85 3
12 49
95 98
60 90
94 25
77 51
0 52
3 26
51 54
24 74
73 92
78 25
67 84
52 55
62 37
91 62
48 52
64 84
97 10
8 57
64 81
78 84
95 22
28 52
18 70
88 46
78 55
17 13
78 80
57 37
14 47
98 90
17 84
3 55
4 52
20 12
30 71
43 70
87 45
10 69
0 93
19 90
84 84
74 40
62 45
59 59
72 12
11 68
54 97
28 11
43 14
28 55
20 71
96 47
53 72
78 5
79 53
27 56
25 35
79 64
20 42
35 97
25 45
82 81
22 34
49 20
65 26
58 96
82 60
33 62
55 42
58 16
79 10
85 36
6 55
80 92
53 90
67 67
12 85
58 45
68 58
9 64
16 25
29 34
72 82
16 60
70 71
80 45
50 62
87 84
73 32
71 49
84 9
41 41
77 98
66 69
37 98
21 56
81 19
99 98
63 11
19 14
93 22
47 83
17 41
89 29
63 44
62 90
94 96
74 32
60 30
2 68
7 62
96 19
50 87
78 50
29 48
23 88
82 76
57 45
28 10
77 34
85 84
62 82
52 61
38 11
57 76
8 85
31 29
64 57
99 85
2 42
93 88
94 31
0 75
7 37
11 2
61 76
29 87
34 97
73 8
22 90
39 14
56 59
72 17
13 26
42 82
18 59
29 57
83 15
64 69
6 92
79 12
64 95
83 54
16 79
74 85
71 18
48 6
41 82
30 63
32 44
93 19
16 14
19 26
13 95
12 45
82 39
73 11
36 18
32 3
61 53
85 54
66 53
49 38
73 60
8 99
63 6
15 60
72 2
65 0
48 97
14 71
18 92
68 26
61 59
40 74
58 58
23 47
78 24
92 51
45 86
81 70
34 70
73 29
89 40
10 33
33 77
82 42
56 62
45 63
76 15
43 30
94 66
60 11
71 14
47 47
24 30
23 27
32 93
17 68
45 43
8 78
63 26
4 80
24 86
12 40
49 13
20 10
80 46
59 15
81 38
77 62
19 63
18 10
8 21
56 76
40 10
59 28
51 61
57 61
25 85
69 32
4 10
18 0
42 86
64 45
80 83
42 66
8 37
69 60
99 37
60 15
68 43
92 48
15 42
71 16
29 85
8 42
7 34
86 14
91 82
74 0
36 60
82 46
51 45
2 28
1 39
55 69
66 88
0 96
92 23
83 16
28 79
81 51
51 57
10 28
89 48
49 83
18 83
57 15
85 23
39 16
4 79
94 2
14 29
47 22
66 96
97 78
53 6
44 59
85 64
15 19
41 98
36 84
40 93
24 64
68 24
48 61
58 83
91 12
9 23
41 84
14 45
43 51
0 24
95 31
46 66
62 35
63 36
9 74
22 42
30 21
53 98
91 59
50 35
2 71
83 94
91 63
40 29
17 9
40 81
42 1
78 90
56 9
16 26
71 4
19 93
58 2
8 67
18 51
59 62
94 24
79 18
43 27
41 51
25 31
46 13
74 90
31 87
18 50
30 55
85 61
80 67
32 61
21 42
92 49
88 99
98 13
35 14
8 10
38 60
61 66
42 16
73 52
38 78
81 31
59 54
47 14
11 19
57 38
3 4
52 17
75 86
54 96
90 30
15 76
89 33
98 53
8 5
10 55
88 0
39 12
5 40
64 28
72 58
91 75
8 9
79 99
15 6
8 87
7 82
52 73
40 19
73 9
49 53
82 18
92 35
34 71
40 20
38 58
54 42
54 2
11 31
8 4
49 69
29 68
1 73
89 46
85 33
81 12
76 9
84 74
37 68
97 31
79 32
66 20
65 22
44 6
38 14
10 10
76 53
97 17
71 96
2 5
80 74
37 72
60 23
38 36
52 51
96 35
13 43
24 48
53 63
89 23
83 75
6 28
14 34
20 36
66 33
84 19
38 2
42 9
96 15
39 20
31 95
62 29
77 33
96 20
48 40
37 29
98 17
76 51
95 78
55 19
44 24
44 47
31 74
28 12
65 52
66 58
44 70
54 66
36 23
7 28
80 43
92 5
66 84
55 46
15 78
5 8
53 81
10 95
95 60
69 48
76 98
27 22
43 24
36 4
3 11
84 85
80 31
56 60
86 4
99 6
31 84
29 53
53 73
88 97
96 10
54 99
50 22
32 41
24 33
26 19
21 32
0 15
58 52
10 29
85 19
56 40
84 16
11 0
97 5
58 47
29 26
17 10
98 4
98 8
61 89
17 72
82 19
14 54
90 2
18 85
36 55
65 8
20 98
74 81
91 72
55 23
65 59
56 50
85 49
34 59
60 12
62 38
16 49
80 55
79 58
