100 3
12 42
12 5
78 92
62 60
97 99
90 57
36 56
48 21
85 46
25 31
2 66
59 66
94 3
65 67
70 19
71 17
60 73
76 28
55 23
75 50
27 0
88 27
97 29
74 2
18 67
75 4
92 68
13 17
26 83
79 28
60 42
72 36
80 35
62 11
16 69
36 93
67 53
57 29
86 59
96 13
69 43
46 61
84 14
8 82
47 66
42 1
36 69
25 88
95 26
89 55
22 68
86 63
53 26
48 57
85 32
41 96
34 74
73 14
47 3
59 64
94 22
67 28
90 47
28 81
85 98
20 82
83 40
11 91
4 21
97 49
12 65
99 42
10 96
61 72
44 24
91 1
56 38
49 20
57 84
29 70
37 20
96 52
46 68
42 58
57 8
54 53
98 10
29 15
43 43
85 67
12 9
52 45
21 88
34 54
99 53
81 68
77 35
10 83
39 47
55 13
42 99
71 26
56 95
33 75
3 21
51 44
72 50
15 75
86 67
66 75
41 54
92 2
11 68
60 8
78 60
49 22
16 30
41 1
6 92
56 14
80 95
86 77
69 80
63 10
70 71
1 85
51 72
40 93
95 63
46 74
87 68
66 97
99 68
68 58
54 33
1 65
89 19
13 39
44 6
83 49
19 57
68 75
95 44
66 63
15 17
9 18
44 39
65 44
27 88
98 1
97 73
64 81
47 87
70 38
7 45
65 90
62 63
34 78
14 52
92 70
44 74
83 27
20 31
38 10
93 69
98 67
27 48
81 79
21 62
43 91
7 60
27 62
30 76
27 63
27 38
82 56
86 35
45 49
59 56
92 59
32 88
53 57
23 47
84 97
22 52
45 82
39 9
10 56
99 87
91 2
13 5
3 41
56 15
8 38
23 14
94 21
18 2
47 46
37 53
37 95
85 61
0 49
85 19
97 5
88 15
18 6
74 70
11 30
92 71
17 32
64 76
14 58
8 46
98 52
65 71
37 65
62 84
43 7
79 70
96 3
80 84
20 57
76 37
25 48
91 92
65 72
27 21
27 78
91 60
29 32
58 1
43 1
16 28
19 15
10 57
71 23
15 7
93 73
85 57
61 27
8 2
92 1
16 29
30 43
59 4
71 70
20 12
51 40
7 13
55 39
20 34
42 59
88 83
48 0
65 45
14 13
78 30
4 58
98 98
3 30
93 37
97 16
16 73
22 55
73 3
89 21
22 10
5 39
15 28
48 5
7 66
83 12
13 63
30 1
33 43
5 29
30 95
0 38
41 28
49 47
16 70
15 64
98 59
55 82
33 27
39 3
90 46
46 16
48 32
64 54
75 55
87 17
21 84
2 30
24 8
38 72
69 69
89 94
82 71
32 28
83 81
31 38
89 5
6 93
15 92
10 18
36 28
32 99
91 31
5 3
22 7
47 89
68 26
56 18
46 76
46 96
7 93
55 69
12 84
61 5
53 45
3 48
92 33
59 84
71 56
53 15
23 82
5 15
6 49
2 28
32 86
59 8
75 38
37 52
97 6
48 3
89 30
21 6
89 75
8 47
69 21
21 24
8 15
5 60
62 47
6 7
7 73
32 44
41 0
50 76
90 14
71 52
62 22
42 10
26 3
46 60
49 86
28 98
41 13
73 1
49 54
1 32
73 19
22 31
68 7
35 47
85 41
29 67
17 41
87 94
26 26
7 16
2 88
17 5
39 78
57 9
66 24
82 82
80 49
90 76
88 24
48 22
16 65
26 41
49 66
33 17
70 44
7 83
56 26
11 89
76 32
84 74
74 89
54 23
93 90
6 69
70 77
28 33
67 23
37 9
33 57
92 45
31 80
65 55
92 75
80 38
40 77
12 55
41 67
31 37
86 47
62 98
29 26
75 2
46 58
30 71
80 13
43 87
90 80
68 46
52 56
31 26
61 92
0 63
81 18
43 88
12 71
35 96
88 23
63 36
64 21
27 49
53 64
22 11
72 98
96 73
69 35
38 35
35 94
68 84
48 42
22 42
31 72
50 11
48 64
90 29
25 4
93 27
44 7
30 82
11 81
24 57
16 6
9 26
85 90
85 76
8 39
83 20
39 6
18 76
69 79
30 67
60 97
42 27
85 75
97 18
97 17
31 68
57 69
32 13
97 42
4 46
62 20
93 21
54 93
23 70
36 26
3 11
53 54
59 23
37 70
25 46
24 34
6 11
15 56
17 76
9 41
57 55
61 14
3 12
84 6
51 76
82 60
31 54
0 2
57 27
30 37
29 20
74 67
14 68
18 15
13 73
41 40
59 3
52 92
10 10
57 80
60 70
85 88
76 10
32 12
20 32
44 20
32 89
5 50
44 87
49 67
31 91
2 60
82 81
88 61
29 68
8 25
29 83
39 58
81 46
89 23
48 54
87 14
81 35
75 63
85 0
87 54
88 1
15 73
9 63
64 95
45 53
48 83
32 23
26 39
86 39
69 70
99 36
7 4
43 23
92 22
51 91
55 88
97 89
31 9
60 96
83 44
75 1
61 82
21 66
45 16
51 52
28 15
98 76
56 9
35 88
37 37
1 36
61 76
15 4
63 5
2 79
0 22
19 46
50 31
12 44
14 43
36 85
53 37
49 85
54 71
90 21
50 93
54 44
15 55
37 58
16 67
72 85
16 12
91 66
36 10
49 15
5 76
38 54
98 34
23 52
46 23
91 58
26 17
6 79
20 70
24 98
48 97
35 4
50 70
67 39
90 90
81 27
23 94
9 36
0 44
0 83
14 73
86 73
49 68
9 16
99 94
55 20
48 79
82 3
25 60
77 24
12 81
44 93
6 94
89 79
78 94
40 71
1 84
95 50
58 97
43 48
71 77
2 49
39 63
19 59
80 64
99 82
51 84
3 62
9 89
74 55
8 37
96 50
37 4
32 61
54 60
0 81
27 97
73 76
67 35
87 63
27 81
40 9
29 25
1 31
79 25
1 24
25 89
31 45
23 63
86 53
47 73
26 82
14 70
31 36
74 20
62 57
61 87
46 86
72 38
38 6
7 20
27 41
2 67
39 11
94 13
9 29
31 78
15 71
78 56
23 21
74 30
65 31
57 6
82 96
60 86
2 92
76 90
63 64
64 23
95 51
48 36
45 88
67 84
32 10
30 72
67 61
5 46
40 82
14 69
7 31
7 63
55 94
91 90
82 9
7 2
91 68
27 24
97 13
26 93
1 99
76 95
52 95
20 52
80 90
80 39
36 91
70 42
31 89
43 89
55 99
60 40
21 97
29 61
30 42
39 65
58 43
2 41
25 68
7 24
68 12
8 0
65 37
42 97
48 49
67 87
66 2
75 16
75 44
34 61
86 22
34 57
98 90
1 7
72 93
64 8
89 0
92 44
84 89
44 30
13 82
22 67
78 31
79 64
24 97
93 19
50 81
52 70
10 9
61 55
37 98
14 75
67 52
80 21
38 41
16 87
71 44
22 76
13 9
93 12
51 3
13 43
81 10
94 19
54 26
73 57
33 93
88 29
39 51
55 28
6 30
87 18
57 24
72 66
19 66
50 42
65 85
8 44
84 49
3 54
96 39
35 62
27 22
89 82
13 23
73 74
32 96
83 85
24 20
93 11
82 86
38 0
77 41
45 55
50 29
10 59
16 45
36 64
72 7
5 40
16 0
71 7
72 9
28 75
65 82
86 36
61 75
21 80
17 49
50 65
48 8
95 95
3 61
6 95
65 97
63 92
24 78
20 64
88 85
6 47
64 9
43 79
77 40
64 86
17 44
51 12
72 96
7 6
79 14
15 45
27 12
68 79
9 46
69 71
78 38
55 36
73 54
61 4
46 98
93 43
10 93
59 98
9 34
25 75
71 73
90 58
25 47
15 61
40 88
55 78
89 78
55 41
65 4
75 21
3 55
95 79
90 82
1 52
36 8
34 99
72 82
19 29
32 98
65 27
79 89
46 47
34 97
91 15
40 1
85 22
56 96
53 38
87 25
23 4
42 72
41 74
15 15
98 88
5 19
4 68
51 74
53 41
68 68
39 49
22 91
66 25
4 91
49 39
70 18
46 92
63 80
74 38
15 16
60 26
13 75
90 49
80 61
34 70
67 31
38 92
91 77
41 6
11 97
90 27
94 92
64 26
12 33
5 25
11 26
57 96
81 84
71 69
8 29
85 17
76 38
53 67
12 97
67 16
4 18
71 72
63 20
5 80
79 47
43 65
12 53
50 53
44 53
51 36
36 90
1 73
45 48
29 43
67 5
73 69
65 89
45 73
28 89
26 30
41 99
59 85
16 81
82 19
62 12
45 96
84 94
98 35
61 40
46 95
56 2
29 56
4 45
52 77
2 8
15 83
51 81
7 51
2 44
13 93
88 38
60 46
15 14
15 60
66 35
0 45
25 28
14 92
57 87
47 9
16 41
22 39
44 80
42 47
64 85
3 49
13 83
38 61
92 60
96 36
91 7
62 10
17 51
15 23
81 33
5 53
92 88
44 3
20 15
54 30
4 23
53 17
20 51
72 24
60 37
96 70
61 85
72 62
51 51
41 45
48 53
95 83
71 66
63 16
98 25
8 59
56 55
93 35
37 8
3 80
11 33
68 78
27 10
13 55
32 25
90 39
30 61
94 74
0 47
11 96
97 23
2 19
36 20
86 74
67 57
68 53
2 43
1 2
6 9
52 50
20 90
21 14
84 58
4 90
86 75
18 92
49 43
41 55
21 53
61 11
16 82
39 85
57 49
47 56
85 54
39 61
52 46
24 99
34 39
30 77
85 25
26 57
98 81
97 1
92 3
48 81
2 52
84 96
83 45
16 4
16 94
36 41
78 89
98 57
99 18
35 32
55 21
37 35
89 47
56 98
38 52
28 44
90 78
77 38
42 33
6 12
13 96
30 70
99 1
53 50
23 87
76 81
96 34
56 50
17 85
4 9
77 47
37 21
6 90
79 60
91 37
7 27
52 18
42 69
44 28
69 60
18 99
75 47
56 71
85 58
32 95
99 62
98 12
71 30
90 71
30 20
8 8
89 84
28 48
67 66
79 79
41 7
41 2
79 31
25 94
49 62
94 15
90 45
78 33
35 19
75 72
17 99
66 62
56 22
61 81
97 54
32 70
63 55
0 31
83 34
68 51
28 70
22 95
96 98
76 76
84 31
66 13
61 91
22 25
73 51
29 81
33 19
21 12
70 78
27 9
16 66
98 39
52 37
12 79
23 53
4 50
31 33
42 61
95 43
97 34
81 48
12 58
63 14
2 99
16 33
85 43
99 71
22 79
64 44
91 91
97 39
54 72
49 17
32 14
59 88
24 2
91 53
5 42
9 54
54 90
93 93
3 39
63 57
43 8
66 9
88 34
14 23
57 25
50 43
35 67
56 5
40 63
61 3
68 89
30 3
5 34
68 22
68 21
40 49
38 38
65 22
70 84
86 68
18 51
36 5
2 71
23 81
95 11
19 42
11 51
51 53
88 45
48 63
50 13
3 6
69 25
24 48
37 66
5 94
40 62
62 90
76 69
29 86
91 65
4 4
63 77
19 24
11 31
87 48
30 13
43 0
43 77
29 19
60 24
88 64
31 67
70 87
91 18
40 10
84 43
75 95
22 23
36 7
82 79
12 28
88 98
41 24
20 63
59 11
32 58
13 69
88 39
74 29
72 67
48 88
78 99
24 27
13 62
15 91
59 47
89 58
27 98
84 57
46 26
78 67
87 65
77 52
69 51
4 75
6 43
72 78
84 51
5 41
19 45
91 35
64 67
92 15
37 84
35 91
71 37
46 72
35 37
25 82
38 99
88 56
83 35
61 50
52 89
61 17
47 28
59 0
58 32
39 1
72 44
85 21
36 95
90 48
8 84
35 1
56 27
69 20
3 16
39 41
81 6
12 47
81 12
66 66
4 86
37 86
94 46
69 29
12 54
49 95
70 29
23 93
48 86
55 11
68 15
10 4
74 8
63 23
90 72
86 42
66 76
25 84
60 90
68 62
84 20
92 18
92 28
59 81
57 45
38 68
66 82
88 26
3 3
11 29
92 36
57 83
52 55
54 28
21 60
10 37
48 80
89 7
49 74
12 75
70 79
45 22
37 69
6 31
94 25
28 14
90 83
61 60
22 81
68 94
95 18
52 48
4 79
77 12
52 44
34 44
91 56
37 51
71 71
29 57
81 47
0 80
89 37
94 78
70 32
83 70
1 67
5 71
3 76
98 27
62 99
30 87
54 88
1 9
44 64
21 13
75 0
46 66
41 18
55 15
31 41
61 73
29 41
51 10
54 73
45 20
94 43
20 62
37 90
18 88
83 0
11 25
59 59
99 56
45 14
12 87
49 30
46 79
36 96
60 47
39 86
98 13
18 72
11 72
20 69
26 12
96 68
12 88
28 30
45 32
67 83
99 26
2 81
97 75
48 55
27 39
95 82
26 71
56 46
8 55
3 24
93 59
66 69
59 86
57 17
45 94
63 79
1 62
77 76
24 18
19 69
92 97
2 42
95 97
46 13
62 33
88 12
97 45
51 2
37 41
1 50
46 11
36 55
65 73
75 43
79 22
34 21
64 30
49 81
11 60
73 55
92 86
46 70
26 4
94 87
22 5
22 37
53 35
1 58
52 2
54 79
64 80
63 19
97 12
75 64
39 39
83 66
64 48
69 98
82 45
23 51
72 49
96 31
12 29
79 87
58 10
66 4
14 94
12 24
40 70
78 73
89 45
40 35
12 36
23 61
74 39
29 1
19 60
15 1
26 2
82 38
71 57
2 34
46 56
41 69
9 90
61 70
41 52
33 91
8 98
53 2
65 40
86 37
90 50
25 12
18 18
52 97
32 19
28 7
68 52
22 21
82 55
11 75
54 69
73 87
78 35
64 17
66 98
69 54
0 90
39 20
14 81
72 10
7 33
39 44
99 86
43 74
13 2
77 16
52 10
85 36
26 11
66 59
57 94
95 25
11 99
1 60
68 13
89 88
5 17
72 31
68 57
42 4
93 48
41 32
42 98
0 87
33 50
63 34
95 81
89 98
55 55
74 68
3 22
64 5
83 80
67 50
37 55
90 70
22 32
10 76
76 96
9 78
80 77
43 13
96 9
28 99
33 66
38 2
97 19
38 59
8 94
7 7
34 7
49 32
44 82
20 8
20 11
4 52
95 85
20 30
68 8
55 38
33 82
79 46
45 44
52 31
64 75
87 52
51 86
55 50
44 89
90 79
87 23
95 91
97 71
62 74
74 91
4 70
38 80
62 87
69 87
35 90
83 92
15 68
43 73
60 6
98 78
29 76
50 67
35 30
9 23
38 78
22 86
37 0
74 32
92 34
56 70
65 80
69 50
31 7
59 57
51 37
51 28
26 6
54 6
52 65
48 30
87 42
19 33
40 19
46 55
86 18
5 9
58 60
11 84
68 85
71 31
65 77
81 69
43 24
3 28
57 16
61 63
82 23
25 99
69 64
32 34
20 96
41 20
83 87
1 4
85 55
18 66
32 80
24 83
60 57
10 22
84 15
17 90
72 84
89 17
0 93
94 55
63 15
89 25
23 95
75 51
74 31
27 74
59 48
12 30
41 90
56 89
76 74
47 51
82 54
55 96
21 83
70 52
33 39
37 72
37 54
53 70
6 50
56 48
22 66
4 57
30 25
12 4
89 70
55 12
98 63
51 57
63 12
5 31
32 48
4 94
81 67
17 53
62 30
77 4
34 62
23 39
87 55
2 31
42 14
97 90
55 51
33 23
76 46
90 81
33 11
7 14
40 97
4 72
97 50
69 2
50 64
81 37
79 67
24 96
68 1
44 71
1 94
99 58
62 25
1 40
67 75
56 66
56 88
86 44
49 28
11 18
37 75
37 71
34 25
1 13
15 44
98 6
94 27
32 38
47 92
53 86
71 74
0 21
13 70
96 55
47 74
17 37
89 73
73 98
55 52
74 96
92 26
98 9
7 67
38 58
43 11
20 33
90 4
36 88
57 97
32 36
58 73
52 22
37 43
63 83
93 74
21 94
81 80
70 51
93 89
97 78
79 4
74 90
50 16
96 8
58 85
22 45
58 40
77 65
22 92
91 98
49 84
40 87
10 33
92 27
45 76
85 37
34 76
98 99
46 93
82 91
3 15
68 50
68 31
92 54
24 77
53 1
45 3
65 58
52 96
20 10
2 6
55 89
45 8
48 9
92 56
46 99
87 77
0 13
62 23
72 13
38 74
29 13
46 51
32 72
23 77
40 85
74 75
31 40
63 90
99 9
72 11
96 33
47 78
9 99
33 42
70 7
41 98
87 79
42 22
0 94
49 6
2 11
94 40
53 28
27 72
85 16
82 76
9 5
46 59
9 64
0 3
44 9
7 62
35 35
40 0
40 94
63 59
98 75
78 47
54 48
85 91
0 58
77 53
88 79
43 95
13 33
49 37
75 59
56 28
10 67
47 86
31 39
51 38
6 24
96 83
66 23
88 93
4 39
70 40
67 92
48 4
14 76
34 90
70 50
67 76
20 25
80 20
36 16
52 41
65 6
59 96
68 3
46 73
30 57
69 56
20 98
3 66
49 59
99 43
33 18
71 29
4 69
55 45
99 19
9 88
27 15
27 19
10 79
58 44
27 53
57 0
67 77
19 79
7 9
44 8
28 85
28 5
59 87
9 42
85 92
67 13
54 65
22 9
34 53
77 82
86 91
63 17
19 28
31 98
75 24
44 81
40 24
89 20
64 64
47 44
42 42
81 40
47 19
93 14
47 13
5 47
34 68
61 77
28 74
92 78
2 46
86 11
60 94
83 62
71 14
56 7
4 63
34 33
73 29
9 22
15 85
77 6
61 45
70 25
22 41
21 25
22 75
76 30
74 98
27 66
73 27
28 29
3 74
47 40
11 49
99 95
42 75
81 92
75 58
69 14
25 5
75 61
3 27
13 7
90 15
26 8
29 38
34 40
8 65
82 8
27 45
68 91
77 84
46 57
70 31
38 89
7 0
0 17
23 20
86 1
90 18
71 55
43 72
19 47
42 26
65 21
97 57
36 12
97 61
72 64
58 95
14 0
91 45
38 81
48 31
67 8
58 27
71 96
50 45
53 39
58 98
73 36
14 36
82 53
1 10
72 12
7 8
80 60
51 18
23 11
60 92
10 70
52 14
9 51
74 46
30 28
78 15
19 56
7 80
14 32
71 5
68 82
69 57
39 98
91 61
43 97
88 59
97 98
73 90
50 62
76 8
21 78
81 59
5 48
39 55
77 72
65 64
73 61
23 5
44 27
31 73
84 63
48 71
8 48
97 8
18 84
89 62
61 10
11 78
50 34
96 72
73 18
35 29
92 51
65 98
64 34
40 81
19 4
81 87
96 30
21 57
62 65
39 13
74 24
42 48
38 44
42 2
28 38
22 78
87 2
2 3
64 49
56 37
35 55
51 62
42 36
87 96
68 24
70 45
79 11
84 34
52 7
23 23
50 19
31 49
21 68
19 19
50 52
31 76
88 71
89 99
95 19
10 64
12 23
69 37
19 41
55 17
22 80
77 89
14 72
29 64
54 81
93 15
80 48
90 95
48 50
34 6
25 41
86 13
69 99
13 38
93 28
97 15
97 79
60 43
66 32
51 31
30 35
48 40
24 46
63 58
67 82
27 90
93 82
83 75
19 72
93 4
26 36
67 48
13 97
93 3
32 78
56 82
85 45
37 3
40 64
53 20
65 19
63 84
93 23
8 31
68 37
82 16
57 98
94 9
84 60
75 10
7 75
10 91
40 37
14 30
92 13
51 50
11 80
81 3
78 45
92 66
18 49
7 19
98 11
87 89
68 25
30 19
34 38
82 4
3 43
59 24
6 54
98 51
44 92
40 75
11 43
39 84
66 77
48 85
78 79
91 20
85 23
32 79
76 39
19 10
11 2
98 53
82 77
40 89
93 40
21 31
88 36
67 86
88 72
55 32
98 89
0 91
9 20
47 96
6 66
13 37
40 20
4 87
14 83
26 46
31 10
28 27
82 98
97 21
86 54
78 52
20 88
45 29
78 62
96 77
95 56
91 76
2 84
71 4
27 26
56 85
79 5
24 71
19 86
3 77
15 93
14 6
46 36
53 7
84 71
52 39
5 82
71 33
22 13
99 98
3 90
15 62
99 63
70 37
35 73
72 48
54 24
68 5
78 12
81 19
69 58
39 5
62 54
75 77
46 52
68 73
90 31
37 80
18 19
30 31
41 72
56 3
24 49
22 48
97 88
4 85
15 57
75 82
85 59
63 38
78 23
36 35
56 41
17 1
70 95
17 78
45 0
73 13
98 79
76 87
25 70
70 20
19 76
85 9
65 62
30 53
7 78
77 63
80 91
59 46
42 18
73 77
51 24
48 26
16 37
24 80
90 24
26 87
75 52
64 68
24 10
78 19
76 13
43 63
49 72
33 64
2 69
7 21
45 19
75 87
63 39
86 70
84 92
8 36
53 11
61 84
15 88
95 45
87 86
67 94
84 7
19 77
21 50
77 93
58 25
25 66
98 83
5 1
73 44
75 68
66 5
89 24
64 0
56 6
19 84
78 22
82 2
48 91
88 77
64 91
57 52
6 71
22 97
11 34
20 37
17 9
66 7
47 64
55 85
55 57
53 88
79 40
58 0
62 31
0 6
14 99
61 71
61 13
73 73
67 38
17 61
25 29
33 92
44 43
5 0
76 41
16 11
98 43
50 89
41 65
0 41
54 29
31 79
59 58
65 57
28 97
25 37
71 85
41 47
94 62
77 91
91 59
5 57
62 29
18 23
50 77
14 88
33 61
91 73
81 95
33 78
45 59
31 63
28 18
94 51
21 20
85 14
92 21
93 31
53 60
9 50
61 52
80 18
24 63
82 14
68 41
29 51
11 83
22 0
3 32
66 92
43 16
42 44
93 58
1 14
43 62
38 79
62 67
69 9
62 17
5 84
51 56
23 38
91 50
94 45
56 64
21 58
18 53
53 46
45 57
67 0
62 88
30 2
41 95
31 59
97 2
90 88
41 9
78 95
66 3
23 26
93 65
97 92
10 25
0 8
19 96
85 30
52 68
82 46
72 54
57 4
85 63
4 22
65 68
86 96
61 6
94 53
83 52
49 58
33 87
2 78
25 81
73 43
56 53
9 77
66 40
70 63
33 51
43 53
7 65
26 52
82 36
78 3
52 12
91 80
5 38
40 7
45 75
55 19
44 59
27 25
85 65
2 39
61 28
50 86
95 70
94 58
74 86
72 55
13 54
67 19
80 19
15 96
42 32
26 44
68 72
97 0
86 4
65 83
28 11
56 72
76 7
64 56
72 4
83 2
86 7
57 33
83 53
5 77
63 54
3 37
71 83
26 75
94 66
36 23
92 46
86 27
3 60
99 30
66 72
44 76
18 21
35 70
24 0
62 13
21 59
4 35
92 5
95 72
81 74
20 89
69 41
71 76
11 24
26 47
92 20
18 48
57 43
50 9
2 5
57 79
80 71
78 76
29 96
41 11
94 77
85 35
6 63
69 39
74 17
3 93
52 81
4 51
23 42
11 17
57 41
70 83
75 80
73 24
8 14
96 16
71 42
49 41
4 59
71 53
90 42
2 18
99 39
13 24
47 8
25 25
22 59
91 57
69 78
70 13
1 21
58 87
45 67
87 3
3 52
57 77
61 98
51 64
96 4
49 13
99 84
23 22
83 21
14 10
7 28
90 51
97 83
17 14
92 57
82 49
35 76
10 47
29 37
31 5
26 28
65 20
28 34
67 99
10 50
91 69
46 67
36 4
78 40
34 2
76 93
15 21
12 69
5 5
86 25
98 23
35 40
4 74
43 18
18 65
7 29
93 5
34 65
28 20
30 33
32 46
17 42
18 20
18 59
9 25
61 94
84 73
75 66
65 43
33 41
72 90
72 17
20 16
81 64
75 69
79 90
31 27
94 52
63 72
50 33
59 42
39 96
77 54
63 86
84 8
91 27
66 65
78 46
17 55
95 69
22 20
1 64
35 15
41 29
7 56
81 76
14 63
0 53
85 99
36 99
63 60
79 18
81 86
1 92
74 83
85 51
43 60
77 78
28 84
81 23
54 2
95 57
55 33
50 84
7 69
62 55
79 15
52 5
81 24
14 97
5 7
45 34
86 43
12 18
85 4
19 82
51 77
39 50
11 10
9 80
86 14
55 86
62 59
96 63
78 13
35 21
58 6
75 89
96 28
29 34
45 5
16 3
99 16
66 36
29 5
41 88
47 85
21 4
77 10
2 73
3 14
16 35
50 25
81 65
54 18
69 76
20 71
9 61
36 0
41 77
88 58
77 94
63 3
81 70
82 7
5 2
99 59
70 2
15 12
99 57
19 3
82 84
41 27
85 6
59 73
84 10
96 86
0 37
68 86
12 99
96 91
26 62
27 54
64 71
39 4
20 47
58 35
72 0
83 5
9 12
99 37
43 4
63 94
92 81
55 5
22 85
72 19
29 17
15 80
96 65
21 69
95 1
49 36
15 58
62 93
76 89
15 87
14 53
50 6
16 97
52 19
42 49
47 90
87 7
30 98
58 88
32 31
25 1
85 31
9 79
34 43
14 55
73 26
73 2
42 73
7 1
63 87
24 44
73 66
97 52
49 5
40 92
22 89
86 60
4 14
80 54
59 55
84 44
60 95
63 11
40 91
13 89
95 9
28 37
28 9
51 41
82 24
92 85
57 23
97 25
82 37
58 21
81 71
52 43
82 0
74 40
81 32
51 97
75 35
67 69
53 49
80 68
19 48
51 33
88 20
95 31
39 28
41 21
7 61
54 74
91 62
52 25
42 11
88 40
83 93
88 76
81 93
26 70
10 89
95 96
23 25
91 99
99 54
16 34
82 64
57 51
46 25
41 86
25 32
80 28
30 65
28 66
4 66
92 39
5 86
24 22
96 61
75 91
22 84
91 86
79 48
73 34
14 25
6 80
36 67
58 19
87 40
96 56
14 1
73 70
81 11
72 99
64 84
22 14
99 12
98 85
97 30
4 62
58 38
21 23
20 55
61 93
83 71
99 75
20 59
33 56
52 73
17 98
44 4
99 85
23 65
89 67
31 48
63 98
49 45
45 98
18 79
56 21
94 30
94 97
36 1
12 76
57 95
47 99
1 0
83 89
81 85
6 1
27 57
56 59
30 44
89 16
0 57
31 70
87 30
73 32
77 62
17 25
49 93
72 22
96 54
64 4
78 97
98 68
6 44
47 11
7 90
17 48
26 21
25 65
39 45
2 83
79 76
35 81
8 76
48 90
95 17
88 91
87 43
89 50
1 38
27 2
76 99
99 60
66 15
22 72
35 44
38 46
54 0
27 58
77 83
71 87
36 19
79 92
70 39
63 76
3 33
58 46
55 40
20 5
9 27
60 49
45 74
68 14
19 83
45 99
96 82
63 63
56 67
52 72
70 59
19 58
52 67
77 27
3 82
55 3
83 25
44 57
10 75
28 59
32 45
28 72
90 96
69 12
76 65
65 0
35 92
3 98
12 94
97 97
33 1
49 2
80 53
74 27
17 13
45 33
95 92
5 28
11 23
53 8
17 35
93 88
97 65
44 13
50 69
81 98
58 14
98 29
10 53
34 15
13 79
87 70
83 69
10 41
59 39
68 23
98 86
97 56
59 33
58 15
97 77
50 74
68 39
43 84
85 20
11 50
37 79
11 88
63 30
31 14
63 33
30 6
26 34
77 14
19 34
77 1
91 34
37 50
24 90
20 73
58 92
20 21
21 96
56 4
14 4
66 38
95 27
90 53
99 80
18 54
6 61
30 68
64 3
28 53
31 12
88 92
50 85
62 21
37 29
18 41
30 51
8 11
21 33
52 6
0 76
90 61
99 11
25 16
82 75
38 91
70 47
30 90
89 71
33 20
59 27
96 47
40 15
56 91
30 73
1 86
65 52
60 79
10 95
37 99
28 23
45 97
71 58
13 41
32 37
58 50
84 65
37 85
58 89
38 96
91 9
51 13
82 92
29 35
93 41
53 75
45 17
96 5
49 19
19 21
70 16
66 95
50 15
9 66
33 83
47 69
7 44
81 21
28 28
73 6
79 50
71 18
36 14
24 59
14 20
42 43
42 92
24 55
47 65
88 9
96 46
92 50
91 26
19 94
18 38
80 75
65 38
68 90
9 33
78 81
72 18
24 81
5 96
20 18
4 96
33 35
20 66
94 18
73 81
74 18
64 18
13 36
78 2
78 82
11 11
30 8
26 90
0 5
70 49
36 94
2 68
92 9
99 22
59 30
89 29
59 72
84 47
88 37
21 65
35 68
36 40
22 64
28 19
58 8
59 37
47 6
60 25
21 75
38 15
74 5
60 17
66 84
33 81
99 65
30 60
12 11
12 96
53 63
23 32
81 99
47 43
85 1
45 38
60 44
44 68
22 12
45 41
77 43
95 3
56 40
15 33
65 51
70 15
12 85
77 30
2 98
1 56
85 83
27 14
96 18
66 45
72 77
52 51
7 52
89 43
21 70
18 5
89 42
6 28
8 34
86 21
6 18
36 73
93 75
30 81
46 21
89 48
39 71
54 47
44 88
38 87
32 67
60 39
10 87
28 58
38 76
83 86
1 63
53 21
0 33
84 5
6 87
63 42
95 65
32 63
68 19
63 6
15 18
60 45
10 8
38 12
29 97
27 68
70 6
80 31
94 50
20 97
57 50
42 50
66 67
89 83
70 21
52 83
34 22
4 30
80 30
17 8
35 45
20 29
52 15
92 98
87 69
76 33
54 27
62 51
29 94
2 20
79 51
36 87
11 0
63 46
0 62
96 6
39 76
67 18
3 25
89 95
5 93
96 96
18 46
5 68
99 97
87 95
65 14
89 72
8 79
31 84
6 29
90 87
26 67
79 83
9 14
96 19
73 96
15 43
61 66
10 60
71 95
7 17
17 22
59 13
18 22
35 2
99 69
90 75
53 22
37 23
16 40
47 61
44 96
95 46
2 54
51 42
65 33
80 72
47 24
24 32
15 90
4 98
83 84
45 25
98 7
61 46
91 52
76 82
13 51
19 43
2 53
75 97
57 36
98 55
14 9
42 8
51 80
42 81
1 39
32 55
91 29
80 65
91 24
13 19
86 2
42 9
17 19
24 73
61 35
65 28
89 89
73 31
1 77
27 18
83 57
17 45
99 77
99 50
76 72
3 58
92 84
48 23
80 9
64 43
21 11
38 42
82 48
75 88
31 43
66 20
10 45
2 94
19 14
54 95
95 36
7 82
90 8
88 86
69 34
92 67
9 19
77 96
62 19
77 80
27 77
63 8
17 58
53 97
26 38
56 60
78 42
38 63
49 76
94 95
27 65
95 58
32 7
33 58
34 29
69 72
1 90
26 92
10 43
45 11
53 94
59 18
12 22
5 12
31 81
88 90
66 43
68 0
54 32
43 41
29 42
41 64
41 97
30 22
17 12
34 5
38 33
93 71
55 53
90 26
7 95
23 97
57 60
40 29
21 92
66 64
5 62
94 47
73 85
96 67
4 42
99 7
14 54
26 81
57 3
88 47
21 49
22 24
79 42
85 27
9 73
0 85
90 6
17 39
18 96
61 96
12 7
12 67
50 71
19 90
33 25
22 46
9 49
39 62
84 42
82 34
74 28
71 27
94 79
64 63
92 30
23 46
73 63
0 61
45 85
47 50
7 46
95 73
95 32
88 69
70 36
38 20
53 61
98 62
0 15
25 0
80 66
76 47
74 72
34 28
58 24
59 35
27 79
41 14
69 28
46 18
58 63
59 50
53 73
5 21
1 8
75 94
68 63
72 86
38 43
17 80
41 44
10 28
66 55
25 13
63 62
1 22
36 57
88 4
82 32
93 39
37 56
39 74
40 39
97 80
65 18
13 80
61 67
47 2
43 27
70 69
54 67
14 27
6 3
90 74
76 23
82 90
47 47
16 91
47 76
71 9
40 41
17 50
21 73
49 12
16 17
14 16
0 30
2 10
98 56
11 98
87 35
50 44
70 12
23 84
58 51
26 48
45 79
67 95
27 27
94 23
52 16
0 16
94 10
29 28
88 52
8 92
63 68
78 39
72 21
24 93
67 98
26 59
71 65
32 83
11 55
2 77
60 48
12 61
11 58
37 13
98 97
55 43
71 39
3 38
0 54
75 49
30 84
43 86
5 18
26 35
63 28
30 26
40 96
32 85
51 29
46 1
76 73
19 35
62 62
51 79
6 16
85 66
48 6
0 67
65 93
16 76
72 47
64 16
80 86
40 69
28 94
19 51
57 54
55 2
24 4
44 40
39 66
42 15
34 50
39 64
63 31
14 65
25 26
22 87
3 86
98 16
40 83
91 10
41 76
52 82
67 22
62 39
51 9
68 49
32 22
54 35
87 15
79 75
30 32
1 1
18 73
60 88
72 15
2 40
4 27
54 83
45 54
49 91
44 42
47 21
47 60
12 57
80 99
33 36
41 68
82 31
50 23
5 49
35 49
53 56
28 42
3 1
2 9
16 75
4 40
32 20
78 11
44 10
72 81
10 13
54 84
93 64
48 77
15 26
33 53
84 86
7 72
54 36
32 8
55 26
8 17
79 1
65 65
21 99
49 46
59 14
63 24
22 36
47 20
35 38
99 99
74 44
29 2
49 34
86 20
64 66
47 82
24 42
64 97
87 53
44 41
22 33
31 16
65 46
79 69
36 3
71 79
18 30
74 58
31 15
62 38
24 9
51 48
18 9
42 74
19 36
52 85
71 84
27 87
73 46
7 71
92 91
69 91
45 60
41 41
39 34
8 67
40 28
18 27
88 73
15 74
19 25
52 27
41 17
13 94
6 26
37 96
64 72
59 60
33 28
79 43
30 79
40 67
12 43
2 90
40 84
40 59
48 51
57 12
94 1
89 74
42 3
55 73
67 40
45 9
78 21
84 70
61 26
23 92
24 64
13 85
51 61
12 51
36 22
24 13
55 92
79 24
9 93
34 8
42 6
17 52
39 77
67 73
64 12
34 89
29 60
18 98
18 24
38 9
28 2
46 71
3 73
46 33
12 10
15 8
77 90
82 33
92 0
8 80
91 40
43 78
37 12
34 58
20 45
51 20
98 72
26 7
67 36
92 61
48 89
48 38
78 53
3 31
62 49
45 83
68 34
43 68
32 65
77 34
56 97
13 32
8 3
56 8
87 90
9 83
61 39
78 37
47 54
64 14
57 76
42 70
31 21
4 6
99 34
49 18
5 90
83 98
37 89
13 64
81 36
41 61
39 75
97 67
93 84
96 87
93 70
54 34
30 56
53 58
16 86
89 77
0 89
24 75
57 53
86 86
44 66
89 38
29 22
26 20
72 52
9 7
34 52
69 73
4 48
77 79
69 24
11 61
0 92
4 26
61 36
96 10
30 18
87 27
73 15
78 34
51 63
54 89
45 86
56 77
93 57
29 95
93 10
99 24
78 84
3 81
0 99
8 61
1 54
54 5
84 25
39 57
84 16
79 74
25 2
46 83
43 64
87 44
8 6
5 45
86 46
10 32
71 24
89 49
73 91
67 90
29 10
36 50
91 36
51 19
44 44
80 46
97 91
87 47
43 99
13 29
81 2
56 45
41 42
87 87
87 20
95 48
51 90
28 64
99 78
91 96
49 38
59 10
79 57
82 10
82 94
11 3
68 42
9 21
42 67
6 37
85 89
44 61
58 17
95 54
37 64
85 3
26 97
29 62
30 69
71 45
44 97
22 49
83 59
33 14
53 92
68 74
76 36
17 46
83 72
57 64
23 44
60 66
70 58
0 29
73 79
8 23
35 87
4 88
70 66
47 4
40 40
80 1
25 50
26 40
0 1
22 4
83 63
59 94
60 22
73 35
22 54
67 56
96 99
42 71
25 18
89 3
54 75
82 51
65 50
93 45
2 58
50 7
23 30
22 40
35 93
35 69
44 99
25 76
21 61
69 67
57 59
55 68
92 93
89 1
32 81
22 63
74 65
45 77
16 90
65 2
33 52
24 26
60 55
9 75
27 92
55 34
24 94
55 54
38 65
45 61
3 40
51 4
26 55
66 89
69 82
0 74
94 31
17 36
83 77
84 68
73 20
21 10
77 67
80 43
29 4
0 64
33 4
86 83
65 24
34 1
50 36
27 11
5 24
9 57
29 98
94 29
6 89
31 77
80 15
91 30
88 42
14 37
55 0
97 72
92 17
23 12
91 16
56 69
62 5
86 95
31 66
43 37
49 97
47 79
94 4
76 64
37 47
15 38
95 67
19 50
70 41
93 95
79 68
48 11
43 75
70 22
67 26
47 94
66 29
68 56
3 56
32 68
67 7
95 88
13 53
18 81
44 75
94 59
4 8
87 59
62 61
86 80
31 28
20 28
21 27
38 53
15 32
90 84
34 72
34 94
57 56
47 48
97 20
53 29
93 92
32 94
41 12
74 57
56 65
2 85
66 94
96 78
14 84
25 27
91 0
99 49
55 91
46 43
14 47
48 14
73 8
49 90
80 89
58 96
58 49
64 46
78 9
6 64
79 52
93 20
2 56
42 21
17 94
10 73
89 10
27 4
65 95
78 80
55 44
42 40
44 47
25 69
23 66
70 55
96 95
72 46
90 34
45 6
10 27
65 1
76 43
83 1
26 53
19 40
72 41
22 22
59 7
16 96
21 9
45 78
73 82
43 25
26 9
70 68
67 79
68 11
45 37
54 13
98 50
58 30
48 2
80 11
62 6
30 39
24 61
43 38
88 2
72 16
44 63
6 68
46 27
13 50
37 46
1 80
93 61
80 7
43 50
18 86
74 56
98 82
33 76
34 47
63 1
47 68
4 15
70 62
4 16
73 60
79 10
78 43
28 25
96 2
76 42
65 30
76 83
11 39
84 30
36 89
16 80
25 95
74 19
29 21
65 7
17 72
43 92
0 78
16 18
23 41
58 23
48 20
18 14
6 53
44 50
72 27
66 31
45 90
32 9
43 30
52 0
27 70
50 17
86 30
72 43
67 2
55 61
80 26
75 41
3 99
47 18
36 25
39 56
71 38
50 14
44 94
92 62
15 27
85 79
93 62
68 87
78 96
86 12
21 95
71 75
43 46
48 82
93 38
57 18
84 29
77 69
12 40
76 21
91 38
37 78
55 25
8 83
8 33
77 18
60 71
11 70
38 24
74 3
59 31
14 89
43 67
86 97
42 12
79 71
81 15
8 22
55 9
68 59
89 52
6 34
91 48
95 78
12 66
28 57
84 77
17 20
75 81
47 36
3 0
7 10
88 44
43 80
26 0
71 61
54 55
94 44
92 55
16 16
34 69
53 89
6 76
62 18
70 75
34 85
9 96
99 73
0 88
99 32
56 74
92 63
25 11
93 66
64 92
44 26
15 54
78 77
5 85
52 34
97 9
71 10
73 67
71 36
92 42
32 73
4 44
85 74
32 54
53 13
23 91
29 63
82 85
73 84
38 86
74 42
7 40
38 57
71 3
79 23
69 27
74 37
66 8
43 39
75 48
66 85
67 41
86 15
89 65
81 50
48 25
57 21
12 14
85 85
15 82
22 26
1 55
57 81
53 5
90 99
68 18
45 15
54 64
55 80
45 89
73 7
35 95
94 64
34 66
86 82
79 20
89 66
32 0
10 51
17 62
13 59
48 69
67 81
25 6
31 20
99 40
83 36
51 82
96 92
1 82
30 21
35 0
73 47
35 22
43 34
16 24
75 22
6 48
71 89
41 36
13 77
74 88
81 8
49 10
22 34
29 78
54 96
90 91
7 32
49 26
28 60
28 46
43 58
55 87
44 98
59 93
56 51
27 16
43 14
55 46
57 37
34 18
27 43
65 48
71 78
11 9
37 67
33 77
74 53
44 62
43 9
56 19
17 30
14 44
77 44
82 62
98 66
33 89
78 55
79 63
40 72
11 40
4 80
67 29
93 76
69 38
7 89
69 97
63 65
11 59
76 0
18 93
45 64
75 39
46 14
44 32
79 53
24 69
1 12
27 42
6 74
53 31
11 44
18 52
5 89
25 63
72 91
31 97
90 17
59 61
85 87
19 62
45 31
23 58
5 73
2 64
57 20
58 5
99 92
45 62
13 28
11 45
94 34
53 99
93 79
60 18
39 17
13 25
43 2
79 6
64 20
35 9
61 64
17 16
66 14
60 35
48 72
70 4
57 72
13 44
86 50
99 89
28 13
63 91
16 74
37 68
21 77
18 78
80 59
20 46
75 90
82 59
24 35
26 61
8 4
89 13
13 91
47 98
65 32
83 26
35 63
44 31
76 78
97 96
3 42
32 1
93 97
47 17
68 60
8 70
85 10
33 7
4 20
58 56
80 62
34 4
77 5
59 79
35 59
20 68
76 68
46 22
39 73
42 80
25 80
21 39
71 63
64 78
30 36
17 11
94 94
74 7
54 58
84 88
27 17
88 87
38 45
67 62
79 34
98 96
87 51
52 9
52 8
19 52
90 19
82 20
43 55
64 27
17 29
17 47
25 8
25 23
81 31
19 27
55 58
50 37
32 51
79 84
28 56
7 97
83 60
91 49
83 95
21 34
48 61
14 98
36 29
13 72
95 41
98 92
50 51
27 61
55 60
43 51
29 45
12 62
5 22
57 38
9 86
57 90
19 26
81 22
52 53
94 32
68 71
22 73
98 65
24 91
49 82
29 18
3 23
22 30
44 48
96 17
89 36
5 20
62 83
17 38
62 41
96 85
38 62
95 75
11 77
11 20
68 38
1 19
43 15
64 94
68 35
44 86
64 42
43 29
22 90
90 73
53 25
94 71
17 26
36 79
36 49
3 45
12 98
61 97
16 63
8 50
19 73
20 43
54 21
14 2
17 57
46 54
52 76
79 81
49 0
46 46
82 72
52 86
43 81
30 52
94 26
57 7
19 30
97 40
43 32
59 43
50 99
43 31
68 54
2 95
14 87
11 15
93 68
52 24
43 66
33 9
63 26
35 8
57 85
79 54
84 93
95 94
8 60
0 25
40 58
11 42
47 83
38 28
62 91
0 32
81 72
14 41
94 83
26 13
34 23
87 41
51 25
76 85
60 78
66 50
13 48
17 43
36 43
15 0
47 72
67 65
53 47
38 51
66 49
29 99
59 54
67 63
72 1
52 91
7 39
44 17
17 6
32 69
81 60
58 4
66 91
66 27
86 10
59 80
64 13
45 70
43 28
24 7
88 17
3 92
58 57
8 18
63 35
13 76
87 19
96 26
2 14
46 9
87 12
91 12
19 80
37 49
64 33
9 97
23 43
23 29
62 80
30 96
94 54
17 23
41 5
85 62
63 81
34 86
85 77
46 65
89 81
13 35
15 50
36 62
79 94
60 0
35 11
3 63
42 31
18 63
92 47
58 99
68 55
6 2
35 6
86 61
86 32
7 37
19 44
10 26
67 89
69 15
87 91
96 35
84 84
73 40
36 68
76 40
45 43
63 41
1 20
10 85
30 40
77 88
76 54
81 56
7 50
94 11
51 21
8 52
18 77
97 95
12 2
4 56
74 9
0 55
22 29
86 38
32 3
51 69
49 53
18 97
92 6
7 98
54 16
88 65
27 95
61 99
13 78
33 94
59 38
11 12
23 96
64 60
78 26
4 2
86 92
10 2
95 40
48 94
20 76
55 64
97 31
45 30
2 15
1 93
98 36
73 48
67 70
62 4
35 89
9 32
18 35
38 50
66 93
33 60
69 36
78 49
36 80
6 8
41 70
51 60
47 33
68 67
60 84
76 44
21 64
43 70
16 53
10 44
6 88
63 93
21 40
2 4
68 69
72 32
90 30
99 96
87 36
50 88
39 16
95 35
80 40
13 8
80 41
37 82
64 52
80 32
2 48
55 83
39 90
57 11
82 61
79 37
94 93
53 44
77 46
22 62
29 93
26 42
68 44
79 35
37 36
10 38
70 99
19 71
15 81
87 83
67 44
75 36
49 96
15 51
66 52
70 8
49 89
29 55
69 22
28 8
21 46
53 80
51 73
93 6
8 41
74 51
48 73
1 51
45 87
99 27
27 89
40 90
38 77
17 65
59 74
27 69
40 51
93 30
17 79
18 1
6 6
25 9
58 93
61 68
0 46
75 46
59 65
42 60
60 7
2 80
52 84
16 68
66 37
42 24
66 34
41 78
23 19
88 99
57 74
2 25
40 99
56 78
95 2
18 33
20 42
23 33
96 48
55 59
29 16
19 85
86 88
13 68
34 95
73 38
6 13
14 35
38 93
36 97
24 92
91 84
4 71
79 33
27 3
98 73
21 18
90 5
2 91
40 8
5 55
43 52
80 56
88 6
79 21
82 30
27 85
54 45
21 79
4 95
59 32
91 85
24 56
76 16
15 69
4 55
12 60
41 71
80 8
31 99
92 96
24 33
97 28
42 63
73 28
94 24
34 24
78 44
37 44
2 27
43 82
53 14
56 39
6 23
69 83
40 13
14 61
39 21
96 62
11 16
10 61
78 57
54 4
21 45
87 34
65 81
19 97
72 74
48 48
80 96
93 17
38 70
60 75
65 42
59 44
25 87
35 77
0 73
72 71
87 16
23 64
17 70
62 71
94 60
45 45
78 91
58 61
40 60
44 54
83 61
71 21
10 5
43 20
12 83
64 65
31 22
4 93
36 17
16 43
71 35
84 67
62 92
64 28
51 68
26 10
53 83
37 77
45 47
15 22
56 23
48 62
77 50
19 92
48 44
30 46
51 87
73 37
83 47
62 42
86 17
40 30
77 57
38 64
32 93
75 67
60 83
3 70
86 98
94 39
71 64
11 94
53 32
0 7
67 9
17 82
29 31
92 64
25 93
62 44
79 59
96 53
29 50
59 41
20 49
36 77
10 42
97 36
17 31
75 3
26 43
35 79
77 74
94 17
3 68
90 77
76 50
94 57
54 85
52 94
62 45
12 39
29 24
37 91
84 83
26 89
0 97
27 56
19 9
19 67
59 16
98 20
89 92
24 11
77 17
4 33
34 35
4 61
26 76
1 37
27 30
79 97
23 55
18 90
65 16
40 16
50 96
61 31
93 44
85 50
21 16
41 66
68 70
31 88
31 19
23 3
43 94
56 56
57 42
34 93
40 56
22 28
90 40
73 5
85 95
98 32
3 84
4 97
72 42
1 76
98 33
85 42
38 32
94 36
25 51
55 37
47 63
11 66
35 82
98 49
24 5
61 74
20 50
44 65
48 35
90 97
21 81
5 37
84 87
12 17
93 86
31 62
73 97
27 94
22 58
79 61
48 60
50 39
56 61
84 46
18 64
96 69
98 95
93 47
91 63
8 71
64 32
98 5
64 22
52 98
49 87
33 6
30 34
88 35
92 29
5 43
31 35
87 10
13 22
55 31
81 77
96 1
14 66
10 78
55 47
78 59
44 55
46 97
65 78
43 61
74 95
80 70
73 0
4 11
50 24
81 53
29 30
22 35
77 49
39 46
31 34
32 42
41 19
5 81
55 71
97 27
76 4
17 28
1 18
33 45
16 51
6 38
1 26
30 93
0 34
54 70
39 19
54 54
59 20
53 52
20 39
87 29
96 80
40 78
31 92
45 69
96 79
60 63
26 64
3 88
91 97
88 80
16 47
41 91
8 53
34 82
7 30
21 82
66 48
94 20
22 77
71 98
79 72
50 12
45 84
30 7
57 58
87 13
50 57
49 69
6 10
60 28
11 19
63 44
66 60
56 0
76 19
47 1
63 70
16 38
30 64
72 65
29 85
56 87
76 31
62 48
70 81
38 40
27 23
85 80
44 90
35 23
12 63
58 7
62 94
67 27
74 45
39 94
3 83
86 78
48 28
20 61
23 71
33 30
96 11
32 21
9 8
95 4
52 35
25 62
83 79
67 15
34 42
89 69
87 57
23 78
8 78
70 17
70 74
6 78
46 24
24 82
91 64
80 76
87 6
55 79
97 82
61 78
10 34
24 12
30 88
42 90
44 25
84 3
6 73
30 74
70 90
91 70
92 52
69 94
56 43
92 65
64 77
54 7
48 17
55 72
74 77
78 86
16 56
77 31
29 66
69 81
35 53
74 21
70 82
88 30
44 73
5 13
80 14
11 22
71 68
19 39
7 22
31 32
34 91
77 48
90 0
11 7
53 65
70 35
14 33
89 28
73 23
76 3
97 47
23 35
4 89
12 93
79 78
37 30
58 82
27 76
60 2
28 47
33 85
48 93
6 98
0 0
72 97
84 61
94 91
56 11
26 25
7 38
55 66
70 0
99 41
32 18
99 47
15 25
93 50
41 50
6 22
70 54
88 32
69 7
20 48
26 98
14 77
40 73
91 75
33 12
52 33
1 30
2 36
42 83
11 28
52 71
24 53
84 62
23 68
36 76
61 83
28 86
71 2
56 68
42 62
16 36
55 62
71 40
31 55
42 56
35 97
31 94
15 29
93 99
68 48
60 54
80 4
32 62
61 79
46 7
14 67
40 14
87 71
10 71
16 44
80 23
56 83
43 71
34 56
7 48
24 51
30 16
28 1
42 88
69 93
11 64
74 80
65 86
24 79
44 29
11 86
6 81
90 56
97 35
67 42
20 23
74 60
24 30
41 48
0 75
20 41
14 22
6 27
7 57
39 35
75 7
5 70
88 88
90 59
11 57
61 43
36 54
78 69
77 25
23 67
0 52
6 83
84 48
97 10
83 24
36 11
13 46
12 41
83 74
36 6
83 39
8 93
65 10
18 40
79 29
24 28
88 54
62 40
30 0
15 31
17 2
17 88
11 73
97 86
15 77
8 97
47 0
73 45
84 55
16 1
97 11
57 48
61 34
40 32
38 95
74 73
37 24
43 59
20 27
59 63
10 24
25 83
90 12
0 95
28 73
76 79
50 18
9 31
38 7
54 57
10 92
43 90
39 91
45 65
88 19
23 80
7 99
9 65
64 58
15 76
46 89
92 31
69 42
6 39
33 95
27 73
22 69
1 71
87 24
28 51
46 15
57 13
31 87
31 3
52 13
76 53
46 0
82 28
74 41
77 70
63 74
95 74
69 5
20 7
0 11
79 12
95 8
73 65
41 63
61 56
22 15
13 1
49 57
41 16
74 62
21 89
39 72
65 66
57 31
82 50
61 38
32 90
35 74
7 49
47 75
32 29
78 50
96 93
3 17
63 22
71 1
48 33
18 89
85 34
40 3
36 52
29 77
41 87
63 95
75 5
7 53
25 90
96 43
24 15
56 42
15 35
13 12
52 90
74 54
1 70
1 16
6 82
12 3
62 52
60 34
76 27
23 76
74 81
57 34
49 79
56 75
95 52
9 47
99 29
76 60
57 19
60 9
72 26
29 59
15 9
60 21
79 58
88 96
84 2
14 85
4 24
70 73
36 51
10 35
40 42
95 15
66 79
88 67
47 7
34 32
87 84
92 25
62 75
5 65
6 40
87 5
4 84
32 66
48 15
10 55
9 62
55 4
2 22
48 87
53 48
99 79
20 36
72 20
95 90
5 35
35 57
50 58
7 64
36 83
47 52
73 58
3 51
99 90
67 91
22 18
91 22
13 71
40 33
61 47
83 3
64 10
29 7
96 64
58 28
3 35
68 33
94 90
87 39
80 2
35 3
11 8
39 97
71 6
6 46
86 8
2 96
28 96
88 13
1 17
28 43
87 45
62 8
0 19
26 68
60 16
11 48
92 82
74 22
1 72
36 34
16 62
13 81
90 55
18 45
73 89
67 45
79 0
93 72
70 93
97 85
77 86
31 56
24 1
88 62
72 83
11 65
30 86
14 7
78 20
82 63
9 70
47 14
96 89
56 30
79 82
5 72
16 64
12 38
17 3
32 33
79 27
58 81
58 34
91 79
82 15
24 89
25 49
21 8
59 75
98 38
68 83
63 50
67 3
90 60
33 84
87 81
47 88
85 81
10 54
36 58
92 4
4 67
97 48
68 28
49 40
58 39
87 72
68 66
1 43
87 60
55 24
72 35
83 19
10 15
18 43
61 20
84 37
98 48
31 61
50 75
88 53
91 23
34 16
9 56
45 71
27 33
29 8
82 57
55 74
96 23
23 7
98 4
42 52
98 17
77 2
5 56
95 37
33 46
95 12
7 76
7 87
71 12
26 80
30 55
51 43
90 66
69 48
5 44
62 58
95 30
93 80
16 19
68 98
76 15
64 87
19 65
9 87
84 72
1 47
82 22
90 22
86 45
16 54
51 7
61 49
67 74
83 43
58 59
98 80
80 6
97 33
6 85
82 78
99 28
80 58
77 20
11 93
34 26
14 40
34 20
97 7
66 73
65 79
8 74
52 75
51 95
62 79
86 81
89 34
21 87
76 49
14 42
23 40
38 16
32 2
40 31
53 34
89 12
75 78
62 46
66 80
63 71
79 8
70 91
34 46
67 1
33 74
98 42
58 9
63 29
70 76
0 18
46 78
54 17
93 56
63 69
77 21
25 54
59 12
98 2
21 2
79 98
76 88
54 46
7 34
60 89
0 68
97 4
98 28
21 17
1 5
17 84
81 49
96 40
37 63
88 78
27 47
52 80
8 64
40 38
63 9
3 20
46 63
96 71
7 43
65 84
69 88
12 26
51 27
38 98
69 1
36 32
3 91
25 15
61 1
38 22
16 10
73 11
81 4
93 55
33 59
1 57
80 92
83 83
51 70
65 25
78 58
58 41
16 20
37 94
49 77
15 98
20 85
54 15
13 84
80 10
16 83
41 56
73 33
75 26
9 44
74 12
75 34
32 71
0 20
96 94
84 39
24 54
67 54
20 95
3 64
58 55
47 81
68 17
84 40
99 31
78 24
49 11
0 43
10 49
69 32
79 26
99 17
86 94
93 98
12 92
52 40
82 26
70 10
25 73
77 28
36 78
30 85
63 27
40 50
37 60
28 40
60 36
46 41
50 83
50 10
48 41
51 94
3 59
90 2
51 16
84 0
53 6
54 66
73 83
99 70
25 17
42 34
68 27
65 88
57 46
48 66
58 76
78 88
39 30
29 74
66 42
86 24
30 92
41 23
40 43
76 6
22 51
10 86
76 66
36 38
5 98
61 18
8 56
6 96
96 44
59 97
21 67
71 19
76 67
74 97
89 41
55 30
28 41
0 59
16 85
93 13
81 75
59 71
86 0
72 58
28 87
49 16
54 41
74 48
80 73
75 28
34 98
77 73
29 69
8 12
88 22
12 95
7 35
72 94
4 83
75 23
64 59
30 91
9 3
30 47
69 53
75 19
8 63
41 30
2 1
96 60
51 49
78 48
62 1
21 35
58 20
14 80
69 31
19 17
98 69
0 14
39 60
64 50
28 71
14 49
38 71
69 33
5 33
19 31
96 14
3 57
23 60
2 82
45 4
19 89
80 50
71 50
22 83
56 31
61 61
91 33
3 8
66 78
69 90
76 62
47 34
85 47
37 81
15 79
1 34
13 21
12 35
10 99
53 59
56 12
17 97
18 95
35 24
50 60
4 29
89 80
22 56
25 59
15 67
58 80
98 19
0 24
59 62
66 16
66 51
47 15
29 84
61 59
44 91
56 29
25 10
26 56
18 37
14 8
53 78
31 83
1 11
67 10
86 6
58 64
58 12
20 3
77 3
39 25
47 67
36 21
30 24
58 13
92 23
55 35
0 51
63 97
98 64
56 32
76 91
38 88
39 89
99 23
73 9
54 10
26 16
80 79
41 33
98 93
95 53
83 8
33 86
36 18
87 32
42 16
24 85
49 3
8 30
38 85
88 11
36 53
36 15
23 18
89 59
63 37
88 74
14 21
33 22
69 3
81 51
48 84
8 58
54 3
67 68
18 26
80 82
89 61
6 84
96 25
56 24
38 66
81 44
38 55
16 72
8 62
93 26
14 79
27 64
4 92
91 44
97 74
81 83
60 50
28 39
86 79
43 47
74 94
99 15
12 45
48 24
62 72
63 99
6 51
72 5
80 78
63 32
88 16
94 85
20 99
23 17
79 56
74 84
53 68
27 1
24 76
28 17
69 8
19 95
1 44
30 54
69 4
79 49
97 94
27 8
46 88
72 72
0 72
44 85
68 97
13 16
62 28
18 11
54 25
99 64
26 96
86 5
90 3
6 17
28 67
22 99
45 36
35 10
24 37
56 84
61 54
15 53
83 68
57 39
0 86
91 8
23 99
24 16
28 32
16 48
16 5
27 83
95 59
22 2
2 61
32 76
86 58
27 46
51 47
38 75
42 38
45 12
75 65
1 88
60 61
52 36
17 40
28 45
74 23
94 81
43 83
23 59
62 70
1 75
2 70
19 98
57 5
72 79
78 16
1 25
45 50
9 37
83 55
46 49
70 88
4 43
54 50
48 1
85 73
86 49
97 93
77 19
29 71
13 56
7 68
54 82
1 3
45 58
70 46
52 47
92 12
95 39
42 25
79 30
0 39
31 90
21 52
13 90
45 2
71 59
57 89
85 18
6 67
50 97
43 56
57 61
4 1
19 74
3 94
84 21
14 38
90 63
53 91
67 20
62 2
47 80
70 98
68 2
58 66
6 62
33 10
88 94
31 52
62 37
4 7
71 67
45 80
8 69
59 17
65 53
87 64
35 83
11 54
2 97
63 53
40 2
94 72
82 47
40 12
62 97
26 95
77 11
35 86
20 0
61 12
19 87
31 75
60 4
97 81
87 46
29 29
37 6
2 16
39 2
61 8
39 38
34 84
98 58
53 76
49 94
93 85
99 44
74 25
38 27
70 64
41 82
12 74
60 41
65 92
11 41
16 8
97 14
85 82
14 39
56 62
8 95
63 85
91 3
60 69
31 51
51 34
33 65
24 39
85 39
7 36
42 85
74 66
61 42
54 97
12 6
83 82
79 80
83 16
83 48
93 91
99 48
39 52
60 91
74 61
93 78
76 20
36 65
34 45
68 10
27 84
65 61
44 5
51 35
3 4
18 47
98 15
48 95
31 85
15 63
94 69
75 71
38 17
20 40
8 85
37 62
16 61
59 15
38 47
41 94
70 60
31 42
59 5
34 0
71 49
54 49
56 34
26 58
4 49
57 66
21 26
96 74
24 25
86 71
93 67
82 73
88 84
33 21
6 33
74 35
89 68
12 90
43 10
40 45
72 59
14 50
58 91
97 60
29 82
72 53
79 19
91 72
50 0
86 52
75 17
15 6
87 73
34 77
7 91
55 81
10 6
81 89
8 45
14 64
10 66
33 96
70 67
16 57
7 59
59 6
7 18
38 94
53 90
40 98
9 40
20 26
12 0
68 77
52 20
40 11
47 10
19 11
55 65
23 15
35 20
7 74
52 69
35 13
84 99
46 19
82 58
31 82
48 12
85 72
27 29
73 95
17 92
53 30
18 68
94 41
41 49
39 59
52 17
44 33
98 47
33 72
95 29
59 78
59 95
24 74
5 74
48 27
98 24
80 55
62 73
66 96
17 10
26 88
37 74
11 27
78 75
48 46
90 92
50 54
95 55
26 49
60 82
51 46
88 68
32 26
73 93
61 62
34 19
32 52
16 77
10 31
78 32
64 79
55 49
38 84
13 58
5 59
32 40
86 56
40 95
28 61
69 16
47 45
37 32
14 18
87 26
34 48
58 79
28 63
8 5
8 26
75 29
37 16
36 24
81 63
41 59
21 74
19 2
7 55
94 88
82 93
10 82
75 75
10 17
58 65
52 79
19 8
62 0
13 27
47 84
65 94
49 29
35 48
52 52
44 70
5 95
5 8
33 40
36 75
67 88
18 12
30 48
24 58
68 40
29 12
34 83
60 30
48 16
25 20
44 83
86 16
9 69
4 38
3 85
9 91
67 71
66 21
12 1
84 19
57 57
17 77
69 77
14 51
17 60
66 86
53 77
50 22
97 84
99 35
54 42
87 33
28 4
4 25
77 22
79 85
31 0
85 60
2 23
55 90
28 92
60 74
31 95
61 24
75 13
4 31
96 90
85 24
32 5
99 67
9 6
76 9
14 3
27 36
68 99
85 48
19 0
29 80
63 2
24 24
35 71
39 23
91 78
7 47
5 30
54 22
7 15
59 19
38 48
81 97
61 23
88 70
12 86
95 87
45 93
23 48
87 58
46 31
67 58
83 32
59 34
98 3
13 18
35 17
62 50
69 95
60 11
34 55
22 60
81 5
37 97
76 57
22 93
58 94
26 69
49 50
8 28
24 23
46 17
78 66
14 62
74 15
90 86
60 33
87 9
58 74
7 12
31 69
92 37
52 23
87 50
46 48
17 86
22 43
99 14
71 86
84 82
77 59
68 32
34 87
49 49
53 95
72 34
47 5
17 89
25 86
93 87
46 5
60 99
37 28
44 14
18 71
53 55
12 73
49 78
25 92
97 3
49 4
2 55
70 14
80 45
41 85
40 17
25 39
26 63
91 43
33 8
25 85
8 32
35 64
8 51
36 63
48 56
37 10
72 33
37 11
14 56
76 26
8 42
21 90
36 9
8 7
42 91
64 15
75 45
32 82
71 62
42 51
59 29
87 22
56 10
75 54
9 94
99 3
36 66
17 81
22 65
29 11
82 39
61 51
26 32
23 13
11 5
27 31
87 8
35 80
41 39
87 37
30 99
88 97
58 75
99 55
11 37
60 81
23 75
75 99
80 24
74 63
5 64
36 86
15 24
97 51
13 30
89 9
8 49
7 41
46 84
34 9
51 8
32 50
60 51
34 27
32 87
90 65
78 87
73 94
19 75
91 19
4 60
20 9
62 86
45 46
14 95
51 93
13 99
46 20
72 3
64 93
40 54
35 18
20 60
40 53
49 1
43 69
26 84
73 78
1 23
2 38
16 78
62 24
94 48
48 74
71 25
80 47
99 52
59 82
37 19
43 21
42 55
20 91
52 63
33 63
63 67
89 87
23 54
22 98
1 28
83 41
5 26
36 42
70 53
63 66
84 50
47 58
44 22
86 72
89 33
75 25
17 83
42 53
84 79
73 30
26 51
66 17
31 60
73 12
71 82
0 36
74 34
63 88
5 10
62 56
23 86
72 69
28 0
52 30
46 91
76 86
40 21
96 37
8 54
1 41
90 89
41 37
89 86
8 75
27 32
58 62
91 71
57 14
22 38
67 30
60 72
73 16
3 69
5 51
54 14
9 82
34 92
96 59
34 59
71 0
37 93
59 51
91 14
68 43
55 70
80 16
29 49
47 23
62 69
9 58
59 53
57 71
2 89
4 82
91 42
75 53
80 34
52 61
42 57
53 81
95 33
89 15
45 7
54 98
0 56
69 23
40 65
27 82
66 18
0 28
46 50
96 20
98 31
37 14
58 53
84 35
35 25
94 67
67 46
81 58
74 6
76 92
70 26
55 22
45 95
34 60
50 48
31 4
49 31
61 16
21 55
21 21
64 31
81 66
55 76
83 11
1 33
22 71
49 27
49 63
20 81
2 75
7 96
3 96
88 5
1 96
67 25
59 90
3 87
21 86
82 29
39 31
69 61
66 12
93 32
39 87
23 6
99 6
56 73
90 28
35 41
14 31
94 86
53 4
78 27
22 74
78 36
50 90
50 55
37 34
86 48
97 46
61 90
80 63
12 31
13 40
37 48
15 13
0 35
42 29
6 21
78 85
95 20
36 48
69 84
83 13
59 89
75 56
46 38
24 14
45 18
31 86
37 61
92 79
2 74
54 92
65 69
82 21
32 11
82 70
93 7
12 12
80 93
8 72
19 61
21 22
48 37
84 23
83 6
47 55
81 28
18 10
14 14
88 48
50 32
95 6
15 5
58 36
18 13
85 64
88 28
79 93
20 22
87 99
3 19
93 94
31 24
54 99
91 67
29 90
13 4
43 96
82 41
99 38
71 43
94 28
57 63
85 8
86 89
30 66
62 68
81 0
45 28
97 53
94 37
31 29
55 84
3 29
89 4
78 0
23 56
65 29
50 94
27 60
33 47
25 55
73 25
64 36
24 50
29 39
89 91
9 43
51 98
77 68
41 58
70 85
41 80
64 38
26 78
67 72
9 24
67 78
49 88
96 42
41 57
40 74
56 47
70 92
91 6
14 28
52 11
48 68
79 36
20 92
48 52
54 38
81 88
35 60
28 83
96 84
16 42
2 2
91 87
56 57
78 51
9 81
53 62
75 60
46 37
37 17
12 34
49 60
90 41
90 85
42 35
95 7
58 48
84 12
92 73
21 36
59 36
64 47
43 36
11 36
19 91
97 69
5 52
49 64
88 31
84 59
1 79
61 69
30 50
75 83
14 5
26 5
56 81
89 44
17 95
80 33
66 53
18 56
89 6
63 78
46 2
17 71
23 0
18 25
95 34
29 23
28 65
60 87
68 61
40 18
84 45
0 66
12 19
16 71
33 55
5 4
98 14
24 65
86 85
21 72
35 43
85 38
51 15
44 60
2 93
52 54
40 55
99 20
48 58
92 24
66 10
35 28
23 50
44 49
84 95
21 7
64 69
56 49
28 24
82 17
10 94
92 8
20 65
36 74
19 23
27 35
88 46
90 7
39 12
92 72
92 99
96 38
85 26
92 76
72 40
42 23
68 16
88 43
81 29
39 7
36 2
42 7
85 2
3 34
88 0
50 72
90 64
40 52
20 56
10 81
74 87
84 54
59 52
35 61
54 91
63 18
61 32
38 39
78 63
39 29
38 56
81 55
28 54
20 74
94 35
74 99
26 45
31 65
9 55
79 91
60 12
96 27
58 37
15 48
87 88
50 82
78 29
10 63
75 40
24 36
88 66
58 52
81 57
77 15
24 88
47 53
90 23
89 76
61 7
38 14
71 80
25 56
68 64
9 0
38 26
84 27
18 44
28 62
62 35
20 53
87 78
3 65
83 18
32 59
85 7
22 16
10 30
49 14
38 30
12 27
29 33
15 41
19 55
37 1
7 79
46 77
86 33
60 67
34 75
64 88
79 44
96 45
39 40
17 0
39 43
43 17
56 63
79 62
14 34
17 67
27 28
90 10
31 58
10 12
3 71
80 74
16 88
93 54
41 4
42 86
41 75
1 87
1 35
49 55
28 26
45 68
60 38
8 68
89 8
76 11
0 65
25 64
21 3
44 51
18 39
10 48
51 75
21 91
66 30
10 3
48 92
16 55
49 56
80 67
25 79
33 13
36 92
59 22
1 46
83 30
63 43
8 91
67 47
39 88
36 45
85 15
67 55
36 82
79 65
80 51
53 66
77 66
98 70
36 70
33 33
2 87
50 38
80 0
15 30
69 65
42 13
37 5
53 3
94 49
72 80
43 98
30 27
56 86
85 97
16 58
16 84
38 82
77 75
10 0
38 31
32 91
56 54
40 47
21 42
57 78
13 65
44 72
90 16
61 89
65 41
25 19
14 11
86 34
92 92
25 96
23 57
1 15
94 56
10 65
79 7
69 75
32 30
2 13
5 97
38 11
58 84
33 49
11 52
27 80
22 88
67 93
20 80
58 26
81 42
20 75
47 35
42 39
36 71
63 4
6 57
16 60
96 21
70 61
38 3
80 44
59 2
4 47
2 50
93 0
2 86
49 51
96 32
16 14
19 70
70 72
39 82
63 48
21 54
16 39
8 1
38 5
9 1
88 82
21 0
47 77
58 2
30 5
44 35
28 52
65 39
25 61
98 54
3 44
8 57
5 27
13 74
93 2
75 86
52 28
73 86
93 96
15 52
10 58
32 97
9 74
76 12
32 39
40 25
60 14
78 98
96 24
49 92
36 39
73 4
47 42
2 24
46 44
68 80
96 75
98 26
32 84
62 64
75 20
83 28
77 36
56 79
71 15
42 37
83 4
96 58
13 66
37 22
24 43
50 4
53 43
13 10
48 65
88 51
66 39
72 57
55 6
5 83
67 21
54 1
31 47
44 77
76 1
82 44
72 28
74 85
80 42
85 12
82 97
18 28
37 57
24 68
59 70
0 4
49 7
94 7
13 3
35 42
38 69
20 84
84 53
21 63
92 77
73 39
80 29
85 70
10 98
30 41
83 10
74 13
95 76
45 63
13 49
8 77
77 32
27 51
13 95
5 67
95 21
95 86
47 95
69 11
11 62
56 99
24 41
25 36
92 83
28 82
50 61
83 7
64 25
81 14
63 47
85 69
85 28
51 65
28 16
56 92
29 72
92 41
99 91
86 62
84 98
16 21
77 71
95 89
54 43
34 31
82 69
86 19
34 67
61 44
48 70
60 27
89 2
93 34
13 52
87 31
96 22
92 14
28 10
90 25
42 41
75 12
95 38
58 54
62 77
79 88
16 46
9 13
94 98
94 8
17 69
78 41
42 84
2 17
89 51
22 96
46 30
19 32
18 31
60 98
66 56
91 82
9 2
27 37
30 30
96 15
58 18
73 42
48 67
76 17
18 58
78 72
11 79
21 47
58 33
41 60
51 55
19 18
53 18
38 37
93 60
82 11
35 85
62 76
2 29
76 45
16 59
56 58
74 36
88 18
14 71
99 51
22 27
84 69
65 9
30 80
34 13
78 17
30 62
44 11
15 95
94 2
91 46
15 40
15 2
65 49
1 29
77 77
27 71
84 78
31 23
40 23
34 12
80 57
25 74
41 26
35 98
90 43
1 95
66 44
21 41
34 41
32 41
42 19
71 32
99 8
45 56
50 2
81 45
17 66
83 58
91 88
23 34
31 17
38 36
75 84
44 36
10 52
41 10
5 61
59 77
9 38
95 23
43 42
74 69
52 64
99 45
33 68
5 66
91 93
13 87
17 18
14 15
9 10
31 74
76 34
26 50
12 21
71 8
43 6
83 38
98 44
40 5
28 3
91 11
93 16
72 37
86 26
76 61
33 80
24 29
51 78
19 78
64 11
76 94
30 23
50 3
27 55
44 45
21 85
35 56
94 96
83 50
32 57
50 91
68 29
56 44
94 89
77 55
35 33
57 26
69 66
16 52
68 4
93 1
52 99
13 45
1 53
10 90
89 93
16 9
70 28
50 47
43 57
69 85
30 78
8 40
28 80
5 99
78 71
56 94
36 59
18 29
79 45
26 33
24 95
22 19
18 32
66 33
58 83
60 76
81 20
16 15
82 68
42 45
0 26
64 6
84 75
82 12
77 37
45 35
26 31
70 97
53 85
57 62
52 42
30 12
52 21
46 85
10 68
45 26
82 87
6 77
49 70
87 49
32 15
6 36
69 86
10 80
42 54
2 37
25 42
9 30
69 44
34 80
92 49
64 55
82 83
62 36
76 55
81 54
21 93
24 31
57 86
9 68
64 7
58 90
9 72
25 24
95 42
79 3
9 85
40 22
55 27
38 97
44 19
5 87
37 25
54 76
49 48
26 74
54 63
58 58
16 7
5 75
68 96
17 73
37 31
75 9
96 81
83 33
15 70
42 96
18 50
96 66
27 6
51 89
39 33
99 72
4 34
92 95
41 83
11 38
90 1
0 9
50 68
45 27
51 26
87 66
89 35
83 17
70 70
63 0
58 86
33 32
69 19
27 50
82 88
64 61
8 27
12 50
72 45
35 12
87 61
7 94
0 77
53 72
42 28
36 33
38 21
9 28
85 44
60 19
64 29
34 96
15 46
82 18
75 42
51 88
51 58
25 78
86 64
34 30
71 91
35 46
85 86
6 52
36 84
95 99
17 27
84 80
40 34
37 18
92 10
69 6
20 79
37 7
52 62
59 28
26 77
99 81
76 58
58 22
63 75
48 99
6 60
6 19
45 10
99 74
44 58
93 63
28 91
17 64
8 24
27 5
80 85
82 67
62 7
14 91
24 19
69 68
82 27
35 75
17 91
46 80
89 27
56 20
29 46
56 16
48 29
19 99
15 19
60 62
89 18
89 97
52 87
12 89
96 49
22 94
25 43
15 86
72 6
95 0
16 79
29 88
75 11
24 40
74 14
59 9
92 69
56 1
50 78
29 87
92 38
94 0
67 96
57 32
2 63
12 48
44 78
51 0
35 58
33 62
91 47
58 77
28 50
76 51
54 59
70 24
4 76
51 45
13 14
75 27
69 13
12 20
53 87
4 3
39 69
74 82
14 48
21 56
42 30
52 93
83 31
92 90
60 53
81 62
14 59
28 12
19 12
98 41
42 68
43 40
73 64
93 22
25 91
33 88
73 50
74 71
83 9
33 48
80 22
18 0
65 34
31 93
57 92
98 8
34 64
63 21
48 75
95 84
36 37
69 74
66 58
25 77
6 58
36 46
26 19
85 33
20 6
14 17
30 94
81 38
15 10
90 62
53 42
68 95
32 53
91 21
7 42
6 14
51 85
62 89
15 99
91 5
81 1
86 31
95 14
85 40
13 61
57 82
82 52
19 49
30 63
66 74
70 27
67 64
97 63
40 46
61 33
70 3
88 8
56 90
35 52
5 36
43 26
31 30
39 48
18 69
54 78
9 15
63 49
58 16
23 24
37 76
81 30
7 70
54 37
3 47
66 46
83 23
0 98
47 22
91 83
69 63
33 71
32 32
23 85
10 29
73 49
84 81
62 34
40 79
98 45
47 25
57 93
90 13
13 60
89 57
46 34
21 5
13 0
45 13
16 32
41 81
70 48
92 58
76 25
3 5
69 62
89 54
87 67
77 13
68 81
26 66
40 80
89 53
53 9
14 93
94 80
4 13
51 14
67 49
14 26
69 30
95 16
13 34
62 66
8 88
9 48
58 67
64 41
87 85
53 36
14 46
75 62
2 35
9 11
47 37
20 78
97 24
89 46
61 37
53 79
34 73
25 52
33 90
25 98
9 39
87 21
48 7
9 60
85 78
3 10
89 56
66 22
11 56
64 53
84 33
54 11
94 61
33 15
26 86
15 97
45 51
99 61
20 20
92 11
48 43
12 64
86 87
87 98
29 54
47 39
85 13
87 62
43 12
67 59
67 67
28 22
12 13
52 4
13 86
34 88
54 87
6 20
65 70
75 30
64 70
39 83
20 13
99 66
37 88
35 7
7 3
96 97
47 70
28 49
80 83
65 12
55 1
37 42
25 67
15 66
12 68
50 26
40 86
84 66
76 22
34 3
42 5
71 94
1 61
45 92
91 17
4 54
6 91
7 11
91 95
29 89
97 38
65 5
52 88
89 64
39 68
93 9
51 23
45 39
11 82
13 13
37 83
2 32
92 74
59 67
33 79
12 25
5 14
71 46
37 87
50 49
99 93
52 1
76 71
57 28
84 64
3 89
77 58
33 5
66 81
45 21
84 24
27 52
43 22
87 80
72 2
78 54
71 13
4 37
86 57
71 97
48 13
81 7
62 16
60 93
14 45
56 35
20 58
94 33
35 31
88 3
23 27
89 60
11 92
26 94
70 23
19 37
14 86
76 48
47 93
60 32
57 65
57 40
22 17
50 87
83 76
98 40
91 39
73 17
77 39
24 62
95 47
34 79
29 40
75 76
41 22
55 98
27 75
27 59
37 40
82 95
4 41
16 93
8 10
65 47
29 73
78 78
53 19
83 15
88 89
84 1
61 0
31 64
86 41
62 96
46 4
29 91
11 14
46 87
90 9
85 52
18 16
80 81
90 32
38 90
36 30
66 28
2 57
93 83
25 72
10 97
20 87
52 29
52 78
81 43
31 18
17 21
2 62
58 42
23 74
39 22
1 42
90 69
60 52
96 7
18 57
33 37
48 34
70 65
25 22
6 15
50 46
95 93
80 3
80 36
78 18
39 54
46 45
67 33
99 21
15 20
34 17
41 38
70 86
86 51
23 98
23 79
56 17
46 6
51 92
29 79
1 27
65 63
98 61
60 58
78 1
36 72
16 27
70 1
44 56
13 88
87 1
81 90
94 63
49 33
76 98
44 1
17 33
41 8
79 77
78 83
43 44
97 68
72 89
40 57
16 26
19 63
88 41
89 11
67 12
76 18
25 38
77 23
26 29
33 29
26 91
6 99
92 19
46 42
7 5
79 16
89 96
23 49
35 65
86 66
57 44
60 3
76 97
47 62
74 79
85 56
25 30
56 52
80 87
30 97
39 42
98 87
53 96
10 14
84 28
72 68
58 71
49 52
50 28
86 84
86 3
12 70
96 0
4 73
61 41
71 34
61 19
5 79
44 52
6 41
8 9
89 63
5 88
25 3
21 37
46 29
2 0
85 5
99 0
36 47
77 26
20 17
54 94
32 64
50 35
24 70
95 77
86 65
93 24
8 89
13 11
56 36
20 2
62 85
29 53
13 42
94 5
25 34
47 49
68 6
94 65
94 75
60 80
48 19
82 40
11 21
81 81
23 83
1 48
23 31
93 36
51 39
37 33
36 27
58 68
72 51
99 2
73 99
84 56
31 71
7 26
14 24
59 68
15 59
75 57
33 0
6 5
72 39
54 40
56 80
19 53
84 32
43 85
78 93
48 78
57 75
87 92
88 50
75 85
67 85
26 73
47 16
15 94
1 89
99 46
30 29
11 53
47 38
60 20
13 57
11 87
82 13
65 17
90 35
93 53
23 37
4 28
55 56
11 71
98 30
20 86
40 6
24 17
35 36
65 91
7 25
73 75
74 43
6 72
15 36
49 23
45 52
97 87
80 5
95 49
4 5
45 66
29 3
19 20
91 54
46 82
64 2
94 6
69 17
3 2
67 43
73 88
4 65
79 2
76 52
55 18
90 11
61 15
3 26
77 87
28 93
97 55
12 80
87 28
77 61
44 69
93 42
81 96
63 51
48 98
3 67
33 67
30 89
58 47
2 7
4 12
32 6
45 81
29 92
53 27
32 35
40 48
97 70
60 59
15 78
20 1
47 30
29 6
96 76
97 32
49 73
34 14
17 4
36 13
64 39
93 77
2 47
20 14
2 76
59 99
87 76
6 56
77 42
94 14
40 76
53 93
5 32
10 69
20 83
88 7
3 9
98 37
52 32
3 36
59 21
39 79
76 35
84 22
63 89
50 66
24 72
83 42
27 91
53 12
70 33
71 92
8 73
43 33
66 6
17 56
5 6
34 34
44 34
85 94
59 83
24 52
74 93
51 66
95 10
82 74
58 11
10 77
44 67
7 85
70 5
46 40
72 70
62 95
0 48
94 68
79 95
96 41
0 96
20 44
11 32
94 38
35 51
77 97
57 88
0 79
45 23
69 55
28 31
49 75
98 21
79 9
10 16
33 3
17 63
87 4
68 76
97 26
44 23
82 43
1 45
90 68
58 72
24 60
44 38
54 86
24 21
19 38
41 35
7 81
17 34
22 70
98 22
54 8
50 41
63 7
82 1
1 97
18 17
46 10
35 72
45 42
77 29
95 68
28 76
91 25
18 4
26 27
61 95
80 17
39 15
50 95
71 28
39 8
19 68
16 92
44 12
63 45
90 54
40 4
20 35
51 6
20 72
74 92
33 44
48 45
23 90
85 96
41 25
4 10
26 14
60 15
10 40
2 51
44 0
56 13
69 26
49 44
54 68
15 34
1 68
9 4
12 15
12 56
70 56
48 76
48 96
79 17
71 60
4 36
50 30
13 6
8 21
48 39
77 81
57 47
71 90
6 97
86 93
95 71
91 81
3 50
31 8
93 52
26 15
31 96
15 72
98 18
30 17
37 38
39 24
76 84
82 6
63 56
73 52
75 79
1 49
84 91
74 49
7 23
39 27
19 54
69 0
95 60
44 2
68 20
67 34
85 29
66 0
25 7
82 80
40 61
7 84
9 76
39 92
34 63
75 74
25 14
4 77
0 23
47 31
39 67
46 62
83 91
81 52
2 72
51 71
14 57
83 56
71 41
62 81
27 7
22 8
14 12
73 80
86 23
50 5
14 82
86 99
54 52
39 80
0 40
5 78
74 74
47 12
79 39
77 51
64 82
83 73
62 15
32 56
92 16
88 57
77 9
42 46
7 92
99 10
3 18
71 48
22 82
27 67
2 26
88 49
79 96
11 76
57 10
59 25
18 8
80 52
42 78
83 94
81 34
7 58
38 8
98 91
93 46
19 6
77 92
61 21
61 80
38 49
9 9
30 10
72 60
69 40
75 37
77 98
11 47
9 67
72 76
19 1
29 58
60 29
25 35
98 74
49 24
57 35
45 24
99 33
0 27
14 96
70 9
71 22
15 42
55 10
32 27
6 55
70 89
28 6
97 22
38 60
57 67
91 28
98 0
83 90
28 88
10 74
17 15
53 40
66 87
66 61
82 99
1 81
83 51
95 98
23 72
28 78
21 30
31 57
1 78
35 39
35 66
8 90
78 90
41 79
73 68
99 88
87 56
44 16
22 50
51 67
51 22
84 18
67 14
66 26
13 98
79 13
30 11
68 45
74 47
78 61
47 91
9 45
84 85
58 69
5 11
73 22
36 31
7 86
76 77
79 99
92 87
55 95
17 96
19 64
46 8
43 93
94 84
97 76
25 21
42 76
36 81
4 0
48 59
17 93
73 71
30 58
79 66
88 81
25 45
76 14
34 37
24 6
12 77
65 96
56 25
32 49
31 53
16 95
10 84
4 17
30 4
53 33
75 96
39 14
78 7
18 82
76 75
75 73
57 70
20 77
65 76
43 45
43 54
78 6
88 10
93 81
53 84
12 72
79 38
21 98
12 91
21 38
78 10
6 35
35 27
25 58
12 59
20 94
27 13
34 10
66 68
16 49
10 39
51 54
55 14
78 25
71 16
38 67
46 35
62 3
19 22
15 37
15 47
2 33
26 65
47 57
66 88
20 38
80 69
44 84
50 73
0 71
69 96
67 6
38 83
34 81
83 46
13 20
67 60
85 53
59 69
5 16
3 75
62 32
39 0
53 10
52 66
39 18
61 30
39 95
83 64
12 52
81 82
28 79
97 62
61 53
80 97
50 79
8 35
66 90
71 54
64 1
82 65
81 26
18 83
65 15
76 80
75 70
51 11
70 57
47 27
1 98
28 77
93 51
51 32
12 46
61 86
69 59
77 99
22 6
84 36
51 83
68 93
37 92
94 76
24 45
95 28
23 8
34 51
1 6
50 40
63 40
84 9
50 20
60 23
82 66
55 77
17 74
59 45
11 95
37 73
30 83
66 47
66 70
23 9
78 68
88 21
38 4
22 3
53 74
82 89
98 71
75 32
16 22
71 99
39 70
64 51
94 82
20 67
78 70
89 40
12 82
94 12
85 49
18 61
70 34
77 7
11 6
21 76
4 19
80 94
39 37
22 44
94 16
7 54
89 39
49 71
46 64
75 98
68 65
21 1
30 15
8 19
90 33
31 1
86 69
55 16
42 95
32 74
44 37
29 0
89 26
72 8
26 54
47 71
52 49
73 10
23 36
62 27
0 70
73 92
3 46
76 29
13 92
75 15
32 4
12 8
88 14
6 4
42 0
0 42
41 53
69 92
34 71
58 31
90 52
51 59
43 76
93 18
42 79
58 45
95 66
0 60
8 66
16 25
64 89
8 86
26 99
63 13
83 96
50 63
39 36
43 49
41 89
59 1
59 26
41 46
84 26
9 53
32 60
14 90
80 88
18 74
77 0
81 78
23 28
11 74
77 56
60 10
60 56
67 32
49 9
46 81
73 56
56 33
88 95
14 78
54 20
59 76
31 31
23 89
86 55
46 94
7 77
35 14
95 62
36 60
75 92
95 80
42 20
54 9
59 92
49 42
14 19
40 66
19 81
26 85
93 8
74 4
16 2
36 44
84 52
37 45
95 24
1 91
61 88
21 19
50 80
71 11
67 37
69 52
78 74
37 59
62 53
24 47
66 57
66 71
5 54
65 13
61 57
37 26
72 92
97 66
47 41
78 65
72 61
9 95
75 18
61 25
73 21
97 43
77 95
81 25
93 49
15 11
33 98
28 68
11 1
57 68
29 14
52 38
74 11
65 56
55 93
21 29
21 44
50 8
44 79
66 54
49 80
15 84
77 85
15 89
64 99
80 12
50 50
92 7
38 23
46 69
5 92
69 10
68 92
26 23
65 23
87 75
72 56
18 85
11 90
33 73
25 44
9 17
8 99
57 1
80 27
75 31
90 37
21 51
83 22
24 87
61 48
39 26
11 13
30 59
10 36
58 29
0 10
0 50
19 16
67 17
96 88
6 75
27 20
74 78
11 46
52 58
31 2
97 41
33 24
87 74
18 75
33 2
0 12
4 32
65 36
87 97
81 41
65 74
39 10
38 18
72 73
35 34
27 34
91 89
9 52
40 27
42 82
92 43
70 96
38 19
23 45
62 26
55 67
95 5
2 21
42 87
60 68
30 75
84 41
35 78
32 17
5 58
93 33
69 18
40 44
81 16
54 39
4 64
60 64
90 93
88 55
83 99
31 44
80 37
52 26
76 56
65 99
55 42
0 84
9 98
65 26
26 1
6 59
29 27
22 61
26 37
10 62
3 95
78 5
74 52
15 39
84 13
81 39
71 51
53 51
60 77
95 64
82 25
18 60
72 88
51 17
11 67
65 8
65 87
64 83
11 4
41 34
89 90
81 61
70 94
5 63
78 14
50 59
44 21
48 47
63 61
41 93
50 56
3 53
53 98
34 36
26 24
45 91
61 58
98 94
38 34
59 49
21 32
99 13
83 54
17 54
66 1
46 28
87 11
25 57
27 96
74 76
41 73
42 89
89 31
87 38
30 14
23 16
81 17
1 59
67 80
20 19
17 59
81 73
32 24
99 5
50 1
80 80
17 87
39 32
66 11
61 29
10 7
79 86
62 43
42 65
20 93
78 28
96 57
4 81
86 40
97 58
17 24
15 49
99 76
10 21
85 11
33 69
94 99
43 3
93 25
53 23
46 53
91 94
43 35
92 80
35 26
2 59
24 3
22 57
48 18
17 68
97 59
86 9
27 93
16 50
54 56
46 75
90 38
78 4
64 24
9 92
42 93
57 30
32 16
30 49
54 77
42 64
13 26
2 65
18 42
28 36
87 82
41 51
20 54
99 4
40 68
81 91
51 96
27 44
33 54
0 69
96 12
14 29
49 65
90 98
10 19
65 35
8 87
53 82
51 99
6 42
49 83
84 4
37 39
79 41
22 47
12 37
8 43
44 46
61 65
76 63
50 27
88 75
31 6
18 80
74 33
88 60
97 44
74 26
3 78
69 47
83 65
74 59
12 16
95 13
91 74
58 3
64 40
32 47
60 5
90 67
41 92
52 74
23 73
37 27
73 59
85 71
87 93
10 72
64 96
56 93
18 55
84 17
46 39
83 97
71 47
60 13
3 7
54 61
10 11
52 57
78 8
17 75
82 42
24 84
6 86
29 47
73 41
41 15
52 60
23 88
98 84
34 11
41 3
1 69
10 23
92 89
92 40
81 94
98 60
54 62
62 78
94 70
64 98
55 8
47 29
34 49
18 62
57 91
19 88
86 90
18 70
68 30
59 40
47 97
74 64
47 32
69 45
64 74
42 66
56 76
43 19
2 45
39 93
25 97
65 75
29 44
55 48
37 2
71 81
97 64
5 23
55 29
63 52
24 66
3 97
28 21
24 86
97 37
76 59
83 67
16 99
23 10
19 5
47 59
11 63
21 28
2 12
90 20
80 98
16 31
92 48
58 78
74 10
57 22
86 28
48 10
1 74
64 37
29 36
64 62
8 16
40 36
89 22
57 99
61 9
69 89
55 75
85 84
10 20
71 20
73 62
4 99
72 87
69 49
99 25
72 30
30 45
16 13
13 15
72 95
27 86
91 32
70 43
23 69
70 80
57 2
54 12
55 7
44 18
13 31
29 48
26 18
67 51
21 15
60 60
61 2
21 43
46 12
65 11
10 46
66 41
64 45
57 73
65 54
71 93
63 25
24 38
9 84
28 90
25 40
35 16
81 13
74 50
40 26
15 65
14 74
87 0
96 29
76 5
84 90
89 85
79 32
19 93
29 52
25 53
98 46
5 69
35 5
21 71
44 95
31 46
74 1
44 15
29 65
75 8
1 66
64 19
35 99
26 72
67 24
49 25
6 32
39 81
73 72
31 25
59 91
86 29
35 54
83 78
39 99
45 1
20 24
58 70
92 94
18 3
33 70
86 76
70 11
60 31
14 60
28 69
68 36
9 59
83 14
49 21
31 13
22 53
53 24
33 31
49 98
16 98
29 9
62 82
77 33
30 38
85 93
18 91
23 62
76 2
8 81
76 70
36 61
93 29
41 62
92 35
62 9
83 29
75 14
94 73
90 44
64 35
74 0
89 14
4 78
99 83
95 61
12 32
80 25
75 93
18 36
33 26
98 77
76 24
88 63
38 73
82 5
4 53
16 23
39 53
38 29
27 40
50 92
28 55
54 31
38 25
92 53
50 98
12 78
51 30
11 35
53 0
18 34
49 35
52 3
82 35
65 60
18 94
26 79
63 73
91 51
94 42
61 22
9 35
33 97
55 97
46 32
3 72
84 38
33 38
6 45
66 19
10 1
26 60
90 94
9 71
63 96
70 30
91 13
16 89
45 72
5 91
30 9
69 46
10 88
42 77
46 90
96 51
64 57
12 49
75 33
43 5
52 59
72 23
8 13
32 43
7 88
53 16
19 13
18 7
49 99
77 45
85 68
60 65
11 85
57 15
51 1
20 4
65 3
83 37
28 35
74 16
27 99
28 95
72 63
63 82
72 25
53 71
54 51
66 83
6 65
8 96
25 33
1 83
33 34
90 36
62 14
38 1
54 80
64 73
64 90
41 31
72 29
55 63
32 75
75 6
91 55
18 87
33 16
67 4
32 77
25 71
41 43
78 64
50 21
66 99
83 88
68 88
13 67
42 94
32 92
6 25
35 84
49 8
0 82
17 17
91 4
79 55
72 14
17 7
23 1
60 1
31 11
29 75
88 33
51 5
73 53
72 75
35 50
13 47
71 88
11 69
84 76
3 79
79 73
89 32
42 17
53 69
68 47
88 25
38 13
65 59
24 67
84 11
15 3
77 64
95 22
46 3
41 84
68 9
54 19
19 7
67 11
67 97
3 13
6 70
91 41
31 50
37 15
53 53
49 61
36 36
77 60
92 32
26 22
21 48
36 98
47 26
23 2
8 20
60 85
77 8
33 99
6 0
81 9
45 40
22 1
