100 3
25 17
18 29
20 76
21 38
74 9
62 85
73 49
70 13
33 46
66 87
57 95
22 3
14 51
39 23
60 1
88 64
62 74
56 63
40 7
59 97
89 73
29 10
12 92
20 68
44 28
52 95
9 2
54 85
35 46
7 81
7 36
14 21
1 70
60 40
10 1
18 46
84 16
3 29
74 92
2 75
0 11
44 92
14 28
91 71
71 86
48 73
39 49
54 69
99 42
55 44
7 21
40 34
86 42
27 11
1 73
41 48
4 94
71 28
62 35
29 15
50 43
84 42
76 63
50 46
51 14
39 34
70 99
5 26
22 20
43 68
39 59
44 33
1 22
52 77
85 61
28 75
87 58
57 24
30 12
12 82
16 50
12 22
27 31
34 87
20 56
53 65
48 53
49 13
47 31
27 98
11 96
3 66
66 54
27 55
2 62
68 28
73 16
64 12
27 24
47 15
42 35
26 19
99 36
22 69
79 70
52 96
3 37
50 90
63 73
72 46
32 37
60 78
90 52
97 79
6 99
67 74
12 38
21 8
10 10
26 36
40 65
94 57
59 70
8 99
51 21
78 34
20 20
69 73
17 50
5 39
19 18
89 6
82 58
44 60
16 3
83 12
98 42
10 74
96 34
71 36
19 72
56 81
92 69
40 59
47 92
33 9
32 29
0 73
16 9
87 83
6 43
42 22
72 99
77 43
45 33
36 91
15 79
46 58
17 36
5 77
79 74
11 74
2 16
5 35
71 98
57 5
75 72
91 91
21 37
51 92
80 44
26 56
75 17
16 82
67 87
86 30
69 25
16 89
60 71
63 84
28 12
37 1
12 57
63 24
14 68
15 83
98 8
11 6
53 82
68 44
51 0
24 87
73 67
92 65
94 70
61 3
25 39
44 41
1 91
84 14
47 75
24 13
78 52
0 92
52 13
62 45
97 32
82 90
62 58
39 33
43 89
44 81
47 4
6 94
57 32
11 99
78 46
90 7
66 84
10 73
76 89
28 38
58 90
81 68
44 99
77 73
4 12
62 51
57 99
4 62
38 72
11 95
11 81
9 16
80 8
1 43
68 91
43 91
11 60
55 49
24 65
60 91
4 75
89 77
64 19
38 49
26 83
33 23
75 2
93 61
44 40
72 3
63 67
88 30
26 15
43 35
92 51
86 87
90 71
10 57
96 69
54 0
11 90
86 76
45 29
98 86
34 5
56 32
94 62
45 89
19 61
6 76
1 42
21 9
2 57
3 86
87 45
98 3
33 22
60 57
69 64
37 16
47 51
77 1
27 48
8 24
10 50
60 98
62 81
57 82
84 15
41 74
67 7
91 97
7 18
38 79
9 32
68 95
90 62
48 7
91 43
97 78
32 84
19 77
57 13
25 79
41 24
71 1
82 23
56 80
84 89
35 15
63 37
85 57
23 37
25 41
93 28
14 94
30 14
28 10
75 42
36 61
85 84
35 84
12 73
46 72
21 60
34 56
28 43
52 53
84 82
15 1
52 75
78 2
78 93
10 52
86 10
42 64
54 44
22 7
51 36
18 40
59 31
82 71
72 45
76 94
18 30
81 90
63 63
9 24
55 0
78 12
92 96
12 91
33 21
52 17
20 97
19 33
95 1
97 67
71 0
34 85
14 22
97 36
42 62
76 77
49 9
81 60
46 87
43 24
48 78
46 45
37 48
7 49
69 52
24 43
96 20
95 53
40 22
17 67
53 75
53 28
7 48
26 42
73 4
15 98
3 24
6 22
88 74
30 44
44 91
14 84
3 58
70 33
71 54
18 43
22 80
90 69
23 15
61 15
0 45
61 35
15 15
32 73
48 30
34 48
67 68
45 35
67 5
42 93
40 37
22 56
6 44
83 4
70 73
34 92
28 45
43 9
25 91
77 28
50 6
6 57
63 35
5 84
86 84
67 58
83 68
36 47
73 97
20 78
4 8
8 60
93 72
79 95
76 96
92 78
36 40
88 86
79 18
45 13
54 41
66 13
69 4
84 25
13 61
48 89
33 33
95 35
16 1
45 11
63 85
83 16
48 14
31 7
3 80
64 10
90 17
95 7
53 93
81 24
44 4
41 95
15 47
49 60
88 47
74 96
64 57
17 77
66 56
83 54
60 15
83 44
7 85
23 20
7 14
15 6
36 73
10 53
25 3
30 19
1 52
18 83
6 95
36 93
42 19
63 58
7 71
2 22
53 20
0 9
16 2
4 41
98 24
8 13
11 27
32 47
18 60
1 13
86 66
99 96
93 77
22 99
44 85
60 24
61 93
6 67
21 73
87 98
27 9
96 9
21 5
35 64
87 82
49 89
91 76
20 82
20 1
43 73
7 26
78 31
5 72
6 31
82 17
42 80
13 42
51 8
1 5
22 45
78 9
1 6
47 20
44 83
46 97
62 28
82 88
94 7
31 86
15 70
80 24
19 85
25 36
58 93
93 52
23 46
78 48
56 3
59 96
32 88
91 47
21 25
69 96
38 26
80 23
93 11
48 36
61 17
83 86
97 94
57 17
33 97
45 50
81 91
8 6
52 73
95 49
52 10
22 48
17 64
11 83
60 6
6 80
68 52
74 60
76 80
42 52
98 83
2 63
13 44
97 29
53 45
93 9
38 82
83 17
7 55
64 44
88 33
13 53
15 49
89 92
1 62
12 9
75 77
56 99
63 27
55 39
3 35
13 4
38 37
68 31
19 70
47 57
7 10
96 42
69 10
17 91
22 58
4 81
21 15
25 68
80 74
69 51
66 45
37 24
64 39
0 55
10 12
72 24
47 18
48 29
95 69
54 19
27 71
52 72
25 24
36 74
38 92
78 60
93 85
58 55
91 72
9 67
14 83
28 93
96 0
98 64
76 87
16 12
66 52
10 66
36 39
14 69
60 14
35 58
22 63
6 41
7 43
94 48
99 40
52 87
55 52
13 88
76 75
20 22
85 22
48 39
80 86
88 10
1 54
6 72
48 1
92 93
27 96
87 90
21 10
37 84
31 82
56 6
22 28
23 95
57 51
37 83
99 46
45 14
72 50
41 55
64 66
13 12
94 29
67 38
74 22
17 27
63 57
56 36
36 9
3 48
0 86
38 43
75 48
30 42
6 49
96 88
44 20
26 20
65 40
10 6
80 58
32 32
40 36
25 84
80 43
39 91
63 4
76 61
69 84
46 67
88 70
32 64
89 56
88 92
44 43
92 36
26 92
86 23
89 31
61 48
13 58
38 48
15 31
65 18
12 11
10 22
14 30
68 32
73 12
17 43
58 74
95 40
40 60
9 98
96 7
16 54
82 67
0 15
39 60
94 86
56 39
7 30
87 60
42 45
97 43
49 63
77 34
33 38
92 97
79 19
45 96
81 77
81 74
53 74
5 57
47 77
46 24
73 62
65 42
31 4
47 83
43 23
7 69
33 54
68 17
85 18
44 96
4 46
9 25
57 34
23 91
84 10
95 29
64 53
52 71
25 55
96 93
28 26
68 16
87 37
50 57
98 56
64 54
59 10
12 66
10 39
77 9
56 65
2 67
53 41
44 87
67 40
61 81
55 51
88 95
11 57
62 93
5 2
37 89
10 54
10 65
43 64
83 90
80 17
41 14
66 4
5 0
32 99
5 4
50 19
63 72
33 44
27 34
72 49
59 88
41 92
36 8
72 53
5 3
50 96
87 66
84 43
34 52
29 71
7 11
48 91
46 37
75 62
61 7
51 5
36 22
24 38
28 71
43 36
5 96
47 71
85 4
6 35
50 83
56 12
3 59
91 33
72 47
14 13
24 39
28 97
97 62
31 90
42 83
65 93
10 60
5 94
6 63
49 25
34 18
29 86
75 32
17 16
66 70
23 0
46 95
29 40
29 41
6 40
81 51
11 43
57 35
95 70
36 71
2 17
94 61
42 40
4 89
54 11
62 65
75 80
62 63
64 21
38 42
28 0
76 56
22 39
39 29
80 70
82 46
61 11
9 27
46 39
63 8
1 16
60 79
26 33
43 14
3 60
26 43
86 54
86 35
29 24
84 18
75 31
4 72
37 50
74 56
7 97
97 83
55 34
27 83
39 56
75 6
57 4
4 50
98 32
44 86
19 10
36 14
21 47
20 18
98 52
4 64
55 22
22 4
31 91
83 38
24 92
38 11
73 61
77 17
12 41
11 11
37 7
94 28
51 64
99 52
90 35
42 12
68 76
77 97
81 87
3 97
80 16
52 94
34 2
18 59
44 36
77 18
14 65
5 12
75 98
29 45
90 47
97 66
38 52
93 39
91 3
13 95
76 59
13 71
44 97
53 68
21 2
34 10
39 54
4 38
43 1
33 94
27 60
68 59
90 91
67 39
92 37
34 15
47 38
68 79
29 17
8 2
34 51
33 53
63 29
30 30
46 16
34 6
38 67
3 83
2 8
22 23
24 66
2 18
3 70
98 91
14 86
9 79
35 75
83 56
16 96
42 81
31 81
50 99
68 94
57 50
28 41
3 21
93 81
71 27
78 65
56 77
77 8
23 28
59 69
59 1
34 30
36 28
57 76
78 6
32 43
26 50
29 70
1 38
44 13
6 98
92 19
54 74
37 35
0 29
85 15
94 6
80 72
47 90
90 77
98 19
55 60
33 40
17 25
81 52
25 72
86 12
48 82
67 19
45 71
39 9
18 42
17 88
65 84
12 34
94 36
53 18
12 80
56 15
88 83
89 33
65 97
2 25
90 44
60 55
33 34
71 16
52 49
76 36
28 42
21 55
51 38
25 87
98 53
80 0
17 13
74 91
59 2
85 91
4 13
11 67
68 38
76 84
28 98
28 74
14 99
84 87
95 98
21 76
68 57
55 48
99 98
58 92
18 45
74 39
89 89
72 33
65 77
51 95
85 77
73 48
31 43
2 50
61 53
88 31
8 70
79 88
16 37
2 83
80 64
96 36
79 61
26 46
63 81
8 72
90 48
33 26
58 17
60 27
92 9
29 88
24 75
99 10
9 95
83 91
72 69
1 25
87 68
95 68
94 81
9 33
28 31
40 1
56 19
84 21
94 2
48 65
50 64
0 79
71 99
16 91
85 32
37 4
1 76
0 6
64 71
10 33
85 53
91 84
16 24
55 74
19 7
27 80
12 13
70 29
80 1
22 24
15 96
47 46
17 78
67 1
65 21
16 29
77 19
94 42
47 47
78 13
57 0
2 71
81 28
17 2
89 22
89 97
62 77
61 70
92 38
21 32
50 98
73 37
25 23
67 18
34 40
83 35
81 83
74 86
70 6
79 86
45 22
21 39
69 27
33 42
79 38
29 6
47 69
91 96
98 30
38 94
49 48
91 66
71 3
59 18
41 15
59 33
40 24
12 96
68 82
66 15
50 33
87 25
42 23
22 42
90 27
34 23
58 47
92 29
86 57
64 91
37 41
50 56
45 94
25 22
22 40
89 47
17 48
59 25
50 78
55 16
28 48
67 9
96 63
19 5
48 58
27 59
29 62
86 4
45 79
60 87
6 25
13 10
12 10
30 13
83 57
69 68
97 34
80 55
85 12
30 61
95 84
39 18
33 91
53 96
71 17
79 26
41 38
19 28
1 67
58 29
81 48
30 15
64 26
98 21
72 83
12 99
83 24
68 81
79 69
40 23
11 88
27 84
31 99
12 12
73 39
47 52
20 91
85 98
26 65
14 47
35 86
35 5
46 0
41 66
47 59
26 74
31 30
31 55
78 96
69 59
85 73
85 95
66 17
25 4
62 21
72 21
51 26
73 64
57 14
59 64
28 78
29 89
47 80
76 65
96 99
30 69
34 8
26 72
63 45
43 30
48 76
52 43
22 18
21 68
71 80
3 32
89 27
82 5
10 16
8 27
54 65
80 40
55 32
26 39
59 78
71 95
55 12
71 26
62 39
74 45
1 4
77 91
99 87
76 91
40 39
47 36
53 86
75 63
24 8
14 96
39 52
58 9
1 95
85 30
51 17
13 78
61 59
82 70
94 35
1 8
95 48
26 59
97 54
56 35
84 0
42 72
34 13
25 78
5 43
20 21
31 21
56 69
0 88
20 81
57 83
79 10
74 12
79 21
2 7
92 40
55 66
90 84
59 22
28 80
36 94
46 55
5 13
9 63
47 26
67 69
93 37
74 62
89 43
71 9
60 37
25 48
49 18
35 16
81 21
46 33
22 89
54 46
17 23
70 10
89 9
10 47
3 93
42 57
93 84
31 85
70 35
19 38
24 53
99 86
97 21
47 81
58 6
67 84
72 38
60 65
98 98
20 33
64 93
58 97
92 2
5 1
84 35
14 53
45 93
6 47
40 86
20 48
84 92
25 46
93 96
58 71
99 33
83 42
64 33
92 50
20 37
5 48
46 29
65 91
46 36
99 4
50 11
2 0
58 88
42 24
0 57
67 90
42 43
81 42
8 86
6 65
10 8
72 54
83 1
21 52
70 52
8 51
37 63
47 27
21 69
74 66
4 1
82 94
92 86
5 28
90 26
87 20
48 54
59 58
11 78
90 78
94 40
13 94
21 67
57 91
51 6
84 95
12 0
67 79
84 88
98 67
68 7
2 88
8 65
17 5
14 60
64 55
64 73
34 68
52 38
12 33
7 83
34 78
56 41
17 66
32 98
66 14
73 5
41 20
11 12
56 0
21 93
83 99
55 68
5 11
69 19
69 5
76 18
57 18
48 85
5 24
30 35
8 80
22 70
95 82
16 36
89 75
71 34
74 5
20 5
91 35
78 55
33 81
74 28
9 22
52 90
65 60
85 72
89 93
77 59
88 71
8 93
99 76
45 75
57 61
6 27
71 5
23 99
14 73
64 2
52 97
98 45
63 30
19 47
80 26
35 48
6 55
7 75
34 73
38 95
78 67
29 46
19 80
24 21
12 21
38 41
94 31
50 59
51 86
18 49
56 8
48 87
33 88
28 56
92 82
52 89
4 2
11 29
96 87
90 96
71 59
8 81
97 80
90 61
42 87
7 23
32 24
22 33
22 82
70 86
41 88
81 61
73 3
50 82
49 90
53 52
24 56
82 28
65 6
83 82
53 78
80 14
8 40
35 1
98 88
33 10
65 41
25 69
42 60
58 81
35 42
44 9
49 30
39 86
52 51
6 5
55 45
49 29
99 59
25 57
64 1
58 89
14 56
49 77
72 61
43 47
86 50
12 27
61 23
18 64
60 73
14 42
8 54
94 1
65 81
19 71
69 74
12 44
33 20
17 12
73 83
4 22
99 45
73 47
42 51
90 15
33 72
62 75
52 27
86 71
35 73
34 3
39 25
84 85
60 41
11 62
23 79
11 34
89 20
90 25
29 11
69 17
8 68
28 70
74 48
44 11
32 80
91 40
91 81
73 90
99 50
40 15
1 53
20 92
17 46
26 9
71 71
28 91
89 35
18 95
43 85
38 56
58 18
5 49
78 3
65 49
36 0
84 4
53 88
91 59
54 4
97 81
33 18
29 80
42 77
62 37
79 32
61 61
63 20
3 65
33 7
17 70
37 70
94 78
50 54
11 18
60 95
9 78
37 56
30 48
35 85
78 17
86 44
9 0
82 34
37 96
70 47
6 52
1 10
39 32
18 65
79 5
46 34
51 12
76 1
24 79
60 29
20 65
96 65
65 29
66 12
21 57
53 16
75 75
56 61
48 57
91 44
89 1
87 16
68 73
1 69
2 69
93 24
7 41
78 15
92 56
5 6
72 67
67 31
89 34
3 81
85 68
0 17
38 20
78 14
6 36
6 73
83 33
76 90
58 67
56 67
96 28
58 31
53 54
39 17
2 98
1 3
56 97
71 75
39 95
77 16
47 86
48 52
27 14
76 38
31 62
64 27
64 17
14 81
95 93
65 73
80 71
21 45
50 31
37 11
77 55
45 65
48 0
17 10
24 35
88 43
40 35
85 8
84 69
22 10
40 73
34 67
63 2
71 37
92 21
98 85
69 9
85 19
46 59
59 34
14 18
42 33
65 87
6 78
98 20
31 38
8 35
90 38
31 12
34 55
80 36
17 98
21 79
66 36
48 96
54 97
30 98
47 87
85 37
83 74
2 4
95 85
32 30
26 11
52 64
95 42
65 56
50 25
87 3
24 89
73 93
55 30
20 74
32 91
21 28
63 33
32 75
85 97
20 3
15 64
33 8
27 92
51 76
46 71
26 96
16 49
71 18
4 37
36 96
38 84
95 19
96 5
73 73
64 25
32 97
24 4
97 2
11 4
9 9
9 18
25 98
24 31
79 9
76 73
50 27
50 1
93 66
78 56
67 97
79 1
34 37
27 27
3 61
88 27
14 11
70 61
13 80
3 56
76 49
45 99
6 9
60 96
23 54
27 69
17 63
7 93
59 32
50 15
46 78
41 30
96 62
84 51
71 21
80 28
82 18
95 92
25 77
38 96
15 66
11 46
77 46
87 78
68 98
13 37
63 87
19 40
56 13
29 13
54 38
95 12
15 86
68 88
62 7
61 92
45 26
18 57
35 9
34 88
47 6
21 80
93 57
96 22
48 60
37 5
96 41
8 63
39 62
35 55
92 10
98 27
63 16
22 15
27 75
7 39
20 90
27 76
47 84
67 73
6 96
5 97
33 14
79 15
70 5
41 78
25 34
94 38
99 44
45 32
85 0
53 30
54 52
39 72
49 49
46 23
72 82
42 66
73 34
49 98
17 73
77 78
35 35
50 22
25 88
25 95
97 6
35 95
27 8
2 3
88 13
76 82
34 91
99 77
34 84
7 77
87 4
33 87
51 59
95 78
92 81
25 86
74 89
31 42
5 82
40 96
88 7
68 40
86 92
0 10
43 80
71 94
44 12
96 83
45 97
9 61
16 39
99 68
36 75
3 6
65 19
58 54
89 53
38 91
48 4
78 68
42 56
49 67
4 28
79 97
66 81
7 84
77 24
78 39
2 44
49 66
2 39
3 25
81 8
44 14
4 52
97 0
9 81
88 62
3 82
43 16
32 23
41 32
55 50
92 31
93 19
80 33
80 7
18 38
16 18
4 58
49 52
32 52
10 45
41 12
55 83
84 59
70 42
43 10
72 9
74 38
83 27
74 6
48 48
88 18
64 96
77 39
23 43
0 8
94 43
87 54
3 57
66 89
16 44
88 79
74 40
38 10
9 4
36 24
94 23
0 4
16 5
93 48
21 40
59 23
29 32
18 22
43 75
22 75
17 28
56 98
22 50
2 72
15 50
3 49
54 86
3 89
11 38
46 2
74 88
29 93
62 42
37 55
98 9
74 72
24 58
48 34
80 31
5 7
56 22
28 81
6 37
75 12
35 30
9 68
44 47
6 16
65 55
11 21
72 63
31 44
43 76
97 97
87 63
93 34
61 28
97 4
91 55
9 74
58 57
97 74
87 36
30 88
10 5
39 31
32 89
34 43
70 92
59 87
78 80
44 89
28 63
92 42
68 53
41 21
15 38
58 48
25 62
71 4
18 92
2 19
31 19
93 88
77 36
88 49
37 77
67 45
37 53
35 25
38 50
25 85
33 4
60 97
67 23
68 9
51 84
67 28
28 19
60 12
49 19
21 92
96 61
80 30
49 53
96 59
33 56
99 0
98 49
66 92
37 49
41 19
40 98
20 93
16 63
44 67
30 2
55 31
72 70
25 8
4 18
75 29
24 12
74 93
91 38
93 54
54 68
68 23
68 72
17 26
36 56
7 91
52 81
37 58
23 57
15 14
56 59
19 32
5 88
29 28
12 24
32 11
74 30
6 20
74 4
22 49
90 99
11 19
60 82
42 55
52 91
95 62
0 98
21 96
3 95
87 21
8 22
58 53
8 58
88 94
7 28
12 26
42 25
98 93
69 94
91 10
53 26
91 79
67 16
74 26
13 21
31 54
14 79
21 65
26 48
63 17
79 4
72 15
81 18
26 53
52 18
14 38
7 68
62 24
64 74
67 37
67 36
59 81
63 0
45 9
74 8
81 44
11 13
78 86
18 2
58 15
59 14
42 15
31 33
65 23
6 29
47 33
60 21
54 78
91 54
67 89
4 74
77 13
58 33
57 98
26 26
99 66
64 76
54 63
30 94
65 43
2 37
2 26
89 70
86 72
11 73
57 29
9 44
26 32
40 56
84 63
24 28
77 5
0 18
41 39
56 30
80 63
32 95
83 37
24 51
46 15
93 91
62 62
74 98
15 27
83 79
94 11
64 6
29 31
18 17
12 35
20 17
10 31
95 96
6 34
51 72
64 38
8 12
99 12
26 6
3 12
77 68
6 42
48 74
79 67
43 6
66 93
92 26
56 17
28 99
70 54
40 3
31 22
58 62
98 89
11 66
88 15
35 31
49 54
77 76
41 5
0 51
11 41
36 13
22 32
61 38
29 72
23 78
97 82
82 33
99 21
15 33
8 17
44 17
20 72
39 53
4 45
67 61
10 17
87 86
67 10
88 96
30 16
93 14
46 17
81 57
38 29
30 32
90 13
77 96
40 40
66 77
67 30
86 51
62 60
82 25
34 59
53 59
64 67
30 71
15 12
13 39
46 51
23 11
87 49
42 67
47 95
58 20
40 68
16 21
66 1
79 83
72 17
89 12
96 17
81 39
61 88
72 72
38 57
71 66
62 41
8 33
59 66
28 59
95 89
85 99
96 43
44 34
70 78
28 47
47 24
82 2
57 11
92 91
39 3
97 16
0 97
54 82
40 32
45 27
88 16
78 16
68 24
49 56
44 82
70 70
87 73
1 86
30 4
68 83
82 19
82 86
22 83
27 78
55 41
88 99
20 86
81 49
27 30
14 54
42 17
27 2
68 46
21 91
2 65
59 86
53 27
32 93
60 10
37 30
35 3
28 58
31 66
57 16
12 20
33 92
88 59
19 35
18 9
93 31
90 12
60 58
41 63
19 64
68 34
86 52
52 45
76 41
95 26
46 85
61 5
80 50
84 32
4 21
97 71
75 90
56 33
47 44
19 98
48 70
55 29
14 0
26 57
71 42
1 92
84 78
35 18
4 90
56 88
30 49
43 55
44 98
31 63
19 13
37 28
51 47
40 43
54 21
57 60
50 71
25 71
72 25
72 13
54 92
6 60
20 94
11 14
43 67
31 49
52 7
58 79
82 6
29 81
22 31
25 54
89 49
13 56
18 79
68 45
61 31
87 95
74 23
2 66
10 89
54 61
74 82
2 87
42 10
91 49
5 69
86 11
40 2
16 85
88 60
53 64
38 18
3 16
72 5
93 35
88 76
47 97
98 17
74 3
9 38
46 89
99 73
86 21
63 59
16 0
23 10
87 40
27 35
41 2
26 63
59 80
97 65
78 95
63 42
87 5
92 52
22 62
44 62
94 76
59 36
98 68
54 55
15 24
48 90
51 65
17 38
95 13
51 24
39 68
27 70
3 74
0 48
68 11
23 21
23 23
69 92
40 11
1 45
45 5
12 85
95 45
99 1
37 10
82 49
57 37
67 59
85 21
45 54
0 77
57 74
21 90
77 80
50 39
10 64
79 37
77 31
91 27
34 74
29 94
27 93
83 13
11 25
12 19
17 59
7 61
92 33
66 68
63 54
53 37
31 17
57 15
63 97
5 50
5 17
21 36
75 43
8 48
46 93
36 4
66 5
37 40
28 61
92 73
41 76
45 82
12 50
93 67
42 58
53 70
31 51
91 73
80 29
77 71
27 22
28 60
91 45
59 12
30 26
0 72
14 5
35 79
59 65
8 37
36 26
82 82
86 85
36 36
4 88
42 16
37 61
30 25
84 11
86 6
82 74
52 62
71 10
60 56
45 42
61 89
0 43
30 7
77 26
76 44
62 3
76 97
22 30
20 39
20 16
94 68
94 17
33 39
52 34
97 48
11 77
50 66
23 48
88 82
51 3
18 39
8 16
4 96
92 46
43 42
77 23
82 8
88 48
11 71
87 62
8 84
90 46
36 57
92 23
84 98
61 10
75 33
74 11
17 75
65 47
49 42
98 69
77 2
60 62
71 41
3 38
75 83
33 50
19 52
7 62
85 10
77 66
39 13
11 75
50 91
99 20
55 62
72 41
12 77
53 77
23 34
61 73
69 14
51 42
79 41
11 8
54 6
35 0
51 96
7 22
80 37
40 61
83 14
35 19
43 74
79 30
30 54
49 24
13 17
28 85
11 58
40 52
51 48
91 18
60 59
23 31
66 67
47 29
38 14
91 99
41 79
36 79
43 83
16 92
18 93
29 75
66 32
7 94
13 22
64 15
7 54
82 0
24 11
24 62
67 56
32 48
33 73
27 53
75 19
34 77
65 24
40 19
39 69
90 23
75 85
8 18
56 89
37 6
24 91
50 65
86 93
18 62
1 14
28 33
69 60
74 52
95 47
60 31
2 23
64 61
1 94
59 67
35 88
45 90
99 95
6 53
47 61
93 7
3 53
93 79
66 91
78 66
79 17
40 64
23 64
55 79
95 90
56 75
90 65
54 76
70 50
54 36
76 71
94 37
91 86
45 91
81 88
46 79
63 49
14 16
36 1
9 42
25 6
66 28
12 58
11 32
3 52
96 44
59 74
59 44
12 81
49 1
10 20
17 95
92 27
69 33
4 6
94 4
97 41
45 85
33 67
77 79
30 51
62 66
74 41
9 85
90 68
78 28
37 23
74 59
47 56
1 31
99 29
75 40
86 9
49 71
11 17
36 60
42 79
9 54
83 67
41 83
99 32
73 23
33 85
3 50
85 45
51 90
57 64
14 31
69 54
40 71
95 64
62 13
51 56
71 20
87 38
86 90
98 1
22 21
24 59
28 17
1 27
16 87
45 24
27 20
79 56
50 53
67 71
27 5
95 81
93 21
63 41
14 10
98 43
70 24
35 38
96 45
99 14
65 94
24 98
44 61
86 3
86 26
70 48
7 50
89 40
79 98
97 38
98 31
31 97
93 58
1 30
88 46
30 82
68 5
50 42
64 94
87 64
97 20
7 70
73 52
41 8
31 39
77 7
40 49
83 62
55 35
38 0
5 34
44 74
44 5
70 65
44 6
14 24
26 4
76 52
50 73
90 20
65 50
72 97
41 65
2 60
18 10
60 18
59 71
49 22
56 50
50 12
88 42
32 1
60 30
44 68
64 36
97 13
35 65
9 96
19 20
57 31
88 81
23 16
15 43
13 87
81 23
40 67
61 39
34 19
0 21
36 99
22 59
88 21
33 29
28 30
78 73
49 80
42 3
3 42
53 32
38 9
76 78
96 71
23 33
64 30
42 50
97 19
1 17
10 67
19 75
83 95
31 35
66 7
59 54
42 69
81 75
55 37
87 89
8 77
41 60
13 5
10 76
84 99
29 48
78 35
73 26
59 77
83 71
90 76
22 88
80 21
87 53
89 64
24 54
32 59
67 62
67 66
78 21
8 10
56 82
77 11
70 84
83 30
67 70
16 43
83 26
44 24
80 54
46 5
71 46
39 27
60 75
74 79
33 27
12 53
39 67
9 17
22 66
65 96
45 56
84 22
33 25
97 5
73 8
88 5
0 19
18 19
66 27
98 35
99 15
55 36
66 8
81 34
91 50
26 13
24 9
80 39
73 44
46 76
80 75
50 45
45 21
46 40
87 13
11 92
43 56
70 20
24 64
82 64
8 91
58 94
98 0
7 90
35 50
1 28
61 19
9 12
50 69
14 33
5 46
88 89
66 35
50 84
2 47
74 14
57 28
24 60
96 73
43 92
56 29
35 23
34 24
70 55
69 85
82 69
2 64
14 27
89 30
9 59
32 77
15 59
13 20
51 98
28 24
69 3
7 12
57 8
98 94
54 3
60 54
16 88
37 8
61 0
36 41
30 52
51 31
85 79
32 25
99 97
27 15
98 4
24 46
77 56
47 43
46 20
59 98
66 57
45 38
61 1
53 38
30 17
56 38
94 34
77 67
75 56
48 42
48 83
16 17
75 89
72 91
79 35
15 52
73 96
30 78
77 61
74 7
4 73
62 59
50 81
0 87
80 56
3 69
79 54
91 48
97 60
52 82
73 32
12 36
17 71
50 63
72 86
59 37
0 23
39 47
94 49
48 6
13 62
45 37
13 76
56 7
44 38
16 71
7 53
43 59
40 12
60 35
0 78
72 60
4 80
0 81
41 51
27 23
10 21
48 99
1 58
73 1
82 65
64 16
49 36
82 38
25 31
70 41
1 9
17 72
8 50
46 13
14 90
47 5
35 40
55 92
42 42
58 38
81 22
73 71
76 62
86 32
95 80
74 78
79 87
82 77
15 36
28 51
77 6
4 67
24 90
85 6
28 49
72 94
68 42
77 90
36 35
35 13
29 50
8 59
3 28
99 61
14 87
39 83
29 37
17 57
61 98
61 20
42 89
18 94
85 31
90 40
12 75
58 11
32 35
43 70
8 92
21 3
68 37
30 70
38 76
37 18
22 35
90 18
82 39
91 42
78 8
59 82
54 1
29 55
80 77
98 63
26 5
92 43
69 28
79 25
68 74
9 90
44 21
98 47
91 1
21 64
6 69
75 3
19 34
37 69
7 92
90 45
76 21
87 48
61 56
13 7
75 25
39 16
29 77
86 81
53 1
1 80
80 65
43 53
50 21
84 34
85 47
48 33
94 0
1 24
76 68
88 58
11 54
79 49
82 36
48 55
48 26
76 11
36 52
28 72
3 46
69 79
72 32
82 62
48 18
98 11
26 88
62 20
71 2
15 61
37 75
6 23
83 15
78 74
89 68
42 65
73 92
13 92
17 40
47 10
76 16
54 30
5 89
67 72
99 16
47 49
44 95
75 68
13 85
14 64
0 53
23 35
96 89
62 52
45 18
18 36
32 19
38 16
11 22
36 44
67 91
48 95
7 25
32 70
6 68
38 19
21 41
87 77
34 34
83 89
75 67
99 38
29 9
95 46
80 41
61 62
71 89
18 90
92 28
83 0
51 75
29 19
51 9
89 55
42 1
29 57
2 40
49 69
60 50
4 51
32 46
5 79
73 84
89 76
48 46
13 93
2 31
28 34
42 84
7 38
37 29
35 33
62 40
62 32
47 22
57 20
41 85
14 59
34 99
25 13
12 30
15 45
98 95
35 98
29 76
43 51
93 71
93 59
63 53
7 19
89 82
58 64
28 95
58 58
81 64
1 26
97 51
56 40
61 86
91 82
0 65
0 83
96 75
36 72
74 87
78 38
58 28
43 96
68 21
98 79
94 10
85 78
21 7
2 52
78 36
56 70
90 30
34 41
65 59
3 98
3 84
3 88
20 25
83 55
8 28
27 95
13 69
42 11
91 64
88 52
90 24
60 77
70 30
13 24
5 90
21 13
30 91
85 87
99 7
3 78
38 68
33 68
20 10
52 61
90 83
86 59
34 44
37 64
16 14
86 96
6 88
38 98
92 58
36 7
88 9
55 91
52 58
17 9
97 96
53 69
88 97
68 47
24 34
42 2
85 58
49 78
2 80
22 38
9 57
94 72
18 80
38 83
55 28
5 63
27 99
70 85
81 81
67 96
23 62
1 66
37 19
8 34
23 45
76 5
30 57
32 5
90 1
21 83
7 16
96 51
86 48
63 51
86 80
86 68
2 94
13 11
16 48
97 30
44 84
88 90
60 93
49 75
40 79
8 73
63 43
69 90
15 11
13 2
0 93
2 12
58 49
51 16
59 45
14 71
67 22
20 9
40 0
89 59
1 47
23 22
8 0
70 82
13 34
60 99
35 87
1 21
7 44
35 83
69 66
77 45
65 26
85 23
44 44
82 53
96 57
4 47
26 81
53 33
30 38
21 82
34 12
46 11
63 77
95 17
21 61
93 5
56 58
4 70
69 89
59 6
72 42
55 2
59 13
22 41
63 93
31 37
73 86
61 68
1 36
20 60
86 31
24 0
2 41
16 32
96 21
52 21
57 1
85 39
92 48
38 3
98 99
71 24
16 41
71 23
54 47
69 35
21 71
97 49
52 23
66 22
19 68
60 83
37 59
23 5
13 90
5 53
4 26
89 79
58 39
0 3
53 99
83 21
62 19
40 99
58 73
49 70
2 5
83 96
76 64
12 62
21 12
95 20
76 99
53 11
53 42
20 63
91 13
70 16
84 1
7 79
43 81
37 66
21 63
49 94
19 21
59 60
98 16
75 95
65 90
57 72
36 43
49 58
92 1
98 33
19 50
90 33
40 51
6 79
20 89
15 8
77 60
76 93
63 3
56 56
21 85
31 10
49 62
15 88
62 38
4 23
73 18
91 77
40 42
41 67
75 14
41 17
29 85
96 3
68 71
84 30
32 16
68 56
13 82
4 48
40 90
28 39
19 23
70 23
98 74
36 90
7 74
18 70
29 22
17 90
3 13
45 34
13 97
73 6
48 15
21 14
26 66
31 3
98 12
14 17
77 0
84 58
31 84
63 56
48 8
64 70
60 64
17 32
81 85
32 94
63 40
55 76
96 78
53 91
66 73
55 38
54 94
2 20
16 60
6 13
90 80
13 29
18 15
0 46
25 35
96 49
9 62
47 89
94 88
68 80
62 96
0 96
78 24
3 73
4 55
66 99
34 83
0 36
95 4
64 13
38 34
54 20
23 84
13 98
93 40
92 18
53 12
10 90
22 60
16 70
68 75
96 85
70 40
14 52
47 41
29 49
59 53
59 99
56 79
69 21
10 96
67 93
75 91
13 1
84 23
92 30
95 23
61 18
32 56
38 32
23 12
11 47
51 91
14 2
4 54
49 37
94 44
17 41
26 17
86 22
10 72
67 67
45 43
74 57
47 9
75 81
78 98
77 85
63 31
41 35
92 85
18 23
89 61
46 42
64 85
90 93
77 42
54 71
74 74
17 80
99 49
82 93
32 17
91 30
90 88
19 41
90 4
37 22
27 28
83 72
71 14
40 76
16 98
4 3
19 91
63 23
61 77
51 45
79 23
61 78
60 20
83 20
82 50
37 65
59 90
69 88
57 26
91 8
50 36
18 53
43 4
33 96
83 2
11 40
29 0
36 11
75 5
38 69
24 68
12 61
82 35
16 34
49 96
51 79
3 36
40 46
6 3
83 83
96 47
22 1
69 70
52 66
23 40
34 80
10 26
32 54
20 34
85 62
75 7
64 8
0 89
88 23
87 12
41 52
69 48
38 4
39 10
63 44
13 67
5 80
58 45
86 74
18 28
53 67
85 65
60 22
89 32
25 0
39 58
13 77
9 77
18 56
27 82
8 5
51 61
71 13
60 25
31 75
8 75
57 94
66 51
56 23
33 95
46 60
97 77
77 89
5 38
14 50
81 33
93 44
93 80
94 16
77 33
96 29
5 5
26 28
47 19
51 94
34 54
15 16
89 96
97 23
21 97
96 58
62 82
70 27
49 16
93 43
4 95
81 2
15 34
23 59
19 22
87 42
67 78
92 32
41 22
17 15
50 35
18 32
28 62
26 99
18 16
95 50
96 37
46 14
61 4
52 4
16 30
0 47
11 86
47 25
19 48
87 11
39 98
15 26
51 37
10 11
19 49
96 33
26 45
95 11
71 82
81 63
43 27
26 47
63 36
90 53
57 62
19 57
47 93
44 45
56 71
78 90
38 12
63 69
98 66
89 78
56 28
17 54
61 67
41 68
16 38
90 32
72 62
0 62
41 97
8 67
74 53
12 56
30 33
63 94
14 7
81 67
64 11
89 18
25 40
47 12
65 57
12 28
26 12
24 50
15 35
53 39
93 32
33 66
12 1
50 32
72 76
64 75
45 76
25 49
63 86
74 16
17 82
91 25
30 3
39 46
42 82
67 24
81 86
63 79
15 7
61 9
58 91
99 88
11 0
55 63
45 86
27 16
73 75
89 90
37 31
23 85
15 81
79 48
65 51
80 85
21 86
4 4
15 30
66 65
44 78
59 95
83 22
41 84
71 79
14 74
29 18
11 26
48 11
0 63
8 9
18 37
94 91
45 84
21 27
56 51
39 6
98 41
17 65
5 95
79 90
51 63
6 4
75 24
18 68
61 42
24 82
55 14
88 98
69 6
17 93
13 15
97 55
77 38
69 41
34 14
60 74
62 12
89 2
5 91
99 31
15 84
62 86
76 76
52 16
71 85
39 85
49 8
89 71
99 17
71 39
19 55
4 43
17 3
13 38
33 35
23 63
28 53
46 88
10 86
54 79
76 31
12 67
43 22
42 4
73 58
76 47
45 15
20 84
43 58
82 7
76 92
66 3
33 3
99 69
55 56
49 84
1 79
40 45
68 43
12 40
65 3
7 2
5 66
85 38
77 15
57 58
64 35
85 25
97 64
57 48
16 15
34 98
37 94
84 39
86 5
22 93
46 75
14 12
93 62
93 89
78 49
77 63
43 88
66 21
51 54
63 96
88 57
99 11
17 49
92 34
92 71
70 2
64 37
43 94
14 70
22 37
31 34
50 80
45 20
13 79
27 1
84 12
70 21
1 19
55 3
29 95
68 93
0 41
53 40
48 32
30 93
1 65
61 58
86 34
51 99
43 41
72 16
82 12
29 23
58 59
4 19
80 18
58 37
37 60
26 95
86 98
62 36
3 8
8 42
78 81
8 25
28 46
3 67
46 69
47 45
49 40
15 25
30 84
91 34
28 40
30 43
99 79
64 84
92 75
67 76
70 44
76 81
8 7
98 65
34 64
20 24
69 78
14 82
78 57
61 51
91 80
64 97
53 80
36 87
10 44
17 42
69 43
78 59
49 35
42 92
92 61
43 79
78 70
89 36
52 63
38 21
26 7
6 26
25 15
54 72
16 74
3 9
55 97
85 89
52 3
75 87
84 71
58 10
70 98
77 44
16 52
21 49
80 82
35 44
80 88
28 11
50 74
70 83
1 59
22 29
63 9
18 73
35 72
74 37
99 39
44 57
89 41
88 29
65 11
38 54
58 30
69 56
68 12
87 1
30 5
50 2
53 9
64 89
4 10
93 86
27 94
66 60
64 49
96 8
70 97
7 13
44 93
9 97
48 51
61 90
87 33
75 52
3 5
37 12
79 36
0 35
95 67
41 45
78 50
89 62
31 47
59 83
39 75
73 55
48 69
20 99
19 65
30 73
31 59
98 25
68 10
58 50
80 25
25 16
24 15
78 23
89 45
19 27
36 54
14 49
55 4
0 40
20 6
6 45
98 75
51 53
96 15
63 92
0 99
19 39
34 89
54 32
79 55
23 82
62 70
15 72
5 74
63 55
11 9
3 79
49 7
91 53
52 32
69 37
23 2
53 24
40 80
76 55
43 44
50 70
34 45
56 62
49 41
15 62
13 14
34 75
65 9
29 60
62 80
74 35
69 82
14 88
61 50
5 81
99 8
34 60
40 83
60 85
50 87
0 71
39 40
10 78
86 36
50 47
18 13
98 70
73 42
11 23
20 67
1 63
16 97
60 66
45 17
42 53
88 0
82 42
87 43
63 13
40 89
78 76
53 85
37 71
30 81
68 39
35 94
52 37
89 7
86 43
64 14
43 54
50 89
44 72
39 64
19 0
0 90
43 77
20 27
82 16
69 12
58 99
84 45
24 36
51 50
93 0
70 34
63 39
19 87
34 22
75 39
72 68
21 42
64 34
93 65
2 78
91 4
88 87
72 59
29 64
51 20
99 80
9 46
3 31
96 52
65 2
36 33
72 6
86 83
5 23
66 80
18 24
37 62
90 63
59 62
40 91
50 41
96 77
59 19
73 87
38 6
76 53
65 20
14 43
79 47
71 91
52 35
19 36
21 17
47 8
65 14
52 80
65 98
20 52
24 78
1 88
6 59
54 39
75 37
81 14
7 89
35 21
42 54
49 47
89 25
68 0
68 77
81 96
9 91
41 59
27 45
33 84
40 84
90 0
29 79
75 30
91 41
12 93
73 89
70 8
48 86
91 98
33 49
15 89
4 57
60 94
81 98
33 70
26 51
62 50
83 78
75 51
13 16
56 73
54 56
95 44
35 36
51 30
23 58
47 72
26 52
66 82
7 4
82 40
70 59
21 58
19 92
55 27
32 42
99 55
76 51
93 49
84 65
87 8
40 33
93 92
9 28
32 78
59 79
7 27
92 60
23 86
39 88
10 40
62 31
80 78
70 58
7 32
44 8
43 87
26 55
39 93
75 21
74 70
88 67
37 3
66 50
80 34
30 39
63 62
92 59
66 0
69 40
67 75
92 66
42 86
69 32
79 6
73 80
81 10
98 5
62 67
79 79
50 72
34 4
97 12
2 9
79 84
67 53
93 41
29 67
64 3
50 97
94 64
43 50
46 83
54 29
76 8
10 48
11 28
35 81
52 1
84 50
8 41
57 10
75 59
21 95
84 46
88 44
57 88
54 45
74 97
79 82
23 56
60 44
36 83
81 5
63 68
25 5
41 40
89 72
0 12
99 2
12 37
13 63
2 30
38 13
68 69
62 5
11 1
37 32
76 70
74 63
48 92
95 51
88 72
27 44
78 97
31 45
0 58
49 5
2 91
51 81
55 90
27 12
65 46
25 81
70 77
67 34
15 18
45 55
65 65
83 73
42 88
18 18
18 72
76 98
68 8
85 90
28 9
54 10
16 59
21 48
21 26
97 28
0 13
67 94
73 41
95 99
99 65
62 76
70 28
62 4
99 90
87 50
88 37
89 0
84 64
3 85
89 51
31 79
19 66
28 69
36 19
72 19
69 38
42 20
81 29
48 2
7 5
92 6
32 69
36 58
93 73
69 39
29 29
22 11
18 71
68 68
73 11
83 97
53 17
51 33
22 27
3 71
15 51
38 88
61 69
28 57
57 92
66 25
23 76
39 70
75 61
82 59
24 76
56 53
72 71
46 64
6 90
33 90
61 16
57 9
99 91
15 57
45 44
91 65
8 39
41 31
55 85
81 99
33 47
91 52
64 63
17 31
43 69
18 86
17 68
55 84
74 68
42 21
62 46
84 81
35 78
9 87
30 99
98 14
3 47
80 87
10 7
46 74
48 71
38 58
77 83
72 56
21 21
86 63
15 95
55 98
40 10
25 73
66 86
92 44
85 51
78 69
40 69
10 28
73 13
8 82
74 61
81 95
64 29
81 19
81 38
72 73
44 0
68 60
63 46
16 46
30 24
71 33
99 24
0 30
15 29
58 70
72 11
95 30
66 41
2 38
32 39
43 86
90 55
99 53
90 28
99 35
41 43
57 75
4 11
41 87
43 52
0 91
72 90
26 38
25 61
89 28
98 61
54 14
72 44
45 60
25 26
56 93
60 39
25 33
73 46
38 62
33 60
40 93
83 8
2 96
5 8
24 40
44 51
94 82
61 14
5 44
55 43
10 13
54 7
49 28
31 95
67 20
76 37
0 27
75 50
49 17
30 36
77 65
27 19
34 93
59 30
82 13
9 76
17 61
59 73
35 89
97 11
71 31
20 87
34 58
27 37
46 19
10 87
22 47
57 59
53 84
14 91
95 97
85 50
70 62
68 48
32 36
95 87
17 22
27 26
79 51
40 53
94 75
52 57
11 85
32 9
64 50
54 17
23 89
72 95
50 7
53 71
42 94
6 86
55 77
44 90
49 55
81 46
80 45
21 78
47 23
67 0
12 45
88 53
76 45
35 32
77 21
46 46
5 37
37 68
7 63
58 14
42 36
22 96
51 97
97 76
53 25
63 6
60 47
9 53
53 51
32 63
78 0
57 81
75 57
25 53
29 43
21 56
14 98
38 30
43 78
83 59
24 37
54 91
95 59
83 98
44 18
91 75
19 62
53 62
25 80
7 60
97 87
96 72
35 43
27 81
5 9
95 10
56 54
52 55
14 93
22 72
24 48
0 28
30 68
33 71
76 46
67 2
38 45
57 96
32 83
37 34
55 61
32 41
93 82
2 59
54 8
75 76
68 62
69 2
34 42
11 42
50 67
51 23
78 62
87 24
75 73
51 68
3 30
76 34
32 57
11 61
14 23
97 47
36 29
8 26
8 64
86 27
22 78
81 54
24 97
42 7
87 99
63 61
99 94
71 12
54 18
6 8
24 57
28 44
59 3
41 46
25 47
65 45
94 97
39 81
44 48
84 38
69 63
79 68
55 10
43 95
20 11
18 21
69 0
23 29
89 21
95 43
59 63
63 48
95 52
53 23
5 58
96 4
42 6
93 74
38 55
72 79
19 84
29 1
69 76
88 2
1 64
92 83
79 43
83 61
71 67
25 7
10 69
21 43
12 16
95 65
52 79
32 7
96 97
49 51
13 36
77 98
61 6
65 72
4 97
92 95
89 67
26 89
89 10
72 37
45 70
27 74
9 72
67 4
66 38
19 94
10 75
82 85
21 31
22 19
71 45
78 4
11 64
63 15
86 67
18 33
68 63
19 19
85 71
49 81
60 92
32 31
0 14
15 60
49 95
23 69
24 19
52 83
5 78
56 60
72 80
59 35
93 29
56 78
32 79
79 60
82 96
3 94
9 92
5 93
72 26
30 66
50 30
20 88
36 34
48 40
84 49
91 94
6 14
40 70
30 18
29 16
55 82
97 95
96 40
59 75
64 80
66 37
48 62
14 78
0 25
49 57
43 11
89 80
19 82
81 7
87 41
37 97
14 14
9 3
54 89
71 74
45 68
76 67
28 84
74 50
0 39
71 90
84 36
90 39
64 9
77 84
23 13
9 75
94 21
69 81
54 67
97 31
57 43
43 33
68 96
8 29
66 64
16 86
88 17
64 58
19 67
8 95
17 34
93 4
34 7
77 54
81 59
9 83
36 17
59 7
97 33
50 68
70 45
13 49
0 42
10 0
64 42
20 58
14 15
63 19
94 90
41 1
88 28
28 50
7 29
73 91
2 49
13 19
81 47
80 49
10 94
85 63
6 15
38 51
41 80
3 62
7 34
87 85
81 20
31 53
81 45
71 63
4 49
86 37
51 2
72 84
30 53
27 56
94 67
7 98
63 90
88 41
91 78
86 14
9 86
35 70
66 44
45 62
83 23
77 50
0 26
42 29
47 2
88 78
75 41
37 33
27 21
26 54
92 15
43 61
48 66
34 72
38 66
84 9
78 27
99 3
11 89
85 5
81 11
6 84
55 58
28 89
23 66
70 91
1 50
89 3
47 74
87 91
73 78
16 51
98 92
36 81
54 84
4 36
93 2
83 46
42 28
28 54
46 47
99 85
23 60
19 15
23 7
36 55
40 9
85 54
27 18
8 31
98 80
95 2
42 44
94 25
46 30
46 49
63 75
43 3
93 55
27 38
43 97
85 80
65 85
29 25
9 80
16 10
84 79
1 99
53 72
3 45
57 23
69 1
81 53
20 54
64 5
29 92
80 92
74 69
86 97
34 95
18 99
82 95
66 46
57 70
65 39
12 88
92 98
61 83
1 84
75 74
44 77
12 23
32 60
56 48
87 81
34 39
29 4
4 44
23 93
73 17
98 77
28 88
97 52
85 14
51 7
70 18
75 66
20 66
53 55
60 17
99 51
58 19
30 41
10 42
71 49
85 1
29 59
28 2
13 96
65 86
35 69
50 75
77 69
61 41
16 94
82 78
70 67
38 15
59 29
20 47
55 5
20 45
84 94
38 93
64 45
69 91
34 62
42 18
43 32
33 64
94 26
47 96
57 57
20 19
3 92
17 4
83 7
54 25
86 25
10 92
69 71
13 50
32 22
60 38
81 0
69 47
97 89
95 37
22 98
55 24
2 53
94 33
17 89
67 15
81 71
83 10
55 70
81 15
50 9
39 15
66 30
47 53
10 27
84 84
62 64
86 60
4 39
60 13
39 4
41 57
96 96
99 43
32 68
78 7
73 81
2 77
77 95
48 59
69 72
5 21
85 69
94 20
95 41
5 16
78 44
5 68
34 97
10 38
15 41
92 74
83 60
10 49
1 68
26 71
47 66
83 28
75 8
56 96
52 56
47 62
94 18
8 11
62 6
62 34
46 50
2 55
73 33
2 21
34 82
75 55
70 56
25 12
73 72
30 27
63 38
12 59
93 53
29 84
50 20
10 19
41 4
71 7
41 98
86 7
25 75
31 89
56 37
91 46
58 65
34 65
92 0
50 94
96 39
47 48
82 26
50 55
37 99
49 74
92 87
24 69
45 81
15 22
44 1
82 27
24 26
90 21
69 83
2 48
97 35
1 41
82 83
36 25
25 19
47 14
25 89
42 30
55 99
92 62
25 29
97 75
33 19
34 57
34 71
24 23
35 8
69 97
17 1
22 67
76 72
35 37
36 68
73 31
43 17
84 66
43 28
25 64
97 46
5 67
49 85
62 56
93 45
63 25
45 16
49 82
51 74
87 51
6 33
53 43
96 56
85 7
74 46
2 43
23 88
90 9
14 46
41 77
94 51
95 5
47 94
12 68
5 20
23 8
59 38
48 17
9 89
21 1
8 47
52 24
39 21
90 66
33 58
9 48
35 20
60 36
50 5
0 54
55 1
3 27
69 87
13 99
95 34
78 20
32 28
38 23
22 16
94 63
83 43
15 5
38 90
17 45
62 8
80 96
53 90
94 46
31 70
63 7
54 60
23 55
76 57
18 50
34 76
98 18
23 49
78 82
21 62
60 89
31 13
20 57
5 52
96 53
97 93
48 12
79 34
35 71
86 17
9 40
94 58
52 25
21 16
85 27
61 97
61 29
48 31
31 58
31 27
55 9
23 77
17 8
76 33
80 11
91 32
36 95
49 23
90 8
81 1
50 38
64 32
84 7
3 34
62 18
55 93
12 8
96 54
6 66
14 61
50 95
72 1
10 23
96 32
74 44
64 98
5 31
96 84
52 76
13 55
51 19
73 38
93 38
14 37
30 74
62 15
46 22
38 33
24 42
61 22
77 41
93 56
36 82
71 53
85 64
94 93
41 93
85 13
51 83
68 64
41 64
39 38
53 97
19 73
27 25
48 45
50 0
82 51
22 2
27 87
82 73
55 88
73 51
31 68
18 66
15 85
22 71
94 13
65 28
0 59
28 86
37 17
82 57
17 60
92 94
56 52
40 16
65 95
79 11
72 4
58 32
56 25
16 58
52 69
52 26
70 53
91 24
5 56
72 78
74 31
66 33
90 90
77 27
8 62
37 78
61 64
6 75
64 99
1 89
42 98
48 43
64 7
47 50
64 81
44 64
98 78
88 66
9 93
1 90
92 92
0 75
49 61
77 72
59 72
35 27
1 57
42 0
26 30
85 20
27 36
26 98
2 2
10 82
3 44
53 21
97 86
9 10
66 26
59 15
86 61
32 86
17 24
86 1
39 51
36 3
61 71
94 50
17 17
1 1
9 64
69 7
97 24
96 80
12 60
46 91
23 27
29 33
46 41
8 52
96 46
91 9
75 69
19 89
66 79
26 25
63 11
26 58
27 54
87 52
41 61
15 87
67 80
76 9
70 4
45 52
94 55
53 81
71 44
20 59
56 34
76 4
59 5
59 26
62 25
70 57
85 74
41 25
87 15
57 33
71 77
99 70
99 27
33 79
66 58
11 72
53 57
12 32
54 43
57 77
25 50
73 56
25 32
22 87
16 65
67 82
6 91
38 36
29 27
89 29
43 21
63 21
77 57
55 73
68 2
29 53
79 40
28 96
99 56
74 29
31 52
44 58
40 44
58 83
73 95
81 89
57 69
46 56
24 30
80 12
76 20
22 43
24 86
82 63
96 74
89 38
93 46
91 39
55 80
37 38
3 22
83 75
29 97
30 10
50 51
82 32
13 25
42 39
20 2
90 57
79 46
9 20
5 85
70 87
13 72
2 46
41 53
53 98
52 44
40 78
1 98
19 3
24 52
31 71
17 79
68 6
44 49
0 66
19 56
43 98
69 34
97 40
71 97
78 71
47 79
92 90
36 5
87 79
41 73
82 97
89 50
31 87
71 11
24 80
62 16
69 65
57 46
38 75
11 69
41 6
84 26
56 43
45 98
19 54
53 89
34 26
83 29
64 68
67 86
10 14
82 44
17 94
90 64
35 59
17 29
80 84
21 30
15 40
37 36
23 67
31 40
61 32
24 25
83 80
49 33
47 16
14 26
81 16
9 58
29 35
65 67
99 9
31 93
33 41
35 67
67 88
66 9
95 24
69 18
90 95
19 43
89 65
88 20
90 82
74 76
77 37
11 94
23 9
69 53
86 77
78 53
19 17
99 6
42 13
56 45
73 43
71 43
66 71
77 70
86 0
3 87
76 25
8 43
16 62
42 38
20 83
72 31
92 12
2 70
33 74
26 76
56 24
58 40
40 13
78 64
56 46
39 82
76 85
66 47
1 61
7 67
26 84
50 4
30 58
23 1
88 36
40 28
91 90
14 45
4 42
97 1
80 35
19 12
84 74
80 62
8 87
75 84
37 26
88 85
27 49
37 20
56 76
64 41
81 92
75 86
84 75
96 19
48 5
6 11
12 89
46 61
82 15
54 50
69 20
23 71
46 21
2 68
22 54
30 86
95 66
92 76
64 82
74 94
76 50
51 57
27 91
85 16
76 74
60 69
63 82
25 99
72 8
47 64
29 20
41 82
90 58
31 16
15 56
97 68
14 67
97 42
4 30
84 27
90 6
79 59
55 19
25 51
66 96
83 70
77 93
69 46
94 66
47 98
87 32
68 61
19 6
30 80
79 12
12 76
75 78
93 63
36 89
9 36
54 73
50 60
28 28
39 50
36 42
47 1
24 29
64 90
44 7
33 13
68 19
70 11
48 79
16 20
19 95
92 16
76 3
46 63
38 97
16 6
67 83
39 1
27 88
99 25
10 62
55 64
48 50
48 93
86 47
74 85
93 95
7 47
82 89
97 70
97 69
35 17
75 82
16 73
63 18
36 66
76 35
23 83
46 68
36 98
64 24
0 74
54 37
6 18
11 15
95 58
4 68
80 47
46 65
94 19
24 99
43 19
61 36
64 92
99 37
60 9
58 85
53 94
49 79
8 57
21 19
88 34
44 25
31 74
27 65
64 46
2 14
54 88
57 53
16 40
74 1
96 38
31 76
59 9
12 7
77 75
91 74
16 68
32 18
71 96
42 75
12 43
90 92
29 82
10 58
63 1
50 29
20 42
41 42
39 36
69 11
20 0
20 23
47 60
4 20
37 51
1 75
25 92
9 52
72 10
11 24
13 86
0 33
3 76
74 32
89 69
36 20
6 48
8 88
54 24
49 26
60 51
93 20
96 91
11 76
70 93
52 50
2 11
60 16
77 94
78 43
59 85
61 13
61 60
26 69
37 92
23 68
8 32
16 13
34 46
10 91
93 26
33 61
48 41
61 44
58 4
66 53
90 54
94 3
2 79
15 74
55 6
63 14
90 37
56 57
69 44
40 75
31 29
93 87
74 55
44 10
26 75
5 76
45 36
64 31
56 90
22 53
26 16
27 89
32 6
30 6
97 53
45 45
45 73
76 7
15 21
24 95
58 52
14 8
50 79
89 52
85 52
22 26
16 53
11 44
84 70
12 2
57 42
32 50
34 25
24 33
91 26
15 44
49 72
94 80
88 19
5 60
65 31
24 3
50 44
5 40
89 83
37 79
20 43
18 7
55 11
15 99
7 80
6 82
62 1
32 33
58 2
81 41
51 15
13 26
8 76
59 55
96 11
17 81
10 95
46 84
10 70
11 63
96 70
23 6
74 80
93 12
30 97
96 2
37 47
19 37
8 30
95 28
67 25
85 41
54 40
29 30
97 99
75 10
20 51
65 80
71 64
39 80
87 18
64 51
56 94
27 77
58 0
83 85
51 77
31 96
87 17
90 94
26 62
36 78
59 50
18 74
54 53
43 0
55 71
51 41
30 50
40 57
46 43
87 46
79 85
63 52
47 70
76 43
54 42
26 94
84 17
68 29
21 11
28 55
86 33
39 0
84 37
65 34
36 16
44 59
45 95
92 88
57 44
20 96
36 32
79 29
46 48
73 27
18 1
10 80
88 51
40 8
53 35
19 29
91 85
27 79
91 14
40 29
33 89
59 57
17 97
75 71
46 57
71 52
10 30
9 39
21 0
7 17
13 81
20 70
4 93
63 64
68 86
50 23
86 13
60 8
26 29
47 34
60 2
62 53
68 89
53 61
42 97
65 92
24 94
36 59
83 6
14 48
80 98
30 95
44 66
79 33
29 91
99 23
6 87
27 29
61 24
67 44
60 48
68 27
89 86
95 16
27 13
63 12
24 55
11 55
27 85
43 82
58 69
23 4
53 50
59 4
45 53
44 75
55 67
45 48
75 99
7 66
57 85
53 4
18 20
24 77
24 44
40 21
41 28
3 1
28 18
26 77
46 31
12 17
71 73
88 55
1 15
10 9
89 17
25 28
19 30
80 61
13 18
18 3
43 48
9 55
16 69
76 26
85 67
53 0
98 34
71 62
94 92
42 95
89 58
98 62
13 32
52 9
35 82
1 60
95 76
30 0
84 54
20 28
66 72
11 16
32 26
30 64
63 98
37 67
20 32
46 94
45 12
29 42
65 70
23 94
38 64
16 19
14 6
48 22
8 56
14 75
77 29
49 43
56 27
35 63
78 18
68 66
1 20
50 93
99 64
38 61
41 90
33 6
59 21
72 81
77 99
14 35
33 1
71 58
41 89
25 93
43 90
73 36
80 59
79 20
50 34
95 22
85 35
63 89
25 1
2 86
99 19
54 64
9 11
72 88
75 0
83 49
1 87
27 52
9 69
89 13
57 25
9 50
18 54
82 84
60 70
32 76
0 70
29 54
47 88
71 19
28 76
18 35
23 3
6 7
79 14
12 49
40 81
44 80
68 92
14 19
80 93
28 25
92 54
92 4
65 62
68 78
62 54
46 32
57 80
84 60
48 68
92 53
82 9
19 53
73 25
50 49
22 34
64 18
77 74
2 29
53 14
89 23
88 22
13 60
76 19
87 80
52 86
37 73
31 36
45 0
51 62
10 56
8 74
99 48
42 78
15 37
99 54
83 58
84 29
95 60
76 48
72 29
38 44
16 16
54 48
0 95
66 66
51 32
41 54
51 10
46 3
10 41
64 47
44 31
88 3
15 13
17 21
3 96
28 22
39 11
9 29
69 99
68 90
73 57
75 70
39 45
40 97
40 31
24 7
47 13
7 87
0 64
86 78
11 37
81 12
86 2
67 3
30 21
45 7
37 37
87 74
57 52
60 42
70 81
85 49
73 69
77 87
73 54
92 47
71 65
80 81
9 99
4 66
13 52
30 20
87 75
48 38
54 33
45 1
97 50
65 37
73 85
80 60
71 72
34 90
21 53
14 92
85 85
69 42
66 76
40 82
62 11
21 88
22 94
64 52
84 67
73 19
4 76
85 86
27 3
65 25
38 1
18 52
80 79
95 75
91 20
72 77
30 72
67 6
23 96
62 72
72 36
23 47
46 25
41 34
14 76
55 25
83 52
36 77
76 60
42 9
70 72
90 51
94 59
2 85
10 25
6 70
10 59
2 90
25 14
56 14
96 6
68 4
83 65
33 36
96 92
49 76
82 66
92 89
5 65
10 29
20 77
75 58
28 82
37 52
57 45
99 63
74 65
76 86
96 16
59 41
2 1
66 10
65 13
76 39
58 84
56 74
1 93
90 75
13 73
78 85
43 26
63 74
32 20
96 79
46 6
89 14
83 63
72 22
14 29
22 8
29 8
58 98
92 68
99 75
61 72
37 2
60 32
35 53
31 64
22 25
63 22
97 63
28 15
49 0
49 50
19 79
85 40
92 24
81 17
55 57
62 22
35 68
39 5
56 87
24 32
15 58
16 7
91 21
7 20
26 60
82 56
32 12
21 54
36 63
94 39
92 70
36 12
14 20
33 65
76 40
98 7
84 93
17 19
15 75
20 13
31 77
79 77
74 49
13 28
26 67
49 93
15 69
16 31
10 37
0 80
31 26
70 64
39 12
91 12
44 39
17 6
86 91
66 43
87 6
28 67
84 57
7 9
64 56
39 84
5 86
39 26
15 9
14 80
85 36
13 0
46 38
33 99
25 63
7 72
86 28
23 98
84 56
83 39
26 2
84 28
97 58
28 65
72 18
98 51
68 13
0 44
76 69
57 86
75 15
62 10
65 83
80 48
61 80
35 11
66 98
91 67
85 44
84 96
68 50
71 93
88 38
50 28
24 6
98 71
60 53
12 79
71 47
6 62
92 63
67 51
97 84
61 65
99 26
4 60
52 98
44 2
69 31
44 76
2 35
81 4
77 81
7 58
32 55
66 83
30 11
54 57
25 83
84 2
49 46
87 92
2 89
67 49
54 58
21 23
30 65
73 70
48 61
98 36
64 60
39 28
52 28
60 81
44 73
96 55
42 74
49 39
35 96
4 17
78 25
75 54
46 53
85 88
53 47
65 68
79 96
52 70
69 61
73 59
22 97
41 70
10 63
91 6
18 78
6 97
37 13
87 96
70 75
95 38
49 12
14 85
65 76
60 76
63 5
13 27
84 91
62 57
80 67
37 90
9 1
87 34
29 73
5 22
25 45
76 24
33 45
22 74
26 31
17 96
79 39
81 36
34 94
84 86
88 73
43 57
61 99
8 20
16 90
57 67
54 23
84 5
68 58
28 77
70 94
25 70
36 6
70 39
51 44
70 22
35 6
50 48
83 88
78 1
23 53
45 51
87 72
48 47
26 85
7 86
44 71
91 63
17 37
91 95
96 23
14 72
95 33
61 21
14 36
5 83
80 9
95 8
63 60
67 54
95 61
95 39
63 83
66 2
14 34
20 44
89 95
10 83
72 65
53 22
42 68
79 0
71 48
62 99
10 32
89 88
7 65
6 30
91 57
35 29
35 7
44 55
22 44
28 52
99 83
19 42
59 89
50 92
12 18
30 31
35 93
25 20
18 63
53 13
58 41
55 17
44 52
52 12
17 55
76 66
52 0
39 73
79 99
74 84
81 35
56 85
97 88
14 9
86 86
55 46
89 99
88 91
7 46
47 32
75 28
24 47
51 28
74 25
35 45
17 84
64 86
87 97
23 65
57 38
62 84
58 86
5 18
70 76
30 1
48 44
46 7
88 93
16 77
58 42
99 99
69 45
90 85
79 65
19 25
17 44
9 82
8 61
71 92
1 46
93 83
77 58
23 14
91 37
5 64
58 8
12 46
74 17
86 99
73 50
58 26
72 28
48 16
24 10
36 62
55 95
42 46
55 33
74 47
71 61
38 27
40 27
79 24
57 66
98 40
36 86
30 85
95 79
32 71
20 12
58 51
63 71
40 14
60 61
38 60
41 29
19 97
49 38
8 44
88 4
32 85
74 75
24 16
75 9
11 39
19 60
16 67
66 11
65 30
61 95
66 19
47 65
61 46
11 97
10 3
87 56
65 61
87 87
57 39
79 52
39 20
65 4
15 80
23 81
23 18
68 84
37 57
34 16
83 93
72 52
41 23
54 77
53 31
65 15
39 90
83 47
22 95
53 34
25 96
20 55
32 40
65 27
67 50
17 58
73 88
45 72
60 60
93 90
91 17
28 64
60 26
87 27
35 10
85 93
21 24
38 22
97 85
56 18
4 91
46 77
88 26
1 7
15 93
48 63
30 56
37 74
80 32
43 5
81 72
65 5
2 97
87 47
16 45
54 28
25 21
66 20
42 5
31 23
17 20
41 58
24 2
36 70
59 17
30 76
22 81
14 57
35 49
70 32
58 78
88 61
24 41
15 77
15 55
89 11
32 90
41 62
96 24
37 93
25 43
11 48
78 33
60 67
53 19
14 25
49 31
7 15
3 26
83 92
22 65
18 87
16 22
14 97
3 11
45 57
70 66
55 94
39 24
76 6
79 66
41 7
16 78
22 55
26 23
79 7
55 78
35 41
90 49
98 48
51 18
37 25
20 62
22 91
93 97
76 29
4 63
30 29
67 27
15 91
53 66
85 48
68 67
35 47
30 23
78 30
9 35
2 73
19 81
34 36
88 88
41 3
37 21
41 49
8 78
65 64
22 12
11 84
44 65
56 20
90 97
84 20
58 12
7 64
8 98
53 49
21 98
67 57
26 49
76 58
19 96
39 74
47 28
93 93
3 40
3 14
7 8
23 39
43 46
20 85
26 8
95 54
85 34
77 48
34 9
80 68
81 27
83 64
75 64
55 13
98 28
72 48
10 77
33 32
30 77
28 94
10 61
33 75
79 57
80 94
36 69
6 61
26 90
48 3
21 20
30 55
17 33
27 6
35 99
74 73
34 81
39 61
82 98
67 46
21 34
96 48
54 81
11 49
56 31
54 99
94 85
33 51
16 55
55 81
61 82
34 17
9 30
96 60
66 39
43 8
54 98
14 55
34 49
60 84
26 18
3 90
75 34
26 79
70 96
65 1
32 81
94 74
90 43
72 34
1 48
88 68
87 28
96 50
37 44
47 37
93 23
32 34
6 17
85 66
49 2
90 56
54 54
96 25
12 69
29 58
60 80
3 33
58 7
11 45
52 48
59 47
10 68
61 91
91 22
78 89
70 88
8 79
52 42
53 48
88 6
91 16
82 1
22 79
51 87
60 72
59 16
43 38
0 60
46 81
87 22
92 14
94 14
81 66
34 38
17 18
90 74
46 52
64 0
16 8
43 72
50 10
80 95
95 3
62 83
20 30
65 8
13 30
64 59
69 24
83 25
86 45
70 25
35 2
99 18
65 53
67 13
33 43
39 8
38 78
4 0
61 57
21 18
2 61
17 7
59 11
69 30
30 47
63 10
87 14
42 31
9 23
45 69
72 55
30 46
4 56
9 34
59 24
92 77
75 23
26 40
62 17
29 96
13 75
95 14
51 89
44 56
52 40
64 28
73 40
97 39
47 58
78 40
13 43
97 37
3 63
74 54
50 8
65 36
82 41
32 27
20 53
98 60
32 53
2 6
42 27
3 41
84 52
65 74
57 36
17 86
4 5
79 42
95 74
11 31
93 50
25 38
65 7
11 91
45 23
65 33
67 21
16 81
85 82
9 66
57 40
33 28
37 91
13 46
69 86
63 76
23 41
12 52
64 69
73 74
89 60
1 2
32 92
43 31
1 82
19 11
38 2
49 4
79 94
54 31
86 65
34 28
90 14
56 10
67 43
56 21
45 8
46 18
97 98
64 83
41 72
35 39
39 35
91 70
48 37
80 66
79 91
10 24
5 99
61 43
98 6
36 30
93 16
93 78
9 5
71 57
38 85
24 83
55 8
43 63
80 20
40 92
62 90
72 89
51 93
99 62
37 86
35 56
85 28
12 74
76 12
94 98
53 29
28 83
31 41
96 64
10 43
82 61
27 72
82 20
85 33
66 61
72 39
58 25
1 77
31 78
97 44
80 6
31 20
47 78
82 31
26 22
19 99
88 39
38 77
90 41
36 67
17 30
40 6
94 83
30 96
24 1
90 42
51 29
40 30
84 41
14 3
81 32
73 30
95 94
0 37
6 71
27 97
12 83
65 17
75 26
78 79
77 3
71 84
57 54
16 95
36 21
58 63
40 41
93 30
14 44
52 46
6 83
97 7
12 14
82 37
96 18
50 26
89 16
25 56
32 66
89 63
26 1
18 89
2 82
57 47
76 22
29 56
11 98
42 61
26 14
70 79
84 33
32 51
56 84
98 50
92 64
21 99
81 58
26 41
12 55
62 47
99 93
85 43
13 84
69 62
68 87
86 39
0 38
59 68
54 87
9 13
43 7
70 7
4 9
15 42
25 10
13 41
1 55
50 85
39 14
62 29
62 23
35 74
21 46
79 62
81 84
4 16
83 66
5 71
76 28
8 38
45 66
19 69
15 71
18 76
68 25
9 70
21 4
88 8
58 66
19 93
84 24
85 3
44 54
80 97
29 69
44 22
23 52
47 30
48 81
78 5
55 21
30 92
26 21
29 90
60 23
74 81
46 8
20 75
29 51
3 0
9 21
18 96
31 61
62 49
48 97
89 4
86 75
13 59
7 37
24 71
18 11
20 50
70 74
51 35
86 18
50 50
96 10
3 3
27 57
75 47
78 94
7 96
52 39
88 45
89 8
81 69
62 44
71 69
30 40
69 80
88 77
2 81
81 37
18 6
78 84
44 19
46 96
88 40
81 80
86 88
22 73
99 13
75 36
14 66
81 93
82 45
60 7
12 63
91 61
64 62
91 83
49 45
17 35
39 57
41 13
89 46
38 73
5 41
62 27
16 42
93 6
38 80
35 28
24 27
33 62
98 2
1 0
39 63
91 15
24 88
72 66
58 34
71 76
20 61
30 90
32 58
2 76
79 81
26 10
15 3
48 24
81 13
43 99
39 79
95 91
87 31
74 20
24 20
42 91
3 75
95 6
11 79
33 16
68 51
90 34
30 8
79 73
78 72
5 92
54 49
67 99
52 33
15 48
59 76
25 37
74 34
20 31
59 49
1 44
11 68
18 12
19 2
81 73
42 32
66 29
34 11
28 36
53 2
86 56
22 64
33 2
67 42
13 51
72 98
38 8
37 15
87 7
80 69
56 66
15 4
49 83
16 25
0 69
82 10
32 10
80 19
34 50
72 7
98 76
52 29
21 84
11 80
68 30
21 87
20 41
59 48
31 25
56 95
58 87
25 44
70 80
77 64
79 22
48 56
61 76
43 20
3 2
38 31
37 95
79 78
7 0
19 58
35 57
64 23
65 82
32 72
18 8
39 76
74 77
18 75
19 83
86 95
67 63
27 90
29 87
73 29
47 39
7 82
94 95
31 8
45 77
43 13
18 14
15 19
44 79
99 58
28 87
55 53
3 99
58 22
1 81
87 2
18 44
91 88
70 26
33 17
39 19
1 78
44 27
75 38
36 10
59 28
51 22
24 17
57 78
94 69
12 71
93 1
63 26
92 8
91 19
66 97
43 25
66 31
50 16
90 59
60 63
38 86
54 59
60 49
17 11
40 66
59 52
97 17
2 15
81 26
79 64
47 42
21 75
68 99
45 46
12 97
86 38
12 25
88 32
18 26
94 8
58 80
94 5
0 24
66 69
12 15
94 84
96 95
4 15
65 78
30 79
35 66
73 66
35 97
40 26
60 34
35 91
13 48
20 98
86 24
5 25
29 2
24 67
67 55
24 45
87 94
55 89
52 99
71 8
89 42
98 58
75 1
99 71
55 23
30 63
89 24
32 4
14 58
82 72
86 19
78 78
73 45
85 96
86 40
75 97
93 75
65 75
23 42
4 83
98 97
29 83
90 98
84 48
47 73
51 55
35 51
33 15
63 78
95 57
99 67
45 3
69 29
56 68
7 31
77 92
75 94
38 38
31 50
2 92
18 82
82 48
46 26
44 94
42 85
35 52
31 92
21 77
79 44
10 93
19 31
56 47
62 79
63 65
61 2
93 47
85 2
20 15
22 17
21 74
4 78
16 61
44 69
36 46
6 58
55 69
78 11
71 81
93 3
31 83
70 12
0 49
57 21
20 79
16 27
17 52
15 67
19 4
59 59
20 69
70 0
4 29
68 3
74 83
32 44
8 55
37 14
41 0
60 52
81 3
72 64
13 9
5 98
5 51
43 62
23 38
16 26
5 19
47 17
72 23
60 46
8 19
80 22
52 92
39 87
52 36
45 41
53 73
80 80
44 26
93 64
14 62
74 18
28 8
44 42
28 21
53 3
0 34
56 55
88 80
57 93
96 94
48 23
91 7
88 75
95 95
20 40
8 53
12 87
60 19
22 77
97 18
31 65
47 7
71 68
76 83
1 29
30 67
15 65
21 59
50 13
6 54
7 76
51 78
19 16
55 54
17 92
99 5
87 71
45 31
71 32
6 46
83 87
16 84
25 59
38 47
28 7
7 59
52 47
77 47
86 73
28 29
84 73
27 50
10 36
30 9
80 83
26 82
60 28
28 3
69 58
65 69
5 61
21 51
83 19
18 67
2 13
55 15
6 81
79 80
8 83
69 98
41 75
31 60
3 72
25 74
6 19
88 54
70 15
9 88
33 31
23 32
26 61
82 52
51 13
49 6
75 27
61 94
92 22
84 97
58 36
61 25
79 8
87 30
71 35
82 91
47 68
25 11
45 59
98 57
26 3
81 70
91 60
63 70
24 22
43 2
23 36
45 78
88 63
30 62
27 43
53 36
66 75
87 26
34 20
71 55
91 28
37 9
74 67
33 76
0 84
43 71
96 68
34 29
11 51
61 37
71 56
98 82
82 3
12 54
13 45
20 38
49 44
40 85
98 23
4 79
68 54
18 4
67 65
46 12
5 15
17 51
55 96
8 66
74 58
18 58
88 84
45 49
19 90
40 54
55 75
32 67
38 71
19 26
57 63
72 75
36 48
4 86
79 89
21 33
37 42
19 44
76 17
20 35
83 69
4 82
52 41
50 37
27 17
91 68
41 26
19 86
78 22
0 76
5 62
95 15
44 88
93 69
55 20
17 76
33 98
82 14
47 11
50 3
34 27
20 46
81 94
81 65
6 51
71 6
70 71
17 47
47 82
76 27
52 59
51 43
87 44
72 40
61 79
78 99
33 0
66 78
31 2
22 76
21 81
40 63
15 92
1 32
99 28
22 13
41 81
87 35
80 3
82 21
70 38
72 57
2 84
71 40
79 63
76 95
42 49
89 37
91 23
41 71
24 5
75 20
54 27
87 88
29 63
54 70
24 96
63 47
67 77
94 71
86 49
7 3
36 27
75 35
67 26
69 15
85 42
29 26
65 48
81 55
58 35
97 22
84 6
43 66
32 45
67 41
20 95
26 0
83 3
92 25
27 7
5 33
21 89
72 20
48 19
81 97
3 15
41 10
48 25
79 28
97 14
28 92
76 0
81 76
23 70
6 77
31 88
92 49
48 75
2 33
15 10
41 16
27 0
89 85
66 24
72 87
23 17
45 74
60 43
23 30
17 0
51 66
12 98
13 57
80 4
46 35
91 11
41 86
42 47
25 58
12 90
74 71
25 97
5 29
52 15
28 5
0 2
1 37
4 65
10 81
32 3
33 12
54 9
90 79
57 12
80 38
54 34
39 43
41 56
39 42
75 93
34 31
73 35
26 70
62 94
29 98
86 82
52 65
79 13
75 96
48 20
88 69
77 40
71 50
96 67
61 45
50 52
61 74
73 7
47 54
68 55
4 77
45 61
11 10
46 70
8 45
28 20
97 10
53 53
25 90
12 65
48 27
46 44
9 43
83 5
13 33
76 23
23 87
74 15
15 68
48 88
51 60
77 88
90 72
58 61
62 30
78 83
31 94
18 55
70 68
23 72
26 86
77 52
47 21
0 67
9 31
42 71
2 28
33 86
72 93
66 40
94 27
51 46
92 39
48 10
49 14
84 53
24 18
11 35
64 78
40 77
73 63
57 22
65 71
39 99
10 97
18 85
94 47
27 32
73 0
9 41
10 88
90 16
89 5
9 47
11 5
7 1
62 87
12 64
85 83
13 74
85 46
17 69
49 59
37 82
0 50
98 44
67 47
8 15
38 81
18 41
84 80
33 52
32 0
18 81
16 99
70 17
71 38
9 71
40 62
31 9
65 88
53 76
7 45
79 75
68 49
30 59
38 87
0 20
15 23
12 47
67 60
85 9
5 10
96 26
16 79
49 99
59 56
46 9
39 92
98 37
3 77
14 95
74 10
24 49
66 16
34 1
52 88
61 34
54 96
99 34
11 53
9 19
82 43
27 33
23 26
0 22
56 83
21 29
96 76
10 84
28 79
46 1
66 34
70 1
13 23
20 71
77 12
5 32
20 4
52 19
4 14
74 19
29 47
29 38
90 60
79 27
66 6
41 47
34 70
59 8
25 82
9 8
19 63
99 74
52 2
37 54
74 24
53 87
43 65
68 15
98 29
14 63
82 29
66 85
68 35
61 75
63 28
13 65
47 40
98 26
7 7
37 81
76 14
64 79
16 56
78 29
92 41
57 6
3 51
78 61
0 7
81 30
52 30
79 72
88 12
65 63
93 13
30 75
42 63
31 46
84 13
26 27
53 56
67 11
24 61
9 14
95 63
77 20
98 84
54 75
55 42
36 15
2 74
65 52
7 35
93 10
89 84
72 30
87 59
97 91
87 55
61 27
1 72
20 8
59 27
23 24
49 15
1 18
92 20
38 7
93 33
44 63
87 0
95 9
52 8
89 87
62 89
24 72
13 40
94 65
18 47
56 44
10 99
59 93
95 0
53 44
56 1
24 73
13 35
82 68
28 66
94 96
43 39
94 89
59 91
12 31
17 62
74 95
65 16
47 85
7 56
22 68
0 68
18 51
53 8
83 84
81 62
3 10
24 70
43 12
4 69
87 23
39 96
16 93
70 49
5 87
57 3
44 32
12 86
49 91
52 20
57 55
92 67
0 61
45 25
22 22
89 91
50 76
20 14
3 7
7 40
3 55
73 94
24 24
69 22
19 9
3 43
12 6
68 22
50 77
90 50
15 0
61 33
38 24
30 37
74 21
69 55
86 94
75 60
80 73
42 70
25 66
13 64
9 26
84 76
88 35
22 92
89 39
31 5
93 8
84 47
82 99
13 54
52 52
45 67
76 10
46 86
16 28
95 18
53 83
1 49
58 96
31 15
23 25
39 94
37 27
20 7
86 20
28 90
48 67
51 4
80 91
66 49
63 88
87 19
0 56
56 26
4 31
13 6
46 92
2 27
82 11
54 16
27 46
84 19
29 68
23 90
51 51
62 55
59 0
11 70
97 59
62 26
99 47
22 85
4 99
62 68
82 4
36 97
37 0
95 83
65 35
97 3
75 44
74 33
98 73
47 91
45 28
83 81
28 14
73 20
54 15
17 99
54 22
71 30
36 85
4 33
4 61
34 35
60 0
78 37
56 4
64 64
51 52
86 29
65 32
0 32
22 61
78 77
47 0
96 12
28 23
34 86
67 85
19 8
32 96
4 34
3 68
75 49
48 28
72 2
51 34
71 87
73 82
49 27
92 3
87 9
82 76
14 32
1 11
71 88
82 22
98 38
91 5
49 73
51 1
98 10
3 4
57 89
92 13
13 66
96 31
62 73
6 50
70 19
45 30
62 69
52 60
99 30
34 79
91 31
4 32
19 74
75 11
78 51
35 24
67 81
57 84
16 66
19 1
93 42
16 76
62 71
25 2
52 31
57 7
73 28
47 76
13 47
77 62
63 99
41 9
96 13
68 20
31 80
91 29
92 72
87 61
45 40
54 26
1 40
41 33
84 61
87 57
44 16
95 31
12 78
54 66
71 78
39 78
27 39
61 40
8 85
64 22
81 31
3 54
58 60
15 2
97 72
50 61
18 25
39 41
46 54
8 46
40 74
39 48
98 46
67 12
45 64
27 64
26 34
86 46
38 5
38 63
34 61
74 13
65 89
98 59
51 70
48 21
6 39
3 19
35 34
90 19
15 54
16 75
84 44
29 34
68 41
6 28
52 14
72 51
29 78
18 97
2 42
2 34
97 9
82 75
58 75
43 18
24 93
74 42
37 87
72 92
66 63
0 85
16 47
75 13
87 93
37 39
57 87
6 24
52 67
5 42
0 5
85 92
56 49
5 75
20 64
40 25
63 50
35 77
6 10
73 21
94 52
45 19
58 13
6 38
2 95
33 48
54 93
33 80
36 31
84 3
32 87
83 53
53 60
36 38
73 76
26 93
4 27
75 79
69 36
55 26
23 44
13 83
97 27
60 45
15 39
39 37
37 98
88 14
5 45
32 15
38 70
84 31
32 65
78 45
82 24
4 85
94 32
79 53
59 46
15 97
1 96
42 8
39 97
36 92
97 90
38 74
27 40
58 77
33 11
19 76
27 10
37 45
19 14
43 60
89 54
67 95
44 50
14 4
99 72
65 99
83 40
41 18
57 73
7 51
80 52
61 63
17 53
7 78
62 33
38 65
26 44
75 45
58 95
27 61
72 58
86 53
50 86
77 49
81 50
26 97
29 65
6 21
94 53
77 86
11 7
31 31
42 90
83 45
31 24
61 30
45 92
56 11
29 5
23 61
1 39
43 37
9 60
95 25
83 11
92 99
6 12
50 62
21 94
73 65
43 49
51 11
49 97
51 71
21 44
68 97
70 43
94 12
51 49
92 35
42 96
44 37
99 84
48 72
25 76
13 13
79 3
55 7
67 48
34 21
80 13
75 4
24 84
49 86
51 73
20 49
97 92
69 16
52 54
1 35
28 27
85 55
9 37
88 56
63 32
89 26
43 43
50 58
72 12
83 9
98 90
88 50
13 91
97 56
54 80
90 29
20 80
19 24
21 6
30 22
40 72
67 17
96 30
92 79
70 51
49 88
49 92
31 11
99 81
36 65
96 1
78 87
36 53
50 14
54 35
30 89
9 7
62 97
75 65
36 64
45 4
64 4
45 6
8 49
51 27
48 77
87 65
22 5
62 9
92 7
35 92
64 95
25 27
76 42
27 86
91 92
42 59
30 34
28 1
25 65
6 6
31 56
53 5
40 95
37 72
3 18
84 68
1 56
94 94
11 2
11 87
80 10
10 98
6 32
2 45
62 48
10 79
40 47
14 1
33 57
15 73
72 27
95 55
44 53
60 4
53 79
32 49
49 87
85 59
45 2
36 76
90 36
75 22
80 99
4 92
82 87
38 59
74 99
20 73
77 77
51 40
94 41
18 77
62 91
32 8
47 63
74 51
73 15
30 60
31 6
84 90
97 25
5 36
90 22
35 26
6 89
51 85
18 27
72 0
41 69
65 66
68 33
85 26
33 93
17 14
5 55
11 52
75 92
8 89
14 77
65 79
83 41
23 73
29 39
85 56
29 3
27 63
12 94
13 31
12 4
75 16
61 85
41 41
78 75
31 57
77 25
98 13
84 72
45 88
15 17
32 82
78 10
69 13
59 20
57 41
98 55
93 27
77 22
94 77
39 65
62 0
80 15
58 24
16 57
14 89
53 63
46 4
83 36
20 36
7 57
81 9
16 80
95 72
10 85
35 14
12 72
72 85
28 32
95 21
54 83
72 74
13 8
7 99
26 37
77 51
39 39
15 63
5 30
11 20
41 99
99 92
95 77
68 26
46 73
38 40
27 66
52 84
73 2
4 24
29 61
56 91
56 86
93 60
39 55
33 55
57 68
88 1
27 58
25 42
95 36
8 23
31 69
18 88
27 73
72 35
26 78
42 99
50 24
31 0
24 81
80 42
59 51
90 89
86 8
35 62
82 30
65 12
81 78
6 56
84 77
40 5
74 27
39 66
51 88
1 33
91 69
49 34
45 83
17 83
9 49
31 32
78 58
72 43
18 91
60 5
13 3
33 5
7 24
4 7
93 51
76 88
43 29
93 25
11 50
90 70
56 64
89 15
44 35
45 80
16 11
27 47
5 73
97 8
48 80
39 44
90 86
82 80
70 63
43 34
5 27
71 83
87 67
12 70
97 45
19 45
54 5
15 76
83 50
90 11
38 35
0 0
83 18
96 86
94 56
58 5
40 87
67 52
36 49
49 10
63 80
83 48
31 18
38 39
93 17
11 33
29 74
21 72
34 53
30 45
69 49
80 76
94 60
41 36
54 62
68 18
3 64
87 69
74 90
94 45
73 22
31 1
6 64
85 75
10 2
16 33
51 25
60 88
25 67
37 80
96 98
57 30
52 11
27 62
89 19
58 21
34 63
67 29
94 99
48 49
86 58
79 45
40 94
76 2
44 15
23 97
79 71
58 3
96 81
28 73
34 33
23 51
14 40
89 81
7 52
71 22
59 39
69 69
74 36
45 39
1 74
85 76
90 81
9 45
58 72
11 65
10 34
79 92
6 74
70 3
31 28
16 64
57 97
77 35
38 89
99 57
75 88
7 88
66 88
66 48
35 22
87 76
97 61
39 2
64 40
25 25
45 87
73 10
78 42
58 56
54 2
36 18
93 15
15 82
74 2
12 84
29 21
5 59
62 88
70 90
26 68
63 91
73 53
77 82
11 30
21 35
9 84
40 55
77 30
87 39
41 96
94 9
17 39
94 24
59 40
61 96
56 92
86 70
8 21
40 38
37 46
26 24
55 65
12 48
81 43
31 48
18 61
24 63
35 4
10 71
25 9
1 12
81 82
34 96
60 86
38 53
42 26
71 70
56 9
46 99
58 16
95 56
42 37
83 32
86 41
64 43
63 95
68 36
58 76
27 42
85 17
98 15
89 57
3 23
43 45
95 71
21 70
59 92
91 62
51 69
39 30
60 90
11 3
10 15
24 85
70 89
53 7
88 11
53 92
3 17
50 17
94 54
93 22
90 67
82 79
26 91
88 25
92 84
73 79
51 82
9 51
26 73
5 47
41 27
33 30
34 69
35 60
65 54
1 51
99 60
69 93
39 71
41 37
65 58
89 74
15 78
25 94
90 3
27 4
64 88
61 66
2 24
7 33
71 51
87 29
58 68
76 15
2 10
36 80
74 43
61 49
62 92
75 18
54 95
4 98
65 10
96 27
98 81
45 63
68 85
91 87
34 0
26 64
4 53
16 35
27 67
24 74
46 98
22 51
46 10
78 26
73 68
34 32
83 77
11 59
49 20
45 47
6 0
23 50
65 0
73 14
22 0
66 59
7 95
65 44
57 19
48 94
71 25
28 6
60 3
90 31
76 30
84 55
33 82
76 79
40 50
40 88
15 28
54 13
18 84
41 94
87 70
29 7
8 71
14 41
34 47
73 9
36 2
3 39
23 92
64 87
86 69
80 90
61 26
1 85
2 58
52 22
9 65
40 17
73 60
92 55
8 4
10 51
42 34
43 15
92 80
66 42
94 15
58 46
43 84
15 32
3 91
52 6
66 90
85 94
82 60
39 77
39 89
8 3
0 1
2 32
17 74
1 97
65 38
56 5
11 93
61 87
57 90
85 11
19 78
80 57
95 86
79 31
28 4
53 46
41 50
41 44
62 2
23 80
96 66
33 77
19 51
38 28
38 25
70 14
64 65
69 95
35 76
47 99
66 55
29 12
2 56
10 55
10 46
42 76
25 60
67 98
83 94
61 12
16 83
44 29
19 59
60 11
6 93
69 8
33 78
30 28
32 62
59 43
91 0
85 81
2 51
86 62
89 66
76 54
69 50
40 18
93 18
15 90
1 23
98 72
51 39
91 58
79 76
96 82
22 46
67 64
0 16
60 33
4 87
36 51
5 14
90 10
44 30
25 18
30 83
15 20
6 1
13 70
58 27
81 40
4 40
40 58
80 46
42 14
12 51
11 82
19 88
89 98
7 6
71 60
32 2
36 84
2 54
18 69
86 16
5 70
48 35
67 92
98 96
43 93
46 62
21 66
45 10
58 82
77 32
16 23
16 4
59 94
22 14
48 64
57 65
0 82
84 8
14 39
32 14
32 74
98 39
31 98
66 94
79 93
99 82
6 85
93 94
83 31
2 36
31 67
80 27
89 48
59 61
42 41
36 45
55 87
80 53
97 26
70 46
78 54
61 52
8 90
9 73
8 97
1 34
91 51
33 83
49 65
21 50
91 56
58 1
22 86
77 53
1 71
19 46
89 44
8 8
89 94
57 27
33 24
56 2
70 37
73 77
25 30
83 76
49 21
70 36
52 93
36 23
91 89
69 75
39 22
61 55
91 2
36 37
85 70
18 48
56 42
93 99
18 34
97 15
61 8
8 14
48 13
37 43
57 49
46 90
54 51
8 1
73 99
64 20
0 52
7 73
77 10
33 59
32 61
81 56
52 5
29 52
32 38
73 98
72 96
90 73
22 52
53 6
46 80
31 72
44 46
36 50
12 5
23 74
58 44
41 11
25 52
93 98
62 14
50 18
67 32
24 14
93 70
60 68
78 91
20 26
26 80
69 26
86 15
66 62
27 68
28 37
42 73
37 88
55 40
68 14
1 83
56 72
57 79
94 22
49 64
78 92
81 6
52 68
29 14
57 2
92 11
17 85
47 67
6 92
37 76
5 54
36 88
2 99
82 54
87 84
9 15
74 0
76 32
79 16
94 79
10 35
0 31
65 22
2 93
23 75
74 64
32 13
35 61
43 40
99 89
47 35
15 46
3 20
98 87
57 56
8 69
53 58
4 59
79 50
70 31
12 3
70 9
73 24
23 19
85 29
86 64
92 5
85 60
82 81
80 51
28 16
95 73
62 98
28 68
18 98
71 29
55 59
46 27
28 35
84 62
78 41
78 47
20 29
42 48
80 5
46 28
35 54
50 40
46 82
85 24
70 60
96 35
63 34
9 6
59 42
13 89
49 68
62 43
69 57
84 40
50 88
80 89
66 74
62 61
44 70
17 56
35 80
92 17
41 91
40 4
18 0
69 77
99 22
48 9
33 69
69 67
95 32
78 19
82 55
45 58
9 56
4 84
66 18
98 54
68 70
68 65
66 23
31 14
10 18
47 3
86 79
97 73
58 23
53 15
51 58
18 31
37 85
99 78
48 98
52 74
71 15
52 78
12 42
69 23
29 44
79 2
53 10
52 85
99 41
86 55
90 87
11 36
70 95
51 80
9 94
0 94
83 51
80 2
79 58
22 90
22 84
68 1
11 56
4 35
78 88
67 8
46 66
4 25
56 16
91 36
64 77
38 99
67 33
38 46
94 30
75 53
6 2
90 5
63 66
61 84
15 94
98 22
29 66
7 42
49 32
82 47
58 43
22 36
64 48
62 78
70 69
22 57
30 87
59 84
15 53
57 71
96 14
67 35
26 87
31 73
93 68
8 36
78 63
29 36
27 51
51 67
86 89
22 9
21 22
61 54
44 23
27 41
94 73
32 21
55 72
84 83
93 36
55 55
16 72
72 14
33 63
97 57
26 35
12 39
83 34
78 32
35 12
53 95
55 86
81 25
35 90
96 90
55 18
40 48
62 95
49 11
87 10
28 13
48 84
13 68
12 29
8 94
94 87
77 14
54 12
17 87
88 65
95 27
55 47
92 57
90 2
40 20
93 76
75 46
92 45
8 96
12 95
81 79
39 7
66 95
44 3
49 3
18 5
47 55
67 14
95 88
61 47
77 4
82 92
54 90
38 17
88 24
33 37
22 6
29 99
76 13
91 93
34 66
4 71
10 4
64 72
