100 3
63 77
38 44
10 86
83 86
46 63
56 9
95 95
36 44
2 62
86 29
6 61
31 17
35 29
22 83
6 58
77 71
9 88
56 73
82 13
75 54
48 30
35 70
66 83
71 33
90 57
85 9
10 18
39 38
54 95
96 13
69 33
83 51
63 2
98 20
25 58
69 52
62 23
27 7
40 95
39 26
26 10
94 49
68 98
76 8
80 95
34 8
68 29
95 19
26 96
47 23
32 53
49 36
91 56
20 80
5 54
96 93
81 48
39 39
45 49
48 62
62 18
76 74
17 90
33 87
22 79
46 61
17 91
89 48
1 94
82 83
43 3
88 62
19 17
19 14
99 39
81 62
28 1
77 34
40 43
85 85
18 62
14 37
13 11
54 85
57 18
61 15
26 33
40 26
61 55
89 56
78 84
97 48
10 52
8 27
67 66
71 98
74 66
62 5
21 69
61 31
92 59
3 84
63 10
88 49
68 15
27 80
84 55
7 85
79 80
91 28
42 66
75 81
37 62
88 26
2 40
14 6
34 54
31 91
30 75
3 1
38 37
90 20
39 49
16 1
31 89
9 98
21 41
12 46
17 28
62 4
54 99
51 49
94 54
32 78
81 40
98 71
27 9
93 24
15 61
30 44
51 28
79 47
97 74
14 42
14 90
87 12
84 43
39 0
72 27
6 41
57 98
17 56
51 66
59 76
53 81
90 45
48 89
6 81
42 63
81 19
54 28
31 26
97 65
78 25
49 58
84 22
15 26
84 47
46 54
68 91
62 96
6 10
81 20
56 85
30 26
10 66
4 10
85 61
24 89
96 21
58 23
54 82
73 27
10 17
18 4
40 84
68 44
34 79
64 9
34 30
92 99
10 75
72 66
54 87
70 35
90 67
65 88
22 68
44 62
82 30
61 2
52 31
72 13
35 87
10 81
40 70
20 37
76 38
2 79
84 15
25 55
36 36
94 20
31 36
74 37
87 64
59 0
53 83
37 44
30 52
36 97
60 46
20 83
58 79
59 32
94 64
98 25
62 24
11 83
29 45
45 29
69 53
60 81
70 79
37 60
22 94
8 40
61 97
85 69
53 61
66 73
58 8
45 1
67 1
27 31
65 4
15 69
28 76
33 62
51 97
49 11
5 90
24 20
15 91
36 17
30 29
22 16
4 89
27 55
18 11
83 67
36 64
69 92
78 93
40 94
71 42
72 50
20 39
79 98
8 86
62 70
30 47
82 49
67 37
37 65
95 91
39 88
85 42
60 63
50 34
50 42
64 75
29 85
24 36
32 80
46 75
65 1
19 22
43 53
0 68
9 47
54 37
5 49
32 93
3 98
73 26
65 0
80 69
26 56
93 10
13 24
20 24
54 34
2 26
80 7
55 66
85 14
77 37
32 89
35 31
9 26
63 71
42 83
95 29
32 30
33 7
89 59
45 39
61 39
12 3
78 42
76 51
10 68
85 81
9 12
46 36
76 60
88 21
53 97
31 95
29 36
21 51
43 75
44 70
8 20
15 62
1 3
64 34
89 7
71 54
17 21
4 20
57 59
55 34
51 16
12 75
81 55
88 12
2 85
22 22
25 71
31 88
74 50
95 72
45 75
4 22
47 56
12 65
76 61
17 67
56 67
21 46
29 98
4 4
38 90
52 40
35 90
39 57
14 19
15 18
44 53
62 99
89 85
57 29
36 70
96 98
57 22
64 97
26 3
80 99
46 60
57 57
98 79
9 32
10 96
30 41
55 65
62 57
35 38
41 28
60 43
23 59
87 82
45 18
97 8
57 54
29 73
40 40
28 97
74 7
54 42
23 30
27 36
97 83
91 0
86 38
15 45
16 42
58 71
29 4
12 72
83 16
49 25
79 39
45 10
47 33
2 20
95 81
88 76
60 17
97 28
92 6
76 19
71 3
77 72
16 52
1 83
76 46
11 26
57 14
94 6
55 63
60 51
45 37
25 95
49 20
41 26
55 71
78 91
46 35
73 89
62 20
98 65
73 57
3 30
0 73
25 54
61 84
52 30
87 79
28 30
53 74
4 17
69 73
77 88
49 81
38 76
91 5
80 54
38 72
28 6
54 20
36 86
53 24
81 28
44 36
99 19
48 46
44 81
16 54
62 54
80 16
51 65
78 74
61 8
53 20
97 84
11 95
18 18
68 10
2 17
4 50
41 81
76 10
6 83
96 33
19 90
82 24
67 6
96 68
41 18
40 69
95 30
58 36
2 19
36 2
24 1
68 88
38 47
83 56
29 19
59 2
42 89
39 12
31 40
45 35
76 90
33 0
59 85
99 29
90 30
67 18
45 42
72 72
87 96
44 40
96 79
24 19
77 64
73 39
24 73
29 68
26 4
26 64
56 30
40 12
58 48
9 42
30 64
11 53
23 1
39 81
40 90
64 16
84 41
35 4
93 31
63 8
80 14
95 27
84 77
10 28
37 49
7 31
22 89
3 12
53 86
52 46
55 84
24 14
76 45
98 66
58 58
68 95
63 18
23 42
78 64
89 62
79 41
71 86
64 76
93 13
79 52
95 7
72 36
99 74
94 84
58 43
21 34
99 95
16 71
52 52
38 95
1 2
75 9
98 72
74 27
80 28
96 53
27 5
4 32
55 26
33 95
28 5
29 38
86 68
92 23
61 61
5 35
46 88
0 3
4 94
40 64
42 44
69 59
15 70
41 77
40 44
54 51
19 5
95 37
20 64
30 54
94 66
79 57
25 60
8 87
14 39
20 20
98 97
15 34
26 29
65 99
31 51
75 2
42 49
44 29
57 16
47 57
24 25
49 72
70 46
80 23
47 73
84 46
74 12
18 50
55 32
83 4
93 28
25 9
8 98
99 83
6 63
51 15
90 54
2 2
42 65
46 89
38 82
16 51
45 87
74 26
15 64
3 21
69 25
99 37
7 29
95 88
52 59
69 5
85 78
68 23
43 15
99 99
4 59
22 28
73 59
23 83
63 14
49 54
16 79
90 23
80 75
94 16
83 23
82 4
67 31
93 87
74 76
57 50
55 3
65 97
15 86
80 3
18 73
26 21
80 25
5 5
77 9
14 33
6 32
6 68
38 30
97 67
31 68
11 3
8 68
35 43
80 71
51 41
8 97
32 17
0 88
89 88
35 67
6 57
95 34
82 57
33 71
88 78
65 66
35 1
82 2
54 76
86 92
18 44
69 30
61 67
40 17
48 24
85 27
14 15
13 28
91 27
70 61
34 58
48 45
70 16
1 36
5 57
7 98
34 92
12 95
7 2
30 58
89 37
66 0
0 0
36 1
97 3
24 13
85 86
44 47
31 61
67 87
7 69
40 11
74 52
38 52
69 54
4 82
77 31
19 20
16 40
48 35
91 49
31 65
84 34
74 54
53 50
64 7
0 63
23 18
83 74
40 93
2 50
63 50
86 71
53 42
75 82
20 68
87 13
7 25
10 88
66 50
45 81
69 49
49 53
52 20
31 1
95 17
46 69
58 18
93 37
41 87
42 55
96 70
69 98
73 18
46 90
16 43
29 44
10 78
94 76
29 16
59 35
80 90
0 69
89 31
75 24
22 54
63 48
28 99
22 0
83 18
65 90
26 27
88 89
25 56
11 65
85 38
26 51
22 85
20 21
77 29
27 51
76 64
57 7
78 35
78 49
67 98
54 50
97 99
98 50
43 90
5 33
57 56
89 9
13 35
67 73
79 0
57 53
15 55
94 41
25 7
70 22
41 99
53 38
89 1
7 16
22 77
66 29
44 90
24 69
41 31
83 57
34 7
72 88
71 84
96 18
0 14
42 35
29 26
60 84
14 47
84 33
94 15
63 1
94 48
61 91
88 68
39 30
20 87
44 77
58 15
67 50
58 19
29 50
89 84
57 33
2 12
57 89
67 62
72 31
70 28
26 83
15 93
53 28
62 83
99 75
1 28
96 25
35 65
15 92
71 83
16 81
28 3
90 68
91 77
15 24
67 47
70 66
21 83
37 76
29 67
95 33
64 29
69 70
28 93
53 55
93 19
42 67
41 86
63 19
49 47
85 0
15 99
15 66
41 88
14 77
91 69
86 23
12 41
23 44
95 53
65 28
2 11
91 85
77 28
73 54
25 31
6 44
80 29
16 46
82 86
24 53
76 62
61 59
19 15
65 87
79 51
44 17
96 87
45 71
57 91
98 63
51 94
85 64
70 69
52 98
21 94
62 51
77 46
41 46
83 31
67 56
56 33
86 99
13 60
10 42
69 97
32 81
65 46
86 7
2 61
37 59
77 66
6 96
52 45
9 15
29 87
75 51
76 3
80 9
20 17
54 33
46 93
89 76
0 8
1 65
7 34
60 28
39 93
17 51
58 54
74 82
12 30
7 77
28 31
61 58
12 80
54 32
98 77
26 54
11 9
53 72
30 81
85 24
39 21
18 47
15 48
75 8
84 96
80 33
41 64
44 16
56 65
39 83
68 84
49 69
89 52
20 35
73 66
98 37
16 58
75 93
62 45
63 98
51 86
96 4
52 83
62 46
15 94
52 41
18 76
97 41
75 80
62 34
21 19
10 65
48 88
51 67
33 27
75 33
37 95
86 73
28 86
61 57
92 18
7 58
46 14
23 45
86 44
74 59
73 75
29 60
87 47
0 71
96 83
36 58
64 3
60 26
43 85
80 2
47 40
22 12
33 4
89 25
62 85
95 66
32 4
71 31
9 5
46 59
52 75
80 6
70 6
69 8
95 16
5 15
78 7
94 69
92 11
80 50
32 31
60 52
42 50
24 96
19 49
33 35
30 11
79 65
23 22
8 37
0 47
89 43
44 86
16 23
18 67
26 66
35 86
75 74
14 7
50 59
84 49
5 10
20 58
63 85
53 62
90 14
17 99
70 32
69 78
50 48
73 25
92 87
41 83
67 4
14 12
17 25
28 60
55 20
85 79
76 78
42 54
89 47
96 44
12 27
41 80
88 83
4 78
79 90
85 77
32 75
90 69
62 92
57 23
30 93
44 18
96 94
67 49
98 40
38 39
36 59
42 48
54 96
84 45
62 63
13 95
20 85
86 11
37 57
92 51
88 5
12 70
7 71
98 54
51 36
41 11
28 49
70 12
89 64
60 94
43 73
0 4
89 55
68 37
38 19
16 13
90 2
25 40
2 88
20 40
20 72
9 77
18 38
66 10
85 25
25 57
60 93
44 52
68 57
70 0
75 71
72 82
12 24
29 21
89 21
13 26
19 89
34 75
83 12
67 97
84 63
57 28
60 71
50 25
6 85
21 64
16 59
99 26
58 11
99 90
58 78
23 39
31 9
40 48
26 2
24 62
40 68
22 30
59 99
3 10
79 78
1 31
40 6
59 12
34 89
94 27
65 96
37 21
60 14
45 20
33 48
25 86
25 70
14 52
76 92
6 50
3 11
24 64
23 94
8 53
69 34
5 4
34 4
22 98
58 70
35 44
64 2
84 84
93 52
54 18
21 6
20 36
87 91
38 62
36 76
96 77
46 92
47 92
47 85
18 5
3 62
37 30
83 65
64 11
42 8
30 19
81 83
50 83
45 28
99 30
63 26
0 38
33 13
63 23
69 65
44 87
41 56
28 13
1 63
32 41
85 82
93 61
17 82
14 69
61 98
37 41
9 74
48 2
29 35
87 4
17 10
55 79
43 55
53 13
54 19
95 44
70 19
79 8
53 14
76 69
30 86
62 69
7 80
92 29
35 94
66 5
43 35
13 87
44 73
29 78
65 73
48 97
57 94
64 67
45 94
80 63
7 17
44 24
64 38
75 35
47 82
96 26
43 20
25 87
54 25
37 34
91 82
23 21
22 92
44 54
72 75
30 95
38 78
82 71
2 83
2 49
50 72
67 10
40 89
55 27
27 15
45 83
97 98
31 44
61 34
77 81
11 21
62 47
55 52
96 63
38 36
62 44
32 48
81 74
86 40
53 37
53 56
52 47
18 59
61 35
45 67
62 15
81 89
3 94
30 23
20 43
3 96
66 61
17 2
52 36
66 43
88 30
17 68
55 55
50 75
6 34
54 7
52 70
65 93
70 84
68 0
53 8
61 51
96 82
97 72
55 19
28 72
91 46
29 27
17 43
54 8
68 11
22 46
64 26
78 61
17 74
26 82
3 35
20 34
78 30
18 16
99 36
53 31
66 33
68 9
70 50
39 58
5 47
19 51
64 73
99 87
66 15
0 92
77 15
79 91
14 71
65 41
61 96
72 90
45 4
49 19
52 53
84 18
4 34
23 10
99 63
87 38
68 31
99 27
60 90
55 82
24 33
72 60
54 92
90 51
52 67
99 35
9 41
36 34
4 51
30 63
63 53
14 10
16 53
48 32
61 24
97 50
63 12
27 3
89 8
85 52
80 43
18 86
70 92
52 62
51 88
45 53
66 57
51 18
24 93
15 20
2 46
81 43
44 13
77 43
59 25
28 73
21 91
81 25
29 58
21 96
50 85
50 27
6 76
84 4
65 19
27 77
25 98
3 43
50 92
35 49
90 91
19 35
24 24
11 99
0 45
34 88
37 24
2 74
93 51
77 91
9 19
76 95
52 34
68 4
83 75
2 64
25 62
51 87
52 81
97 47
21 85
66 44
10 21
59 84
86 20
20 29
30 42
98 74
9 28
42 31
34 61
14 34
12 4
52 38
24 46
99 32
71 89
76 29
19 85
88 31
85 58
46 58
20 32
32 60
95 49
83 80
12 81
62 90
5 43
9 67
19 73
34 63
35 9
32 0
46 55
8 10
56 95
68 76
74 81
23 97
65 71
74 91
49 94
44 98
84 42
13 20
1 85
95 11
63 63
55 83
36 71
70 10
25 28
20 53
63 51
69 96
76 18
86 90
56 56
22 8
41 16
49 84
4 27
7 75
61 37
75 43
64 88
54 23
58 73
90 72
79 25
82 90
27 53
13 47
2 45
90 81
58 56
12 10
23 66
45 48
11 18
1 78
10 26
27 30
87 11
94 70
70 14
50 60
96 50
5 65
61 78
91 90
29 15
66 95
57 44
32 3
83 72
41 38
85 73
73 87
65 2
22 32
90 96
77 90
80 44
85 29
73 55
98 4
47 11
55 92
12 49
2 25
50 62
16 95
27 50
50 89
11 23
90 56
57 47
20 56
22 15
11 60
71 90
90 99
65 63
96 15
19 75
36 63
27 45
77 33
87 35
32 97
6 28
55 57
46 49
19 4
65 72
17 80
89 96
73 63
45 89
41 94
97 77
80 26
49 76
80 73
63 32
60 23
3 64
41 89
17 58
32 8
10 16
21 89
3 9
18 40
24 43
23 11
37 40
80 15
98 31
94 98
17 37
46 87
94 60
70 49
4 66
35 92
63 61
47 8
25 11
99 4
41 43
95 90
58 80
33 40
42 43
11 63
49 48
32 59
47 61
0 37
40 55
50 19
68 59
78 31
24 91
71 94
16 73
75 40
14 58
38 7
39 16
32 87
69 41
36 77
39 53
71 18
75 37
23 93
66 13
17 16
87 10
67 93
28 50
67 12
35 64
96 73
5 1
29 82
53 34
27 85
26 24
40 88
66 72
62 78
61 62
42 76
69 62
81 70
98 49
97 79
97 19
53 71
41 57
71 78
88 19
99 57
29 79
42 75
79 5
48 31
55 25
18 45
92 57
31 94
80 53
70 34
10 32
1 77
28 89
92 85
56 14
28 46
16 96
88 95
8 89
51 79
71 80
67 24
67 21
33 66
98 28
96 74
11 31
57 1
72 11
63 86
89 82
87 41
20 10
93 39
44 22
25 52
64 64
45 23
32 19
65 85
17 35
29 72
66 65
22 88
81 38
53 46
61 86
68 81
39 2
96 69
8 67
88 99
79 95
31 13
16 93
35 22
77 17
77 82
29 39
75 65
55 28
90 43
88 7
77 74
35 30
61 70
68 71
87 88
35 25
58 22
4 52
75 46
29 13
66 11
32 6
27 54
15 35
16 30
69 74
3 79
67 11
81 65
11 41
75 11
24 60
14 40
64 31
86 36
43 21
52 2
59 19
24 7
20 28
22 44
5 53
67 13
24 6
98 33
18 14
57 70
22 13
80 27
78 60
39 5
31 82
12 48
47 55
9 60
51 34
45 32
18 82
36 33
55 95
19 41
23 35
71 10
3 7
27 32
47 47
86 64
48 18
79 93
36 66
73 42
54 64
36 52
24 65
82 32
42 72
33 69
64 23
54 69
97 58
47 84
93 21
66 39
68 22
21 90
84 94
10 64
15 89
56 92
64 5
27 34
19 99
83 92
78 37
26 74
30 98
73 41
71 81
74 28
93 81
10 5
36 72
82 28
53 78
33 65
47 79
90 66
37 74
50 33
62 79
5 78
29 99
63 94
34 14
35 47
40 77
46 26
86 54
86 33
5 2
48 66
0 12
2 10
25 85
47 32
51 82
87 59
48 8
37 38
49 55
38 51
37 97
10 41
36 13
71 16
21 60
69 40
6 65
78 71
77 68
13 62
23 29
32 86
62 55
5 3
62 77
85 51
60 37
97 11
94 9
71 7
55 64
69 48
95 2
57 6
1 48
11 48
45 0
10 84
2 34
27 73
10 7
75 20
46 57
83 34
59 61
47 29
82 67
22 87
47 45
89 45
91 71
49 24
30 45
29 2
54 9
96 32
21 52
85 32
57 55
82 82
91 75
86 63
16 2
33 23
48 67
33 63
26 16
14 70
24 17
51 98
65 6
37 26
44 71
48 78
18 37
60 96
40 50
58 60
40 74
20 52
12 55
63 20
90 17
58 7
86 61
48 83
79 58
58 27
78 76
48 90
35 57
51 17
38 38
17 17
6 8
36 88
64 59
16 33
75 67
23 26
15 76
80 22
77 60
22 3
66 24
70 21
13 77
16 84
88 42
77 80
24 10
1 53
97 42
32 34
87 23
20 26
72 65
44 34
12 18
25 13
98 30
41 53
53 92
52 88
79 87
38 99
92 19
74 84
34 24
34 57
3 76
27 10
86 41
85 46
10 11
54 78
90 92
67 15
74 2
66 77
73 17
98 62
14 24
95 65
4 86
19 8
85 84
21 48
88 52
54 26
70 7
28 39
72 69
77 75
82 20
1 89
77 44
52 23
2 84
47 64
16 99
33 78
62 43
64 91
35 2
66 71
56 80
69 99
24 66
25 77
82 77
85 8
62 31
94 39
24 18
74 24
1 92
3 70
76 28
52 78
29 83
76 86
65 69
83 5
68 20
66 19
14 46
65 16
86 21
86 25
73 9
42 84
79 2
28 82
87 43
6 13
37 9
70 71
38 83
83 26
34 26
25 99
1 70
1 55
10 15
9 92
45 79
90 28
92 39
59 94
9 24
73 96
95 9
92 94
68 67
6 62
48 29
10 91
68 47
57 68
92 53
40 83
18 56
78 98
34 72
30 96
96 80
1 0
14 51
86 60
6 42
19 13
70 75
38 1
1 19
13 17
52 1
64 68
39 87
81 95
93 72
7 20
34 84
53 29
10 80
81 58
23 61
29 23
66 90
68 27
11 55
63 11
61 63
17 84
38 32
70 18
33 68
88 28
61 79
18 95
27 69
77 49
39 47
4 70
68 49
84 99
99 89
56 23
6 43
55 87
5 42
91 54
76 53
98 16
54 41
52 58
81 59
53 32
91 34
49 52
81 51
23 7
21 80
38 74
60 48
15 28
63 80
15 43
70 37
27 42
40 92
0 40
81 27
12 32
74 47
53 59
91 58
43 93
22 29
92 1
3 41
80 47
44 75
78 75
93 55
97 73
54 47
14 94
66 8
8 26
57 73
19 34
33 2
84 76
38 69
86 84
25 27
22 42
30 72
67 70
13 59
2 86
75 49
23 69
49 10
84 35
78 12
37 52
40 15
18 31
58 49
79 3
38 50
46 23
24 11
13 0
17 38
48 87
49 91
92 75
98 3
19 1
49 79
4 67
42 10
78 78
57 27
63 78
78 82
90 7
51 7
27 24
47 54
30 34
11 61
68 14
66 62
13 49
81 17
25 43
60 72
36 37
24 79
95 94
18 26
13 32
0 52
96 27
57 87
93 80
66 49
83 58
34 94
34 68
19 33
62 49
69 72
79 26
3 60
44 72
51 55
19 60
47 87
20 30
89 60
39 64
0 89
64 28
3 5
14 55
22 61
66 82
93 29
53 93
13 80
62 81
27 60
13 6
87 31
36 48
53 30
34 36
78 26
75 45
31 74
99 85
95 42
94 8
19 42
99 69
21 74
13 81
58 68
97 6
24 37
42 15
86 2
91 73
30 12
83 84
91 23
69 37
34 10
67 45
32 11
43 68
37 69
40 59
20 7
49 31
8 90
26 5
22 59
17 61
94 12
38 22
17 5
52 10
65 31
84 71
31 43
41 14
34 80
66 66
65 98
24 77
55 93
81 66
3 78
35 28
97 60
66 98
97 62
43 32
94 67
97 57
98 12
19 25
6 31
31 58
59 67
76 9
52 42
32 65
30 21
74 78
63 56
54 88
98 48
40 21
99 8
62 71
23 71
29 47
8 84
95 43
91 94
40 54
84 3
12 83
43 62
63 29
47 5
21 4
83 45
34 74
66 30
59 38
71 4
78 66
44 63
94 86
36 16
56 97
62 60
94 30
55 43
64 1
12 15
62 38
58 44
65 38
98 46
38 46
14 57
37 3
31 24
11 36
52 79
16 67
35 71
21 18
81 7
58 89
68 63
77 13
21 13
16 27
66 17
65 79
55 78
29 31
86 91
22 95
20 9
8 1
53 25
90 77
94 0
60 4
42 4
66 59
62 98
30 88
70 30
79 35
99 7
95 99
41 25
48 19
29 62
94 2
49 93
62 26
27 76
41 75
72 24
35 16
28 22
40 10
43 59
44 58
93 1
29 71
19 82
53 18
12 6
21 63
50 14
93 66
48 7
2 18
9 78
99 52
72 53
16 86
2 91
33 36
75 99
11 58
41 90
13 9
56 53
40 5
28 10
70 15
47 46
71 32
91 6
0 79
50 18
6 49
16 48
84 65
84 30
87 67
31 97
5 11
0 80
36 49
91 17
38 98
68 13
64 82
29 24
84 97
28 17
21 73
47 0
37 18
48 63
73 90
78 63
21 38
29 32
34 60
9 66
80 57
41 98
44 15
79 45
35 24
74 32
42 9
20 33
5 45
24 98
37 53
69 3
2 75
0 27
78 27
13 61
21 84
67 90
60 74
4 39
40 9
37 87
56 36
14 75
4 42
7 50
7 45
84 93
66 28
1 15
60 79
89 38
11 66
13 14
10 85
13 23
42 98
54 15
3 8
15 27
47 76
78 8
81 16
54 68
54 12
69 12
29 46
36 98
36 32
27 40
60 99
82 10
31 33
55 40
38 21
41 42
36 82
21 65
35 78
10 58
22 24
80 12
64 12
30 84
33 20
60 64
67 34
73 46
32 98
33 44
19 70
24 22
50 73
41 3
28 33
20 12
5 28
33 1
29 92
72 80
63 31
14 13
98 73
21 58
12 11
20 0
66 63
42 16
40 51
59 33
21 35
15 74
17 41
39 20
65 12
45 50
50 94
53 49
30 7
80 24
95 8
72 46
41 65
13 30
31 50
36 56
93 48
65 11
16 9
12 17
3 95
49 4
13 15
12 45
92 62
68 96
46 80
93 12
85 4
75 48
20 59
16 55
30 8
4 8
82 47
25 91
51 89
85 23
22 90
35 3
13 85
81 81
92 86
70 9
40 20
86 48
71 72
49 2
83 40
78 65
31 30
94 21
95 77
44 11
18 99
94 68
25 96
73 23
50 15
45 43
95 97
75 63
99 44
78 59
75 30
8 51
3 51
12 19
98 23
50 71
13 1
33 75
7 89
6 35
56 77
92 20
73 74
60 13
24 56
14 73
3 32
88 63
63 95
59 36
34 46
5 87
2 92
20 96
35 93
93 97
48 82
38 88
85 93
3 45
99 77
78 6
46 66
3 19
92 55
66 23
0 97
47 41
60 3
13 55
91 66
62 32
19 83
76 99
81 32
81 42
93 9
25 32
2 0
47 34
2 15
77 0
66 12
4 54
56 35
35 48
27 84
5 26
71 93
58 35
8 61
22 70
2 28
49 33
53 73
53 36
62 2
82 66
9 65
51 22
64 20
4 30
50 13
70 20
92 47
74 64
18 63
52 9
53 17
55 74
29 11
37 23
20 88
41 55
13 72
14 36
15 80
2 71
88 75
47 95
26 80
67 94
63 75
46 2
1 5
50 86
91 96
27 23
43 79
93 27
71 92
25 17
41 6
72 55
16 26
74 61
81 64
60 54
31 85
18 65
38 57
2 41
35 8
42 57
24 71
90 31
6 84
44 79
38 25
99 81
12 85
60 31
14 11
84 79
22 63
47 44
98 42
91 76
44 65
43 6
15 39
13 74
16 5
38 6
15 11
98 93
15 49
8 66
12 26
16 16
23 46
69 43
99 66
96 7
14 74
6 40
63 3
99 67
70 86
47 94
80 84
99 18
17 39
84 17
4 79
63 15
93 96
93 73
3 72
62 28
67 42
58 72
43 50
39 61
11 84
37 0
14 60
34 5
13 86
97 20
10 61
49 29
71 75
34 11
29 14
35 76
38 94
80 89
23 96
21 29
62 30
79 62
37 43
44 96
82 60
78 86
9 73
58 67
5 0
16 60
6 74
25 45
23 84
0 11
19 19
29 61
47 20
93 15
93 17
69 20
28 41
81 5
30 99
68 65
36 25
17 15
38 29
55 68
58 95
98 35
68 89
32 10
38 27
62 41
19 28
99 43
77 45
38 67
39 36
73 31
72 48
2 52
54 90
88 85
7 94
76 66
31 11
84 16
30 35
53 80
74 14
23 95
21 9
70 97
61 42
7 7
81 30
5 40
9 79
66 54
37 84
13 90
84 78
13 5
76 54
42 82
59 83
36 99
69 9
39 51
7 32
96 10
77 62
90 63
32 44
6 24
61 17
18 27
58 84
97 44
89 77
56 7
86 35
61 22
52 64
93 91
82 88
28 51
15 71
39 10
99 56
26 72
85 45
26 44
0 72
82 69
82 97
6 78
38 17
30 13
0 33
2 47
42 3
40 87
52 11
67 68
41 15
47 30
73 16
19 56
92 98
15 63
91 33
1 57
40 16
11 57
54 94
79 24
77 2
94 19
51 19
43 38
87 3
71 24
84 61
51 68
74 19
73 97
29 22
67 19
20 23
99 61
42 99
74 97
72 51
8 63
70 54
10 8
49 78
30 32
47 62
96 23
84 8
10 9
75 17
32 35
73 12
11 42
77 27
26 84
13 21
53 47
84 10
42 24
51 33
4 87
44 95
51 47
25 48
67 86
68 93
28 78
40 1
33 67
35 12
22 64
69 94
81 97
92 41
70 38
93 71
34 91
55 59
1 66
71 43
1 50
75 90
79 7
66 52
70 40
38 56
49 82
10 22
72 7
17 78
89 35
38 2
0 28
58 38
73 70
95 58
49 70
56 51
64 79
72 10
40 41
48 11
14 26
28 63
59 34
26 67
38 73
57 9
9 61
84 58
62 52
3 75
32 92
99 78
65 23
19 18
93 43
26 13
74 48
25 3
29 77
41 29
49 80
44 3
41 1
13 12
73 94
94 47
72 26
3 86
66 9
47 52
87 29
33 26
46 65
6 95
9 40
85 31
32 2
4 65
50 80
24 16
8 7
40 32
26 23
76 0
34 31
5 77
63 74
48 74
68 7
70 27
83 94
9 21
98 98
3 77
56 24
4 81
49 73
60 50
6 79
55 49
47 9
88 59
68 42
0 17
62 80
55 7
16 8
25 88
13 65
32 99
67 81
76 72
43 58
51 5
64 50
21 25
11 71
38 64
74 60
83 90
48 79
64 17
71 48
25 5
53 54
94 77
4 53
76 27
88 16
42 88
9 31
83 43
28 52
45 73
33 51
35 11
91 42
40 73
75 95
67 99
92 32
94 31
12 64
29 70
93 57
90 70
9 71
21 3
1 82
93 0
45 34
61 46
86 42
18 35
9 84
41 78
55 81
36 40
73 6
99 68
64 74
30 62
66 26
70 2
63 39
51 14
87 26
41 59
58 31
90 39
68 75
31 7
63 84
37 2
4 73
67 14
87 33
50 51
48 9
81 2
89 98
28 83
83 81
27 79
17 55
11 37
36 20
63 79
55 60
67 83
57 25
24 58
77 77
14 50
33 98
41 23
15 16
0 86
37 4
67 52
93 26
32 76
86 89
75 13
9 48
84 57
98 76
35 84
87 72
46 37
87 60
33 39
33 58
63 83
71 37
11 87
75 70
18 19
96 41
89 72
94 25
74 21
20 62
88 72
40 31
42 39
43 72
45 30
34 35
59 64
85 41
37 7
80 35
88 44
83 96
55 8
56 3
28 87
87 48
22 6
88 77
54 48
81 63
43 30
76 76
34 99
72 18
39 33
74 75
59 30
91 93
60 68
80 31
22 62
27 4
77 55
1 54
62 89
57 26
38 65
56 84
30 31
54 86
17 29
73 37
82 81
55 1
13 36
40 58
4 31
25 89
92 33
46 33
86 27
58 45
32 74
59 7
51 63
92 77
31 5
0 94
76 23
80 11
54 46
60 20
18 98
59 66
32 73
13 3
56 15
37 13
10 4
90 55
43 24
52 33
73 21
11 22
67 96
24 70
30 51
52 8
94 34
19 6
6 86
55 2
34 50
88 24
7 68
46 53
68 45
42 25
43 17
68 32
23 37
21 92
50 6
33 10
86 59
25 12
90 18
14 56
60 98
98 67
8 59
93 53
68 61
21 82
79 82
51 8
28 8
38 89
66 84
29 65
19 36
29 56
84 88
22 26
16 57
79 19
11 34
38 5
72 91
90 59
96 90
4 83
70 36
7 27
64 48
80 62
24 88
99 3
33 77
89 3
15 56
95 86
90 6
65 83
30 39
61 71
68 53
80 38
25 64
82 85
92 27
51 30
82 89
55 48
96 9
11 98
8 79
35 21
9 11
50 99
15 33
78 9
81 0
62 95
0 41
67 74
83 83
2 21
87 68
97 16
54 49
32 54
92 96
45 99
60 75
13 38
40 76
6 18
67 64
58 33
42 74
3 80
37 39
11 85
95 14
85 75
11 33
42 96
6 52
5 25
57 42
80 91
32 16
85 26
53 6
93 68
88 57
32 47
60 80
20 82
55 62
87 63
43 80
22 50
9 75
60 70
46 11
59 4
51 4
83 42
16 85
12 67
23 4
84 13
59 47
90 98
46 29
5 97
14 54
72 86
26 7
29 5
23 24
10 44
6 72
32 40
17 50
64 92
67 39
92 61
18 23
43 86
73 64
36 5
58 17
55 37
97 70
91 13
22 66
43 45
50 56
78 94
61 56
30 97
50 30
88 73
56 89
72 68
42 17
76 63
12 99
84 39
65 21
51 2
64 14
75 78
3 88
20 97
36 45
49 16
90 9
72 84
28 57
1 60
18 94
32 72
26 8
97 95
2 89
73 50
33 94
0 64
30 18
64 86
99 10
59 89
18 6
53 41
2 76
84 2
53 60
98 82
69 27
24 30
31 78
18 90
43 84
9 90
60 38
65 91
69 95
76 89
57 49
39 23
36 60
72 4
3 16
89 66
20 71
35 0
10 46
60 97
74 89
75 32
10 29
30 49
10 48
61 88
50 35
70 44
66 38
54 56
72 83
18 8
55 53
49 95
45 91
85 34
14 1
0 18
61 6
62 11
47 16
33 43
29 6
79 73
22 40
69 36
25 2
45 98
55 45
71 40
17 13
19 39
27 81
78 70
16 87
89 14
25 8
19 23
55 0
70 81
27 59
59 93
16 49
68 48
66 58
3 42
83 10
46 20
31 42
70 39
35 10
12 92
86 47
32 64
45 21
78 83
6 98
58 87
96 76
72 70
46 51
65 60
36 68
82 5
22 2
55 72
0 58
44 43
24 55
74 8
14 20
72 12
7 56
34 76
25 14
95 23
99 48
16 3
17 63
48 61
35 82
86 3
24 59
41 36
36 38
74 39
76 42
70 42
72 71
40 8
44 10
80 21
51 11
51 40
64 45
88 60
53 84
62 39
81 69
73 19
33 47
80 0
21 32
16 97
93 83
34 85
86 12
12 53
3 46
17 26
75 12
99 97
38 9
2 37
26 17
22 67
81 33
49 42
37 72
4 11
8 6
68 52
15 9
48 92
6 48
67 27
40 7
82 65
66 4
89 93
14 43
70 55
95 46
76 25
13 54
37 96
47 78
10 92
72 1
30 2
88 36
27 18
25 84
3 92
8 92
2 32
33 17
11 74
79 72
42 52
64 80
72 77
60 16
92 92
67 44
11 45
77 20
77 18
66 94
64 10
95 74
15 82
67 38
99 17
62 82
73 98
27 95
32 36
13 57
26 25
41 51
25 61
76 84
61 1
31 45
0 2
14 96
61 69
40 67
31 15
95 47
40 33
98 44
58 42
88 13
4 16
86 8
52 28
4 68
76 83
23 53
89 90
34 96
31 10
64 72
80 97
76 20
93 60
83 88
17 87
69 81
65 22
85 67
41 96
59 26
78 2
31 98
81 52
63 49
73 49
84 32
65 78
17 11
95 87
57 63
8 28
92 93
70 25
68 1
92 80
20 8
18 69
54 11
27 91
39 9
52 29
76 24
41 85
1 4
94 3
77 73
52 25
57 24
26 52
86 17
39 76
85 63
9 16
30 46
63 65
65 58
56 20
82 21
0 42
23 79
98 52
36 67
4 18
89 17
87 94
46 5
64 42
40 28
92 52
77 5
71 13
61 23
17 36
67 84
7 43
28 15
59 27
79 48
17 88
72 73
23 77
53 63
5 34
78 46
79 4
86 83
60 32
73 4
79 67
88 39
30 50
71 79
5 70
24 87
56 72
16 45
29 84
30 76
86 15
65 39
22 19
97 89
27 20
11 91
73 15
95 39
75 55
73 86
27 82
61 7
58 4
74 17
52 69
11 12
53 87
4 88
97 75
74 72
56 96
38 68
76 43
33 46
60 88
10 50
38 11
83 46
9 87
93 67
86 86
8 93
35 63
38 35
47 21
73 38
63 5
95 83
40 46
68 94
82 74
99 9
43 81
47 74
56 40
60 21
93 11
28 19
24 78
0 23
10 31
14 35
37 27
89 4
50 47
55 67
36 7
10 19
44 93
5 30
3 68
61 29
89 24
93 78
7 90
87 92
43 64
83 27
7 6
45 55
56 43
68 72
73 67
92 15
16 66
51 95
77 12
27 92
56 74
33 8
55 91
26 93
61 75
18 61
2 42
54 54
80 41
19 97
22 17
11 78
75 22
37 20
46 85
29 9
91 60
31 60
12 21
76 56
67 8
88 34
67 35
24 23
1 91
13 8
86 19
85 33
3 90
81 18
41 35
37 64
15 36
93 14
24 12
52 49
60 73
0 35
95 61
12 63
22 20
58 63
90 4
41 7
17 73
87 8
43 57
9 59
77 92
93 69
13 40
72 54
57 17
42 60
92 38
68 24
12 36
34 78
38 81
10 13
18 46
58 51
50 16
1 86
39 42
77 48
77 47
33 11
49 39
70 67
28 28
58 59
50 17
96 71
21 14
32 9
66 42
64 66
2 43
43 95
54 62
1 26
97 97
54 3
54 31
46 82
44 30
36 43
22 49
35 46
0 85
58 47
7 78
22 36
44 76
16 77
85 22
44 6
72 43
69 71
55 4
40 39
79 36
24 86
58 10
0 57
31 3
92 35
17 53
47 51
10 72
12 13
90 15
39 48
85 50
28 14
94 62
65 95
39 91
90 10
96 64
80 30
59 51
98 26
75 89
12 38
92 71
34 23
35 59
5 99
15 51
23 78
75 87
9 35
67 7
83 39
85 7
72 95
78 20
87 52
31 12
21 1
36 21
1 9
18 29
63 41
83 55
13 25
74 73
7 13
51 24
45 86
68 30
1 72
5 27
65 67
70 58
32 85
87 40
31 71
45 12
35 26
91 53
51 45
43 97
88 66
70 56
50 78
6 69
40 80
13 82
34 53
46 79
28 70
77 57
19 68
34 18
54 38
79 88
3 82
17 96
77 59
45 66
71 97
15 96
18 42
83 48
59 75
21 30
83 30
71 52
43 2
0 99
50 68
86 85
22 35
49 35
10 45
74 9
21 72
7 18
84 19
67 16
48 27
36 65
73 83
2 14
65 75
85 39
54 75
23 5
86 31
67 32
37 71
87 14
14 18
52 65
22 80
28 42
49 90
82 48
13 22
49 28
43 51
72 87
88 96
41 34
66 99
3 93
61 30
58 9
5 62
29 88
76 2
6 5
89 58
24 83
75 50
78 88
76 4
94 81
91 11
36 39
42 77
29 69
22 91
8 32
58 76
99 93
90 19
46 94
22 81
79 43
82 26
5 38
5 80
99 14
44 83
46 6
35 85
91 44
41 33
93 92
94 37
51 75
98 64
50 22
81 12
59 9
15 46
66 55
84 21
52 4
60 58
43 26
53 82
17 69
11 2
81 86
33 6
15 5
29 74
68 73
39 72
72 3
25 66
84 52
92 56
24 82
38 15
64 85
12 25
7 76
83 41
36 14
49 3
35 40
64 77
88 33
26 78
17 81
93 22
23 38
98 70
8 62
85 11
94 99
80 83
4 2
82 99
7 97
72 78
73 78
28 88
0 48
46 10
19 11
54 16
18 7
15 97
53 15
79 92
43 92
59 79
81 72
16 80
92 84
16 10
72 92
57 86
79 44
59 82
20 2
53 48
87 69
15 72
76 55
20 41
58 25
51 72
51 70
37 67
51 91
29 53
41 58
79 61
34 98
20 51
24 31
91 98
85 60
89 73
97 49
59 16
28 94
87 83
91 99
33 72
38 93
93 41
48 43
72 22
60 11
23 76
29 0
26 40
66 22
14 25
28 79
30 70
1 58
33 49
30 65
97 90
19 55
35 15
39 66
25 92
39 67
17 6
61 20
20 5
53 65
63 33
57 81
85 62
9 49
77 93
58 90
68 86
39 3
48 17
5 20
31 46
88 43
96 59
51 48
59 20
54 30
12 5
35 61
89 46
32 79
67 78
96 8
89 78
66 27
49 18
39 86
46 31
18 20
66 70
23 34
48 1
8 64
52 27
42 45
12 93
81 71
26 79
93 25
50 58
72 32
16 17
14 72
11 79
19 96
54 21
11 11
38 70
79 59
3 52
37 99
78 90
20 66
39 28
65 53
34 87
92 60
32 57
31 27
10 37
94 59
16 15
54 6
95 75
63 25
56 98
12 58
36 0
69 50
54 97
5 41
47 59
10 71
42 58
39 75
94 18
39 25
92 25
85 87
65 55
80 56
35 99
14 67
19 3
78 62
7 52
19 27
94 35
34 27
2 59
37 70
63 7
33 96
43 63
12 57
90 89
75 96
0 65
45 74
48 41
55 77
16 11
19 71
26 26
0 24
37 37
82 6
37 6
21 36
79 1
99 13
41 63
36 79
21 95
53 75
87 84
29 63
16 70
32 5
59 24
65 51
91 95
43 41
80 45
96 57
22 5
37 56
71 65
17 57
65 70
31 34
86 66
1 24
73 92
6 67
57 43
87 75
60 60
29 57
8 81
99 82
27 70
29 25
19 38
32 51
81 47
11 96
48 39
58 50
9 57
88 71
71 61
44 85
88 20
46 72
11 28
56 62
82 73
94 40
23 14
55 90
60 30
83 13
76 85
48 69
71 0
60 49
70 57
18 85
59 49
62 17
87 51
24 4
52 55
98 81
74 33
36 80
69 15
44 37
19 65
96 14
40 29
42 68
4 71
26 32
61 77
19 57
60 34
91 64
24 90
24 0
78 14
23 86
14 93
58 91
51 60
33 85
11 10
28 54
66 79
20 57
95 96
9 0
26 34
9 97
48 98
5 86
3 22
90 90
25 74
55 47
0 53
47 67
46 71
15 60
47 7
38 66
67 3
1 39
94 10
78 28
47 50
95 5
84 11
55 35
46 0
96 89
62 84
60 45
78 45
95 62
93 36
23 63
31 22
74 88
93 59
37 46
1 38
78 43
48 76
83 53
43 87
51 27
23 85
42 70
83 64
63 22
46 74
19 79
87 9
5 93
56 55
85 66
47 75
49 49
19 66
19 78
33 31
44 59
1 52
54 70
33 16
27 87
6 17
28 9
89 67
3 71
25 10
49 74
69 31
23 73
88 98
85 13
81 54
10 94
75 10
89 70
46 50
41 13
50 2
68 3
2 24
79 42
2 13
15 98
85 72
34 34
48 23
18 53
6 90
25 46
23 27
93 75
71 28
90 1
87 21
94 88
39 82
33 15
11 86
4 63
59 50
71 39
61 90
91 97
6 38
76 6
52 94
42 91
76 34
74 23
28 16
84 66
33 99
83 22
24 15
89 42
94 28
17 44
72 37
85 19
19 32
52 66
37 94
67 20
26 19
3 59
58 24
93 93
43 71
61 68
56 79
22 93
14 30
64 40
75 84
47 37
40 86
67 43
86 93
36 30
17 85
10 34
36 47
87 58
43 0
90 40
28 96
87 50
63 76
26 95
72 35
98 38
84 89
16 41
58 96
94 46
97 38
15 79
19 46
24 42
97 71
60 82
97 68
41 9
21 23
77 23
87 66
33 93
56 45
9 86
97 9
18 2
5 66
53 9
78 32
20 61
2 1
47 42
61 3
37 45
82 70
73 81
62 9
43 69
82 44
65 8
10 20
12 60
18 13
59 28
18 54
3 25
4 58
57 97
76 94
35 56
44 25
77 70
12 51
52 16
27 2
14 66
9 95
0 91
44 33
1 45
35 17
98 29
98 22
49 64
50 5
89 40
68 46
9 27
50 46
74 1
25 34
10 95
3 97
88 70
71 64
79 63
45 96
75 41
27 0
59 91
99 49
84 69
86 98
98 69
62 73
76 35
76 97
48 50
59 69
44 45
31 57
91 79
46 76
30 85
76 32
89 91
92 28
36 92
78 99
39 68
94 63
26 53
89 92
79 75
65 18
74 92
75 53
67 71
23 28
32 42
45 70
65 56
82 72
32 49
16 65
26 90
12 74
37 92
80 82
27 19
21 49
88 10
56 69
86 70
62 65
52 89
45 90
3 66
86 97
76 52
91 1
41 97
11 77
39 97
13 67
57 31
95 71
56 21
25 47
87 90
98 59
68 90
80 49
7 86
10 82
20 69
91 32
49 44
94 36
74 57
66 91
36 31
13 66
59 14
58 30
92 43
9 76
28 32
47 53
33 30
95 55
9 45
17 98
39 22
8 83
2 56
61 41
57 15
57 41
42 97
27 22
13 46
78 0
67 40
71 22
21 61
81 75
71 55
21 8
76 41
48 15
86 22
49 60
36 28
12 94
64 19
39 52
56 88
49 57
87 28
37 61
37 79
32 21
2 69
76 91
43 42
58 46
46 4
59 15
68 66
3 67
8 24
4 25
54 55
68 74
59 62
42 71
85 5
53 89
85 68
21 50
47 96
15 67
60 35
85 47
3 83
3 74
22 31
94 22
74 11
63 91
66 46
32 22
72 14
64 39
61 82
12 7
17 40
91 88
34 13
64 93
44 14
74 69
96 6
79 55
96 67
74 6
57 19
52 37
76 15
6 51
20 54
2 98
85 91
3 23
51 12
66 88
45 78
87 37
32 62
12 82
16 78
92 17
8 52
36 50
34 64
67 5
55 76
73 68
6 47
80 37
34 44
88 17
0 20
46 1
8 70
18 57
42 80
60 25
79 69
84 37
87 6
5 59
12 84
67 58
63 35
22 43
7 3
98 39
44 66
99 92
72 17
49 83
48 81
97 39
62 36
87 78
57 46
62 87
47 3
81 35
86 52
11 7
34 15
53 95
76 30
49 89
26 62
72 34
65 92
20 27
4 3
18 51
40 2
63 17
34 43
6 82
0 21
76 17
30 9
18 79
9 55
62 1
98 36
97 66
44 91
89 51
35 42
16 63
90 50
44 60
7 30
23 20
44 32
57 60
95 54
81 73
77 69
12 16
43 34
50 96
96 36
29 97
5 23
50 93
76 48
17 89
25 25
13 76
50 65
85 59
92 48
84 24
93 89
37 91
93 63
47 35
57 85
93 54
42 81
28 92
33 59
71 15
52 56
95 38
96 85
12 35
15 10
31 41
95 64
26 28
7 37
98 1
0 1
30 6
85 56
12 37
5 16
95 57
46 28
76 37
93 88
9 18
58 65
7 19
1 97
18 41
85 70
52 77
7 38
97 82
96 91
81 96
33 37
39 69
99 54
39 19
27 86
98 75
1 98
12 87
54 60
70 96
96 45
31 38
85 17
94 71
29 86
90 97
79 40
46 48
22 25
40 13
84 5
11 70
25 67
50 26
41 92
59 88
32 61
8 36
9 56
53 69
52 21
11 72
89 26
56 29
30 77
53 2
91 10
27 8
73 77
96 47
15 90
46 39
24 99
91 39
21 77
34 22
26 68
63 34
21 37
89 28
11 15
35 37
25 93
70 72
68 21
42 92
42 73
42 34
9 70
71 6
29 43
64 65
79 85
86 10
12 9
60 41
31 48
54 61
62 7
36 85
10 69
27 17
7 48
17 49
25 26
74 41
59 92
63 9
98 60
11 40
83 32
57 67
56 16
69 84
41 62
53 4
35 68
27 74
73 10
80 40
30 80
15 0
70 95
57 13
16 75
42 51
85 54
8 17
69 55
22 97
37 58
83 36
36 3
86 51
90 11
97 12
90 32
38 54
96 12
21 97
31 83
39 74
45 54
20 46
24 27
32 71
59 74
57 80
61 89
72 67
70 60
19 77
24 34
62 22
75 66
22 74
85 74
83 11
75 52
46 42
50 43
67 59
74 40
52 6
68 6
81 94
43 8
97 21
5 51
24 44
25 72
0 44
39 37
33 56
32 84
86 80
56 34
45 56
49 50
62 27
89 29
20 38
9 1
61 72
27 89
99 34
56 8
72 57
17 95
50 23
50 50
21 5
34 40
13 91
5 55
7 41
92 74
63 16
78 89
6 39
44 82
38 23
48 42
46 22
39 60
44 38
16 39
9 37
24 81
15 95
96 42
74 15
70 89
3 58
20 48
24 40
56 4
69 16
12 29
93 4
90 94
3 63
82 25
57 2
60 15
51 32
64 8
30 68
48 36
41 61
77 6
43 65
41 76
3 54
37 35
20 95
63 87
1 68
62 67
49 27
7 15
2 81
34 66
66 25
91 87
66 36
16 37
29 49
34 38
62 6
77 22
93 86
98 88
89 79
91 48
26 38
28 59
13 44
15 57
60 8
84 6
73 71
82 45
84 27
55 11
87 70
60 12
47 28
19 43
95 35
32 23
17 52
97 25
26 99
31 63
75 6
78 11
66 18
23 74
33 38
36 53
62 64
82 68
34 42
14 97
38 26
54 53
63 59
79 96
63 68
28 43
8 76
11 94
73 24
34 62
2 94
94 73
20 92
23 55
89 81
8 57
70 11
36 96
47 25
66 34
11 59
92 40
5 39
46 64
47 14
85 94
13 98
58 53
77 84
92 65
64 96
43 89
17 18
56 31
84 53
12 43
30 71
62 25
48 57
73 53
86 82
71 53
83 99
80 61
27 99
28 65
26 69
28 36
26 77
72 6
56 60
57 95
84 9
44 42
89 86
89 69
8 60
81 91
82 31
43 27
22 71
86 67
43 78
77 32
0 30
15 22
63 58
57 64
4 43
25 42
75 14
74 34
92 97
33 21
49 13
27 14
8 56
40 75
90 49
10 49
45 8
31 28
34 29
14 28
20 55
1 7
33 79
6 21
11 5
80 78
71 44
5 9
66 1
99 58
77 10
58 1
49 61
93 18
19 26
24 49
74 74
14 99
34 82
50 82
30 33
48 60
81 88
27 90
61 93
56 42
72 9
89 65
76 58
97 80
50 61
79 31
29 20
99 59
46 16
66 81
92 79
70 88
0 70
59 6
32 43
94 87
73 88
53 98
83 44
50 12
21 55
60 22
79 9
56 82
27 58
16 31
15 8
34 55
23 15
66 2
26 57
21 24
1 62
15 47
83 93
62 21
41 12
35 19
38 97
92 91
93 38
91 68
3 65
96 40
21 31
52 95
26 36
98 84
49 86
27 12
55 10
22 38
6 19
32 26
71 58
99 33
53 10
91 26
53 99
43 19
30 73
88 61
37 75
29 80
46 34
99 88
90 46
5 84
57 30
97 64
30 38
55 46
63 93
65 44
85 55
58 34
56 61
69 61
79 50
2 16
18 58
91 92
83 21
8 4
18 24
4 13
11 1
91 15
76 12
21 99
7 11
66 53
13 18
93 30
8 54
94 97
74 22
12 89
30 56
24 3
50 67
58 21
73 52
22 47
91 22
32 1
60 42
89 95
24 9
45 58
50 40
96 5
65 77
91 47
18 9
88 79
1 44
48 40
12 50
59 1
19 69
96 60
4 90
39 54
78 55
77 11
39 32
19 47
43 82
31 54
9 69
20 77
87 86
22 45
7 79
58 61
87 17
59 5
26 87
87 0
64 52
70 23
45 33
35 69
69 87
52 0
76 44
26 39
68 36
74 4
87 16
0 7
21 22
6 1
48 33
17 7
9 81
51 69
18 22
45 52
84 40
8 2
37 28
55 6
98 96
89 27
36 22
93 5
63 70
28 20
51 31
98 99
78 92
88 3
84 95
63 99
25 37
3 31
99 16
49 9
41 20
65 29
3 38
44 19
69 6
88 37
40 24
74 77
9 94
92 88
60 59
42 20
27 64
88 27
45 88
34 20
71 85
64 30
27 61
70 1
89 12
17 72
17 14
68 78
47 90
95 60
72 42
24 2
62 76
37 81
65 81
10 51
84 25
13 99
85 36
1 8
8 99
95 3
96 46
81 60
86 65
1 76
49 68
75 73
27 94
85 95
81 67
81 44
54 24
54 83
37 89
19 12
64 54
5 37
89 32
2 31
85 6
28 81
72 96
4 57
57 72
24 80
95 18
74 99
70 76
16 25
25 90
92 4
50 45
99 1
20 78
9 20
49 12
48 65
92 30
80 81
43 48
47 27
64 13
39 46
68 54
9 2
2 63
4 41
59 48
58 55
78 10
59 81
35 95
91 72
72 41
81 57
39 8
83 19
84 44
77 8
86 62
68 41
37 8
20 49
18 3
20 22
18 87
71 74
86 75
71 95
14 88
63 6
23 60
23 70
35 6
15 42
50 95
27 35
78 52
99 45
31 21
21 67
23 47
9 96
92 31
17 31
11 8
41 21
75 16
42 56
87 15
0 76
90 29
45 61
10 87
1 17
68 5
30 60
96 81
95 85
69 86
25 29
13 39
93 94
50 57
68 82
8 12
67 26
54 63
97 53
22 4
66 56
43 46
99 38
82 11
85 3
82 46
51 6
58 99
94 7
93 33
57 5
88 8
82 17
52 14
45 57
59 43
1 43
74 65
58 40
70 53
23 0
82 1
25 73
45 14
65 48
16 34
40 37
51 52
64 70
67 61
61 45
79 16
49 96
37 11
99 20
71 51
33 54
69 66
76 98
70 70
36 89
81 78
87 53
99 55
29 66
14 68
7 40
48 28
86 49
61 60
37 25
50 39
56 11
23 9
53 43
86 24
91 9
58 12
77 25
14 53
13 63
43 43
32 27
95 21
66 80
19 48
96 92
72 58
95 31
57 77
62 91
6 46
15 23
23 98
59 17
75 77
12 77
73 20
31 49
97 4
97 54
16 47
16 21
77 40
20 15
53 57
50 41
33 81
90 80
7 24
20 13
5 88
78 54
47 58
10 24
60 1
32 18
1 16
71 96
11 54
48 3
95 63
63 37
47 13
16 62
79 22
20 45
13 29
44 97
82 34
81 6
25 80
41 70
39 40
44 9
56 59
84 90
86 88
73 58
83 6
15 21
76 68
2 23
82 51
9 64
27 38
99 50
21 53
85 30
88 0
66 86
95 40
70 77
10 93
4 80
52 48
47 26
79 18
96 37
7 22
39 14
99 31
87 2
86 43
40 36
30 14
12 1
71 62
69 18
42 41
1 23
67 72
34 86
75 61
2 82
6 70
81 68
73 61
8 33
39 55
7 8
64 41
8 72
53 19
69 38
28 0
15 73
60 85
68 83
95 12
65 50
6 75
80 76
43 9
0 43
46 32
71 88
64 63
44 20
66 75
31 73
85 57
81 77
64 69
35 18
62 13
50 0
61 87
1 49
18 15
27 98
81 46
19 87
82 22
73 69
20 19
23 49
55 36
35 34
56 12
98 61
22 53
71 25
76 80
55 15
87 85
24 85
1 93
70 43
10 63
71 38
11 80
0 81
77 30
7 4
86 34
25 69
27 68
71 30
4 99
12 61
44 69
42 93
93 79
85 10
63 0
28 90
72 97
21 26
88 86
49 8
22 55
83 24
75 98
43 23
43 49
21 28
38 40
11 4
1 10
92 22
85 65
1 41
64 71
79 77
70 83
4 47
70 74
63 4
75 47
23 51
10 59
57 21
83 61
32 82
70 29
3 56
59 53
5 58
81 29
75 27
79 20
54 59
90 13
30 4
58 6
53 27
5 17
41 19
38 63
37 77
82 96
95 45
94 24
4 29
23 88
76 39
50 66
2 55
43 25
20 67
48 68
37 48
28 37
27 72
81 53
69 2
48 25
79 84
1 22
0 56
38 45
75 7
74 58
91 89
57 0
83 69
48 96
68 50
29 95
35 27
74 71
64 46
61 92
62 0
9 85
30 53
93 16
18 30
70 80
28 35
21 40
88 74
57 71
61 80
22 10
25 4
84 82
66 3
15 37
1 96
56 63
56 47
99 70
83 20
92 63
81 90
6 27
4 9
82 58
70 3
20 4
83 37
99 47
82 80
74 93
72 89
52 32
30 92
9 82
3 39
51 56
73 99
87 49
63 24
94 17
44 7
75 42
36 27
74 51
82 8
0 49
12 78
74 45
28 64
58 75
77 79
63 82
67 82
84 38
94 79
76 65
91 80
85 40
69 11
36 6
71 35
69 22
71 50
10 6
33 91
31 84
15 30
31 81
82 41
49 98
19 0
6 77
49 1
44 78
45 31
60 61
61 5
7 14
20 60
43 96
52 82
4 75
70 13
74 16
18 92
21 11
39 29
64 44
41 45
17 9
15 29
69 7
12 97
74 96
31 56
0 36
17 66
60 29
54 93
46 81
92 9
72 0
62 37
94 96
36 95
58 93
65 25
74 90
64 15
92 37
89 61
32 29
26 47
83 54
88 69
48 59
17 48
69 4
39 50
58 20
84 87
23 92
68 51
1 11
95 70
15 7
26 35
44 64
91 41
6 99
62 97
81 1
66 14
56 91
43 16
45 26
95 69
77 95
65 27
67 55
36 24
79 17
75 75
96 11
34 12
73 45
27 49
54 10
69 68
32 38
71 66
67 67
40 23
63 64
96 39
20 47
33 14
35 79
78 58
52 15
32 88
21 68
13 52
62 68
19 58
75 39
77 42
6 15
65 20
26 18
43 52
40 85
41 41
4 7
82 33
2 93
61 47
2 44
87 24
12 22
15 4
21 42
96 16
43 60
19 59
45 47
23 13
87 39
92 89
35 73
10 99
12 59
87 25
72 40
22 21
75 21
81 61
55 13
60 87
5 46
46 15
72 30
61 0
38 80
17 94
85 37
19 91
25 76
30 55
45 36
8 74
14 0
56 28
41 47
80 32
18 1
32 77
96 29
41 22
56 48
40 19
22 41
79 86
92 64
47 19
2 65
93 2
30 40
6 25
11 73
2 80
60 24
8 15
33 73
68 56
69 63
62 35
37 1
97 85
47 38
67 95
2 29
54 17
74 43
91 38
4 26
84 48
30 30
44 56
93 64
35 89
12 71
72 33
82 3
70 17
4 76
26 59
61 95
98 92
0 82
34 56
14 29
67 30
35 33
89 18
60 89
74 20
94 85
93 90
68 85
53 68
0 87
67 53
26 0
78 24
11 52
96 17
71 2
90 21
73 5
70 8
49 43
97 56
87 99
32 90
48 91
62 29
52 54
26 63
36 29
9 99
85 90
84 31
72 63
61 40
39 44
25 6
53 70
52 13
0 26
13 78
22 27
57 10
79 12
14 62
92 8
57 82
55 42
67 22
2 97
82 0
71 46
9 14
46 24
42 26
48 6
59 63
15 2
49 92
11 67
26 75
10 36
72 19
54 22
57 4
61 28
26 22
5 79
50 32
4 93
7 46
68 2
16 68
80 79
86 37
39 63
17 59
93 32
78 16
31 31
47 91
22 33
54 4
18 52
52 24
64 36
47 65
48 26
1 20
33 52
18 97
81 80
28 74
88 14
78 85
68 43
70 5
53 26
79 32
5 67
28 77
99 79
64 78
79 14
60 92
80 70
66 89
79 97
11 19
46 62
82 27
77 3
68 19
71 14
66 69
93 8
4 48
12 34
77 94
90 37
95 82
23 54
95 78
11 24
1 81
68 39
8 94
77 99
35 50
33 83
39 71
62 72
1 29
29 40
56 86
45 93
97 30
20 3
66 87
9 51
43 1
77 52
52 97
71 9
95 20
14 21
71 99
18 74
54 77
97 43
46 3
34 49
5 7
48 0
16 7
13 93
76 82
76 67
1 27
39 95
47 6
16 14
19 29
76 13
54 36
48 94
96 34
61 66
97 27
68 60
27 78
52 51
21 93
77 36
5 56
98 24
45 40
70 99
68 18
54 98
90 60
61 25
75 91
9 9
51 51
14 2
55 58
97 51
50 97
39 45
57 3
34 48
27 75
68 12
64 51
26 49
35 7
31 52
90 82
42 94
86 69
55 56
5 98
10 35
80 68
70 90
12 14
77 50
45 41
98 2
2 70
48 93
13 19
99 22
31 53
88 38
80 10
99 11
99 42
28 26
78 33
37 98
42 40
15 84
48 4
34 83
85 28
83 98
44 48
56 27
78 81
3 91
17 34
6 12
47 88
42 32
29 93
77 1
67 23
54 66
88 82
22 56
72 38
23 41
99 98
19 30
21 21
21 79
35 98
91 12
1 33
96 38
23 65
95 10
98 17
93 76
69 82
9 43
33 42
84 73
71 70
20 99
97 69
27 11
9 25
16 20
82 16
22 39
64 62
43 18
93 23
38 53
7 66
70 63
20 81
26 55
74 13
74 0
34 21
14 89
57 69
62 19
63 90
88 18
66 67
80 94
48 64
94 94
94 52
77 96
8 30
27 1
36 15
83 87
53 45
37 80
14 49
69 57
96 99
59 11
94 90
3 27
31 20
32 15
6 59
9 39
56 94
1 32
40 65
91 29
11 75
2 67
27 65
13 34
73 48
92 2
63 92
91 70
44 39
64 22
82 19
95 98
84 1
31 75
40 52
7 64
23 43
91 84
45 15
46 47
18 93
25 41
55 97
87 45
14 87
10 38
46 27
78 15
82 9
87 65
89 50
74 25
34 45
36 84
63 60
88 50
86 95
70 68
86 46
51 23
4 60
89 0
81 23
86 28
95 76
23 72
15 38
90 3
56 78
77 24
84 74
40 60
57 90
74 85
39 98
13 69
55 30
36 4
69 85
38 28
10 98
48 72
64 99
58 57
31 79
88 80
40 3
72 2
8 39
97 86
92 24
18 70
58 39
86 18
17 33
2 3
30 16
86 74
16 6
13 31
72 49
36 23
41 84
45 9
9 34
12 56
0 46
78 67
30 0
80 64
5 8
96 56
77 7
51 10
44 92
48 55
8 3
76 31
0 5
67 75
59 56
66 35
0 13
62 61
90 38
41 10
71 19
49 34
55 29
83 97
85 99
19 50
94 33
27 28
77 56
63 38
63 66
49 30
39 62
6 22
23 90
99 71
69 93
45 69
21 86
45 19
9 46
14 27
35 36
21 78
95 92
91 30
7 99
56 99
37 10
22 18
6 36
2 38
4 33
30 37
10 89
63 13
71 20
38 18
5 74
45 38
57 38
0 15
94 53
65 59
88 15
44 0
79 37
22 86
2 4
99 51
64 56
48 95
91 25
50 9
96 61
78 22
3 87
61 53
66 37
4 36
61 14
89 97
22 58
49 17
41 48
25 75
37 14
82 92
14 83
45 16
15 54
18 25
5 85
81 99
12 73
31 16
24 29
86 55
3 69
33 19
93 74
67 91
75 85
17 22
68 55
51 73
87 30
19 92
0 34
75 86
32 63
51 90
76 7
21 15
44 88
91 14
16 22
25 1
6 2
1 56
10 12
38 77
10 14
99 53
63 67
51 44
51 62
22 96
69 89
30 69
87 42
71 60
41 93
61 36
28 71
92 45
86 94
4 49
32 83
37 33
69 46
24 76
95 28
72 25
17 47
91 31
76 50
43 77
5 94
77 4
55 85
52 63
42 85
1 79
28 66
56 76
66 96
80 18
5 71
50 90
94 80
81 85
12 12
75 19
40 72
65 84
53 3
23 52
20 89
8 96
49 65
90 83
83 38
11 16
18 17
36 26
46 73
13 27
56 2
76 96
8 34
55 21
64 35
84 92
3 0
29 90
94 93
45 46
34 95
33 12
10 83
20 11
25 68
46 56
42 23
60 18
18 49
79 13
74 80
74 10
61 38
54 58
39 70
44 49
82 50
55 94
0 54
28 18
97 96
43 36
25 53
26 48
7 51
44 57
36 11
56 19
81 49
38 33
89 53
30 61
20 73
38 49
32 68
69 56
94 44
33 29
8 43
78 53
35 39
66 31
33 32
96 62
11 14
37 63
6 88
85 15
11 51
17 12
95 73
59 98
10 55
39 96
14 61
26 92
4 46
17 60
95 4
61 74
31 96
65 30
9 29
28 23
96 31
92 90
15 53
86 53
4 56
18 33
55 98
87 74
71 49
8 25
1 71
94 26
12 96
49 32
53 52
55 33
47 66
91 86
84 80
79 30
6 91
45 76
19 86
76 22
7 60
17 70
76 47
76 75
86 26
10 57
5 22
34 97
89 49
19 24
80 1
58 98
70 4
38 43
46 68
20 1
51 53
80 88
14 81
75 94
21 44
13 58
52 72
36 35
6 11
26 30
10 0
98 45
97 37
31 19
88 11
92 12
88 1
3 29
36 8
61 12
23 89
85 80
98 91
4 85
53 5
92 34
32 69
51 43
20 91
5 44
47 4
59 39
6 14
19 61
23 57
48 48
56 37
81 37
0 9
31 39
80 51
30 66
5 75
9 58
29 81
76 1
90 65
34 41
92 76
45 2
3 99
77 39
8 18
3 57
10 47
77 61
21 57
1 47
42 1
59 54
24 84
36 75
11 49
8 31
97 81
19 76
75 68
21 54
27 57
53 91
63 55
1 40
24 67
97 91
82 62
8 16
51 78
88 40
36 41
52 35
49 21
7 26
78 40
42 46
78 34
70 41
74 44
16 89
13 51
5 18
16 36
46 95
2 5
74 98
33 60
10 77
13 43
15 41
42 12
2 99
94 61
6 97
42 36
88 32
56 75
95 89
96 28
17 83
94 5
9 8
84 91
69 79
76 73
88 47
46 12
80 60
52 50
0 19
87 7
0 51
43 33
90 24
2 60
88 58
13 94
79 70
23 31
45 17
18 21
90 52
32 96
28 84
92 26
89 11
30 20
50 87
79 23
20 44
8 22
4 95
74 31
14 22
10 76
59 57
37 88
74 29
13 71
26 60
34 25
77 14
17 45
35 53
5 19
19 52
26 89
47 15
3 40
12 0
34 90
7 93
42 30
48 10
19 72
42 62
63 73
24 75
87 62
13 92
21 2
3 49
26 85
91 45
75 18
53 67
74 18
4 72
96 49
25 23
45 11
42 21
14 78
41 67
66 21
5 6
29 17
8 73
23 33
14 8
46 86
88 92
88 94
83 79
53 51
53 40
91 21
59 80
22 60
1 95
59 13
31 62
29 8
30 67
40 61
89 68
28 67
44 1
55 18
47 97
75 59
68 34
43 4
57 84
65 68
89 2
11 97
21 45
57 32
5 83
25 49
2 77
51 1
21 87
13 2
84 56
18 43
11 38
14 79
33 45
97 7
94 43
99 2
27 66
92 7
30 78
7 55
87 87
86 30
50 54
23 50
51 3
40 66
93 6
51 35
41 91
47 12
65 82
74 5
58 13
20 93
87 1
97 1
3 48
51 57
47 36
82 53
46 25
85 18
97 22
57 93
33 18
33 55
74 55
54 13
71 87
73 79
9 7
14 32
10 90
28 85
65 49
2 39
80 48
11 13
62 66
69 0
28 68
34 81
39 35
49 59
81 10
13 84
91 8
78 97
20 74
52 91
11 0
69 67
50 21
97 61
42 69
33 86
83 17
60 76
73 51
99 96
70 73
48 34
39 77
55 12
17 92
0 83
46 45
48 44
11 25
32 20
32 28
26 9
29 41
47 80
18 55
69 10
53 94
1 34
55 96
68 8
10 30
15 78
44 99
61 44
97 23
66 78
31 32
35 55
49 40
22 14
66 40
67 65
93 82
12 2
50 4
5 72
98 78
94 91
92 44
36 74
76 71
13 7
17 65
19 94
9 80
59 73
59 70
39 17
11 92
79 56
26 6
43 91
84 23
44 35
55 61
92 67
58 85
35 45
33 80
78 29
77 53
34 32
25 82
87 27
37 83
48 54
9 54
70 33
61 85
48 12
59 71
37 12
91 51
34 51
94 75
56 25
40 18
57 11
65 10
5 14
3 14
50 53
33 90
78 57
4 55
32 25
68 77
17 19
53 16
60 69
94 74
94 58
84 86
28 34
40 27
64 83
76 70
98 85
29 76
57 96
92 49
54 45
90 88
65 33
38 75
3 20
88 87
22 23
24 94
56 39
24 61
75 31
18 64
40 71
99 28
72 5
87 97
13 37
41 27
20 14
34 47
39 34
84 83
5 31
75 92
72 52
67 76
24 54
97 26
57 75
28 29
37 90
65 76
95 15
97 40
19 80
49 45
88 54
73 22
88 35
73 33
22 78
55 89
74 38
41 50
92 54
64 37
76 57
17 1
49 66
95 24
34 69
53 11
7 72
59 41
45 68
95 41
85 35
41 5
55 17
83 25
65 40
84 75
66 64
10 40
8 38
73 84
86 14
45 65
73 95
8 5
64 87
17 71
2 73
19 93
4 6
85 21
72 61
41 79
31 72
47 98
94 32
73 34
5 64
38 86
75 38
96 51
44 23
38 61
26 37
11 17
0 50
10 33
21 27
2 66
70 93
75 29
56 90
94 83
8 9
94 92
19 21
39 27
14 91
88 84
98 41
15 58
0 84
73 80
16 18
90 85
8 23
70 82
51 59
84 81
79 10
25 16
0 10
97 24
49 26
8 0
26 97
92 95
98 68
3 61
96 75
51 9
75 57
69 90
1 90
41 17
62 50
43 31
42 33
56 41
13 45
97 45
32 66
5 82
8 11
24 35
65 52
94 57
29 33
69 29
82 64
24 50
6 16
0 67
38 20
49 14
73 3
21 43
94 29
67 28
0 25
90 8
47 70
45 51
18 68
43 47
55 16
19 16
92 13
57 92
50 49
5 48
60 56
44 4
54 35
7 33
84 98
39 80
46 46
46 13
1 51
23 62
93 47
29 28
43 74
24 38
83 62
36 81
50 88
56 13
74 68
38 60
90 48
66 60
82 54
55 88
45 3
75 83
34 3
61 94
71 34
22 51
30 15
14 98
39 65
79 49
35 97
28 45
61 83
18 48
17 3
73 29
80 67
44 67
51 84
13 53
65 35
3 3
49 62
0 29
4 84
57 66
63 40
83 49
14 80
46 70
56 52
36 42
31 25
79 38
16 56
89 30
32 95
87 98
86 50
22 11
5 69
98 47
60 9
15 87
99 25
1 21
37 17
67 54
18 0
96 58
38 24
98 14
67 25
12 39
16 90
1 73
91 59
6 54
7 39
64 49
84 29
31 14
6 20
61 13
72 62
96 97
57 58
98 13
86 6
65 57
15 81
96 86
0 90
25 78
93 85
36 18
27 48
91 61
43 88
0 6
4 62
57 99
56 32
32 58
59 18
48 80
80 42
41 74
93 34
67 77
28 38
12 28
12 88
97 5
29 91
51 20
39 84
13 70
81 8
61 10
28 48
41 32
27 62
5 21
82 42
60 55
8 35
33 50
67 48
58 74
94 13
12 8
71 71
42 28
11 20
38 42
22 7
18 89
67 80
35 32
17 0
68 97
43 83
46 21
47 43
41 69
0 62
49 6
72 28
79 34
31 92
79 94
92 82
60 10
67 41
63 46
55 38
5 50
41 0
10 25
52 80
0 75
98 53
51 80
91 3
86 39
90 87
49 41
7 49
50 64
21 10
65 64
30 24
36 69
90 53
37 16
35 77
43 44
92 78
73 32
72 29
84 85
1 12
27 13
25 65
45 24
89 54
62 42
94 50
93 77
58 92
39 7
97 14
83 3
89 74
79 33
84 12
89 99
91 74
46 30
31 37
9 10
6 60
85 98
38 8
10 60
68 62
75 56
31 69
98 57
19 63
68 28
63 54
40 47
62 3
79 79
8 95
54 2
38 13
61 54
55 73
20 42
37 85
18 34
17 54
87 56
1 80
41 24
23 91
4 61
5 68
58 97
77 51
7 95
14 31
26 45
98 7
9 62
91 2
0 16
35 35
31 8
68 68
36 78
34 59
17 4
41 71
50 8
98 80
76 21
59 95
64 94
32 24
78 47
79 21
69 13
88 48
9 91
79 64
26 58
38 14
4 69
75 1
78 95
65 13
27 83
39 43
49 38
81 31
1 14
7 47
3 37
57 83
75 72
61 65
81 56
56 22
97 87
83 35
82 29
43 11
37 5
66 76
47 89
12 44
67 0
90 5
96 30
70 59
59 65
49 15
40 4
46 18
59 45
52 12
65 34
53 33
17 86
82 55
8 78
14 45
23 17
44 28
43 29
65 42
19 53
10 53
73 65
7 5
93 50
51 37
67 88
77 58
6 55
46 83
47 22
85 2
94 95
71 1
87 36
0 32
1 88
58 29
23 8
98 15
15 6
96 2
79 99
27 29
14 59
15 15
82 76
2 87
76 11
76 36
98 86
52 43
29 12
71 41
55 22
72 56
24 21
71 12
60 47
28 69
55 5
54 44
8 91
6 56
17 79
50 36
92 83
57 76
89 10
89 89
49 5
29 29
34 28
58 16
94 45
90 33
18 60
83 33
94 89
1 46
31 80
73 35
22 52
26 98
32 33
28 2
97 32
98 19
37 93
53 85
15 85
85 12
25 35
13 88
53 39
29 54
81 79
18 88
38 12
95 80
77 87
40 42
15 25
74 86
66 16
84 68
44 55
38 3
99 5
87 19
68 35
11 46
5 63
61 11
34 65
3 55
35 5
16 61
6 37
2 53
89 13
80 20
75 58
91 78
42 2
45 62
18 72
54 81
84 28
46 38
3 17
60 83
80 74
62 8
15 19
1 84
33 57
39 79
11 47
78 80
37 15
53 79
56 57
62 75
1 61
41 30
48 75
97 0
46 96
57 52
24 63
82 23
11 39
36 55
82 14
38 87
21 62
56 17
39 41
15 1
32 50
64 53
69 32
43 40
63 72
59 42
38 59
47 18
82 91
72 45
93 44
86 77
60 57
74 94
54 0
47 71
95 51
50 44
44 46
84 14
12 47
33 34
82 94
77 41
88 45
33 22
62 10
92 21
35 91
49 37
82 87
97 10
48 37
87 77
80 85
22 72
75 4
90 79
15 50
59 60
89 57
78 79
87 61
38 31
21 0
40 56
58 41
52 39
31 35
43 99
37 22
70 45
7 28
35 14
2 33
16 19
36 62
81 22
30 48
13 4
56 18
12 66
6 4
72 15
16 74
40 98
38 0
27 26
97 36
62 86
25 83
36 54
38 16
39 78
34 16
98 11
14 76
85 20
94 56
8 42
4 28
92 0
79 68
34 2
62 59
25 81
18 91
69 88
73 47
1 35
40 57
57 45
28 98
9 52
50 81
74 30
28 7
1 37
55 14
50 20
65 86
75 15
85 1
82 59
59 29
43 28
52 57
54 40
57 20
79 76
87 54
61 43
38 96
50 63
88 55
14 64
80 58
82 7
19 84
61 99
29 30
86 57
90 26
96 1
25 97
61 26
8 48
97 88
24 28
57 65
40 96
86 5
44 74
7 96
47 63
27 39
14 65
75 25
60 62
69 60
82 98
10 3
87 76
42 37
12 54
99 86
35 83
71 8
91 24
17 64
5 91
92 16
27 56
5 89
55 9
6 29
80 87
73 2
16 24
40 45
83 59
73 91
24 51
26 42
31 93
76 87
5 12
40 35
24 92
19 40
39 6
48 14
67 69
43 54
48 47
51 39
7 44
91 43
64 61
40 91
80 34
31 59
54 57
26 11
72 44
48 58
24 57
61 9
43 76
73 14
73 40
25 30
60 53
32 32
97 34
32 14
3 13
55 23
15 44
95 50
97 18
93 95
9 36
40 0
90 44
21 7
77 83
16 72
97 78
81 11
99 41
83 60
75 79
23 56
49 51
89 80
11 32
54 67
12 40
68 92
99 15
40 62
4 44
69 45
64 81
83 63
61 64
44 2
18 39
7 35
31 18
21 88
60 33
49 71
51 64
80 52
27 16
64 47
93 3
95 79
68 38
92 46
32 13
78 39
41 37
25 0
14 14
42 38
90 76
78 4
49 97
29 75
27 88
19 7
21 81
63 36
53 64
26 86
78 3
59 87
35 72
18 80
83 95
52 7
25 24
3 73
33 24
58 52
84 26
87 89
80 66
28 91
92 36
30 28
85 83
29 1
61 81
90 64
27 27
20 76
25 36
33 64
10 23
79 6
42 29
29 96
91 40
50 7
79 54
66 20
73 85
66 85
68 80
48 73
57 37
90 75
3 15
80 80
33 70
90 22
93 56
21 75
39 59
81 34
59 40
96 65
47 2
47 83
70 62
35 62
47 69
26 65
98 94
86 79
11 90
92 73
42 61
67 51
82 36
11 88
52 61
3 81
13 64
56 66
30 3
32 55
54 73
2 57
56 58
63 47
85 16
48 53
69 91
11 30
4 5
91 16
95 25
81 93
26 61
81 4
8 8
27 47
48 86
19 10
71 47
2 90
71 36
17 75
51 77
43 98
71 68
88 88
42 0
96 96
89 19
15 52
6 93
18 10
10 56
86 72
47 77
68 69
54 39
77 35
25 59
60 77
11 50
72 39
2 78
0 61
73 43
35 13
79 46
4 92
61 21
50 76
75 44
90 93
44 80
73 44
8 49
60 65
19 31
4 35
87 20
91 7
97 29
20 98
60 5
85 89
58 14
29 10
59 86
33 82
51 46
52 5
6 23
45 59
10 70
1 74
18 78
53 12
25 22
83 78
1 6
31 4
91 50
65 94
40 34
33 33
56 83
48 99
21 16
58 5
4 97
95 22
43 37
33 5
74 67
11 56
1 75
46 8
3 26
31 29
40 22
83 52
4 21
85 88
57 62
88 51
60 95
48 16
24 68
4 77
39 89
31 90
48 85
1 69
11 93
63 27
33 9
30 57
2 96
82 18
9 3
6 87
16 91
54 89
28 12
83 29
23 19
55 99
88 23
64 21
65 89
38 58
55 70
94 23
53 44
47 93
42 86
23 68
99 6
30 83
99 40
96 24
32 56
65 36
44 84
43 61
55 75
16 94
7 87
95 36
45 27
91 62
31 99
24 74
74 79
99 23
93 40
35 52
88 64
27 25
37 66
88 41
11 29
33 92
41 66
54 84
82 52
25 39
35 20
27 97
65 65
77 89
3 34
86 32
25 18
5 32
9 22
24 45
59 21
39 15
22 65
56 49
11 6
72 47
29 34
46 9
50 1
53 1
22 69
48 70
97 93
41 39
78 87
39 99
83 15
78 69
90 25
95 0
81 24
38 4
23 40
69 19
62 74
69 24
15 59
88 56
12 20
54 72
31 6
6 0
26 41
98 18
17 27
28 53
81 13
4 91
62 33
19 54
83 91
53 7
96 43
20 25
36 91
23 67
37 78
73 60
40 14
84 70
97 13
25 21
74 36
87 57
18 32
80 65
30 27
66 41
43 70
61 16
78 77
23 2
19 98
79 27
87 93
17 20
38 10
55 44
58 77
60 44
80 19
94 78
83 28
27 44
6 80
84 67
46 7
42 53
64 89
18 77
79 74
12 52
42 78
1 87
23 23
5 95
52 18
97 46
21 20
56 10
95 6
33 84
7 0
27 43
72 76
90 16
69 75
63 89
89 83
30 22
72 98
34 19
28 21
85 44
60 0
13 97
69 77
48 21
29 48
80 39
61 49
34 39
81 50
99 64
67 92
82 39
7 42
6 73
77 63
52 26
45 6
98 5
37 36
70 78
77 54
87 18
28 44
98 43
25 15
71 69
64 98
49 46
26 73
64 43
45 95
89 41
54 71
83 82
64 58
88 4
39 94
55 51
84 0
22 84
7 81
12 79
89 87
75 34
65 24
77 67
38 84
25 38
58 82
24 26
12 62
23 80
78 17
68 79
28 75
62 62
29 89
66 68
17 97
22 99
67 9
82 75
15 75
76 59
94 11
52 19
5 81
90 95
4 23
23 32
26 70
22 37
42 27
60 66
2 6
77 65
2 9
32 46
41 68
3 28
19 44
44 21
15 88
88 46
28 55
18 96
89 23
82 79
83 76
41 40
88 22
9 93
64 84
8 41
36 94
33 53
56 46
30 94
94 72
24 95
93 65
56 93
36 46
13 48
85 97
78 96
86 87
60 19
87 55
22 76
71 27
42 59
83 70
69 58
60 67
61 52
7 9
33 97
86 0
73 72
23 99
15 40
45 60
86 76
62 14
88 81
6 26
96 55
41 95
41 82
52 86
69 17
19 88
89 20
90 27
85 76
8 71
35 66
94 55
7 82
46 99
5 73
57 40
0 77
19 62
42 6
20 86
40 99
47 68
81 41
78 44
52 92
69 28
97 15
34 52
64 6
6 66
30 74
3 85
7 73
1 1
7 63
13 96
87 73
99 76
70 24
39 4
63 28
4 64
69 69
93 35
16 44
27 96
99 91
31 67
90 42
79 11
91 55
30 17
70 47
80 86
97 35
65 9
89 15
1 59
59 22
69 26
21 33
95 56
74 49
92 68
42 90
1 13
6 71
9 30
29 55
61 76
2 58
6 64
7 23
13 75
47 72
49 88
59 97
26 20
33 89
72 20
58 28
6 6
95 84
15 3
51 85
38 79
38 71
45 80
92 81
64 60
97 31
23 82
66 32
98 90
64 18
69 83
73 7
0 96
17 32
57 88
16 4
21 76
51 29
13 41
70 98
63 52
98 6
88 67
91 37
28 47
14 5
77 26
51 81
96 3
62 94
55 41
42 42
93 98
45 44
16 12
16 29
13 16
49 85
57 35
93 99
72 99
49 87
68 17
28 80
6 45
64 33
61 48
56 64
70 64
56 38
50 69
43 10
71 21
34 0
13 50
90 86
81 45
64 32
47 10
4 19
67 89
98 56
48 84
3 33
11 62
99 24
65 54
59 72
16 50
95 13
62 53
69 42
35 88
88 6
59 59
52 3
20 50
3 24
5 61
24 72
86 56
94 42
96 95
64 27
46 43
15 13
82 37
28 25
90 78
5 60
65 3
0 55
54 80
87 34
87 71
24 48
89 33
89 16
61 19
10 74
73 73
69 76
2 8
72 21
7 54
58 81
98 8
9 50
88 9
63 21
62 88
48 20
16 92
0 59
53 66
53 35
52 93
22 75
35 41
90 73
61 27
99 84
48 5
2 27
99 21
11 89
45 22
78 72
17 62
43 13
27 21
10 73
10 67
6 92
26 88
19 9
59 10
84 64
58 86
2 35
97 92
82 63
10 10
31 87
53 21
64 55
96 88
74 56
76 26
8 14
94 14
73 36
84 50
44 27
13 13
65 5
7 53
30 79
53 88
73 13
52 73
42 19
32 70
24 5
82 12
56 5
57 61
82 35
9 83
7 84
5 96
10 43
14 63
6 53
12 76
71 76
52 84
59 52
69 44
80 92
59 37
33 28
84 72
30 43
67 60
8 50
59 44
17 76
0 66
23 64
8 80
66 97
54 1
52 60
42 95
28 61
64 57
63 30
93 45
32 91
87 44
8 13
96 0
69 35
63 69
92 72
78 56
92 66
39 18
67 63
50 98
77 97
27 41
40 25
23 81
78 18
18 83
47 1
2 22
90 12
25 50
73 62
35 60
59 46
51 99
49 7
67 29
60 27
75 5
50 38
17 46
24 32
0 60
91 57
1 18
98 83
79 81
9 33
56 6
90 74
16 83
38 34
8 21
65 45
81 15
95 48
39 85
52 90
97 76
10 79
54 52
55 24
65 37
34 77
78 21
11 35
99 60
36 93
76 88
96 19
99 72
56 26
30 1
86 45
80 98
31 86
42 14
9 23
45 77
21 47
51 0
44 5
30 10
61 73
99 62
76 33
21 66
23 87
93 46
33 88
25 79
36 90
79 53
6 89
85 49
65 43
94 1
19 81
34 67
5 29
47 81
58 26
20 31
13 73
77 98
59 68
43 56
91 36
94 38
19 37
11 43
71 45
51 61
61 50
39 1
75 28
44 50
28 4
6 94
11 76
62 40
74 95
40 38
12 31
58 83
7 59
93 58
38 91
95 59
52 87
60 91
59 55
64 95
78 68
37 73
84 7
88 97
4 74
63 96
27 93
98 95
71 63
87 46
56 87
88 29
91 83
4 96
78 5
58 3
96 22
52 96
98 89
4 12
98 58
89 22
65 15
91 4
79 66
32 12
48 51
43 66
45 85
1 99
48 71
27 6
36 12
83 9
18 28
73 0
50 70
86 4
0 98
41 52
45 82
45 5
55 80
38 48
80 5
43 7
88 65
68 99
94 51
83 14
68 33
47 49
41 49
2 72
45 64
72 93
36 57
98 27
58 94
91 20
45 13
57 48
81 14
7 91
29 59
11 64
1 42
69 51
62 48
38 55
62 56
18 81
46 44
58 0
90 61
23 48
20 79
72 64
57 79
56 70
12 86
81 87
78 41
83 47
86 9
32 7
83 85
88 90
23 12
76 77
17 8
63 62
88 2
70 52
62 58
73 56
58 37
50 29
93 62
49 75
46 78
0 31
15 14
3 4
41 2
2 68
74 63
36 87
29 42
66 92
26 43
0 74
86 13
65 32
5 24
9 44
49 99
90 71
74 62
37 31
52 74
89 6
84 20
24 39
86 16
36 51
16 32
78 36
90 84
59 96
14 85
71 59
79 89
54 91
79 29
61 32
50 11
64 0
60 2
7 57
76 14
12 33
55 31
40 63
78 19
54 43
21 70
69 1
85 48
91 91
71 67
50 37
7 62
10 97
23 3
86 1
59 8
39 13
73 76
68 70
59 77
74 42
7 10
88 25
65 47
57 34
98 34
76 5
21 39
93 42
44 31
31 23
3 47
2 48
82 40
8 82
34 17
60 78
32 94
80 17
8 77
73 93
96 54
65 62
36 73
53 58
1 67
50 79
42 47
27 67
43 12
24 52
47 86
54 65
18 75
51 50
47 99
81 9
95 26
24 47
5 92
98 32
31 2
14 4
12 69
58 32
49 67
5 76
92 10
37 68
96 66
43 94
63 44
26 71
25 20
77 76
89 63
53 96
37 54
3 50
80 55
42 7
10 1
18 36
12 68
14 16
61 18
95 68
76 79
71 77
51 54
84 51
65 61
3 89
33 74
84 62
65 7
82 61
27 71
72 8
34 9
83 8
96 35
28 27
63 45
41 44
1 64
3 6
11 69
40 30
46 41
37 82
26 91
82 38
46 77
25 94
8 65
95 67
77 85
85 53
35 75
60 39
51 13
61 4
37 42
13 83
99 12
73 82
26 14
92 42
87 95
32 67
31 66
97 55
15 68
73 28
35 51
8 88
1 25
74 46
84 36
86 96
82 93
46 52
37 32
47 39
83 73
92 58
83 71
58 2
86 58
27 37
15 77
71 56
62 12
53 23
7 88
79 15
66 48
90 62
40 53
97 94
14 86
30 91
44 94
22 48
3 18
69 23
52 17
18 66
42 79
75 3
70 26
67 79
25 44
17 93
95 32
32 39
72 23
93 7
51 92
76 40
8 58
73 1
52 99
20 16
89 5
16 82
99 94
19 2
69 39
20 6
71 82
82 56
36 9
76 93
91 18
40 79
32 45
14 41
38 41
54 5
75 97
71 5
51 26
90 58
42 22
93 70
33 25
74 87
41 8
65 17
83 68
8 46
49 23
89 71
41 4
78 73
73 30
14 48
15 12
10 62
0 93
91 81
9 4
66 51
84 60
35 80
8 85
79 83
99 0
29 18
88 93
82 95
88 53
17 77
14 38
71 57
53 76
10 2
3 36
11 44
2 51
21 56
80 36
80 96
27 46
44 12
4 15
18 71
21 71
9 53
43 39
7 92
5 52
36 10
89 94
57 12
9 17
57 74
27 33
77 21
10 39
42 11
81 98
85 96
99 73
0 22
61 33
7 74
69 47
29 37
14 3
2 30
56 81
75 0
38 92
36 83
51 58
4 24
68 58
62 16
90 36
51 21
75 23
53 22
16 0
50 55
77 38
59 31
8 44
76 49
82 15
74 3
96 78
86 78
96 52
20 90
96 20
69 21
89 75
81 82
3 44
51 38
53 90
71 23
59 3
80 59
45 25
43 5
23 6
75 26
72 79
58 66
2 7
60 6
83 77
16 38
78 50
91 35
39 90
5 13
32 37
89 39
66 45
83 7
81 21
4 40
50 10
35 23
68 25
11 82
75 88
57 78
58 64
23 36
39 92
30 36
76 16
74 83
42 18
57 39
55 54
40 82
46 84
9 68
82 43
87 5
67 46
68 64
60 7
71 17
47 24
55 39
54 74
48 49
19 74
48 22
41 72
55 50
26 46
89 44
50 74
18 12
83 66
73 8
4 0
41 73
98 55
98 9
50 3
7 65
7 12
28 95
9 6
8 47
7 1
50 77
72 59
14 95
13 10
23 58
41 54
4 38
20 70
60 36
45 84
16 69
20 75
63 57
5 36
48 52
51 25
81 76
80 4
10 54
91 67
92 69
80 93
33 76
44 61
34 70
15 17
44 68
39 31
45 45
77 86
26 31
43 22
96 84
49 56
6 33
92 70
56 71
20 18
30 87
70 31
90 34
44 26
42 13
26 50
54 27
56 68
53 53
6 9
95 52
95 93
99 46
89 34
14 9
56 50
43 14
11 27
57 51
14 17
10 27
67 33
74 35
50 52
80 8
69 14
12 91
46 40
26 76
33 61
9 38
55 69
37 19
17 24
48 38
9 63
35 74
95 1
60 40
49 77
26 12
39 11
31 76
39 24
53 0
97 33
97 59
87 22
31 77
91 63
14 23
32 52
51 71
65 74
54 29
60 86
92 50
40 81
54 14
78 13
25 63
81 26
67 57
4 14
8 29
68 26
16 88
79 60
12 90
30 89
83 0
78 48
78 38
79 28
84 59
25 33
44 89
93 20
75 62
4 45
87 32
45 97
37 86
71 29
71 11
22 82
42 64
97 63
51 83
37 47
16 35
30 82
75 76
56 0
97 2
36 19
52 68
52 85
45 63
48 13
94 65
87 80
64 25
0 78
28 56
86 81
27 52
41 60
81 36
7 36
56 1
45 7
31 64
31 70
43 67
98 51
6 3
28 62
65 80
67 36
82 84
13 68
66 7
21 12
19 45
0 39
8 55
71 91
36 61
52 76
46 67
23 25
23 16
65 26
6 7
52 44
46 91
90 0
34 6
47 17
67 85
94 4
34 33
67 2
35 54
45 92
42 5
68 87
75 60
70 85
20 63
70 48
1 30
30 90
80 13
64 4
84 54
14 44
83 89
68 16
24 41
70 65
20 84
8 69
26 1
37 51
47 31
42 87
66 93
2 36
21 98
0 95
37 29
94 82
64 90
91 65
51 74
51 76
35 96
16 28
75 64
13 42
50 84
56 44
73 11
78 1
65 14
80 72
59 90
71 26
20 94
26 15
7 21
34 1
13 89
58 62
82 78
27 63
16 76
28 40
7 83
15 65
35 81
46 17
28 58
70 91
70 87
88 91
2 95
98 10
25 51
63 88
9 13
44 41
72 74
90 35
63 97
63 81
34 71
81 39
31 0
4 37
30 5
72 81
48 56
85 92
49 0
50 31
77 16
11 81
31 55
39 73
83 1
44 44
57 36
39 56
9 72
55 86
71 73
17 42
7 61
15 83
13 79
50 91
26 94
98 0
7 70
17 23
14 92
47 48
9 89
4 1
53 77
75 36
51 93
76 81
69 80
16 64
28 11
83 50
26 81
20 65
49 63
22 1
17 30
8 19
29 3
29 94
40 78
74 53
75 69
35 58
28 24
12 23
34 37
52 71
47 60
78 23
81 84
50 24
34 93
16 98
99 65
29 7
46 97
92 5
15 32
90 41
52 22
85 43
96 48
93 49
81 3
22 34
30 25
98 87
63 42
80 77
77 78
45 72
72 16
58 69
68 40
8 75
37 50
40 49
66 74
50 28
81 92
93 84
59 23
37 55
57 8
70 51
24 8
83 2
31 47
2 54
74 70
51 96
12 42
3 53
14 84
78 51
6 30
96 72
46 98
98 21
91 52
13 33
85 71
89 36
72 85
12 98
80 46
66 6
29 51
70 94
40 97
22 9
87 81
25 19
22 57
46 19
54 79
62 93
63 43
11 68
33 41
97 52
92 3
79 71
21 17
92 14
33 3
99 80
15 31
56 54
34 73
67 17
91 19
29 52
21 59
19 64
59 58
90 47
59 78
72 94
69 64
24 97
29 64
19 95
4 98
22 73
64 24
14 82
38 85
58 88
51 42
44 8
77 19
3 2
66 47
8 45
44 51
49 22
13 56
30 59
19 67
18 84
48 77
23 75
97 17
7 67
