100 3
44 72
8 89
40 46
72 28
72 77
13 31
81 94
39 36
95 74
65 64
59 53
3 87
3 27
77 62
85 5
89 45
21 84
67 98
15 94
85 61
42 96
13 27
47 68
68 17
31 89
86 50
74 17
15 19
9 55
62 26
75 89
50 42
79 63
25 0
32 99
87 47
93 1
35 62
84 37
91 40
40 5
95 99
6 98
74 9
60 81
34 52
26 79
21 13
98 32
11 56
71 36
13 12
30 95
81 19
45 94
84 35
85 24
44 62
39 83
31 62
14 57
24 79
77 36
68 85
56 16
46 44
46 2
71 34
17 63
85 83
2 74
29 48
74 30
28 46
93 43
38 78
85 41
38 80
99 39
16 96
5 63
54 39
49 42
35 94
28 21
56 3
64 72
17 99
18 60
46 6
64 57
90 34
4 21
64 80
18 50
70 95
59 55
81 43
94 4
53 85
1 94
7 53
87 29
28 1
49 28
11 29
99 19
45 29
76 30
40 19
96 12
59 97
58 14
88 41
8 87
42 77
29 82
44 51
7 31
39 19
11 20
87 63
17 43
31 98
50 55
59 28
40 1
71 3
13 77
48 96
62 59
93 37
85 81
8 28
48 48
49 82
16 90
20 45
4 19
0 12
71 59
9 78
15 39
40 50
92 45
99 36
81 49
13 9
74 82
29 81
81 3
30 75
46 34
86 24
28 83
63 50
76 8
45 60
66 34
44 56
48 66
27 2
69 0
64 54
21 11
45 44
51 15
81 74
44 63
51 27
39 18
56 83
49 73
67 4
39 17
45 39
24 38
0 81
65 78
83 49
81 67
15 29
82 71
1 45
56 64
35 36
60 71
77 27
77 34
23 28
37 25
24 92
13 57
20 49
76 91
7 55
96 29
58 41
96 30
62 35
0 74
20 60
51 97
65 77
30 74
99 6
63 93
26 58
63 41
33 94
78 39
2 39
44 46
84 1
50 22
37 22
22 96
57 89
87 81
11 52
56 0
73 18
60 72
76 7
43 32
40 75
58 4
44 54
60 1
42 46
33 57
46 74
86 73
52 25
10 86
77 61
94 25
2 30
91 65
91 42
44 38
20 85
32 29
56 98
74 62
33 29
13 35
52 71
56 13
16 92
77 50
60 85
73 50
45 13
28 72
43 95
89 53
79 93
27 24
62 27
59 60
57 56
72 14
30 43
34 45
37 47
17 4
88 56
10 29
83 0
54 14
21 97
45 73
39 7
58 96
56 63
11 45
0 67
11 53
98 57
58 34
5 23
33 26
37 20
51 51
50 53
34 22
82 53
51 63
7 49
30 13
87 83
13 65
78 4
78 22
75 90
81 48
65 10
68 79
25 28
6 30
5 2
77 9
15 71
49 7
60 38
28 81
73 22
27 88
36 69
13 42
28 82
92 67
60 4
24 28
66 15
1 72
71 70
72 96
67 45
3 98
98 11
42 35
67 22
72 83
53 59
81 42
63 74
95 96
64 79
65 24
47 3
0 11
18 70
82 48
80 82
72 86
11 47
70 70
41 84
55 8
62 55
94 2
21 79
15 10
72 97
8 65
90 39
5 44
5 46
73 87
19 87
62 64
80 15
12 34
96 76
15 32
55 32
4 91
94 58
14 60
76 36
75 41
56 1
52 30
7 51
0 7
47 97
5 90
60 83
19 61
39 56
87 87
24 70
49 15
58 74
33 84
41 49
83 69
72 72
54 41
6 19
72 75
56 71
58 59
20 37
0 93
84 3
26 51
41 13
18 12
5 32
40 68
53 38
81 8
98 76
16 19
94 52
51 77
53 35
55 70
14 43
14 63
15 80
86 89
80 34
62 62
21 53
12 20
66 36
70 44
53 23
28 78
2 10
14 59
96 86
28 75
25 10
22 81
61 7
54 28
67 92
13 69
62 95
44 27
4 5
87 8
34 5
60 22
27 99
25 85
95 71
2 73
63 72
18 67
97 95
92 42
26 73
63 84
62 94
93 45
78 52
68 98
44 98
87 40
38 77
79 51
78 62
63 19
49 80
60 70
57 78
83 48
78 88
90 71
3 94
2 52
67 36
21 94
59 12
69 6
33 46
56 37
85 80
66 23
81 26
85 95
11 69
12 91
77 88
70 10
53 49
76 22
7 6
12 49
28 23
34 43
71 87
12 5
9 24
89 27
46 85
15 20
86 79
96 83
52 26
96 65
67 52
42 94
47 7
91 15
71 38
5 80
97 90
41 29
79 91
6 74
70 42
4 56
23 73
33 92
5 37
81 16
10 74
65 5
66 3
57 34
95 59
84 47
30 39
39 67
46 60
99 28
10 15
30 82
97 42
71 19
25 65
90 89
47 47
6 48
16 49
51 78
96 98
73 51
51 95
41 0
54 59
82 67
20 69
59 85
7 0
35 32
10 13
76 96
41 42
99 12
3 14
50 61
19 43
14 42
23 19
33 52
98 96
42 17
45 30
17 37
6 64
87 90
71 51
49 66
93 89
10 78
71 1
3 39
24 73
22 16
15 81
76 24
9 47
90 54
75 53
79 14
9 63
72 11
12 19
90 40
9 76
16 93
77 10
34 67
60 42
55 3
89 64
25 64
59 88
11 59
54 26
90 86
12 21
87 62
46 88
89 69
49 4
57 31
1 65
67 35
32 5
75 9
21 61
53 19
46 7
24 17
51 56
53 45
99 61
11 36
85 31
26 56
66 50
76 31
34 9
83 15
27 26
88 73
42 93
5 87
89 4
22 30
97 68
93 92
28 98
25 57
49 21
38 59
41 44
79 20
18 20
45 8
63 32
25 8
64 4
59 26
52 27
53 20
65 14
92 99
8 72
68 27
6 52
29 36
17 86
21 60
79 15
99 83
28 35
33 16
43 27
23 86
29 60
5 9
30 38
65 45
11 91
26 40
21 72
84 81
74 43
23 54
14 8
97 53
60 96
65 87
92 7
4 15
99 49
30 1
7 50
29 73
94 15
74 63
94 71
12 68
30 96
52 97
4 47
50 40
62 96
28 96
32 25
47 21
28 79
9 6
27 34
30 58
89 63
7 57
22 71
48 18
20 23
55 50
63 31
42 63
31 82
39 77
75 67
69 51
31 80
88 5
86 36
8 34
20 89
15 55
27 55
78 80
46 47
51 68
58 32
12 44
48 75
98 86
16 72
27 85
85 88
43 17
34 48
27 77
72 3
1 59
49 47
42 38
38 60
18 10
36 61
5 43
42 13
86 13
69 84
85 75
97 58
79 34
77 11
82 23
18 42
75 43
61 74
13 87
58 29
79 72
80 33
69 41
91 92
99 26
96 38
34 89
95 68
53 70
34 79
7 20
56 55
29 5
92 85
34 29
5 4
74 96
29 61
79 87
26 7
51 36
59 23
10 3
99 11
50 57
9 19
52 57
61 70
19 17
62 32
16 80
43 50
10 14
43 19
86 99
0 73
42 3
84 89
6 8
50 75
30 98
67 15
79 2
78 26
61 84
14 11
37 78
13 26
18 64
85 82
59 1
66 91
64 44
43 66
71 80
19 29
38 90
37 81
92 68
10 81
17 79
94 75
73 39
97 5
63 89
1 91
93 56
63 12
50 77
45 37
12 73
12 8
53 40
89 75
55 2
11 89
32 89
19 3
44 97
19 90
75 65
67 6
37 18
30 57
76 72
21 68
66 11
56 86
51 46
85 9
35 78
2 47
31 33
82 10
4 17
39 85
34 85
80 40
65 85
52 89
47 61
86 87
66 29
23 16
2 77
32 60
14 22
16 89
23 75
11 51
35 33
41 75
49 60
74 44
2 50
11 77
69 54
98 94
3 77
82 5
46 65
35 23
57 4
71 99
75 72
5 18
53 46
37 60
81 75
15 46
29 58
14 21
61 36
13 36
10 31
59 73
51 13
83 9
97 18
20 14
81 89
91 37
75 0
17 83
56 43
59 14
82 59
82 92
38 67
32 35
22 32
6 42
81 23
39 15
15 14
95 84
57 53
92 6
24 54
38 39
26 92
87 4
75 77
29 97
35 20
17 92
85 84
75 37
72 87
96 6
89 6
26 32
26 64
78 54
24 53
41 20
96 24
35 80
38 3
93 10
69 29
99 57
26 47
63 27
11 79
85 99
11 2
28 77
98 2
18 21
5 11
37 61
93 98
16 67
81 12
57 99
42 53
96 16
56 8
18 43
46 98
74 26
66 9
67 33
16 84
61 57
54 94
13 19
10 40
86 11
14 15
35 55
16 75
85 37
57 67
91 63
90 67
10 0
2 4
73 36
85 74
2 3
15 60
70 34
89 77
21 45
7 39
44 31
97 51
31 73
72 9
64 47
8 41
69 2
29 7
2 97
24 27
97 83
26 3
93 59
9 88
88 90
90 2
99 44
73 32
78 7
62 10
35 7
19 18
18 91
32 68
34 21
65 50
85 85
58 62
64 12
12 45
43 42
16 66
44 50
91 56
36 87
18 13
15 40
97 63
20 53
87 9
98 64
70 91
48 33
15 38
5 77
18 53
22 54
24 97
90 76
30 18
47 50
89 44
67 30
87 5
45 38
78 28
97 9
85 73
0 59
27 43
75 73
90 78
95 45
62 98
29 42
10 56
51 10
51 48
31 94
77 22
51 58
87 80
74 78
98 34
38 87
75 86
16 43
23 69
14 13
57 44
9 35
57 25
23 41
4 79
42 75
94 54
94 56
27 87
98 16
35 14
41 71
15 95
61 3
31 28
92 72
66 97
90 73
21 30
84 8
40 79
26 55
22 90
0 32
31 60
2 89
29 83
28 5
9 94
93 76
59 51
96 8
59 94
88 55
12 41
84 11
55 39
86 2
7 84
83 12
9 85
41 99
14 34
67 20
57 27
99 48
73 19
95 21
72 7
58 42
93 29
36 5
43 76
49 33
44 75
38 2
35 66
61 45
71 84
12 90
36 56
26 11
96 48
92 95
94 80
56 44
59 25
63 76
79 0
59 37
19 55
48 24
43 28
91 98
37 89
78 67
10 95
61 61
77 75
11 15
18 35
53 61
30 25
41 77
63 21
61 53
81 47
57 73
94 93
16 14
96 49
88 97
87 18
19 8
49 22
46 26
98 72
16 46
43 43
75 35
42 69
98 40
56 27
28 51
36 11
43 93
70 32
48 70
35 90
84 58
85 98
97 46
60 45
1 13
63 92
37 71
26 21
34 1
29 27
53 2
2 0
86 19
95 88
36 59
83 8
8 9
47 62
2 26
33 55
53 94
2 70
47 60
81 0
72 56
76 27
89 34
51 52
51 33
14 16
29 77
99 2
0 6
48 59
26 4
85 67
83 96
74 81
13 90
77 38
38 82
70 41
78 1
8 75
40 11
20 39
59 50
87 21
57 39
40 3
17 9
37 67
94 0
61 54
14 0
94 85
26 38
21 58
86 66
6 36
8 92
92 69
77 15
91 64
43 38
50 71
38 63
4 63
67 17
68 43
63 95
87 58
21 99
63 37
20 2
21 19
34 7
89 28
33 32
17 67
45 3
73 35
88 83
80 37
92 78
8 63
3 51
11 35
22 60
38 86
22 86
57 58
38 19
63 11
77 7
77 72
52 17
47 77
55 88
66 21
68 46
37 5
70 38
19 44
30 33
34 34
12 23
66 87
91 85
22 97
83 21
19 98
73 49
47 13
30 47
68 2
49 70
13 52
81 56
96 62
68 94
79 41
8 30
45 80
81 35
57 10
52 62
47 59
59 69
83 7
16 70
86 54
98 71
42 33
36 90
6 13
89 62
94 78
4 90
69 39
11 58
37 40
71 47
63 86
60 0
41 98
91 14
95 24
30 45
75 97
9 2
99 82
88 51
83 82
39 38
33 64
27 52
7 69
17 61
14 70
68 75
35 34
55 57
1 88
76 68
95 30
14 36
81 39
16 27
40 96
61 23
15 51
6 76
86 64
43 59
41 90
96 31
50 70
27 18
96 67
39 10
4 99
27 32
78 57
94 89
50 35
58 7
18 27
29 71
63 58
51 28
75 57
76 35
99 1
57 47
41 87
65 56
51 71
64 92
67 76
41 57
89 7
71 39
78 8
33 90
17 76
50 85
47 19
70 74
81 70
57 21
82 68
94 63
89 50
0 29
68 96
76 79
96 75
57 17
61 14
20 17
13 64
54 93
16 21
30 3
9 81
22 28
48 15
76 63
24 21
43 89
52 81
96 9
39 35
85 45
35 13
76 45
82 74
58 63
19 5
75 7
50 82
9 58
36 32
98 47
59 65
87 30
9 38
21 40
93 38
76 23
48 40
11 11
33 69
61 99
70 39
1 2
44 5
64 39
28 99
16 47
85 60
0 62
13 83
2 8
78 90
89 43
55 54
20 75
23 26
83 4
13 14
35 12
55 36
88 57
45 76
80 50
24 98
45 90
80 59
48 32
50 59
38 91
21 36
38 81
85 42
97 29
72 46
44 6
5 34
74 24
43 21
8 96
29 8
43 90
21 62
20 13
36 79
44 8
23 80
70 29
12 84
49 43
36 54
77 20
25 63
47 46
32 97
73 96
67 28
65 75
52 65
82 35
61 13
66 79
44 28
66 77
98 41
61 55
20 76
90 16
4 76
15 78
74 25
60 8
79 45
43 67
86 68
77 68
44 52
64 73
80 92
61 77
93 40
63 82
43 56
66 67
56 22
22 10
54 79
21 66
72 42
99 84
14 68
48 56
25 61
61 63
6 62
56 25
17 59
23 9
3 95
64 8
74 13
55 38
70 51
94 29
69 46
34 93
93 32
28 60
2 24
13 23
3 28
79 46
86 77
45 97
62 31
86 78
57 88
88 63
32 51
30 90
83 53
65 1
3 35
10 85
84 12
11 88
65 30
64 68
97 40
79 19
34 86
17 78
39 52
50 62
52 91
95 91
73 79
15 64
59 20
98 83
31 6
86 71
92 94
12 4
35 22
62 3
61 17
50 65
6 47
14 74
79 66
11 90
73 89
61 71
39 47
68 73
65 28
57 66
56 12
17 87
33 83
79 25
24 99
69 67
82 36
27 3
6 29
50 4
29 10
59 68
82 97
84 76
92 34
60 94
80 16
5 85
25 97
34 17
47 37
52 19
23 60
4 37
82 7
15 42
13 30
69 50
22 31
81 96
22 78
27 36
53 69
92 54
93 50
98 12
93 47
29 99
49 55
53 58
67 38
89 71
22 20
65 13
68 9
72 91
16 63
89 78
31 55
8 12
62 60
39 33
11 33
89 12
11 71
27 80
44 55
8 69
76 89
34 82
31 91
11 34
28 70
74 55
5 20
23 7
59 82
77 35
80 70
43 57
91 16
70 92
26 52
91 6
99 4
27 75
49 68
90 83
94 32
37 65
50 81
17 48
40 66
42 6
42 44
82 37
80 58
44 92
39 82
36 6
13 39
48 30
87 12
32 70
20 10
33 76
37 72
1 38
28 61
30 41
51 66
76 3
18 90
20 25
23 99
0 28
89 49
46 64
85 26
67 18
85 66
15 26
77 16
87 25
2 29
80 17
22 73
1 4
88 35
82 33
75 87
35 15
72 59
31 22
21 9
33 60
68 36
31 45
54 77
26 68
92 87
13 96
7 82
41 6
19 21
80 1
27 37
37 79
17 35
39 46
91 20
45 98
64 84
41 70
91 99
37 90
5 28
95 46
61 83
14 32
72 25
66 22
86 4
96 85
19 12
41 85
4 85
46 66
77 5
97 14
28 11
41 78
47 24
45 68
64 35
77 99
54 30
92 5
90 0
26 34
91 22
1 57
67 77
50 45
99 90
66 48
31 35
96 94
42 7
37 37
77 0
42 43
82 4
69 37
26 98
81 27
60 52
22 46
10 54
11 96
75 74
14 73
46 84
10 19
4 57
84 57
60 63
57 70
90 80
40 49
36 72
59 48
77 4
83 55
38 29
45 14
30 91
66 89
83 66
91 28
7 22
23 66
78 65
5 53
84 51
62 29
27 7
48 77
27 73
49 94
20 43
13 99
1 6
25 92
73 1
39 98
87 59
28 13
52 77
42 70
8 25
32 22
56 20
16 30
17 3
73 97
53 97
12 76
13 16
69 42
99 78
75 49
46 91
18 1
18 14
21 55
63 49
82 45
14 3
66 85
33 7
62 80
5 22
63 9
47 12
49 10
20 15
99 98
75 88
54 23
22 1
40 53
11 54
60 20
35 43
88 3
38 8
93 4
2 65
43 97
52 67
57 74
80 7
88 15
50 41
18 89
10 41
91 4
38 76
68 93
76 56
62 83
48 90
60 14
59 49
72 13
21 5
39 53
22 82
6 57
63 64
1 54
59 54
30 31
9 96
13 33
55 10
53 80
14 96
83 57
65 39
90 98
58 90
51 20
83 79
50 20
34 0
85 0
6 70
63 53
56 32
97 56
84 87
23 78
99 45
60 82
93 62
0 14
75 99
97 72
23 67
51 72
83 5
79 47
41 59
1 73
89 68
34 14
97 75
10 47
67 13
89 16
80 81
6 73
12 55
25 44
47 84
91 23
55 82
84 61
29 12
46 11
28 25
20 35
35 74
20 11
8 16
55 64
49 91
95 14
4 33
16 36
9 0
82 49
74 98
51 17
69 27
25 2
4 31
69 47
76 60
24 80
53 53
25 69
97 65
41 95
32 12
9 20
79 69
34 46
67 83
59 22
52 28
50 18
21 83
74 53
64 67
23 4
76 81
63 22
55 42
70 59
50 43
38 54
51 37
49 35
93 41
33 61
53 8
66 63
89 36
56 14
65 93
90 65
77 90
88 99
38 48
51 55
8 53
21 90
60 89
6 67
77 80
72 34
3 29
58 8
22 68
73 69
75 27
16 42
60 6
15 43
87 71
54 71
5 96
93 9
33 49
22 76
15 22
91 51
39 86
67 37
5 33
93 61
97 50
84 25
42 31
45 91
30 16
92 47
41 89
35 97
1 96
27 33
54 66
85 57
82 76
44 93
63 59
36 26
80 29
48 78
44 78
82 77
22 11
3 72
78 5
29 45
52 54
24 1
93 23
72 12
68 55
35 24
16 77
45 46
16 24
61 92
24 87
63 36
82 66
76 16
67 62
23 87
54 73
7 58
65 94
80 41
20 92
78 48
8 5
18 45
79 33
97 94
97 93
78 97
8 78
89 46
89 66
4 50
73 91
80 71
50 33
35 38
11 62
82 78
15 75
42 32
24 49
71 13
53 76
75 93
46 51
20 77
23 15
87 0
71 68
18 19
87 38
48 68
28 74
81 7
54 15
84 6
21 57
87 51
4 69
5 76
23 56
2 71
52 33
26 59
23 42
29 55
41 36
63 55
2 56
53 95
41 28
11 14
75 50
37 59
46 93
28 80
71 52
79 39
65 74
38 53
39 76
85 97
3 61
64 40
33 97
93 83
43 31
40 54
6 75
42 82
28 19
46 42
94 19
70 23
66 32
11 24
43 54
13 84
98 14
57 82
20 31
62 84
59 40
17 49
58 83
66 55
31 1
60 62
39 25
52 15
25 38
84 40
47 36
39 4
50 91
44 48
64 15
2 68
40 31
11 76
56 26
1 70
6 44
51 9
30 73
24 12
17 13
14 20
75 60
84 48
1 76
18 79
34 37
92 49
36 1
64 70
55 35
81 85
46 16
23 11
84 38
34 66
31 13
35 54
70 71
47 54
69 36
30 34
30 42
82 83
12 88
96 90
39 71
15 0
22 94
26 41
91 3
46 24
44 33
95 49
82 29
4 41
31 53
1 16
73 9
19 26
7 45
92 86
69 96
56 93
47 94
90 58
44 84
78 95
23 48
71 97
78 32
25 1
78 10
35 76
43 39
89 52
40 47
82 1
48 9
88 37
33 9
50 63
61 65
53 52
99 40
23 39
67 66
16 51
86 0
45 53
9 54
28 33
91 8
82 98
7 59
61 12
28 69
27 44
38 89
29 65
12 48
28 6
64 34
79 48
98 21
19 25
67 85
96 72
56 66
5 12
77 39
76 37
93 21
88 31
81 83
37 83
0 52
73 74
61 32
61 30
64 41
67 50
11 60
89 41
66 75
11 94
93 85
5 17
19 14
98 27
18 78
56 77
81 97
50 96
40 10
42 65
84 42
73 92
67 7
85 90
30 55
90 68
85 65
95 9
34 77
50 24
24 67
21 43
74 41
10 76
33 5
49 76
98 49
13 92
32 59
60 48
67 64
68 32
33 88
36 41
67 53
68 30
9 59
13 55
59 91
32 64
55 20
22 67
44 88
34 97
58 98
66 73
65 20
83 91
97 85
68 19
84 68
83 81
28 55
89 47
67 68
77 25
68 76
55 59
65 8
41 64
53 16
71 54
34 84
47 48
63 45
88 82
89 35
47 49
36 99
37 99
46 49
16 25
55 76
34 51
4 7
95 31
69 68
71 75
42 73
26 25
30 20
98 46
79 57
36 43
98 44
54 74
49 81
5 40
34 28
42 67
1 81
97 21
41 35
82 79
34 60
1 30
88 58
70 35
66 83
22 63
10 89
24 6
22 79
38 97
48 76
16 99
58 21
81 37
40 36
72 64
36 67
62 93
78 24
36 55
49 12
91 10
64 71
59 34
7 27
31 48
93 2
1 97
54 18
93 87
2 51
13 67
25 82
7 11
60 51
10 20
1 56
36 96
74 0
66 6
10 25
36 70
35 72
32 37
47 58
7 16
50 30
79 76
29 85
45 23
44 25
32 45
42 26
64 38
6 34
11 99
10 77
81 63
9 82
86 21
72 26
11 32
48 89
20 26
42 21
66 62
6 68
89 11
89 89
0 68
98 23
2 99
90 49
31 63
30 78
89 80
88 54
52 9
96 3
90 66
85 44
59 3
86 34
69 89
59 18
7 68
8 66
31 72
0 22
3 93
66 99
0 87
72 31
14 47
45 95
6 97
13 38
16 0
55 46
63 7
26 42
35 91
36 83
59 8
68 28
36 50
76 66
24 50
60 39
44 70
71 88
16 85
92 8
96 28
78 19
7 48
10 70
12 98
85 55
71 33
95 92
85 27
99 31
24 77
11 44
72 17
31 77
64 9
80 68
49 99
35 82
61 33
94 76
31 40
90 18
38 61
29 29
94 33
85 13
44 73
61 43
78 69
89 17
86 3
90 5
55 73
58 51
91 59
89 86
58 15
95 38
4 10
64 33
51 61
45 78
81 14
90 22
82 56
66 56
25 60
8 79
27 48
83 31
48 63
88 89
21 63
83 10
33 91
32 72
35 0
21 73
45 10
37 31
10 23
64 2
1 93
71 56
24 76
73 84
68 77
14 6
7 10
38 69
52 75
54 91
70 99
55 90
87 17
12 35
90 77
29 62
54 55
19 60
47 14
7 46
89 22
44 41
48 73
80 76
65 36
43 11
64 37
17 65
92 27
97 99
98 56
19 93
53 77
2 92
99 73
70 88
84 77
23 59
72 2
97 73
2 17
81 68
8 45
98 63
18 40
59 58
14 12
56 96
26 43
13 62
92 62
40 26
44 26
31 10
41 3
89 14
33 15
16 9
5 27
69 8
81 88
98 95
97 54
90 82
22 52
11 48
66 57
40 20
54 84
80 32
73 59
42 88
74 19
1 9
63 83
36 37
96 92
35 75
26 66
77 41
56 19
28 44
77 67
12 6
97 4
24 41
28 43
78 93
79 50
75 19
46 27
55 83
24 35
73 70
34 72
22 0
45 93
47 71
25 45
81 45
79 35
19 81
1 79
13 97
53 1
9 17
29 30
58 49
2 16
18 11
16 4
31 38
17 1
35 83
97 23
95 61
40 59
64 85
45 83
65 18
90 52
27 11
49 45
52 43
95 50
84 82
21 75
41 39
46 59
18 28
28 7
22 93
67 86
5 30
57 76
88 47
92 26
7 60
80 75
25 40
30 83
85 72
99 30
65 7
35 1
88 23
26 87
38 79
21 23
98 31
91 60
36 97
22 3
50 90
56 90
32 95
56 50
71 41
38 43
82 80
57 24
1 78
55 80
39 61
32 30
75 30
32 39
78 43
35 29
53 30
93 69
90 4
37 76
97 70
98 82
67 31
87 3
2 20
81 6
44 3
76 46
68 72
44 30
56 85
95 75
8 94
50 79
35 46
33 98
85 33
84 93
32 96
35 5
45 5
71 12
40 94
48 16
72 43
80 11
13 37
72 49
29 88
43 58
78 78
70 60
44 67
59 21
17 47
19 84
22 42
42 56
88 69
89 70
70 26
16 82
47 22
50 21
35 67
41 50
34 57
7 34
68 10
75 56
42 15
6 3
31 92
35 31
14 79
57 12
99 67
10 71
42 40
59 35
90 3
64 51
1 5
46 56
59 80
74 91
57 59
78 45
59 63
0 5
18 55
6 92
20 70
64 20
4 36
17 57
61 4
46 69
18 65
88 94
94 44
63 15
26 61
52 98
20 59
62 11
44 66
3 46
99 42
71 64
74 67
91 38
81 76
0 26
96 27
79 77
76 38
1 36
41 10
94 11
35 57
20 61
20 80
91 82
93 77
40 12
96 46
13 60
1 51
38 30
98 19
37 52
88 8
97 13
34 19
18 23
20 57
70 97
69 21
48 92
38 55
20 20
42 80
95 23
33 44
96 0
3 76
52 53
45 50
14 5
5 8
15 6
13 11
60 80
77 3
37 30
11 80
31 23
54 68
47 81
35 79
49 93
26 88
94 9
68 39
71 94
38 52
91 41
46 1
51 22
70 25
90 41
25 16
56 36
53 18
36 80
2 22
43 7
51 49
33 14
73 99
44 7
86 60
80 57
23 68
33 70
93 0
11 83
49 49
28 39
88 81
24 65
39 66
10 53
1 8
55 95
62 76
39 79
4 13
80 43
34 36
75 44
96 51
71 9
84 70
65 82
56 24
59 33
61 52
15 63
38 83
11 84
95 73
40 32
69 82
46 22
15 62
9 9
87 15
8 39
15 7
31 30
85 77
55 28
28 91
34 2
75 71
26 70
62 39
62 20
71 26
3 50
57 1
37 2
45 67
54 36
37 9
87 96
3 48
37 87
79 49
81 51
93 30
41 41
93 22
20 58
58 77
84 43
66 66
71 63
79 85
29 33
60 64
83 2
40 61
35 98
27 50
24 95
74 76
32 19
30 80
23 52
80 85
68 87
64 49
12 27
99 81
15 30
69 5
31 81
87 52
61 15
37 14
45 77
54 75
79 70
25 43
81 25
93 68
68 54
19 92
12 81
13 22
10 58
78 99
31 66
31 42
65 97
85 15
8 44
70 36
89 30
52 88
39 54
40 17
46 81
33 86
37 10
74 31
25 93
22 36
9 66
2 72
62 86
7 29
17 52
38 16
90 31
73 73
36 31
45 16
15 97
50 67
45 27
43 35
62 82
26 94
4 59
3 31
66 69
55 1
19 47
1 69
0 15
12 63
67 42
68 57
3 26
6 96
19 86
26 80
64 27
36 3
71 44
43 16
27 91
95 43
82 55
2 23
18 71
33 73
65 86
55 43
62 30
85 19
69 57
68 70
37 13
6 60
98 18
0 1
35 95
82 6
66 88
74 11
32 49
41 17
1 85
61 64
43 13
74 61
30 54
0 41
23 70
91 57
56 34
27 28
15 54
23 22
74 75
49 61
18 37
0 72
12 69
62 5
25 47
69 83
60 46
66 74
97 60
12 39
69 94
24 19
68 69
23 88
14 24
79 53
93 72
74 85
32 46
97 20
95 93
50 93
26 17
7 2
14 58
18 84
64 55
52 48
52 0
86 97
22 4
89 76
98 28
6 89
10 9
94 50
48 3
95 2
98 50
29 92
56 7
69 87
62 89
32 0
5 97
35 4
62 58
81 84
67 70
39 27
65 11
48 62
61 34
36 49
65 34
3 64
91 30
87 94
51 35
15 24
31 84
76 62
0 40
46 80
27 21
34 65
56 81
82 63
55 26
14 77
99 87
26 53
31 11
17 25
79 22
95 90
8 35
68 44
60 99
38 14
18 85
37 11
41 62
58 5
62 61
88 7
50 47
3 2
6 31
62 16
13 20
77 82
73 52
11 85
62 97
14 94
59 84
36 53
58 9
61 87
66 7
91 87
31 27
75 47
40 34
52 37
9 10
43 77
14 35
57 50
91 43
82 86
54 35
42 68
82 44
66 94
75 21
27 60
27 93
97 27
99 5
36 78
5 67
22 98
15 4
16 64
47 75
28 65
65 21
56 99
91 25
44 68
40 92
97 38
16 7
66 20
6 95
29 84
62 71
26 50
39 55
29 90
6 79
19 32
26 19
40 38
51 89
48 14
72 63
99 53
79 84
44 86
76 28
97 77
30 92
53 15
84 49
73 65
26 76
47 56
31 12
88 18
32 65
20 6
2 69
55 17
57 97
41 69
68 24
52 80
58 67
78 74
86 90
57 41
22 64
7 61
98 70
44 37
32 50
67 9
28 0
91 35
94 96
96 19
90 70
7 64
73 95
97 87
93 44
63 14
75 38
21 93
53 51
82 73
75 17
6 23
78 51
5 58
31 16
6 15
18 62
60 33
68 15
21 48
79 75
4 60
67 29
64 3
31 32
27 89
55 12
69 77
6 56
96 55
58 85
61 29
25 23
84 33
5 61
9 73
94 57
2 49
41 79
54 22
68 99
51 39
60 87
98 35
36 35
72 58
67 91
76 20
81 54
22 24
42 64
75 55
75 80
29 11
64 43
51 14
48 86
12 80
87 32
69 33
42 41
25 34
76 87
95 48
54 44
18 3
81 78
89 87
86 9
34 44
48 7
70 78
53 50
66 38
94 51
1 95
82 85
32 94
42 25
11 40
96 11
57 55
96 57
0 64
28 62
42 18
6 55
8 43
53 92
47 26
54 24
18 94
44 1
26 35
79 74
93 17
55 49
27 98
20 73
92 64
44 45
32 38
94 65
73 80
79 27
9 60
67 89
34 83
66 26
1 0
26 74
65 96
80 49
6 51
86 62
32 77
84 50
33 99
95 22
51 6
40 65
94 59
48 27
97 34
88 87
32 28
18 51
29 3
91 12
17 98
47 8
11 93
3 86
91 50
61 42
52 51
2 41
28 90
94 64
75 3
47 10
48 54
56 76
81 98
51 45
27 86
86 1
28 28
24 42
74 87
58 60
4 51
4 49
41 14
20 4
12 78
84 78
22 92
65 79
57 7
38 66
92 74
1 82
73 86
88 43
99 10
9 32
35 56
19 33
20 30
26 22
4 82
35 26
24 72
87 65
54 43
67 90
21 4
97 57
80 97
64 88
88 60
4 71
49 85
53 98
19 91
7 86
50 60
9 90
78 18
51 80
49 90
38 40
65 57
23 17
10 34
62 92
84 5
25 72
7 36
1 75
90 14
57 60
72 92
28 52
85 28
21 33
28 31
97 35
39 95
57 54
69 49
96 58
57 81
22 74
77 77
34 47
23 24
3 83
94 70
34 16
83 40
42 86
35 70
73 3
14 51
26 24
72 60
30 77
32 79
48 34
43 29
6 85
92 23
14 52
97 64
41 63
23 77
40 21
74 28
62 14
8 48
77 87
62 81
90 94
45 59
73 0
72 0
13 88
36 64
74 51
42 60
64 65
91 26
80 53
14 89
36 21
57 96
72 44
25 26
1 22
30 53
81 1
65 46
89 0
92 15
15 73
66 35
48 47
65 40
46 50
98 68
21 16
62 19
19 49
55 48
13 61
22 70
92 36
61 50
51 67
87 54
62 45
94 39
35 48
78 76
87 73
41 94
68 89
4 77
47 2
35 61
73 20
24 37
32 98
26 69
43 65
27 66
83 16
95 13
77 73
18 39
90 74
39 88
18 83
16 83
83 26
65 65
50 44
87 92
58 30
51 92
94 90
38 4
43 6
40 25
61 20
61 24
3 20
32 55
89 31
67 72
79 99
12 70
32 90
15 3
6 77
50 87
7 35
42 91
87 26
91 34
43 80
87 10
10 11
95 25
28 3
20 65
90 28
98 93
38 21
46 45
21 85
92 20
77 6
12 25
81 53
57 48
74 97
40 7
67 26
14 91
11 27
8 13
99 99
3 90
99 91
48 5
52 20
96 60
11 21
20 28
70 27
63 77
53 96
53 93
40 82
35 9
85 59
52 18
3 38
18 25
9 75
50 76
17 33
92 44
45 40
16 8
48 41
5 66
19 70
78 59
10 62
96 88
98 5
51 1
93 84
31 36
77 26
83 87
82 28
24 36
17 58
80 44
34 4
52 63
47 42
13 95
97 71
86 48
56 40
53 48
16 50
70 96
33 18
9 99
18 74
87 82
50 12
20 38
55 62
29 44
20 95
2 62
98 20
98 78
66 39
72 48
31 37
20 52
54 8
68 53
40 43
39 72
42 29
49 86
64 83
40 6
68 14
37 88
73 31
50 97
90 32
47 40
80 99
89 26
97 15
26 44
29 26
21 56
27 39
88 88
47 38
61 90
84 73
60 73
43 79
4 22
93 73
50 83
13 91
74 84
19 83
42 14
44 15
66 52
13 24
72 19
49 65
80 54
24 33
62 44
72 55
41 37
29 67
86 52
21 91
48 10
58 66
95 63
94 37
25 9
1 77
32 32
45 92
10 94
68 62
95 1
7 15
41 16
69 15
59 75
14 82
52 21
67 93
76 88
97 30
46 54
70 89
24 40
87 69
5 42
40 98
93 75
18 58
42 49
34 56
89 94
82 24
34 75
42 55
97 11
6 22
7 88
47 39
40 4
14 92
9 28
53 31
26 48
90 75
25 84
7 38
17 0
9 22
9 3
19 35
82 22
86 7
46 39
18 36
3 73
94 84
39 6
17 62
80 66
72 99
82 81
67 82
4 29
77 33
4 26
21 26
81 82
90 47
84 27
38 36
77 58
64 86
79 88
16 16
82 31
64 10
48 22
88 86
44 94
31 50
21 39
28 42
50 66
61 6
67 79
40 87
27 92
1 58
15 13
26 39
89 23
23 63
78 66
21 67
82 91
23 96
86 95
29 1
59 76
41 53
49 11
13 2
83 80
25 52
39 65
14 17
85 6
76 17
61 66
13 72
50 86
19 19
83 90
46 68
56 18
4 94
98 53
54 64
22 84
62 52
83 59
82 17
99 63
76 12
49 0
71 69
93 39
36 81
2 31
38 88
38 46
29 75
86 12
42 87
55 31
61 60
18 34
58 27
10 5
4 80
65 2
64 77
89 56
51 88
68 4
8 84
11 49
94 8
49 26
21 42
38 49
65 17
72 24
90 20
63 79
55 18
2 43
15 72
40 77
35 44
24 39
47 20
50 72
56 5
93 65
83 13
73 56
52 70
0 27
7 25
74 36
76 99
97 82
73 11
37 6
31 34
95 15
17 70
1 63
32 26
57 77
77 54
81 71
41 9
14 85
91 70
29 39
61 81
68 74
60 78
49 20
17 29
4 75
67 94
97 47
82 47
62 33
43 74
14 53
17 14
82 15
34 99
45 25
7 19
66 31
71 37
34 6
26 71
56 69
89 73
67 81
22 40
27 79
98 30
74 90
97 8
50 29
88 44
15 21
50 5
39 39
62 85
55 6
93 42
80 95
52 3
68 34
64 24
41 52
57 14
60 54
12 33
72 33
93 86
21 10
97 28
8 74
12 43
63 20
94 46
8 60
82 19
36 44
99 54
64 46
86 44
37 24
46 9
38 65
46 32
67 74
11 95
48 0
42 20
58 2
90 7
4 28
88 14
53 33
80 88
44 2
35 19
13 56
66 93
60 53
34 35
72 52
14 55
84 67
60 11
31 78
27 8
75 58
34 38
2 61
28 34
82 40
92 66
53 74
29 43
91 72
53 5
73 72
75 4
39 69
38 38
32 6
70 8
72 36
86 70
16 5
57 95
77 51
20 55
87 85
80 24
31 14
45 18
14 28
15 44
37 74
97 62
49 46
98 1
73 68
94 36
95 51
58 18
63 80
3 60
1 1
72 40
86 96
66 24
47 23
47 85
25 22
9 80
60 32
71 55
72 27
95 26
74 52
38 44
57 71
88 24
75 85
94 5
73 85
81 93
23 29
43 0
22 43
78 79
16 58
6 39
1 25
26 54
19 38
24 88
69 13
91 39
91 81
77 40
34 55
30 2
69 99
8 1
0 18
48 6
59 0
76 29
42 76
80 28
93 14
30 12
17 95
51 47
10 10
80 6
78 29
77 44
68 92
43 47
75 61
26 57
33 21
74 93
73 27
63 38
26 89
30 22
48 51
25 50
12 94
47 98
23 83
97 16
19 82
30 63
61 88
90 62
1 92
24 89
8 73
90 51
15 92
10 7
88 93
23 32
72 18
19 27
19 59
71 35
76 83
69 26
0 45
49 50
94 60
1 80
38 93
70 67
6 4
63 29
98 8
89 92
13 0
16 10
94 13
97 79
95 16
61 75
11 26
29 49
90 50
2 57
3 44
47 83
16 26
69 56
53 21
10 12
95 18
27 47
99 88
48 99
93 8
12 14
45 31
70 56
56 33
57 36
73 58
17 44
0 57
34 87
72 4
12 79
54 85
1 64
83 35
71 81
9 39
70 50
63 6
19 58
76 40
27 41
35 69
77 69
71 93
5 57
77 94
96 97
13 70
97 6
27 53
98 25
32 83
94 68
76 84
4 38
53 12
7 37
10 2
23 38
80 23
69 60
99 13
32 18
81 90
45 51
73 13
43 82
46 72
88 79
0 75
35 8
31 25
39 37
35 85
2 37
49 74
16 28
22 99
14 75
12 96
81 5
99 41
34 15
59 29
51 21
46 78
73 21
81 64
19 46
33 25
91 79
53 86
63 0
16 98
33 51
22 8
57 13
17 10
83 68
19 79
15 86
32 73
97 32
63 99
68 84
84 90
82 43
47 92
89 15
72 89
12 82
87 48
77 57
93 57
90 99
35 40
79 58
51 85
80 55
5 91
27 62
60 84
83 33
25 7
19 72
12 97
3 36
3 22
52 13
45 70
36 28
83 64
35 21
87 95
19 11
42 71
86 51
38 26
15 69
17 32
18 95
44 29
48 72
30 40
51 3
47 1
69 40
73 34
37 94
41 80
45 66
10 17
36 19
19 73
34 42
0 77
85 36
91 2
93 25
64 50
87 97
56 91
34 59
98 74
94 86
58 53
3 25
59 43
70 80
17 17
93 26
78 82
83 86
82 9
55 55
37 1
56 10
83 67
92 31
86 31
78 37
64 11
48 12
99 0
18 47
20 22
35 49
86 22
26 2
24 69
83 62
76 65
64 31
35 68
95 97
77 56
38 99
6 28
83 47
31 31
25 3
23 23
14 50
73 2
66 95
59 15
57 33
19 66
31 69
57 93
83 54
59 70
37 33
55 44
37 8
73 43
3 42
44 44
69 59
76 50
37 15
20 82
57 15
46 96
40 13
90 24
58 94
63 1
62 41
17 28
3 37
18 17
96 25
62 99
1 7
27 4
37 38
78 42
55 47
67 59
80 72
99 33
92 60
53 60
71 45
44 61
64 22
48 60
96 66
42 74
37 80
59 61
91 90
70 12
36 76
17 31
70 46
40 91
29 6
80 22
57 46
58 48
37 57
74 88
12 87
36 17
59 38
78 87
50 27
33 8
49 53
27 40
74 33
79 68
75 13
62 49
86 38
32 10
54 53
66 82
0 44
30 76
30 85
7 18
52 58
7 65
5 35
72 73
86 72
5 69
37 36
45 82
93 70
13 43
71 53
8 29
79 65
7 42
42 42
21 74
8 17
26 15
66 0
47 34
88 65
91 33
86 91
69 11
23 71
63 4
18 9
11 55
72 41
9 5
94 49
13 47
44 42
78 86
6 86
61 10
4 93
33 81
95 35
27 69
74 48
27 61
10 49
53 29
78 6
17 40
69 7
14 93
30 66
37 85
23 44
56 89
84 31
21 89
10 28
36 25
9 29
30 50
6 71
3 17
70 72
78 77
51 81
72 82
17 7
73 75
60 5
77 65
99 52
91 55
19 53
67 2
25 30
11 37
38 7
54 78
95 95
40 15
69 80
98 88
34 63
30 48
88 95
7 56
46 31
49 78
78 72
84 0
54 83
71 79
63 44
93 97
5 39
30 19
36 89
28 71
34 31
70 3
67 65
79 32
21 64
8 6
76 82
89 59
98 7
20 56
37 49
5 5
38 34
38 57
82 72
22 5
3 88
37 62
95 53
44 76
70 66
70 73
17 64
55 98
18 29
0 66
63 91
1 61
25 24
67 21
21 14
30 35
54 2
85 29
27 54
46 10
75 11
6 9
76 71
0 56
81 65
19 97
58 55
51 4
21 1
92 63
8 86
82 95
81 61
64 59
61 5
32 53
45 63
0 47
78 46
73 66
30 36
60 86
84 15
74 92
22 61
47 41
35 81
99 43
74 14
49 54
63 96
92 13
29 87
55 67
60 65
46 18
32 63
47 88
9 91
43 88
48 97
92 65
47 53
92 24
98 89
50 49
76 43
48 50
64 60
53 36
9 34
8 8
49 24
40 2
91 69
14 49
80 38
47 32
31 64
23 40
65 99
55 23
10 67
77 64
99 38
98 13
63 46
89 51
80 64
14 69
88 66
26 60
14 61
48 21
36 16
70 87
93 93
45 41
80 9
40 73
52 34
54 82
42 39
46 14
15 76
4 45
84 28
21 41
74 50
59 89
20 48
36 60
54 62
75 36
24 62
54 4
37 34
85 39
47 91
20 90
73 40
98 15
45 9
27 83
6 26
99 72
45 75
94 47
54 16
31 4
82 94
43 64
59 79
17 50
23 34
96 4
75 26
47 27
40 84
98 61
65 66
0 25
53 79
10 59
91 19
5 73
79 81
77 42
84 98
17 74
77 95
22 87
72 5
17 84
43 48
81 21
55 7
12 77
75 51
24 71
80 62
89 9
84 18
21 34
11 57
59 30
32 40
33 74
72 62
96 37
54 25
91 53
48 2
94 95
90 27
17 39
49 67
39 57
82 57
49 83
78 0
72 1
92 59
56 97
85 10
95 69
45 42
87 98
29 28
58 1
54 38
39 28
4 81
83 95
6 80
92 81
21 49
40 86
0 53
98 17
61 18
47 9
81 38
97 10
31 56
9 13
36 38
19 48
37 63
20 63
34 61
31 65
38 18
49 95
75 54
92 83
15 57
83 88
1 33
84 52
4 24
71 0
41 23
95 55
98 90
4 25
55 74
49 18
98 6
90 59
93 60
46 53
92 76
85 34
99 92
34 33
47 11
79 55
75 40
45 35
65 22
6 37
31 67
7 40
64 61
16 97
25 62
41 27
82 13
45 36
84 34
51 57
96 93
11 75
85 56
94 24
39 43
72 51
36 47
37 91
77 78
89 98
83 75
39 13
56 48
62 57
81 4
54 29
49 31
88 50
93 81
7 95
30 68
7 85
59 72
94 30
36 45
21 95
82 25
84 75
99 16
74 38
74 65
35 60
94 23
59 6
88 70
9 16
0 0
2 13
12 64
61 16
89 37
71 29
9 86
79 40
28 10
80 35
49 79
68 11
29 46
50 48
44 82
89 79
19 39
66 30
44 36
50 80
93 71
43 12
40 93
97 0
46 28
11 4
11 16
66 80
19 45
6 24
39 8
73 77
94 20
36 4
74 60
79 29
56 51
23 5
29 79
32 27
65 0
0 63
64 64
46 43
48 94
96 17
6 83
15 5
32 80
91 58
14 81
49 72
54 61
69 31
17 21
16 48
88 2
74 5
93 36
97 24
46 86
80 84
25 79
34 40
24 4
57 19
69 52
18 4
92 70
8 85
29 52
47 64
93 78
50 31
63 71
73 78
43 96
49 98
17 26
69 88
56 52
51 40
90 19
74 68
45 85
60 56
81 52
16 57
70 68
97 33
37 41
82 51
76 2
71 90
62 22
23 0
18 92
68 49
62 42
10 64
22 6
18 8
39 59
69 48
96 1
71 78
99 60
55 11
66 16
1 28
44 80
91 97
24 61
57 30
3 34
72 45
11 74
4 30
88 22
53 63
85 76
68 40
20 12
50 32
90 95
8 77
1 35
18 2
83 29
47 76
86 53
20 18
79 26
4 32
90 96
91 68
54 88
70 63
57 45
36 36
16 78
27 5
22 17
14 38
3 24
3 75
95 40
15 74
73 53
80 80
56 9
19 41
35 2
29 2
79 73
98 48
84 32
28 92
36 93
62 40
28 12
58 69
55 61
92 4
39 3
97 80
40 76
24 24
98 91
72 78
4 11
72 93
34 20
47 51
4 4
53 90
89 10
42 5
15 9
67 78
40 58
10 90
38 24
37 96
14 62
70 43
71 40
0 76
67 55
51 31
97 92
7 87
5 59
60 75
17 36
54 70
33 42
90 12
5 6
0 46
94 97
86 75
56 61
11 70
3 92
99 77
63 69
90 61
24 26
33 34
95 27
38 64
29 4
45 61
64 62
8 10
67 58
87 61
96 87
30 88
18 81
86 82
84 64
30 84
48 43
77 13
60 90
56 82
26 8
95 89
30 15
58 39
25 94
44 79
40 90
38 32
52 85
52 49
68 50
76 74
59 98
4 73
37 77
69 14
99 24
38 70
87 76
43 34
32 43
40 62
93 66
44 40
39 26
52 82
61 68
85 8
69 65
69 16
2 84
35 18
75 22
47 43
76 6
71 48
80 67
64 48
67 23
93 31
34 68
81 17
63 73
37 44
47 78
90 90
23 49
91 49
8 22
84 16
33 78
90 46
84 7
69 91
27 20
30 6
72 32
71 73
29 98
48 31
3 5
35 3
2 83
35 17
18 31
5 65
59 74
92 58
8 26
19 77
80 93
67 99
95 17
57 69
57 22
54 10
47 5
59 81
27 78
43 4
14 41
0 35
68 0
11 82
31 3
54 37
2 55
54 6
69 32
18 6
15 11
30 65
17 80
60 23
19 0
26 91
72 67
89 82
41 66
7 23
56 95
74 86
93 91
15 17
31 90
91 71
11 67
79 17
27 45
28 20
60 24
40 51
19 67
84 41
18 0
96 41
14 4
80 60
63 33
53 13
85 86
25 25
55 4
93 63
88 72
3 66
21 78
1 14
76 9
94 7
12 71
85 71
92 73
51 87
58 82
40 64
9 97
11 92
90 91
21 27
18 41
14 99
85 21
1 53
56 80
7 52
58 46
23 45
9 46
77 84
62 91
21 81
12 29
71 46
36 46
33 24
32 15
87 41
94 94
45 64
44 22
29 13
4 70
51 2
40 35
32 16
36 62
19 9
15 59
68 68
23 35
26 5
20 9
91 84
4 64
49 40
98 59
23 84
27 6
10 45
52 44
92 0
84 86
74 64
62 46
2 80
34 24
14 56
1 87
73 60
79 78
24 22
49 44
36 88
37 86
3 84
17 55
51 73
88 36
53 78
76 19
23 57
62 48
53 44
74 2
60 68
17 53
61 73
14 39
43 69
34 98
63 65
99 23
75 62
23 2
53 6
45 89
53 68
87 46
89 13
70 55
90 21
28 58
55 52
68 33
41 12
31 74
21 69
33 23
67 97
23 55
92 48
73 63
45 47
65 90
34 27
37 42
89 33
29 37
16 41
99 22
10 35
3 97
17 75
0 69
8 51
64 63
5 79
58 3
17 91
41 15
12 59
5 47
1 3
30 51
59 44
43 98
21 59
30 32
9 61
59 57
64 0
94 81
31 7
50 88
68 83
75 42
84 54
4 58
77 14
20 24
64 36
74 94
43 37
19 42
8 98
12 13
80 39
59 71
96 68
34 70
13 10
82 41
42 19
8 2
43 70
53 26
96 84
74 70
20 84
69 35
53 27
86 35
81 13
27 67
70 47
49 36
79 6
6 72
86 92
68 60
3 19
43 62
39 41
93 19
97 97
95 60
36 77
72 68
3 12
32 81
32 34
16 45
51 76
53 28
71 82
19 76
48 64
26 1
20 34
97 88
63 17
76 59
42 16
77 97
27 64
87 66
65 41
7 41
47 45
50 58
12 93
16 23
13 25
15 56
4 54
16 32
10 79
76 10
78 61
28 29
22 59
3 96
2 90
44 89
13 13
8 61
38 13
48 28
99 21
18 57
5 16
87 49
80 94
90 87
3 0
6 20
28 76
37 4
3 69
91 73
94 88
25 75
43 2
73 62
11 42
76 33
8 56
82 2
6 32
87 45
82 12
62 56
81 50
38 0
58 89
41 74
55 71
27 84
29 69
42 99
79 90
85 11
10 37
48 29
10 22
21 22
2 33
35 93
17 22
90 53
65 61
96 15
79 18
79 79
54 97
62 8
82 62
64 53
77 55
0 61
18 59
48 36
80 52
22 22
80 4
67 95
4 61
60 17
43 87
55 27
57 26
47 90
74 59
21 96
43 72
19 74
35 30
71 60
35 10
79 60
63 97
70 77
98 51
95 85
99 18
55 0
60 61
11 97
99 15
83 3
35 25
89 8
21 35
61 58
30 0
39 11
41 38
61 51
52 94
99 47
32 42
53 73
15 53
75 81
17 23
86 23
97 55
52 36
10 63
40 78
65 48
62 51
66 40
19 57
48 8
35 16
91 80
31 41
32 17
99 32
13 94
57 65
3 47
69 58
47 95
98 98
16 56
41 45
30 26
16 94
91 1
40 69
68 18
9 74
69 76
86 74
42 81
58 40
36 40
20 36
10 72
72 74
32 75
32 20
22 48
37 92
49 63
54 47
44 4
39 1
87 14
25 18
18 80
62 79
12 17
20 94
56 67
21 50
43 40
29 22
43 49
56 78
50 73
74 34
46 73
22 25
0 58
82 54
46 90
10 98
27 94
16 35
27 38
21 88
54 95
55 30
62 53
37 32
3 45
2 9
22 51
16 91
42 30
5 81
55 96
61 40
54 87
20 96
39 91
78 60
46 76
11 81
96 52
84 53
23 95
15 15
74 71
6 27
19 71
49 34
19 16
83 78
5 71
99 8
85 89
97 43
91 75
54 46
93 12
31 21
80 31
10 1
2 45
37 97
56 74
9 7
82 89
1 26
60 7
68 63
39 45
7 28
36 0
68 91
78 56
7 24
36 74
31 19
55 40
5 21
86 26
48 35
2 14
16 11
97 81
82 26
5 89
89 18
67 80
51 19
60 35
61 9
1 55
27 19
43 30
13 44
4 95
85 70
40 28
69 62
83 30
17 90
79 61
83 73
39 29
46 15
40 48
75 12
59 13
24 18
51 29
72 15
45 56
21 92
91 44
20 66
89 29
99 62
57 42
73 94
59 45
62 74
46 20
26 12
94 61
44 49
71 72
83 1
48 57
80 46
12 56
27 16
48 25
91 29
85 93
16 54
46 61
27 14
17 69
6 99
82 82
90 81
15 18
95 78
92 53
33 87
9 44
98 4
30 9
98 39
96 54
0 30
40 44
31 79
71 11
73 41
52 87
1 89
3 7
96 23
28 2
23 50
61 62
83 43
39 50
38 47
4 0
69 71
15 67
24 25
96 99
69 86
2 32
80 14
95 76
7 47
18 76
85 79
44 20
70 9
51 90
11 50
30 4
92 80
72 76
95 70
67 10
22 18
46 8
11 1
66 33
33 22
20 0
1 21
48 91
30 52
65 51
16 6
66 5
12 40
77 48
95 83
44 53
39 58
55 93
87 55
31 58
37 68
21 87
79 80
25 90
8 31
16 31
53 82
53 55
86 80
41 22
17 11
67 12
69 10
47 33
19 13
9 62
67 39
39 20
34 26
57 18
54 50
75 16
8 67
83 39
42 83
14 9
35 73
58 6
47 30
45 4
23 1
81 34
25 46
82 38
43 84
60 74
95 10
65 9
65 12
98 84
48 26
81 28
65 60
47 4
72 16
79 98
32 3
50 34
54 1
49 2
68 21
33 45
22 72
91 24
44 69
45 17
6 1
78 91
13 93
86 16
60 2
4 48
33 20
43 24
95 34
37 73
57 38
12 92
5 98
65 76
33 67
10 27
0 17
40 52
86 37
9 71
49 77
30 49
13 6
48 53
60 18
94 26
18 26
63 13
19 99
28 64
31 76
3 33
27 17
75 91
90 85
68 1
14 46
75 28
7 5
23 14
74 54
87 2
80 19
77 85
83 38
4 9
41 24
77 19
20 3
88 1
33 28
21 28
58 97
67 84
83 83
98 81
60 19
59 7
25 83
35 63
40 85
6 16
28 40
14 23
31 51
90 48
43 36
71 7
81 20
27 76
77 2
16 60
83 20
76 92
67 34
84 19
38 58
13 54
32 74
28 32
43 33
41 76
78 23
16 20
79 64
50 46
2 87
82 11
66 72
62 50
86 43
40 45
99 70
15 90
78 44
79 11
9 51
47 82
95 20
76 13
15 49
47 66
74 27
93 88
88 17
13 50
30 81
97 49
20 68
77 59
12 30
18 97
60 93
17 20
24 23
94 42
27 29
55 91
3 15
33 82
67 3
64 30
58 58
9 65
33 75
3 74
92 28
65 91
12 36
9 57
15 87
41 68
36 29
5 41
30 7
81 81
96 82
26 77
3 63
27 25
9 27
17 16
74 42
28 45
88 12
34 78
29 63
92 22
77 47
53 64
53 32
55 34
68 6
29 96
4 66
76 0
19 68
73 38
80 77
24 75
75 68
7 93
4 35
36 27
85 94
53 81
90 92
92 97
69 38
69 12
25 19
58 16
94 14
19 54
96 34
49 59
94 72
17 5
70 45
28 17
86 27
22 13
30 46
34 8
51 25
97 36
91 76
42 1
98 58
14 97
95 94
66 8
39 78
45 12
32 7
56 47
1 12
55 65
10 97
92 91
3 71
62 43
47 73
61 26
25 80
65 59
30 27
32 24
23 51
11 31
82 16
75 1
4 53
15 89
52 45
45 99
65 29
11 66
2 11
0 90
24 58
71 31
33 65
5 88
73 7
30 56
55 89
16 29
62 87
43 81
20 40
29 16
2 96
5 3
65 31
88 10
97 31
93 34
90 30
87 34
57 63
28 87
59 5
68 52
33 13
60 3
80 42
58 65
24 5
92 14
51 59
99 74
41 54
14 7
63 66
9 37
42 22
60 34
58 31
82 65
87 20
57 94
71 24
72 80
45 49
52 64
26 0
84 94
90 15
31 18
58 79
66 42
66 46
61 69
47 65
50 94
50 15
18 61
89 5
33 66
83 28
5 29
23 81
48 46
0 36
11 39
80 83
86 40
93 35
27 15
65 26
63 24
2 2
79 95
47 69
5 52
36 9
64 21
46 48
61 11
45 87
50 36
3 57
10 51
44 83
50 54
34 13
42 23
76 21
97 37
0 42
50 98
29 19
3 52
97 91
38 42
77 31
98 62
78 49
25 27
29 68
66 61
7 9
37 95
72 66
98 33
56 30
76 95
63 34
91 32
65 73
45 72
30 67
25 29
2 53
89 32
70 93
22 39
43 52
96 7
38 50
71 83
45 74
96 21
98 36
6 11
75 59
14 67
87 74
34 76
8 97
87 86
95 56
61 35
25 78
71 91
96 47
85 64
50 3
50 39
20 50
97 98
52 95
92 71
10 66
30 86
82 39
95 19
33 62
37 0
90 93
74 47
52 83
96 78
52 22
86 59
60 27
66 17
33 36
24 16
28 38
52 99
85 50
67 57
0 50
83 25
95 11
69 55
8 71
94 73
25 87
59 2
13 98
44 95
84 2
7 70
84 96
57 84
54 49
37 58
91 77
13 51
87 44
94 83
49 87
71 30
52 24
92 98
77 66
34 11
0 99
22 91
45 19
74 40
71 14
40 97
20 5
52 74
46 77
86 86
84 55
39 16
95 65
29 91
91 47
5 64
71 6
85 22
88 84
97 19
18 44
7 12
43 5
80 65
57 62
94 40
21 70
24 74
25 15
15 8
60 31
89 81
49 1
55 16
32 61
22 29
89 88
54 48
95 39
46 82
81 86
72 10
62 7
76 64
62 88
70 57
87 84
32 41
91 7
46 92
64 7
64 52
53 4
62 4
58 78
56 11
40 23
15 88
91 48
65 33
9 67
82 61
1 52
90 60
46 97
28 94
92 50
33 58
82 90
44 10
44 96
42 50
43 61
48 74
58 80
64 29
53 3
30 87
42 79
82 93
54 81
27 9
83 18
92 19
63 8
40 55
64 28
3 16
30 71
76 14
32 8
88 32
32 78
54 7
86 61
57 11
19 56
48 95
0 97
52 66
66 28
65 52
2 58
49 51
11 65
22 88
42 8
24 29
94 27
11 17
53 34
29 34
63 2
11 61
31 86
97 52
68 56
12 53
33 80
24 9
43 55
86 14
5 36
25 74
41 34
88 39
87 42
36 48
77 98
11 13
6 84
56 56
55 24
48 61
65 88
70 64
14 44
19 34
22 7
71 2
47 99
19 37
23 12
51 91
58 24
67 5
48 23
84 80
46 38
16 61
11 25
66 76
11 9
58 38
22 50
15 91
37 53
41 18
66 68
84 72
24 82
43 26
80 25
7 98
99 37
89 99
81 59
69 30
46 19
66 27
86 57
50 50
63 3
30 14
26 49
5 54
47 87
4 44
97 2
60 43
42 61
4 68
70 58
65 42
64 23
40 30
86 65
55 63
54 80
80 2
88 49
81 72
95 54
13 40
76 1
71 77
74 23
5 51
87 27
22 37
57 6
25 17
74 69
96 36
69 74
16 73
23 93
15 33
19 6
68 80
29 53
46 63
25 81
93 55
3 49
70 11
90 36
91 86
77 43
85 16
77 83
24 45
50 68
76 44
30 79
29 72
65 32
1 84
37 3
36 84
71 5
42 54
83 70
65 95
35 77
89 58
99 86
78 64
45 20
72 22
71 61
68 86
16 33
23 13
25 12
40 56
99 51
83 84
15 1
37 19
23 72
64 42
36 66
62 23
2 98
52 42
56 31
38 62
24 34
61 1
85 38
42 58
6 78
21 17
73 37
83 71
42 2
69 93
15 23
86 17
33 1
4 1
32 9
31 46
53 66
35 50
3 91
71 23
26 99
89 67
93 28
29 17
31 47
24 46
19 7
93 99
88 26
87 16
99 46
74 83
64 69
62 73
53 47
60 95
4 98
95 80
13 53
40 37
71 10
46 41
8 19
16 44
47 89
5 92
52 86
94 67
46 25
68 95
88 64
4 2
90 72
23 79
74 29
20 19
27 27
41 5
88 45
86 81
97 1
20 72
36 58
10 21
46 95
67 67
86 85
22 83
52 72
86 6
44 47
19 50
56 65
65 55
90 63
8 40
73 5
10 43
37 84
97 76
35 88
86 30
27 13
54 76
64 75
76 51
62 18
9 84
61 39
69 72
24 14
88 61
23 91
23 31
1 44
28 57
82 3
29 56
6 33
73 10
49 37
65 49
30 10
56 21
39 80
9 30
25 33
76 26
57 61
1 39
24 2
81 36
0 20
33 12
13 4
57 98
6 10
99 68
37 55
87 60
28 15
59 78
67 88
96 59
47 93
80 61
20 29
79 24
85 53
96 96
44 81
9 87
45 6
71 71
31 44
65 54
29 24
23 3
80 5
5 19
84 20
94 99
15 25
17 18
92 1
40 8
11 72
78 81
50 13
46 58
25 36
86 45
53 83
91 96
29 80
53 99
58 88
27 74
71 95
42 48
88 33
34 23
28 24
69 66
32 54
81 57
43 41
18 52
60 9
70 76
6 45
22 27
46 33
51 26
87 67
81 73
36 86
58 28
92 2
55 77
8 55
66 43
40 70
32 2
8 20
36 15
76 54
28 9
85 63
12 52
35 35
17 15
78 2
90 6
84 88
40 0
35 96
48 20
78 89
38 1
55 99
17 51
79 13
75 76
29 78
65 70
85 69
88 52
2 48
34 39
26 85
99 25
64 82
78 16
63 63
99 27
60 58
42 36
59 90
28 54
87 93
3 67
52 10
42 34
78 36
90 11
71 49
33 85
25 89
1 90
16 18
83 56
23 58
27 42
7 63
82 32
53 65
26 96
17 27
6 54
83 46
72 98
39 68
60 25
86 63
30 93
80 21
94 66
93 74
89 2
77 28
56 38
73 46
87 24
41 43
47 18
2 81
86 18
61 31
84 14
12 62
10 18
36 75
78 34
3 78
70 48
55 19
22 56
93 94
62 0
59 11
56 53
13 78
21 29
42 52
2 35
81 60
57 80
95 32
59 64
80 91
38 10
78 40
71 67
38 68
96 74
38 9
41 67
77 52
22 15
33 6
33 37
55 72
22 12
69 34
64 95
73 45
83 44
27 22
82 14
75 84
45 65
60 12
50 11
33 48
56 72
20 67
53 57
69 24
88 29
92 16
31 87
32 13
17 81
90 29
74 16
84 10
42 66
44 14
19 30
77 93
66 86
0 23
95 62
9 98
7 89
44 21
91 31
10 68
30 99
5 31
65 98
29 50
41 60
41 91
90 69
8 76
87 56
15 66
34 73
98 52
79 36
4 87
5 70
83 14
1 29
11 64
23 92
43 71
0 3
96 39
68 42
84 69
56 42
9 45
16 2
14 25
39 31
66 47
72 71
61 38
74 56
15 27
68 5
12 46
37 43
32 86
16 68
91 94
74 80
98 54
27 70
39 12
48 65
89 55
7 75
70 90
48 79
6 5
33 3
85 46
69 18
10 73
15 98
81 44
99 7
13 18
98 38
30 60
10 26
6 81
90 43
23 64
28 63
27 35
2 82
60 49
4 92
50 28
16 74
78 12
17 97
2 75
23 62
20 86
75 45
43 10
25 21
4 39
75 20
81 87
52 8
52 76
19 65
65 89
61 59
9 77
29 70
61 93
15 61
54 12
18 38
21 52
68 16
97 74
12 99
0 54
11 0
88 38
6 61
80 90
33 10
74 20
5 93
36 71
71 50
25 39
84 36
19 36
58 19
50 25
93 20
43 22
93 95
38 20
54 21
76 93
35 45
34 54
37 50
43 14
86 39
51 65
89 21
86 49
14 98
48 1
72 47
96 89
52 5
15 12
54 5
61 21
2 28
90 84
25 96
42 85
85 47
12 22
95 98
7 73
45 84
76 39
16 87
47 44
7 94
72 20
19 20
86 33
82 70
29 76
3 99
2 7
3 40
70 14
19 31
98 3
72 35
62 37
27 49
21 6
45 52
79 28
90 35
3 82
95 12
39 5
24 7
8 23
50 8
11 22
16 52
89 91
20 7
18 75
32 44
61 86
25 67
8 27
14 29
11 23
24 94
20 46
0 2
60 37
51 79
71 42
46 4
9 40
47 25
29 31
16 76
17 71
54 11
25 86
93 18
7 17
32 11
30 5
3 55
63 47
17 30
12 50
12 38
6 50
41 1
23 61
91 11
20 33
43 9
12 54
93 53
52 60
31 71
73 14
84 13
61 0
44 58
65 37
62 66
32 87
60 57
24 44
70 83
97 61
66 13
28 86
31 29
20 16
92 41
90 55
7 79
9 4
4 88
49 56
63 68
73 76
45 26
50 1
51 84
2 34
39 81
94 10
77 46
5 72
88 62
49 9
11 41
9 70
85 49
12 16
92 37
32 62
23 89
8 11
10 8
1 68
13 58
15 52
46 99
8 36
90 64
43 44
48 11
10 61
99 97
7 62
61 28
5 48
96 53
36 2
83 63
56 62
43 99
29 54
84 62
57 79
45 57
26 10
58 0
74 95
8 24
6 82
92 82
54 96
68 71
88 74
67 69
40 72
70 82
42 72
14 86
16 69
44 34
57 72
41 2
66 59
97 89
11 38
99 55
53 56
3 56
61 22
72 23
53 7
82 34
22 95
75 25
7 71
43 63
44 85
42 84
91 67
70 52
34 95
47 28
58 64
29 38
54 54
98 65
61 96
78 58
39 40
10 24
43 53
91 61
30 37
69 19
42 28
69 4
49 14
24 10
74 89
54 34
84 97
43 46
76 61
54 72
66 10
90 25
98 26
91 45
18 68
14 78
83 23
58 47
15 37
0 13
5 10
14 88
70 24
92 55
13 49
26 23
58 95
98 22
28 49
83 89
83 93
46 12
10 46
26 63
99 17
63 78
22 69
28 50
19 88
21 47
15 31
1 24
27 31
21 3
1 37
88 9
88 25
75 24
56 2
0 79
9 72
28 59
21 77
28 48
77 29
10 92
12 95
4 42
8 37
92 93
75 82
79 37
53 62
42 47
86 69
85 30
27 51
97 84
54 0
47 72
61 72
78 53
81 30
43 86
22 26
54 19
82 52
56 45
85 51
56 68
81 41
2 91
84 22
94 53
82 60
58 73
80 79
0 88
74 32
81 2
94 28
72 6
13 7
90 37
5 1
4 96
13 89
73 25
39 0
58 93
50 16
84 56
13 46
64 87
55 9
56 57
51 94
4 72
64 56
9 18
24 13
98 45
83 32
89 54
48 4
34 80
93 7
80 27
94 16
53 11
72 57
92 11
20 8
56 88
3 23
22 49
40 89
84 4
3 8
22 45
33 71
89 57
62 65
4 83
62 24
12 67
26 67
34 25
45 24
16 17
12 7
77 71
49 88
76 80
69 28
88 78
60 66
15 99
92 46
24 20
37 46
68 59
88 92
23 53
41 73
68 65
57 20
2 18
50 51
88 34
34 18
29 47
6 58
40 22
48 13
47 63
24 48
87 13
16 95
56 92
61 46
80 47
48 83
58 76
11 43
63 67
42 90
57 83
39 94
40 27
88 27
70 49
65 6
75 8
66 25
64 81
28 8
26 36
10 88
30 69
72 30
5 75
87 22
24 52
50 78
76 11
68 22
75 34
17 94
50 19
70 85
60 47
46 67
27 90
3 43
81 40
62 38
62 6
93 6
3 68
51 62
0 71
5 62
36 22
52 41
39 90
68 90
6 49
69 69
71 22
82 42
23 47
11 63
10 87
54 92
51 53
56 73
75 5
98 80
51 8
22 57
68 81
0 19
8 42
34 90
25 76
25 55
97 3
28 67
86 67
58 11
23 85
77 23
74 10
84 65
26 29
97 48
2 12
45 86
66 53
38 15
10 57
86 93
8 90
72 38
12 58
49 92
3 85
76 41
74 58
55 51
54 63
11 87
3 32
6 65
90 8
26 81
77 18
70 13
69 95
26 97
88 91
19 94
78 30
89 93
70 31
87 23
59 77
55 69
59 36
41 26
85 52
7 30
81 91
95 77
33 59
86 76
89 65
39 73
36 91
23 74
87 79
96 56
47 17
62 47
64 91
51 50
23 18
59 59
35 89
5 13
56 35
4 3
5 74
61 67
32 67
47 15
11 10
28 26
77 76
7 44
60 26
1 40
58 20
30 8
26 95
36 95
46 62
7 32
78 21
55 53
85 35
25 70
10 36
70 79
46 71
0 70
0 85
88 77
21 46
85 18
43 20
51 41
67 19
22 14
73 82
67 48
91 88
83 6
67 73
37 12
15 84
15 68
6 43
97 86
93 51
59 62
49 57
1 46
2 85
76 73
49 39
15 48
59 9
83 98
70 94
58 33
78 71
45 54
66 14
3 62
13 45
47 16
46 52
31 59
35 99
69 64
79 97
29 18
68 64
89 74
38 28
5 68
49 75
95 79
34 49
96 20
41 86
21 21
65 84
55 75
62 15
30 94
0 92
8 95
35 28
82 20
13 41
35 47
35 84
70 17
36 12
19 78
49 48
11 19
75 83
22 89
62 12
78 35
2 1
81 95
86 8
2 27
99 96
26 65
47 96
60 98
60 55
3 3
46 30
77 37
88 76
27 95
59 99
28 97
24 60
49 71
70 40
64 5
84 79
77 21
62 78
23 76
16 39
21 65
69 17
72 54
47 80
13 66
50 37
11 3
6 87
95 37
84 74
75 52
34 3
73 93
24 43
38 75
92 43
59 83
7 90
36 30
69 20
74 3
52 16
24 0
3 10
76 98
84 95
65 15
66 98
0 4
74 74
95 81
97 25
53 54
54 99
67 75
60 77
89 84
5 94
46 40
0 84
80 8
43 1
7 8
87 70
5 25
9 93
55 37
18 98
34 71
48 82
15 83
97 7
26 93
32 92
73 88
64 90
49 89
1 34
58 13
33 2
53 84
0 49
40 81
83 37
46 35
24 81
53 67
72 95
86 47
92 40
11 73
97 39
43 45
50 6
15 85
80 13
55 97
59 93
61 25
2 64
81 11
91 91
40 41
53 25
10 99
65 38
9 36
64 26
70 15
85 25
46 46
58 12
40 40
57 64
97 78
62 28
57 23
74 4
89 42
91 89
13 34
8 93
80 69
19 63
96 79
15 70
84 83
45 21
70 19
55 81
25 54
89 97
73 4
10 65
24 59
9 50
41 4
83 50
72 69
12 10
37 16
20 21
82 87
2 40
0 9
4 46
93 58
1 99
25 58
8 18
53 0
67 71
62 1
55 22
64 93
76 76
22 77
68 12
51 83
21 20
71 85
8 99
0 51
58 37
38 95
54 58
96 40
13 8
95 72
71 62
87 7
86 5
38 73
20 81
36 68
75 31
80 51
90 57
21 18
22 9
9 12
14 84
69 53
8 54
78 14
7 66
52 52
72 88
98 85
46 87
68 88
32 4
66 41
54 86
79 3
20 51
77 79
25 68
29 74
92 18
21 15
53 14
77 8
53 37
22 85
5 45
31 5
44 39
68 26
1 50
16 3
38 31
39 49
0 98
45 96
79 16
47 79
60 15
50 69
58 54
28 30
78 73
33 56
88 46
41 31
41 21
24 91
37 27
52 78
25 37
75 95
41 97
80 89
79 21
35 64
59 32
4 23
22 41
95 29
6 94
26 90
52 2
31 96
8 47
12 89
29 23
70 22
79 12
37 70
94 3
96 2
82 69
44 43
26 30
76 42
79 96
65 16
15 96
13 82
92 21
64 94
83 97
77 70
54 67
67 51
45 69
73 28
39 21
57 2
77 81
57 8
70 16
12 15
40 29
56 79
18 77
96 26
25 73
17 42
61 27
32 85
62 13
52 79
41 55
60 69
69 44
3 65
81 66
15 82
55 84
61 47
52 39
37 48
1 32
18 18
22 65
50 64
8 59
15 35
35 51
9 1
3 11
70 0
18 46
93 67
39 70
9 43
73 16
61 48
9 92
23 20
63 70
25 49
9 53
39 87
57 90
51 60
94 74
40 74
12 74
60 50
65 80
91 27
17 41
76 57
51 24
78 84
39 97
21 76
37 39
37 7
69 81
90 1
32 14
38 41
64 89
30 23
60 41
49 29
76 94
8 91
5 83
76 77
87 91
75 2
80 56
45 48
8 81
63 88
92 79
57 35
76 48
80 45
58 50
58 57
70 84
95 3
0 83
31 20
92 3
69 25
25 11
32 1
83 99
71 96
92 33
94 22
5 49
94 43
46 23
83 94
20 99
78 63
95 5
73 47
68 47
75 39
34 96
67 40
24 78
82 21
78 75
25 20
68 61
89 60
82 88
88 85
12 75
55 25
64 13
20 98
64 66
94 18
58 71
16 22
14 10
70 75
7 77
42 12
98 99
85 14
20 91
82 99
91 0
45 11
73 71
59 42
32 66
41 72
75 79
15 2
10 82
2 36
68 35
18 32
78 85
21 38
30 70
73 57
64 14
12 24
36 20
3 6
58 45
75 46
42 37
88 19
1 98
36 51
85 78
74 18
32 76
94 91
82 84
55 58
5 60
42 92
33 72
61 19
12 31
57 43
51 11
80 3
21 37
36 52
91 9
76 55
43 3
44 90
89 61
33 4
8 57
27 56
60 44
63 35
67 43
98 0
31 24
36 13
24 55
80 10
2 66
3 54
84 30
50 0
66 90
22 55
57 57
21 0
83 85
75 70
10 33
15 36
20 87
4 34
7 92
39 48
41 48
79 67
41 33
33 63
1 20
12 42
99 69
56 39
78 55
24 90
74 45
99 59
96 80
71 25
44 91
17 19
67 63
24 68
36 98
65 62
19 51
38 45
36 18
73 8
98 29
81 18
92 29
44 11
71 15
21 54
45 33
68 67
12 83
93 27
53 87
27 1
67 25
83 61
29 93
69 9
93 79
66 78
49 41
33 41
71 57
72 39
4 6
91 83
76 97
14 37
86 46
4 86
0 37
66 81
90 44
32 31
10 39
90 38
1 19
63 30
86 55
12 60
41 81
40 33
82 75
45 22
64 78
53 72
50 7
54 52
28 84
74 21
66 44
48 19
17 89
89 95
47 86
53 71
19 23
40 18
63 48
6 88
14 27
48 49
72 37
37 35
36 8
45 45
77 60
61 98
73 26
16 71
17 45
48 80
14 64
54 17
48 44
20 93
23 90
4 20
40 63
58 81
27 97
4 18
36 14
20 44
5 38
45 28
9 15
70 1
73 42
26 20
41 7
72 21
39 64
29 20
58 87
97 17
98 77
0 82
59 27
46 5
32 47
57 87
76 15
67 61
63 62
92 88
42 97
26 86
54 45
15 16
0 94
14 48
58 99
72 79
66 60
41 56
56 15
49 5
65 67
3 13
0 33
88 71
69 90
51 96
91 36
55 60
13 71
3 21
20 41
31 43
16 59
97 22
57 52
84 59
39 34
32 57
36 42
61 41
94 12
14 31
20 47
65 92
7 33
18 22
18 88
34 91
99 76
34 53
35 42
52 14
59 56
80 98
49 17
48 37
57 49
41 19
37 28
5 56
63 81
33 11
73 61
12 32
12 51
84 21
40 16
17 46
8 52
84 71
7 74
15 79
7 83
24 83
66 71
17 24
57 29
78 41
51 12
92 32
69 97
25 6
20 97
84 99
1 86
42 45
83 74
39 75
30 62
22 44
74 8
76 25
59 31
95 82
25 31
24 51
34 58
75 14
26 14
26 83
1 31
68 78
52 84
36 24
80 63
74 35
94 79
47 52
10 48
57 5
4 52
87 89
13 21
9 42
75 66
81 99
6 93
55 79
75 33
52 92
60 28
48 71
9 64
0 38
31 39
79 92
52 1
96 91
66 96
67 49
65 68
69 22
58 52
37 29
50 38
34 92
30 21
22 47
76 86
27 68
38 56
37 23
55 15
23 97
14 65
91 21
60 36
44 74
48 17
88 98
63 42
13 80
62 21
50 17
48 45
65 71
64 76
72 90
46 0
85 68
88 13
59 41
34 30
14 40
0 55
9 11
3 18
47 57
33 40
99 50
9 83
90 56
40 9
30 17
27 82
44 87
33 89
1 48
94 55
99 79
49 97
53 41
44 57
57 3
1 66
80 96
87 43
1 27
65 27
32 48
65 58
78 33
85 54
19 69
28 41
96 42
25 48
99 34
55 68
50 14
80 78
42 95
26 45
90 79
72 84
88 21
59 16
35 53
78 94
3 9
87 57
6 69
31 15
67 32
48 38
99 75
15 93
99 14
51 54
78 31
14 26
52 7
52 46
44 71
22 66
68 58
97 26
19 40
36 57
1 15
55 78
26 62
24 8
96 33
80 26
58 75
12 9
17 38
42 89
17 77
2 25
55 14
39 84
0 39
82 30
83 34
49 84
63 57
7 43
85 87
71 89
1 43
58 91
10 84
96 32
24 57
98 60
13 32
25 77
64 18
8 15
73 64
66 12
18 63
6 25
88 4
95 36
54 60
9 89
76 5
77 30
61 95
8 83
75 63
19 4
80 30
84 63
95 41
29 89
91 17
82 46
42 78
80 87
45 0
93 3
56 87
39 60
88 28
8 38
97 59
88 42
10 83
95 66
48 42
35 11
88 30
5 99
44 18
32 93
77 24
8 62
83 77
12 66
47 74
96 22
59 52
9 56
70 86
26 78
58 23
65 43
8 58
66 51
86 98
87 36
20 1
75 94
96 10
99 56
23 25
54 51
21 8
64 74
45 81
20 74
14 90
26 9
1 49
7 72
11 46
85 23
60 30
49 27
13 63
2 79
52 59
11 18
48 84
23 43
83 42
96 45
31 61
45 71
16 38
51 98
83 45
28 85
53 75
74 79
89 3
54 69
75 92
11 68
4 43
87 31
42 98
90 9
32 69
10 30
36 10
18 73
3 70
48 87
30 89
40 71
6 53
29 57
36 94
43 92
70 81
49 8
54 98
39 74
0 31
79 30
28 47
46 17
68 29
21 32
65 3
79 89
45 58
34 50
21 12
6 14
83 11
58 44
33 27
21 80
62 9
28 37
99 89
93 52
80 0
9 79
94 92
25 66
11 78
16 40
99 93
39 9
77 86
41 25
37 21
19 15
86 88
8 80
48 39
15 58
24 86
33 31
43 51
86 28
16 15
29 94
55 29
14 2
87 78
36 34
17 68
72 29
11 8
8 33
73 15
50 52
82 0
86 15
94 38
61 37
44 16
20 42
61 91
92 56
80 20
28 73
44 13
89 83
22 75
10 75
65 19
36 7
9 49
52 68
70 53
32 91
57 37
86 10
84 26
85 32
26 18
31 0
7 7
84 9
3 59
10 69
92 75
13 15
11 6
39 96
18 33
56 94
33 96
49 16
62 77
86 58
6 41
77 74
9 69
70 2
26 72
52 11
24 3
28 36
59 87
6 38
6 46
42 24
85 17
39 92
87 37
10 42
65 25
0 10
29 95
78 47
15 45
85 96
36 73
39 44
4 12
7 4
39 93
12 37
48 98
43 73
78 13
30 44
49 64
38 92
87 77
89 90
24 63
58 35
29 32
87 75
58 26
3 41
21 44
65 4
37 75
59 24
96 73
53 43
54 65
96 81
79 94
67 96
68 13
7 91
63 87
68 23
74 1
43 18
96 13
51 82
50 74
51 38
91 74
0 34
59 4
19 89
52 90
91 62
67 1
42 57
28 66
58 10
75 48
55 21
94 69
31 8
95 57
46 89
71 98
82 50
32 58
45 32
75 18
25 88
41 51
26 6
63 56
31 95
27 59
71 74
14 87
74 15
3 81
83 41
57 75
50 99
16 81
84 29
52 35
42 0
97 41
56 58
12 86
63 94
5 95
61 94
51 99
15 47
10 38
55 87
99 80
41 30
45 62
69 43
13 73
58 25
88 6
2 59
15 77
76 53
27 23
66 45
5 15
60 21
84 24
18 66
57 9
52 69
94 41
52 38
40 14
59 47
10 91
23 98
90 88
79 38
17 72
45 79
64 58
2 63
35 27
3 4
81 22
99 3
59 46
51 18
87 35
9 21
56 70
40 39
93 64
53 24
66 49
67 11
98 69
87 11
78 50
31 17
86 56
17 82
7 26
13 75
86 29
8 14
38 23
73 54
6 63
14 95
2 21
40 83
13 3
10 52
19 95
8 68
18 87
88 75
66 18
48 81
92 30
12 11
6 40
27 72
58 36
39 22
76 67
34 69
37 51
49 3
97 66
31 9
37 54
99 94
14 14
27 30
72 81
33 79
69 75
84 85
4 62
58 17
68 20
8 70
97 45
99 85
70 6
23 36
41 58
39 62
92 17
12 72
5 14
29 14
96 18
14 33
44 32
45 15
78 3
54 42
70 21
5 55
96 43
5 82
62 70
37 66
94 35
4 14
68 25
98 75
46 29
8 21
62 2
1 62
5 78
1 18
70 7
37 26
68 38
85 92
63 25
52 56
38 11
30 28
14 19
65 23
35 37
94 21
12 61
46 94
56 54
29 41
72 61
64 32
15 28
79 62
38 37
73 83
88 0
99 58
33 93
59 19
73 17
83 60
27 63
88 80
99 66
68 3
6 90
44 64
79 43
74 39
66 19
38 84
1 71
14 66
0 80
46 70
90 10
65 63
63 61
21 25
52 50
36 65
55 56
83 51
88 96
63 40
71 58
61 44
39 30
63 51
34 74
15 50
18 86
62 75
56 28
74 73
83 65
22 23
44 35
22 19
99 35
27 58
4 97
9 14
6 21
25 35
72 65
18 24
86 83
71 76
43 94
38 27
81 77
79 23
11 7
86 20
63 28
0 48
46 21
52 29
85 3
95 52
95 6
79 44
87 1
64 97
41 47
10 6
29 0
23 6
78 9
87 88
46 13
85 1
71 8
32 71
89 96
43 8
32 36
2 93
49 69
89 25
37 82
5 24
18 56
60 13
0 16
72 8
34 41
5 86
27 12
39 63
79 10
88 59
55 92
87 53
24 15
52 32
60 79
58 72
79 42
48 67
18 15
70 65
50 10
96 61
11 86
35 87
51 70
71 17
0 86
84 39
73 55
66 64
70 62
73 12
54 20
81 79
68 8
55 33
32 33
68 51
28 95
44 0
99 9
25 59
12 0
41 65
90 17
13 85
64 19
0 78
47 35
92 39
39 23
68 41
66 84
55 85
54 89
85 43
68 37
6 59
86 42
76 49
85 7
24 56
52 96
17 12
16 65
34 10
93 54
21 24
62 67
67 0
2 76
51 23
85 12
28 88
6 17
76 32
92 25
18 72
83 19
14 83
16 1
4 89
73 67
18 48
94 62
1 60
2 78
69 70
67 60
80 12
98 92
60 10
12 85
61 49
95 8
24 32
82 18
55 5
56 60
13 81
5 50
71 18
45 34
30 59
88 20
20 78
58 70
66 4
61 8
33 95
33 17
25 56
14 1
58 84
9 48
28 93
79 54
82 58
25 4
29 21
27 81
62 69
29 51
23 30
36 23
31 49
84 46
13 5
33 54
69 23
44 24
0 8
37 93
77 89
7 67
6 91
4 84
85 20
13 28
96 70
81 92
19 52
28 4
28 56
90 33
38 12
93 46
23 21
28 68
33 19
40 42
51 43
20 32
65 83
17 2
19 80
44 77
18 99
21 7
11 5
57 0
50 84
53 22
74 66
87 28
23 46
24 31
71 86
16 55
8 82
79 9
46 55
89 72
52 12
30 11
57 86
94 34
9 33
95 4
54 40
19 64
9 23
35 71
21 31
25 71
35 59
40 95
30 61
60 67
79 4
98 73
3 53
46 36
95 86
14 72
53 9
19 1
44 17
38 35
0 43
98 10
92 77
61 76
79 59
33 68
24 66
39 99
90 42
62 90
77 1
95 87
7 54
38 33
16 53
31 99
26 46
33 30
59 86
59 96
46 83
74 12
78 96
63 52
92 89
38 85
30 72
31 70
17 96
24 96
54 9
10 32
37 45
10 80
40 99
86 32
92 12
13 59
43 68
18 49
59 17
67 47
5 7
17 88
82 27
13 48
53 88
4 8
61 89
96 69
22 38
80 48
62 17
54 57
81 10
49 6
89 19
50 92
2 67
33 39
74 99
7 14
55 94
92 84
78 38
77 45
60 76
74 72
87 64
83 36
84 23
36 92
4 67
41 96
61 82
2 46
14 76
34 12
51 74
56 46
23 33
39 14
37 98
58 68
90 26
99 64
97 96
23 8
31 88
69 79
57 40
89 24
92 9
31 52
84 92
41 32
9 31
67 87
56 17
83 17
67 27
23 27
43 78
4 65
77 96
49 23
34 88
23 65
70 18
75 6
79 5
67 41
95 42
78 20
51 34
68 31
48 93
2 95
81 55
35 52
83 58
23 37
0 96
93 15
16 34
6 0
7 99
33 47
41 82
10 4
6 12
80 74
81 58
34 81
72 50
17 8
17 56
73 30
74 7
56 23
81 69
28 89
69 63
69 61
58 61
53 39
84 44
88 53
77 53
25 91
51 30
7 97
96 14
69 45
22 80
22 21
13 29
90 97
44 99
6 35
92 35
19 24
39 2
88 11
52 47
79 1
10 44
71 43
67 56
29 66
45 1
26 82
38 94
60 92
40 80
8 88
98 37
76 34
91 18
98 24
26 26
77 49
81 62
75 29
49 25
92 38
96 63
49 58
31 57
16 13
34 64
16 79
64 45
21 86
51 75
39 42
76 47
49 32
48 52
78 11
33 53
55 86
18 5
91 93
79 86
31 83
68 45
64 25
81 29
78 92
69 85
86 41
68 66
96 95
44 19
17 60
17 73
43 83
45 55
23 10
9 95
75 96
31 97
71 28
67 46
92 51
94 48
1 17
70 98
96 35
43 60
79 56
96 5
79 82
74 57
58 22
62 63
51 0
5 26
20 71
82 64
22 53
91 54
36 85
66 92
2 42
46 37
57 92
32 84
31 85
24 47
1 67
50 56
45 2
3 1
59 10
19 62
13 68
51 16
67 14
1 42
92 52
51 44
95 67
64 6
55 66
20 27
86 94
74 77
0 24
52 4
31 93
22 58
20 62
71 32
14 54
59 66
71 92
6 18
25 95
66 37
26 31
74 49
12 65
89 85
8 50
20 88
42 11
62 36
75 75
27 96
89 40
42 51
28 16
90 13
54 27
19 96
86 25
92 96
31 2
13 17
81 9
3 80
60 40
14 45
54 33
30 97
93 82
56 49
80 36
98 79
98 87
13 74
16 62
38 72
91 95
66 54
31 75
91 46
58 43
9 26
78 25
42 62
2 15
96 44
1 10
56 6
38 5
80 18
29 9
84 60
19 28
96 77
83 24
48 69
53 91
66 2
61 97
81 15
88 40
96 71
63 5
22 35
63 43
46 75
83 76
61 2
25 98
93 5
65 35
11 28
58 56
83 22
13 79
73 44
55 41
87 39
7 13
76 70
87 99
82 8
41 88
89 38
56 84
63 98
87 19
3 89
22 2
50 9
60 97
73 23
19 22
4 78
50 89
32 82
35 39
92 57
57 51
1 11
71 16
93 90
62 72
97 12
6 66
49 52
78 68
10 50
1 41
0 65
95 7
62 54
7 80
13 1
10 55
54 56
19 85
73 33
69 73
94 17
17 93
51 69
9 41
47 67
21 71
52 40
30 29
66 58
93 33
42 4
69 98
24 93
12 12
35 86
63 16
44 59
99 29
87 72
95 0
63 23
35 65
52 93
29 25
43 91
40 57
25 32
71 27
71 20
64 98
8 64
73 6
32 21
15 41
0 91
49 96
75 64
12 47
88 16
7 1
94 45
64 99
44 23
72 85
10 60
85 62
31 68
93 11
89 20
81 24
61 78
94 98
5 0
42 10
51 32
70 69
95 44
35 6
64 16
20 83
6 7
99 65
33 77
9 8
16 88
70 37
63 85
57 32
57 16
39 32
46 79
76 52
7 21
71 65
31 54
78 70
70 61
67 24
19 10
17 66
88 68
23 94
48 85
35 41
29 15
48 58
25 51
77 63
37 69
26 84
64 1
73 81
16 86
98 97
32 23
83 52
2 6
55 13
83 72
96 50
41 83
60 16
99 71
47 70
68 7
54 90
25 5
65 81
88 48
92 10
2 54
38 25
92 90
65 44
55 45
88 67
36 63
76 90
78 27
26 75
51 64
71 21
25 53
95 47
4 55
14 30
91 78
68 82
7 78
54 31
89 39
78 17
18 93
14 18
12 26
64 17
57 91
70 30
28 14
39 51
7 3
18 7
37 17
41 8
57 85
33 0
38 74
77 32
74 46
93 96
27 71
52 23
2 19
84 91
66 1
2 44
63 75
61 85
30 30
26 37
26 33
20 64
11 12
91 13
69 1
19 2
63 90
50 95
18 82
52 6
74 37
8 0
73 90
56 29
8 32
84 45
45 7
97 44
94 82
41 92
0 89
39 89
85 48
85 4
26 16
25 42
80 73
79 71
81 32
42 27
48 55
18 54
90 23
2 88
91 5
62 34
94 6
0 60
63 54
95 33
2 38
27 57
28 53
79 52
91 52
17 54
3 79
29 40
75 78
50 23
40 60
12 1
76 58
0 95
56 41
21 98
43 23
24 85
85 91
81 46
81 31
96 64
98 66
4 16
89 48
84 84
33 43
59 67
7 76
75 98
41 61
37 64
8 46
73 29
70 28
95 64
34 62
45 43
9 52
95 58
12 18
66 70
49 19
38 6
56 59
25 41
7 96
33 35
1 74
31 26
10 16
95 28
40 88
8 7
79 7
43 15
65 72
87 6
51 5
39 24
74 6
28 27
48 88
43 25
6 6
25 99
78 15
46 57
72 53
42 59
4 40
36 82
85 40
40 24
75 23
67 16
98 43
38 96
40 67
94 77
37 56
61 80
81 80
29 86
93 24
33 50
34 94
13 86
98 55
63 26
53 42
63 39
9 68
77 12
38 22
17 85
78 98
13 76
80 86
92 92
12 28
24 84
69 78
70 4
72 94
7 81
79 83
69 92
10 93
76 4
18 30
89 1
90 45
41 46
27 65
22 33
56 4
53 89
19 75
79 31
26 28
76 78
16 12
94 87
59 95
49 38
14 80
27 46
76 75
2 86
63 10
38 17
51 7
0 21
65 47
8 4
29 35
15 65
77 92
29 64
60 60
93 48
63 18
44 9
61 56
11 98
60 59
92 61
27 10
44 12
3 58
62 68
12 57
24 11
81 33
28 22
87 68
51 93
85 2
32 52
94 31
94 1
93 49
41 93
93 13
73 48
54 3
26 27
35 92
33 38
70 33
18 96
76 69
73 24
22 34
35 58
84 66
60 29
20 54
27 0
12 2
2 5
98 9
34 32
57 28
3 30
9 25
51 86
41 11
4 74
11 30
32 56
73 98
41 40
24 64
38 51
75 10
43 75
97 69
75 32
52 73
50 26
20 79
17 34
78 83
1 23
98 42
15 34
74 22
44 65
46 3
83 92
49 13
84 17
53 17
59 39
56 75
1 47
21 51
76 18
16 37
2 60
26 13
76 85
5 84
67 8
45 88
47 55
75 15
50 2
85 58
4 27
87 50
83 27
86 84
60 91
21 2
60 88
17 6
75 69
30 64
38 98
38 71
47 0
10 96
67 54
21 82
25 14
77 91
33 33
23 82
22 62
43 85
49 62
67 44
71 4
72 70
8 3
70 20
54 13
52 55
66 65
65 69
6 2
58 86
82 96
98 67
70 5
53 10
68 48
32 88
61 79
77 17
24 30
71 66
18 16
30 24
70 54
68 97
14 71
1 83
49 30
36 39
52 31
63 60
99 95
91 66
59 92
29 59
12 3
28 18
47 29
62 25
54 32
42 9
65 53
47 6
2 94
44 60
57 68
25 13
18 69
87 33
58 92
99 20
64 96
8 49
52 61
93 80
79 8
93 16
51 42
36 33
69 3
97 67
47 31
