100 3
9 33
99 19
37 59
14 47
12 17
17 12
34 99
67 64
1 36
21 38
60 67
69 47
45 48
68 68
2 49
41 66
54 42
22 98
86 4
47 97
78 83
86 45
97 71
88 28
78 15
54 13
56 44
29 56
67 0
36 26
86 26
10 66
53 82
10 70
28 14
86 5
0 9
34 36
8 62
87 11
51 91
28 92
89 27
81 68
99 20
72 18
14 41
96 57
69 41
38 73
56 9
56 12
40 98
19 71
12 46
30 43
40 96
68 75
93 7
60 22
44 37
21 29
9 47
61 58
95 42
55 97
69 92
80 82
72 4
95 65
56 52
60 14
17 4
30 69
60 76
13 2
39 7
94 14
58 76
47 61
48 22
62 94
90 76
91 66
6 13
6 28
48 54
47 13
16 88
33 16
37 88
41 23
12 55
30 68
48 96
89 48
31 72
7 11
70 84
41 18
11 65
31 73
49 23
24 31
61 29
7 65
0 57
88 71
66 37
24 12
21 46
9 24
76 31
57 99
53 84
85 1
41 15
29 4
58 53
41 25
21 72
80 71
35 80
8 47
49 17
3 46
27 43
10 11
68 47
10 83
96 5
29 86
78 69
11 88
3 39
14 92
64 82
38 32
96 1
55 84
14 91
85 9
84 96
8 12
2 88
56 3
31 64
13 43
69 39
75 48
55 33
17 48
72 0
70 2
57 88
35 82
98 7
3 19
10 98
89 25
36 41
2 65
63 52
15 82
54 96
6 7
30 83
11 2
0 5
65 37
98 53
39 91
51 53
55 22
50 18
22 55
21 90
57 80
6 91
53 37
78 28
4 99
3 44
84 94
3 15
55 29
9 34
61 75
73 25
31 42
39 47
53 39
48 21
65 62
57 35
1 11
73 82
75 90
86 95
31 89
17 71
18 45
34 67
25 65
21 23
37 36
83 36
22 28
59 89
28 39
84 29
9 49
12 47
42 95
40 44
96 28
33 90
89 51
59 57
37 75
0 4
20 48
81 4
89 65
12 91
96 44
79 13
19 89
41 93
41 2
43 37
75 31
98 36
14 32
45 87
7 34
66 93
60 6
54 56
85 68
69 30
57 79
58 48
68 10
33 96
97 26
42 62
93 86
45 38
22 73
44 52
71 62
81 67
35 72
58 49
20 25
76 1
67 71
64 40
99 7
10 73
82 16
90 61
91 75
81 40
12 52
75 53
22 54
97 46
46 91
8 69
22 41
21 12
32 45
87 34
48 63
14 12
47 76
11 31
38 39
43 28
2 18
2 44
4 45
39 24
83 62
65 42
24 17
4 13
67 66
43 23
25 39
89 58
5 76
64 39
7 22
67 10
51 59
90 20
81 10
78 41
75 99
44 96
73 37
72 28
16 83
27 75
8 77
4 66
49 24
87 35
2 96
4 74
80 27
29 97
9 28
19 48
36 47
4 69
53 11
18 32
51 90
52 97
28 90
4 60
2 85
22 69
98 30
76 89
17 20
27 60
53 1
99 9
65 87
59 98
98 31
86 78
27 16
60 92
81 6
82 87
11 39
76 41
62 78
84 98
45 80
66 6
0 49
98 42
19 16
55 46
84 50
44 2
95 50
55 27
29 14
99 45
74 67
79 41
18 9
52 6
37 44
3 80
90 55
87 36
1 49
4 18
22 64
49 78
2 13
66 66
4 34
88 85
83 51
20 14
94 16
94 83
13 94
41 4
39 31
5 68
76 47
64 36
49 49
36 94
51 77
94 17
8 36
6 66
47 11
41 41
60 98
78 98
7 44
40 11
9 87
19 92
25 85
84 47
51 8
56 54
50 96
22 63
34 62
58 13
48 15
70 1
94 45
21 47
20 53
58 35
57 72
6 62
16 29
73 22
14 45
14 83
82 84
75 4
51 37
97 66
84 43
3 50
87 84
74 50
18 31
76 70
22 57
73 67
75 5
45 79
74 47
91 42
59 20
15 67
94 9
11 91
57 3
88 18
96 81
86 3
72 96
63 26
24 11
57 13
7 92
59 1
35 73
90 8
34 41
1 81
22 62
37 50
75 49
56 50
23 19
7 78
88 24
14 19
23 39
8 73
61 46
99 25
48 90
61 56
18 16
94 81
94 52
27 57
99 70
53 8
65 92
23 4
84 28
7 25
48 57
76 75
39 12
51 61
7 52
72 68
85 13
44 65
4 81
9 74
51 97
56 59
60 10
78 65
14 11
43 35
95 98
72 53
35 43
0 37
27 74
48 41
86 74
60 37
28 77
99 64
97 49
7 77
84 12
38 30
73 84
72 87
12 94
16 8
23 79
84 36
51 85
75 19
45 99
96 75
99 72
90 77
36 11
79 15
28 7
77 41
99 80
7 58
56 7
24 73
18 20
73 39
11 82
40 45
83 93
14 5
26 50
47 38
59 63
76 35
59 53
71 28
81 95
61 0
10 52
28 33
89 32
4 72
99 77
26 58
78 71
53 70
74 8
98 55
82 21
79 33
31 91
65 35
16 49
39 90
85 84
71 86
61 87
7 45
58 32
3 48
38 4
12 18
33 38
16 96
24 75
94 7
7 27
72 90
46 16
42 73
8 14
22 88
57 94
61 35
81 57
60 94
68 93
31 29
44 33
89 60
63 10
36 68
24 67
47 15
92 51
7 12
93 50
15 44
39 35
94 27
77 6
26 81
93 98
4 71
1 39
19 78
6 42
17 15
79 70
77 81
83 25
86 1
75 89
5 88
74 6
65 20
95 58
37 11
9 31
92 56
14 61
91 10
22 34
38 12
1 9
55 71
5 26
56 58
85 60
5 35
64 50
7 17
50 14
82 8
22 87
22 18
77 77
47 30
95 81
90 73
68 69
76 86
92 1
27 97
81 3
42 71
30 48
42 6
43 26
31 83
15 7
77 4
4 77
12 4
74 73
67 44
20 63
47 44
30 57
79 11
88 4
56 45
51 20
38 46
70 74
92 60
28 72
19 13
17 51
28 23
76 7
86 52
10 89
39 34
70 31
18 1
57 57
33 21
39 3
75 66
2 76
83 40
96 33
74 37
95 4
49 87
19 83
13 4
71 80
33 41
37 80
56 49
29 75
83 53
68 78
90 87
89 9
71 70
83 30
95 8
42 85
40 34
17 59
23 97
63 69
13 39
12 80
2 34
88 15
39 27
40 35
6 94
37 38
63 38
86 48
45 30
48 56
16 47
65 3
4 68
56 46
28 20
76 81
42 29
14 94
26 1
10 99
56 29
49 12
19 58
26 51
94 94
53 24
88 81
25 87
67 33
92 26
92 25
60 97
36 38
45 14
59 31
90 51
75 8
88 93
54 94
55 79
38 65
77 36
99 94
86 58
57 48
99 99
5 0
24 52
83 1
46 77
98 71
43 85
20 17
36 29
86 96
37 46
34 63
42 69
11 53
81 79
27 54
70 76
63 2
1 46
97 41
51 76
91 23
94 70
70 18
70 87
33 86
52 88
1 3
51 96
50 27
59 2
54 85
96 26
3 76
79 34
32 62
55 56
18 76
60 30
73 71
38 90
88 63
67 68
86 72
28 71
11 11
73 55
24 63
96 41
50 53
50 5
79 67
38 19
65 55
57 28
76 67
53 16
0 27
28 78
93 15
37 56
6 64
76 54
36 78
21 68
27 84
69 38
65 23
32 47
90 26
85 86
85 70
53 97
22 37
36 1
11 36
99 30
42 41
98 13
1 78
86 76
88 17
77 37
55 26
69 64
99 18
6 73
54 74
67 1
50 77
80 79
40 88
57 20
90 95
74 91
56 89
74 9
5 92
78 30
32 9
47 87
57 37
72 14
72 50
16 75
52 67
86 59
91 16
33 74
34 87
7 72
17 24
12 59
26 31
33 12
38 62
50 26
20 10
1 10
9 42
50 49
20 58
45 61
91 1
65 65
87 54
5 62
16 36
43 41
13 35
39 55
14 54
85 78
90 65
59 28
40 27
94 69
59 58
72 39
27 65
32 86
10 33
59 59
60 73
41 29
34 4
32 78
41 27
96 18
95 72
94 32
70 23
21 40
47 90
91 52
98 73
44 32
67 37
28 50
22 3
74 55
40 75
15 49
32 95
28 59
31 99
16 52
24 22
65 58
14 67
85 32
16 46
4 25
48 79
25 47
63 73
30 84
51 48
32 65
15 13
77 13
4 17
33 72
77 87
26 42
34 69
74 13
0 95
27 41
96 48
74 64
53 51
21 34
96 50
31 5
75 1
99 11
23 60
34 51
76 57
81 50
55 3
20 28
39 40
85 75
71 59
29 43
97 39
79 42
84 58
19 6
71 40
38 75
58 86
2 57
97 4
30 34
1 24
5 3
39 37
63 60
48 99
49 82
83 20
34 30
64 2
76 18
10 61
93 77
99 38
10 15
69 3
84 78
94 37
11 81
47 25
90 50
25 99
85 87
12 6
44 36
49 34
97 73
22 89
34 37
67 48
57 43
82 46
18 40
85 61
31 65
1 38
97 3
89 7
96 67
48 70
7 51
45 2
98 57
65 52
92 47
83 63
91 82
13 52
56 71
74 32
99 76
23 77
8 40
95 91
25 70
17 14
87 82
11 37
27 93
10 53
11 12
54 63
17 41
34 48
59 16
84 83
58 51
74 86
98 37
46 14
88 83
89 90
2 7
95 28
87 17
33 76
42 58
98 54
39 75
67 91
27 48
40 95
77 8
16 21
27 28
47 88
72 12
23 14
22 75
26 30
87 63
36 79
86 7
76 82
89 98
23 28
12 21
94 87
33 4
84 91
82 22
23 45
65 33
10 7
81 75
65 5
96 73
88 9
62 64
28 15
89 70
97 33
22 43
34 12
0 83
1 56
26 21
56 78
97 83
90 21
9 27
21 89
99 32
75 52
77 19
51 14
89 88
71 83
10 75
58 77
5 41
64 46
1 16
47 71
45 19
53 41
73 3
13 58
17 61
6 41
45 34
5 58
14 72
18 26
42 66
42 2
10 46
58 64
41 61
43 61
67 80
31 92
22 30
54 97
63 30
73 54
36 44
65 13
58 45
32 79
88 65
78 80
84 76
47 3
99 0
52 86
26 64
47 40
55 91
60 57
76 76
25 82
94 74
18 70
57 17
53 74
25 34
20 56
31 48
54 87
17 58
71 64
27 11
46 21
59 29
70 24
27 89
64 60
48 17
99 39
81 88
12 67
63 43
39 9
65 89
57 24
79 81
83 54
72 31
74 14
2 27
5 11
68 42
29 51
21 82
85 33
14 16
13 10
23 54
82 38
44 34
57 78
20 34
39 11
46 83
50 54
38 53
64 89
43 34
22 59
94 66
58 54
9 25
4 97
12 81
10 65
97 23
79 80
32 40
41 40
27 87
56 17
53 89
5 60
87 55
83 76
99 22
16 92
68 90
78 2
58 31
75 75
85 93
18 83
75 95
48 67
20 32
90 88
86 46
11 5
63 77
89 73
81 62
72 80
49 65
31 36
72 42
69 69
9 92
71 99
41 94
79 59
10 49
4 98
55 94
68 71
20 30
54 57
17 63
65 73
6 38
78 19
68 27
47 86
51 65
62 45
27 77
58 5
6 15
74 62
65 94
83 41
8 33
69 74
16 45
87 83
83 12
73 81
92 9
15 43
75 68
49 25
37 18
89 94
75 98
99 79
54 77
27 61
80 1
98 51
56 81
77 35
71 19
62 93
85 49
85 16
38 6
47 60
0 32
78 13
61 38
7 36
75 64
11 13
92 24
49 18
41 0
93 62
33 37
91 83
73 65
99 53
33 81
77 24
77 26
9 16
38 92
18 52
31 46
28 87
54 28
67 74
58 91
98 93
59 10
10 8
13 72
57 25
78 86
74 80
47 27
17 62
90 12
98 79
6 88
75 27
61 5
43 38
42 44
51 51
7 54
0 39
2 21
3 61
17 33
56 39
67 50
88 10
3 30
31 78
22 26
55 62
33 78
84 24
56 40
55 21
78 76
42 18
64 56
40 54
3 91
61 78
54 0
2 89
60 31
41 21
85 80
35 50
10 93
37 92
0 51
5 33
70 19
62 16
87 85
52 19
99 52
84 70
94 44
28 70
11 66
19 88
80 29
69 43
48 35
83 87
74 68
81 64
1 30
47 70
86 73
15 39
24 23
46 89
73 85
99 98
48 34
39 50
64 59
14 23
28 99
5 14
54 22
13 46
55 37
57 64
3 58
58 12
94 96
4 58
71 9
43 87
53 55
1 91
81 82
61 15
65 29
5 77
44 84
60 47
67 96
66 88
51 12
53 63
28 51
24 84
24 19
10 2
28 29
14 64
90 62
99 24
98 96
72 7
3 22
45 13
65 57
79 48
95 82
46 0
1 90
74 24
88 62
6 79
76 59
57 38
95 93
34 91
87 30
7 29
77 90
37 23
50 71
94 34
30 21
88 77
89 34
0 77
11 68
16 68
14 62
70 12
25 18
83 27
5 54
49 42
25 69
66 24
19 54
58 93
29 21
69 42
55 86
88 59
20 51
80 76
78 58
11 62
47 57
93 11
72 16
37 93
48 80
37 89
20 76
60 40
4 59
16 60
35 87
8 8
16 76
29 8
30 82
36 54
66 31
7 76
43 29
78 97
84 30
57 71
68 3
64 78
72 20
35 5
13 60
67 73
41 79
60 5
2 93
58 59
41 47
29 23
84 54
96 96
4 43
10 31
83 75
46 38
53 80
68 4
92 42
71 61
47 34
92 92
40 92
64 65
73 18
62 88
77 51
78 81
26 33
67 94
59 46
88 74
27 91
67 59
9 64
77 29
90 22
62 71
67 65
60 15
27 63
84 41
18 92
73 28
88 33
87 92
6 75
92 85
91 72
14 88
32 26
11 76
70 86
54 86
73 44
40 65
94 58
64 21
94 85
76 92
66 68
78 0
58 33
41 12
85 2
55 15
83 88
75 72
43 72
24 0
66 26
88 46
53 38
97 8
69 52
35 29
73 1
93 56
33 92
66 90
41 57
76 15
16 59
67 27
71 33
44 8
46 69
16 20
82 88
70 68
9 94
62 87
14 68
92 4
28 62
98 68
41 60
70 28
76 97
27 53
45 18
78 50
73 70
37 74
35 75
65 28
40 47
64 58
48 29
73 68
30 92
5 56
7 99
81 85
69 33
45 11
63 84
64 72
47 81
68 57
35 96
63 17
7 59
47 49
10 25
12 41
91 81
47 18
74 38
6 97
97 16
82 31
95 31
83 34
36 43
80 3
73 49
14 26
68 44
18 94
2 55
45 9
10 20
82 23
28 67
84 68
16 55
92 34
40 60
83 83
18 69
18 39
90 81
92 46
59 74
22 76
67 21
1 69
39 54
78 35
76 94
68 1
4 40
53 22
53 60
52 87
98 19
78 9
74 3
70 64
23 99
27 68
61 90
82 27
38 91
3 45
40 83
18 77
6 76
56 20
29 94
92 17
85 3
55 82
9 14
28 13
32 39
22 36
63 93
28 9
74 90
54 81
70 77
15 11
41 62
41 86
88 70
23 43
89 76
95 7
63 56
99 85
79 29
97 53
14 89
62 91
2 71
66 58
63 28
67 54
21 30
28 54
23 9
33 99
31 86
26 6
11 34
80 72
37 81
37 21
11 14
21 76
74 92
46 36
38 63
19 50
33 68
18 15
55 6
95 66
58 89
68 54
93 51
50 21
91 43
39 43
50 45
12 28
41 51
71 15
31 97
40 1
15 33
55 30
86 82
19 5
9 84
32 30
63 13
46 40
64 16
51 36
65 22
57 86
34 49
65 93
69 56
36 33
98 2
69 17
63 48
86 13
99 43
56 91
2 10
3 23
31 32
60 82
81 31
54 90
91 19
71 36
42 17
71 1
93 39
10 45
13 19
51 0
16 99
11 86
42 11
72 24
78 64
77 53
79 86
66 14
10 59
31 14
3 5
54 29
79 98
59 8
93 40
26 48
45 89
86 31
53 71
33 24
4 53
79 60
45 55
70 30
45 35
22 79
19 29
8 82
31 10
39 63
92 62
88 68
34 27
38 67
10 5
1 34
22 2
79 78
49 80
42 16
40 70
44 53
69 46
53 12
13 45
64 12
80 64
34 73
74 87
42 0
57 29
36 19
61 68
29 50
15 37
69 86
62 44
29 5
96 7
1 96
71 89
59 90
86 92
79 74
35 85
55 32
63 14
34 33
14 65
85 89
62 13
61 74
74 49
87 80
42 22
14 35
98 41
46 12
26 53
79 24
31 19
54 24
61 33
99 92
21 66
13 83
8 29
31 57
33 87
94 79
88 82
78 85
27 13
71 65
38 26
56 30
87 56
65 25
67 56
38 29
41 44
7 85
56 37
90 44
24 35
12 44
87 97
28 4
56 70
83 70
84 52
13 40
12 99
50 20
33 93
62 90
77 32
77 47
12 14
33 61
60 7
68 61
21 64
94 95
63 1
89 10
62 85
18 73
61 26
94 10
4 78
30 97
36 96
90 52
35 22
78 62
19 47
48 42
21 27
41 77
54 64
52 72
50 89
10 94
65 64
83 22
10 22
21 61
8 91
0 98
50 79
46 48
42 87
1 26
48 73
57 9
50 50
90 92
62 89
4 75
38 20
27 21
7 80
92 93
68 31
84 72
96 74
85 55
45 53
73 32
53 31
62 53
92 97
32 0
93 66
70 0
81 97
16 11
43 20
54 68
32 21
32 75
8 60
32 8
39 71
85 44
51 78
83 9
63 96
9 37
11 49
57 98
29 88
21 42
35 16
81 22
47 63
79 88
16 23
68 97
44 10
29 87
72 89
28 8
19 84
2 20
68 92
0 78
2 37
81 55
72 22
27 56
0 75
16 3
36 40
8 2
69 81
86 83
67 39
83 66
64 53
83 99
11 40
80 80
71 0
52 42
80 21
41 91
25 81
79 76
95 30
1 55
98 44
75 91
7 89
34 47
18 68
66 91
97 90
6 84
19 18
7 41
59 51
73 17
12 31
58 66
38 69
57 62
71 84
35 61
34 7
56 65
71 48
53 21
3 13
62 59
22 46
80 13
45 15
93 85
7 9
34 53
15 99
84 88
69 68
37 1
75 36
49 90
86 28
1 8
42 51
74 26
91 60
73 7
11 94
59 85
42 92
98 26
80 30
46 87
51 92
67 41
25 45
96 85
65 19
67 7
84 51
1 14
12 22
15 22
16 2
37 94
29 12
95 53
20 98
5 27
91 8
92 73
26 75
6 22
42 55
30 73
13 7
52 35
21 45
57 52
77 12
41 32
34 78
51 55
50 39
5 44
34 34
78 77
17 91
53 29
18 81
63 39
69 94
40 13
75 73
68 81
0 93
11 44
74 63
18 22
22 82
30 12
39 59
10 40
94 12
11 30
74 2
29 3
98 23
6 23
73 20
17 81
45 7
80 50
3 17
11 56
77 59
65 31
14 22
15 2
21 58
80 25
71 53
63 3
52 78
36 55
1 67
46 72
94 75
87 5
36 15
48 59
58 26
42 63
49 99
10 86
81 54
65 88
30 35
91 3
54 9
25 33
26 9
95 41
8 1
76 55
62 51
68 51
25 58
30 94
38 0
72 61
67 93
4 29
60 72
6 71
89 40
65 10
63 86
46 42
88 57
14 13
13 12
45 72
91 36
4 84
99 28
0 44
41 36
56 28
65 2
22 72
43 36
82 70
12 13
28 22
78 70
82 48
43 73
76 66
17 23
93 52
15 24
68 41
85 91
31 59
71 25
86 89
64 94
59 87
63 33
53 67
10 39
78 67
93 12
37 29
38 9
17 74
81 94
3 55
46 43
98 22
52 75
91 51
96 59
2 16
7 26
52 10
90 63
29 54
44 41
32 69
71 92
77 57
88 48
72 52
50 66
36 87
14 1
43 48
21 50
9 29
77 94
64 15
51 58
93 26
83 77
52 5
20 65
42 34
64 97
15 32
35 0
90 9
59 91
0 21
44 28
86 93
49 72
49 19
14 0
2 48
8 43
35 98
83 19
85 97
60 87
43 76
18 89
28 73
10 92
2 64
41 64
66 5
70 51
29 96
2 67
2 40
36 80
49 74
39 19
85 35
55 43
45 64
33 54
36 24
53 33
29 1
22 48
57 83
65 63
94 84
35 21
66 11
45 41
16 33
23 15
47 68
53 72
60 9
17 22
57 23
81 27
8 38
70 65
53 95
12 75
68 56
53 76
75 37
52 20
51 52
62 32
39 53
57 19
19 56
85 65
88 41
25 46
0 11
34 59
80 58
96 10
12 71
6 65
93 54
22 29
75 30
74 33
78 14
24 66
78 88
88 49
5 48
84 73
75 13
12 88
81 58
94 24
37 58
52 3
77 70
27 44
67 87
29 41
68 80
79 5
79 20
37 0
66 53
19 23
70 50
61 92
5 74
32 7
65 11
22 52
85 5
51 43
62 69
62 37
47 14
41 83
65 71
37 98
79 72
23 0
23 25
47 56
85 26
6 18
28 35
87 88
43 63
48 72
87 25
91 65
25 84
82 3
2 6
60 16
25 31
17 57
1 7
37 26
30 46
32 6
46 2
86 27
30 11
68 38
59 37
45 73
68 2
81 59
51 88
69 95
22 20
58 69
21 97
40 52
67 69
13 54
37 3
28 37
18 28
53 96
35 48
1 60
23 7
74 19
54 72
26 88
86 20
48 23
49 30
0 56
36 95
1 43
90 29
84 97
24 99
79 18
49 45
58 84
61 94
76 27
39 74
15 17
38 5
95 73
16 28
80 63
19 25
14 36
53 62
97 2
27 59
63 18
31 43
46 59
31 79
28 97
47 72
66 96
66 76
68 77
88 31
88 80
4 20
38 18
49 35
62 84
2 75
80 57
29 45
0 2
66 52
12 79
81 49
6 21
49 40
58 16
75 10
24 77
71 11
19 9
72 30
56 21
74 60
2 14
84 16
88 50
47 48
20 22
84 39
99 88
99 46
44 64
5 50
9 63
49 44
61 49
86 68
29 90
5 42
1 17
16 66
9 40
25 86
29 73
26 69
80 70
66 47
42 7
4 57
47 62
36 77
13 91
1 76
61 59
92 45
51 21
77 66
43 14
63 64
79 38
37 53
22 11
83 44
93 4
60 35
46 6
26 61
31 71
8 10
89 29
14 14
23 10
77 67
81 83
66 50
41 90
38 52
15 46
74 65
84 48
60 45
15 79
5 43
8 79
58 36
14 39
86 91
8 27
24 80
91 88
62 92
79 61
49 62
57 56
94 36
30 33
16 53
43 75
74 74
85 76
67 12
2 1
35 66
87 37
23 33
8 44
3 0
5 95
18 95
82 39
96 65
48 95
26 56
71 47
12 20
70 20
60 44
44 98
27 9
47 96
73 62
80 59
10 87
82 6
89 97
5 75
42 57
90 43
40 66
47 95
9 98
40 61
66 49
7 1
5 20
66 32
63 16
83 24
50 57
72 49
92 89
90 16
39 49
0 40
35 68
3 36
6 44
64 64
40 17
85 38
63 71
76 88
49 13
36 70
49 88
82 40
72 84
94 42
85 46
70 14
60 25
46 78
97 22
86 23
7 94
97 17
91 26
0 50
96 19
72 55
88 35
5 13
13 66
79 26
5 82
95 96
55 80
89 96
71 88
62 11
43 79
86 10
20 38
73 29
44 95
8 16
69 48
2 86
12 95
25 40
13 11
6 11
53 83
73 34
2 58
5 91
24 50
60 56
47 39
55 73
98 18
62 98
40 40
9 59
1 59
54 78
41 89
73 88
29 99
27 7
42 93
95 74
45 83
27 95
75 47
61 72
62 10
34 85
79 25
36 66
6 10
60 50
43 10
12 96
37 13
93 5
44 81
97 25
19 98
24 60
75 71
7 71
51 75
70 17
96 46
19 77
80 36
23 80
29 57
36 71
83 85
90 91
8 56
87 50
95 46
84 61
12 24
80 14
10 23
5 21
69 71
87 14
85 85
1 64
89 23
46 39
12 65
15 48
18 14
60 78
87 75
7 93
41 92
48 66
10 97
86 56
83 3
71 85
96 23
88 58
30 6
7 46
82 15
72 21
66 71
65 53
22 93
57 7
82 12
66 54
30 90
40 86
34 54
91 70
91 84
4 11
71 6
10 0
40 81
19 20
65 99
50 46
35 44
33 43
92 32
4 94
89 36
81 0
63 63
56 38
86 49
32 33
14 2
10 80
61 65
2 33
15 23
28 12
92 54
81 11
7 98
56 64
71 8
96 56
18 87
34 39
94 41
74 52
32 51
70 15
90 24
4 49
49 68
15 71
68 14
55 53
24 59
55 59
88 73
84 6
29 25
50 76
47 51
6 83
81 17
36 0
83 90
3 79
51 71
94 11
68 85
80 93
35 30
40 18
7 47
75 41
90 97
47 4
16 65
15 50
92 75
44 12
25 17
62 57
61 23
67 3
61 79
40 16
34 28
28 94
96 66
21 44
86 30
35 20
43 4
15 20
68 34
31 87
0 55
5 63
8 89
33 19
53 73
85 67
65 83
25 20
80 88
18 48
69 50
8 32
5 61
81 45
40 49
41 33
42 76
37 39
11 23
32 97
74 20
73 94
74 27
46 25
89 17
66 13
47 74
81 60
91 46
29 63
19 97
71 12
45 85
97 57
95 45
23 57
26 34
97 60
13 73
6 25
52 81
52 55
56 8
25 38
91 76
9 62
23 22
92 53
60 2
62 7
76 80
26 80
6 26
67 62
16 40
14 42
94 23
54 23
75 15
57 41
59 38
69 7
48 98
56 86
39 45
12 89
51 80
35 53
58 80
56 53
81 21
66 87
26 79
35 59
30 27
0 92
98 83
79 7
14 93
18 82
83 18
72 40
2 28
6 17
69 15
4 50
61 48
45 67
85 8
73 74
60 66
33 39
79 62
83 59
23 30
31 25
6 53
19 15
72 76
71 91
0 68
57 93
53 65
76 73
31 84
93 97
72 41
17 87
31 28
27 62
72 38
74 11
88 78
70 11
61 27
68 26
95 26
46 64
41 81
70 98
21 51
16 16
14 40
8 49
41 39
61 63
95 33
73 4
27 2
65 39
97 18
28 65
81 33
59 9
87 69
82 2
55 77
87 58
63 45
71 30
59 43
14 28
12 3
28 32
44 43
66 48
89 14
75 0
79 19
43 42
61 34
36 98
70 45
16 90
39 95
93 6
87 70
84 8
3 32
11 99
66 69
29 13
2 78
48 10
72 74
42 60
37 37
3 57
12 29
88 7
74 53
88 40
72 23
70 16
38 2
98 78
91 47
48 20
84 77
71 81
39 44
2 92
16 97
26 78
33 80
82 71
52 79
50 95
52 44
32 70
96 87
51 44
50 13
33 22
9 76
64 48
43 30
49 93
77 83
35 36
67 58
0 74
28 74
30 37
52 45
10 34
67 51
1 27
87 8
12 37
3 95
51 67
76 61
56 93
70 35
60 18
56 97
73 31
91 37
83 21
30 7
1 22
53 75
18 4
87 0
89 69
50 7
8 86
68 6
66 39
21 96
66 10
12 49
95 52
31 6
42 80
77 14
51 2
64 71
76 24
10 76
50 56
2 69
51 28
61 50
60 0
89 85
97 37
49 52
67 43
72 65
10 21
1 66
62 23
9 60
81 25
84 56
5 23
18 64
67 28
39 0
41 63
69 25
47 37
77 54
77 3
56 15
87 19
87 59
16 72
72 99
1 71
8 74
41 72
72 70
25 12
20 19
24 14
34 22
63 98
32 71
5 81
13 47
85 29
38 70
69 73
74 4
22 68
43 39
35 69
36 17
39 85
20 82
99 29
81 69
61 52
2 63
50 25
43 8
25 93
56 95
50 43
73 69
97 50
96 83
93 63
11 59
83 38
31 53
74 0
21 39
86 33
74 34
7 49
20 55
13 28
52 63
60 4
58 7
89 24
88 0
68 96
72 81
51 83
79 1
65 18
28 45
90 17
98 29
16 44
68 30
9 78
18 34
14 55
58 22
96 8
82 17
77 71
32 96
65 90
62 48
58 28
54 49
90 49
56 88
68 60
56 74
75 78
85 47
49 11
10 77
88 30
97 11
86 40
29 29
66 7
66 42
78 37
62 95
25 11
33 27
56 90
56 4
8 6
78 45
83 72
25 21
61 98
11 6
61 83
18 49
55 23
8 37
99 96
39 30
66 22
19 66
17 26
80 9
52 99
15 81
36 56
83 82
28 38
81 41
12 25
90 10
26 4
20 67
92 57
27 46
71 87
11 41
77 64
16 91
15 8
57 14
61 6
98 89
74 45
66 62
7 84
52 18
97 82
36 31
85 56
95 22
60 29
29 26
8 13
37 52
34 92
54 37
26 15
36 27
77 98
39 21
12 23
72 1
5 84
18 75
24 97
49 9
28 76
48 83
8 63
74 54
62 28
63 83
31 50
36 99
2 56
6 29
40 32
98 56
25 59
56 68
63 27
52 58
15 93
25 8
50 48
84 26
45 31
10 27
92 31
27 12
12 85
64 6
47 23
70 26
24 46
1 0
25 61
71 55
62 31
94 25
43 89
49 51
67 46
30 13
5 87
32 72
12 68
45 98
0 48
5 9
58 34
11 98
55 40
43 53
41 1
71 46
1 89
86 63
93 80
70 27
18 36
26 28
50 31
45 6
71 73
24 64
49 28
1 48
24 83
78 27
81 56
48 76
96 60
76 77
24 78
94 86
41 3
98 20
11 20
35 12
69 49
64 55
95 43
18 2
3 97
44 25
71 27
53 42
57 45
74 78
47 29
21 92
34 65
6 36
99 56
88 21
38 3
94 0
60 59
58 29
66 55
49 50
66 56
37 71
65 41
14 53
16 63
35 32
26 12
42 5
62 72
58 52
27 14
28 98
95 19
3 93
6 37
66 86
84 82
18 13
52 57
78 90
36 7
34 79
67 60
41 68
82 76
33 82
48 75
27 17
58 4
22 5
34 14
45 78
89 79
33 6
68 21
84 84
29 36
37 67
90 19
38 99
46 90
80 73
19 27
32 60
48 40
66 95
27 99
64 83
58 88
85 92
23 51
49 33
23 85
7 37
32 61
90 93
64 79
63 25
12 73
26 96
44 67
73 77
18 41
90 6
67 47
81 7
42 38
97 72
76 6
52 60
23 20
24 16
65 80
88 79
28 91
13 63
99 84
41 80
54 39
63 22
14 63
52 4
25 95
83 16
13 75
52 95
66 84
55 95
25 1
47 1
94 13
0 43
14 37
35 58
30 66
84 27
40 42
49 67
93 9
70 58
33 8
68 58
63 40
72 26
52 66
57 46
44 56
50 22
91 18
84 23
75 58
85 58
26 22
80 42
97 59
47 50
9 17
95 60
58 73
43 96
63 97
68 25
93 78
58 97
28 2
47 77
52 61
11 89
52 53
89 99
5 47
51 84
28 82
42 20
44 6
14 79
17 17
98 47
30 62
31 74
54 1
88 56
7 5
95 20
32 77
20 13
3 1
50 65
45 95
64 1
24 53
25 89
30 38
69 8
12 64
11 48
40 36
95 40
76 91
74 85
48 11
80 43
15 60
79 31
21 10
55 45
3 88
44 38
36 85
82 62
64 31
83 56
84 0
22 81
52 21
85 14
82 55
92 71
48 44
12 42
66 64
95 84
12 97
42 86
42 48
7 61
25 5
20 39
90 5
26 18
2 31
35 63
45 71
21 24
42 54
48 6
76 98
4 37
55 61
76 60
22 65
48 45
32 89
38 85
5 7
64 33
53 79
50 30
33 67
91 27
3 29
35 91
16 32
44 75
22 49
8 18
4 3
54 95
52 38
26 65
41 26
91 80
26 76
38 35
27 88
59 17
10 47
35 55
29 69
74 29
25 15
64 98
52 77
31 23
96 68
73 48
68 89
42 40
61 88
17 25
44 0
80 22
75 32
33 77
74 17
62 47
58 20
81 93
45 1
87 61
97 85
43 40
12 58
55 11
56 18
27 42
59 75
0 28
62 83
17 66
94 62
23 24
17 73
41 52
94 18
81 51
26 66
14 59
94 8
50 51
71 97
82 24
76 9
7 70
44 72
72 48
92 76
9 65
50 3
54 50
5 55
6 31
58 79
77 18
10 64
7 87
0 61
70 95
77 99
79 12
97 62
8 98
92 99
40 79
24 37
44 70
86 69
25 76
65 79
89 8
25 49
87 91
40 56
22 42
44 18
9 5
85 25
39 17
77 44
50 37
35 88
32 84
27 3
77 62
12 26
11 33
73 99
74 77
46 94
37 7
96 77
19 28
26 27
20 46
55 51
30 50
73 21
57 49
52 52
2 45
71 96
82 64
76 32
65 84
33 26
82 5
10 55
30 14
44 60
79 37
16 17
71 26
35 35
90 47
27 50
67 36
42 25
59 23
31 81
44 80
68 63
37 82
95 12
73 92
88 72
63 90
4 27
67 86
8 71
39 81
66 61
94 65
53 36
1 87
61 21
18 93
34 8
15 53
14 50
78 56
38 40
64 17
28 48
59 14
94 57
23 12
91 6
73 24
9 3
36 63
84 1
94 76
15 70
20 91
91 64
19 24
34 84
28 79
63 79
17 85
10 96
33 40
98 82
70 62
85 59
1 45
38 80
15 36
40 64
13 21
18 74
24 24
93 81
96 13
7 32
6 40
89 41
56 14
92 14
47 12
53 88
69 12
67 11
65 1
47 73
0 52
32 13
18 78
2 3
6 90
75 83
69 78
36 91
43 57
36 45
28 96
98 4
83 60
30 76
51 39
80 16
26 85
93 67
70 94
9 50
72 63
68 24
90 1
38 37
1 52
84 25
57 50
31 8
4 88
51 42
44 9
78 31
35 54
60 11
58 3
39 84
9 51
81 76
96 95
43 56
41 31
26 36
16 15
17 13
25 3
2 98
4 0
87 78
13 64
47 53
48 47
69 19
52 13
97 65
66 18
24 18
30 52
36 8
89 91
68 29
7 28
2 35
61 67
70 69
22 83
69 1
99 31
82 79
56 79
11 63
50 33
32 23
36 59
79 8
80 95
91 53
76 26
35 41
4 93
37 65
14 60
78 43
90 71
54 34
24 57
46 31
38 27
85 18
28 18
58 19
35 49
7 33
39 8
5 78
45 16
71 44
63 11
27 81
55 44
26 11
13 16
19 55
22 19
41 99
94 3
8 65
93 29
66 29
72 6
51 79
17 90
18 71
8 20
1 1
91 15
68 79
27 76
95 18
48 33
47 75
77 86
34 82
96 92
46 98
87 86
29 11
98 0
23 44
96 16
89 92
23 59
44 85
53 2
44 61
94 63
51 81
97 80
93 70
31 66
34 43
32 92
79 95
5 49
95 39
26 35
24 54
15 40
55 93
2 61
94 39
30 24
45 45
61 42
83 81
54 66
82 92
39 66
39 13
41 67
43 69
47 43
42 15
74 97
34 13
6 58
18 33
48 7
31 16
3 49
60 39
17 28
0 81
90 45
69 85
31 20
11 77
53 90
88 37
83 97
92 88
56 83
19 67
12 66
87 72
15 51
21 70
70 99
6 8
16 51
51 93
78 94
39 28
92 84
84 74
63 47
8 19
49 54
72 66
83 43
87 94
88 66
20 93
7 97
29 34
32 42
59 3
70 3
51 47
45 82
3 53
90 36
93 37
48 91
65 68
22 23
73 60
36 28
60 95
65 24
82 78
21 78
96 2
28 86
73 0
83 58
33 88
42 75
30 63
74 10
87 41
21 25
21 2
95 23
0 88
18 29
0 67
0 14
41 76
16 80
63 5
21 93
50 40
5 37
26 3
63 70
34 16
36 13
41 50
16 64
71 94
40 85
87 66
49 95
97 51
31 3
55 60
85 95
71 52
31 21
46 27
93 19
67 67
71 43
63 23
24 81
37 12
43 6
21 15
75 63
85 45
31 55
41 28
2 99
13 30
2 15
24 1
37 84
78 29
50 42
44 69
41 42
93 75
19 7
46 84
34 24
53 59
1 74
16 98
61 53
28 30
24 41
4 8
55 13
31 93
66 70
68 33
14 75
23 93
78 52
60 69
26 84
43 58
78 20
93 31
69 9
68 32
90 58
49 70
62 17
57 6
81 5
40 2
22 85
12 92
78 75
28 93
19 64
98 58
84 60
92 81
77 85
75 86
16 39
23 90
83 64
37 35
98 27
98 75
63 78
30 2
66 82
55 92
54 82
83 29
73 83
34 96
72 11
42 37
19 31
75 74
63 67
70 78
27 64
75 29
25 98
49 46
52 48
5 73
65 66
25 35
46 29
71 31
5 19
13 48
59 97
97 29
97 68
10 26
98 62
49 76
64 14
8 35
36 92
29 59
15 19
28 5
98 99
53 18
19 40
77 5
37 86
43 88
88 69
58 65
84 59
49 4
85 73
60 70
86 99
39 14
57 69
8 7
24 25
99 74
33 62
93 65
60 55
73 75
76 44
43 12
20 57
48 16
80 23
58 60
82 7
23 18
41 20
91 5
97 36
44 93
28 36
16 10
65 59
35 34
15 75
73 73
97 84
6 52
93 95
63 62
83 17
68 8
96 14
20 64
51 24
1 61
70 81
10 30
15 72
92 30
40 97
26 49
96 30
44 97
81 77
66 59
27 34
1 35
79 57
73 98
8 55
56 98
55 24
56 42
43 60
46 20
68 11
51 6
70 93
6 96
64 88
14 70
62 79
25 22
8 92
17 55
62 22
93 34
52 31
87 7
15 3
75 21
61 60
24 74
38 79
7 81
30 0
13 51
80 78
58 58
98 14
84 7
90 74
31 4
42 43
40 53
77 74
98 45
87 2
93 64
56 85
67 52
7 38
7 43
2 66
18 72
17 53
81 99
50 24
55 64
11 9
27 98
3 42
25 90
58 62
94 89
49 94
84 62
14 78
64 42
90 86
48 28
74 70
42 53
80 5
96 31
80 68
43 45
98 24
57 40
10 74
65 16
91 44
10 58
99 51
24 95
27 32
83 57
30 20
30 42
10 84
11 73
95 37
17 3
88 13
89 16
43 22
45 70
83 69
92 49
51 99
64 80
88 20
93 18
23 58
40 41
30 55
83 28
90 3
28 19
61 93
89 1
79 22
99 2
79 64
77 28
61 19
30 51
18 24
57 70
7 56
39 36
50 82
67 22
47 35
94 40
62 27
15 78
76 8
36 82
89 49
82 34
40 14
82 67
39 23
12 34
85 72
41 98
74 22
48 60
34 40
93 43
89 11
46 49
49 48
23 3
89 43
79 44
66 81
72 8
30 87
91 92
27 92
2 90
77 76
49 29
72 64
62 36
20 59
91 99
15 9
94 22
73 58
32 18
81 92
90 2
75 50
7 20
92 50
11 47
24 92
16 81
91 62
98 69
44 27
16 74
61 86
78 46
19 49
13 15
13 31
61 37
44 21
29 44
58 96
80 28
76 19
25 51
85 27
42 13
4 62
64 69
61 43
89 0
45 22
87 79
48 84
51 1
4 70
30 39
98 64
92 59
76 16
47 67
80 66
9 15
5 85
87 31
59 96
89 31
81 20
63 29
99 27
97 44
43 71
64 43
31 60
8 41
9 22
19 14
68 86
1 50
65 4
8 23
96 86
23 23
53 6
49 92
63 91
86 67
98 39
50 88
85 21
45 33
37 77
31 41
3 62
69 76
1 82
1 98
43 5
42 10
62 14
87 62
31 40
53 48
11 29
86 29
76 71
38 96
19 63
91 94
68 0
22 94
26 57
94 60
73 76
36 97
20 15
9 58
81 72
58 0
78 74
2 36
10 14
51 95
34 55
57 81
25 30
45 88
65 72
71 58
5 67
76 58
43 65
50 75
53 86
62 2
90 94
11 24
87 73
2 41
23 70
33 32
88 89
22 22
64 23
6 19
46 34
82 58
51 68
17 95
9 93
46 62
31 13
70 85
89 12
66 34
45 54
34 1
1 13
7 62
25 26
15 55
19 79
98 70
94 51
58 14
20 33
53 19
56 48
56 5
49 1
77 23
63 15
49 57
50 47
41 55
48 77
11 0
69 5
66 2
76 56
36 14
7 4
92 10
53 50
88 87
38 23
48 50
50 8
15 29
6 47
98 43
75 87
28 3
92 2
11 84
46 60
68 73
90 32
53 68
65 85
36 89
89 39
59 45
24 30
93 96
4 79
44 49
54 98
22 96
13 55
38 17
16 85
32 32
15 83
10 67
1 51
88 67
70 43
53 15
3 94
9 0
46 8
33 79
24 72
71 14
69 35
61 62
71 42
80 74
3 43
71 38
13 38
97 52
13 85
30 74
95 87
36 21
78 51
19 10
11 74
88 43
49 58
48 65
97 14
79 40
75 22
57 18
36 61
3 14
16 31
0 34
58 44
50 19
93 46
54 14
89 52
0 80
76 40
14 43
90 83
66 79
34 0
85 62
0 19
66 78
33 29
85 10
52 2
34 26
70 21
73 5
78 48
86 88
31 31
66 46
74 83
62 4
4 91
53 28
30 9
69 44
70 38
25 72
17 31
93 16
63 88
76 49
54 88
88 97
68 19
9 10
35 10
52 23
40 90
21 71
67 23
7 53
68 59
21 8
12 50
98 63
8 90
0 42
89 2
95 99
92 19
70 36
64 9
49 77
62 96
30 30
35 4
94 35
82 19
73 51
3 24
58 43
39 62
46 96
63 87
72 77
94 6
0 35
76 48
80 54
4 76
63 75
26 0
20 45
33 75
95 2
63 20
49 27
45 63
53 9
30 41
40 28
60 34
27 90
14 84
5 18
26 52
93 57
73 61
67 24
27 0
80 18
89 3
41 45
59 66
12 56
95 29
57 11
46 88
49 41
83 13
76 51
10 68
90 31
56 43
8 34
63 12
53 56
81 74
43 16
68 20
88 2
31 30
15 89
78 54
61 95
87 9
14 3
19 80
42 74
91 68
21 21
15 65
78 44
22 80
25 0
26 62
92 37
89 64
66 44
77 39
48 97
20 60
46 4
89 59
77 63
2 70
54 38
0 1
61 9
43 84
66 65
45 0
71 56
63 44
81 18
15 28
90 66
63 53
13 90
83 89
61 28
22 40
92 95
31 62
44 66
24 4
48 32
93 99
26 91
44 51
54 5
71 5
82 18
17 80
57 2
26 47
67 90
77 11
63 4
0 86
38 14
9 77
67 6
97 89
34 95
55 96
39 42
1 79
78 38
84 20
16 56
38 86
64 10
29 22
68 15
64 68
99 40
44 92
90 59
96 12
6 34
64 13
0 45
17 44
28 88
77 16
92 80
62 66
58 81
87 13
20 69
42 59
33 60
12 40
30 32
99 41
77 40
40 10
48 86
48 5
15 6
6 12
71 21
3 71
56 94
38 24
71 29
4 19
80 75
58 68
35 70
13 76
72 10
24 20
14 76
79 82
27 29
36 67
96 61
24 98
44 99
99 68
16 41
63 94
28 80
30 96
34 98
26 25
98 87
84 86
92 11
24 36
52 24
25 52
78 96
37 2
31 75
64 57
75 60
84 34
1 65
76 42
16 26
52 37
80 45
18 23
48 2
99 42
38 54
6 27
45 86
4 31
57 4
2 68
18 61
1 62
9 79
5 97
37 49
44 26
90 7
99 33
49 60
33 45
14 25
97 6
59 55
30 5
95 3
45 51
51 4
4 44
30 10
15 57
0 16
46 5
45 3
6 82
87 81
53 61
36 86
37 97
90 38
80 89
51 57
55 42
3 96
45 52
95 1
83 42
47 80
89 6
51 60
13 78
21 9
35 71
93 61
2 50
76 95
20 84
23 91
31 0
64 24
40 51
74 66
74 58
13 59
68 55
80 53
12 32
32 85
76 39
51 26
10 85
18 27
46 57
23 69
63 24
88 88
99 5
13 50
48 27
45 94
88 42
9 41
25 64
49 8
55 38
47 66
16 1
21 5
91 50
83 67
27 23
52 11
69 98
26 16
1 6
78 21
3 16
29 84
27 6
46 70
40 30
87 46
97 21
98 28
60 26
17 98
35 90
26 59
8 3
14 80
33 91
52 46
23 42
12 62
28 31
71 35
58 75
53 78
29 6
87 33
9 88
44 83
24 56
44 22
18 59
47 85
16 6
55 35
75 7
31 67
44 74
13 25
21 7
44 45
37 24
58 15
13 14
91 9
17 84
79 30
93 28
77 50
75 11
22 67
8 30
22 61
25 54
13 34
13 79
6 4
61 11
18 6
15 68
91 58
77 0
12 9
58 27
88 25
42 19
82 37
15 84
48 58
56 77
77 21
26 38
84 9
20 42
28 16
95 32
89 19
29 32
89 71
54 71
86 16
63 34
18 43
91 39
39 10
69 28
69 67
64 61
61 77
81 65
75 3
70 97
1 84
43 18
80 2
45 59
85 19
31 47
58 72
98 61
78 34
91 21
50 62
96 55
17 47
57 36
25 23
77 84
22 1
14 52
19 53
92 8
65 45
55 87
82 97
14 4
62 15
34 2
59 0
88 3
45 27
13 17
33 55
91 57
71 63
56 66
94 4
60 89
37 9
82 11
72 67
73 12
66 75
75 23
82 49
65 15
37 83
19 62
13 27
6 3
95 79
40 43
19 43
52 83
38 42
70 57
43 67
91 77
2 51
49 16
81 44
57 21
9 81
94 64
70 96
13 37
78 47
53 3
18 25
33 70
1 54
3 38
17 10
69 2
91 55
48 30
84 10
64 76
41 30
29 76
73 46
18 19
32 10
5 4
37 60
19 19
50 83
32 25
44 63
74 61
74 30
46 65
23 41
82 63
69 4
21 48
22 8
33 69
64 35
88 29
93 20
4 47
39 93
55 48
59 13
99 35
0 18
65 6
14 99
59 83
32 50
65 74
83 50
95 48
16 86
24 3
11 58
56 61
13 13
32 19
85 36
14 96
54 53
10 37
59 62
29 68
31 17
42 61
62 0
29 81
3 33
49 10
12 77
52 0
29 17
30 28
1 33
58 95
7 75
79 32
27 25
89 83
90 79
11 60
30 3
99 97
85 74
70 71
45 40
77 72
60 54
54 3
85 81
88 98
53 10
65 17
46 41
93 92
91 34
58 39
82 98
91 93
6 67
2 77
67 89
69 16
15 86
4 26
68 40
96 49
52 14
5 70
45 49
95 76
73 78
85 24
10 51
59 21
79 93
47 82
9 82
26 13
48 0
78 23
41 82
72 17
89 62
54 65
45 20
55 78
87 71
4 2
15 94
17 88
37 70
85 12
99 44
67 19
21 20
24 6
94 19
33 89
15 34
82 57
75 51
53 40
64 30
66 15
77 38
52 47
78 8
70 72
16 87
91 91
74 7
77 58
15 47
30 71
83 91
87 3
17 40
39 2
2 39
69 79
88 96
74 93
93 45
53 52
85 48
38 55
15 95
30 25
39 87
9 67
9 32
51 73
27 38
9 36
32 46
3 83
33 23
0 17
49 71
74 16
72 92
21 33
51 56
90 39
21 55
36 46
66 28
76 33
64 41
50 0
43 25
49 7
60 71
39 5
96 71
37 34
83 92
57 47
12 36
32 31
40 59
45 39
25 29
49 75
5 80
6 60
11 96
61 55
3 78
1 70
25 96
77 82
45 62
40 91
43 1
19 96
19 51
70 44
11 85
29 67
69 59
23 95
99 57
12 84
95 86
61 41
20 71
53 17
21 75
20 85
42 94
34 70
32 74
64 87
64 7
20 94
75 77
63 81
9 95
14 86
89 56
46 19
23 34
14 82
48 12
15 16
4 6
48 71
4 90
20 47
73 79
61 10
39 70
17 94
32 98
93 32
96 94
81 34
44 50
73 56
97 12
55 36
30 54
41 56
99 4
84 99
16 71
57 0
68 36
17 83
17 45
80 15
67 25
60 88
8 70
40 72
79 45
90 27
78 89
61 12
57 26
74 51
80 99
70 82
94 72
11 21
80 17
71 74
74 76
87 67
74 88
77 73
1 29
93 69
53 25
55 63
81 80
8 45
42 70
62 26
49 22
96 82
9 71
34 5
5 25
90 37
84 5
75 44
65 44
44 46
98 5
71 95
5 17
74 89
35 76
55 76
58 41
16 9
53 4
37 85
11 35
61 8
40 89
19 36
4 32
31 33
36 73
62 62
53 77
97 67
56 36
65 32
51 16
76 74
95 56
36 62
40 77
75 54
3 54
8 66
63 41
20 21
14 18
0 54
1 32
42 32
31 88
74 94
87 68
75 61
21 73
5 69
56 23
68 95
22 78
15 59
23 67
68 82
62 67
89 80
3 90
33 31
23 32
99 54
3 64
23 49
61 24
15 96
62 19
26 71
59 80
15 10
51 49
72 5
8 84
62 41
35 13
13 74
55 98
12 90
84 4
62 50
15 74
79 52
50 4
35 79
44 73
47 78
24 96
37 10
10 44
42 12
75 43
95 61
68 99
0 94
19 81
72 98
64 54
98 95
23 73
6 56
79 65
66 35
32 4
42 78
85 37
60 74
24 7
35 8
89 28
55 50
23 86
16 5
43 90
92 18
24 15
78 87
34 35
98 76
76 17
21 69
87 29
64 5
64 84
79 6
97 95
42 83
7 14
3 86
29 28
17 56
51 94
49 21
19 57
31 35
66 94
31 61
83 52
40 19
54 45
2 54
75 76
76 78
16 79
96 76
5 89
83 15
21 77
29 60
26 70
18 0
46 30
80 20
41 34
66 33
26 10
99 65
59 93
18 97
69 45
27 24
90 48
8 15
69 24
35 27
40 37
23 81
56 60
66 41
30 72
82 68
67 85
58 83
50 52
5 6
15 87
21 13
95 64
20 37
59 61
57 61
79 39
76 69
43 70
40 71
8 26
3 2
67 81
22 27
81 61
87 48
23 52
53 7
21 35
50 41
29 19
91 69
98 80
52 22
39 89
13 26
41 65
29 35
37 20
67 34
93 22
76 30
79 75
99 15
63 0
63 36
59 71
97 88
76 62
19 26
49 5
60 23
58 82
59 86
88 92
28 60
23 50
51 34
46 95
84 66
33 57
11 8
3 20
58 40
69 83
97 76
20 78
53 20
48 48
85 31
24 28
89 35
45 74
65 54
60 46
71 78
34 88
46 68
95 78
92 38
62 56
67 30
51 86
12 38
92 90
32 88
23 27
97 94
4 92
15 90
6 95
94 31
6 48
68 45
96 4
43 98
3 59
22 0
59 26
8 4
32 67
58 8
8 11
20 54
39 39
80 7
91 96
39 20
19 94
56 69
31 27
17 49
72 43
39 41
17 18
37 42
77 78
5 45
40 15
91 86
39 97
8 52
29 89
37 40
82 89
62 5
36 93
60 3
3 66
80 11
81 28
61 31
0 63
2 47
80 87
68 43
93 49
51 9
16 95
39 38
83 39
96 24
10 81
50 28
34 45
92 27
2 11
64 32
62 99
62 3
18 60
95 77
71 57
51 35
68 22
19 90
26 77
8 50
67 17
52 29
61 7
51 74
87 96
94 67
41 6
84 69
97 31
60 85
74 5
68 46
54 33
70 49
37 30
49 69
55 67
22 58
5 29
4 54
95 38
7 91
58 38
72 97
41 59
74 98
29 7
23 40
17 69
1 88
45 28
31 95
5 57
71 50
53 47
82 93
83 8
48 62
87 52
55 9
27 94
61 25
95 63
3 3
6 59
40 62
94 50
52 69
72 79
70 79
50 69
56 92
19 91
61 14
72 34
70 91
82 96
63 59
31 1
21 3
47 45
27 80
95 54
22 90
86 44
72 15
76 72
49 43
36 58
95 24
26 94
15 77
90 14
84 31
80 65
5 5
59 94
50 9
64 22
56 19
31 7
59 27
97 7
2 91
26 26
94 46
38 95
96 21
91 54
29 40
60 81
77 33
63 31
90 72
92 58
19 1
77 97
19 65
66 16
28 63
78 60
68 49
53 92
38 10
60 33
6 51
26 72
28 57
13 0
64 0
47 91
25 66
21 67
89 53
96 54
43 55
7 90
50 1
55 4
34 46
93 76
86 38
32 57
59 78
82 99
33 52
91 63
70 73
26 37
71 76
18 3
82 53
31 51
2 81
63 55
79 66
93 89
82 0
41 75
80 92
78 32
2 9
26 73
52 43
76 36
24 5
19 8
36 50
90 53
40 63
15 35
96 40
34 56
3 81
43 46
71 17
43 7
8 99
86 97
1 75
51 33
8 87
40 8
43 59
56 27
55 28
54 83
58 74
27 30
65 97
66 19
85 39
86 25
83 96
14 74
44 16
95 36
95 94
34 68
98 12
10 29
97 54
95 68
54 41
51 70
42 3
38 89
0 25
16 82
58 47
11 92
64 99
63 19
79 56
71 39
57 51
0 59
50 58
74 69
37 28
57 74
95 35
97 28
52 1
18 86
55 65
93 72
7 55
60 42
41 48
40 99
25 4
69 11
99 26
91 40
99 21
92 36
90 99
26 19
30 58
41 35
60 75
53 34
24 88
17 8
7 16
53 26
17 38
74 1
98 91
80 0
62 81
11 83
34 89
99 49
67 35
91 31
18 47
56 62
22 74
96 11
79 43
76 2
32 34
8 22
64 28
32 49
57 75
69 63
46 82
9 38
41 22
3 89
35 93
40 46
65 81
35 45
34 18
92 39
58 2
27 27
23 64
90 56
35 39
54 44
47 42
43 62
47 24
17 93
31 45
88 76
97 99
13 5
95 27
21 26
82 50
14 31
67 18
3 6
80 26
4 96
20 16
23 21
9 57
82 90
36 20
40 20
46 18
38 1
80 81
15 80
27 33
93 59
53 54
6 24
28 58
50 87
24 34
14 69
57 16
28 81
67 57
59 12
1 19
60 64
33 48
9 89
68 37
75 42
14 97
28 0
28 85
58 85
60 36
97 70
83 65
20 99
22 77
5 10
88 86
28 84
95 90
13 1
75 9
82 9
0 6
5 28
17 89
27 71
60 61
2 59
29 10
67 88
90 46
42 36
41 84
52 15
53 27
53 13
57 90
12 30
19 85
70 66
23 13
84 13
45 37
69 10
77 25
93 83
80 48
49 37
18 17
74 46
54 67
90 90
9 46
13 67
92 77
95 57
35 65
9 91
37 69
62 68
65 36
78 66
35 47
7 74
41 38
40 31
95 15
48 68
77 89
90 0
88 16
90 89
59 64
85 83
31 96
78 63
30 56
75 88
84 95
62 25
23 98
65 47
79 51
27 1
3 28
38 61
8 72
88 26
98 50
4 12
29 46
63 9
79 63
73 93
9 11
49 66
81 63
83 48
19 21
99 93
80 8
69 65
87 10
93 1
14 56
87 28
24 82
19 99
74 99
81 78
81 81
0 96
46 56
77 27
87 44
82 52
47 26
18 37
86 75
92 78
21 32
9 68
18 11
29 92
6 87
87 76
45 50
13 9
19 39
2 60
76 23
55 7
93 8
68 16
90 18
52 17
39 51
32 64
84 81
94 47
91 35
3 98
92 35
26 23
51 30
48 38
78 10
44 91
62 54
45 58
32 35
86 22
9 23
40 68
40 78
0 30
29 72
15 54
27 37
4 83
21 53
75 62
34 23
68 76
16 89
91 32
47 92
26 40
50 80
54 32
38 88
6 35
19 35
37 61
69 21
65 96
5 96
93 87
60 62
68 98
67 79
0 64
23 5
23 84
43 50
13 24
83 35
81 23
3 41
37 19
56 73
13 65
63 89
87 4
22 35
12 69
24 49
65 95
39 56
3 92
85 63
93 55
77 45
84 19
86 47
46 61
22 97
11 10
4 52
5 98
79 92
39 76
15 0
8 97
4 4
64 37
39 98
73 89
0 41
75 69
84 93
14 33
54 91
61 70
2 38
70 13
46 47
41 10
25 79
86 8
39 88
20 1
22 99
85 54
93 10
29 52
96 53
0 10
53 53
2 8
5 32
35 81
54 92
18 46
67 29
97 0
21 59
31 34
8 21
45 29
28 43
24 26
42 45
95 83
74 18
24 44
83 10
62 20
51 38
29 74
69 87
33 64
45 36
57 1
28 1
96 64
34 60
92 20
76 37
15 64
73 15
83 80
96 9
83 68
71 54
13 89
24 10
34 44
87 20
99 91
58 1
89 55
61 40
35 38
12 27
62 35
52 25
96 89
50 12
48 13
99 87
73 26
15 88
4 85
83 5
56 82
56 33
99 55
36 25
99 63
78 24
9 83
21 99
49 32
95 51
11 3
67 95
43 32
20 11
17 75
84 90
87 65
73 33
22 60
29 61
10 41
6 49
85 71
7 68
93 17
25 97
22 44
29 62
8 68
2 80
72 32
35 62
87 64
92 64
7 66
56 13
10 42
94 88
90 41
98 21
26 55
81 43
80 98
59 33
79 28
86 85
32 27
39 33
77 42
64 91
44 3
14 29
94 78
62 39
95 16
97 10
30 29
15 27
55 14
33 7
17 92
29 91
16 54
74 41
68 67
89 4
29 38
46 51
52 49
45 84
18 96
36 39
94 49
88 61
4 36
92 6
25 78
69 75
84 37
56 34
73 41
58 30
53 69
59 84
48 8
9 80
13 87
25 41
27 72
7 63
16 48
7 30
18 80
26 39
77 17
86 39
92 82
82 1
41 96
30 17
60 96
78 42
17 42
60 8
13 3
56 41
28 34
63 61
66 43
4 64
3 47
62 6
29 93
59 7
53 35
84 67
88 6
13 32
28 83
35 6
1 63
66 57
25 6
50 35
86 0
76 79
42 67
37 79
8 75
79 35
58 42
67 61
44 57
62 61
10 32
86 32
56 16
5 15
40 5
46 15
26 5
62 38
90 33
85 64
61 82
13 18
69 27
39 57
19 30
42 81
59 41
44 87
82 41
43 43
88 91
91 78
74 59
95 21
14 95
87 43
81 16
91 0
48 14
74 84
93 42
15 25
70 89
16 30
11 7
82 54
57 8
78 12
23 74
55 83
51 3
23 55
49 56
81 9
15 62
87 24
71 3
97 55
27 82
97 45
96 52
6 92
83 73
89 22
17 79
35 2
96 88
48 18
33 95
2 52
17 19
69 18
23 29
76 65
64 19
48 24
0 72
36 53
39 80
85 4
80 86
9 55
20 68
23 31
89 66
7 79
35 23
59 44
87 47
2 62
75 17
8 31
77 75
30 44
76 64
97 34
85 40
56 99
94 82
1 41
74 40
70 4
49 64
64 66
34 66
4 21
35 7
93 24
26 68
56 32
56 22
20 62
4 39
50 72
27 26
12 86
99 6
30 40
40 39
70 37
30 67
15 73
27 86
61 39
71 77
66 77
64 70
37 72
90 54
20 77
70 46
17 9
57 59
45 10
8 24
35 64
70 40
62 33
32 63
97 92
89 95
30 26
77 52
87 18
86 12
34 58
19 38
66 85
1 68
4 22
38 59
57 31
41 69
63 92
36 3
96 51
16 14
6 46
29 55
70 8
64 96
57 73
21 74
18 88
84 79
55 10
38 98
11 69
38 15
2 19
19 72
73 64
37 55
37 87
36 22
17 27
33 11
99 67
42 84
1 4
49 96
92 7
96 3
20 52
66 72
12 2
81 84
34 57
37 90
85 30
46 76
86 62
47 0
23 75
83 46
60 51
34 93
98 33
37 51
69 62
73 13
21 1
54 8
80 31
68 74
94 93
79 21
80 55
90 25
15 12
89 61
24 58
46 37
67 13
30 99
11 19
34 64
32 59
37 62
66 74
55 69
40 12
13 57
71 23
91 17
46 67
99 10
87 40
9 61
15 66
90 70
79 0
79 14
31 69
68 5
54 15
75 82
81 87
85 11
48 25
69 99
59 81
52 34
6 30
66 60
30 60
42 79
89 87
21 87
28 41
55 18
77 60
81 30
11 97
73 80
21 91
92 43
55 70
33 85
6 63
24 29
65 34
95 95
28 10
30 78
69 36
72 62
54 51
48 53
26 14
55 1
18 42
82 56
80 97
34 94
15 76
69 26
83 47
75 26
59 6
32 66
65 60
70 5
69 29
70 80
42 56
91 98
86 42
9 70
61 22
31 18
97 47
85 96
34 11
78 4
58 63
64 47
28 47
82 47
7 96
51 18
39 32
6 93
64 3
55 90
71 16
67 78
25 80
28 69
52 98
38 7
4 28
14 9
24 91
84 64
48 69
17 11
24 61
9 96
73 87
0 91
22 32
47 79
32 22
83 49
78 99
38 51
47 21
50 74
44 94
4 73
2 32
69 13
58 61
22 47
53 98
30 70
96 90
48 82
52 9
47 89
67 72
24 62
47 5
49 53
49 84
71 72
22 14
46 71
90 96
10 57
87 23
89 44
80 46
48 64
84 40
13 98
67 84
10 28
45 46
80 56
98 9
20 75
94 92
35 51
89 26
14 8
31 80
75 46
0 26
89 77
76 53
14 15
7 24
68 65
33 71
3 26
40 87
33 66
49 2
22 50
10 6
96 99
2 42
92 63
36 12
23 38
29 18
69 0
15 42
73 11
42 9
10 56
10 16
82 44
1 92
98 66
70 75
18 98
48 94
40 76
23 2
59 56
0 60
18 5
64 20
80 19
43 54
29 48
13 77
29 27
11 42
63 32
59 52
39 65
43 21
27 15
5 65
71 34
12 82
89 72
28 75
71 18
56 72
41 5
80 38
34 90
33 46
35 37
67 45
4 15
92 91
26 83
31 98
3 52
83 55
8 80
45 17
62 74
4 35
32 68
60 68
35 9
31 39
7 83
37 6
49 85
64 49
67 16
3 18
95 71
19 42
80 41
42 26
12 39
51 32
91 14
69 53
77 43
30 61
72 56
80 67
91 24
89 63
63 46
46 28
20 74
56 57
5 59
78 5
11 43
91 20
0 12
74 75
97 63
98 48
85 52
24 39
60 91
22 24
53 57
63 8
32 80
27 8
20 0
33 0
47 41
73 36
99 86
37 68
54 21
13 97
14 85
72 25
66 30
25 24
29 78
8 76
15 69
73 38
7 42
32 43
9 4
55 47
64 29
86 65
9 19
75 16
70 33
59 73
54 75
21 98
37 43
8 42
35 52
60 21
52 26
38 57
98 15
44 71
39 77
38 48
35 74
54 43
59 99
65 78
76 28
35 83
68 70
92 22
51 31
27 52
18 90
36 74
51 66
52 40
66 38
39 67
52 36
68 17
71 49
75 34
42 90
85 98
4 80
11 17
81 96
92 3
48 81
49 26
75 40
90 4
51 82
51 72
75 6
80 6
7 60
21 62
66 36
61 57
20 86
85 15
65 61
98 98
42 88
38 21
65 50
6 80
11 79
52 62
58 50
67 70
54 52
97 24
20 88
67 83
37 96
58 57
45 69
13 42
47 58
11 67
87 15
25 27
41 54
81 12
29 65
5 8
31 26
53 66
59 79
11 16
27 22
56 26
70 32
89 37
24 13
58 56
13 36
73 91
24 87
12 35
30 86
39 25
52 30
15 58
12 15
90 82
33 28
6 0
80 24
34 31
7 40
19 61
59 88
74 48
51 22
26 82
46 73
42 47
74 23
58 46
14 87
63 49
85 69
35 97
90 85
52 94
64 93
54 84
27 67
17 5
26 17
46 1
43 77
30 85
23 92
75 2
75 35
37 31
38 78
63 54
80 96
42 49
88 60
43 0
6 74
52 59
60 1
79 77
40 55
8 5
58 24
55 12
0 58
48 55
31 94
75 65
58 23
59 77
60 60
85 43
1 77
78 33
4 41
75 70
18 44
76 96
50 68
90 67
64 75
23 71
19 2
16 50
74 71
57 15
88 11
54 26
16 69
33 30
71 67
72 46
38 25
81 52
94 29
39 82
21 52
5 1
84 42
59 5
3 11
18 63
6 54
61 20
24 9
86 14
38 22
39 99
72 73
72 54
96 42
1 95
69 20
30 89
10 36
15 26
45 77
77 79
15 14
79 71
76 68
36 36
98 59
62 52
12 87
6 16
1 25
60 24
13 23
37 76
84 87
26 86
66 99
82 83
35 78
30 95
54 99
54 7
89 18
50 6
97 56
46 44
12 76
12 1
35 1
75 25
31 85
14 58
11 54
93 68
27 40
33 50
1 73
69 84
89 81
87 53
37 27
66 8
96 39
10 95
8 67
68 83
40 84
33 25
64 34
10 38
70 67
79 17
37 66
57 96
21 94
16 77
38 36
9 85
9 18
71 82
46 79
61 99
78 7
89 42
55 2
76 83
40 82
50 90
9 45
67 4
31 12
89 21
15 1
85 23
17 70
45 5
84 57
19 75
57 77
24 94
4 48
24 93
88 14
85 22
53 91
15 15
61 1
45 12
50 29
60 12
59 30
28 53
3 31
20 43
66 1
97 38
25 92
2 46
46 54
95 62
73 63
43 47
7 21
79 90
37 14
50 70
48 74
65 46
92 74
79 68
93 0
8 61
39 96
36 83
27 55
49 81
32 38
79 50
95 13
93 3
21 19
98 46
25 48
62 49
52 50
50 61
10 13
5 53
56 31
53 64
22 16
20 61
18 58
70 54
97 98
66 83
46 52
25 57
24 65
63 21
82 51
74 72
75 93
77 69
96 63
30 45
61 13
73 97
96 20
33 73
26 20
1 94
44 54
30 16
44 13
23 8
93 91
61 69
64 81
67 31
23 82
96 45
81 42
16 0
81 35
68 88
22 38
52 28
62 9
69 60
29 24
18 35
65 91
9 86
34 6
72 93
22 6
75 79
94 99
76 21
17 21
11 90
79 2
94 38
67 75
59 22
36 37
51 41
4 38
54 20
56 80
57 87
20 4
91 4
32 28
49 61
61 71
34 97
64 86
25 88
69 66
66 4
66 98
52 84
57 58
50 98
78 3
57 76
17 52
43 74
62 29
55 34
3 27
68 91
8 17
59 60
65 30
18 85
51 11
7 6
2 29
0 53
20 41
26 46
65 56
86 77
34 25
31 58
13 81
27 47
29 0
64 95
64 38
97 5
72 94
97 87
78 1
87 99
47 2
95 92
20 5
61 80
21 56
80 39
89 84
2 97
85 20
49 89
59 69
16 42
66 0
43 51
65 77
4 42
41 71
65 75
21 36
72 59
11 4
82 25
45 4
38 41
35 24
1 99
31 44
29 83
40 94
24 47
23 94
42 65
42 82
55 19
72 57
12 60
97 58
0 31
70 6
96 29
98 74
93 90
54 12
42 99
36 4
80 37
12 8
61 85
54 40
95 10
3 37
54 93
7 95
99 34
22 51
93 60
86 17
4 14
48 39
38 47
57 42
40 9
87 12
14 46
20 44
67 82
41 49
70 60
94 28
4 1
18 38
80 94
95 9
89 30
4 51
51 15
73 9
38 87
42 96
0 73
87 16
68 35
15 18
82 43
24 2
45 21
63 85
30 1
85 77
79 94
85 79
71 13
72 69
37 48
62 58
88 23
78 84
69 88
95 75
21 11
25 71
30 64
59 70
29 30
79 84
24 42
29 70
43 49
17 39
68 18
16 43
91 74
25 55
62 60
65 86
51 98
40 38
14 81
61 84
97 93
91 13
85 66
85 94
6 43
98 86
57 60
84 17
47 69
90 64
92 83
33 94
46 9
90 75
92 16
4 10
8 28
96 72
86 50
13 69
97 9
54 6
47 31
56 63
90 40
17 6
27 20
90 23
46 75
0 8
6 78
73 19
8 81
75 94
56 6
86 98
22 84
82 85
14 34
19 46
47 20
5 2
36 35
20 31
72 95
52 33
78 72
61 64
99 81
47 65
30 4
2 73
74 96
90 42
42 14
51 46
80 4
85 28
62 34
26 74
45 25
90 30
32 56
4 87
84 22
18 57
33 51
40 69
40 7
82 82
34 17
15 91
66 27
23 35
69 22
95 59
55 75
61 66
62 80
76 43
32 93
5 71
45 91
7 19
37 33
40 73
9 73
19 95
77 92
93 53
81 48
6 69
50 59
39 64
62 73
11 38
44 7
76 84
43 13
90 28
63 74
39 68
2 25
55 89
35 86
32 41
17 67
46 92
70 41
15 31
99 95
62 1
75 80
46 99
62 24
3 67
21 41
42 24
56 75
28 26
73 90
79 49
28 56
89 38
45 92
35 25
35 11
55 57
69 89
13 93
70 10
29 79
92 48
84 21
97 64
55 68
38 71
41 7
68 66
84 53
84 49
55 41
89 89
72 33
18 91
76 87
71 66
93 74
38 97
25 83
52 80
10 24
12 74
95 47
44 90
68 53
2 83
97 35
12 70
33 35
61 96
37 8
70 83
98 8
55 5
84 46
13 6
58 21
42 8
93 44
60 80
98 60
72 29
29 95
70 29
79 69
41 43
12 83
11 95
38 33
35 46
35 84
73 10
9 72
32 90
47 54
73 95
66 45
37 4
80 32
68 62
9 43
84 85
80 51
58 87
22 56
99 13
75 84
60 41
79 10
73 57
91 22
93 35
2 79
31 76
55 74
67 76
0 7
94 26
2 94
88 38
97 97
42 21
81 38
3 87
70 63
78 26
20 36
71 2
91 89
73 14
42 46
8 9
38 31
15 92
44 88
0 47
90 78
16 4
0 99
55 0
22 15
2 26
27 66
3 10
24 85
39 60
61 17
20 97
1 31
91 2
43 19
11 27
22 86
9 53
30 19
51 45
93 21
53 81
42 23
88 5
82 30
70 9
75 96
73 42
96 78
39 46
79 73
89 86
9 97
63 51
66 40
94 90
22 31
57 55
65 48
54 46
31 11
19 22
72 72
67 97
47 99
79 79
50 64
71 22
91 71
31 15
23 36
10 79
95 89
5 24
82 42
68 50
2 30
84 65
34 80
0 62
19 82
75 24
19 41
95 49
88 95
92 12
77 10
6 57
18 7
33 14
84 80
4 9
36 72
46 55
11 52
82 20
89 82
80 60
96 36
6 70
77 61
64 92
80 61
14 10
36 52
44 42
57 68
48 89
73 6
34 3
70 55
25 63
8 93
33 1
92 52
74 35
5 30
78 55
5 46
97 79
95 6
52 56
1 72
32 14
78 73
23 65
66 17
48 46
27 85
73 86
13 20
1 2
74 39
33 9
23 76
86 90
54 48
91 38
6 81
58 17
0 3
84 75
65 9
82 81
94 91
10 91
59 49
38 50
44 35
53 0
78 93
53 87
76 46
8 88
86 2
90 68
37 47
99 71
63 68
51 7
48 1
83 23
63 95
28 24
93 88
30 65
53 30
24 76
29 2
85 53
87 38
22 4
22 70
12 19
13 49
13 84
46 13
14 90
10 63
32 99
99 14
20 90
55 8
35 94
15 21
33 98
53 5
68 52
22 13
75 28
22 92
23 63
13 22
21 57
3 74
68 87
79 4
73 47
19 12
44 1
30 93
54 35
34 83
51 23
12 45
32 52
30 49
25 42
43 92
79 9
7 48
28 46
23 88
17 35
54 62
3 9
76 34
65 98
98 65
40 24
24 45
72 71
10 72
28 25
45 56
14 7
36 60
86 87
71 93
92 98
65 76
29 49
59 32
30 31
97 32
45 65
22 95
83 14
83 84
84 11
59 65
58 92
98 40
96 69
37 64
48 4
18 30
83 79
31 90
87 57
58 99
40 67
59 19
44 77
93 93
32 81
52 7
59 24
1 15
76 63
73 16
61 32
60 77
29 53
5 52
16 19
53 43
79 97
95 11
92 87
42 35
91 7
9 35
36 32
95 97
73 52
69 72
0 82
74 44
83 98
20 18
20 2
50 16
47 19
9 69
96 79
48 92
36 49
26 87
27 70
79 87
37 63
83 45
25 2
23 96
81 90
83 61
26 67
93 38
55 25
43 91
43 44
79 89
85 51
60 53
1 42
38 84
93 48
49 20
72 19
68 72
12 51
95 14
90 98
10 12
78 91
47 46
16 7
77 95
20 50
80 85
73 45
59 25
60 13
47 55
97 77
29 66
86 11
3 25
88 36
12 7
22 39
72 36
9 52
17 72
3 35
33 2
87 26
4 89
80 90
93 2
71 68
63 57
24 43
0 0
11 28
74 15
45 76
48 93
46 7
38 72
14 66
56 25
49 36
57 33
57 22
13 29
26 29
85 90
94 80
7 23
21 22
0 24
31 9
90 57
46 10
23 26
38 64
81 1
43 82
5 72
0 69
86 71
78 95
52 39
26 8
91 11
69 6
83 4
87 49
72 83
16 35
21 16
2 23
99 37
31 68
56 55
41 53
17 43
89 74
11 70
60 27
34 74
29 47
48 85
32 15
36 69
62 18
61 2
17 99
87 6
44 14
78 36
70 92
44 20
19 34
25 44
35 99
16 61
76 11
53 58
30 15
71 10
86 36
7 3
28 49
69 70
4 55
88 94
71 60
86 19
50 34
38 81
58 9
73 72
25 73
59 15
50 81
22 91
30 8
16 13
42 89
99 48
94 21
32 44
47 94
66 63
5 64
20 79
33 49
36 23
36 48
74 56
88 53
15 97
77 55
18 10
44 17
88 51
75 59
20 70
45 90
97 20
85 82
21 95
59 67
5 94
23 11
4 16
54 55
26 54
26 41
38 43
54 25
56 51
65 67
82 94
72 3
11 71
18 55
77 2
97 81
27 5
32 24
89 57
47 32
33 33
98 88
1 5
8 83
39 78
26 32
92 55
45 81
69 58
81 24
74 28
12 0
35 15
60 43
21 81
85 57
7 64
72 35
97 42
80 44
32 73
69 14
41 73
24 55
6 39
27 36
45 96
51 63
24 38
62 12
90 13
50 55
14 17
38 28
46 53
42 33
5 40
68 48
17 68
88 84
99 78
83 0
23 17
64 85
31 56
71 20
20 29
2 84
69 97
16 12
1 58
36 76
25 36
20 3
42 97
95 69
39 94
34 81
35 57
15 56
21 18
43 64
99 8
28 52
24 68
63 50
50 78
87 98
64 74
0 38
56 10
57 65
0 76
91 45
73 27
34 42
10 60
9 44
10 90
32 94
49 98
47 8
84 89
33 97
9 2
49 97
27 31
5 90
42 68
72 37
52 74
42 64
79 27
40 29
15 52
98 77
25 16
26 90
83 37
26 93
96 15
19 45
58 67
22 53
5 36
35 42
20 9
36 5
22 10
64 67
94 59
81 86
68 94
86 15
92 67
85 17
33 5
41 78
71 51
1 85
47 93
82 59
7 88
90 84
83 32
19 32
34 21
9 39
23 72
48 3
98 92
92 21
69 82
52 41
34 20
60 52
0 29
24 8
77 7
96 27
66 80
29 58
89 68
86 51
32 53
38 13
61 44
0 22
29 9
99 66
89 15
11 80
71 7
12 93
28 40
41 74
75 81
75 38
94 77
95 55
42 98
96 38
65 27
59 48
26 95
25 25
73 66
84 92
18 62
21 49
90 35
91 79
73 23
9 9
4 56
55 99
3 21
42 4
50 63
46 32
20 73
62 86
41 37
62 75
16 58
38 45
64 8
61 45
81 14
97 15
29 77
7 35
54 69
21 60
16 62
44 55
70 53
50 32
52 65
71 4
58 25
71 98
81 70
35 40
65 49
58 10
81 13
87 95
16 93
86 80
2 74
91 61
78 17
68 7
1 12
57 12
98 72
64 44
85 42
7 82
17 36
5 79
6 77
11 46
39 1
3 77
81 73
25 14
37 32
87 89
46 17
75 39
57 34
38 16
98 67
1 86
88 32
35 28
60 38
50 91
91 33
64 4
87 93
77 9
98 16
33 3
81 15
98 6
59 40
5 93
65 40
21 79
85 6
52 16
1 44
21 31
62 70
54 17
40 58
82 86
91 30
60 49
81 32
81 39
25 28
54 36
26 98
59 50
19 4
19 87
85 50
57 67
77 46
87 1
70 39
97 27
14 6
65 0
7 69
50 73
61 89
23 78
30 98
66 9
6 72
28 55
30 80
76 13
69 80
4 65
77 96
92 68
74 79
24 70
36 75
59 18
82 35
47 16
87 42
86 21
57 32
1 57
36 6
22 7
64 77
42 1
29 15
38 34
30 81
18 65
35 60
29 20
25 60
80 62
69 77
23 47
27 79
24 86
25 43
82 73
49 0
83 11
55 31
6 61
58 98
66 12
98 38
10 71
5 83
94 55
52 76
9 30
5 34
2 95
55 81
5 22
59 76
27 78
11 1
62 30
78 78
40 48
65 82
36 81
3 7
45 66
95 85
50 97
27 83
42 91
1 97
88 55
1 21
19 52
54 18
91 41
57 39
45 26
61 51
96 6
25 67
57 95
21 4
8 25
40 25
83 33
2 87
27 19
1 83
75 85
71 45
23 62
52 71
51 50
18 50
65 38
71 71
41 8
75 67
57 82
77 1
18 54
9 8
66 25
94 53
72 44
76 14
9 13
8 54
40 21
23 68
21 28
29 39
47 36
74 31
82 14
33 84
20 35
73 53
78 82
46 35
10 50
29 31
35 33
45 47
33 10
9 12
67 77
13 88
91 29
29 64
72 88
57 92
4 82
96 32
59 68
43 3
87 90
10 4
31 52
74 25
64 27
93 27
12 16
0 85
37 73
44 40
24 48
46 22
34 29
93 13
31 22
94 33
63 66
50 85
77 49
81 19
50 99
70 59
31 63
72 9
19 86
97 75
72 78
4 5
34 52
23 66
87 45
16 37
49 39
6 2
91 12
81 26
67 14
27 73
79 3
7 8
31 38
17 82
60 79
77 34
18 53
63 58
64 45
13 82
16 27
86 43
64 11
41 70
67 55
26 97
67 8
7 10
82 74
23 6
23 87
19 33
95 88
71 90
3 72
7 31
46 23
95 5
73 40
69 90
55 58
94 56
55 49
63 65
13 53
61 18
48 52
92 79
70 61
51 87
42 42
66 89
28 27
66 51
87 87
87 74
87 21
16 78
79 16
25 77
26 2
22 66
96 47
48 78
12 33
88 12
54 10
20 95
54 31
60 83
60 86
26 89
57 84
22 12
1 28
0 65
27 96
6 9
11 57
51 25
56 56
4 7
96 35
96 43
47 6
39 15
22 71
60 84
6 6
6 50
46 33
73 50
5 51
89 47
78 6
16 34
44 15
74 12
6 89
42 39
93 71
13 61
11 72
84 71
43 94
25 68
48 26
63 82
71 75
63 6
79 96
88 22
49 73
36 84
87 60
23 61
51 13
36 10
45 75
55 17
78 61
92 86
14 21
55 39
35 3
31 77
64 25
92 69
75 20
4 33
13 99
12 43
67 98
66 21
36 9
49 63
88 39
26 60
97 69
56 24
35 31
34 61
85 7
93 25
4 86
17 50
97 30
18 51
34 86
3 70
14 49
27 39
96 84
35 89
80 35
4 46
72 85
38 66
92 15
33 42
79 54
16 73
30 77
91 25
43 95
12 98
65 21
6 85
32 87
98 85
43 93
59 72
37 78
34 72
84 38
76 85
24 32
41 97
20 87
0 87
56 1
38 58
93 79
32 76
15 98
56 0
69 54
25 32
52 90
46 86
62 40
45 23
97 40
17 29
72 2
10 10
88 1
49 91
41 85
10 54
43 52
65 12
43 15
82 61
37 45
44 24
5 39
50 86
17 16
0 89
79 83
35 56
39 26
49 59
9 7
17 0
36 57
29 98
33 65
62 82
10 19
3 85
1 93
29 71
58 55
46 81
53 44
93 94
7 13
32 3
96 91
76 25
9 75
43 11
53 14
62 55
62 63
84 45
53 23
78 16
42 28
42 31
48 43
18 12
40 93
0 90
52 93
96 98
0 71
99 60
99 36
72 60
74 36
76 12
28 66
25 19
84 44
14 51
52 32
86 57
15 41
52 8
21 0
43 80
61 97
83 78
48 87
82 10
43 27
19 60
74 42
53 99
92 41
69 40
52 68
83 94
12 57
78 49
67 49
43 86
47 28
5 99
32 58
36 34
38 49
10 82
12 63
13 70
52 82
64 18
12 54
54 16
74 82
75 97
38 94
57 10
46 93
76 52
90 34
7 57
7 18
3 40
13 33
37 91
50 36
66 73
18 99
99 62
43 31
51 89
82 33
96 58
14 24
38 68
82 36
15 63
99 47
93 36
47 52
51 19
94 97
14 77
67 32
26 44
49 6
57 53
11 61
6 45
60 99
98 97
5 66
88 34
45 97
39 58
15 5
33 18
80 77
88 90
98 34
2 2
0 46
99 1
66 67
98 17
11 55
7 39
75 55
3 60
53 85
75 14
47 10
43 78
65 43
51 17
2 17
54 4
88 8
53 46
90 60
78 39
78 79
25 53
88 54
54 11
48 49
47 59
82 77
99 12
11 75
78 68
88 45
82 29
13 41
3 51
79 58
96 22
89 20
31 70
55 66
40 4
56 35
38 74
47 7
61 30
21 83
86 64
17 32
73 8
52 70
52 91
46 80
55 55
59 92
92 28
33 15
48 19
38 82
61 47
82 13
43 9
86 35
67 42
17 60
94 2
61 61
39 61
21 80
30 18
44 86
32 11
45 8
29 80
39 73
62 65
11 22
64 62
67 26
15 45
0 13
49 79
20 26
98 35
51 10
82 95
76 99
93 82
13 44
51 62
63 42
10 69
3 82
72 13
82 69
22 25
10 62
77 30
18 18
38 76
92 96
58 37
25 9
92 5
26 63
35 26
89 75
73 96
41 9
77 91
30 91
24 21
17 96
11 26
31 2
84 55
6 86
98 32
76 93
54 54
67 2
69 37
82 80
57 85
30 88
25 50
40 74
47 22
70 25
28 17
72 58
94 30
34 19
63 80
69 57
7 67
62 77
38 38
14 38
3 12
13 80
35 19
4 95
97 43
97 91
16 70
83 95
32 36
10 1
7 7
98 10
0 70
86 66
66 20
99 17
6 99
94 73
6 20
97 74
50 11
52 85
72 86
17 64
29 16
6 55
24 79
33 36
64 90
27 18
99 90
42 52
72 82
17 86
75 18
95 70
3 34
42 77
18 84
82 26
32 20
54 58
69 91
87 27
18 67
91 56
55 72
38 77
7 50
19 76
67 5
90 11
72 47
41 14
52 54
57 27
44 48
45 32
35 67
77 68
0 84
53 49
23 16
14 48
35 92
11 93
54 19
40 80
99 59
85 41
77 20
57 66
92 65
40 57
7 73
81 29
34 38
42 72
97 19
94 71
12 78
68 84
82 4
50 44
61 91
29 85
67 40
36 2
33 53
60 93
95 44
97 1
20 83
25 91
87 51
65 26
82 45
99 3
27 10
14 44
86 18
49 14
11 64
42 27
41 88
92 72
60 20
1 37
82 28
60 28
89 50
45 44
39 86
82 65
56 84
27 58
4 24
78 59
10 18
8 78
86 37
99 50
3 68
19 3
99 83
44 44
32 82
67 15
54 76
68 64
93 58
35 17
38 11
97 48
45 43
2 72
23 37
91 85
95 25
60 90
91 48
71 37
46 24
1 80
82 66
22 45
93 33
18 66
9 21
65 70
64 52
49 3
26 99
21 63
41 16
59 4
35 95
93 14
33 34
22 33
3 65
88 47
77 15
23 48
3 69
12 53
64 73
32 54
11 87
20 89
79 55
50 10
62 43
30 47
69 31
8 85
88 99
89 13
83 71
72 75
26 92
43 81
63 37
50 93
3 63
3 73
22 21
16 22
41 58
88 44
61 81
28 68
33 20
57 5
74 81
16 84
44 47
40 6
30 36
8 0
68 13
86 41
78 18
86 24
64 51
28 61
68 12
11 15
98 84
61 16
40 0
75 56
80 12
25 13
37 15
37 95
2 43
20 12
63 99
24 27
92 29
59 35
97 61
94 48
14 27
95 67
78 11
12 72
32 37
26 7
57 91
81 66
84 63
86 61
95 17
33 58
48 9
11 18
56 2
76 45
37 41
59 47
46 11
94 1
48 36
60 65
92 0
46 45
25 10
0 97
74 43
94 68
58 11
28 6
23 1
21 65
52 64
41 95
44 62
74 21
76 4
73 30
9 54
25 7
69 96
20 96
44 23
94 54
43 83
16 25
21 17
20 7
39 52
34 71
92 13
39 18
79 53
41 17
25 62
44 11
37 57
70 34
61 73
51 54
59 11
50 38
79 99
59 82
14 71
30 59
21 14
80 52
0 23
37 17
21 6
2 4
20 27
83 74
92 23
39 83
9 20
51 69
8 39
77 88
31 49
53 93
51 29
37 16
9 66
52 27
97 13
89 78
76 50
82 91
18 8
91 87
0 20
2 22
72 51
5 12
52 92
73 43
10 48
7 2
29 42
58 71
49 47
5 86
39 92
52 73
94 20
52 89
16 67
70 70
54 47
8 95
44 31
81 46
46 46
84 32
13 56
8 51
25 75
72 27
81 71
23 56
17 1
71 69
49 86
59 34
12 12
54 2
39 6
40 26
2 24
39 16
99 16
15 4
58 94
96 93
37 25
64 63
76 22
80 10
27 35
19 93
11 51
23 83
62 8
62 21
33 17
33 59
44 59
87 39
92 70
71 32
86 60
44 39
95 80
96 37
71 41
98 1
80 49
46 26
95 34
13 71
6 32
84 2
46 85
37 99
45 93
10 9
50 94
88 64
98 49
91 97
86 70
57 89
42 30
79 91
75 57
70 88
14 57
31 82
32 16
51 64
55 16
70 7
12 10
92 33
23 53
19 69
83 86
1 53
60 63
75 45
40 22
39 22
79 36
37 5
98 81
54 59
84 3
5 38
89 46
70 52
16 57
20 80
13 92
67 99
96 70
65 69
62 76
77 56
48 51
59 42
94 43
58 90
3 75
35 14
40 33
86 6
86 54
33 83
89 54
80 69
92 44
39 48
76 10
99 75
56 96
13 95
54 73
28 44
17 37
65 7
41 11
61 3
25 74
23 46
84 15
63 35
76 5
74 57
21 37
18 21
53 32
70 48
17 34
85 88
15 61
2 12
93 47
44 5
91 59
50 92
6 5
57 63
25 56
71 79
20 20
44 4
40 3
28 42
81 37
48 61
43 66
6 14
38 60
70 90
93 30
96 97
99 23
62 97
1 40
79 85
19 59
27 49
78 57
83 7
7 86
43 97
86 79
96 80
8 94
40 23
10 17
76 0
33 47
70 42
13 62
77 31
19 0
98 3
2 0
81 98
17 76
32 1
2 53
55 52
55 54
89 33
24 33
36 51
45 57
45 24
18 56
10 43
75 33
32 91
69 32
20 72
40 50
92 40
38 8
96 0
80 91
8 57
99 58
84 14
44 76
50 84
66 3
44 82
34 15
43 33
32 48
11 32
43 68
10 35
80 83
91 28
9 48
50 15
46 50
52 12
24 69
90 15
60 19
67 92
61 36
68 28
51 5
44 58
80 33
90 69
11 45
10 3
15 85
79 23
54 27
6 1
84 33
34 9
72 91
47 98
47 33
76 38
1 20
31 37
54 89
21 43
65 14
70 22
31 54
81 8
4 30
43 99
34 75
12 11
46 74
59 95
96 62
50 2
12 48
0 66
47 9
2 5
13 68
66 92
10 78
69 55
15 30
50 23
48 37
47 64
98 90
80 34
50 67
1 47
58 18
19 74
3 4
97 96
32 55
35 77
49 55
17 78
63 7
82 60
81 36
80 40
37 22
89 67
52 51
56 87
62 42
33 44
10 88
24 90
64 26
14 73
8 96
70 47
39 72
54 79
28 11
59 36
43 17
47 17
32 29
86 53
58 6
8 48
62 46
38 93
28 89
41 13
77 65
34 32
26 24
88 19
86 55
36 65
68 39
3 56
91 90
33 13
24 51
7 15
54 60
38 83
94 15
32 5
82 72
99 69
30 75
93 73
88 27
17 30
91 73
67 63
47 84
46 97
17 97
81 2
61 4
87 77
19 44
38 56
28 64
60 58
75 12
99 89
20 49
20 24
56 67
43 2
54 61
77 22
41 87
60 48
36 30
41 19
86 94
45 68
1 23
47 47
32 17
29 37
41 24
59 39
58 70
58 78
36 16
66 97
67 38
76 90
93 23
50 17
70 56
66 23
0 79
67 53
97 86
19 17
46 63
49 38
60 32
74 95
4 63
36 90
34 77
49 83
21 88
76 29
52 96
83 26
57 30
9 26
98 52
99 82
97 78
20 81
9 6
27 51
28 28
44 68
69 51
96 17
49 31
84 18
98 94
89 5
30 23
67 20
20 40
57 97
21 86
20 6
17 2
4 61
14 98
21 84
17 54
24 71
34 10
78 40
3 8
33 63
30 53
77 93
78 25
92 66
33 56
84 35
14 20
27 69
18 79
44 89
19 68
5 31
4 23
36 42
76 3
0 15
26 43
14 30
56 76
94 61
46 3
19 11
8 58
20 66
11 25
27 4
4 67
41 46
99 61
44 79
1 18
91 49
73 59
72 45
20 92
9 99
73 35
68 9
47 83
51 27
83 31
20 23
16 94
86 9
81 89
92 94
69 23
53 45
9 90
0 36
54 30
28 95
51 40
12 61
46 58
67 9
81 91
28 21
86 84
83 2
25 37
3 84
86 86
56 47
87 22
13 96
85 34
5 16
12 5
61 54
16 24
89 45
56 11
78 53
21 85
89 93
8 46
92 61
77 80
45 42
71 24
16 38
16 18
65 8
93 84
44 29
82 32
32 83
87 32
37 54
13 86
94 5
15 38
55 20
7 0
85 99
88 75
24 40
98 11
45 60
6 98
29 82
32 12
8 53
19 73
42 50
17 65
91 95
9 1
11 78
44 19
90 80
36 64
27 45
63 72
75 92
80 84
8 64
65 51
39 4
96 25
79 46
11 50
22 17
8 59
81 47
26 45
6 33
63 76
78 92
69 61
68 23
59 54
55 88
53 94
61 76
78 22
17 77
36 18
73 2
96 34
57 54
13 8
29 33
19 70
32 2
95 0
38 44
36 88
83 6
43 24
85 0
23 89
77 48
6 68
80 47
55 85
48 31
21 54
91 67
39 79
17 46
69 34
98 25
0 33
24 89
86 81
88 52
76 20
39 69
49 15
82 75
30 22
3 99
81 53
34 50
34 76
35 18
93 41
86 34
60 17
54 70
20 8
22 9
30 79
94 98
17 7
39 29
48 88
44 78
99 73
50 60
79 47
19 37
44 30
9 56
69 93
54 80
2 82
46 66
57 44
25 94
31 24
