100 3
67 82
24 62
79 78
45 26
86 60
0 81
24 88
62 69
85 13
27 40
79 60
87 73
79 17
29 88
12 80
30 79
90 36
78 71
23 0
0 49
87 30
92 45
28 48
55 48
70 48
68 34
49 30
99 67
75 37
10 18
58 86
25 51
75 59
67 83
10 27
59 35
30 78
58 82
81 87
19 52
35 18
76 38
36 38
56 60
80 96
42 61
32 44
10 79
45 29
1 93
94 29
2 18
95 86
16 73
10 35
38 68
17 36
49 22
14 5
17 72
3 66
1 57
15 37
21 79
65 92
63 39
26 24
98 50
77 88
29 73
53 97
59 11
28 43
96 69
20 64
31 18
68 21
51 28
36 14
64 34
4 94
45 61
43 3
72 45
6 36
67 31
86 70
55 3
73 73
41 55
12 23
46 66
8 22
5 69
82 88
2 71
22 76
50 81
86 98
9 76
13 39
16 40
45 55
93 13
38 16
91 41
0 57
9 1
63 16
91 74
51 42
77 85
57 40
40 37
47 23
80 73
85 60
19 55
65 93
85 23
84 87
32 9
51 13
12 9
51 89
95 24
13 82
85 15
34 99
44 91
57 70
89 52
7 97
37 89
4 75
53 11
18 35
24 55
53 23
26 10
93 38
52 70
38 69
2 82
6 76
63 72
93 49
36 5
92 99
37 66
28 47
85 16
99 48
37 45
78 72
15 7
85 38
32 8
67 44
93 56
11 76
70 35
93 87
50 57
2 98
45 37
74 49
13 71
37 12
37 40
45 88
54 43
72 72
52 73
49 65
70 86
68 18
8 53
53 15
52 95
80 49
51 34
41 3
86 12
47 6
69 94
48 43
70 64
22 15
46 72
74 29
88 63
98 71
40 50
49 23
49 13
44 40
54 58
40 42
67 99
18 91
10 4
75 61
11 59
82 36
33 79
36 98
40 3
27 2
82 4
47 35
96 33
37 48
47 27
15 35
83 36
77 45
61 24
94 78
86 18
94 14
37 95
69 72
26 65
69 76
6 52
59 9
24 81
63 43
25 40
35 59
32 28
59 52
64 14
29 24
48 38
21 56
62 20
39 48
59 20
90 81
47 86
34 8
69 81
72 78
56 88
35 35
56 4
32 71
37 41
72 67
52 87
66 37
64 7
18 16
95 93
49 3
1 70
74 99
0 70
82 5
47 5
69 7
11 1
4 12
3 44
89 64
96 22
59 75
40 21
41 19
59 77
84 51
31 2
62 55
5 76
48 72
17 45
98 93
18 60
64 35
41 52
78 42
98 95
24 31
46 49
9 31
34 97
10 1
72 25
90 86
76 28
35 60
46 82
44 26
23 18
58 7
83 38
98 29
64 18
29 62
39 57
30 76
43 57
15 92
40 84
73 26
0 95
79 52
92 60
5 74
61 82
43 30
24 26
85 88
39 69
97 5
92 48
52 36
52 94
43 77
39 45
83 19
8 52
23 50
72 73
54 34
36 42
89 10
14 69
88 61
87 4
33 41
99 54
51 44
37 13
20 96
60 89
13 57
28 95
69 53
94 87
75 4
50 8
65 98
43 15
63 45
2 20
32 78
83 68
51 61
57 5
86 47
86 29
88 12
45 79
12 44
54 74
71 68
99 39
66 6
38 55
26 86
96 44
88 0
43 71
77 54
25 46
3 99
90 70
24 19
49 53
79 41
18 29
37 62
75 17
30 56
55 81
42 66
72 22
84 74
13 65
40 62
81 73
70 61
32 55
35 83
95 70
58 19
16 32
32 64
55 95
56 49
97 55
58 1
13 96
73 65
23 68
87 54
60 82
66 69
14 1
87 90
84 50
36 52
80 86
46 23
22 97
55 34
48 36
88 64
23 52
28 19
52 11
76 26
3 37
3 49
76 23
3 54
79 45
66 14
91 97
44 38
14 60
46 68
53 43
75 36
31 5
65 17
95 40
56 54
34 6
63 75
13 47
15 41
56 55
75 69
35 46
75 29
24 2
45 34
19 53
67 93
98 9
68 39
60 12
21 12
59 43
22 81
4 10
6 27
65 66
96 93
78 23
28 34
82 1
42 16
72 51
31 23
62 94
56 62
76 39
3 39
41 8
93 65
50 95
28 26
54 57
35 77
81 72
26 77
95 54
28 63
26 15
16 42
19 73
34 74
39 16
94 97
37 86
96 21
52 97
70 26
54 4
63 12
61 2
13 12
78 5
48 55
68 67
34 75
16 94
29 8
48 88
86 27
69 65
12 90
11 2
93 67
83 26
54 24
7 34
60 61
86 78
48 48
72 17
27 68
4 90
81 82
68 31
14 39
36 85
83 57
32 67
10 51
7 9
89 49
4 93
64 51
93 39
44 27
13 56
71 30
18 56
59 22
25 56
98 64
47 9
57 38
37 2
23 65
32 40
24 22
82 75
11 55
86 19
98 54
53 54
82 90
53 84
15 4
36 36
15 94
18 17
90 55
85 4
67 63
87 51
71 7
45 62
66 15
55 0
21 57
71 85
50 97
72 56
0 22
91 96
21 70
85 21
93 30
61 41
27 86
95 50
60 63
96 25
6 90
24 57
8 56
3 90
84 8
10 70
7 80
12 43
37 78
20 49
26 5
4 67
52 82
90 1
60 64
42 14
11 79
67 55
72 14
56 10
49 70
26 74
94 9
31 19
51 94
65 19
73 31
8 65
53 25
84 36
86 14
46 90
24 8
89 95
39 90
48 85
37 77
18 31
89 93
77 24
82 63
46 67
94 91
79 20
70 62
4 44
51 26
82 97
0 84
38 22
94 28
41 30
75 12
74 55
85 76
80 90
55 43
82 51
44 29
13 5
48 74
31 94
25 47
2 59
86 49
23 24
73 3
69 4
65 42
53 75
92 9
33 2
89 48
21 32
89 54
84 12
10 76
74 39
80 48
31 96
37 73
38 30
45 22
84 66
30 92
64 88
44 8
68 10
98 81
55 9
57 94
90 33
11 65
69 34
41 98
30 69
47 51
88 79
99 46
78 13
72 35
55 64
92 5
71 46
75 80
16 55
31 80
79 55
92 66
18 93
64 71
47 72
45 18
90 99
84 41
76 43
0 92
26 17
52 79
77 98
61 19
99 14
5 21
76 85
59 85
77 49
91 94
85 90
90 4
1 60
84 76
91 36
83 22
82 17
49 37
86 40
63 32
59 51
92 32
10 7
49 18
28 53
1 26
8 92
76 94
2 50
62 14
6 80
92 35
66 61
75 30
87 81
80 12
13 26
22 34
4 96
39 43
91 91
58 18
9 89
93 3
30 36
74 94
96 87
17 81
37 46
7 55
97 0
92 85
45 45
11 28
33 1
89 43
68 97
28 49
86 54
62 42
11 33
20 75
33 92
57 79
29 56
2 66
59 13
41 6
96 1
28 73
21 54
27 28
22 65
11 37
35 24
2 32
61 86
74 97
25 75
87 93
51 52
45 33
98 8
29 95
64 26
87 99
42 57
62 48
29 10
68 36
93 33
80 7
19 74
27 19
95 12
37 8
17 88
95 63
32 91
22 8
94 80
55 17
36 41
28 25
14 59
1 95
51 99
64 11
79 71
95 5
58 39
9 50
89 16
62 93
87 39
31 25
58 41
8 55
2 72
26 13
21 2
69 57
33 66
85 82
68 76
56 90
24 95
83 1
80 34
20 14
44 99
96 42
43 93
98 76
64 60
82 28
18 24
6 12
64 42
70 47
17 93
77 91
0 0
50 16
62 80
57 27
53 27
99 99
47 66
81 9
72 46
9 65
51 16
47 95
94 55
51 63
51 48
64 38
63 69
99 19
99 38
74 6
81 91
71 61
4 28
59 66
60 98
97 16
91 25
53 57
85 34
47 1
65 50
7 53
12 55
34 28
47 30
32 76
30 63
90 88
42 54
82 2
59 99
48 58
9 28
89 79
9 97
6 79
96 38
1 68
69 6
73 80
4 88
61 39
46 36
2 39
3 73
63 95
40 33
51 12
72 53
67 20
66 59
67 36
6 16
17 96
50 42
80 20
41 63
22 79
52 72
23 29
10 47
26 53
12 1
7 47
86 56
0 16
98 73
62 9
65 23
21 27
34 79
26 27
94 57
64 44
47 62
57 99
4 58
5 3
78 48
12 54
88 86
2 44
14 77
13 16
82 35
69 69
70 17
37 52
37 6
89 90
25 17
16 97
86 83
29 40
52 77
25 63
51 31
21 76
69 3
16 70
94 69
43 60
27 38
52 42
6 10
99 0
73 91
70 34
53 68
3 69
13 15
70 20
96 95
89 63
13 62
74 89
16 81
11 72
4 20
86 46
88 28
74 57
97 67
50 89
47 77
87 80
15 90
37 22
98 63
3 60
94 24
47 71
37 37
86 79
15 13
38 66
1 30
70 43
92 65
6 15
71 12
78 2
75 5
25 91
76 62
14 72
0 78
5 6
43 22
92 37
76 25
3 92
92 17
73 6
6 68
83 62
99 10
6 17
6 89
5 7
52 65
94 51
60 83
41 91
7 69
5 79
64 63
55 63
88 4
90 60
32 2
3 80
83 78
49 79
19 99
3 45
56 42
12 46
30 93
96 9
85 93
82 95
64 83
4 13
84 32
17 44
25 71
48 90
80 5
93 53
20 70
59 59
46 40
84 13
9 34
95 39
17 86
44 21
89 19
99 63
54 83
6 82
99 47
18 23
13 31
49 48
87 23
23 74
34 91
94 60
16 34
28 80
75 1
88 36
88 21
71 65
58 21
96 85
58 43
18 44
17 78
24 99
10 55
29 29
58 69
76 36
13 38
72 63
28 1
44 36
5 52
2 94
10 71
65 24
54 22
40 73
6 62
48 24
49 75
13 21
98 0
89 6
28 38
61 27
37 54
71 73
41 29
33 7
88 20
64 9
52 90
74 19
73 20
86 38
53 72
89 36
12 50
60 19
79 56
40 90
79 7
84 78
40 53
10 88
1 32
94 95
16 38
68 0
83 97
54 90
30 13
38 92
81 10
7 58
44 54
37 82
10 11
4 76
7 79
67 87
83 5
82 55
28 64
38 74
64 24
39 72
54 60
52 27
33 71
96 11
43 43
70 12
60 99
14 88
95 84
79 99
0 48
99 3
28 50
12 67
21 31
48 47
56 26
70 9
93 73
5 0
97 89
97 36
91 49
86 86
8 89
26 1
27 80
80 53
37 36
35 19
62 87
59 41
16 31
22 12
45 69
20 43
92 21
21 21
76 69
62 44
33 13
54 9
24 16
66 0
71 78
23 4
18 12
16 48
39 75
79 88
33 48
58 96
45 20
69 85
56 93
50 29
8 26
64 16
51 68
97 49
18 9
31 40
25 53
27 98
9 45
67 16
27 67
5 72
45 87
27 95
53 2
14 84
14 24
87 46
30 67
26 90
88 33
79 26
20 48
16 72
15 73
93 18
17 28
38 23
58 24
91 90
27 79
71 39
55 68
32 88
44 85
78 20
46 86
20 20
55 56
32 87
79 61
43 74
66 40
27 93
95 68
48 91
97 42
69 37
17 56
99 57
5 28
99 74
14 92
38 56
84 75
93 98
53 71
95 15
60 67
37 65
61 87
79 33
80 38
25 67
44 0
93 15
48 1
1 24
22 1
80 57
33 42
20 25
66 84
89 98
20 93
48 62
73 49
45 5
36 76
89 75
67 66
84 59
97 69
7 22
43 12
71 96
70 51
81 94
2 37
60 37
81 53
2 6
72 47
29 21
58 75
22 68
72 95
58 87
73 27
46 9
13 66
49 59
52 12
15 60
31 73
29 76
29 92
34 55
33 18
88 89
60 41
24 45
61 85
83 81
9 42
82 26
75 34
46 35
73 33
42 30
88 91
44 86
7 88
36 84
10 75
80 0
54 42
40 15
70 45
16 46
69 75
90 25
61 84
35 6
35 52
21 66
44 51
13 68
14 42
1 12
54 54
91 40
50 94
23 32
34 80
16 92
37 28
15 46
65 22
71 57
29 43
73 64
1 0
48 54
13 33
35 64
52 28
15 85
79 86
55 52
46 11
90 54
53 67
49 52
54 70
1 9
43 28
37 97
8 84
77 87
17 12
71 8
51 73
49 42
52 15
15 18
25 68
0 91
53 5
38 96
35 22
64 97
20 18
5 32
80 52
61 45
29 75
74 18
16 10
69 91
0 62
4 68
96 80
24 44
46 27
79 54
42 47
96 30
26 11
12 60
43 6
3 19
53 36
22 2
79 0
95 71
60 56
71 37
44 24
84 5
88 51
94 66
55 32
69 1
50 78
76 22
73 34
89 73
95 91
82 13
66 31
24 75
20 91
1 2
57 52
2 38
91 34
17 21
53 33
59 69
43 1
13 95
40 26
72 52
86 73
92 97
10 22
53 50
3 33
56 45
76 24
53 77
89 94
45 36
89 47
65 4
78 60
42 39
51 3
65 55
75 79
62 73
35 16
18 30
31 77
91 51
49 36
10 43
57 29
32 42
57 61
19 41
49 93
9 14
17 76
33 16
61 52
3 29
29 54
11 68
9 41
77 95
46 53
82 19
85 89
64 89
55 72
97 48
49 80
96 76
47 55
13 92
33 51
27 24
74 53
4 33
55 59
81 98
80 37
5 81
47 25
57 86
31 71
47 44
68 85
87 9
3 79
16 80
40 99
34 67
8 24
28 79
50 4
34 31
91 24
65 37
82 78
99 91
16 28
11 75
95 85
83 4
40 36
33 68
99 84
36 33
83 67
95 81
28 77
41 46
47 98
25 86
35 9
36 39
34 58
85 77
92 63
51 4
72 19
80 74
94 25
72 29
44 75
70 63
44 35
50 40
39 35
6 41
53 81
23 88
94 19
0 45
82 15
80 13
11 32
48 2
56 57
29 7
78 66
30 87
40 27
78 68
80 47
58 93
20 29
9 61
91 28
25 5
76 79
91 13
57 90
79 62
56 59
2 43
22 17
15 86
50 63
3 88
53 12
71 95
41 10
14 97
18 28
44 50
95 2
2 31
58 47
37 43
87 98
72 15
98 26
70 29
88 49
13 8
12 88
30 82
45 6
74 79
58 45
16 9
70 8
68 4
81 15
9 4
32 45
78 56
39 50
44 84
57 17
7 84
28 42
34 76
74 52
31 79
3 53
64 46
48 53
79 5
39 32
15 61
87 59
31 15
28 45
55 40
40 54
31 90
71 81
64 36
54 84
15 20
77 80
25 95
98 40
35 45
57 77
13 89
28 66
96 46
47 88
65 84
88 38
59 14
78 31
5 15
26 92
85 83
56 17
78 24
74 30
13 34
78 59
13 67
82 10
22 85
90 28
62 25
76 49
92 67
39 67
64 98
28 22
19 81
41 28
84 71
77 43
29 59
62 26
76 31
1 47
71 79
53 96
59 24
88 87
70 16
97 71
51 30
50 38
18 85
74 10
78 46
67 62
67 43
86 88
53 59
29 36
0 13
62 76
10 40
28 41
69 59
90 6
61 50
96 16
39 55
90 67
57 25
41 21
28 99
20 58
66 48
64 37
82 50
91 71
50 68
83 85
80 35
9 82
13 51
20 41
75 35
98 38
47 90
46 45
61 13
78 85
49 45
67 70
29 44
26 28
12 33
2 96
12 40
61 98
8 63
92 74
26 95
92 22
70 55
1 61
79 6
58 92
8 59
8 1
22 52
30 73
5 41
18 4
97 52
27 50
53 21
27 61
93 41
56 14
55 92
93 95
53 74
6 21
95 10
7 27
0 2
74 45
56 27
88 77
32 75
17 13
72 43
99 24
72 36
42 75
21 65
4 47
4 6
2 57
7 33
26 55
75 16
22 18
19 80
23 47
75 8
51 78
53 0
25 94
90 26
43 18
3 83
38 80
10 63
46 58
26 88
15 87
92 52
40 25
54 17
11 61
38 21
94 34
38 19
27 29
31 65
27 12
90 48
82 70
34 17
7 96
43 10
8 28
21 25
48 67
96 31
67 75
87 24
37 85
7 82
60 25
25 85
73 62
18 77
0 3
61 49
2 0
2 69
52 60
95 29
50 2
19 18
19 68
42 19
90 2
26 47
79 19
41 76
84 72
62 52
86 97
88 10
79 49
59 90
17 98
15 5
58 28
44 4
23 77
64 10
9 32
38 50
48 4
26 99
5 17
56 35
75 15
42 79
99 13
96 71
87 65
23 73
12 89
86 57
10 34
45 1
34 37
52 4
16 8
79 59
34 84
88 25
99 50
62 75
35 78
45 71
16 93
46 98
1 45
75 50
71 88
48 77
64 80
98 16
17 54
9 95
14 58
3 4
95 17
9 59
40 34
17 49
78 35
52 45
74 42
54 85
29 90
82 92
71 51
19 62
26 71
0 55
9 6
99 44
5 66
66 9
89 21
54 88
85 0
42 86
27 22
35 87
43 64
45 93
41 7
66 33
74 93
87 64
19 5
83 11
92 84
42 63
14 43
23 87
15 14
40 17
88 83
75 40
49 62
75 78
2 33
10 49
58 70
85 41
66 64
30 75
49 95
46 84
63 81
35 61
48 73
78 43
19 38
19 30
64 74
6 9
9 83
74 22
42 1
37 90
95 45
96 36
16 44
66 3
9 8
88 58
51 62
87 3
69 18
93 17
90 30
72 58
60 20
12 21
78 28
69 54
22 89
3 75
36 1
73 72
36 92
7 46
68 84
4 56
18 13
53 79
71 25
35 1
5 48
27 27
81 92
22 56
9 9
79 74
21 30
93 34
44 10
70 46
69 16
44 81
0 59
7 93
43 25
98 17
1 14
59 95
62 27
43 39
55 79
30 12
97 31
73 0
20 21
2 63
81 45
39 15
90 79
66 56
96 0
46 88
68 98
69 43
11 36
47 87
77 40
14 31
17 9
75 39
31 10
22 96
97 74
88 29
51 87
17 77
98 66
19 0
62 91
78 55
25 16
6 48
2 28
85 44
38 87
97 14
19 54
38 84
0 68
31 81
48 6
29 81
45 40
11 40
19 7
49 50
3 5
44 70
64 22
52 17
1 72
64 94
37 68
7 52
94 5
9 36
8 12
90 40
82 65
68 81
3 13
54 87
80 10
39 70
79 76
81 11
61 64
7 64
91 15
66 32
3 22
77 93
94 76
61 75
95 61
50 53
58 5
10 48
42 35
39 3
99 97
23 91
65 15
50 35
36 29
17 85
79 27
55 49
8 79
18 88
47 73
68 70
56 5
31 87
95 52
67 35
42 70
51 19
55 18
5 8
26 46
31 63
7 17
75 3
38 14
3 50
84 19
3 81
36 18
1 20
11 44
11 86
76 20
38 47
25 52
41 59
50 73
0 17
71 64
36 31
12 61
39 98
46 94
54 2
50 1
38 38
0 74
16 20
49 94
10 21
14 62
66 29
24 13
58 23
80 63
3 72
43 35
36 51
62 61
82 0
89 87
78 15
68 54
36 75
20 61
17 73
0 90
24 68
63 25
87 12
57 93
27 1
44 31
20 95
71 59
92 6
61 90
29 9
23 36
71 94
73 41
26 26
84 9
50 39
81 66
44 7
36 63
18 2
14 91
43 66
63 50
3 20
88 60
95 83
67 15
69 31
98 46
20 36
81 2
74 27
66 87
25 32
46 92
31 67
29 57
79 65
68 53
83 61
61 14
8 51
39 31
52 84
20 17
0 94
10 41
62 82
14 55
42 69
86 66
33 15
37 3
85 24
9 35
18 99
80 18
94 81
65 36
36 46
65 13
45 91
67 32
7 3
16 85
77 6
45 94
1 87
17 3
77 68
97 21
93 44
0 5
35 27
64 0
7 99
15 8
57 9
74 65
17 64
95 95
61 0
60 14
18 94
77 99
11 96
84 80
29 37
23 6
71 72
20 85
14 23
42 94
89 28
86 16
93 69
49 16
97 80
8 75
26 25
42 7
99 33
35 11
44 93
94 41
10 82
18 61
70 87
11 22
68 25
54 93
79 93
21 84
78 33
67 49
57 54
1 39
74 17
51 2
3 9
62 97
97 1
69 14
78 41
60 47
72 79
2 34
37 10
18 80
22 14
99 93
95 43
60 54
50 27
13 63
6 33
80 36
23 38
78 4
63 15
53 76
33 98
8 60
81 65
41 37
61 17
91 70
83 53
25 64
83 59
39 63
45 92
80 87
32 65
34 45
46 14
85 64
20 10
29 12
48 75
89 66
49 40
72 49
95 7
99 96
34 86
11 69
41 35
76 60
91 20
56 72
10 78
60 79
51 27
76 5
25 72
85 48
29 14
39 46
80 91
90 82
71 28
46 30
63 24
81 33
37 49
79 10
93 80
88 85
74 35
32 29
95 37
93 64
12 53
23 13
99 55
63 59
36 97
31 36
71 9
89 35
58 49
59 2
87 17
85 2
27 7
53 90
76 87
31 20
27 35
96 19
64 79
39 82
61 28
84 23
28 75
30 51
83 76
33 5
18 89
16 30
4 87
20 15
87 95
25 69
27 45
3 57
35 80
99 41
99 25
34 90
53 48
17 84
32 5
95 64
3 74
20 27
12 71
91 84
3 24
93 0
54 69
18 96
45 56
25 14
90 37
24 51
81 32
41 65
81 77
29 39
27 46
7 28
51 72
39 78
61 5
49 26
51 6
70 32
4 38
23 92
5 80
66 80
98 21
98 84
78 50
45 73
44 90
86 1
25 79
62 29
70 37
72 61
40 24
67 8
79 96
35 54
7 56
6 38
2 77
42 34
26 52
99 22
7 63
7 14
50 75
38 5
88 19
13 98
2 76
10 86
20 84
4 42
87 60
78 17
47 82
55 83
1 86
77 42
71 26
35 69
33 91
5 39
56 43
35 99
64 28
42 60
75 57
40 14
54 92
37 79
67 26
95 46
78 74
14 12
17 11
8 81
41 23
53 78
81 69
92 4
53 10
8 17
66 12
68 78
78 52
31 92
47 80
49 85
67 34
85 53
78 44
93 94
60 32
27 10
98 11
47 57
72 77
93 6
89 56
92 58
67 9
36 59
68 14
51 59
4 79
90 85
69 24
40 40
74 25
1 16
47 85
68 45
49 98
31 54
0 36
12 10
3 91
33 0
53 9
45 8
22 83
13 49
2 97
23 71
96 18
30 58
83 98
42 82
50 92
56 50
9 70
52 49
25 92
90 17
38 83
80 19
30 28
4 22
65 44
74 51
21 63
43 11
71 21
97 27
79 9
9 17
72 10
17 69
25 15
56 69
51 14
40 87
58 0
63 27
42 93
80 85
63 66
84 92
15 49
58 66
71 29
31 13
38 67
69 9
95 57
64 70
79 34
11 95
88 16
13 13
92 14
60 6
39 51
54 32
35 91
9 30
14 9
77 23
9 49
50 70
30 60
66 13
2 4
57 13
7 50
71 27
77 5
4 21
79 12
55 91
46 80
91 9
76 90
38 72
22 86
32 27
27 72
58 98
77 77
43 92
16 37
39 24
39 7
38 97
34 50
30 42
85 52
69 40
67 73
94 36
23 56
54 79
78 69
77 82
41 34
31 47
87 84
32 47
35 89
70 15
77 31
77 44
71 54
21 82
5 65
87 18
22 21
90 91
92 46
42 33
88 96
14 95
57 37
6 44
20 82
16 91
98 19
46 22
53 69
94 47
96 35
96 78
26 57
46 25
35 90
39 1
91 78
76 27
21 28
64 66
4 30
41 80
2 60
41 89
15 51
90 95
79 85
76 93
12 20
99 79
88 27
64 25
24 59
3 25
94 79
30 19
21 87
27 16
0 14
35 31
19 13
20 87
31 51
88 11
70 22
64 13
97 45
47 70
26 91
80 71
56 12
1 11
27 87
14 21
87 11
50 88
67 71
23 64
65 79
98 57
47 32
54 25
53 13
89 80
47 58
40 47
94 86
89 69
32 3
58 64
52 1
13 93
25 44
22 5
69 29
57 18
13 41
89 24
35 48
22 74
79 11
39 95
0 8
3 0
84 46
94 15
89 86
95 55
77 10
54 75
46 21
62 74
43 2
48 57
63 35
44 61
20 2
26 40
69 79
69 49
69 48
36 16
92 40
21 45
26 89
48 28
84 60
88 82
82 25
43 76
69 5
86 20
48 8
50 15
71 4
22 46
89 70
1 44
99 32
64 58
32 53
62 60
20 79
19 86
15 25
50 31
3 86
97 68
28 76
10 68
52 41
62 78
87 15
68 99
70 54
2 5
98 6
73 67
15 19
67 1
65 3
90 53
83 18
44 52
48 13
36 72
5 30
60 40
45 86
76 3
19 96
1 40
78 99
31 50
96 74
29 77
95 87
39 21
5 45
79 35
97 94
15 42
74 40
39 62
55 42
65 85
24 7
58 74
55 71
3 35
26 29
9 53
20 33
11 3
97 60
65 58
46 4
41 24
34 71
4 40
24 10
9 38
61 7
45 81
24 5
9 40
80 99
88 3
35 26
37 81
77 89
19 65
80 31
39 88
67 74
34 59
51 11
64 57
38 33
59 47
20 62
42 95
25 2
33 45
22 69
26 64
90 76
81 52
57 55
75 87
79 3
11 0
93 32
28 72
77 29
98 92
32 95
75 31
38 64
13 72
78 61
35 62
6 13
12 98
53 92
53 61
97 32
93 12
56 16
3 7
90 72
0 64
26 54
88 22
28 74
88 43
37 38
26 85
71 43
15 21
87 86
8 30
17 92
2 61
93 16
43 38
82 44
38 31
24 15
75 11
65 45
85 14
32 30
70 4
12 94
95 19
96 24
29 64
67 92
58 32
18 32
39 59
46 51
11 60
40 97
80 8
71 66
55 35
0 80
55 13
18 47
90 11
56 87
21 23
1 4
59 29
11 27
50 11
71 18
92 70
95 21
43 67
14 83
82 56
3 3
28 55
43 68
83 31
31 86
20 88
41 84
44 39
30 47
70 25
63 88
9 46
95 3
75 63
29 52
0 43
27 76
41 39
88 42
5 19
80 72
61 73
94 4
21 88
66 42
91 2
11 91
78 86
66 21
42 9
59 79
46 39
50 5
60 51
47 50
90 23
88 44
72 93
63 9
95 59
76 37
13 9
62 99
93 1
95 25
23 40
45 31
52 56
11 13
87 89
20 9
8 2
29 31
0 56
18 97
65 5
19 44
64 77
33 14
26 38
85 87
97 98
75 60
81 80
34 2
73 94
42 41
32 60
14 37
92 36
17 67
92 28
90 80
30 84
97 59
93 90
81 79
17 47
39 71
21 43
18 11
19 33
87 78
10 99
1 38
43 88
64 86
39 36
42 50
97 10
16 89
68 13
96 7
24 23
20 78
23 99
29 82
17 27
61 78
42 13
17 14
66 44
96 62
27 0
10 91
11 81
60 15
82 42
72 37
29 34
32 6
84 81
15 89
81 22
19 36
68 56
69 17
29 25
38 60
55 99
78 92
7 18
31 26
16 59
99 29
40 55
37 4
11 51
2 29
41 73
99 83
86 6
31 59
62 38
62 10
53 47
8 58
3 52
73 37
40 74
45 9
64 85
62 22
2 40
88 55
15 0
11 6
93 42
87 8
83 80
82 82
38 76
63 73
40 28
64 81
64 95
12 39
53 52
8 14
79 18
44 71
38 75
73 60
84 34
16 0
71 40
24 12
9 63
61 3
77 13
3 51
87 85
59 18
88 7
37 30
1 63
43 80
9 92
21 26
41 82
21 20
19 43
27 65
74 70
74 2
31 45
35 41
86 4
84 17
15 2
22 37
22 11
74 80
37 74
4 27
19 20
25 62
88 6
27 96
95 89
30 37
14 27
65 40
49 34
14 76
75 67
7 23
34 20
55 86
60 60
87 21
78 45
15 24
62 56
76 80
71 49
68 96
20 28
90 68
95 4
78 75
97 20
78 83
34 61
79 81
36 2
17 26
39 73
45 59
95 49
36 27
48 19
80 16
30 15
4 64
96 54
37 18
14 74
65 32
24 52
49 73
89 2
13 2
12 99
41 95
34 72
10 80
99 26
25 11
52 38
83 99
91 42
36 73
97 17
57 7
86 95
47 78
78 26
91 4
66 78
60 31
21 49
60 78
32 85
94 0
3 23
22 78
96 12
43 79
41 61
35 5
67 94
82 94
15 10
90 65
91 66
47 31
33 22
5 68
25 84
35 12
15 84
43 98
30 1
88 52
78 3
14 79
39 28
26 84
21 5
63 97
62 8
42 64
16 13
49 1
27 31
27 64
50 7
17 46
50 86
41 92
67 76
38 2
6 26
26 18
88 54
67 23
94 8
74 91
95 34
15 38
44 76
21 53
82 57
66 99
29 18
27 56
15 15
36 53
79 58
42 74
9 72
1 69
23 23
59 62
57 49
26 9
40 98
43 55
67 18
57 44
81 63
82 30
26 59
6 86
85 18
84 35
61 97
59 21
37 56
87 32
51 35
41 94
98 39
55 24
79 95
91 79
54 63
35 65
31 9
9 5
20 34
20 16
82 47
66 26
5 51
20 97
1 50
83 51
77 57
57 3
78 0
99 85
16 41
51 0
30 34
21 36
78 98
59 73
48 52
48 81
83 83
3 94
62 90
37 47
0 82
60 97
55 28
26 75
58 14
91 64
84 14
97 11
17 43
62 70
36 68
99 90
62 41
30 62
73 96
83 10
68 3
30 66
87 77
48 42
33 93
81 38
83 58
35 10
97 96
42 85
89 30
1 5
1 43
30 24
92 24
13 37
46 31
60 84
14 13
88 94
45 32
69 62
88 2
58 91
0 67
8 88
10 95
25 0
13 50
84 49
93 31
24 66
72 54
57 33
95 79
92 77
37 76
63 96
62 53
4 43
66 91
93 11
33 19
45 95
8 0
14 16
52 44
12 76
90 29
92 64
75 0
27 97
2 64
18 18
49 49
63 17
38 27
68 93
51 53
29 17
43 84
66 4
51 55
26 56
77 65
71 3
65 16
66 52
12 25
4 72
7 43
89 77
68 6
62 63
69 96
47 17
3 77
0 10
24 27
35 74
90 18
22 49
56 33
44 22
69 15
25 83
27 59
18 92
41 75
82 96
92 80
46 41
1 75
14 45
54 13
61 12
39 33
52 32
84 88
29 61
58 65
90 71
77 94
43 70
3 10
9 75
48 31
96 94
66 34
38 88
18 62
19 40
80 29
50 49
95 27
11 49
49 97
33 8
27 69
53 30
34 35
66 94
19 77
58 71
84 37
98 30
20 12
40 43
50 58
8 40
59 67
49 74
7 13
60 17
81 41
95 97
74 20
98 43
63 14
32 54
85 29
14 49
35 51
69 21
47 40
71 16
18 69
41 69
7 29
76 11
53 17
85 74
12 62
46 56
2 84
31 12
19 94
67 86
52 46
43 16
72 30
5 82
46 76
59 6
9 25
81 21
24 83
12 63
30 71
1 77
12 34
8 66
26 19
9 19
39 10
35 82
20 76
21 17
27 99
93 72
5 55
11 63
20 60
63 51
28 85
36 58
42 71
24 56
80 2
77 14
29 58
22 30
55 55
18 83
51 32
52 99
23 84
39 5
29 87
1 28
64 64
29 19
76 40
46 43
39 85
10 23
97 43
91 67
16 56
20 81
91 35
48 76
29 85
41 5
85 73
56 15
36 43
28 44
89 68
50 37
80 92
65 91
6 67
90 50
37 83
11 29
50 20
41 40
74 36
93 79
76 19
82 87
26 72
19 50
7 71
99 78
34 93
30 14
93 62
39 53
1 91
63 3
66 82
0 7
38 32
91 50
1 31
23 86
36 74
4 29
75 54
27 48
26 80
45 0
32 93
96 84
21 11
64 2
29 1
11 41
51 85
73 69
27 73
24 72
55 41
68 35
77 97
41 79
53 1
18 82
38 52
2 10
42 83
49 81
97 12
44 11
68 28
86 24
18 58
77 63
78 29
24 42
76 10
33 83
56 83
20 35
59 39
19 95
29 67
91 11
16 4
57 88
92 78
17 99
39 13
32 1
76 77
28 62
76 33
91 39
29 2
7 85
73 23
16 60
52 30
57 98
20 38
56 56
78 34
8 15
33 61
21 15
63 49
98 2
76 32
2 24
27 33
9 90
14 15
54 12
65 18
68 22
74 60
5 90
80 83
20 0
75 99
66 20
34 52
5 10
80 69
95 76
33 73
63 0
88 57
4 63
23 28
15 79
41 62
95 48
62 2
96 50
54 39
69 10
77 96
9 54
56 76
91 8
39 20
30 85
46 17
93 97
18 98
44 9
96 13
36 70
84 68
23 58
73 45
96 23
98 12
82 69
93 81
13 77
68 80
84 6
77 75
43 75
92 41
30 99
90 59
94 59
26 14
50 24
55 50
11 92
88 71
10 26
89 1
69 90
86 32
97 15
63 47
18 90
55 46
33 72
34 87
74 23
74 75
87 27
15 71
5 67
13 94
31 30
79 1
17 34
50 14
14 71
99 98
42 27
53 98
0 25
64 69
17 94
12 84
26 36
62 32
98 14
21 46
30 74
16 33
22 82
74 66
89 72
65 95
56 20
64 21
28 51
1 78
26 62
94 96
65 35
42 73
46 1
15 80
32 41
36 25
43 62
73 7
28 0
90 39
72 27
3 82
66 83
77 36
60 45
81 58
93 43
5 54
70 97
99 8
20 7
85 55
99 77
12 38
97 47
7 65
93 88
25 48
43 72
46 54
20 19
92 38
96 10
75 71
33 56
30 2
62 79
27 78
11 34
37 63
12 95
16 50
31 78
43 23
17 10
5 60
60 26
40 52
79 97
22 6
73 15
52 40
50 10
44 48
36 88
55 73
2 25
39 8
65 70
14 19
88 78
74 47
72 82
62 77
91 0
12 64
7 1
95 62
2 19
3 87
5 23
22 77
75 25
66 97
71 84
54 23
86 23
35 75
56 97
52 58
76 83
53 94
58 10
62 88
45 41
48 0
90 0
40 31
30 44
0 11
15 39
19 8
45 15
11 70
60 16
91 44
57 78
73 84
60 80
77 12
52 7
52 78
84 86
73 10
79 39
35 72
43 4
65 38
23 8
92 3
98 96
55 97
56 73
84 93
85 36
36 54
27 74
38 53
62 71
64 27
91 60
25 36
82 8
37 96
17 70
72 13
40 2
58 54
55 88
24 79
91 1
55 19
48 92
81 99
50 6
58 67
6 57
89 82
0 9
85 75
24 78
53 41
59 86
33 70
91 87
55 15
25 57
22 31
26 30
70 6
18 36
84 85
39 49
40 38
47 84
75 33
9 77
83 44
7 38
15 16
35 37
3 31
92 62
46 85
48 49
14 65
70 3
20 98
91 55
51 49
71 93
8 80
51 81
76 82
86 61
84 54
34 30
48 3
26 76
56 46
70 75
64 39
39 92
41 67
4 32
50 79
53 16
18 37
56 29
45 23
91 81
23 97
32 17
82 29
8 21
22 91
26 35
86 48
32 49
35 44
80 56
80 61
66 41
97 35
85 68
95 38
10 60
68 9
6 78
72 76
50 60
57 56
55 16
69 78
60 58
89 41
71 10
15 9
59 49
54 14
98 42
32 83
32 23
44 47
85 37
23 11
96 32
91 88
51 93
30 81
96 58
32 61
90 46
84 26
40 82
53 55
73 13
79 51
48 9
27 43
10 29
20 65
50 44
87 1
10 73
73 35
77 0
19 72
77 66
87 22
75 52
12 87
37 88
62 30
11 35
26 49
50 66
93 60
13 44
57 95
85 27
94 16
39 0
0 73
84 67
31 88
16 96
69 56
48 21
8 4
82 43
47 4
34 46
96 61
97 91
30 70
99 43
59 94
13 59
45 98
8 87
58 83
92 73
6 6
21 55
73 66
91 69
55 89
8 34
52 66
54 64
87 67
50 23
23 55
83 64
3 58
30 38
51 45
88 34
17 42
81 55
50 19
19 85
68 66
16 58
77 9
76 13
22 25
20 73
82 77
92 10
14 68
62 31
33 94
51 9
77 72
80 95
77 21
27 3
67 7
54 48
3 12
83 79
66 70
54 99
24 86
26 51
15 64
67 59
28 92
5 4
61 56
68 64
87 2
54 20
81 71
82 89
74 69
58 12
51 40
0 87
84 11
83 33
14 34
88 92
14 96
2 17
15 50
54 76
63 93
45 7
81 97
3 55
48 64
45 65
33 75
13 81
16 54
75 96
73 18
2 73
4 92
17 25
89 11
52 59
36 95
82 91
4 36
57 32
39 77
26 61
46 38
11 66
26 3
34 63
34 98
0 12
19 63
89 13
51 95
87 72
83 35
80 65
56 6
59 27
18 10
72 40
16 90
93 71
67 69
70 94
89 27
71 1
35 43
21 3
18 87
95 47
91 3
80 89
77 15
83 16
20 56
8 97
25 30
35 20
33 11
66 22
99 1
97 22
48 46
23 34
43 59
27 17
40 9
27 5
77 16
56 36
50 90
22 75
95 13
71 80
76 64
30 29
69 35
31 82
8 54
31 56
59 78
59 17
21 95
49 71
12 66
22 22
12 93
11 74
46 71
17 31
71 91
47 74
16 74
26 94
37 15
38 12
81 59
62 17
1 56
21 73
52 47
81 86
76 16
22 62
92 87
94 50
57 53
84 97
96 63
42 2
16 65
44 73
35 30
61 40
86 59
5 86
33 96
97 38
93 85
85 80
48 45
78 21
94 62
32 96
68 42
27 20
75 23
70 1
37 1
27 36
8 9
34 70
92 54
0 54
65 72
6 19
61 67
65 97
78 32
14 29
52 74
96 4
15 17
8 42
22 47
45 64
81 84
6 59
69 22
48 50
81 50
43 58
17 2
33 36
5 87
16 88
72 16
16 52
89 42
78 10
77 76
68 89
28 30
57 58
63 48
76 52
67 6
84 83
45 50
75 90
46 62
34 48
25 37
74 82
87 26
34 66
13 84
41 60
41 27
88 30
52 9
41 47
30 26
15 77
31 49
58 15
42 23
83 17
17 41
86 7
63 54
68 17
76 61
78 54
24 91
70 53
24 87
0 63
10 12
23 39
53 85
61 74
94 92
8 16
87 0
64 47
94 84
86 50
32 22
57 67
90 20
91 58
59 76
10 59
73 29
47 16
43 27
29 42
9 79
77 56
60 49
33 67
14 56
51 25
17 24
63 44
2 35
24 21
92 27
62 62
46 60
46 55
50 71
14 4
1 74
11 48
9 67
35 50
74 28
88 98
27 62
26 98
70 82
53 35
98 25
83 47
11 16
20 39
9 26
35 7
68 69
38 40
63 23
56 82
53 40
15 83
84 27
18 53
74 38
82 98
55 44
35 66
50 41
76 47
13 73
84 33
1 71
63 10
51 47
89 3
15 70
76 18
83 75
40 44
37 53
48 5
0 41
71 69
88 14
82 48
85 32
39 81
8 57
76 55
96 28
9 0
0 72
57 60
8 83
29 35
64 29
19 15
50 33
68 48
45 27
50 43
28 57
85 63
72 71
70 44
33 74
50 47
66 92
58 84
78 84
94 45
84 2
7 66
85 33
6 31
99 18
20 63
51 5
75 88
74 63
7 74
49 91
15 26
42 20
19 88
70 91
1 46
90 7
5 61
29 98
74 81
98 45
69 30
72 66
28 70
88 9
12 37
69 70
11 47
69 52
61 11
32 66
56 75
12 4
19 83
61 15
21 47
65 56
19 34
32 81
33 65
34 82
7 77
2 83
11 58
4 3
19 17
84 48
55 8
41 57
83 7
24 74
98 67
73 28
4 37
82 33
15 52
24 73
66 28
65 99
53 18
72 2
6 96
60 30
99 9
92 26
47 63
97 41
82 73
67 3
91 48
72 3
34 81
9 86
22 13
28 5
87 19
61 46
21 97
41 36
80 23
58 99
16 82
32 52
90 84
93 14
74 11
98 52
31 32
40 30
49 88
5 27
73 53
4 14
1 23
97 23
2 45
93 24
9 3
7 21
67 37
0 31
14 22
51 43
80 60
25 76
87 40
6 94
57 12
77 53
12 31
48 71
1 88
93 9
14 11
76 6
49 82
77 50
73 78
53 95
42 78
13 99
2 16
93 75
23 53
44 89
6 1
92 51
72 21
3 97
2 13
13 18
38 85
67 60
53 20
61 30
58 76
87 57
63 89
95 36
32 82
91 18
55 7
38 59
76 67
56 37
90 83
49 2
98 33
40 46
16 84
52 86
66 68
43 5
74 3
77 39
59 57
2 9
56 98
41 56
99 49
54 82
40 67
33 52
34 19
7 20
42 72
69 61
3 84
80 78
46 47
59 10
73 2
74 78
16 64
80 97
66 95
49 11
91 32
90 35
73 44
64 49
98 97
4 26
34 16
51 23
51 70
3 98
54 40
25 39
30 17
72 84
91 89
43 90
71 97
88 32
65 11
7 49
60 85
92 81
42 32
38 77
76 96
47 93
80 44
11 21
85 54
45 25
73 71
28 39
86 33
20 47
54 5
36 90
61 32
74 9
63 13
65 21
15 58
25 87
51 71
17 68
62 67
87 68
22 24
74 61
85 98
57 48
29 68
67 61
66 30
55 77
65 2
19 61
57 66
38 13
38 99
77 78
46 32
86 26
59 40
47 91
53 28
13 64
43 21
7 19
82 53
89 23
81 37
7 83
27 55
89 40
92 7
9 58
16 2
46 6
25 33
1 17
31 29
58 72
94 40
77 70
15 59
9 88
1 89
40 76
76 1
88 31
65 39
0 27
71 83
31 55
63 26
28 31
38 18
64 33
83 93
39 87
16 14
35 14
3 56
59 97
65 67
79 42
38 9
30 49
33 60
23 16
91 14
53 91
94 33
52 13
54 73
63 46
88 47
60 18
98 44
25 78
15 68
10 0
70 33
33 26
25 77
86 43
81 34
53 93
8 33
63 68
11 25
41 14
36 71
33 57
73 8
85 81
84 0
10 44
57 82
59 68
47 28
46 73
47 81
14 48
91 56
25 20
72 7
46 0
43 89
93 54
82 32
77 92
96 43
57 65
92 43
63 58
42 18
73 40
8 68
81 60
15 44
19 39
39 9
92 47
64 54
17 39
40 11
61 44
95 33
46 8
9 2
25 6
55 22
21 40
65 81
62 86
16 17
68 62
50 9
16 19
77 35
29 16
56 48
47 83
67 41
10 17
86 13
52 51
40 57
67 56
98 1
8 13
7 41
28 56
76 7
92 59
11 94
36 60
52 96
46 89
32 46
86 21
48 95
51 76
15 34
45 53
48 27
19 29
19 31
45 76
23 2
28 98
16 7
38 17
50 51
59 82
92 25
11 30
32 20
65 34
95 9
16 23
70 66
12 97
47 60
47 8
39 44
39 41
94 56
82 68
97 53
22 28
80 45
42 49
27 18
78 57
9 11
57 20
38 70
62 54
2 78
44 66
15 91
85 30
42 92
32 24
64 41
60 4
38 0
32 68
57 87
18 95
11 93
81 67
70 56
38 65
60 23
56 86
78 30
33 77
69 36
42 22
17 71
54 29
89 83
83 91
48 23
99 36
39 52
87 96
32 84
57 6
4 51
93 99
87 16
49 46
20 69
60 52
82 72
15 28
89 99
63 33
87 63
2 14
26 79
10 5
49 4
5 29
38 29
79 32
46 28
4 59
39 60
92 8
84 63
40 19
62 85
66 79
87 76
19 70
31 61
82 16
61 62
78 22
60 53
90 74
11 50
78 53
53 6
72 8
86 31
1 76
22 70
23 49
25 70
97 50
48 98
45 74
42 21
59 87
35 4
76 2
71 98
81 8
68 15
63 8
54 44
2 21
30 61
68 65
85 84
13 25
33 95
83 2
71 75
23 89
83 8
80 6
88 37
42 5
59 63
16 86
91 95
0 6
67 0
28 7
73 76
92 39
64 90
55 2
44 20
92 29
50 52
35 79
12 52
90 41
44 13
59 84
28 3
46 5
98 90
17 37
70 13
37 26
84 3
35 15
18 72
69 33
92 44
89 61
6 77
82 34
70 23
20 4
91 23
88 17
0 88
89 5
69 55
23 48
3 28
29 89
38 57
36 80
18 20
60 68
86 53
58 35
77 60
6 73
24 20
45 80
60 29
94 26
35 67
30 39
80 84
9 16
34 18
13 48
86 11
31 85
82 93
97 58
38 42
2 2
85 19
0 52
22 35
80 46
67 30
32 97
15 55
12 18
96 90
95 51
39 34
20 59
5 9
53 7
22 92
42 59
37 92
87 58
36 65
57 75
81 29
10 52
23 9
2 7
8 11
30 9
72 26
66 90
86 81
63 30
0 23
84 62
46 16
74 16
13 1
57 14
62 12
1 84
32 31
71 77
87 5
11 80
41 20
55 62
78 27
37 99
83 88
54 36
11 20
95 18
9 47
67 67
28 27
84 52
81 0
41 0
92 61
4 45
3 17
4 80
17 33
5 43
69 67
79 90
65 29
1 48
88 68
27 49
45 68
40 80
26 20
24 37
27 4
5 84
25 82
30 90
43 46
95 14
46 33
67 27
50 45
52 68
59 30
27 53
16 95
51 84
61 20
93 5
40 93
81 14
22 36
60 65
63 76
32 18
17 89
82 62
98 37
63 6
41 15
5 22
83 23
50 93
25 74
83 32
52 33
43 19
24 24
1 65
57 39
81 17
82 14
20 31
9 37
33 33
40 13
61 63
88 53
73 54
77 33
79 94
62 45
61 1
85 56
1 42
80 75
12 7
77 32
32 92
70 69
22 98
14 0
28 4
85 95
59 36
11 46
45 42
34 38
61 93
79 29
49 92
78 12
48 30
19 87
41 32
76 9
97 46
38 94
63 60
52 6
58 17
60 43
10 83
27 60
96 91
91 80
43 20
14 30
75 51
79 64
70 71
21 29
49 39
58 2
5 24
89 85
46 34
31 7
55 14
7 60
70 0
4 35
32 12
68 49
41 83
6 66
39 74
58 34
56 77
31 28
89 20
66 17
63 20
16 39
37 14
3 47
4 97
15 3
31 75
96 45
68 61
99 12
3 59
75 91
5 91
94 98
7 94
83 0
60 57
42 29
76 29
8 95
64 19
51 90
23 5
5 78
4 57
2 62
95 65
0 77
10 92
64 52
7 6
80 77
13 52
40 70
51 24
14 78
63 19
92 57
75 21
81 47
48 79
21 44
74 86
66 10
63 62
33 4
40 64
27 14
41 43
17 75
47 59
86 5
49 56
56 94
2 91
16 78
52 83
44 3
67 5
77 27
40 1
30 22
94 94
73 90
95 31
70 67
15 62
89 8
25 8
24 90
28 2
86 85
34 54
29 65
55 25
60 24
35 3
41 9
81 85
27 26
94 74
65 46
88 62
85 45
5 40
55 45
22 33
22 40
71 48
3 65
21 7
6 72
72 68
7 92
42 77
85 66
77 59
85 11
98 24
57 19
99 51
23 19
46 70
98 35
77 41
5 26
90 44
31 68
2 51
8 44
32 99
52 35
38 90
92 92
88 80
71 53
1 66
33 54
92 1
96 73
81 90
39 22
63 42
66 74
29 66
57 72
36 22
97 13
52 2
46 78
57 83
69 83
79 14
13 3
22 53
75 2
46 74
76 42
60 92
40 65
52 39
68 1
50 32
64 50
88 13
93 20
51 79
37 7
15 76
44 15
83 40
56 19
97 9
19 66
21 1
68 29
28 91
43 53
23 70
35 53
3 76
60 93
20 44
83 13
92 95
23 54
12 48
12 74
70 5
67 25
70 84
0 39
12 91
53 87
93 7
53 64
9 66
69 28
67 11
57 43
20 52
29 4
85 25
8 69
94 82
58 79
98 18
78 77
19 60
90 51
52 22
29 0
17 58
25 19
56 9
4 99
21 34
11 73
68 47
54 66
90 9
10 45
22 73
39 12
14 98
68 27
60 75
70 31
8 41
39 37
76 44
51 10
77 64
90 10
97 51
51 15
47 56
85 69
82 22
86 64
91 72
67 19
69 74
42 3
81 36
47 67
29 51
58 61
6 74
85 79
86 41
70 14
28 12
60 8
30 5
5 99
65 20
85 72
75 75
43 56
41 38
97 61
72 48
89 17
13 75
56 40
96 51
99 45
37 59
40 5
25 54
17 55
48 56
2 22
74 33
87 13
76 41
65 78
33 23
76 14
0 40
58 42
61 38
50 59
13 36
54 19
23 67
44 95
54 33
45 77
90 47
11 42
31 24
67 50
46 48
94 42
98 51
25 24
64 45
39 6
58 94
78 88
52 25
52 37
94 68
15 96
71 45
59 0
57 34
23 44
16 69
58 44
98 15
89 7
79 73
15 72
27 9
12 47
21 14
56 2
73 11
42 58
86 44
87 62
84 30
24 40
1 18
66 24
61 88
44 92
50 22
37 61
6 92
99 65
29 83
59 74
11 10
85 50
66 5
80 98
94 30
16 49
59 31
20 74
31 21
89 78
30 27
88 75
42 68
57 31
58 85
77 61
0 29
1 22
59 26
81 6
33 62
95 11
54 18
25 23
74 76
65 8
79 50
75 20
26 78
69 45
92 50
26 44
34 14
89 88
35 8
40 10
12 65
70 24
64 15
56 91
13 35
45 2
94 3
83 52
0 26
67 57
93 76
68 79
10 58
17 95
18 7
19 47
23 42
66 96
99 56
92 93
53 31
75 74
52 23
12 5
19 1
22 23
92 72
71 17
88 8
69 87
36 83
42 45
89 18
30 6
24 43
43 52
16 47
25 55
4 34
93 29
20 45
83 27
69 11
60 50
81 18
3 93
43 7
99 28
98 32
70 80
47 13
27 51
87 69
76 66
9 69
38 91
96 92
81 20
30 97
29 84
40 75
81 35
57 23
4 48
83 54
88 23
93 36
52 62
45 75
71 58
96 66
51 91
20 67
74 56
1 64
54 81
45 39
30 3
42 17
72 24
54 65
55 65
60 77
29 71
68 51
24 1
33 82
38 15
15 47
64 30
94 37
81 46
19 16
31 38
7 45
96 72
60 46
54 31
66 72
82 9
95 26
28 13
31 1
84 70
49 64
11 39
0 30
35 13
88 67
88 45
46 18
58 9
13 23
71 20
77 19
76 91
36 66
28 17
16 6
10 94
80 93
35 34
17 17
77 90
17 91
46 61
43 29
60 27
90 98
29 70
38 7
25 98
41 31
64 43
94 22
46 77
79 68
30 59
10 65
34 51
72 74
39 40
56 41
40 94
6 85
42 25
57 15
10 46
7 68
65 53
19 75
51 92
64 3
91 53
57 69
41 22
91 83
59 65
16 22
99 69
43 50
41 11
53 3
12 51
70 70
52 24
13 11
21 4
58 13
49 6
12 36
25 93
57 46
73 63
56 61
30 33
89 65
36 35
31 27
38 1
25 31
59 61
68 72
6 58
60 81
74 83
17 60
83 90
66 85
89 12
2 49
92 98
73 46
27 25
20 51
34 11
80 82
95 20
12 2
89 22
20 66
24 60
30 54
73 97
1 21
25 38
10 66
25 10
44 2
46 50
9 43
97 78
94 93
87 14
27 91
89 15
97 29
86 68
62 57
45 90
77 46
54 26
61 42
44 37
57 64
62 7
70 21
2 87
70 96
55 20
32 35
14 99
54 72
71 89
94 77
33 29
93 10
57 97
11 23
71 82
60 94
47 10
82 83
15 95
42 84
98 49
91 5
17 80
26 82
28 65
93 27
37 98
18 71
28 83
12 11
6 29
85 22
55 27
4 81
64 72
2 53
23 98
79 40
84 18
31 70
44 78
26 21
4 46
26 4
26 6
12 57
91 93
80 59
73 98
12 86
12 24
71 44
6 95
28 61
44 67
69 68
8 29
12 14
47 43
61 59
93 45
96 14
1 33
31 74
69 25
59 12
75 9
34 73
2 46
51 21
62 68
49 83
1 79
25 1
78 95
65 9
90 97
12 17
47 22
93 89
2 80
96 5
14 90
4 18
68 68
80 54
39 27
32 48
69 20
14 26
46 96
7 11
29 78
84 94
63 71
26 39
54 78
7 48
17 66
14 80
59 92
64 84
75 19
11 12
68 75
1 51
40 89
84 65
85 47
50 25
14 75
59 23
94 43
65 52
83 66
15 53
57 85
42 76
5 35
92 75
76 50
47 53
36 34
20 53
95 74
73 14
86 80
57 81
38 61
49 57
98 47
60 62
45 96
44 43
98 56
70 36
58 63
92 94
0 51
69 51
54 10
41 77
99 20
33 47
49 38
19 64
28 68
75 55
57 92
84 10
45 11
50 21
32 59
4 77
44 59
8 64
47 29
35 49
93 22
84 7
39 11
80 43
69 64
20 22
74 8
60 1
38 10
49 47
85 31
19 97
3 14
39 56
76 4
90 42
38 93
1 34
30 72
30 98
7 87
19 79
13 22
42 43
81 48
10 77
3 48
23 80
75 76
68 24
21 71
87 31
14 46
11 90
68 32
63 1
85 86
48 84
44 60
63 22
52 55
39 64
80 30
67 81
57 28
16 87
48 60
74 14
52 52
53 86
9 93
38 25
44 17
59 38
47 69
36 55
2 48
21 83
99 4
20 86
72 83
32 74
9 20
13 60
24 32
47 14
22 94
44 25
61 16
46 13
33 32
69 93
9 23
31 31
93 78
48 10
62 18
63 52
14 47
22 64
57 10
75 58
10 38
2 41
79 92
25 50
72 20
47 7
22 95
14 2
2 27
19 42
48 93
17 4
61 92
52 61
66 39
16 25
2 55
98 78
84 43
61 83
83 20
22 66
22 20
94 44
90 24
51 56
24 53
28 87
92 69
46 65
38 20
49 29
10 67
57 74
44 34
11 31
43 82
95 80
39 58
49 8
95 30
89 14
61 53
86 51
34 64
10 87
99 86
37 91
20 5
41 68
71 33
12 19
26 48
93 46
79 13
10 24
76 81
72 57
37 71
34 88
82 79
32 7
52 3
18 66
66 77
43 65
8 47
26 68
54 28
71 38
10 81
16 62
93 48
73 5
54 46
65 61
25 4
24 67
13 79
51 86
75 10
35 92
15 6
32 33
25 3
34 83
94 6
89 55
97 62
28 81
37 23
89 32
55 36
8 73
45 52
85 46
96 53
25 66
38 49
71 6
47 96
91 33
99 53
88 70
24 34
90 14
80 15
44 57
33 78
66 71
73 99
74 84
92 55
17 61
32 4
32 39
31 72
55 82
64 40
52 14
24 3
37 32
74 90
13 30
69 58
35 57
72 41
54 67
46 19
95 6
67 89
26 12
1 83
50 96
89 71
46 44
85 97
87 70
30 48
33 38
41 18
28 46
9 98
11 45
98 99
33 21
29 53
11 83
41 2
19 27
10 8
58 57
34 0
2 47
13 4
13 43
49 69
6 56
61 22
78 89
66 1
54 62
40 49
36 47
10 13
90 61
53 58
94 64
56 51
15 97
59 33
45 67
88 59
37 31
82 60
25 34
27 85
80 27
95 41
87 45
43 63
66 58
12 0
62 43
95 44
10 74
72 64
18 70
50 61
55 51
25 89
71 24
50 74
94 83
45 17
71 76
58 16
31 0
49 25
71 0
40 16
1 62
11 19
74 95
26 66
10 14
52 53
44 88
40 83
4 4
20 68
68 20
73 22
78 1
21 92
14 33
40 79
85 49
38 51
80 22
48 94
19 48
63 86
98 68
65 41
82 74
5 46
54 3
35 23
41 26
79 83
7 12
46 75
38 11
41 44
65 90
39 18
94 39
87 20
8 45
44 77
80 33
75 27
7 31
47 49
15 99
82 27
23 93
72 87
7 81
21 8
20 55
18 79
7 67
83 65
58 22
47 38
32 57
1 41
84 96
80 67
1 59
75 97
21 50
5 64
66 36
93 77
72 88
72 96
35 55
25 13
32 86
77 48
19 92
72 98
80 1
16 53
14 32
98 58
52 34
65 96
92 33
49 61
18 63
95 73
69 38
26 41
5 18
82 59
93 52
91 82
87 66
5 14
85 40
67 48
67 85
1 19
17 7
40 22
90 90
53 24
73 75
9 33
66 54
81 68
56 24
9 24
53 80
18 41
81 96
69 88
24 97
71 60
16 45
52 19
51 65
56 31
42 26
5 97
97 40
28 36
97 4
21 94
45 10
13 42
90 92
11 97
55 47
19 91
55 21
75 42
31 66
65 12
60 22
16 16
78 79
33 3
82 40
21 91
96 3
97 65
99 88
71 34
36 32
18 54
5 63
69 77
61 80
74 50
74 62
37 80
5 53
73 58
37 35
94 31
21 60
55 1
55 37
25 81
84 91
97 39
4 5
73 55
40 59
97 28
16 79
85 78
54 27
97 26
45 14
10 3
9 55
3 64
7 4
5 94
9 80
93 28
58 25
36 11
10 9
25 41
61 54
80 17
8 43
9 84
0 15
80 24
54 15
6 18
68 8
15 32
22 27
62 66
60 0
57 21
41 33
66 50
24 6
70 85
1 15
61 51
91 12
52 48
97 76
90 94
54 7
65 10
5 16
0 19
10 6
75 84
5 25
80 28
31 37
6 98
71 74
83 39
21 6
21 64
67 52
41 1
66 55
95 58
49 44
84 29
75 66
37 17
24 50
22 58
6 54
99 15
62 98
89 31
79 87
28 10
52 20
99 64
4 62
70 42
24 84
62 34
63 90
73 87
20 13
58 60
22 32
90 64
35 47
20 92
74 0
75 14
98 3
7 8
83 96
21 10
50 82
32 56
97 97
75 49
11 24
24 35
98 53
42 99
48 65
6 71
81 1
27 8
92 12
2 58
94 89
56 67
19 24
56 79
31 99
83 24
29 47
28 15
15 63
51 88
29 50
15 12
72 97
75 44
28 60
31 60
65 59
73 17
55 33
78 80
14 67
9 10
40 60
98 27
15 31
58 62
39 68
33 58
96 67
33 53
4 98
92 49
33 40
6 22
91 38
57 47
71 42
42 28
90 12
60 86
6 14
91 22
3 38
45 43
46 81
38 63
58 73
91 98
8 70
32 14
38 71
14 82
72 28
50 17
71 47
40 45
26 93
44 72
21 81
15 11
20 71
53 42
75 22
44 44
24 4
42 44
76 15
59 64
25 99
4 39
66 89
27 70
58 52
79 77
97 34
33 55
31 16
81 5
87 6
83 60
67 77
37 24
21 33
42 67
68 59
88 72
1 90
18 8
80 9
45 70
61 79
73 47
91 10
27 63
23 27
66 18
86 39
13 54
61 89
86 75
75 6
28 18
99 87
5 83
63 67
21 85
83 92
46 2
0 24
69 80
45 35
49 0
24 63
47 36
86 28
81 24
54 37
45 57
47 37
5 20
80 76
33 89
46 15
17 35
89 51
87 42
14 53
45 60
98 88
9 64
68 87
25 90
41 72
23 57
96 2
58 88
8 93
82 11
4 9
99 66
27 41
95 56
63 4
90 13
81 27
41 87
42 48
18 0
51 64
95 88
66 93
75 94
90 63
83 15
8 67
48 32
97 30
36 93
96 89
59 89
97 19
60 9
52 98
33 87
60 2
80 26
3 34
31 57
20 42
9 12
28 14
97 33
13 27
25 12
79 24
37 55
55 29
96 47
84 99
82 24
4 17
80 81
59 70
67 39
65 94
46 46
80 21
74 7
11 15
30 31
23 51
8 19
26 45
21 38
10 42
79 57
68 83
85 7
65 14
1 3
96 64
2 92
77 81
25 96
91 45
7 26
15 57
13 53
76 12
18 55
14 52
66 23
79 91
33 12
91 54
97 66
74 13
16 71
37 50
74 21
10 32
89 9
78 62
46 63
2 54
28 37
78 81
98 72
11 88
26 96
70 40
63 2
79 53
72 81
65 82
96 77
69 66
31 91
91 30
0 38
23 45
41 13
36 45
44 33
11 84
84 73
35 95
44 49
36 79
53 49
69 86
83 94
90 73
78 67
78 7
54 61
67 51
28 29
87 97
6 40
47 92
39 30
57 16
58 58
4 84
76 30
79 69
70 79
27 82
51 50
88 18
62 3
18 65
44 94
59 71
59 44
98 22
67 90
10 57
25 61
38 26
63 74
86 35
48 29
81 95
60 72
34 62
26 87
60 70
1 96
75 64
68 11
36 20
84 57
91 62
86 22
41 50
68 63
27 81
25 29
99 42
81 56
84 31
73 57
14 66
98 77
94 65
41 88
26 7
45 51
29 60
22 84
69 32
5 96
64 76
78 11
50 85
28 24
53 70
92 56
37 33
63 7
5 50
10 19
33 59
51 46
43 51
47 89
21 80
65 63
85 94
18 74
83 72
86 69
76 51
19 19
62 1
82 85
64 59
30 95
44 96
1 54
85 42
56 99
30 20
42 46
32 25
83 14
75 18
12 96
56 66
52 21
65 31
78 94
12 8
64 91
10 25
89 39
3 62
18 43
76 34
37 5
17 52
57 8
83 21
78 39
45 82
49 5
53 56
24 54
48 89
86 58
29 20
20 3
56 81
19 93
5 11
72 86
27 47
75 26
28 82
76 97
32 19
82 54
0 83
6 99
27 66
70 27
24 41
71 71
84 4
98 7
86 84
49 28
83 28
86 30
67 96
90 5
60 13
0 89
64 93
44 14
18 38
94 73
39 65
99 89
11 77
0 69
39 29
75 89
85 1
3 46
18 19
89 37
85 92
51 80
24 85
50 34
32 38
54 50
61 95
12 73
53 46
30 52
96 27
44 98
73 48
97 81
7 90
83 50
47 48
68 55
34 69
99 81
14 7
77 47
79 98
14 51
48 80
91 19
99 35
49 87
40 48
54 77
45 97
12 42
30 45
53 44
60 34
69 71
52 76
82 64
88 65
36 8
77 22
20 57
71 2
61 66
0 53
57 22
73 74
25 27
57 59
7 76
63 21
5 36
81 89
93 93
7 2
36 21
3 78
76 70
0 85
47 41
5 5
84 56
98 70
30 57
69 2
53 66
83 25
31 83
75 77
62 36
29 55
99 58
67 17
51 58
84 90
39 89
39 93
79 30
56 11
45 63
56 85
11 85
48 97
23 94
37 72
90 27
56 38
62 37
36 91
33 9
3 95
60 73
43 37
56 89
39 23
46 26
45 83
43 13
16 63
2 68
54 97
58 40
83 69
4 2
22 45
7 5
52 91
73 59
73 1
70 98
35 98
32 37
65 51
48 25
62 4
5 47
36 10
30 91
92 82
57 4
82 6
81 78
32 73
36 48
65 89
25 58
35 29
23 60
32 77
77 84
7 72
17 1
11 54
29 93
66 63
85 70
17 97
65 49
49 72
8 61
33 99
38 46
82 58
24 25
56 70
67 22
18 78
70 39
63 85
34 40
43 86
17 50
2 23
13 29
77 1
81 51
92 53
7 61
80 64
86 82
59 3
34 68
48 17
18 14
43 96
92 86
97 82
2 85
38 4
40 0
6 32
61 34
77 37
7 78
2 95
14 86
13 87
54 51
63 11
84 58
81 4
59 60
60 44
88 84
93 83
32 62
51 33
28 67
51 83
3 40
68 88
45 47
68 95
29 96
30 41
76 21
71 31
76 92
90 89
22 0
52 75
74 26
51 75
70 49
48 86
45 30
63 18
15 56
73 43
8 91
53 29
92 89
23 78
75 56
16 68
53 45
49 41
74 48
6 47
85 65
42 65
26 83
54 52
18 52
72 80
6 8
31 3
1 7
40 78
53 89
94 71
99 11
81 54
21 39
94 32
24 47
3 71
66 65
28 97
58 37
47 15
56 30
32 72
39 79
19 32
51 67
60 59
36 64
14 36
92 68
7 51
86 52
28 88
97 70
55 87
62 96
6 75
46 79
29 5
45 24
78 19
43 81
95 66
40 41
96 81
40 72
87 53
19 49
4 73
12 16
65 47
87 41
10 30
78 18
32 51
48 83
0 71
37 9
88 90
10 50
51 97
75 73
81 88
95 1
1 55
11 64
53 14
17 59
38 6
19 78
1 36
49 90
12 58
3 16
96 70
16 77
69 0
72 69
82 18
72 31
68 92
13 46
94 63
62 72
19 76
22 80
93 35
40 63
11 38
77 67
20 50
39 14
43 41
64 31
98 28
94 85
37 44
55 54
86 93
74 68
6 51
22 55
99 2
17 15
17 83
7 70
52 16
96 52
30 65
55 23
98 65
3 8
34 36
58 30
43 47
31 93
64 92
84 84
33 24
91 85
24 46
30 8
57 50
87 83
96 20
43 40
95 77
70 41
65 6
58 33
92 11
32 34
90 45
43 33
86 76
40 20
35 40
31 17
19 84
50 50
33 97
91 77
28 9
56 0
29 45
16 12
48 14
77 4
22 71
27 39
67 68
57 36
82 71
42 6
63 78
65 88
95 96
33 20
91 17
72 33
74 71
21 41
43 94
98 31
9 22
25 42
75 47
29 97
23 61
3 21
82 39
65 69
36 24
58 53
52 80
68 16
25 28
94 38
66 19
57 91
54 89
20 1
67 91
27 42
98 98
10 85
71 19
31 43
49 55
86 65
43 45
46 42
3 18
34 78
12 49
67 97
82 52
18 25
48 18
17 19
57 11
31 97
30 10
40 92
77 58
6 53
38 82
58 46
28 86
76 88
48 87
36 4
6 37
12 77
82 37
76 84
16 99
57 80
55 26
54 49
94 48
44 42
98 91
1 29
84 22
46 99
19 37
90 38
83 46
48 99
52 29
10 72
19 98
99 34
8 10
50 64
75 46
58 80
20 77
12 15
33 63
77 83
16 75
19 89
98 59
48 96
25 18
89 57
39 96
77 74
7 0
59 48
91 99
39 99
31 14
0 33
88 93
36 9
89 0
93 86
1 13
23 30
81 43
20 11
59 91
61 35
51 69
94 17
43 17
42 38
19 14
96 8
77 26
93 92
72 42
14 28
5 62
58 31
79 28
19 23
36 26
90 43
62 49
41 81
44 23
34 95
36 3
59 98
47 75
13 14
49 54
73 4
65 54
99 62
67 79
34 39
43 8
49 77
86 99
34 15
72 34
33 6
61 23
61 10
58 78
72 32
88 50
87 94
40 12
2 1
31 11
51 57
60 11
94 70
6 20
38 78
39 91
64 87
76 71
59 19
24 18
46 29
54 95
95 75
2 93
71 67
73 39
54 94
62 5
73 21
42 52
86 62
7 91
13 32
72 90
74 92
13 28
81 13
4 0
47 19
74 58
16 83
73 77
59 93
10 89
36 19
28 71
77 11
76 95
31 34
87 82
30 86
21 52
63 34
10 16
74 98
76 76
28 59
89 97
62 0
36 44
74 15
13 85
79 25
12 45
77 2
47 68
58 90
74 54
43 78
4 71
12 75
96 88
58 36
40 51
70 88
95 90
92 30
33 31
89 53
78 78
40 69
84 61
8 39
33 17
11 7
94 99
30 30
67 33
80 40
2 42
29 99
72 6
76 89
69 89
8 48
13 20
73 12
6 46
41 4
68 38
13 91
54 11
83 82
45 4
97 75
90 78
56 28
43 31
28 93
24 39
47 99
7 98
63 31
91 76
79 31
98 23
67 45
9 81
24 80
45 54
62 28
19 28
32 63
47 18
63 36
90 52
87 33
34 49
9 71
52 31
53 19
49 63
0 58
40 8
61 21
23 1
12 28
75 82
60 66
16 15
14 50
31 53
43 95
56 92
93 2
43 91
10 20
15 65
98 55
76 78
79 72
71 50
14 10
2 70
77 7
81 44
90 96
96 86
9 94
82 31
30 7
36 12
16 11
37 29
0 18
4 61
72 38
41 16
27 23
67 2
64 5
63 94
82 61
2 52
66 35
56 21
63 40
75 41
44 16
18 48
19 82
70 59
14 64
24 48
11 43
65 57
23 20
23 72
64 8
28 90
44 41
48 68
59 42
22 72
65 33
93 55
1 92
70 57
8 99
40 23
29 94
29 23
92 79
93 84
63 28
10 39
18 21
74 34
45 21
48 70
81 39
79 36
19 10
97 72
80 41
61 55
63 83
32 80
97 95
71 52
74 64
30 0
22 16
34 4
12 13
53 53
54 6
9 74
75 24
10 98
85 3
43 49
82 12
31 35
43 54
86 3
27 92
39 76
57 41
97 44
31 69
57 89
37 69
33 28
81 25
38 48
72 70
87 52
76 46
77 86
8 96
73 93
43 69
84 79
49 99
17 40
98 5
17 90
33 35
21 42
88 40
54 38
14 93
38 36
86 96
66 11
92 88
22 88
63 64
89 58
95 0
69 42
0 60
7 15
24 93
81 61
60 3
20 54
97 63
9 99
85 96
12 35
52 0
2 88
32 70
36 15
54 45
35 28
97 84
21 99
85 35
9 21
76 65
90 69
83 30
19 9
94 46
59 34
51 77
56 22
61 68
60 76
57 1
30 68
57 0
22 54
77 79
88 81
93 91
73 88
56 23
50 54
72 55
33 49
53 51
68 23
56 3
61 96
22 3
14 61
30 25
73 56
24 94
69 73
79 48
72 65
44 1
34 27
53 60
63 98
23 69
69 84
6 43
40 4
61 58
79 8
64 4
62 81
96 17
90 56
86 2
63 57
76 57
64 62
14 18
87 50
48 44
36 81
85 20
75 13
24 98
83 55
16 57
85 51
29 72
37 39
36 23
9 96
51 38
15 81
36 40
2 15
4 74
19 90
64 78
3 89
17 30
10 54
85 43
81 81
67 13
36 7
61 65
70 7
85 71
31 76
9 52
27 84
83 71
20 46
95 94
50 13
80 51
74 88
72 89
33 84
44 63
82 7
88 69
4 11
8 82
23 96
76 68
93 61
79 16
63 29
87 56
56 13
6 81
70 99
58 38
58 77
99 75
76 45
30 21
12 85
21 96
4 85
93 21
91 7
1 8
8 23
65 83
30 64
69 12
44 18
42 62
34 92
93 74
43 26
55 11
40 39
5 13
22 50
98 94
62 46
60 28
12 26
88 73
73 19
6 28
28 52
76 75
48 33
48 40
18 42
61 31
65 48
28 78
55 57
97 24
53 8
70 95
26 31
32 89
36 82
39 4
75 83
60 48
51 37
59 37
58 29
62 39
34 42
65 64
2 36
22 44
36 17
49 27
39 47
87 47
23 3
9 91
55 80
50 56
33 50
10 61
70 73
70 30
45 72
37 25
60 42
8 31
84 69
22 61
8 8
26 42
67 84
21 48
5 42
60 7
77 62
76 8
74 44
5 1
37 20
92 76
0 86
5 31
15 98
69 82
95 28
7 57
95 92
15 69
61 72
25 88
90 57
97 87
44 87
20 40
35 94
91 92
44 65
42 56
14 85
18 22
99 71
20 8
50 62
66 86
7 44
50 12
83 70
71 13
49 86
10 93
79 79
61 33
34 43
91 21
1 67
92 15
19 2
51 39
33 86
0 44
59 7
6 39
19 46
7 25
62 95
56 25
78 36
69 13
26 73
24 28
71 22
79 84
89 50
65 86
47 12
6 3
22 90
52 63
73 70
75 38
5 56
73 95
11 26
65 62
49 32
76 53
42 97
44 97
99 68
16 1
71 11
54 98
64 65
85 58
98 75
23 25
52 89
85 91
90 22
17 5
10 62
16 51
84 47
36 69
74 43
64 48
55 61
50 28
21 19
0 34
46 52
21 74
42 4
76 48
91 47
36 50
0 28
88 99
22 9
62 13
9 39
61 81
90 34
56 53
95 42
13 76
27 89
69 95
68 90
33 69
46 69
59 58
87 74
67 10
63 41
58 81
41 42
63 65
40 77
8 7
25 9
38 58
3 96
17 51
47 33
7 10
42 24
56 65
41 97
1 97
50 98
24 58
61 70
11 78
35 71
4 7
66 51
1 85
31 84
81 30
34 85
47 21
35 86
59 55
34 60
97 73
76 59
16 3
93 25
7 24
53 73
40 81
51 36
85 59
84 45
15 78
5 73
19 11
50 80
98 74
28 32
58 48
50 99
95 23
44 64
35 76
14 81
42 81
79 47
80 3
59 16
72 12
46 7
8 6
62 59
86 63
47 11
95 82
58 11
45 48
93 8
72 75
22 10
27 6
73 92
83 9
62 6
86 17
90 16
67 28
37 0
37 42
65 65
82 99
60 88
5 38
65 7
47 34
78 82
73 85
8 76
83 77
53 82
7 39
94 21
38 37
14 3
68 73
15 29
85 26
29 11
47 39
18 46
65 68
40 18
93 4
32 58
38 44
17 23
96 49
21 58
58 56
94 27
95 35
21 67
58 59
82 76
55 94
42 98
76 99
31 22
90 66
85 12
65 71
98 10
96 48
65 60
67 4
6 87
37 70
56 80
43 24
14 6
14 87
6 55
11 57
64 96
98 69
3 67
94 67
90 3
69 26
19 4
46 91
33 46
21 16
33 27
22 26
98 89
65 75
47 94
30 35
5 33
93 23
17 18
12 70
61 69
22 19
63 99
98 48
45 3
23 12
62 24
71 41
27 54
42 87
50 67
73 52
7 32
68 40
86 77
1 58
78 6
13 61
2 74
66 49
96 96
2 3
49 21
78 76
47 0
1 35
12 68
32 98
39 86
83 48
97 88
6 88
81 49
1 94
4 55
69 47
56 7
18 27
8 3
49 19
96 79
4 70
97 54
87 79
64 23
32 16
47 46
19 21
59 15
65 30
72 18
66 88
68 26
16 5
82 38
27 21
80 58
27 13
53 39
19 26
70 65
71 5
51 1
34 10
19 67
29 28
53 62
86 91
99 72
29 79
96 39
72 92
43 48
11 71
4 54
79 4
56 58
60 10
99 6
40 35
91 75
44 46
97 83
68 44
79 37
41 85
64 67
42 55
10 53
41 78
10 28
92 19
80 94
52 54
33 43
34 57
72 0
86 89
24 14
84 38
57 84
81 93
21 24
50 36
45 16
73 89
94 61
34 5
40 61
81 57
2 12
78 49
39 61
4 50
79 43
56 34
5 98
11 62
70 38
71 23
28 8
10 37
24 77
51 17
37 27
45 28
45 19
29 91
39 19
2 86
72 50
41 12
16 76
6 34
10 56
96 83
65 26
76 98
97 77
19 71
6 91
82 45
38 24
39 66
35 38
96 59
28 23
85 39
23 81
95 53
69 23
82 66
86 72
99 23
21 89
80 42
85 62
1 6
41 90
79 67
81 31
9 27
89 59
41 25
51 41
55 31
2 56
18 57
92 90
93 26
29 74
17 38
38 8
49 12
87 37
28 40
36 13
72 11
91 29
85 99
26 69
57 57
9 48
54 91
23 22
0 37
73 79
68 5
67 46
77 30
61 9
67 38
68 60
40 96
33 39
7 36
42 36
82 81
37 94
98 13
68 91
71 56
69 44
87 7
23 15
98 83
22 42
39 94
62 33
12 81
15 75
26 37
1 81
81 26
57 76
66 76
78 9
46 64
4 69
67 65
35 81
57 51
87 34
44 53
1 52
81 12
78 8
1 53
50 87
47 20
91 57
21 9
69 92
87 10
19 69
91 46
17 32
70 60
3 61
64 55
26 70
41 53
19 25
1 27
60 69
28 89
90 93
71 55
79 2
86 94
42 96
11 14
5 34
62 35
32 32
73 9
47 42
91 43
84 16
71 14
90 77
6 35
35 93
14 57
95 69
28 69
61 60
58 68
46 24
50 84
78 96
64 20
13 40
8 72
44 79
88 48
83 3
52 26
50 72
67 80
20 80
99 30
92 20
90 62
30 96
8 38
5 85
27 58
13 10
62 16
5 12
40 95
25 60
40 58
52 88
51 82
70 93
24 70
96 6
81 23
30 32
38 62
37 84
26 43
78 65
56 1
33 81
18 15
4 25
34 41
65 73
90 21
99 92
61 4
65 0
46 20
66 46
2 99
30 80
52 93
56 74
18 76
45 85
70 11
19 51
32 21
86 74
81 16
36 57
17 22
50 30
11 11
56 78
35 0
56 64
74 31
49 58
47 79
76 0
27 83
3 2
22 57
92 13
22 93
97 8
49 84
13 83
28 6
56 68
35 63
25 80
17 65
2 79
34 56
15 43
79 82
61 61
37 19
42 15
74 87
42 80
52 67
29 48
54 80
93 50
66 81
23 41
10 96
81 40
73 82
22 87
52 92
90 58
20 24
42 90
16 61
23 66
5 88
51 7
4 19
92 91
56 71
11 67
99 70
41 49
87 28
72 91
23 14
49 33
56 96
91 68
29 3
5 95
6 69
23 90
68 12
18 5
61 43
96 75
33 64
81 62
58 26
6 61
68 77
73 51
36 6
0 47
84 98
8 35
82 23
62 64
46 3
4 1
47 64
34 22
3 26
0 97
13 90
22 51
84 40
55 30
29 32
59 54
32 43
95 72
49 76
72 85
3 15
24 36
78 14
26 0
46 12
3 85
4 16
82 3
41 96
60 5
61 29
61 71
55 6
40 29
20 6
21 69
21 51
30 83
27 37
95 60
29 13
23 17
24 82
25 43
87 87
78 90
72 5
77 52
39 54
47 65
44 6
31 39
96 65
29 6
48 22
20 37
88 5
71 99
84 89
26 2
24 11
12 82
2 8
85 85
85 67
28 33
66 98
97 64
36 86
36 37
4 52
1 10
49 17
21 13
8 25
11 9
33 85
48 63
56 47
87 38
27 57
73 25
64 73
21 86
47 97
7 95
61 91
63 87
2 89
36 49
2 65
46 95
0 20
18 50
92 16
8 20
21 35
87 92
83 42
67 47
99 82
54 30
9 57
8 94
48 41
73 38
24 0
18 6
60 35
39 84
68 86
15 22
89 74
70 83
45 38
48 61
3 43
16 24
7 89
36 77
7 42
13 17
53 37
31 41
50 76
7 73
6 7
22 63
68 52
62 19
57 42
28 94
69 50
46 57
11 82
71 70
22 39
80 25
24 29
30 23
62 89
35 33
22 29
73 36
84 53
0 1
24 33
71 36
49 78
49 96
42 53
63 53
37 21
29 26
59 4
18 33
39 97
66 27
5 2
52 43
15 48
52 71
90 32
42 11
45 12
55 12
24 38
26 50
63 91
59 25
3 27
23 76
21 90
84 25
54 86
24 89
4 83
56 8
15 45
27 94
12 78
55 38
53 32
96 37
2 26
69 60
74 32
75 43
54 47
67 40
40 71
4 24
61 18
88 95
5 59
29 22
83 29
31 52
51 96
31 33
13 45
60 91
1 99
88 66
61 6
97 79
81 19
56 84
9 56
93 68
48 34
35 58
17 82
74 37
72 60
91 59
77 17
83 49
81 28
64 75
45 13
50 65
35 96
24 92
94 13
95 99
74 59
0 93
46 87
16 26
0 66
70 81
51 20
21 61
12 30
33 25
70 52
9 44
78 40
99 17
70 2
41 66
55 66
34 3
25 49
16 36
34 32
86 0
26 63
69 41
37 16
17 20
41 54
94 11
93 40
32 13
55 69
18 1
48 15
71 15
53 88
83 56
45 78
50 83
87 44
4 65
38 81
70 72
17 87
27 77
4 15
8 18
11 18
49 20
63 82
18 26
12 59
8 46
83 6
34 47
45 46
36 61
12 29
75 93
18 40
60 21
35 70
50 46
44 19
8 36
58 89
86 8
66 57
12 79
29 41
59 28
85 61
75 72
1 82
89 60
99 76
66 2
54 96
80 80
24 69
64 32
83 95
43 85
11 87
66 8
89 62
39 25
15 30
56 95
83 73
10 10
19 12
32 50
53 22
79 22
23 33
13 0
66 53
24 9
57 71
48 12
14 14
59 88
79 66
9 87
35 25
89 67
77 34
82 46
63 63
9 73
58 55
6 23
83 45
36 0
74 12
15 66
36 99
99 52
38 95
68 43
71 63
42 42
69 97
42 89
64 17
9 85
41 58
59 53
67 58
24 49
78 63
43 44
44 5
94 12
35 97
30 94
35 21
20 72
18 49
94 20
70 10
91 63
21 78
30 16
14 35
14 44
86 67
90 49
81 83
17 57
91 27
67 64
20 94
43 87
6 5
80 66
54 71
99 61
11 89
86 71
31 95
79 23
75 81
59 83
57 45
88 1
27 11
98 20
40 6
44 28
52 50
40 66
98 87
87 25
79 44
66 7
4 89
91 16
61 76
62 23
31 48
88 88
6 24
21 18
53 63
72 59
4 86
89 4
10 64
47 76
49 9
98 4
23 46
92 34
20 23
64 56
11 8
1 73
11 17
19 45
73 61
89 29
75 53
80 11
38 35
8 98
37 75
26 97
62 58
33 10
5 44
56 32
13 80
65 1
8 49
99 31
89 84
55 75
17 62
94 53
91 37
76 72
34 89
43 73
97 25
32 79
10 33
8 62
66 43
6 0
74 46
74 24
24 76
75 45
0 96
45 99
15 54
95 78
96 98
11 4
80 70
78 16
40 86
6 42
85 28
21 77
74 5
87 91
55 39
55 96
12 32
21 0
99 73
74 85
30 55
1 1
9 62
28 54
87 43
55 76
43 61
93 37
5 49
96 68
88 24
36 78
67 42
94 7
63 5
71 87
9 68
41 86
23 43
15 1
26 32
98 62
10 15
61 99
13 86
15 82
32 15
49 7
26 23
49 68
34 29
94 18
46 93
99 27
5 92
41 45
37 51
63 79
62 15
96 97
76 35
30 50
94 23
54 16
84 95
81 3
74 1
93 19
19 58
26 81
97 56
5 77
97 85
38 73
65 76
36 89
0 79
6 2
65 27
4 78
83 37
21 68
40 68
34 24
67 14
2 11
48 66
50 77
34 13
24 64
79 46
54 1
91 31
48 7
25 45
30 53
44 82
23 79
94 52
73 32
67 88
65 28
64 61
86 9
25 21
38 79
57 68
54 59
11 99
28 96
68 57
24 65
70 77
74 72
83 43
76 74
11 5
98 34
21 37
4 23
48 69
6 65
91 52
46 97
21 93
16 21
72 9
6 50
42 12
58 95
54 56
10 90
27 30
76 54
67 24
34 21
47 61
41 93
42 31
43 83
89 76
21 72
84 42
79 63
77 18
68 7
8 71
31 58
13 55
23 95
69 99
44 58
53 65
80 62
72 23
22 60
84 28
49 60
84 64
54 35
4 41
89 25
3 41
50 0
38 86
72 62
41 17
89 46
1 49
75 85
96 55
64 82
79 89
50 69
96 15
49 10
94 10
38 39
0 46
51 60
73 24
97 3
71 92
8 50
33 90
82 20
86 10
68 82
99 16
9 29
87 61
7 7
67 54
49 89
34 1
36 28
50 18
80 88
0 61
66 47
9 18
84 20
93 47
55 10
19 35
36 62
14 40
73 50
53 83
96 34
51 18
49 66
80 55
98 86
42 88
98 85
92 31
77 69
84 15
61 26
93 66
34 7
7 37
73 81
7 86
82 21
94 90
75 28
48 11
77 8
7 75
27 44
66 67
77 28
23 75
15 33
92 42
52 57
84 77
94 49
95 22
8 85
84 21
83 74
48 51
78 73
96 82
18 67
53 38
55 93
73 86
44 62
14 38
68 30
34 33
66 45
69 46
85 9
32 90
37 57
36 94
31 89
18 86
18 45
92 2
91 86
82 86
2 67
3 1
69 98
6 83
72 4
26 33
47 52
52 8
14 73
53 26
35 39
33 44
3 6
96 26
77 51
15 40
36 67
53 4
31 62
14 17
60 74
72 39
29 33
15 36
44 83
63 38
9 7
9 60
29 49
35 68
72 94
40 32
32 94
67 98
18 73
48 82
45 44
68 46
27 15
26 58
18 59
13 24
30 46
69 27
17 0
23 26
86 37
68 19
74 73
92 83
79 70
2 90
37 67
54 41
31 8
98 79
44 68
87 71
44 55
25 73
57 63
12 72
33 80
39 17
36 96
18 39
39 26
6 30
89 38
1 37
82 49
36 87
37 11
8 90
80 32
62 40
98 82
74 41
86 90
89 33
34 9
60 90
46 83
62 83
55 4
97 57
6 49
48 20
65 74
84 44
88 46
26 8
67 78
58 50
97 93
24 71
48 78
28 35
13 97
70 78
19 22
18 75
28 20
95 32
35 85
48 59
52 69
83 63
35 42
77 73
97 90
11 56
6 45
60 55
14 25
27 90
71 62
8 86
96 41
54 53
43 36
55 58
37 93
59 45
97 92
52 81
12 22
4 95
75 48
25 7
92 96
92 18
35 56
42 37
44 56
49 67
34 53
64 99
21 59
48 16
86 55
61 77
23 82
54 21
23 7
8 37
24 96
21 22
23 59
7 35
94 35
11 98
8 32
60 36
99 59
78 70
63 92
45 58
80 39
20 83
88 76
65 43
95 8
69 39
79 21
4 8
13 78
31 64
89 44
56 18
22 7
28 21
31 44
12 3
59 50
14 63
68 58
58 27
43 42
76 56
34 94
74 74
64 1
92 71
92 23
96 29
91 61
79 75
60 39
18 84
74 77
3 63
3 30
2 30
55 70
3 36
0 65
40 88
93 82
17 74
96 40
34 77
59 56
94 54
13 19
80 4
93 70
60 95
17 8
13 7
22 43
73 42
23 83
40 7
63 61
81 64
20 26
63 55
43 99
39 39
84 55
41 70
5 75
86 25
73 16
61 94
84 24
93 96
63 56
34 96
44 30
38 34
31 98
22 48
77 25
47 47
45 49
46 10
12 92
61 48
64 6
83 87
12 41
25 22
39 80
83 86
72 99
46 59
94 88
41 41
54 0
87 48
55 84
96 99
56 44
38 3
43 34
49 43
6 97
5 89
3 11
9 13
56 39
6 84
35 73
42 91
72 44
66 25
78 64
59 32
0 42
23 21
49 15
79 38
39 38
7 30
91 65
6 70
7 54
23 35
13 88
58 4
2 75
65 25
88 56
63 77
95 16
62 65
35 17
33 88
99 80
20 90
55 90
89 34
26 22
66 73
38 98
35 36
76 63
82 80
93 58
60 96
44 69
92 0
70 89
41 99
89 96
34 12
99 60
30 43
4 82
48 35
34 23
85 8
63 70
12 69
86 36
67 12
70 28
45 66
17 79
78 91
28 11
3 70
61 8
77 38
10 2
94 75
88 74
87 29
85 57
17 48
17 53
12 27
68 74
19 6
25 65
54 55
60 87
95 98
10 31
73 83
51 66
15 93
16 35
17 6
6 4
29 80
3 68
51 51
22 38
57 24
51 29
75 65
60 38
33 34
97 2
70 90
20 30
58 6
72 1
66 66
90 75
63 84
60 71
58 8
67 72
23 37
8 74
53 34
86 34
89 81
57 2
9 51
75 68
4 31
94 58
35 88
81 42
50 55
46 37
55 85
78 38
14 89
61 36
17 63
55 53
68 2
35 32
5 70
1 25
77 20
38 43
53 99
0 98
13 58
10 97
91 26
16 66
40 85
43 0
0 75
4 60
89 26
29 69
14 41
66 16
57 73
39 83
42 0
87 36
23 10
60 33
5 71
70 50
90 19
34 34
59 96
42 8
58 51
51 98
12 12
87 49
61 47
36 30
81 7
6 64
57 26
32 26
18 64
13 74
51 8
45 89
86 15
22 59
81 70
20 89
26 60
68 41
99 21
78 51
5 37
68 37
8 5
30 11
1 80
59 81
6 11
23 31
69 8
76 86
23 63
59 80
48 39
79 15
82 84
34 26
75 7
85 5
58 20
7 62
39 42
14 54
49 51
93 63
47 2
4 91
62 50
77 71
78 87
35 2
52 64
73 30
88 15
56 63
82 67
66 60
15 23
48 26
50 3
37 64
0 35
34 65
93 57
96 57
49 35
57 35
37 87
38 41
85 10
26 16
84 82
19 57
20 99
18 34
76 58
24 61
97 6
18 3
8 78
83 84
40 91
2 81
80 68
87 88
29 46
45 84
71 32
10 36
86 87
75 86
76 17
18 51
91 6
15 27
42 51
29 30
59 46
24 30
44 45
64 68
97 18
87 55
4 66
75 70
54 8
32 69
55 74
38 28
32 0
67 95
88 41
77 3
66 38
61 25
82 41
6 25
47 3
19 56
15 88
15 74
33 30
71 86
16 43
30 88
13 6
65 87
70 19
59 8
43 9
18 81
0 21
75 32
57 30
47 45
51 22
41 71
85 17
71 35
22 67
41 74
68 71
20 32
83 34
27 52
10 84
43 14
0 76
7 59
74 67
29 38
49 24
75 95
89 89
49 14
69 63
89 45
48 37
65 80
77 55
59 5
27 71
14 70
21 75
69 19
16 29
28 84
70 92
80 14
27 34
44 74
42 40
5 58
78 47
12 6
90 8
37 58
27 88
76 73
55 60
64 53
25 59
88 35
50 48
78 25
87 75
51 74
99 95
74 4
3 32
90 31
86 92
21 98
78 93
16 98
36 56
3 42
30 18
59 1
67 53
29 86
88 26
5 57
86 45
38 54
88 39
47 26
89 92
21 62
29 15
81 75
41 51
91 73
47 24
32 11
22 99
75 62
55 67
74 96
90 15
28 58
58 97
85 6
6 93
37 60
70 74
55 5
67 29
96 56
98 60
89 91
29 63
62 92
70 18
73 68
43 32
66 75
8 27
75 92
19 3
12 83
68 33
83 41
90 87
44 32
33 37
95 67
61 57
47 54
38 89
0 50
31 46
98 61
19 59
11 52
4 49
97 37
6 60
22 41
86 42
44 12
15 67
63 37
97 7
52 85
25 35
78 37
14 94
7 16
24 17
13 70
84 1
67 21
30 40
6 63
49 31
55 78
80 50
68 50
71 90
70 68
84 39
1 98
28 16
65 77
50 91
79 80
99 37
88 97
42 10
62 84
14 8
62 47
55 98
23 85
25 97
0 99
25 26
22 4
26 34
83 89
30 4
63 80
52 5
94 2
17 16
41 48
5 93
16 67
18 68
14 20
94 72
81 74
78 97
97 86
94 1
56 52
50 26
43 97
31 42
11 53
12 56
10 69
52 18
66 62
61 37
31 6
98 80
51 54
25 25
0 4
38 45
39 2
31 4
9 78
99 7
16 27
37 34
35 84
62 51
13 69
96 60
93 51
62 21
8 77
99 40
23 62
27 32
70 58
87 35
98 41
57 96
33 76
29 27
99 5
17 29
32 36
9 15
28 28
40 56
98 36
62 11
44 80
26 67
83 12
34 44
80 79
7 40
75 98
70 76
34 25
27 75
41 64
58 3
99 94
64 12
59 72
0 32
68 94
30 77
97 99
81 76
4 53
30 89
78 58
32 10
52 10
57 62
16 18
93 59
54 68
