100 3
44 60
31 92
14 23
11 99
4 92
22 36
21 92
16 23
7 91
51 52
40 34
49 29
41 28
93 14
78 97
35 62
0 24
55 59
18 70
86 84
34 79
42 26
34 63
52 21
37 60
69 34
28 72
80 85
85 1
77 65
87 1
15 32
27 96
46 27
59 81
45 73
88 63
80 73
46 99
3 41
63 90
22 21
8 18
9 91
43 64
85 4
23 30
97 54
51 54
93 24
52 78
55 69
44 20
9 16
81 74
22 7
80 70
89 59
96 84
46 25
91 21
91 34
41 62
43 90
85 55
46 23
92 89
56 46
3 72
79 27
55 63
59 19
72 41
89 76
86 5
5 86
0 7
55 84
47 74
18 55
66 84
72 88
92 42
71 54
57 82
41 57
72 82
66 31
7 19
28 30
32 65
81 39
81 54
18 73
77 64
71 50
12 70
18 77
1 65
87 63
35 88
97 61
68 50
19 62
84 33
6 36
16 14
78 12
64 18
2 39
98 65
38 48
2 61
21 36
69 83
51 36
10 30
38 33
61 62
59 58
64 37
22 13
46 0
62 98
80 6
44 4
15 50
98 69
78 11
47 20
41 73
44 52
45 30
38 45
10 37
81 61
49 48
3 46
25 66
29 46
9 32
2 90
45 0
14 51
49 61
28 34
53 6
4 50
62 2
21 26
91 55
82 83
77 89
86 63
88 60
17 84
98 34
45 51
22 30
91 93
62 95
2 42
68 89
87 38
28 10
26 61
65 4
4 40
23 43
48 63
75 30
45 1
97 21
70 91
53 55
62 83
56 89
36 14
85 19
6 53
40 81
66 72
42 95
26 92
62 22
28 46
14 56
26 58
57 24
35 46
57 43
96 93
88 12
0 64
37 3
19 44
82 91
99 54
28 19
62 45
12 6
65 40
9 10
69 8
6 82
15 24
77 76
50 89
45 58
34 38
49 15
68 43
91 67
63 46
40 39
36 48
14 59
7 63
20 65
8 81
20 83
32 66
97 49
9 42
37 8
29 28
36 93
5 78
94 5
81 12
10 4
94 44
66 64
92 95
91 24
24 64
93 55
82 48
0 33
16 39
81 67
77 68
36 99
14 47
69 41
52 74
6 62
83 95
76 66
89 45
35 55
61 61
10 90
24 65
42 22
18 43
62 93
15 15
91 56
44 1
3 26
4 3
38 77
26 4
2 26
84 0
60 37
12 39
65 74
47 96
26 89
48 56
19 71
92 27
44 36
7 10
46 84
32 24
80 30
4 99
74 58
42 48
12 35
64 15
58 61
85 5
51 90
81 59
7 31
30 24
5 26
92 25
23 20
12 58
22 59
25 85
56 59
44 11
43 34
17 64
83 22
62 5
41 89
16 19
76 91
96 42
90 24
59 84
14 60
89 47
72 46
46 32
22 62
36 58
65 63
52 80
97 1
65 61
93 7
93 49
18 58
51 31
27 81
47 30
54 53
71 51
72 6
52 99
0 66
9 4
85 43
32 43
1 22
41 14
47 0
40 76
0 77
87 54
24 14
90 95
17 5
52 30
24 57
39 41
98 67
88 74
57 87
87 76
16 11
90 22
72 4
50 37
82 2
91 58
90 30
4 51
49 10
31 84
75 78
10 8
64 10
61 72
90 68
37 70
83 36
33 49
72 63
36 7
37 34
3 38
65 60
99 92
46 51
48 28
60 82
16 1
37 35
43 46
34 59
40 65
41 0
7 54
74 84
33 9
48 34
70 13
71 7
0 73
96 41
99 3
10 68
92 51
73 97
44 8
63 44
91 79
58 10
85 13
46 41
81 96
67 5
40 11
82 43
86 52
7 59
64 44
61 32
74 25
95 94
19 10
72 73
70 39
80 67
58 28
80 60
64 51
2 83
32 39
84 68
22 1
35 0
60 34
91 45
91 83
71 72
69 66
18 83
41 31
44 26
31 19
21 2
30 45
36 71
93 68
40 59
88 62
53 71
14 73
87 88
96 50
44 58
8 1
7 44
34 4
52 96
67 89
41 84
71 3
41 45
63 7
25 5
78 37
55 10
68 75
50 67
79 32
40 96
50 1
37 84
40 54
90 20
73 91
45 2
5 38
75 87
91 71
48 13
5 65
9 73
52 59
57 96
40 42
17 20
86 77
46 62
52 90
27 3
75 35
47 25
19 66
36 60
44 92
9 50
60 19
66 89
25 44
31 78
29 86
24 49
27 82
65 19
50 10
69 95
77 44
34 60
84 54
61 6
27 91
69 31
56 35
72 28
52 11
4 9
29 72
11 3
39 90
97 4
35 28
10 47
69 59
85 89
7 15
43 49
63 51
92 7
51 79
61 64
26 3
81 88
29 26
35 68
57 6
6 50
23 68
57 16
8 13
36 54
42 98
26 60
55 96
36 20
88 69
66 63
89 79
89 8
42 90
96 45
13 29
68 81
17 38
89 60
80 86
50 36
90 38
65 34
92 12
19 25
70 27
58 2
93 51
86 15
82 16
37 10
18 40
60 6
25 28
92 94
26 17
56 55
49 87
12 53
22 60
98 43
51 62
28 26
21 89
92 8
56 39
32 47
3 6
0 55
32 92
58 84
26 25
58 32
34 16
44 70
88 30
34 86
16 17
12 97
20 22
53 72
56 88
92 33
85 50
30 46
44 7
81 15
62 85
34 88
65 54
90 76
40 70
76 28
97 6
56 17
45 67
77 60
16 92
78 94
2 56
74 62
80 53
59 44
10 55
89 65
77 48
90 46
15 92
18 65
2 66
86 91
57 97
73 85
85 62
13 31
91 86
99 14
64 25
76 17
91 62
59 30
66 53
62 96
78 93
51 33
54 9
1 50
53 13
20 96
90 41
28 63
31 50
63 26
42 18
69 26
87 4
64 52
66 65
20 57
76 18
89 22
38 17
92 1
53 78
58 70
21 74
70 2
0 78
78 17
18 8
94 42
97 80
57 22
6 68
78 82
91 81
66 56
74 73
39 37
77 33
64 54
80 92
19 20
22 96
74 46
1 99
68 4
90 77
22 15
62 57
33 14
66 98
5 58
6 60
56 68
77 50
28 97
33 90
18 34
8 39
82 98
95 41
22 83
77 3
22 56
59 51
91 59
2 89
38 51
65 88
24 88
3 1
44 84
72 24
3 61
21 0
70 99
43 13
99 84
22 23
11 95
76 1
9 53
70 73
12 40
59 27
14 62
68 92
78 66
75 13
17 34
44 53
50 86
37 31
65 25
77 11
7 75
21 40
47 83
81 99
81 91
27 80
62 54
74 40
49 23
39 87
14 46
2 17
41 34
29 1
72 55
79 36
26 93
74 51
24 42
65 44
37 63
24 39
59 48
74 31
61 52
98 59
11 70
83 10
86 14
75 43
32 57
46 12
61 60
31 53
80 12
32 17
9 63
93 57
48 0
59 98
24 93
32 73
70 82
76 74
43 79
14 30
78 15
71 38
33 82
91 72
91 57
39 95
93 34
19 41
92 83
29 15
77 59
93 58
4 5
25 51
62 38
86 3
16 58
58 86
33 25
15 30
0 10
30 90
73 80
83 62
38 26
24 61
82 49
21 24
65 55
92 24
37 86
7 34
83 93
43 60
24 89
51 88
11 67
64 30
4 4
66 27
1 44
18 56
3 63
35 66
21 10
26 67
46 85
63 50
7 56
49 28
35 59
15 78
54 26
29 69
78 67
58 59
12 21
76 24
79 6
25 25
39 13
58 63
79 59
80 63
27 26
54 16
60 86
28 91
81 89
5 54
40 29
10 66
27 32
63 61
65 41
53 85
0 98
49 54
69 10
7 84
1 6
20 61
13 57
40 9
3 62
76 70
71 53
43 85
90 56
23 82
69 22
24 92
11 83
40 1
28 20
49 30
71 91
84 87
66 71
91 7
49 60
26 99
86 33
95 98
40 98
67 41
30 86
65 69
89 96
88 16
4 28
34 9
23 41
89 57
75 32
64 35
86 21
9 59
70 95
33 1
86 93
30 32
28 21
27 12
22 34
63 8
51 6
93 63
36 45
33 67
80 77
4 49
61 44
80 20
54 35
80 78
87 85
63 73
80 56
84 3
24 48
72 70
17 48
13 44
42 25
13 7
99 82
11 30
51 40
26 6
87 91
81 1
43 50
49 39
95 55
17 31
52 33
7 66
58 46
30 39
0 11
13 72
25 41
73 70
92 84
48 86
79 29
87 31
98 38
25 48
34 34
54 31
55 58
52 42
34 11
90 61
89 32
66 12
42 40
92 18
98 28
50 7
88 19
96 57
32 98
65 1
65 7
64 23
37 27
74 86
12 41
41 25
21 42
51 39
70 16
6 92
38 47
96 30
67 82
95 58
0 36
85 25
58 52
77 58
11 13
25 3
29 27
7 85
82 45
59 86
10 33
97 26
20 31
56 0
24 97
49 33
45 22
69 48
5 34
87 19
69 65
11 54
83 89
47 79
92 2
99 88
52 35
65 46
50 57
43 42
18 62
56 98
62 72
58 71
51 75
71 79
37 81
94 37
61 42
28 45
7 70
80 83
76 26
96 13
59 76
9 56
33 50
52 32
72 87
59 40
26 21
75 46
76 52
92 80
23 77
67 73
96 87
36 72
96 7
23 5
8 93
66 57
17 11
25 59
16 82
48 58
33 85
31 17
33 4
31 72
83 19
38 83
47 33
56 86
15 94
18 84
34 5
33 5
25 13
57 56
99 94
57 86
40 25
73 61
80 16
89 97
36 25
32 70
75 60
8 5
12 17
63 58
8 4
88 9
40 93
86 7
34 0
40 15
31 3
21 83
3 99
44 12
76 36
77 79
12 49
5 31
90 10
92 70
25 97
56 67
55 75
78 46
80 45
38 52
89 18
37 6
3 40
37 57
47 93
64 24
99 87
59 87
60 55
47 10
80 2
37 83
31 47
17 89
55 72
91 41
72 40
43 8
23 54
0 12
13 53
39 33
57 51
73 81
30 19
11 5
85 24
23 46
36 0
70 71
42 43
18 39
47 47
36 37
57 13
33 62
28 80
89 11
72 18
11 2
46 80
99 85
60 59
18 16
30 51
9 86
84 95
71 61
70 21
95 32
98 11
92 26
92 61
70 68
80 14
49 70
39 79
39 17
59 50
31 28
3 15
2 65
62 6
75 45
28 22
78 19
82 90
77 45
21 88
32 58
75 89
89 80
40 87
22 58
49 42
58 34
47 5
27 22
93 37
25 46
50 76
43 55
34 80
33 96
65 35
80 97
90 25
13 63
23 25
80 52
53 3
62 64
82 19
89 82
51 51
81 69
43 74
95 51
4 12
69 51
70 62
87 73
4 97
70 24
86 79
76 8
17 79
94 14
95 93
7 13
48 85
50 95
37 80
96 61
19 86
91 12
70 7
17 59
95 42
89 33
88 56
96 96
13 52
24 4
81 79
67 88
30 9
83 43
16 9
50 61
94 0
70 41
4 17
64 86
78 80
29 71
98 96
12 90
33 58
56 30
8 23
43 7
95 53
24 13
44 54
49 71
48 17
68 33
25 29
93 64
28 42
11 15
46 88
11 41
30 93
71 2
97 44
13 45
2 18
47 73
80 48
93 80
33 18
0 84
62 27
67 93
20 37
11 14
3 19
6 57
43 6
79 35
60 66
89 41
13 4
17 36
79 62
28 2
99 28
2 53
23 34
95 30
56 41
58 1
13 43
15 88
33 26
73 76
14 92
2 13
64 14
55 82
31 90
21 56
65 0
9 72
26 8
86 53
74 48
5 16
55 41
68 19
15 8
2 69
39 67
74 92
58 54
60 22
32 54
58 11
16 74
16 75
85 15
45 99
22 24
10 58
5 91
61 65
75 88
96 19
63 9
57 1
21 63
40 40
75 31
64 6
38 85
38 60
54 3
47 78
1 46
96 95
71 62
85 35
17 74
60 49
63 59
78 59
32 86
15 52
8 30
9 70
62 90
16 25
66 86
11 11
48 92
8 69
20 73
33 59
68 60
12 54
47 42
40 66
95 90
78 38
39 0
28 44
88 95
43 24
9 89
8 15
45 77
40 43
35 86
67 91
33 61
93 87
22 5
13 37
38 2
72 31
51 67
17 69
91 82
37 58
53 48
1 78
76 98
88 29
7 90
39 72
38 46
30 97
96 25
93 19
71 97
73 93
32 80
42 87
85 88
99 44
98 12
16 30
20 58
20 14
8 88
76 29
65 48
13 97
99 90
14 76
69 67
52 79
7 24
15 41
13 23
97 38
69 33
11 24
97 20
96 11
72 96
45 39
27 18
81 11
59 91
4 30
33 74
77 2
82 61
56 2
41 85
26 50
94 72
89 68
55 20
76 35
24 63
3 27
6 76
74 70
13 10
66 70
82 93
48 81
37 85
37 29
17 68
33 23
62 60
4 48
94 20
73 94
58 48
97 99
70 63
45 55
97 78
44 47
75 11
23 7
90 17
17 39
23 9
82 39
60 30
90 64
48 35
19 27
55 61
41 77
93 89
57 7
92 54
83 16
86 49
92 98
64 71
1 77
76 20
51 87
32 23
13 82
33 17
6 18
33 53
17 76
24 47
36 84
34 17
39 29
56 92
98 49
95 19
15 42
64 67
49 57
99 34
81 38
93 4
84 14
7 22
59 43
44 38
63 89
12 68
78 64
68 68
67 86
41 91
11 73
45 8
80 31
90 4
4 71
87 34
47 66
21 90
84 94
10 88
78 50
34 70
57 84
16 42
24 82
7 71
89 46
6 54
28 27
80 5
95 24
90 79
86 43
73 4
76 23
34 24
22 31
8 0
18 63
27 66
57 80
2 95
60 35
88 64
0 68
90 50
99 36
55 13
78 0
31 33
35 13
79 83
43 94
82 87
65 94
37 53
97 34
58 56
39 16
13 13
4 18
34 52
47 80
74 42
94 15
95 71
37 98
90 32
4 55
3 17
94 51
90 13
4 21
19 54
98 22
53 15
71 24
98 55
45 44
99 89
73 49
42 49
6 88
99 71
57 20
10 35
43 33
19 12
42 83
4 96
91 19
85 80
21 17
64 93
89 5
57 47
91 23
53 39
32 52
38 96
41 39
20 29
45 47
24 19
66 93
93 28
70 66
54 1
6 78
29 45
26 90
27 19
69 28
98 62
87 52
34 7
45 34
13 50
79 1
45 35
32 49
17 14
11 81
22 12
59 36
41 32
20 53
0 6
36 31
14 19
6 84
78 6
69 76
54 39
51 59
48 90
16 70
96 63
63 39
70 55
83 90
69 55
5 53
18 7
32 69
55 50
10 18
45 26
56 10
20 56
8 55
27 7
53 92
44 43
55 49
0 83
12 16
37 49
97 7
12 87
85 22
49 13
74 71
52 93
9 12
51 82
8 70
37 30
46 10
47 54
12 24
0 89
3 74
87 79
67 46
27 64
22 92
10 59
91 0
12 18
19 75
6 98
34 77
1 67
91 18
0 81
77 67
2 23
60 85
19 11
25 35
25 88
41 87
93 69
87 8
98 88
32 15
48 21
58 88
53 68
83 77
58 41
47 19
47 23
17 90
47 24
67 20
84 38
83 71
35 91
11 45
51 38
78 14
72 65
46 44
94 24
83 37
76 15
52 82
77 88
75 20
86 13
52 41
44 22
94 27
80 8
20 79
6 33
7 7
53 77
67 49
62 50
16 0
20 95
69 63
25 10
51 57
79 3
27 93
80 74
62 20
93 72
9 52
81 76
30 34
1 26
96 92
35 61
55 54
73 12
78 3
4 82
61 83
93 95
2 11
89 3
46 82
38 31
30 26
14 86
39 70
88 59
47 65
28 69
69 6
29 67
52 17
46 70
4 59
88 4
19 98
80 11
17 78
32 62
85 23
5 42
95 38
36 27
93 48
23 15
50 33
95 69
31 81
80 49
73 59
96 36
34 51
73 98
14 65
6 69
45 18
9 62
89 13
87 5
30 81
20 76
3 70
54 11
58 74
13 35
35 29
78 53
62 23
75 19
95 34
67 9
93 54
51 8
50 56
61 98
71 55
84 91
40 18
99 64
11 20
42 35
60 32
19 40
35 22
95 21
1 97
14 79
99 37
30 91
34 43
16 79
70 12
63 34
40 13
12 55
61 2
19 6
25 94
29 29
75 94
23 37
75 61
20 87
96 24
74 83
41 78
97 89
10 12
35 9
96 21
99 95
17 73
72 76
31 58
31 32
66 43
87 65
21 44
83 59
98 87
24 30
49 91
30 18
60 70
60 13
37 17
67 62
31 36
76 89
1 14
28 43
12 27
99 18
34 42
24 29
30 68
79 10
64 81
19 57
50 63
33 64
3 73
88 97
96 37
3 57
88 35
61 33
24 56
78 68
64 31
75 42
8 22
85 47
23 44
30 2
94 66
9 3
60 73
46 30
8 34
34 29
33 76
84 73
22 76
16 7
72 14
5 0
82 99
50 71
5 17
68 69
18 10
44 83
76 11
4 47
17 52
89 37
59 69
71 81
66 33
82 58
13 19
6 9
67 67
92 38
66 8
80 68
49 47
17 47
73 18
62 15
48 31
4 54
61 86
84 59
35 63
24 0
71 70
53 11
59 77
93 60
32 7
53 50
66 30
58 45
63 86
15 10
9 45
94 32
79 0
62 30
4 86
38 93
63 19
8 61
11 97
28 61
23 53
75 12
49 21
77 82
38 67
85 17
76 97
66 19
23 16
22 79
37 25
21 31
34 91
25 23
94 36
84 69
63 78
36 2
21 8
49 8
89 88
44 49
59 38
37 16
91 13
97 91
80 28
81 80
83 97
56 69
58 9
11 33
39 1
83 85
73 11
77 72
18 9
5 89
19 68
90 19
87 86
22 97
83 23
58 14
35 57
56 62
46 47
23 61
24 87
0 57
47 4
7 97
37 1
28 6
67 85
96 55
74 80
1 47
94 18
45 66
1 76
97 82
24 95
91 6
85 87
92 22
1 75
14 85
88 78
27 30
64 95
9 71
31 24
13 90
12 81
46 66
18 48
35 95
77 26
41 48
24 79
61 16
2 34
27 10
21 55
32 63
34 72
83 33
83 68
63 84
68 12
2 85
87 59
49 67
63 33
72 61
52 55
76 47
97 86
23 27
99 0
64 13
67 76
89 31
97 51
60 96
79 81
42 59
10 71
44 14
90 2
43 19
14 68
25 71
2 44
19 32
16 85
82 11
35 10
31 62
47 81
14 89
52 95
26 75
50 22
48 84
92 3
78 29
18 29
58 47
82 89
54 72
10 23
19 7
71 80
64 59
44 0
97 33
8 72
20 49
20 36
72 21
44 73
67 87
42 97
73 17
51 21
95 9
53 54
53 83
41 10
27 50
64 68
84 64
33 80
54 65
91 32
35 75
60 98
46 28
2 98
99 59
35 74
48 80
69 47
71 69
72 49
57 14
42 66
7 38
93 36
73 21
70 15
10 27
72 29
63 45
50 6
23 73
53 93
52 57
93 32
21 65
72 38
52 75
1 49
53 32
39 93
26 70
37 36
68 49
0 32
43 37
71 87
69 87
39 7
85 76
85 26
96 53
22 47
80 18
48 66
47 34
29 35
4 58
14 84
88 1
24 60
69 27
18 98
61 8
51 64
22 91
79 13
1 15
16 71
72 91
4 24
95 74
32 77
54 15
94 50
83 48
7 60
85 56
65 18
10 5
70 11
74 60
46 74
61 68
91 4
23 81
11 32
92 23
0 47
65 9
42 36
27 28
61 21
34 61
10 52
88 3
42 80
85 83
41 52
91 35
53 98
46 60
15 28
36 11
14 52
85 86
44 62
47 75
81 64
91 60
69 74
6 24
43 96
44 41
56 20
70 96
47 61
87 49
24 68
53 44
81 45
91 33
0 49
67 37
53 47
48 22
57 30
30 14
56 78
86 32
68 37
55 42
32 13
98 53
19 51
57 27
27 13
70 86
53 8
51 63
24 24
8 77
12 42
90 44
12 86
31 69
72 97
33 77
64 42
13 69
5 80
41 20
1 93
55 51
41 33
67 56
39 36
67 70
74 10
25 91
17 35
86 97
60 81
79 92
20 70
99 56
22 43
87 67
99 26
79 64
0 42
25 12
21 45
45 5
20 11
57 4
0 85
75 63
88 84
11 88
78 70
29 51
52 28
14 12
93 82
6 96
6 89
75 99
73 50
20 68
99 66
16 15
19 59
72 16
68 73
62 65
6 22
23 40
33 22
7 32
51 46
85 68
48 53
54 25
40 14
49 45
86 59
70 52
77 94
4 76
29 44
10 45
16 83
82 40
32 34
30 20
92 6
79 26
14 3
38 84
19 60
86 45
93 44
73 48
22 33
8 10
47 71
74 56
78 8
56 1
78 55
35 51
36 94
6 75
18 12
43 12
91 85
83 75
24 17
35 81
88 37
70 17
97 90
18 36
90 51
48 54
88 49
48 78
88 79
23 22
48 33
96 47
66 95
14 25
3 97
64 85
7 21
47 50
38 79
45 27
15 93
92 55
58 4
72 36
90 16
85 44
3 22
52 36
22 9
10 6
36 88
19 47
88 77
24 58
82 44
75 68
19 24
85 32
78 57
69 64
59 62
73 92
3 79
19 50
40 89
5 37
94 67
72 77
40 82
45 54
82 33
35 35
41 40
1 25
23 1
65 15
81 19
14 39
37 94
96 66
15 44
7 49
58 21
94 99
73 28
7 17
96 5
59 20
11 42
59 67
64 11
66 11
5 98
48 95
20 45
9 41
22 78
84 75
87 95
92 14
47 43
23 18
79 49
16 28
80 34
52 4
88 89
15 74
93 0
94 60
45 96
77 74
14 16
19 43
83 72
38 68
7 46
46 5
4 52
11 82
72 90
18 90
39 63
9 54
48 72
89 53
86 56
97 39
48 12
22 69
6 3
72 0
27 6
68 6
99 49
73 32
54 32
92 63
63 74
74 38
60 40
81 57
66 87
14 71
10 46
97 57
13 36
83 26
84 35
2 8
42 63
64 21
84 36
3 96
42 30
33 60
54 47
1 10
97 66
47 12
66 18
51 74
77 53
79 15
7 29
12 80
55 25
19 5
72 22
62 56
42 31
1 73
70 34
63 5
29 61
66 10
26 38
18 54
75 39
2 81
97 3
66 13
97 74
75 73
3 48
48 45
13 51
64 41
32 11
25 79
35 67
81 62
32 4
60 68
5 12
54 71
43 76
44 15
19 28
6 1
64 50
80 46
23 50
74 89
56 23
98 32
5 85
87 26
93 25
47 32
15 35
75 47
46 58
56 81
81 32
35 90
26 11
64 45
75 53
32 89
90 92
11 9
1 80
93 65
20 8
98 18
82 79
25 63
44 33
76 83
25 27
92 67
83 94
40 10
81 65
41 6
26 15
7 95
28 79
66 9
47 52
44 25
33 43
11 85
62 48
71 71
81 94
71 84
17 7
17 97
33 36
73 96
42 92
86 37
58 62
91 52
94 94
47 82
86 10
96 14
58 82
2 5
59 71
2 72
84 97
66 85
17 37
21 60
25 33
21 32
33 37
28 50
92 35
39 20
73 99
50 25
51 70
35 98
85 64
10 36
1 16
8 37
92 97
71 77
11 65
55 71
98 40
16 24
79 97
86 88
23 85
12 48
61 75
56 38
91 47
97 32
62 32
58 83
10 15
36 89
64 97
5 14
8 76
16 54
25 34
96 78
52 69
97 45
69 36
4 14
39 54
45 15
39 81
93 11
73 56
34 97
49 37
49 49
86 72
63 91
99 97
8 71
91 49
96 64
15 34
21 78
17 19
32 83
98 66
26 43
65 81
74 87
72 30
67 59
36 22
36 91
92 62
38 27
37 47
75 91
52 76
20 82
34 73
28 77
83 83
95 2
51 93
21 12
36 17
15 2
39 59
38 58
2 48
53 53
64 43
69 11
0 45
24 99
39 98
56 5
85 3
98 1
77 42
41 16
35 31
16 72
81 24
92 52
20 92
49 20
84 85
55 47
70 72
47 16
10 17
31 59
89 35
58 78
64 3
60 77
99 57
14 8
56 54
61 90
42 6
77 43
24 96
81 29
71 85
35 23
58 12
45 25
10 26
12 73
47 51
46 54
75 49
84 39
40 71
3 98
5 10
91 87
15 99
41 69
63 29
64 70
77 98
32 12
48 2
49 96
6 65
60 24
47 26
62 78
85 82
39 84
9 17
61 55
50 12
61 11
96 80
68 57
56 12
75 7
98 15
82 95
50 84
67 53
5 45
87 18
3 82
43 73
29 11
70 35
50 35
82 23
97 98
94 90
47 1
21 67
58 92
40 97
44 46
37 50
94 79
63 38
83 2
22 70
75 95
74 17
68 3
87 92
40 12
79 20
19 80
81 5
97 23
55 29
56 90
58 35
61 47
46 97
39 42
45 63
5 33
42 12
10 14
78 32
66 88
84 98
54 28
33 42
29 68
25 42
14 67
70 94
44 6
62 59
66 48
26 88
64 99
40 36
79 58
21 22
77 37
98 13
4 0
11 34
2 99
18 24
43 95
48 44
2 80
71 28
4 84
47 2
56 83
57 34
12 34
93 76
51 78
89 14
5 64
92 72
98 30
62 8
43 75
69 98
93 66
52 20
80 75
91 90
78 98
11 35
54 37
67 71
38 78
95 78
54 49
87 50
72 57
87 6
97 63
33 69
27 9
6 56
80 99
2 41
3 14
2 4
95 84
36 90
13 21
18 20
74 6
30 53
4 60
37 71
68 79
78 75
76 49
34 68
37 92
47 40
40 38
61 89
78 77
13 87
54 68
33 72
98 8
70 79
8 31
66 45
36 80
96 20
26 83
21 93
77 91
89 2
87 94
16 32
6 97
17 99
37 15
42 4
76 12
83 35
60 44
39 86
17 93
59 9
71 22
81 95
88 82
37 65
13 67
24 54
28 75
5 50
68 54
96 58
68 39
77 81
20 21
51 9
4 1
74 57
85 49
73 68
68 99
91 84
61 78
21 58
26 7
2 49
33 91
52 22
92 47
39 53
98 3
69 38
62 97
10 85
82 34
60 72
3 39
34 95
97 60
90 58
7 1
6 45
80 25
71 25
10 21
13 81
34 8
94 59
90 40
99 69
69 62
45 65
91 94
93 21
78 60
12 1
10 81
42 5
63 67
30 40
15 80
61 22
51 58
24 27
41 1
4 65
27 68
10 77
47 14
7 88
70 81
80 10
71 6
55 16
18 71
90 99
1 96
57 52
9 46
92 48
58 30
96 38
54 57
56 65
18 47
76 67
47 70
76 53
98 85
32 61
29 94
92 13
27 70
33 79
42 15
52 48
79 9
88 93
44 32
65 99
8 67
41 38
82 96
86 61
68 8
97 27
19 23
99 22
73 88
88 14
38 35
79 22
50 73
80 9
58 42
36 65
8 16
52 27
48 75
8 50
64 19
57 68
46 72
52 3
81 53
81 25
37 41
92 69
82 37
19 2
19 85
5 88
26 94
14 2
47 13
56 70
67 15
22 40
76 54
31 70
16 33
35 8
97 16
97 84
26 28
91 28
31 52
6 37
30 84
88 96
45 37
75 69
4 67
90 66
75 33
27 33
90 73
20 38
0 27
93 47
8 85
89 42
81 52
30 67
94 7
95 11
24 80
92 59
86 87
74 59
35 20
49 0
15 16
83 74
68 45
80 64
53 59
41 37
99 70
82 69
15 98
19 97
8 52
33 34
69 0
20 63
53 64
37 82
86 50
6 39
15 40
16 93
54 27
13 76
33 30
47 46
40 45
59 26
5 4
66 34
1 17
71 74
41 86
59 72
93 5
88 28
0 25
54 73
80 79
80 58
10 74
88 88
38 34
27 51
34 96
67 79
2 33
9 83
69 3
91 75
46 19
6 32
97 79
38 22
70 14
44 17
54 96
20 74
40 7
2 71
57 59
68 32
77 95
0 99
81 84
44 68
12 20
82 56
77 96
95 76
28 41
76 46
17 4
41 92
41 79
73 7
48 69
57 42
84 20
65 5
72 5
48 49
84 42
68 41
98 0
8 8
74 24
65 86
96 44
24 53
12 98
64 17
68 96
54 81
52 40
35 12
88 48
56 36
41 44
70 1
39 60
68 77
38 99
38 82
35 34
1 72
5 87
3 89
56 64
62 44
50 4
51 11
24 11
81 18
60 9
24 33
55 39
16 60
39 76
43 4
33 51
61 96
51 29
4 13
56 24
67 42
63 93
15 31
56 47
55 21
86 69
48 52
28 64
73 75
83 73
24 6
4 79
23 90
48 15
35 2
66 73
44 71
41 75
96 73
77 10
18 68
88 70
89 78
27 69
42 52
87 48
58 65
89 12
2 50
24 32
26 72
71 63
3 29
71 34
73 52
59 7
77 78
65 13
73 73
60 88
43 25
70 32
86 34
98 26
30 6
32 2
36 77
49 2
85 6
56 48
82 85
26 33
28 7
86 16
62 79
36 35
94 17
42 70
13 65
3 76
61 17
38 3
56 85
31 1
6 55
95 85
50 23
85 81
11 46
46 76
72 12
47 77
15 72
33 39
76 95
59 61
92 40
52 87
77 38
76 39
82 73
12 76
90 23
75 37
26 68
77 47
50 75
59 93
30 88
48 3
41 50
71 33
51 80
76 7
58 72
42 23
52 51
23 56
77 23
66 99
56 71
59 82
68 22
58 73
47 60
72 80
35 25
79 44
47 85
57 95
30 87
99 68
12 33
16 16
95 31
65 62
95 52
84 72
21 35
98 20
80 96
8 25
27 14
21 66
48 6
80 40
85 84
87 55
62 63
53 27
75 25
18 30
5 62
3 35
34 44
40 2
75 6
76 38
53 76
49 62
70 84
8 7
17 28
4 41
46 98
95 62
36 92
72 54
76 16
28 37
10 73
54 88
83 86
68 66
34 53
37 78
64 83
9 21
47 17
88 81
43 89
87 23
77 40
5 97
97 36
5 35
92 60
80 54
18 57
29 80
6 16
66 44
57 64
87 58
45 70
77 31
12 79
17 22
1 60
56 19
75 23
72 75
46 2
13 61
61 54
8 90
63 77
44 91
24 34
29 89
70 3
19 34
82 57
32 35
62 16
15 95
11 16
72 93
90 86
13 33
97 41
59 79
64 9
78 92
87 25
81 92
46 36
48 99
80 94
50 19
25 84
47 89
21 51
34 30
56 40
99 8
29 81
25 50
61 95
74 4
48 46
83 38
67 96
52 65
88 61
8 66
60 28
34 3
56 29
77 25
27 16
28 9
38 5
35 49
79 43
73 46
70 30
23 80
42 20
10 38
98 77
62 29
88 21
73 36
99 21
29 36
22 67
95 54
56 37
26 30
37 48
89 10
86 4
25 7
97 22
71 52
72 99
35 38
78 41
92 17
42 56
68 18
98 68
14 53
67 36
23 91
93 8
99 63
10 93
23 48
57 49
10 60
21 75
77 62
66 80
19 83
77 8
91 27
93 10
60 90
59 29
42 38
67 12
53 2
90 88
64 65
82 82
46 86
23 93
37 39
51 86
68 87
62 94
52 7
75 62
75 0
47 22
69 5
61 71
43 15
2 87
57 8
12 12
36 23
14 78
36 29
11 26
31 99
34 62
24 51
7 79
78 43
18 95
73 95
66 82
97 35
71 14
67 18
3 36
2 10
96 67
84 82
34 31
47 62
65 87
84 61
61 49
17 43
17 98
26 10
85 41
51 0
26 95
64 38
17 83
85 12
95 81
74 69
60 99
6 17
84 83
57 12
66 5
97 94
29 74
13 55
97 2
66 29
10 24
39 94
15 23
21 70
68 53
38 57
9 79
75 80
12 72
76 19
89 63
56 7
23 35
11 96
61 7
20 90
2 74
73 45
57 21
64 7
18 33
63 25
21 47
57 55
73 65
54 74
49 1
28 62
54 56
9 66
84 47
30 36
89 21
2 82
29 41
43 26
33 78
72 86
14 64
45 14
25 98
88 71
18 42
28 83
58 44
55 1
10 34
98 99
55 5
68 28
94 65
39 38
50 47
91 65
12 2
7 82
71 45
17 17
33 41
76 79
28 66
16 98
11 92
98 61
9 44
75 15
45 87
36 16
24 31
40 8
60 84
11 77
62 46
75 64
31 87
20 4
30 99
35 45
15 59
20 27
53 58
73 26
66 22
63 55
14 11
10 39
37 76
86 40
51 7
74 54
91 11
86 78
54 78
73 25
17 30
97 81
99 40
93 70
96 16
28 47
11 68
58 55
84 67
56 84
34 36
49 16
97 76
94 77
85 27
41 11
32 50
21 87
88 98
43 80
62 24
63 94
6 15
57 74
96 88
1 69
65 51
79 28
18 38
1 87
6 20
88 44
72 44
89 20
55 70
58 96
51 1
45 20
64 69
75 56
72 27
9 85
47 3
35 53
29 52
63 14
7 53
29 23
79 71
88 51
15 70
74 74
80 69
28 14
97 71
95 25
63 92
88 87
17 2
51 5
54 10
21 99
72 15
34 89
31 73
6 0
99 74
43 22
71 92
54 51
15 0
75 14
69 14
59 22
7 73
3 0
85 60
89 64
83 41
54 97
79 75
60 65
98 84
46 26
68 11
79 96
48 87
65 78
41 2
79 54
21 77
78 83
79 40
59 12
5 7
52 12
77 61
29 6
35 84
95 3
34 65
56 82
80 59
27 89
4 36
72 98
24 15
84 29
89 19
96 91
90 59
88 23
29 78
66 24
43 18
16 43
34 13
47 6
85 16
93 73
21 43
38 80
80 88
55 67
39 31
75 79
75 4
25 55
51 68
59 17
62 99
82 51
76 40
35 60
37 99
62 67
60 11
87 29
18 75
74 19
1 91
49 80
51 96
14 14
23 97
96 3
89 83
48 93
20 75
67 57
62 9
89 94
37 45
73 35
59 92
17 6
97 11
37 28
35 26
74 44
95 56
30 31
18 91
98 72
30 94
74 8
98 75
1 64
27 59
61 3
34 75
25 15
94 30
23 63
24 69
75 28
40 16
81 21
71 21
66 54
30 77
32 21
62 13
86 95
84 2
31 88
78 13
96 82
93 50
5 67
63 22
46 53
51 20
17 63
86 42
44 80
83 7
49 65
39 9
78 81
74 64
49 51
39 19
71 40
19 87
17 23
39 74
83 8
20 60
93 43
93 30
46 24
89 89
38 41
47 84
16 10
31 46
45 60
79 41
19 21
35 5
8 35
39 77
14 7
85 18
55 46
12 28
24 72
24 10
14 0
90 27
86 11
23 86
40 56
46 81
94 78
62 28
1 13
23 32
31 42
18 53
15 55
62 92
66 4
74 14
35 78
74 96
6 38
28 86
91 64
39 68
84 62
48 10
85 2
20 5
53 37
25 68
43 54
2 62
93 77
13 75
2 45
18 35
27 94
13 14
50 55
30 25
14 61
19 22
35 56
9 75
11 60
34 19
61 45
0 43
5 94
7 52
95 97
97 37
50 94
79 51
68 83
87 7
5 51
76 48
6 59
64 36
24 18
94 82
42 69
9 60
38 62
96 27
78 86
86 83
65 82
92 11
18 51
69 20
89 27
61 37
9 2
71 18
58 25
89 67
73 60
55 9
99 65
66 7
59 10
94 31
8 87
77 1
83 76
75 2
45 95
81 8
24 26
41 63
27 44
75 55
35 1
79 24
76 9
38 90
16 45
72 50
71 86
78 71
23 4
87 72
34 84
33 27
3 94
11 64
70 33
84 37
15 62
49 81
15 22
34 92
54 50
34 83
74 99
0 94
26 2
87 10
33 98
42 44
21 94
70 70
29 32
65 14
94 96
82 92
3 59
6 26
51 42
87 96
11 48
52 58
24 37
78 95
97 87
8 45
72 45
56 56
47 69
91 95
20 93
46 29
56 18
64 22
27 11
7 8
89 54
39 61
4 69
92 30
61 41
72 52
78 90
74 5
40 72
47 64
43 82
24 41
83 17
13 9
99 60
77 28
76 0
10 65
74 47
43 30
8 12
71 1
52 67
32 84
82 71
79 79
69 61
75 40
76 71
80 61
69 58
6 86
75 3
86 67
87 97
21 72
90 82
30 78
44 81
47 21
85 61
2 84
3 66
25 53
29 90
68 78
80 66
99 86
81 63
89 66
42 88
23 12
59 31
0 21
40 49
44 10
55 7
14 75
90 81
83 88
44 3
44 27
65 79
47 11
63 32
7 77
65 92
67 31
42 37
67 58
54 89
16 12
95 23
38 89
58 26
67 45
72 92
6 72
8 44
81 23
77 36
2 52
17 12
39 25
8 96
19 26
60 17
14 28
14 72
65 10
38 15
16 46
13 42
2 31
70 54
87 98
23 72
67 17
82 88
45 36
13 22
98 70
39 91
0 91
43 28
14 63
44 59
17 81
9 77
67 16
4 2
61 74
28 88
37 68
44 72
36 95
92 71
94 4
96 4
51 69
86 92
66 96
49 7
34 45
73 77
97 13
84 89
17 46
70 9
6 58
44 85
98 58
40 50
43 61
46 6
49 24
23 29
30 98
72 48
55 85
86 71
9 18
24 78
97 72
68 86
31 8
16 55
80 98
68 97
79 8
61 23
19 56
26 34
32 5
19 58
10 67
77 83
82 18
56 43
78 62
34 55
23 23
8 68
66 36
21 30
12 64
59 35
81 27
98 45
28 65
96 72
76 30
47 88
86 20
39 4
70 47
55 74
10 64
5 74
33 44
68 42
73 42
6 48
95 35
70 56
74 76
79 45
18 4
87 82
65 56
14 37
51 66
14 97
87 30
48 19
19 9
3 55
78 2
0 82
39 65
49 9
96 75
26 40
31 48
71 4
64 56
65 68
48 8
51 71
86 90
38 36
72 17
73 71
33 95
61 87
4 31
84 15
78 88
25 80
2 9
49 52
51 56
78 76
49 12
0 54
79 98
24 43
21 18
85 29
56 6
98 83
43 58
26 24
53 5
17 61
9 1
42 96
59 70
71 17
62 39
91 74
43 57
52 34
44 45
59 15
8 20
62 34
24 28
55 88
53 86
70 64
10 49
79 80
90 14
74 95
19 14
34 18
60 93
9 13
80 82
66 25
73 64
85 91
87 75
17 27
1 95
89 70
64 78
69 53
58 57
16 77
13 95
52 81
82 30
37 97
20 84
2 35
79 91
94 91
40 67
17 57
53 57
71 41
78 52
26 0
91 26
54 48
23 83
23 13
95 22
18 50
55 45
48 50
2 68
26 77
29 7
7 92
21 23
38 32
36 61
44 40
78 48
50 15
20 28
74 32
28 29
98 91
14 34
83 51
82 84
48 76
85 28
64 80
32 42
9 7
33 86
65 21
35 14
21 33
55 56
29 57
58 50
21 49
81 37
35 97
24 73
76 63
72 67
55 92
83 61
12 63
67 95
57 83
43 78
65 73
91 1
94 29
58 16
69 15
30 8
41 3
47 27
12 38
65 75
0 15
69 97
15 33
4 16
85 40
95 96
98 51
44 77
20 80
20 0
46 75
80 22
20 1
98 14
64 96
10 48
55 22
8 3
67 51
71 12
20 77
33 68
89 61
88 46
43 1
38 81
42 81
68 61
73 83
28 23
53 0
78 61
80 26
79 72
57 65
5 57
53 65
34 49
54 86
40 69
33 33
71 32
16 86
18 19
75 72
55 37
6 66
12 3
30 42
22 25
31 79
16 87
91 68
17 94
48 18
79 4
27 61
7 62
4 64
10 70
35 73
77 70
63 4
73 89
9 88
88 65
8 92
88 73
31 94
35 16
98 6
75 1
45 56
32 56
87 9
4 95
75 29
2 7
47 44
61 9
37 11
73 2
9 36
31 45
55 2
35 96
85 45
47 58
50 38
61 85
12 92
27 79
71 37
58 17
57 25
93 29
60 12
33 54
39 34
80 51
12 74
86 1
78 78
94 89
79 99
2 97
59 55
44 21
92 87
43 98
59 8
44 94
99 38
22 87
31 2
37 73
4 29
27 55
32 96
37 56
6 28
5 73
21 68
27 76
0 14
53 97
31 20
9 30
80 0
39 14
0 96
19 17
71 90
37 46
16 4
32 46
37 32
25 26
75 41
23 99
68 80
21 9
19 92
88 18
86 24
52 43
61 73
92 50
91 97
6 61
15 61
52 6
4 89
73 30
82 17
80 1
66 17
55 53
40 27
80 19
31 34
75 48
13 49
87 27
86 41
33 31
37 23
41 13
29 83
47 86
24 2
34 93
60 23
24 23
90 34
96 26
94 53
34 25
32 72
11 12
65 23
76 69
1 2
75 77
79 7
48 61
85 92
13 3
93 74
85 63
33 21
97 43
37 93
5 9
83 0
81 16
36 52
71 20
75 18
83 91
74 79
46 7
74 63
20 67
99 75
44 67
18 61
86 75
61 43
65 64
38 54
97 65
89 99
34 35
33 35
40 41
87 15
61 36
83 67
77 12
74 20
0 67
74 91
21 61
12 96
69 4
28 70
43 93
54 76
65 80
86 58
32 38
38 65
20 81
9 33
16 88
64 89
84 30
56 3
19 63
49 84
94 41
3 56
34 32
37 54
86 18
34 78
21 98
0 26
28 92
98 74
22 94
63 63
94 16
52 2
19 3
92 46
28 67
32 36
53 36
22 86
56 14
40 79
39 49
79 19
42 17
48 88
13 91
16 50
26 20
62 49
57 66
49 38
51 47
44 34
59 16
20 19
40 33
96 56
0 79
3 16
27 85
20 18
14 36
15 51
43 17
55 55
34 56
31 80
2 57
61 66
12 84
59 78
19 49
42 65
37 72
3 32
95 13
10 16
68 34
26 31
4 63
31 74
36 34
58 58
92 86
22 89
65 24
32 71
30 56
13 85
58 31
85 8
57 38
4 75
9 76
48 94
99 93
63 37
49 92
64 76
86 82
62 55
76 81
25 21
25 58
44 69
60 1
46 64
28 90
65 89
13 25
33 48
16 63
56 96
79 76
47 91
96 81
15 71
53 91
29 4
63 31
46 50
62 58
9 26
45 69
47 99
60 7
32 40
29 63
8 95
4 35
69 72
11 52
25 39
97 53
85 97
2 77
0 69
14 94
82 54
19 53
13 60
59 56
20 46
57 62
90 36
66 50
59 34
30 48
8 46
13 48
2 40
2 70
37 43
95 70
4 8
95 16
75 74
93 90
42 47
76 78
6 42
25 69
87 20
55 48
0 35
57 73
38 53
35 39
14 1
78 49
30 11
47 68
73 40
85 96
74 39
51 65
9 95
80 13
48 83
67 55
67 61
84 50
59 60
88 53
28 49
55 90
53 45
85 10
12 66
80 55
97 14
14 90
83 69
70 87
39 6
78 89
36 21
5 30
8 60
11 8
67 19
70 44
94 69
25 17
75 24
42 58
0 39
67 81
50 96
95 64
1 83
4 91
76 31
13 73
60 43
59 95
41 67
45 85
67 64
65 72
90 83
81 7
84 46
55 6
77 0
30 71
89 30
7 18
69 91
12 56
9 8
70 46
41 80
24 46
58 69
45 4
63 48
60 54
10 50
55 97
25 47
71 96
30 1
93 79
15 66
91 76
86 62
55 28
58 89
84 1
53 90
81 66
45 75
9 47
49 76
41 26
92 58
86 0
40 47
52 70
49 90
84 88
27 25
78 47
90 84
38 40
43 3
28 40
47 38
46 65
8 74
51 89
71 98
62 31
19 13
26 1
25 60
94 73
34 69
90 39
47 8
80 71
94 2
31 63
39 66
82 65
66 0
4 23
72 59
68 16
73 67
18 17
30 62
44 9
9 40
48 37
63 12
73 51
80 27
36 49
8 38
91 43
26 85
25 45
68 98
79 37
80 65
79 53
48 14
5 92
93 56
5 29
27 31
32 78
50 29
47 45
71 60
94 21
46 3
39 32
12 77
38 7
56 49
99 67
54 41
20 34
7 5
88 47
55 65
70 57
90 97
9 65
40 4
36 19
11 74
18 13
50 72
19 39
63 2
68 90
99 48
43 72
5 52
94 13
1 81
20 7
43 20
89 1
92 44
45 91
30 76
30 72
85 51
96 62
88 52
26 29
53 29
40 78
38 87
48 5
36 64
38 74
64 49
33 83
81 9
63 28
25 9
64 61
58 68
26 51
20 88
64 46
93 16
22 51
73 72
55 0
45 28
2 32
67 52
96 98
45 16
91 51
56 63
47 37
4 93
6 79
79 70
31 67
81 81
80 87
45 46
88 41
31 89
5 6
90 75
3 52
94 62
11 79
25 11
65 84
96 23
20 62
50 99
91 78
50 69
78 84
98 42
37 51
77 16
18 82
36 33
74 15
85 67
77 9
29 25
40 21
15 81
46 73
15 18
19 36
3 86
86 66
70 88
84 99
64 16
83 50
42 76
27 2
22 74
96 6
94 88
73 84
46 1
72 53
55 23
61 79
28 73
27 57
76 55
54 54
53 87
13 70
52 45
66 38
60 56
36 78
50 87
61 4
0 74
42 55
4 62
2 94
14 98
8 42
2 47
95 73
48 79
76 56
31 4
29 66
38 97
61 76
60 48
55 81
9 27
41 82
72 62
71 68
68 9
7 98
63 97
81 97
44 16
78 85
42 21
21 64
68 72
90 43
34 39
40 99
11 56
70 85
40 88
27 0
39 57
30 27
20 12
76 4
76 41
98 23
85 94
72 83
15 21
20 54
78 51
55 12
85 37
48 68
64 84
46 43
49 77
36 38
48 73
92 66
95 27
67 32
10 75
68 95
3 8
60 60
50 13
73 37
78 44
14 13
23 36
35 43
57 48
10 29
26 81
51 27
14 26
70 28
40 80
92 96
18 5
79 2
32 41
18 87
72 85
88 85
90 33
96 52
31 38
66 66
32 81
55 18
65 43
88 92
72 7
11 50
20 33
70 6
2 73
9 55
23 11
95 5
51 23
45 13
51 61
95 77
90 49
56 52
79 60
12 7
84 77
25 92
40 28
32 55
90 87
54 92
71 36
76 59
94 57
41 35
83 64
6 21
92 78
86 2
17 67
61 34
24 40
55 31
54 33
44 63
80 50
55 14
67 10
73 19
94 92
31 16
79 52
72 9
44 39
47 90
95 83
98 78
88 80
84 27
22 0
71 29
26 65
84 22
64 63
30 74
82 36
69 25
87 77
82 31
68 48
62 25
3 69
37 7
93 45
88 7
3 45
18 96
44 57
7 45
83 20
43 86
25 70
46 83
29 53
95 48
57 50
49 98
72 71
88 39
82 0
6 95
89 73
58 95
56 94
1 32
88 45
41 41
29 97
21 81
31 56
40 22
81 22
38 23
60 33
44 97
85 33
0 28
67 69
59 80
49 44
39 88
62 71
62 0
15 91
24 45
91 42
19 19
11 84
86 80
0 52
48 32
98 16
34 98
98 76
69 30
86 73
39 44
87 44
45 23
25 4
86 12
77 86
11 53
5 63
60 2
17 32
24 20
82 8
57 5
36 68
0 13
37 33
59 74
57 77
57 40
13 8
55 27
46 38
27 1
88 22
3 28
41 36
58 93
44 31
85 20
9 84
11 31
64 66
13 15
93 61
33 97
72 34
17 13
42 39
3 9
16 36
50 9
90 90
97 5
50 54
15 13
35 18
92 68
81 68
38 92
52 98
11 49
66 83
64 57
4 6
11 29
98 52
57 29
86 55
23 69
17 42
41 72
36 83
82 9
9 25
56 79
45 93
38 11
17 77
55 32
1 54
49 32
87 41
75 50
10 43
25 18
24 66
51 92
84 9
7 33
23 89
65 71
1 37
74 23
71 83
27 54
76 75
91 46
14 43
84 26
84 8
90 69
60 91
56 34
41 55
79 55
87 56
66 6
67 68
49 17
13 16
7 4
22 3
71 49
89 84
43 38
37 4
38 12
77 29
20 30
59 5
26 39
39 83
49 66
24 8
27 40
36 53
44 88
91 30
49 83
32 82
67 77
76 58
38 63
0 31
39 12
52 85
98 44
75 92
65 53
93 81
18 89
69 45
67 84
27 78
55 30
71 73
88 15
8 36
62 40
6 5
12 47
89 39
84 93
75 86
44 51
53 9
54 55
61 70
49 27
61 69
73 79
55 94
52 39
96 39
40 32
29 96
56 57
21 7
52 24
68 71
69 18
48 71
16 80
82 74
15 57
40 52
92 10
15 56
37 5
71 67
28 54
8 91
84 43
40 58
91 17
63 17
84 86
28 3
17 87
0 40
38 8
1 98
82 41
30 21
33 13
87 22
66 94
36 43
16 66
18 11
42 60
19 81
88 72
33 32
34 40
79 31
3 43
6 35
42 27
36 12
68 10
57 15
56 8
94 12
21 80
88 68
46 71
15 67
74 55
55 40
49 18
19 1
68 27
0 5
46 34
33 47
35 36
93 84
79 48
4 43
19 38
52 1
34 33
56 27
71 27
48 47
31 65
23 64
56 4
73 24
91 91
84 56
99 17
9 98
54 43
20 86
0 76
57 71
48 67
5 46
65 22
13 62
33 94
8 26
22 90
11 25
2 63
90 52
99 5
85 58
53 89
49 25
86 54
58 60
34 2
89 23
86 36
42 16
74 29
16 65
90 63
79 56
35 71
28 85
35 87
8 24
93 23
29 9
27 63
28 95
7 37
94 71
83 24
74 85
95 99
45 57
74 77
58 85
3 53
75 36
65 26
65 70
7 40
37 40
13 83
87 37
90 12
49 56
40 51
97 29
55 57
35 48
75 27
81 26
29 62
7 83
57 53
79 33
20 16
33 87
86 76
91 61
82 3
90 47
28 52
98 21
93 75
10 62
88 26
93 38
41 97
87 45
49 26
37 55
8 75
61 91
86 65
14 70
14 88
93 92
65 39
43 2
5 23
83 27
43 29
77 18
43 21
57 45
18 80
26 79
75 90
79 84
72 2
98 48
98 24
93 39
59 85
99 39
64 28
38 4
39 21
87 83
61 31
60 18
73 3
44 78
50 74
7 41
43 66
86 44
94 95
51 48
62 12
31 23
55 19
2 59
44 23
88 91
81 73
54 80
5 75
66 91
11 58
63 69
23 17
60 92
73 87
76 13
44 95
76 76
85 70
97 25
45 62
18 64
3 20
29 76
54 24
45 32
32 87
21 41
73 54
15 4
78 7
15 89
32 33
11 94
81 28
43 65
17 21
31 91
83 4
71 23
65 52
20 35
89 52
5 3
22 68
22 95
16 78
95 33
3 25
60 47
59 3
17 33
98 41
98 71
13 80
22 82
39 5
92 49
78 36
1 35
83 28
79 30
73 78
69 89
11 6
80 41
84 53
67 30
69 49
21 76
93 96
9 20
86 46
48 24
99 81
49 3
42 53
68 67
46 37
2 21
82 27
0 90
46 90
29 59
66 52
32 74
70 25
62 76
56 61
16 6
91 2
15 14
44 48
18 44
48 20
77 7
45 40
84 80
52 25
45 94
26 76
94 80
36 66
33 40
70 29
27 87
75 75
11 51
31 18
43 16
72 32
61 1
34 21
11 36
50 49
31 27
86 89
70 74
56 32
79 38
46 31
1 19
63 99
67 6
77 56
37 13
83 1
29 91
37 91
6 99
51 13
67 43
59 42
59 68
45 21
62 35
40 44
13 71
7 28
61 15
54 36
5 56
35 32
22 2
78 25
60 41
85 59
33 63
75 52
39 96
95 80
36 75
36 44
37 52
28 33
53 41
10 1
78 21
88 11
69 84
44 29
2 29
2 91
25 96
79 25
31 51
51 49
32 99
45 19
52 29
98 25
0 63
72 19
77 22
16 41
7 35
55 33
16 64
27 29
87 13
70 42
13 18
92 36
41 51
48 29
19 30
80 91
3 37
30 17
95 75
99 16
49 79
70 92
11 39
90 48
73 57
49 55
96 12
86 9
90 5
25 73
4 98
23 24
16 84
46 18
36 55
66 1
1 88
53 26
69 77
41 71
85 73
21 16
48 40
54 64
65 98
48 70
89 26
82 42
34 28
4 57
3 78
42 86
21 53
48 60
86 31
25 30
53 52
6 19
25 74
66 60
82 5
15 38
3 80
37 9
95 49
17 80
64 29
45 80
85 21
43 40
16 38
73 13
83 5
99 30
39 47
31 97
67 34
89 86
87 11
37 66
74 0
13 59
7 87
36 1
33 20
26 32
51 25
10 97
81 34
64 79
15 5
46 48
91 40
94 63
86 35
78 22
3 31
9 28
92 82
49 14
78 23
64 73
81 10
1 33
50 79
20 25
7 61
46 91
37 95
76 45
10 82
38 44
29 84
76 37
16 2
51 18
30 65
50 11
41 46
84 52
63 54
9 31
83 34
70 83
47 92
4 73
35 83
90 67
86 19
15 69
33 93
81 13
46 4
80 76
35 7
47 48
58 40
28 89
96 90
48 62
78 33
70 20
70 40
65 57
30 15
10 63
66 75
29 18
62 33
35 17
95 92
39 85
23 59
95 4
68 24
32 18
60 79
9 11
41 56
40 30
6 71
23 87
46 15
67 33
58 66
30 38
19 8
17 18
48 59
38 50
3 23
43 47
54 46
9 19
41 19
2 30
49 97
83 13
13 84
54 90
27 75
43 11
15 86
12 99
33 55
92 85
73 58
66 16
90 91
30 66
27 36
13 93
76 32
90 98
35 37
63 16
71 59
78 69
84 32
45 33
39 15
88 6
95 45
87 35
61 19
51 43
85 72
71 82
80 38
40 95
61 26
74 97
76 3
71 26
39 50
36 10
6 40
68 2
54 4
79 94
7 42
14 35
73 44
51 19
69 85
21 3
79 89
69 57
18 52
75 54
82 47
53 84
82 13
83 57
60 51
45 81
31 41
36 76
50 46
51 53
11 63
96 28
47 35
21 82
84 16
16 62
10 56
73 90
16 91
26 69
7 3
10 95
98 93
4 33
81 4
67 98
65 36
14 45
50 39
21 38
92 15
61 67
71 46
48 11
62 61
58 36
18 32
81 86
1 71
3 65
65 33
19 94
63 71
47 49
5 90
68 36
93 20
1 27
42 72
14 54
36 42
77 35
44 56
13 86
58 8
62 17
42 93
9 92
26 59
75 65
9 35
76 34
43 39
45 61
29 70
5 40
19 42
69 35
34 26
84 76
15 87
95 60
95 79
59 25
78 16
18 14
26 54
77 97
37 21
78 63
50 85
4 15
50 52
48 55
49 34
16 95
37 19
39 23
46 89
40 74
83 15
60 97
59 21
13 58
73 41
93 91
51 4
42 71
81 72
92 65
9 37
86 8
42 34
54 82
41 96
23 94
24 9
23 47
9 23
74 45
26 23
16 27
12 4
60 61
12 67
7 80
68 85
89 55
36 41
85 69
29 98
52 52
22 44
72 47
41 58
75 51
1 61
52 94
31 31
74 61
69 19
66 77
31 21
18 67
23 60
60 57
54 18
50 17
47 97
2 93
43 69
7 69
1 86
84 90
76 93
24 55
94 34
81 71
39 24
94 93
89 25
8 79
84 24
94 54
53 94
45 98
40 92
90 21
0 44
40 60
52 0
4 72
57 70
56 74
13 88
87 14
52 88
57 99
18 6
89 17
99 9
64 12
5 61
69 52
60 0
71 64
77 41
96 68
1 63
75 21
95 46
67 29
19 31
87 89
11 47
63 81
77 20
44 37
14 24
49 58
67 80
16 22
29 20
22 72
54 44
35 92
42 0
68 21
28 38
27 73
69 96
35 30
23 42
86 98
6 34
14 80
88 40
91 73
13 5
22 37
75 9
17 95
64 88
4 94
48 89
69 80
27 72
88 17
28 13
94 47
44 82
1 85
11 69
43 41
41 99
77 19
84 60
19 55
87 90
31 57
91 8
42 45
87 39
52 5
11 10
68 70
88 54
33 3
60 78
85 75
45 92
77 24
27 83
76 10
78 27
30 3
6 11
68 17
11 40
20 26
24 36
14 55
35 76
99 42
96 59
40 23
93 17
94 39
3 77
56 28
19 29
31 15
90 78
37 12
10 79
9 29
49 75
72 37
30 10
46 42
63 79
25 43
35 11
49 95
54 93
1 24
21 11
18 23
82 62
16 20
7 27
52 37
63 83
75 16
63 36
5 24
31 10
71 39
79 18
54 61
59 33
64 82
13 98
99 11
11 21
32 32
96 70
63 53
2 1
85 48
12 62
75 5
27 98
76 88
20 59
85 11
92 19
2 86
25 77
1 4
50 42
23 38
11 66
82 77
9 68
35 44
7 65
22 61
97 95
45 11
87 71
3 34
19 79
96 15
29 10
28 12
46 21
48 26
40 77
90 3
93 2
58 27
58 24
92 93
37 79
58 51
3 90
6 80
27 56
75 38
59 64
72 51
53 25
93 88
42 62
53 20
14 22
26 47
80 89
2 28
10 11
9 15
80 37
49 74
20 41
54 5
50 78
70 80
49 68
65 67
16 18
1 21
93 97
0 1
72 60
73 29
69 24
27 35
48 27
21 62
85 99
10 28
84 25
36 13
22 64
97 48
73 15
79 39
2 54
88 34
52 84
99 7
28 57
60 67
1 43
5 8
45 31
46 14
1 82
91 31
16 99
52 14
83 81
30 35
96 46
86 23
20 32
56 13
37 38
53 31
25 24
57 69
58 64
50 31
28 68
23 57
43 77
77 30
76 77
1 3
80 95
17 62
59 45
77 69
2 46
96 69
68 82
74 22
90 29
92 34
10 51
55 78
15 73
78 54
43 62
84 57
87 2
8 82
9 69
54 14
87 53
4 85
36 5
16 89
83 49
35 54
47 53
1 48
60 69
27 37
18 2
50 68
97 83
64 74
56 44
31 54
96 1
94 74
48 1
99 73
54 30
3 81
57 11
59 54
98 73
40 46
60 27
19 18
85 77
98 29
88 33
56 45
83 6
76 72
23 92
81 82
5 66
52 68
21 34
57 75
61 97
32 53
85 42
42 54
18 41
0 56
34 14
57 63
96 0
15 19
92 21
11 4
77 17
39 78
29 55
57 28
17 24
97 31
0 9
7 76
67 92
16 51
3 71
5 32
5 21
47 76
55 93
29 14
83 39
66 59
48 7
16 31
36 15
98 79
97 9
14 32
41 23
99 46
82 52
26 74
15 64
69 16
16 94
15 39
0 8
84 4
50 0
12 50
55 77
44 96
92 73
61 5
43 71
10 78
91 16
71 95
34 1
89 98
43 14
49 36
69 2
4 19
68 31
28 93
80 4
21 85
87 42
99 12
51 72
11 93
72 13
65 12
33 12
64 77
0 58
41 49
53 49
9 6
29 39
57 37
93 27
89 75
76 64
30 50
98 35
88 25
54 63
83 87
44 61
42 46
29 37
87 78
9 64
94 35
29 50
5 83
54 7
66 20
41 12
19 61
49 86
36 51
57 33
63 76
65 8
60 8
5 20
32 76
3 60
40 64
82 24
23 33
33 24
60 14
85 95
74 2
36 57
29 40
82 78
53 79
68 0
2 51
6 13
11 18
45 59
21 37
78 30
81 3
15 36
85 9
39 64
43 32
92 77
74 34
94 97
87 68
94 19
65 93
95 50
14 44
87 69
95 37
27 58
20 66
0 4
74 90
4 45
61 14
34 22
16 68
20 51
89 92
74 26
69 60
38 95
32 64
3 85
66 42
77 92
6 83
6 8
8 94
18 46
26 27
2 2
98 10
28 71
94 64
40 24
94 48
85 54
56 16
71 9
14 18
49 40
48 65
36 30
10 53
84 40
27 48
30 83
82 76
62 42
59 47
44 90
51 94
46 40
62 43
41 17
11 22
52 26
0 29
75 10
20 9
72 20
27 67
76 61
40 6
12 36
5 22
95 6
21 39
55 34
35 27
89 62
14 27
43 67
60 64
26 52
86 17
94 43
23 98
77 90
69 23
13 6
27 4
29 47
82 63
9 96
98 4
33 8
70 75
95 68
62 10
46 22
53 66
94 98
27 20
19 16
31 43
67 24
52 62
34 50
95 0
90 96
84 58
64 1
46 95
57 35
97 8
78 45
1 31
41 47
47 67
81 55
83 40
87 70
24 67
82 1
65 45
88 50
69 99
29 17
63 40
71 75
34 67
41 30
58 38
98 39
13 74
12 44
42 74
55 89
69 94
73 62
31 5
76 65
92 81
70 23
94 68
82 86
57 41
45 71
32 37
3 44
9 9
21 86
51 76
95 88
39 51
16 76
1 92
34 48
87 47
29 77
37 89
95 20
91 29
67 65
2 64
19 37
96 49
12 93
41 95
87 43
57 88
99 62
74 66
2 36
18 0
6 81
36 74
56 76
33 28
15 26
22 75
66 92
4 80
15 63
82 10
10 54
51 91
90 89
32 8
18 18
18 3
11 62
31 49
51 34
29 31
14 74
23 71
88 8
20 13
27 62
63 66
89 81
13 46
43 83
16 37
62 53
51 83
54 52
81 47
14 29
8 32
20 64
67 78
26 55
24 90
79 68
60 46
42 91
57 60
53 82
45 49
59 97
17 40
21 48
69 69
50 21
35 52
67 3
54 8
73 43
22 14
43 35
82 81
1 51
53 38
52 44
99 76
50 28
93 93
20 44
23 8
51 2
89 48
79 78
38 37
45 86
32 97
21 50
53 24
17 50
92 57
82 14
28 11
61 80
61 99
84 48
95 61
57 92
48 9
42 19
71 66
6 73
35 77
16 52
36 18
87 61
24 25
34 76
67 38
60 25
46 96
24 1
21 29
3 88
54 2
54 23
93 42
19 35
33 99
30 92
44 66
11 78
80 44
83 54
0 62
8 83
51 45
22 46
28 5
98 50
78 28
92 56
31 83
91 3
90 1
15 1
4 77
1 12
81 78
17 45
50 64
87 12
43 44
95 7
3 67
70 31
87 17
2 76
14 9
73 34
15 11
86 27
72 69
63 52
97 17
12 45
72 39
52 10
70 67
49 82
29 13
5 81
50 83
86 47
46 63
97 12
73 27
98 47
68 84
96 9
58 97
39 75
38 39
8 28
35 15
50 91
58 91
25 89
61 10
58 13
69 39
29 93
81 83
53 95
33 16
51 73
59 59
53 18
75 59
22 93
95 28
81 43
39 56
82 60
60 31
8 41
4 68
63 42
35 41
54 6
24 91
71 30
34 6
25 62
19 65
40 83
96 71
66 90
57 78
58 19
99 31
44 44
38 30
4 78
87 64
64 94
89 6
81 0
81 58
93 53
56 42
87 74
25 20
79 63
6 46
78 56
80 3
68 51
90 6
11 75
83 45
63 65
7 12
1 39
53 81
63 30
22 39
54 85
6 41
2 67
22 85
30 82
7 50
42 57
67 47
1 38
77 71
8 62
19 69
75 84
27 41
1 62
31 22
43 91
75 26
48 36
19 72
52 71
88 2
89 50
29 34
88 32
96 35
30 29
32 95
62 1
6 14
34 66
95 82
67 39
32 88
13 64
82 7
84 19
56 11
94 23
52 19
65 90
24 35
31 12
86 85
35 85
43 87
2 55
63 20
87 32
57 10
89 74
8 97
46 11
75 22
3 83
97 85
9 57
3 2
44 86
52 63
10 76
49 73
86 60
0 51
89 91
78 42
32 75
89 36
97 96
45 68
51 10
19 0
57 91
62 87
65 31
92 45
83 55
82 50
80 72
20 85
1 40
83 9
33 57
78 40
70 53
44 5
65 66
98 9
15 68
37 61
47 87
96 74
34 27
80 23
29 56
89 93
66 26
95 44
87 16
37 2
83 66
64 55
39 22
91 54
8 56
30 61
61 29
17 55
43 5
48 39
26 35
27 5
13 66
58 0
93 71
35 64
37 44
42 77
12 59
52 9
6 4
14 95
16 5
53 56
35 58
6 47
3 95
42 7
84 10
90 45
38 49
93 22
49 19
32 44
83 3
97 0
96 65
46 87
38 66
95 36
73 33
51 16
7 68
57 79
57 93
54 87
94 85
23 39
25 52
38 55
80 7
52 18
47 31
51 28
74 67
79 16
52 56
16 69
83 31
51 97
82 28
36 47
57 57
0 20
61 82
79 61
43 0
54 67
6 31
59 90
55 60
38 10
75 76
71 31
16 34
26 42
35 70
24 94
92 41
22 53
46 68
31 11
25 6
3 51
77 55
24 84
23 79
76 99
97 10
10 32
22 22
68 91
4 83
96 86
74 88
33 75
58 81
67 7
47 63
22 42
46 57
78 24
35 33
86 28
59 96
29 64
49 22
88 76
28 84
91 63
24 70
29 38
45 97
59 32
6 25
41 65
65 91
15 12
50 34
78 1
50 40
24 22
80 93
94 70
25 40
82 35
50 50
41 42
45 79
17 92
62 86
47 56
61 51
41 60
97 52
63 95
98 86
60 75
33 56
43 9
65 3
90 0
56 72
2 27
80 81
62 89
77 54
12 8
53 4
29 22
91 77
26 49
61 63
78 96
58 20
93 83
13 26
69 71
72 3
12 60
5 36
91 89
47 72
52 61
97 24
95 47
83 30
64 60
84 45
44 24
19 91
79 46
99 15
28 94
16 26
55 86
59 6
29 48
29 58
41 7
6 74
58 76
67 40
28 48
49 46
91 15
78 87
3 64
23 10
19 73
39 8
61 88
27 92
64 33
15 82
66 37
62 21
65 16
86 6
23 6
63 60
63 56
95 40
73 8
93 85
62 75
77 6
27 60
5 11
97 42
29 92
36 62
4 7
9 99
44 64
26 9
84 49
83 44
81 40
87 40
62 7
26 96
2 12
85 71
69 90
15 27
7 2
57 94
61 92
21 20
15 97
32 9
46 46
12 0
12 29
78 91
96 34
23 62
55 98
17 9
28 18
27 24
83 25
9 34
36 69
50 53
18 85
97 50
46 16
12 88
87 0
48 41
4 53
27 17
15 17
43 99
74 65
26 82
84 28
90 85
62 4
70 8
46 35
79 47
1 56
71 5
93 13
76 2
66 49
86 81
48 97
20 99
67 13
63 15
22 19
58 23
41 54
74 52
62 66
27 65
51 85
13 94
71 11
32 30
71 19
64 90
87 57
57 44
92 32
94 87
33 65
92 39
68 52
64 91
82 55
50 18
12 61
19 95
68 14
70 19
15 9
99 58
39 52
78 20
10 57
17 0
7 48
90 18
40 55
27 47
13 24
7 67
24 52
30 7
53 35
83 84
8 19
65 2
38 25
18 28
97 69
31 7
48 38
5 82
60 63
57 17
42 82
26 71
49 50
45 43
13 2
28 1
13 92
40 3
32 25
18 66
63 3
82 67
20 91
74 98
31 44
40 90
47 95
9 43
2 79
32 19
80 84
36 26
70 48
50 58
68 23
13 1
39 69
54 66
57 89
23 58
4 88
11 90
67 72
1 70
96 31
93 94
98 7
61 56
54 77
92 16
71 78
17 96
60 52
6 85
74 49
81 14
88 27
30 44
70 69
72 79
76 42
50 88
30 95
1 66
87 36
69 21
76 5
54 38
63 47
56 80
66 51
37 75
54 19
27 27
9 22
36 70
11 59
82 26
87 99
24 76
26 97
3 58
77 80
99 29
54 69
67 74
74 18
18 31
12 26
4 56
25 90
17 16
33 52
50 30
47 57
1 36
31 95
43 53
38 28
27 74
69 29
57 76
0 46
37 69
82 68
97 40
5 72
11 91
42 64
12 31
23 31
34 23
55 44
95 59
6 23
66 55
50 82
4 66
35 82
37 24
39 28
54 99
42 84
11 72
58 53
28 8
90 31
8 78
40 85
63 43
70 4
21 19
82 97
41 83
5 59
68 56
63 1
77 14
59 46
30 58
72 95
61 77
90 26
40 61
7 14
41 9
15 54
19 64
97 15
76 25
88 99
66 81
90 71
22 80
81 70
36 82
0 75
24 50
7 25
33 0
10 84
82 66
86 86
82 80
27 86
22 10
70 18
96 29
43 51
44 98
82 29
78 65
21 15
50 59
26 5
7 47
74 28
90 11
53 40
79 95
98 56
69 44
43 59
18 21
7 6
93 59
99 55
78 74
85 0
2 22
63 23
78 31
76 86
30 73
65 38
54 59
62 18
13 39
50 80
59 83
91 88
72 74
42 24
17 70
57 31
53 34
64 53
32 26
55 38
62 14
1 23
2 24
10 7
79 82
1 7
46 56
67 14
4 87
28 15
53 96
79 67
79 85
4 34
91 44
6 29
83 78
62 73
33 70
64 47
49 4
45 45
14 91
38 29
22 71
78 72
75 57
67 60
23 19
56 66
44 75
74 43
10 83
1 45
63 13
34 71
5 70
14 93
69 50
95 8
17 66
60 4
78 4
62 81
73 38
81 75
36 36
79 5
60 87
96 77
44 30
39 2
23 70
42 67
95 89
62 69
28 99
80 15
0 60
56 26
29 0
30 28
75 93
90 62
17 88
84 92
8 63
36 87
61 46
74 9
80 62
28 35
89 85
99 23
29 82
3 7
12 57
3 49
93 86
50 27
59 13
6 12
72 58
72 64
81 93
69 37
50 77
75 17
13 79
73 31
75 8
63 21
94 83
94 52
57 32
92 74
73 20
53 73
19 88
28 81
57 18
32 79
28 53
69 75
86 96
24 81
50 20
1 55
96 18
19 96
3 21
66 35
33 45
0 41
60 89
59 52
61 35
85 7
46 20
18 15
0 80
40 48
90 42
7 81
53 80
55 80
30 4
68 58
13 89
60 29
97 59
64 0
17 54
5 27
54 83
42 50
72 68
0 48
98 80
41 59
42 94
3 5
92 88
18 22
67 4
99 35
38 56
9 39
84 96
60 53
4 22
33 38
5 44
37 67
22 8
46 9
92 75
15 75
10 92
29 24
19 78
96 43
19 99
50 2
99 51
92 79
79 34
25 2
70 5
6 64
44 74
79 73
20 24
40 63
53 88
38 91
26 37
58 77
54 42
56 33
30 22
25 36
57 90
53 28
44 42
84 44
12 46
5 93
42 29
55 17
60 45
50 24
31 0
50 16
78 35
38 64
24 77
2 15
92 43
12 10
33 84
7 26
43 84
9 94
71 0
14 10
51 77
49 31
77 5
83 42
13 41
17 71
96 48
76 73
55 11
59 65
15 60
32 22
39 92
1 1
51 44
10 94
41 61
37 87
46 79
65 97
36 8
41 98
31 25
46 45
77 84
37 77
56 91
22 88
94 8
13 56
32 10
80 24
89 90
86 30
33 15
8 47
22 65
65 77
59 41
38 71
27 45
29 65
58 37
43 92
69 78
33 81
76 43
8 64
14 41
38 13
10 19
69 40
7 64
37 26
59 14
24 74
93 67
22 26
44 18
28 39
1 74
96 97
68 13
53 21
53 67
22 16
80 90
15 90
82 75
67 54
75 34
31 37
70 36
70 98
22 41
29 75
45 88
87 46
66 74
89 44
31 29
89 87
42 2
53 16
39 48
50 32
20 48
30 16
1 52
34 54
21 95
6 93
12 51
10 72
35 94
68 64
48 64
20 72
76 51
24 12
93 98
47 55
43 52
77 27
33 2
50 81
54 34
93 99
87 28
72 8
52 23
29 19
26 19
96 22
80 21
16 40
99 98
56 87
81 90
77 21
42 1
74 11
88 10
7 39
45 6
58 6
69 93
25 75
0 50
99 32
46 94
59 1
71 76
68 44
38 70
56 77
98 19
18 99
14 58
55 15
23 75
51 37
53 23
61 12
94 6
21 71
0 86
29 30
18 27
53 42
66 58
29 43
26 64
96 76
72 35
63 70
90 74
17 82
52 46
51 41
7 36
18 60
21 13
26 84
84 63
31 60
6 49
63 0
76 14
72 25
64 34
1 5
11 76
36 73
27 34
26 45
56 25
25 99
28 32
24 75
84 18
35 6
84 5
39 99
86 29
14 77
16 73
81 41
14 5
48 57
35 99
54 12
89 69
41 8
68 7
15 20
75 82
21 73
34 74
66 46
34 41
49 6
65 30
83 80
9 74
79 88
92 64
5 77
99 4
81 98
27 52
96 40
51 84
59 75
52 53
70 76
69 46
37 96
57 36
23 26
93 33
5 71
29 12
50 60
17 26
50 5
95 43
63 64
63 87
25 16
73 53
96 89
79 86
90 28
37 74
95 87
74 81
99 79
23 51
10 0
4 37
13 34
10 13
7 16
72 26
15 65
12 22
77 15
85 31
40 84
50 44
12 23
57 23
1 9
38 86
5 79
88 36
42 68
85 65
51 24
44 99
39 55
31 68
94 10
18 92
0 61
39 27
51 95
85 52
14 69
34 87
99 78
25 56
66 67
12 75
33 6
21 5
9 49
14 48
27 90
40 62
77 13
77 75
42 11
81 44
17 41
6 90
23 65
43 45
67 11
74 50
68 74
60 20
11 23
41 94
2 96
94 61
22 50
28 74
37 14
16 21
82 53
41 24
40 57
62 84
18 26
74 37
65 32
94 9
11 55
26 41
69 56
8 6
77 52
45 89
76 44
52 66
16 47
84 79
2 16
41 29
67 21
23 66
30 60
71 99
38 88
93 12
46 33
52 72
16 56
79 23
39 40
50 98
84 17
66 15
95 67
39 10
19 70
64 75
71 44
49 64
28 0
83 53
65 37
22 20
67 35
48 23
3 3
83 63
9 90
85 93
95 17
7 89
62 82
8 65
89 9
27 97
77 46
88 83
15 43
13 47
17 29
49 99
35 21
80 36
97 88
3 92
59 18
39 18
48 91
91 37
82 20
55 76
81 49
53 33
50 48
41 81
45 84
8 80
68 94
20 2
53 19
55 52
89 77
78 39
17 85
59 49
72 43
54 62
86 99
16 61
82 72
62 74
26 62
8 51
51 14
40 68
3 47
49 69
13 11
98 82
42 32
56 60
35 24
8 9
8 58
22 4
54 70
9 24
83 47
15 85
29 16
32 48
14 21
22 35
12 5
59 66
77 34
64 48
0 93
51 30
88 0
41 4
12 30
25 76
13 28
25 19
4 27
14 87
0 92
84 12
96 94
85 14
17 60
25 31
19 84
44 28
11 57
8 48
53 22
10 44
45 64
25 81
63 27
32 1
52 91
15 29
13 99
44 35
94 81
94 3
30 47
4 74
84 21
34 20
98 90
91 25
57 54
15 83
51 22
31 77
26 26
94 76
11 17
39 3
14 81
10 10
45 42
93 31
12 82
70 59
82 22
80 33
67 75
29 2
54 84
25 38
11 43
69 12
97 64
42 79
52 8
5 1
83 29
55 43
21 14
5 28
74 68
66 69
91 98
66 28
61 0
53 51
82 70
71 58
0 65
91 69
66 97
95 18
71 10
96 8
86 48
97 30
8 57
0 17
70 90
23 45
31 9
27 46
31 6
84 51
38 20
5 49
74 3
30 43
50 8
5 68
55 95
26 44
89 71
21 97
90 57
14 66
73 86
45 82
60 76
72 23
69 92
16 35
90 94
76 62
98 64
0 0
66 76
38 16
28 17
49 5
24 21
38 73
5 96
29 42
2 43
87 33
77 87
53 74
91 14
89 34
58 80
8 29
58 39
69 82
24 86
38 42
63 62
51 17
97 77
52 83
98 97
7 93
64 64
90 70
78 5
67 90
59 63
50 43
6 10
36 32
55 62
97 58
51 98
49 88
73 82
98 27
42 73
98 60
72 42
25 83
94 45
70 97
25 14
33 66
8 11
9 97
0 59
35 79
8 84
92 29
19 52
44 19
91 66
97 73
60 94
76 68
85 85
42 89
77 73
57 46
4 39
97 68
43 68
25 72
60 62
62 52
9 58
16 96
75 98
52 15
26 87
85 66
5 25
54 60
58 22
76 82
17 86
26 86
79 12
63 49
80 39
38 59
17 58
3 18
87 84
25 78
39 11
99 1
6 77
79 66
99 6
81 77
73 47
29 60
59 23
2 88
18 59
8 27
36 97
55 68
53 12
5 76
14 40
22 55
45 53
98 81
62 80
58 87
17 25
2 3
20 3
7 72
52 47
15 25
33 10
39 46
53 99
66 40
29 95
88 66
4 70
2 0
65 17
12 25
98 57
2 19
13 40
41 27
89 40
61 13
9 38
62 70
3 84
55 3
3 93
30 52
58 75
53 69
10 98
90 9
62 26
13 27
12 95
42 8
75 58
88 75
69 13
20 55
57 39
41 15
31 40
97 75
70 60
65 47
11 61
50 70
36 63
7 30
47 98
32 3
78 73
20 97
69 42
52 16
47 28
8 98
8 59
93 1
76 50
14 4
30 63
15 45
18 72
99 91
86 51
3 24
22 77
72 94
36 85
0 72
23 3
17 44
60 15
7 57
1 42
35 4
12 14
45 7
63 18
86 94
1 0
74 7
69 54
81 85
31 76
63 96
33 29
26 53
53 14
66 78
89 16
20 40
83 96
16 97
91 10
74 53
58 79
81 50
74 36
78 10
81 2
83 11
32 51
5 95
18 78
80 32
88 57
0 88
24 85
55 87
67 2
5 84
67 48
0 70
13 20
58 29
8 33
22 17
62 41
13 38
86 38
45 38
76 96
14 96
93 41
63 35
79 17
97 47
26 22
41 21
11 87
53 63
93 35
97 70
1 68
83 82
63 6
30 37
94 28
89 29
71 94
96 99
91 48
34 94
68 47
30 33
25 67
98 36
60 5
25 22
41 43
20 98
59 0
41 18
55 83
60 36
69 32
17 56
13 0
52 38
5 48
69 17
40 91
30 49
16 8
30 85
14 82
49 11
81 87
16 13
52 97
92 5
25 57
89 95
44 65
6 30
9 5
79 57
66 41
29 79
14 33
73 74
83 58
91 22
0 19
71 16
38 43
89 7
9 82
76 33
54 13
17 72
13 77
27 53
49 94
58 7
8 14
30 96
69 73
58 99
36 79
36 24
98 63
17 49
62 51
63 82
71 65
97 55
12 91
73 0
90 54
20 15
86 22
58 3
54 58
90 35
62 3
41 68
47 29
85 74
55 36
14 83
95 39
99 52
36 28
28 28
33 46
85 98
39 89
54 21
20 94
70 50
83 18
64 4
70 10
70 78
61 53
2 58
19 48
93 78
37 20
73 5
49 53
98 37
53 1
11 37
66 32
70 37
83 52
59 4
41 70
22 99
1 41
84 34
40 75
60 80
74 21
25 32
83 56
28 4
33 71
45 9
50 65
7 55
27 38
56 58
40 20
85 53
43 56
33 88
56 9
64 8
18 74
38 0
28 16
1 84
31 85
20 52
51 50
87 80
71 35
33 73
59 11
23 96
99 50
69 81
88 86
8 43
97 93
96 85
18 37
21 46
16 53
16 49
99 43
84 70
10 99
31 86
16 59
8 49
70 93
84 84
44 55
28 96
38 98
23 21
55 79
62 88
44 13
63 72
10 91
63 75
20 47
20 71
23 88
4 32
71 47
8 40
37 90
99 2
1 34
11 44
87 21
95 86
23 76
24 7
92 4
50 14
91 53
10 86
9 81
87 3
82 21
74 27
97 92
94 46
74 12
90 7
79 77
72 10
10 2
22 54
46 55
67 99
82 6
27 49
15 3
30 23
68 15
74 72
26 56
57 85
29 8
31 35
96 10
6 44
7 51
45 3
8 73
83 60
84 13
79 11
25 1
50 92
3 87
61 30
8 2
97 97
84 6
95 65
87 24
88 67
93 18
88 38
5 19
84 81
99 24
39 39
61 94
99 20
28 59
7 11
35 65
47 18
70 45
79 42
82 4
25 61
26 13
37 22
79 21
67 83
57 58
41 90
99 53
66 79
60 3
40 73
2 92
92 90
57 2
91 39
96 83
51 55
66 2
54 79
33 7
75 71
64 40
11 7
57 98
71 88
92 99
45 41
83 92
29 99
54 17
35 69
46 61
43 97
28 51
14 57
65 42
1 94
14 99
54 29
83 70
61 24
26 36
40 0
80 29
62 47
48 51
12 71
78 18
10 3
95 14
45 72
30 54
21 57
4 46
49 63
43 88
52 60
14 17
3 10
40 26
32 16
34 46
84 11
16 90
63 68
52 89
67 94
62 36
80 42
99 83
88 42
58 49
37 18
90 60
35 40
28 36
80 43
50 51
65 58
36 6
46 8
59 99
85 34
74 75
1 59
58 98
19 90
6 27
66 47
93 6
47 59
97 67
6 87
62 37
58 18
17 91
69 68
27 43
83 32
31 13
54 45
5 55
39 73
70 49
12 52
90 93
26 91
59 89
27 95
55 4
54 20
6 6
86 25
89 28
2 20
76 84
23 0
45 29
94 86
42 10
4 44
22 84
88 43
5 41
18 76
70 26
94 49
45 78
48 96
64 26
55 24
2 75
17 53
60 39
72 81
73 55
94 58
86 64
68 38
85 46
9 48
29 87
72 84
73 22
58 43
98 89
13 30
67 0
42 3
63 88
31 55
88 13
33 11
65 95
93 26
20 89
46 93
12 78
54 95
19 45
31 30
43 63
15 47
91 9
13 12
1 29
23 49
75 67
67 25
66 68
9 80
42 42
52 31
15 49
96 51
66 3
48 16
99 96
49 43
63 11
97 56
1 28
39 58
1 18
60 83
68 5
56 50
56 31
72 66
19 82
76 87
18 81
14 31
50 90
4 26
22 73
91 5
62 19
58 67
43 23
41 76
5 69
38 19
73 9
25 87
25 82
93 46
59 28
18 49
52 50
82 15
42 51
35 89
60 58
40 19
20 23
54 75
21 96
27 84
38 72
57 81
51 15
20 50
46 77
51 12
54 22
75 85
16 48
5 5
79 90
88 24
18 97
25 0
78 9
43 36
2 37
70 38
57 26
24 16
97 28
10 69
34 12
62 62
38 69
14 20
77 85
86 74
64 2
12 19
26 46
1 53
80 35
96 33
13 68
48 30
79 87
7 43
12 83
65 27
20 43
63 85
11 89
36 39
67 28
58 94
56 73
65 96
67 27
19 15
70 43
83 12
48 98
23 52
65 65
36 98
73 14
51 26
76 94
32 0
65 50
3 11
4 81
8 21
77 32
27 21
1 90
34 47
36 56
25 86
50 3
18 88
61 58
69 43
90 15
12 37
35 72
30 75
32 20
0 97
68 25
67 97
22 29
88 90
20 42
81 20
89 72
42 61
61 20
8 99
73 1
73 39
15 58
88 20
15 46
36 67
95 66
4 11
37 42
53 46
77 99
91 20
12 15
59 37
44 76
33 92
34 64
65 6
22 38
92 76
8 89
29 33
23 78
47 94
58 33
77 39
81 56
29 5
29 88
75 81
71 8
35 19
70 77
32 60
16 67
81 46
1 57
78 99
76 57
39 71
40 31
43 31
74 78
18 93
58 5
64 20
89 51
53 17
7 9
19 46
68 62
75 44
62 77
46 52
43 27
96 79
44 50
79 93
44 2
15 79
5 13
0 71
37 37
99 19
7 96
23 74
60 71
15 7
88 31
18 86
73 23
68 65
52 73
91 96
94 55
52 13
95 10
0 18
38 38
32 31
29 49
57 72
61 50
38 18
87 66
1 20
41 53
7 23
16 81
21 52
61 48
32 67
19 33
30 5
23 2
68 20
84 65
5 18
60 42
12 32
61 38
90 8
10 42
66 21
70 0
11 28
57 9
75 96
69 79
8 54
85 38
31 93
18 1
81 31
12 69
38 6
32 28
5 43
21 21
24 71
76 6
47 41
6 70
55 8
9 78
93 15
81 51
5 39
32 68
93 62
59 73
61 81
30 55
48 4
39 97
77 4
46 67
53 30
37 88
81 30
31 98
86 26
8 17
86 57
24 83
35 3
18 25
21 91
34 82
0 95
54 94
61 57
38 1
70 61
84 66
40 37
45 10
45 24
30 80
71 43
14 6
21 4
79 74
87 87
34 85
99 61
58 90
27 71
97 19
77 66
61 18
74 41
50 93
28 60
57 61
32 90
25 64
95 72
11 80
64 87
25 95
38 61
22 52
54 91
56 51
38 24
95 57
71 56
84 7
45 76
28 87
64 5
1 58
89 24
9 87
11 38
38 9
50 66
22 81
35 42
93 3
85 36
66 62
64 72
32 14
99 80
53 70
98 5
36 96
82 32
77 51
59 53
6 52
21 69
38 21
3 50
52 54
94 84
30 69
3 75
28 31
71 93
49 89
82 59
19 74
38 75
45 83
32 94
46 17
96 17
9 67
52 92
3 91
3 54
99 10
10 22
70 65
26 57
15 84
89 43
16 57
27 42
74 93
36 40
10 89
71 15
11 98
23 55
22 27
97 18
19 89
53 62
74 33
20 17
18 94
70 58
12 94
95 15
82 25
36 9
27 23
0 38
10 80
60 21
55 99
82 38
92 91
97 62
39 80
40 53
48 77
77 63
60 95
35 47
23 84
98 94
34 57
42 9
61 59
22 98
4 61
98 98
5 60
7 94
51 3
76 85
91 36
76 60
0 3
26 12
34 10
92 31
0 30
13 78
76 90
13 32
25 37
4 90
21 27
24 3
45 17
28 58
94 22
42 41
71 48
56 97
42 13
77 57
87 62
56 75
65 83
24 98
36 59
37 62
1 79
53 7
5 15
83 99
30 70
26 78
56 99
59 2
11 0
67 63
26 66
69 86
15 96
91 70
52 49
2 14
39 45
11 19
7 78
61 39
86 68
12 9
6 43
20 39
18 79
47 15
92 92
57 19
17 8
89 58
71 42
30 0
6 91
68 30
20 78
29 54
97 46
7 74
53 60
87 60
26 48
63 24
98 2
22 63
69 1
91 92
65 28
47 7
57 3
1 30
74 35
83 98
11 27
69 70
27 39
64 27
75 70
99 72
84 41
51 60
79 14
23 28
42 78
17 3
61 93
90 80
31 66
88 5
98 17
4 42
49 41
94 25
4 25
72 56
31 26
26 80
81 33
26 16
9 93
72 11
48 25
50 45
57 0
83 65
65 29
19 4
46 13
9 0
21 28
41 5
62 68
16 29
59 39
33 19
0 37
67 8
59 57
46 39
51 35
36 3
17 1
39 30
3 4
90 72
93 9
68 76
61 27
68 26
85 57
92 9
85 39
81 48
30 13
74 94
29 3
12 89
30 57
89 4
81 6
10 87
46 69
51 81
22 57
28 98
3 68
40 5
38 14
9 61
4 38
39 35
49 85
24 5
49 78
94 75
49 35
77 93
34 15
56 53
41 93
75 83
77 77
81 17
21 79
95 12
80 57
51 32
0 22
89 38
39 26
93 52
83 21
62 91
60 16
48 48
3 13
66 14
78 79
67 22
18 45
22 11
21 59
26 14
83 14
84 31
99 33
17 51
8 86
16 3
28 82
0 87
79 65
76 22
15 48
55 35
32 59
45 74
68 55
34 58
79 50
13 17
81 60
22 32
32 45
99 47
12 11
50 97
90 55
67 66
32 85
91 38
42 75
10 61
98 46
48 74
26 98
24 38
56 22
25 49
68 46
25 8
8 53
10 31
99 99
45 48
65 85
20 20
36 46
85 78
33 89
81 36
92 37
90 53
58 15
49 59
29 21
45 50
2 38
84 78
34 37
40 86
21 1
42 33
13 96
48 43
5 2
10 25
68 59
76 21
68 40
76 92
31 61
47 36
1 11
61 28
96 32
96 54
47 9
53 43
68 63
32 93
17 10
26 73
11 1
28 25
78 26
64 32
14 15
28 55
76 80
84 23
30 79
83 79
44 89
46 92
56 95
43 43
23 67
34 99
22 18
4 20
35 50
54 98
20 10
7 20
7 86
92 53
53 75
55 26
16 44
98 95
94 26
17 65
34 90
52 77
19 93
15 53
66 61
30 89
72 33
63 98
56 15
24 44
73 6
0 53
63 57
31 96
96 60
12 13
60 26
40 17
42 85
7 58
31 64
23 14
89 0
3 33
28 24
60 74
65 76
65 20
65 59
82 46
50 62
6 2
31 14
30 41
68 29
74 30
17 15
66 39
67 50
38 94
4 10
41 88
65 11
43 81
24 59
60 38
88 55
45 90
18 69
10 40
3 42
11 71
19 76
64 39
60 50
32 6
0 23
69 9
38 76
94 38
7 99
85 79
69 7
15 77
84 55
47 39
84 71
45 52
78 58
12 85
9 14
71 57
73 10
30 59
62 11
99 41
69 88
22 45
95 63
2 6
27 8
82 12
64 98
68 35
74 1
67 1
74 82
48 82
85 30
1 8
61 25
92 20
64 62
29 85
72 72
67 23
46 49
77 49
59 24
22 28
99 25
2 25
90 65
73 66
70 22
36 50
92 0
32 29
95 91
42 14
22 66
95 26
59 88
42 28
24 62
82 94
10 41
27 77
89 49
3 12
71 13
73 16
37 0
37 59
94 40
41 66
61 40
79 69
81 35
34 81
21 6
53 61
43 10
31 82
54 40
50 41
51 99
91 50
42 99
21 54
55 66
0 2
67 26
36 4
21 25
50 26
26 63
19 77
28 56
0 16
6 63
44 79
46 59
86 70
99 27
25 93
5 47
80 47
82 64
68 88
78 34
64 92
72 89
73 63
98 31
56 21
88 94
74 13
72 78
20 6
0 34
55 64
68 1
14 38
55 73
71 89
45 12
75 66
27 99
61 84
30 12
81 42
6 94
76 27
25 65
14 50
63 10
39 62
1 89
40 94
68 93
10 9
25 54
59 94
70 89
41 64
19 67
5 99
88 58
22 6
60 10
36 81
93 40
87 81
31 71
31 75
94 56
98 54
98 92
28 78
30 64
95 29
95 1
99 13
15 37
12 65
80 80
17 75
70 51
67 44
21 84
99 45
41 74
65 49
99 77
91 99
46 78
39 43
87 93
14 49
53 10
52 64
89 56
37 64
44 93
11 86
14 42
43 48
72 1
2 78
10 96
40 35
6 51
86 39
89 15
20 69
35 93
44 87
75 97
94 33
73 69
55 91
84 74
98 33
41 22
9 51
22 48
85 90
13 54
94 11
92 28
6 7
10 20
96 2
6 67
63 80
95 95
90 37
36 86
15 76
31 39
32 91
63 41
66 23
94 1
48 42
57 67
3 30
52 86
23 95
64 58
32 27
30 30
7 0
12 43
35 80
15 6
49 72
27 88
39 82
80 17
83 46
91 80
43 70
22 49
74 16
56 93
27 15
26 18
49 93
87 51
54 0
28 76
29 73
2 60
