100 3
74 46
53 35
49 49
8 70
6 3
74 94
98 21
64 12
46 40
18 47
77 72
83 38
66 74
81 23
3 8
70 42
72 86
10 55
4 60
93 42
62 91
24 2
50 99
7 31
32 90
2 11
49 69
53 32
78 44
74 72
88 59
88 25
42 28
15 92
37 54
15 84
87 94
99 69
12 43
78 20
88 58
54 81
57 97
2 94
73 34
1 71
37 36
38 41
16 6
44 77
15 19
72 76
59 73
25 1
3 71
59 42
46 91
31 35
68 31
95 89
75 25
44 75
57 26
38 96
36 83
72 3
83 47
24 64
3 47
29 39
53 16
41 18
84 76
15 42
7 93
50 10
61 77
38 9
15 96
78 7
26 17
10 42
69 76
34 54
28 85
65 34
38 76
29 79
35 83
71 7
95 72
23 2
68 5
2 80
86 30
71 55
17 37
93 9
91 65
99 37
42 47
87 36
6 94
14 94
60 64
95 1
75 67
60 98
53 87
66 80
43 32
75 93
44 25
98 45
19 56
41 73
48 28
47 56
85 8
71 4
5 58
51 91
54 8
88 51
42 27
21 53
63 40
43 62
55 41
84 26
8 19
37 70
23 34
82 50
51 15
33 66
41 68
37 8
64 45
7 49
22 48
94 6
63 23
10 87
96 16
55 96
58 82
39 78
77 77
92 67
83 39
4 18
38 20
68 8
47 27
15 7
93 14
95 17
67 50
72 10
41 92
13 27
35 66
90 35
64 40
64 58
59 72
76 86
26 26
12 70
12 83
36 26
5 25
68 72
88 96
84 28
59 9
63 25
58 56
71 62
70 41
87 58
64 64
29 53
11 76
43 94
89 95
38 42
66 87
63 66
46 20
31 89
29 4
43 89
64 9
30 99
89 66
5 53
24 8
89 67
0 67
64 78
72 74
71 29
22 49
11 92
14 26
62 47
97 38
29 56
96 68
64 52
70 16
32 61
27 73
76 10
77 48
46 37
85 78
83 93
27 44
66 29
26 78
98 95
49 4
68 98
88 57
80 53
30 38
78 96
3 80
68 58
76 42
41 84
83 53
78 85
78 9
47 81
91 96
46 65
43 96
91 12
43 35
0 7
21 20
32 73
79 63
91 19
94 64
72 91
38 91
93 32
35 2
4 92
19 54
35 76
87 98
35 27
30 77
26 72
51 68
93 37
91 49
25 0
69 32
41 29
21 56
82 26
63 13
6 92
77 92
18 69
6 72
78 58
51 71
33 29
14 92
70 76
66 82
92 42
5 68
50 68
99 21
13 81
31 82
45 54
86 5
96 56
97 73
26 7
19 4
31 76
92 3
40 41
67 25
13 50
35 36
17 20
29 64
10 7
7 39
15 40
44 57
55 47
70 47
10 52
83 65
28 19
43 80
88 46
49 62
62 65
13 28
78 56
4 69
33 48
25 21
15 46
98 44
84 39
6 33
97 10
97 72
61 70
88 34
58 50
81 73
11 80
37 62
95 69
31 87
13 96
8 84
27 58
79 39
61 30
11 20
56 57
89 3
65 71
0 89
83 4
83 23
27 7
96 28
22 44
85 97
81 0
35 50
71 30
81 46
89 62
65 90
79 82
11 59
96 31
5 44
95 7
44 90
32 81
71 31
82 53
92 11
68 60
90 50
67 61
16 57
17 61
53 88
52 2
30 91
30 56
88 56
8 35
18 12
2 72
66 78
14 46
5 55
53 65
70 95
12 55
6 15
15 53
53 47
85 7
11 24
40 65
50 36
41 49
22 71
53 72
73 32
4 58
56 31
53 57
95 75
75 65
49 53
41 71
6 99
62 45
46 75
41 53
77 49
90 93
2 53
43 90
12 48
54 33
36 64
39 57
7 32
98 59
62 13
67 14
17 4
68 45
88 6
89 45
83 19
29 96
28 4
36 70
88 54
88 74
53 0
1 89
4 56
58 38
44 52
12 7
61 31
43 75
52 44
71 9
44 12
14 74
20 99
76 31
7 53
70 33
19 96
28 68
11 15
86 90
12 81
7 58
5 9
94 53
70 67
52 87
8 31
56 9
26 96
34 24
96 27
23 5
65 31
33 39
2 96
57 71
22 64
8 66
68 13
41 48
90 4
3 92
99 24
94 56
79 58
22 84
44 73
62 78
34 15
2 33
73 31
47 37
83 94
57 20
43 47
5 98
64 47
74 51
38 37
29 34
82 79
75 31
57 8
51 89
18 17
81 28
81 30
39 58
39 56
34 28
24 73
56 15
76 55
58 95
18 65
84 98
72 72
28 6
59 20
92 15
12 86
80 59
91 81
23 74
17 25
51 35
0 95
19 76
98 67
57 96
76 1
87 13
66 54
94 29
20 17
47 1
12 1
46 18
18 52
96 38
66 3
65 48
7 2
76 73
56 21
93 92
26 21
51 31
84 25
20 41
33 75
81 79
30 22
34 99
92 55
24 18
89 71
59 46
39 49
90 23
10 76
38 19
7 25
10 1
76 59
67 37
45 57
30 2
28 28
67 84
37 78
43 52
88 9
21 8
63 51
29 25
87 57
37 30
56 5
12 3
59 48
56 64
6 6
48 84
58 2
97 14
47 98
81 66
35 88
91 94
49 28
49 39
76 46
32 42
28 23
84 24
99 67
73 89
46 41
11 52
14 54
60 33
96 97
77 35
3 63
10 54
40 15
56 26
99 62
87 23
69 52
87 64
53 60
53 30
72 92
79 93
47 62
73 6
63 35
51 83
7 82
6 41
58 31
98 31
81 9
27 40
96 33
71 39
19 92
46 25
67 27
21 78
55 11
44 63
45 45
43 51
51 2
84 67
7 3
84 44
26 28
72 51
60 66
51 74
57 68
94 25
89 65
51 29
75 74
87 46
48 83
15 4
95 22
19 94
79 72
22 80
87 37
10 25
75 59
3 1
91 17
82 46
2 21
84 12
56 19
10 91
98 96
78 6
18 23
8 47
27 13
74 22
7 38
67 73
82 73
53 86
72 59
20 64
89 2
30 96
46 83
11 40
5 43
70 58
33 40
39 84
43 42
5 29
61 99
14 12
63 19
98 79
15 26
5 94
35 22
76 75
79 11
58 81
81 42
51 30
94 54
79 52
20 0
7 94
99 75
8 56
7 14
33 33
15 68
60 86
30 21
16 87
60 69
99 12
1 2
69 70
10 3
7 71
36 21
8 58
94 91
54 5
53 56
1 24
84 71
32 11
28 13
16 70
25 14
99 68
49 89
32 20
32 59
78 34
23 54
48 58
7 56
39 22
30 94
37 34
98 23
54 31
26 80
74 85
72 55
77 68
47 22
30 63
13 22
98 39
16 37
49 74
21 64
92 23
32 98
64 19
20 46
18 11
66 47
33 69
92 89
12 65
26 14
7 64
84 9
9 2
49 84
65 41
93 5
89 63
30 70
33 20
40 60
90 11
52 35
59 41
30 87
17 65
97 71
25 44
66 39
62 32
90 71
52 4
65 81
83 42
36 97
32 40
23 38
37 27
62 76
82 60
44 44
37 9
66 0
60 18
17 70
34 40
28 27
17 14
89 11
1 64
64 70
49 67
68 92
24 13
12 41
58 16
85 62
90 88
93 97
52 60
40 10
68 91
60 11
59 19
0 34
84 0
24 70
53 67
87 35
61 19
53 4
37 49
89 85
50 95
5 26
55 76
21 35
18 77
67 65
44 24
41 42
82 18
44 70
80 34
27 81
33 25
75 91
49 94
75 29
64 80
36 38
48 64
48 75
51 93
71 37
87 34
8 57
98 74
80 72
42 4
38 13
6 35
66 50
30 62
2 51
43 53
91 37
67 87
13 91
91 70
84 69
91 79
99 59
25 73
52 96
69 0
37 43
8 48
95 14
69 34
48 78
45 32
74 20
26 65
86 61
31 62
81 38
59 4
11 58
10 10
17 62
11 67
27 28
9 78
4 17
27 8
8 64
10 81
6 65
42 3
10 51
20 14
42 91
88 85
46 47
53 71
88 32
48 48
82 21
48 89
76 64
37 50
27 11
34 9
79 47
7 27
66 11
67 44
92 53
82 14
44 21
92 81
65 72
25 29
60 84
58 87
44 7
38 67
62 46
11 51
1 88
41 85
91 4
63 2
4 79
82 89
98 54
15 21
57 18
4 84
91 21
25 17
60 73
1 68
84 27
28 62
12 99
41 44
56 52
91 85
16 25
83 44
12 53
64 95
40 89
52 90
13 94
27 12
73 68
38 81
83 10
1 46
23 83
1 72
25 84
16 45
92 85
20 91
2 39
25 32
43 65
47 64
98 52
72 15
53 78
31 67
17 27
98 91
67 39
74 95
91 46
39 3
34 66
10 66
19 67
97 59
68 67
5 76
70 23
85 71
89 51
31 77
34 17
30 54
51 79
3 68
8 53
77 24
33 24
40 80
48 67
93 56
45 20
99 39
74 98
40 66
62 27
99 72
94 3
78 98
43 74
97 74
86 98
46 42
83 80
70 86
59 62
72 67
7 50
83 98
46 62
53 18
60 44
6 32
19 58
46 82
17 67
28 97
25 65
17 40
66 25
51 96
11 22
7 17
3 38
69 8
60 81
75 57
95 26
71 26
48 40
57 60
15 73
82 29
55 3
94 99
36 49
80 43
71 59
48 85
86 83
36 0
0 45
40 67
49 21
46 12
29 88
77 30
93 85
22 66
0 66
1 98
98 5
87 32
17 92
49 15
29 66
68 15
40 17
12 45
47 55
4 26
55 26
14 49
34 22
58 72
2 14
84 94
87 86
77 19
30 5
48 29
28 60
85 64
3 12
23 48
68 39
85 91
81 48
77 69
21 31
47 89
90 43
87 71
52 12
94 48
24 28
40 91
52 50
12 39
2 23
94 52
22 97
35 84
30 79
7 72
33 67
45 38
21 11
93 1
82 82
66 65
82 28
40 97
63 48
86 49
84 63
19 61
54 12
52 27
54 53
60 32
47 74
92 91
12 26
38 77
25 58
96 17
69 28
91 62
62 42
8 18
47 59
81 8
48 59
3 65
86 16
77 87
56 42
30 1
7 37
50 51
98 28
1 56
77 58
38 71
39 42
83 48
63 55
36 85
91 75
30 23
72 35
65 35
3 16
33 52
27 45
85 82
78 29
95 65
75 81
69 66
68 96
58 71
43 17
86 14
61 25
48 72
37 39
58 55
63 83
7 67
38 52
20 24
28 64
40 4
90 82
20 34
72 75
51 61
84 57
34 48
86 67
27 23
14 60
10 73
38 54
63 71
31 51
57 91
80 27
98 0
45 94
44 88
39 31
19 21
45 64
91 28
37 75
39 91
9 53
46 88
91 92
96 80
2 58
78 69
33 64
97 68
25 54
54 1
64 87
85 6
35 68
70 48
4 10
40 36
6 5
75 27
20 43
23 64
23 73
84 53
57 17
98 94
54 93
73 71
16 80
34 35
25 71
31 95
40 56
60 54
77 63
89 96
99 8
43 4
94 36
10 23
13 54
31 41
58 39
51 45
7 98
58 17
59 23
56 33
26 61
94 20
22 4
84 8
45 97
30 46
36 40
63 34
75 9
27 2
99 0
92 98
99 48
77 82
81 27
90 1
55 66
34 4
16 67
34 30
4 54
96 81
55 14
60 12
0 38
56 24
11 74
16 13
22 65
16 89
88 36
1 20
23 86
16 54
37 20
34 45
23 99
32 85
14 59
0 51
32 45
24 26
27 25
11 50
2 9
11 56
67 74
81 69
97 86
72 26
4 78
74 81
14 8
17 11
74 52
62 50
16 75
70 72
79 48
48 31
1 65
81 62
61 20
84 86
36 36
75 13
21 87
65 14
14 28
40 32
55 95
80 88
42 9
64 14
43 5
52 21
29 44
57 36
76 26
82 25
54 66
39 94
35 87
16 74
15 18
63 97
74 43
72 80
16 66
79 46
40 44
43 48
42 57
80 8
90 44
4 52
91 91
35 85
37 86
88 93
95 93
6 78
52 88
58 97
14 85
15 37
6 47
92 48
40 69
47 61
0 43
63 82
67 71
45 29
82 71
6 28
99 50
96 6
55 15
83 21
80 0
15 80
38 21
21 29
18 34
99 42
37 2
74 92
43 8
11 64
93 84
97 81
52 42
21 73
33 74
42 24
51 60
20 94
46 58
15 17
70 53
71 83
46 56
48 99
12 30
39 61
28 71
43 49
67 67
33 62
79 65
42 85
22 10
47 69
53 29
22 51
94 41
20 84
20 63
69 72
74 50
73 39
73 51
41 51
35 86
83 68
69 79
9 6
22 25
75 84
84 3
56 14
96 46
54 92
0 94
28 17
21 91
75 42
41 87
18 63
52 92
7 61
90 98
8 30
54 22
95 30
14 3
67 31
23 82
10 88
87 44
17 44
70 46
38 98
3 58
92 86
70 8
4 0
29 61
87 33
71 68
11 29
85 12
87 7
74 63
43 72
63 49
19 26
47 97
99 84
85 25
56 4
81 65
24 85
70 80
28 87
22 90
10 77
64 68
73 37
74 69
45 81
46 69
47 96
78 37
19 98
32 14
65 68
53 92
61 17
91 56
58 77
5 97
67 89
30 75
56 83
28 32
67 82
16 14
45 84
98 10
29 60
42 81
83 60
80 76
61 97
49 2
24 30
33 28
94 15
18 30
37 88
55 12
15 93
7 40
74 64
56 25
47 48
80 9
36 39
87 16
26 98
72 98
39 19
8 62
95 66
45 58
17 30
36 86
10 2
27 88
76 7
75 86
0 62
50 35
80 48
80 1
42 59
69 39
29 26
65 64
32 82
79 32
18 91
26 40
37 41
94 33
84 61
93 6
91 66
10 93
29 98
57 63
54 56
85 13
17 96
64 59
58 20
57 92
13 49
64 27
86 82
63 73
98 2
93 40
58 23
61 50
4 27
67 59
93 86
41 34
58 1
68 27
16 72
58 65
53 70
19 95
30 33
62 94
89 79
54 9
18 80
17 69
89 54
47 45
86 25
22 7
56 67
78 14
40 43
23 59
8 24
8 65
74 17
44 11
61 86
6 67
86 41
23 96
44 41
24 38
66 53
57 3
94 19
69 90
39 51
63 42
38 87
21 18
24 99
68 97
22 87
27 4
57 50
5 46
47 17
62 18
59 95
29 92
61 74
30 41
0 97
44 42
68 19
85 79
93 96
40 53
9 93
20 28
40 72
33 11
43 18
53 76
97 75
8 29
75 46
42 96
76 60
19 6
2 75
92 41
81 74
66 60
17 7
88 44
73 35
18 54
69 61
96 9
85 76
89 37
65 73
60 20
67 16
77 65
89 47
12 6
86 12
15 15
15 43
10 37
10 26
88 24
53 49
61 63
69 42
29 73
10 57
19 9
7 15
52 98
98 41
51 52
37 81
80 39
43 73
27 78
66 55
17 55
81 91
81 22
77 32
4 83
9 84
90 61
83 1
4 62
47 6
7 45
96 96
54 71
1 76
46 86
38 78
62 56
42 74
55 92
52 52
77 61
2 13
27 74
49 30
66 34
13 57
29 6
39 77
61 44
92 50
16 73
5 41
2 63
61 21
69 54
16 96
46 43
24 91
19 36
3 93
22 1
51 32
7 10
30 12
48 44
39 53
67 70
96 18
4 47
62 89
21 92
85 89
78 16
9 45
29 80
27 51
63 18
29 31
57 95
66 23
51 47
50 69
37 19
12 32
47 88
49 83
23 62
90 5
16 76
55 83
39 37
97 8
51 78
1 74
63 39
85 39
91 11
1 93
49 72
46 99
52 81
56 37
70 11
62 22
19 83
24 12
86 9
96 71
8 21
52 59
40 92
60 0
94 7
30 49
74 30
31 86
79 66
34 51
67 36
86 50
54 88
95 20
26 2
61 40
18 19
0 63
85 63
56 22
59 22
19 63
68 59
49 7
66 62
84 90
4 67
38 56
67 20
82 92
22 89
0 49
18 25
84 46
65 96
22 75
48 0
6 60
17 66
42 52
30 66
98 29
59 86
50 28
29 27
62 92
41 9
77 39
16 8
98 34
84 16
12 20
99 63
25 72
93 64
32 53
60 52
11 99
77 11
49 29
90 37
20 15
76 82
49 35
87 38
97 60
24 16
51 33
29 91
27 82
54 37
92 71
75 61
84 17
97 11
83 58
7 60
87 10
26 47
35 58
53 69
84 72
95 44
63 37
18 26
87 65
14 69
4 91
24 10
36 13
73 49
48 63
14 75
70 45
32 58
33 55
26 33
88 69
48 70
85 15
36 17
70 91
30 64
37 13
81 36
18 57
67 97
26 31
62 43
40 19
2 76
82 20
73 40
38 79
36 27
57 59
78 46
90 66
94 28
39 13
92 22
40 35
60 36
23 32
34 11
39 41
35 15
63 4
74 28
21 96
39 12
13 21
50 30
96 61
28 53
8 5
1 79
28 3
79 28
84 11
68 14
16 32
2 41
53 9
78 51
90 86
95 54
98 49
43 24
89 13
14 11
91 14
69 78
40 96
4 11
74 21
38 0
9 42
21 0
27 63
32 79
52 47
98 57
10 80
78 71
49 48
35 92
77 88
77 12
61 41
53 84
86 68
23 4
54 45
58 70
49 93
3 37
90 84
62 69
52 74
83 96
85 24
32 43
63 52
10 78
77 29
14 42
91 27
39 17
14 25
78 95
74 58
83 54
9 36
87 72
77 83
82 74
76 54
41 52
57 87
93 79
87 48
58 66
92 30
26 37
88 50
55 72
70 49
99 36
51 62
18 0
11 61
96 13
96 20
25 97
74 55
38 70
46 67
17 51
63 30
20 10
76 77
42 29
10 15
74 33
12 23
66 99
41 89
36 77
88 64
32 54
17 97
40 52
70 40
18 6
52 19
93 61
64 90
0 35
90 16
57 89
76 11
49 76
8 59
8 33
66 81
72 71
77 56
6 66
73 81
60 50
38 84
91 7
42 83
20 78
27 31
97 62
29 2
50 32
23 41
95 78
59 87
87 9
51 0
84 52
9 73
19 47
11 97
2 3
6 9
83 34
72 17
79 20
32 17
38 6
98 98
61 98
35 91
34 78
36 57
33 12
4 42
6 43
62 48
33 6
32 77
70 3
40 13
20 66
7 12
68 64
17 50
12 72
84 45
51 73
43 50
48 7
5 79
48 53
68 23
17 32
31 19
3 49
45 12
12 10
7 23
41 1
81 1
23 14
40 28
87 0
65 97
72 77
7 57
11 75
93 93
11 48
63 94
62 25
76 6
53 66
20 4
59 43
31 18
36 67
88 19
99 23
33 51
53 23
86 60
41 46
41 98
36 6
91 88
11 93
3 36
78 28
0 74
88 83
88 10
31 8
82 8
83 95
97 39
15 10
88 31
11 41
80 97
51 77
46 70
94 70
80 18
80 93
72 62
70 10
26 85
48 97
22 31
50 90
95 52
86 6
74 18
62 30
36 98
96 76
19 62
73 43
41 33
91 63
97 19
75 58
19 40
78 12
24 83
82 97
78 47
54 98
1 36
83 27
90 48
54 11
64 13
73 13
65 94
82 19
30 32
58 26
21 99
58 64
7 6
1 97
3 61
52 57
86 72
54 23
37 68
71 47
86 85
60 70
25 26
31 85
27 15
50 46
49 79
83 5
80 24
78 8
53 74
50 38
90 72
90 52
17 71
3 33
53 21
84 42
65 78
87 20
67 57
24 67
9 97
68 21
0 80
19 11
6 50
59 45
53 85
88 15
85 36
73 10
46 44
54 28
71 99
89 20
22 50
51 90
89 87
66 94
93 73
10 85
65 98
69 31
95 8
86 37
87 3
23 81
22 68
34 60
25 99
9 58
8 9
95 53
86 87
52 80
18 43
81 26
77 13
98 13
34 18
46 28
64 66
53 41
58 99
69 87
22 53
88 72
45 88
38 92
12 96
22 27
45 63
6 64
63 72
64 54
33 98
2 88
51 23
35 11
50 56
17 38
46 51
50 64
73 5
37 25
92 97
57 35
50 13
34 21
0 5
51 21
70 92
92 78
57 32
5 92
2 61
65 15
16 12
57 0
65 30
52 37
23 13
76 65
14 15
34 77
54 63
9 9
2 92
84 36
59 83
38 18
13 72
13 83
5 60
43 54
1 52
35 77
83 99
26 9
49 17
76 81
0 3
81 44
59 76
54 6
13 79
27 66
41 88
59 90
66 30
87 39
57 79
0 50
47 11
6 14
8 60
43 57
40 16
46 50
25 75
96 40
71 64
70 6
57 85
62 90
77 38
94 37
38 72
20 33
52 51
5 34
70 31
28 93
77 17
36 12
68 37
17 0
15 81
33 50
85 35
46 78
67 66
45 24
17 43
88 47
73 63
65 99
63 36
8 10
46 54
55 42
83 6
96 0
27 36
21 54
56 17
26 10
61 46
44 0
73 84
20 25
66 35
66 10
29 22
78 92
36 59
45 91
74 84
19 80
50 24
97 5
50 44
58 5
6 85
96 75
82 62
45 15
82 17
27 37
32 78
72 84
47 0
56 7
72 94
92 75
27 67
16 43
46 31
38 29
55 34
58 15
5 67
43 77
99 35
76 56
1 45
52 78
9 44
92 64
60 75
27 42
8 13
46 89
36 60
91 82
87 54
56 11
82 15
46 76
7 63
21 26
20 62
59 2
0 69
11 65
34 91
79 86
40 5
6 39
26 75
48 43
14 36
7 5
45 39
61 94
41 83
42 51
66 9
27 62
33 76
54 43
56 71
85 48
55 86
11 21
22 24
15 31
19 74
89 90
77 73
9 11
97 32
24 84
83 28
96 26
96 65
41 23
77 91
78 80
82 41
39 10
65 24
15 66
91 20
60 62
76 44
50 34
32 21
9 24
14 32
8 42
9 65
15 85
30 80
81 93
59 92
85 22
22 37
93 16
44 1
73 53
83 69
94 63
48 12
28 61
8 86
6 22
32 49
63 57
71 22
27 24
57 1
62 57
24 14
68 76
48 25
91 8
36 37
0 52
7 88
54 21
0 60
62 66
51 41
83 84
31 40
19 48
56 99
81 76
69 88
43 70
26 16
12 87
60 1
33 82
99 17
93 87
0 84
63 50
10 14
5 4
92 95
34 7
85 10
60 85
32 0
22 85
12 80
90 39
56 55
82 66
77 50
59 37
50 5
80 77
44 34
82 6
87 17
39 74
30 67
57 47
28 11
70 66
28 79
62 62
60 94
46 10
69 84
63 80
3 34
73 82
21 44
8 15
52 14
44 38
1 70
62 12
14 95
26 52
76 9
68 36
33 21
18 3
38 38
28 66
87 43
7 24
9 66
85 1
42 23
55 17
80 4
86 66
47 42
47 28
61 68
13 37
80 40
78 77
71 1
28 12
14 84
29 32
77 18
25 45
69 51
35 72
43 39
50 57
55 8
84 43
8 8
14 80
18 20
26 81
69 13
54 50
27 84
61 26
10 71
24 98
24 25
43 99
11 12
70 7
50 81
3 72
90 87
16 40
32 51
68 3
95 4
51 81
59 91
20 27
5 84
22 36
56 29
95 70
3 86
89 35
92 79
17 75
94 22
34 26
55 25
88 5
47 47
28 58
9 76
44 51
84 82
69 92
67 62
28 99
39 64
78 48
59 80
48 2
7 91
92 25
84 78
8 43
94 65
88 29
97 15
78 33
55 50
58 51
99 22
55 51
51 3
66 12
84 21
85 92
48 57
0 37
49 47
4 71
27 85
72 23
32 92
33 81
37 69
89 86
2 82
33 32
20 45
54 67
93 21
95 21
4 1
59 52
27 39
12 89
77 66
78 5
14 38
59 27
65 1
94 16
45 37
95 46
17 74
54 27
50 15
60 24
60 45
53 63
15 71
36 88
36 73
81 77
29 71
47 38
21 43
68 94
12 93
11 66
94 50
51 38
49 51
54 91
27 61
24 63
15 5
69 86
59 74
26 69
44 9
3 77
96 30
97 97
4 41
44 84
52 68
67 8
15 69
19 39
43 64
87 90
12 51
23 7
21 17
95 57
55 29
62 1
17 46
0 28
58 49
66 77
87 6
16 55
97 9
92 80
38 68
18 40
68 55
93 81
66 51
74 35
38 75
38 36
51 17
16 52
63 69
83 87
67 47
76 84
71 88
52 58
22 38
33 5
50 25
66 63
36 43
36 28
25 53
93 3
91 93
96 3
94 57
22 28
90 29
11 89
16 9
77 95
2 97
0 68
77 28
85 47
68 73
56 47
47 10
47 15
71 61
17 72
15 91
10 96
22 91
54 82
95 59
59 98
16 2
21 27
70 54
10 20
28 94
73 36
87 78
91 16
20 40
71 10
93 47
51 16
78 35
9 5
27 14
4 61
25 87
52 28
7 18
70 4
40 27
1 8
10 84
3 67
41 8
7 44
49 31
5 57
20 65
59 1
7 84
28 98
75 23
71 42
14 91
79 91
30 71
11 30
93 63
53 20
49 97
11 17
64 69
5 69
75 38
8 50
54 16
49 87
14 33
54 48
75 82
34 88
26 45
22 19
77 25
97 44
91 39
36 63
5 27
59 78
75 66
98 73
61 15
80 60
26 95
56 77
55 48
32 32
55 4
76 30
90 15
73 47
41 65
41 7
22 67
85 99
85 60
72 85
33 34
53 98
19 99
92 21
3 6
0 55
83 14
8 52
39 24
3 97
37 73
25 55
64 53
13 68
64 5
15 51
86 43
33 72
62 5
17 64
92 63
25 67
20 69
75 95
8 78
20 11
82 44
54 65
30 78
17 57
14 72
44 18
63 6
7 48
58 67
24 53
48 35
93 41
42 38
30 4
31 32
45 8
97 23
57 62
35 47
20 50
74 38
64 88
56 94
2 22
56 51
66 88
70 60
16 44
20 31
3 48
61 47
58 13
42 11
5 42
39 85
36 54
3 41
8 91
25 11
37 93
61 95
55 93
73 18
83 66
6 70
33 87
91 42
58 27
57 37
71 54
47 91
52 18
67 92
7 96
29 72
3 30
98 4
50 3
39 81
91 73
9 56
19 60
47 78
46 79
81 17
99 53
22 88
15 6
9 8
50 45
36 81
38 26
22 13
63 87
29 37
55 32
54 25
69 26
28 84
96 98
32 29
51 69
57 4
86 23
89 23
97 42
26 24
60 4
96 12
43 6
17 6
91 58
77 21
76 88
58 44
64 99
6 71
96 35
73 29
80 28
66 36
74 16
98 14
31 36
30 55
94 34
58 79
5 28
15 97
17 93
2 67
56 61
19 45
0 1
94 18
92 28
29 36
59 88
11 70
6 57
75 6
57 57
46 35
39 4
59 36
13 67
20 93
12 29
4 44
58 68
19 31
35 34
64 8
41 17
68 95
90 18
4 23
37 48
50 54
69 3
72 46
17 1
39 35
19 79
78 76
82 0
46 9
69 96
93 53
74 34
29 42
21 1
52 15
50 12
57 76
97 65
56 49
23 98
58 8
81 3
83 79
93 76
61 5
3 89
77 36
12 63
89 76
4 48
75 88
10 45
40 83
2 25
22 2
45 80
95 86
56 68
6 11
79 53
64 35
10 65
15 70
52 40
56 8
31 34
48 90
82 31
96 41
82 90
66 26
11 84
9 96
35 1
96 29
14 81
13 73
19 84
85 45
72 21
22 58
41 90
38 61
13 9
18 13
10 94
17 42
77 84
19 75
41 6
21 32
91 26
50 23
0 16
53 50
94 58
30 86
83 72
62 0
94 76
85 43
11 26
98 53
78 82
34 37
83 12
94 17
40 30
43 15
33 71
31 9
53 27
19 59
15 1
75 92
11 95
84 56
77 79
51 66
67 4
36 4
90 47
96 15
12 37
70 35
32 63
72 79
16 27
85 72
92 68
79 76
75 68
68 40
50 33
13 12
81 43
20 77
15 35
44 2
59 17
68 81
29 78
55 20
50 48
40 31
10 74
6 91
78 11
97 98
76 68
92 76
12 58
38 97
60 6
1 19
85 5
51 50
20 81
88 61
32 75
81 54
31 73
74 93
56 65
70 83
3 88
65 7
63 61
80 65
64 62
44 99
53 11
5 61
1 17
27 55
24 78
26 51
22 52
3 11
63 14
28 45
80 33
75 51
14 7
93 94
94 13
60 15
8 85
98 81
89 91
43 71
74 39
34 71
33 63
74 49
96 73
72 58
61 36
14 62
21 49
42 1
17 85
27 71
13 87
1 49
57 28
75 73
46 1
98 90
72 69
67 32
5 1
89 33
75 64
53 89
34 23
45 74
48 27
90 30
38 44
68 20
9 39
74 70
68 53
48 94
61 32
13 47
0 22
87 2
81 70
16 29
53 93
24 19
41 72
59 67
33 10
31 53
75 94
41 69
76 95
71 32
44 23
16 97
60 77
66 41
21 13
33 61
1 33
29 85
18 89
65 85
98 18
20 53
81 6
56 27
14 98
37 82
86 27
55 44
51 5
12 40
72 82
89 72
15 86
37 59
36 25
60 95
74 65
20 2
79 99
56 35
2 1
19 8
73 59
70 62
93 83
55 58
36 75
86 3
90 81
86 10
84 50
30 50
19 53
79 13
74 42
77 3
23 19
67 28
16 31
99 95
49 13
36 66
25 33
98 27
84 84
27 97
38 22
15 72
54 32
79 87
51 75
13 80
85 49
97 7
21 6
18 96
17 81
51 27
52 22
10 30
65 26
40 50
88 71
18 87
97 34
47 34
68 75
53 46
95 56
8 97
55 60
26 90
9 74
87 22
58 28
29 86
50 65
3 91
6 69
98 56
15 9
93 30
39 47
66 22
80 64
4 90
92 60
55 65
41 79
27 46
86 24
79 81
10 47
25 24
24 5
9 4
76 19
16 49
91 50
3 44
26 13
11 14
17 56
56 2
59 49
94 24
96 93
92 36
91 61
66 86
68 16
88 35
59 75
92 10
3 7
35 59
22 76
38 49
32 47
92 90
14 34
16 78
7 95
40 46
44 10
55 49
87 19
87 41
8 44
74 0
71 18
17 86
77 89
79 21
27 30
96 55
42 94
45 50
99 86
83 2
44 46
73 80
18 14
90 80
41 10
24 58
52 46
98 66
56 66
98 40
34 94
34 41
97 99
61 75
82 24
62 54
3 52
42 80
49 58
50 4
29 8
41 25
68 22
80 22
85 58
0 75
79 14
69 56
76 83
87 30
40 45
68 30
66 83
58 86
55 27
69 4
57 6
63 79
40 29
65 43
23 88
43 58
73 98
16 60
37 18
55 82
72 32
72 38
3 95
56 70
86 44
40 79
10 59
62 29
35 82
20 58
82 5
73 50
67 2
7 51
38 51
18 78
61 57
29 63
47 63
55 38
0 61
78 59
52 76
22 54
0 58
47 9
34 67
45 73
5 17
18 50
70 39
51 40
76 71
60 22
72 68
15 64
18 58
95 77
19 2
40 33
31 4
91 84
85 18
75 20
71 33
98 84
80 13
66 24
47 85
78 41
91 41
15 38
65 74
60 92
76 15
80 45
73 17
33 93
24 41
36 48
56 18
99 49
70 15
46 74
32 12
60 17
17 8
40 84
45 68
5 6
78 65
59 59
40 9
63 91
94 75
42 13
22 70
9 72
34 65
92 14
48 17
45 28
3 9
1 47
18 68
76 2
38 99
94 79
15 11
52 93
13 75
50 50
24 86
2 10
81 39
21 14
19 17
90 3
25 20
65 86
49 44
84 64
63 75
39 9
0 26
32 13
6 97
17 95
94 10
43 61
36 56
87 25
50 86
78 72
43 2
4 43
39 92
3 82
83 17
40 88
31 60
98 24
97 64
54 10
74 44
20 90
54 59
30 0
33 99
32 38
14 82
6 77
14 22
73 55
78 83
95 12
45 6
39 93
9 23
51 43
91 80
73 22
35 5
83 40
80 41
45 72
60 48
83 31
95 42
99 80
90 70
38 82
75 7
10 12
65 77
76 91
26 11
0 18
75 77
71 82
10 61
77 31
16 38
42 97
70 98
50 96
30 88
20 8
42 5
89 46
73 91
0 9
68 44
78 49
21 3
59 60
34 0
65 29
93 57
0 79
76 74
92 31
73 41
96 49
20 70
92 0
48 52
44 8
53 97
45 89
9 88
95 39
3 98
39 44
55 1
55 23
63 38
20 29
70 36
71 52
3 35
62 10
18 71
7 16
0 57
0 8
94 92
36 94
88 99
89 69
34 56
31 80
56 30
68 90
35 7
24 89
4 4
86 36
18 74
3 21
29 67
70 52
91 23
59 79
14 29
40 81
45 60
92 5
37 47
73 57
23 40
80 58
21 51
16 86
71 56
2 95
71 60
85 16
10 36
73 56
1 27
31 84
50 6
20 56
57 66
97 26
40 78
88 7
45 87
47 52
58 62
60 25
51 9
78 31
96 25
80 35
29 99
3 19
22 45
93 44
85 11
61 62
30 18
71 96
94 72
72 7
73 52
65 75
89 73
44 53
73 45
7 73
69 97
23 39
11 5
67 18
42 60
79 90
7 29
15 20
39 90
62 19
80 69
13 76
12 56
78 79
88 84
98 69
66 98
26 70
47 36
8 27
42 17
25 22
61 72
89 12
0 86
92 39
48 11
49 24
71 24
97 43
86 40
21 65
33 8
8 40
36 46
49 11
39 46
78 22
57 69
40 0
4 46
46 84
76 22
1 51
59 10
14 50
22 0
14 78
7 20
11 87
94 98
73 4
87 73
53 19
75 19
86 59
45 90
80 29
59 77
1 1
62 64
95 55
23 57
86 56
53 95
26 34
71 81
50 47
47 79
99 58
16 61
79 77
52 95
82 23
21 60
31 14
74 8
49 25
78 57
27 72
72 13
43 81
5 71
68 82
92 57
64 82
86 65
87 24
6 25
22 62
11 34
84 89
63 64
42 35
2 70
21 75
78 50
89 4
61 0
60 89
49 26
8 2
98 3
62 70
66 58
76 12
51 42
57 70
89 99
95 43
85 74
75 56
15 62
80 14
37 37
19 20
29 10
51 99
68 9
30 59
66 66
32 37
90 20
72 27
88 79
26 97
24 56
53 68
55 70
89 40
35 71
0 81
77 0
66 93
68 28
55 2
76 99
51 7
73 97
28 78
29 87
6 81
76 66
80 32
43 26
98 97
84 10
94 96
95 45
69 67
35 30
60 14
97 33
2 8
45 52
59 57
67 91
64 79
31 2
97 80
40 24
99 82
35 26
3 46
88 60
84 6
69 7
58 21
67 72
50 17
20 55
15 49
45 65
89 21
68 79
38 8
33 19
36 96
24 42
67 40
85 77
80 63
88 78
24 29
28 8
83 26
30 20
8 20
6 17
80 82
57 51
73 61
57 90
5 90
1 31
42 14
13 7
4 13
99 87
55 0
37 5
89 41
38 40
79 51
12 94
39 83
80 31
26 49
67 30
93 78
80 50
40 55
65 22
32 10
58 83
47 30
62 15
44 95
13 63
77 10
98 7
43 93
42 22
12 35
24 27
31 12
51 14
78 13
61 53
41 95
2 78
67 99
54 84
43 97
33 27
47 72
34 31
79 30
39 65
11 32
85 17
62 88
13 97
22 93
33 23
50 80
88 27
30 3
60 72
42 92
27 96
63 22
71 75
23 95
72 96
65 33
60 47
9 21
1 85
19 32
44 65
85 38
4 63
45 77
76 93
98 17
93 13
88 65
85 31
45 49
53 48
90 76
69 12
13 55
90 25
44 67
30 52
59 14
61 89
45 82
95 74
3 39
20 16
29 19
40 42
78 88
96 54
34 98
40 37
41 78
10 99
34 89
93 90
25 30
62 74
87 70
55 94
79 6
34 33
56 23
40 38
24 77
93 10
13 62
27 22
30 74
18 67
55 69
28 73
84 58
93 74
2 68
1 42
42 43
57 81
89 8
22 99
49 71
90 83
58 54
86 88
57 64
25 5
74 27
64 50
80 56
76 53
2 27
37 79
11 94
72 83
38 53
81 50
34 47
63 54
21 42
59 33
28 72
90 21
52 6
56 97
87 84
3 0
79 49
54 44
92 46
35 53
53 83
36 29
77 53
63 86
42 36
23 18
60 29
51 84
2 17
66 72
73 20
59 11
23 42
6 24
44 31
54 58
39 0
32 8
94 8
97 18
46 97
20 83
23 22
28 75
10 9
18 28
84 88
2 43
53 15
91 86
54 80
53 22
40 54
14 87
43 67
65 17
78 45
48 49
55 39
28 25
82 39
15 77
14 2
49 64
43 9
70 61
83 97
81 57
0 99
68 99
78 19
80 19
12 31
17 33
8 89
37 21
49 56
71 0
59 65
54 55
6 29
41 56
65 23
78 26
77 76
63 96
78 36
37 77
76 3
69 38
11 27
35 0
57 54
97 31
60 13
2 86
7 97
81 59
4 30
51 76
13 39
30 16
79 31
60 88
24 24
95 88
12 57
13 88
57 33
75 22
6 79
72 65
72 8
24 61
82 59
79 9
10 72
11 62
73 24
40 23
61 3
70 75
45 53
27 16
33 94
15 82
66 27
16 92
46 55
27 56
75 32
76 16
49 6
14 6
73 99
41 12
34 46
51 24
50 1
50 76
85 4
15 45
4 29
40 61
64 11
70 73
51 94
51 55
90 97
35 78
46 81
84 30
61 18
85 86
13 3
23 58
64 33
75 2
94 43
33 15
37 33
43 37
80 3
79 50
24 11
26 62
62 68
41 39
41 32
86 95
27 47
85 52
6 55
4 21
10 27
98 64
21 38
52 77
31 7
17 15
44 40
25 7
8 83
32 28
43 20
29 74
98 82
99 45
53 26
58 14
21 79
54 49
19 90
75 62
66 96
78 61
56 81
32 22
71 40
15 33
27 59
8 72
44 6
42 75
94 77
63 20
71 46
80 81
46 29
17 68
66 45
98 62
54 41
45 7
84 32
35 23
67 24
43 79
28 88
18 27
77 90
70 25
57 39
95 49
69 41
95 18
1 54
85 85
83 83
20 39
94 59
89 48
30 83
14 14
46 92
31 83
39 21
65 8
95 62
93 54
46 39
64 22
10 31
7 55
42 45
71 12
82 33
93 20
6 89
29 68
45 17
61 64
57 21
41 13
56 75
30 93
65 39
42 69
21 34
29 95
76 78
1 18
29 40
92 77
82 64
70 87
46 98
81 58
96 11
91 44
80 16
26 91
86 84
24 80
21 80
6 53
54 13
58 6
13 2
79 26
31 30
35 98
48 80
48 23
4 36
95 87
35 70
38 93
67 15
99 92
9 1
56 92
93 89
95 63
50 41
20 32
94 90
31 70
70 1
75 15
72 87
77 33
70 51
96 82
29 70
1 53
72 90
57 61
59 25
73 77
17 28
30 51
22 77
35 17
42 15
52 10
70 70
33 80
45 76
76 18
9 82
81 87
97 95
62 73
27 26
7 4
70 28
56 59
97 90
28 81
13 74
95 50
30 42
95 29
2 87
74 76
63 1
76 17
70 37
58 18
33 3
98 12
94 39
27 43
62 97
11 78
77 14
98 46
44 43
26 74
31 1
18 38
4 76
0 32
27 3
77 20
82 76
14 21
30 10
17 98
19 7
38 63
80 70
38 66
13 64
44 60
6 2
87 31
86 11
19 66
23 3
20 26
28 41
76 13
35 60
70 22
70 14
57 2
92 33
35 62
59 93
68 0
84 15
36 1
15 41
3 10
85 65
55 61
41 47
54 60
1 34
28 91
73 16
32 26
80 55
10 67
99 85
18 29
41 36
42 55
39 95
94 2
35 55
32 86
48 6
51 8
83 64
69 20
87 21
32 39
59 55
8 93
6 80
49 5
90 33
6 1
15 14
44 39
81 10
2 62
80 37
51 59
14 88
77 15
18 31
10 86
60 59
44 30
64 34
1 80
80 61
23 12
7 13
64 97
61 90
87 51
2 31
24 31
30 34
56 53
58 76
80 12
29 89
50 11
13 0
61 56
20 74
79 4
42 73
32 71
44 4
14 77
79 80
47 73
28 95
95 25
50 75
1 3
26 93
89 57
4 72
84 1
35 33
35 10
64 85
3 17
9 3
34 55
19 23
98 60
86 80
4 98
30 68
65 25
90 64
71 2
4 9
74 36
30 27
68 50
7 30
53 61
91 90
78 2
86 97
46 61
18 15
80 86
2 18
26 6
2 85
20 5
59 35
59 53
49 46
42 67
57 7
9 37
15 34
24 75
53 54
79 44
87 79
32 76
95 64
34 57
32 89
22 69
39 32
56 38
83 13
39 29
16 48
28 77
23 61
86 33
47 54
63 90
42 77
53 25
47 13
56 96
56 76
99 26
33 41
95 41
64 42
7 80
3 70
15 83
84 14
28 89
28 52
11 43
85 20
39 45
48 68
98 11
67 75
52 41
71 50
8 25
67 10
90 73
56 56
63 76
12 18
27 53
64 74
31 29
85 67
87 11
30 19
60 90
90 45
40 21
49 68
36 34
57 82
65 54
23 28
36 69
22 81
18 35
14 76
83 88
67 43
5 56
51 80
56 73
44 74
76 92
64 38
16 79
30 81
26 79
63 95
68 49
77 4
42 64
8 39
21 39
44 54
48 54
36 9
48 36
1 61
73 19
6 48
94 11
20 57
4 89
15 29
64 56
76 94
77 80
29 38
7 1
33 47
19 44
74 56
38 7
80 91
37 6
60 87
51 92
63 92
47 31
18 93
48 13
98 72
73 79
45 61
8 7
12 78
36 10
31 57
25 13
12 49
81 34
24 7
32 44
9 14
44 59
46 63
36 62
2 79
24 9
40 82
93 45
69 14
84 20
28 29
55 88
54 90
77 94
62 59
99 57
9 89
38 48
85 54
25 48
85 93
81 94
45 55
47 40
91 35
8 34
30 9
96 57
14 13
69 30
77 52
51 11
26 23
8 87
31 59
86 53
50 29
87 50
62 63
32 91
12 67
47 90
38 94
22 61
79 98
6 58
28 48
36 90
98 43
7 26
75 17
53 73
43 28
77 67
88 45
64 77
35 3
34 90
86 4
87 69
64 21
53 1
38 5
20 9
87 52
10 34
39 66
46 77
65 50
77 44
76 69
30 13
20 12
72 14
87 49
35 65
19 46
39 67
23 17
21 93
17 19
22 78
18 7
40 63
23 65
44 55
84 87
41 30
69 80
48 51
36 35
89 98
12 38
46 60
52 9
49 10
41 15
57 74
39 54
0 48
54 38
1 50
11 71
44 87
23 29
91 18
68 6
34 10
61 24
35 42
99 54
82 16
45 9
14 48
9 29
74 11
89 18
42 78
69 99
5 31
14 61
75 28
37 71
68 34
68 78
38 88
19 30
25 63
50 27
88 97
60 71
46 95
8 95
38 89
27 38
29 50
17 36
39 89
83 73
8 55
77 40
53 62
30 57
40 47
89 58
61 6
49 8
75 5
78 15
77 85
28 33
54 83
22 16
32 88
43 66
5 38
37 45
74 86
70 0
47 29
79 12
90 90
72 61
0 82
65 93
45 27
73 14
56 50
89 7
61 51
93 80
37 0
43 98
19 25
39 80
3 56
81 95
50 9
1 87
41 37
49 85
32 69
46 72
98 88
28 9
49 80
20 36
91 83
77 97
17 52
56 44
58 57
36 15
10 64
13 45
49 20
21 83
9 91
74 89
78 21
72 4
78 25
96 43
60 82
71 90
65 0
76 97
5 12
60 96
69 82
20 96
23 15
97 66
30 17
81 68
34 96
29 16
3 22
88 4
33 18
36 42
15 54
79 68
1 43
16 69
3 2
84 48
19 57
0 46
25 23
65 66
75 75
46 3
48 4
13 70
87 40
39 86
34 79
27 27
37 4
62 2
4 94
9 50
40 71
19 37
74 91
46 85
47 53
25 43
4 68
25 47
25 15
77 59
46 53
9 98
69 21
39 60
90 46
19 89
16 20
43 12
10 28
93 99
80 21
30 53
10 79
83 9
6 83
34 85
53 45
21 77
69 95
75 89
60 26
60 8
56 89
91 78
80 83
63 60
69 18
35 69
60 99
9 47
2 59
17 63
1 94
35 67
46 94
45 75
36 18
32 16
94 23
45 93
65 51
90 7
52 13
69 60
11 77
32 80
50 62
25 27
60 39
5 36
81 11
85 57
44 66
14 96
50 71
23 67
52 32
5 78
90 74
36 52
28 5
16 3
33 57
72 50
43 21
2 19
17 78
30 89
79 79
76 4
93 43
19 27
4 85
64 55
15 48
86 21
4 51
23 70
61 7
76 58
34 34
91 30
15 87
91 47
65 36
19 93
83 85
8 80
38 60
2 15
68 57
44 33
98 58
52 69
11 86
71 34
92 51
17 9
88 22
70 56
77 37
69 58
3 64
76 79
21 9
37 95
79 35
68 18
62 20
4 81
13 35
74 97
72 20
64 81
25 86
52 29
66 68
66 73
74 99
54 61
96 48
84 40
33 73
86 15
37 83
72 40
57 24
97 87
78 1
95 33
7 35
6 19
98 48
20 61
42 86
26 64
66 57
49 82
37 85
29 51
1 62
60 27
23 30
79 0
52 5
12 36
23 79
9 86
8 23
62 55
25 42
8 92
61 10
31 88
17 22
13 20
56 78
78 86
20 51
91 6
31 69
65 92
25 2
90 59
64 89
36 47
57 56
55 35
45 48
30 60
64 46
98 38
25 16
69 10
98 85
50 85
20 87
88 55
42 12
96 36
18 1
60 10
60 5
91 60
71 80
34 53
33 58
28 18
58 89
49 42
25 9
29 94
74 5
58 33
66 16
88 66
2 2
64 28
93 23
85 87
54 0
38 35
91 29
3 75
93 8
45 16
73 54
42 40
35 16
34 68
62 6
97 3
70 18
1 6
90 2
73 25
45 0
48 37
53 43
26 54
7 22
98 51
77 96
48 82
49 40
29 1
39 26
83 29
58 69
50 83
38 11
41 16
86 78
97 1
67 3
35 52
77 75
41 60
66 49
74 88
32 94
40 93
71 25
81 31
40 40
98 77
94 46
44 93
9 90
69 71
35 80
76 51
43 69
40 58
0 54
93 58
87 60
28 20
21 36
90 14
64 71
91 45
46 38
31 71
5 15
14 64
16 5
83 90
15 44
79 67
75 90
3 85
90 42
13 5
45 83
76 28
17 48
34 81
6 73
67 13
61 78
63 65
88 81
41 11
31 37
11 91
11 25
72 29
20 52
62 8
45 51
47 18
73 70
20 7
1 67
27 80
36 31
52 1
58 19
3 59
90 68
27 70
28 42
42 46
14 93
49 81
28 65
99 96
18 64
46 93
36 24
12 73
12 59
39 75
9 68
42 58
23 66
17 83
44 92
41 94
69 33
38 4
59 69
1 23
15 67
8 41
26 43
16 33
75 54
24 69
34 2
54 24
18 49
4 3
26 42
65 20
71 78
25 66
9 49
81 83
49 1
84 37
49 16
73 42
58 0
30 84
71 84
56 62
50 18
86 94
51 58
75 52
7 0
68 10
0 96
84 60
89 94
67 69
98 19
36 87
83 16
12 34
40 62
61 93
44 50
12 22
5 52
96 23
32 25
2 90
81 25
40 18
72 6
16 34
97 61
86 48
80 95
43 45
92 62
82 98
56 98
95 91
18 5
90 89
0 90
0 42
8 75
75 12
42 56
38 73
75 85
80 17
45 62
32 55
32 34
62 28
50 55
16 42
32 66
19 38
85 28
0 41
34 50
27 94
75 26
80 68
52 56
25 76
81 78
14 31
96 10
44 47
27 91
66 40
52 36
26 71
96 66
88 80
56 72
58 35
90 85
4 22
58 22
0 13
66 15
91 64
37 15
75 44
26 67
76 36
71 27
47 41
49 78
55 78
37 29
27 35
3 96
76 21
8 17
97 88
42 20
45 99
47 46
63 17
96 53
6 56
17 87
46 2
38 23
96 22
93 15
17 2
44 78
88 48
77 23
64 4
27 21
86 0
8 96
80 84
23 75
36 82
45 3
41 21
19 52
91 0
87 59
67 79
26 50
12 12
4 2
11 39
10 69
88 87
33 7
6 13
11 18
55 45
89 50
42 41
28 15
94 88
89 56
65 84
21 59
95 76
66 91
64 39
80 87
64 24
29 20
74 29
21 67
11 69
99 66
30 90
24 82
28 59
3 25
35 51
19 13
87 56
36 53
16 83
50 70
59 15
60 31
19 91
69 15
37 38
28 22
52 16
53 82
13 19
31 33
87 76
26 76
9 77
39 76
95 73
69 91
73 90
48 20
24 6
66 64
47 21
47 92
53 5
25 34
93 49
24 32
64 7
66 14
68 24
0 2
96 50
68 4
25 12
58 11
48 71
3 23
21 50
22 29
2 47
94 9
42 53
41 99
46 24
23 76
70 21
19 33
93 38
79 1
37 89
18 79
94 71
73 95
2 89
48 3
8 22
47 12
91 5
85 29
91 24
35 79
24 46
35 63
82 13
60 49
40 98
63 31
82 49
86 69
88 28
21 19
7 66
65 56
43 34
67 96
92 99
73 67
10 46
23 0
40 86
34 43
98 61
56 16
96 19
31 27
59 32
41 14
68 65
71 70
26 30
61 8
99 47
50 88
9 13
65 59
57 14
60 28
27 83
23 91
7 69
42 66
25 91
56 6
90 56
47 5
13 52
7 43
8 1
47 58
64 23
58 37
86 91
6 93
52 24
13 84
62 41
4 59
97 40
55 63
49 90
56 88
81 40
22 92
96 45
12 15
19 50
38 95
77 99
62 93
58 12
64 65
39 73
67 80
85 37
98 63
96 79
90 78
26 84
65 6
34 87
14 56
29 65
92 96
57 73
13 15
56 82
2 93
78 81
39 63
68 87
94 61
94 66
79 54
23 1
7 99
28 10
15 89
20 18
86 28
45 18
99 90
25 19
83 77
7 85
64 37
13 17
48 9
95 51
83 35
43 40
51 6
47 43
72 88
60 9
15 8
90 31
80 52
22 8
7 21
92 56
82 61
66 17
77 1
84 75
15 78
19 0
52 73
10 11
42 61
21 45
19 28
40 11
41 86
71 11
44 94
12 66
99 76
12 44
79 95
47 57
65 12
42 82
41 61
4 8
2 91
33 43
46 73
69 81
39 15
59 38
26 83
39 62
17 58
94 49
40 8
96 92
36 93
31 39
38 65
35 44
58 90
48 22
54 17
83 7
29 55
17 10
20 30
11 96
86 63
86 58
64 91
35 54
4 49
84 55
2 40
99 41
33 16
44 5
48 46
19 69
27 87
69 40
50 53
20 82
42 37
36 14
3 55
0 76
65 38
23 53
8 12
3 62
36 20
42 7
71 53
81 88
88 68
28 63
95 83
54 19
88 13
2 34
60 21
79 37
25 25
72 73
15 39
61 52
47 49
33 91
8 36
69 62
2 99
30 30
66 21
49 65
20 21
28 37
40 22
45 59
86 35
4 86
71 89
80 62
96 24
4 25
45 43
2 84
97 96
93 2
55 91
39 38
30 47
44 13
65 3
10 18
80 7
65 87
86 70
13 1
0 83
80 26
27 49
30 8
33 60
84 38
74 47
47 35
45 36
63 63
38 12
72 19
80 99
31 11
73 46
33 65
18 42
60 30
74 78
13 71
7 36
56 87
96 4
85 50
84 2
20 19
53 38
45 33
89 27
35 4
51 37
13 29
28 80
60 60
37 3
27 19
7 89
16 30
92 45
13 53
48 55
70 27
96 69
98 86
12 77
22 12
61 28
56 12
6 98
35 43
74 4
0 39
50 82
23 63
67 58
81 63
16 17
22 22
29 0
44 69
37 65
13 59
82 37
5 19
23 8
1 63
65 47
8 74
66 46
82 83
88 41
24 93
95 99
58 53
48 38
83 11
61 96
96 58
1 10
8 94
86 8
53 64
11 90
24 23
28 54
75 4
59 81
93 33
20 95
47 20
13 18
78 91
42 98
74 75
5 37
10 60
15 22
69 22
48 77
36 8
67 1
98 47
80 79
12 9
31 45
26 63
64 15
69 83
77 62
39 36
88 76
12 60
49 27
55 10
35 89
73 86
78 67
13 14
5 24
88 90
71 23
64 17
97 67
44 85
67 33
1 99
92 9
22 35
31 63
51 65
99 88
60 79
75 45
54 4
33 56
86 76
60 46
12 74
14 37
0 30
83 86
89 9
1 60
60 68
56 54
73 0
5 86
78 87
70 63
79 62
76 67
61 76
29 30
97 20
13 13
19 86
32 87
76 45
89 25
82 72
56 36
99 60
39 70
5 75
84 83
18 99
22 39
4 33
41 43
46 8
10 40
85 66
81 67
95 67
29 48
75 63
64 16
74 7
68 62
6 21
62 37
96 88
17 26
22 56
76 62
66 61
60 97
10 43
65 40
88 88
18 10
40 99
31 58
52 99
20 68
93 98
59 34
52 7
49 38
57 98
79 36
2 64
35 81
69 77
14 66
18 16
46 46
37 31
54 46
92 4
77 27
12 28
82 93
71 97
93 46
94 97
60 63
77 51
76 50
43 25
99 15
22 15
87 5
52 79
40 14
16 16
88 91
99 27
37 64
54 40
91 36
15 65
12 52
79 41
48 26
68 29
29 46
46 14
94 87
84 13
5 30
83 56
51 39
71 86
7 54
51 46
31 25
68 85
86 22
47 86
76 61
24 20
60 53
97 16
96 21
81 71
15 56
13 23
85 0
21 90
98 42
4 75
94 80
79 71
38 46
91 40
29 12
47 71
2 4
69 27
87 53
12 47
52 20
52 48
84 22
83 15
35 46
53 31
63 43
5 85
46 71
25 28
47 26
45 47
92 47
66 44
87 92
97 51
69 36
78 17
96 87
99 14
97 93
54 14
21 7
51 48
50 60
6 45
14 10
73 33
42 2
38 85
1 69
9 60
81 52
81 89
41 96
16 93
11 37
94 32
4 14
31 13
56 93
28 36
5 16
14 99
0 72
81 90
47 2
23 72
84 29
12 21
71 6
35 19
43 87
79 56
99 55
22 60
0 25
75 49
32 24
98 30
34 83
19 24
90 49
3 66
25 49
88 77
34 69
46 33
31 43
90 99
82 54
19 35
18 33
26 5
48 41
91 55
4 7
98 70
40 49
59 26
21 33
48 1
10 97
18 66
81 24
24 50
1 48
52 31
49 34
32 46
89 26
41 77
75 97
95 38
11 55
39 16
31 96
71 38
55 87
50 79
56 79
21 86
59 66
14 17
99 83
56 58
93 70
59 58
68 68
95 71
75 98
41 3
4 37
29 83
6 8
44 86
9 87
60 61
26 87
77 54
89 32
74 31
37 74
69 11
12 69
87 81
75 48
28 56
96 62
57 49
44 49
10 90
57 42
24 44
41 40
35 64
60 51
65 55
91 53
25 69
4 80
21 16
44 68
36 22
50 19
64 94
28 96
51 34
27 69
35 96
64 41
7 79
1 13
51 25
68 7
11 28
64 1
45 46
48 34
65 61
71 51
41 54
71 91
13 25
52 11
92 74
9 46
43 27
30 76
40 26
3 84
48 16
19 15
0 40
62 16
96 51
97 13
89 15
1 58
29 28
22 57
25 52
56 43
18 97
46 59
11 98
66 48
81 86
78 23
56 90
3 29
46 19
88 16
66 71
45 2
87 75
91 32
80 57
76 5
80 66
14 58
67 38
0 87
32 6
90 92
55 36
59 84
32 64
19 42
70 99
55 22
9 61
90 38
68 84
2 98
21 74
75 80
4 55
11 68
1 0
89 74
26 41
1 12
61 81
95 90
78 93
32 4
33 83
92 24
80 15
89 0
92 1
3 40
25 3
44 61
49 18
1 91
83 50
16 56
65 89
82 43
21 25
60 40
71 21
26 44
92 70
50 21
60 34
20 37
76 49
9 54
62 60
22 14
42 65
3 78
56 40
9 51
63 93
73 1
47 32
21 46
6 44
89 55
34 80
10 24
31 55
42 49
31 28
24 51
96 2
29 11
63 8
89 39
91 59
26 20
91 10
63 28
13 65
41 59
72 1
68 48
33 59
64 76
45 70
8 71
36 72
78 54
88 37
99 2
6 59
80 89
39 82
97 17
79 92
92 54
0 71
81 19
20 67
39 23
39 96
78 24
39 20
35 74
34 58
92 8
90 65
79 42
93 31
27 0
10 6
89 89
41 4
25 18
74 79
68 35
34 49
27 52
4 15
58 85
66 37
72 16
21 97
38 1
0 47
72 60
1 9
70 64
35 90
73 12
88 0
20 76
20 86
11 6
26 36
77 74
63 99
37 94
58 24
99 74
34 72
3 79
87 29
65 16
92 32
71 69
96 64
95 16
47 33
65 11
87 66
85 3
36 32
79 8
80 6
13 51
94 74
37 72
25 82
89 10
94 0
2 35
96 52
20 6
88 20
60 78
29 77
89 17
1 95
29 13
16 95
48 76
99 89
0 20
33 13
42 54
99 19
35 57
26 88
67 53
92 73
1 32
48 32
95 97
23 77
35 20
49 32
71 14
98 9
82 45
90 12
28 26
3 87
92 93
45 40
63 74
74 9
20 71
27 92
11 35
45 69
77 64
95 40
20 22
50 31
55 19
48 5
78 90
85 30
19 81
31 98
83 30
53 90
46 30
31 0
31 17
77 2
70 50
42 8
69 93
22 17
30 24
75 33
80 11
25 59
93 67
89 75
81 5
99 31
35 45
22 42
76 48
85 23
45 79
50 42
13 36
9 32
73 73
53 58
65 57
12 17
36 58
69 5
95 58
39 79
10 83
50 52
14 27
48 10
90 41
9 27
7 68
26 25
51 56
32 52
22 3
16 41
66 18
69 94
19 78
34 3
86 2
62 87
58 29
59 51
24 54
62 40
49 63
28 0
79 2
63 44
2 16
64 60
91 2
67 85
70 88
12 79
61 69
50 73
21 85
11 2
47 14
89 34
52 34
81 41
44 72
90 34
96 59
13 26
30 25
25 35
77 9
79 43
52 3
93 66
91 43
69 16
42 21
80 94
96 78
49 0
95 80
5 45
32 50
58 93
91 38
6 95
1 11
17 88
64 98
85 83
58 3
86 1
70 44
19 87
31 54
31 6
17 12
36 50
24 90
41 26
46 26
41 63
69 19
72 81
49 73
48 66
9 85
69 1
61 35
35 48
5 33
21 66
50 84
28 35
35 73
62 53
6 20
90 8
45 98
48 60
96 42
97 25
42 87
98 75
21 71
68 56
57 5
81 53
6 84
73 3
50 74
24 3
30 58
44 35
47 3
15 47
54 62
48 24
35 41
37 99
7 11
60 80
0 6
78 75
98 35
56 45
79 16
83 59
82 69
91 87
62 51
67 11
50 77
5 0
9 67
50 39
74 53
8 26
99 99
80 20
54 34
46 32
35 6
69 23
86 79
87 28
34 32
5 48
91 68
14 43
54 74
90 9
10 48
96 8
31 38
7 33
97 52
60 57
65 70
63 59
14 71
15 61
17 84
36 71
92 58
69 47
6 12
2 50
38 3
36 78
95 35
62 23
45 13
97 36
70 96
64 72
75 83
26 39
99 91
17 82
77 26
5 18
2 7
47 8
42 89
88 42
57 43
48 39
19 72
9 10
87 82
34 27
16 63
88 21
64 84
0 92
7 77
50 58
97 89
67 60
10 8
90 22
86 17
8 77
79 73
62 44
27 79
85 75
11 9
32 99
41 55
91 95
97 58
90 57
9 17
43 33
31 74
35 25
90 19
92 13
39 18
29 90
94 5
97 63
45 5
11 54
22 6
37 14
87 15
73 7
57 93
85 59
9 40
83 43
79 5
6 76
65 88
22 33
57 80
31 92
14 16
89 64
54 75
90 77
38 86
47 84
45 1
89 68
76 39
6 68
72 54
30 39
58 88
26 32
55 21
10 89
24 15
63 62
58 36
97 49
26 29
79 15
27 75
29 45
7 76
93 34
22 86
32 62
69 55
97 77
33 54
46 0
25 93
24 17
25 46
46 64
75 14
72 45
25 39
14 47
55 53
21 4
20 79
24 76
98 78
72 28
62 79
40 94
78 32
75 1
81 47
21 37
71 57
81 55
90 24
11 31
83 82
21 22
64 61
37 67
88 8
69 49
10 70
61 87
62 61
35 93
46 66
71 15
51 51
53 44
31 64
54 29
67 52
79 84
25 70
60 65
37 10
61 37
74 68
32 68
1 22
36 79
68 17
33 1
71 66
52 8
94 68
82 30
91 57
28 90
83 25
67 19
60 43
69 29
80 30
57 40
37 84
22 21
6 51
85 33
31 3
70 43
39 27
19 70
99 38
64 93
43 23
99 71
60 38
5 3
28 34
44 16
26 68
95 82
39 71
52 49
27 64
1 40
92 43
10 56
41 70
70 93
75 41
15 63
22 47
49 43
85 26
40 90
84 92
82 12
41 19
32 96
92 26
34 8
64 96
24 94
73 85
81 21
66 79
99 3
67 95
9 62
16 11
67 77
18 84
62 39
34 19
71 58
99 79
29 54
35 13
94 30
31 93
67 98
80 38
29 15
82 91
30 82
75 24
61 1
82 94
54 70
24 74
51 67
8 6
15 95
51 72
58 61
7 9
31 79
70 30
0 12
92 83
53 14
2 81
33 70
20 73
94 44
59 7
63 81
96 94
63 3
76 89
20 97
44 76
27 1
59 3
64 67
1 77
97 91
9 71
83 70
35 29
66 13
5 93
98 36
74 67
23 97
92 44
33 46
71 73
21 15
82 51
60 76
60 23
15 0
27 34
23 60
90 53
82 36
64 18
86 92
23 31
82 22
22 72
18 56
18 90
8 79
69 44
88 49
56 46
21 2
4 82
57 84
38 47
48 50
6 34
18 39
62 7
5 80
79 64
44 15
55 90
66 6
55 99
96 72
81 96
23 45
67 68
96 44
12 2
62 84
78 4
6 74
76 85
37 56
84 62
73 23
82 48
97 69
8 16
88 95
84 47
12 27
10 17
48 79
83 57
20 89
41 82
71 98
43 63
25 36
71 65
34 14
33 49
59 31
36 16
67 45
79 45
65 27
43 83
86 64
81 75
23 92
33 36
84 91
1 81
17 3
67 41
3 32
92 84
31 20
31 65
28 49
5 35
57 94
73 76
39 48
13 46
62 99
48 98
28 47
85 53
87 14
86 31
18 41
56 28
45 22
81 49
91 34
88 30
78 0
95 79
6 46
45 23
63 45
67 51
18 46
14 30
42 39
83 49
26 94
67 63
97 94
36 80
12 90
31 61
18 76
8 38
63 77
56 86
98 6
83 55
19 73
89 19
38 31
24 88
67 34
2 30
79 17
80 74
44 27
32 48
46 11
10 22
49 55
6 40
42 25
59 63
11 10
74 66
14 65
11 73
51 85
99 4
88 92
48 8
24 47
42 79
1 35
75 69
58 84
4 31
26 4
71 92
66 97
11 85
52 53
63 46
12 68
56 41
36 92
2 37
8 67
53 81
15 24
71 17
71 48
95 36
94 62
95 94
61 9
69 68
68 54
68 74
94 38
58 80
30 29
25 68
99 18
70 29
72 42
10 5
81 35
79 22
4 19
14 86
50 43
16 4
24 92
5 32
26 58
61 11
24 37
66 75
95 32
80 44
62 38
58 48
69 46
67 93
82 63
32 95
2 28
68 89
91 31
66 28
95 5
91 69
80 98
11 23
76 37
96 1
39 28
78 55
28 67
28 74
28 50
40 12
16 53
66 92
52 84
67 5
69 69
93 71
11 79
31 15
14 83
75 21
53 94
79 27
47 93
80 42
47 19
9 22
39 1
2 29
95 98
53 52
80 5
59 94
72 37
61 61
94 45
89 22
38 14
52 86
56 69
75 8
97 83
34 82
39 5
2 5
9 70
23 80
92 37
42 44
54 97
13 42
8 46
25 94
50 93
22 18
29 49
14 41
93 28
91 89
22 40
97 46
19 22
27 29
53 6
11 57
82 11
86 34
27 99
3 53
59 64
74 19
8 69
87 88
65 21
68 83
54 85
9 19
50 14
83 81
80 75
67 88
90 79
28 2
79 7
98 26
19 51
82 96
12 25
14 51
21 63
26 3
88 26
36 76
22 30
29 81
73 30
3 54
11 60
5 23
28 16
33 17
76 57
82 9
63 33
62 82
27 32
98 8
5 73
57 46
57 58
55 71
62 98
36 23
47 66
20 1
25 74
3 3
4 77
67 7
48 91
34 74
0 78
11 33
5 91
61 13
58 63
85 27
40 95
96 74
63 41
98 25
97 78
80 47
87 63
12 16
15 28
21 23
29 84
47 67
21 81
53 33
90 63
27 5
23 25
67 23
67 81
9 64
5 88
32 30
61 39
93 82
11 46
95 85
3 43
59 50
43 3
5 66
68 12
98 50
13 40
70 79
96 14
18 18
8 51
97 0
76 25
89 49
25 95
26 18
51 10
94 83
10 29
93 51
47 51
96 5
78 74
21 5
10 53
92 72
93 35
87 83
97 54
3 26
66 20
63 47
57 19
83 61
23 69
68 47
34 95
76 98
39 25
4 95
75 11
84 66
95 15
82 52
81 80
63 12
24 60
73 38
32 18
67 90
90 54
46 22
24 34
1 21
30 95
58 75
86 99
42 90
48 65
24 96
1 30
35 31
64 26
11 42
65 52
97 70
86 89
18 51
72 66
7 87
23 21
95 61
64 32
61 2
31 47
42 33
18 45
36 30
32 2
86 81
78 94
94 95
37 61
10 0
21 28
43 86
46 48
85 95
56 13
35 32
2 45
24 48
78 66
26 60
30 15
24 95
13 30
0 91
74 14
7 62
46 57
81 98
71 74
67 86
96 84
31 42
34 70
75 87
87 62
5 40
45 56
56 80
17 77
17 35
61 83
77 6
70 77
23 94
6 86
73 15
24 21
0 11
98 76
11 36
24 45
6 30
35 99
25 50
62 24
96 7
17 34
61 55
96 47
32 56
0 14
62 71
6 10
53 10
73 65
2 57
66 5
85 55
66 7
57 10
6 49
87 91
65 46
88 43
51 97
85 69
15 30
51 19
39 40
67 26
85 34
49 96
78 63
63 21
34 5
63 85
63 53
49 60
83 74
32 23
76 47
56 10
10 62
51 20
9 83
76 96
78 43
70 85
31 68
50 37
6 4
53 3
93 27
87 45
32 84
88 94
64 63
71 63
59 0
55 6
18 94
9 75
25 92
1 44
39 98
36 68
7 59
96 85
34 84
29 58
21 10
83 67
10 92
58 91
66 42
23 90
33 0
3 13
99 9
67 42
80 36
59 71
3 24
92 16
57 83
22 5
1 57
89 29
2 24
97 92
95 37
4 16
5 51
78 97
52 33
16 36
24 65
85 14
32 67
83 3
50 0
61 84
64 30
81 60
45 92
24 52
7 7
34 93
55 62
90 58
62 81
73 58
35 49
38 15
16 47
19 49
21 24
33 14
88 18
97 27
52 70
9 92
30 98
88 75
39 8
86 42
55 37
37 17
37 44
87 42
20 20
82 7
8 3
48 62
60 2
27 48
35 8
18 88
63 67
16 24
52 0
72 95
81 14
84 68
57 86
21 76
37 1
61 79
61 82
25 80
13 11
46 34
59 68
99 70
14 44
15 98
37 46
2 32
16 98
59 82
3 27
55 89
58 4
42 30
44 71
74 54
89 36
23 20
5 11
34 52
17 41
22 23
48 33
96 67
64 44
28 21
61 88
3 73
94 12
45 86
22 98
69 24
11 53
84 77
70 32
33 89
4 88
56 34
52 82
55 64
54 89
88 3
50 63
66 90
25 79
82 34
42 84
52 97
85 40
35 14
41 27
76 80
77 71
55 57
13 44
55 46
49 75
0 4
4 28
71 16
70 74
7 65
2 12
89 44
32 93
17 29
55 16
51 26
60 41
44 81
74 74
0 64
61 23
12 92
71 35
33 92
25 37
95 68
50 94
51 53
55 5
90 17
89 6
59 56
57 77
46 15
76 72
34 92
43 16
42 99
86 57
82 2
37 53
91 77
74 2
11 83
22 9
16 19
89 81
79 33
6 37
4 34
99 34
52 71
25 41
35 37
91 33
92 40
56 85
63 16
81 61
13 69
4 64
7 70
79 57
13 6
83 32
2 65
46 36
72 44
99 98
32 5
39 99
12 76
41 35
4 40
43 1
75 76
40 59
29 24
31 44
36 91
45 21
94 27
28 92
8 61
11 45
26 35
81 85
44 28
14 52
93 77
41 22
9 31
39 14
27 20
29 5
80 71
93 0
68 38
1 16
13 10
4 96
75 18
3 31
98 99
84 19
88 11
55 67
85 46
65 42
83 91
21 68
95 23
85 94
60 7
4 5
89 83
43 60
18 59
15 58
30 6
45 41
83 8
92 38
44 48
20 88
83 36
85 84
15 94
91 76
56 32
97 55
33 77
17 53
65 13
89 1
13 95
30 11
92 27
2 38
52 61
62 80
90 69
93 12
1 82
53 96
71 43
71 8
87 26
64 51
84 18
55 85
93 75
73 87
76 35
27 89
65 10
74 77
61 33
75 37
84 93
32 41
99 13
97 37
2 54
66 8
88 62
78 84
89 70
31 81
2 74
8 49
70 78
0 27
35 38
13 60
35 75
49 98
71 36
68 42
96 70
50 98
67 12
86 77
55 7
61 91
15 60
89 38
83 0
82 55
32 72
12 62
14 18
64 20
16 51
36 5
73 27
3 20
2 20
85 70
82 47
94 69
13 89
56 84
79 94
74 62
48 61
79 3
46 16
99 20
62 35
89 42
14 53
25 31
49 92
23 85
91 9
73 48
5 65
19 64
88 39
43 84
11 72
19 5
31 46
59 29
74 48
28 55
60 42
84 59
65 91
40 2
53 37
90 94
27 18
92 2
89 61
22 82
65 28
85 21
56 20
55 18
92 61
68 63
93 22
31 52
8 63
38 83
28 24
36 74
89 53
48 96
18 81
0 85
92 87
0 70
11 82
16 15
93 7
81 37
96 83
57 53
65 79
10 4
93 29
7 52
10 44
95 31
10 50
35 18
1 29
90 91
37 28
81 4
10 82
9 35
45 19
29 29
50 78
58 7
89 14
37 11
42 26
7 41
23 10
67 54
9 43
33 86
54 57
71 28
8 99
12 95
11 63
42 95
1 7
15 13
2 55
76 14
18 82
40 39
59 28
57 72
81 29
84 34
53 40
86 45
50 89
77 47
1 86
30 73
54 18
31 5
82 32
10 75
49 45
67 9
55 52
5 50
63 56
16 35
48 14
60 67
9 34
49 12
61 73
62 36
85 9
3 50
9 81
12 50
92 59
92 20
51 82
56 1
96 86
96 39
57 16
8 68
6 0
17 45
53 39
55 43
76 23
1 15
37 26
67 76
16 10
16 26
93 48
39 33
53 34
79 23
39 97
29 9
19 43
84 97
35 12
32 57
61 14
71 95
49 14
77 45
99 64
14 67
23 87
98 22
51 54
23 89
5 99
97 35
44 32
45 35
4 35
31 99
83 18
78 30
43 7
3 42
26 15
82 77
34 61
52 91
92 18
58 10
25 77
45 31
2 26
89 78
98 20
25 57
34 75
3 4
88 38
15 16
86 26
87 96
24 49
67 94
61 27
30 48
73 2
45 30
97 85
40 51
18 44
69 73
5 49
41 24
75 35
50 92
77 81
2 48
27 77
61 58
59 12
66 76
76 33
12 82
5 81
72 24
17 31
58 42
86 38
20 44
36 95
41 97
75 3
63 0
22 34
50 26
54 20
89 88
60 19
46 6
11 8
63 15
64 49
82 75
6 63
50 61
35 56
1 59
96 34
20 38
82 27
72 47
50 91
64 48
49 37
1 78
42 31
10 39
13 86
26 46
79 69
27 65
37 97
47 82
70 59
30 45
90 96
69 74
19 68
33 9
90 26
29 3
48 95
55 79
48 93
56 91
66 4
22 32
24 66
46 4
63 84
30 43
5 83
10 95
45 66
15 36
82 95
57 38
65 58
2 44
5 54
54 15
94 82
16 39
49 52
71 87
35 40
5 77
49 3
23 52
71 41
33 2
12 88
43 95
6 18
28 43
62 31
73 88
60 55
58 46
73 72
41 80
0 17
64 73
44 83
60 74
55 73
31 21
11 47
82 78
74 26
90 36
53 91
91 67
1 14
20 48
88 67
62 75
68 26
62 58
34 64
0 24
19 65
36 55
58 73
48 18
79 75
61 43
29 59
94 14
45 71
52 39
94 81
5 63
39 55
17 73
53 80
50 16
97 2
12 85
12 13
87 68
44 22
59 21
19 71
3 99
68 86
0 65
80 73
23 46
33 42
86 46
16 21
45 95
87 67
88 53
79 40
78 62
43 82
58 9
75 60
22 94
17 39
16 84
47 50
43 0
64 83
89 24
31 94
47 4
21 69
91 74
69 50
79 74
50 72
12 46
40 34
88 40
51 12
99 29
34 62
7 78
48 81
74 24
41 62
99 30
56 39
22 11
14 20
72 70
48 73
54 30
78 42
79 55
28 31
89 5
21 94
84 99
78 27
70 90
95 13
0 59
14 73
70 57
62 85
64 3
97 29
9 48
62 86
31 50
63 98
80 46
57 75
25 62
38 64
48 88
11 13
2 56
80 92
15 79
21 88
37 51
44 56
54 73
5 39
24 71
65 80
82 85
30 61
72 31
30 31
61 54
21 52
38 55
32 70
93 62
96 89
3 57
79 19
77 60
40 76
70 34
70 89
17 54
36 61
3 14
37 80
11 1
5 72
4 99
82 3
49 9
79 59
12 24
55 31
15 55
26 99
6 88
47 39
53 55
52 26
74 61
66 2
66 1
41 20
90 51
11 19
23 93
36 19
70 71
81 33
98 15
84 31
87 97
61 42
22 73
94 47
6 38
65 83
61 49
27 98
9 80
4 57
70 20
47 83
62 17
14 24
23 84
96 60
2 52
66 43
76 27
84 81
94 55
58 52
70 94
75 43
77 93
54 79
52 23
54 39
12 54
97 41
89 80
17 59
66 33
93 24
48 86
65 4
72 25
59 5
13 56
82 35
93 88
33 79
38 16
30 14
17 91
40 64
9 12
15 3
20 60
27 10
98 89
44 45
27 76
17 17
54 3
69 59
54 78
77 8
58 96
69 98
52 30
74 45
81 97
29 21
84 74
78 73
34 44
16 65
27 90
66 85
94 26
48 69
15 2
66 31
62 26
59 44
58 58
34 38
92 19
48 45
95 10
26 48
95 19
51 44
68 88
86 18
16 82
67 64
50 67
79 88
12 33
21 82
59 18
42 62
64 29
30 72
91 71
9 16
98 16
85 19
69 89
48 21
77 46
51 98
38 90
42 19
95 34
17 94
74 59
8 0
16 46
14 1
89 31
39 39
22 63
46 21
14 90
74 15
92 94
79 34
26 38
90 60
19 3
7 86
24 68
39 72
12 4
9 94
63 58
76 20
42 32
23 11
50 49
8 76
37 42
83 62
44 58
44 64
16 68
78 99
54 94
18 75
65 19
54 96
95 2
50 7
90 95
18 48
59 61
98 55
64 2
33 4
61 4
0 36
79 38
52 89
55 75
97 82
62 83
46 17
93 4
73 83
97 24
98 32
41 91
25 61
98 87
19 77
87 27
15 57
94 86
39 69
53 7
72 41
24 4
36 99
95 60
34 76
71 67
80 80
86 54
55 74
84 79
71 3
92 92
17 60
89 16
34 12
22 74
36 2
1 55
33 44
41 66
47 75
53 53
86 29
18 98
13 78
56 63
47 23
8 45
89 92
84 96
47 70
60 56
60 91
16 0
77 22
24 72
43 30
43 41
49 91
55 84
89 52
17 89
18 72
94 51
81 81
87 4
63 29
86 55
83 78
0 23
54 95
9 95
82 40
16 77
33 84
43 10
29 7
31 97
35 61
4 66
64 6
98 68
49 70
88 12
64 31
81 18
83 37
53 17
93 69
91 15
58 78
98 83
92 7
50 40
72 0
74 6
55 81
33 45
44 29
15 59
32 7
94 84
55 24
0 19
73 62
53 13
8 32
94 73
34 1
52 63
51 28
45 44
21 89
76 32
49 66
88 98
27 93
16 94
92 17
78 64
46 96
69 75
37 60
57 52
41 31
52 83
61 16
23 50
84 7
70 38
71 71
96 77
18 36
50 20
12 91
87 99
38 69
49 59
97 4
0 10
33 35
53 8
92 65
34 16
26 19
60 16
68 77
63 89
43 78
64 10
36 65
89 30
74 1
2 69
74 96
16 7
3 5
32 60
52 65
24 1
73 93
82 42
72 30
72 52
58 98
64 57
16 62
81 2
40 1
89 28
5 7
10 38
37 24
70 26
91 99
30 97
95 47
66 59
81 64
5 13
40 3
31 26
38 32
0 88
23 27
99 44
43 38
4 45
59 39
90 32
46 52
86 52
61 65
54 86
9 18
9 99
19 12
16 71
54 51
29 23
70 69
97 22
55 54
18 86
3 83
32 65
84 41
27 9
43 56
74 10
34 6
42 72
25 83
38 59
42 63
29 17
84 33
85 96
40 7
79 89
2 77
38 43
23 36
14 70
79 83
72 36
61 71
4 70
11 4
85 68
44 3
25 38
10 35
54 69
13 98
90 55
34 73
23 78
24 40
12 0
70 12
1 90
18 92
19 10
57 9
5 62
42 6
82 57
65 60
89 97
17 13
70 24
9 20
4 12
20 49
58 34
58 43
16 18
76 40
12 42
93 68
40 70
33 97
93 26
14 57
33 26
71 77
35 95
49 99
83 24
94 85
25 96
44 37
73 64
58 74
82 38
98 92
17 76
81 56
90 28
81 51
57 23
71 5
77 43
16 64
66 70
44 17
16 58
8 98
83 20
47 95
79 60
22 59
9 41
9 52
36 45
98 33
87 12
74 32
97 6
55 77
67 46
90 62
76 52
13 58
1 96
46 27
2 6
85 61
75 99
73 28
43 31
76 90
38 27
83 52
75 71
43 76
82 84
14 89
40 85
51 64
86 96
25 64
8 14
68 61
2 66
1 75
22 83
76 43
88 82
62 11
6 75
25 51
74 82
40 73
78 39
59 96
50 97
47 94
12 84
37 40
27 41
45 11
11 49
2 71
31 31
22 96
39 59
87 93
91 13
88 33
37 87
46 5
1 28
96 63
31 91
89 93
97 28
66 95
13 77
24 55
24 0
25 90
17 79
61 48
59 70
23 68
72 49
44 80
31 16
63 26
88 63
9 55
78 38
60 93
98 37
54 77
9 7
65 2
11 88
40 25
50 22
26 0
33 85
70 97
93 52
41 64
86 51
4 97
84 49
68 32
47 44
97 21
40 77
54 26
8 4
60 83
32 33
83 45
23 9
7 46
14 63
85 32
55 33
94 93
62 9
11 81
31 72
10 33
7 81
39 6
57 99
31 10
5 2
95 24
72 33
72 63
65 65
58 94
34 29
14 0
30 37
78 52
87 18
41 74
49 50
67 21
23 33
51 22
17 23
1 25
85 44
91 25
71 20
28 7
76 8
61 38
23 71
81 72
32 1
15 88
44 91
28 40
66 56
16 90
0 15
64 25
25 81
69 2
22 55
81 82
16 85
24 81
23 16
71 76
57 34
43 29
23 6
71 13
72 11
78 60
21 21
90 67
41 76
0 21
13 34
92 52
31 49
32 83
43 36
37 52
82 99
73 78
37 58
6 31
26 77
26 56
3 28
4 93
30 69
86 39
22 46
64 0
23 51
5 74
80 85
77 34
99 61
64 75
0 93
20 80
7 74
12 98
12 8
62 3
21 95
46 87
87 1
77 86
69 48
81 16
66 67
38 57
53 24
40 87
64 86
46 80
71 94
83 75
52 55
16 28
78 78
52 38
49 54
3 74
65 5
40 48
72 22
68 2
69 37
32 19
7 42
9 59
95 84
0 73
85 90
44 82
99 28
13 32
72 5
46 7
55 40
71 44
38 33
70 9
79 97
54 76
41 41
30 28
73 26
47 7
29 57
94 67
4 20
73 44
21 61
9 0
74 37
38 45
53 12
69 9
54 68
99 46
45 10
40 75
38 74
31 23
65 37
37 66
63 78
89 77
92 35
79 96
81 99
7 75
76 76
49 33
5 20
61 85
68 93
28 44
49 77
40 57
7 8
9 69
59 85
93 59
89 84
89 59
41 50
66 38
53 75
50 8
22 41
28 39
22 95
84 73
80 2
99 73
45 14
2 60
13 41
7 28
98 71
37 90
46 68
9 30
5 82
95 11
26 73
49 88
78 53
0 98
13 43
24 79
96 90
18 83
19 14
12 61
79 85
83 41
25 6
18 61
27 95
18 95
37 91
40 74
32 74
29 52
61 92
83 89
65 62
51 18
33 88
58 59
29 35
50 2
97 50
96 95
10 68
97 48
31 24
73 96
51 36
71 93
69 63
68 43
26 53
86 32
29 14
41 38
1 92
34 20
14 23
23 55
55 80
63 7
95 27
13 90
15 75
22 79
70 81
89 60
79 10
73 69
21 98
64 43
86 93
38 39
33 90
47 16
67 78
18 22
6 27
99 32
26 59
0 44
99 77
32 97
82 86
41 0
62 14
31 48
59 54
80 49
89 82
47 87
18 37
57 15
82 56
60 35
52 94
2 46
54 99
20 42
76 34
24 36
20 54
51 1
67 49
36 51
93 72
6 82
15 50
6 96
6 7
81 15
14 55
57 78
27 17
80 23
4 6
44 89
54 42
83 92
69 6
93 18
81 20
87 85
73 21
5 47
6 52
21 70
74 73
2 73
83 76
37 7
65 44
38 34
73 94
37 35
21 47
14 35
99 43
77 98
13 38
59 16
13 93
37 12
4 50
28 76
39 88
1 83
46 23
58 32
87 77
82 1
25 56
17 90
44 14
29 43
3 69
21 84
73 60
1 66
58 30
6 42
18 85
75 0
43 22
35 94
74 23
13 82
86 13
75 34
32 36
48 15
39 30
82 10
15 74
69 45
54 2
30 85
16 59
83 33
63 5
75 78
77 78
52 67
41 81
3 60
43 14
99 97
71 49
9 28
28 38
68 66
6 54
38 50
11 3
99 6
57 48
58 40
26 66
45 26
16 81
82 88
18 8
15 99
95 96
35 9
97 56
87 87
11 44
44 36
54 54
5 89
68 70
59 8
43 13
72 93
20 47
95 81
41 57
25 60
74 60
99 40
12 71
54 7
3 76
42 16
23 26
1 5
53 42
79 25
8 73
51 87
80 54
68 52
8 88
76 87
10 13
91 52
88 14
2 49
1 37
42 50
62 52
86 62
75 10
90 6
87 47
62 67
29 75
63 10
70 13
44 20
55 30
72 99
20 35
65 76
16 23
5 70
56 95
84 54
72 53
72 18
43 44
96 91
63 88
14 79
28 86
80 25
82 70
4 24
27 6
15 12
92 49
48 87
90 75
18 53
26 22
42 70
19 29
94 40
59 40
12 19
25 10
30 92
48 56
67 83
12 5
52 85
85 51
23 44
63 70
93 50
99 51
69 25
88 17
6 36
19 82
42 0
58 47
5 5
75 40
21 58
10 58
24 43
44 19
63 68
50 87
28 83
95 28
37 76
23 43
52 62
66 19
65 82
88 1
90 27
32 3
19 85
75 79
54 47
53 28
18 32
45 4
55 56
28 51
1 26
49 36
52 54
72 39
75 72
56 74
95 6
51 88
84 65
59 97
65 69
94 1
79 18
51 57
49 57
18 2
69 17
33 95
30 44
62 34
60 37
26 57
74 80
56 48
99 33
5 59
24 62
3 18
79 24
85 56
42 18
52 45
88 70
72 2
78 89
72 57
27 33
59 13
59 89
76 38
36 11
45 25
20 72
42 88
74 87
17 24
19 88
97 57
93 11
23 24
82 80
35 21
72 78
49 23
7 47
4 39
13 4
8 28
91 98
80 51
77 5
27 68
93 36
32 31
46 90
48 42
2 0
77 55
85 2
65 53
18 24
52 75
84 4
54 87
64 36
99 11
94 21
20 85
27 57
93 65
51 86
58 45
87 61
52 25
92 29
16 1
21 41
38 62
51 63
93 39
57 55
75 16
28 1
8 11
83 63
36 84
56 0
34 39
32 9
29 82
4 53
47 25
24 22
52 17
53 36
66 52
70 68
41 93
12 64
3 15
0 33
43 92
16 99
27 54
17 16
38 2
29 69
54 35
68 25
19 34
57 45
44 98
87 95
99 81
98 65
4 32
12 11
47 24
1 4
77 16
74 41
48 47
53 59
66 84
30 65
87 55
69 53
62 95
95 48
98 1
69 35
21 48
91 97
14 4
37 16
61 60
37 22
76 29
69 64
73 66
43 91
9 26
62 33
55 13
25 4
73 92
82 67
99 78
61 80
57 27
12 14
67 6
74 57
68 71
0 56
4 74
67 55
4 87
56 3
9 79
24 87
43 46
94 31
57 67
22 20
91 48
43 85
9 57
23 23
75 47
43 11
65 49
74 71
97 53
39 7
72 9
70 84
95 3
94 4
6 26
86 73
90 0
41 58
94 78
35 28
25 78
58 92
70 55
15 76
53 79
44 96
92 6
81 7
18 9
61 59
44 26
3 94
48 92
75 36
38 17
71 19
23 37
24 39
37 55
83 46
51 70
81 13
23 56
51 49
36 33
35 97
42 93
21 12
72 56
3 90
20 23
33 53
84 35
21 55
49 22
0 31
94 35
42 76
26 1
5 8
14 40
71 85
31 75
84 95
13 24
97 47
13 99
26 27
5 14
65 67
74 40
93 91
93 60
18 73
69 57
43 19
10 41
39 52
37 98
83 51
2 42
67 35
89 43
68 41
42 48
99 25
56 60
78 10
8 82
93 19
33 96
47 80
13 33
99 10
41 75
53 51
71 45
88 86
86 86
76 63
9 15
0 29
20 59
86 19
78 70
92 82
33 37
3 51
58 60
24 33
94 42
21 40
10 32
65 63
97 45
63 11
24 57
87 89
55 59
42 10
5 96
90 10
10 98
13 92
60 3
90 13
12 75
27 50
61 29
92 34
70 82
52 66
29 76
65 32
30 7
14 45
76 0
74 25
31 56
82 87
34 13
57 31
27 86
37 57
74 90
84 70
17 49
72 64
17 18
19 19
85 81
80 67
87 80
14 19
10 63
83 22
54 36
72 43
33 68
86 47
52 64
79 70
12 97
45 34
15 23
87 8
21 57
99 1
60 58
8 37
27 60
32 27
37 63
8 90
59 47
28 46
55 55
77 70
48 74
79 29
31 78
70 65
57 44
38 30
4 65
94 94
49 86
13 61
98 80
1 41
51 95
19 97
21 30
6 90
32 15
97 12
66 69
93 25
25 40
34 63
47 99
21 62
99 16
29 97
57 29
38 25
63 27
20 92
40 68
81 92
95 95
13 16
97 76
57 11
29 62
25 98
69 85
3 81
65 95
39 43
17 21
88 89
46 49
13 31
14 39
57 12
15 52
38 80
36 44
28 14
97 30
75 30
85 88
3 45
59 6
39 11
96 99
47 60
14 68
70 19
26 92
61 34
14 97
63 24
80 90
16 91
62 72
33 38
77 57
84 85
41 2
29 33
31 66
85 42
59 99
57 25
48 19
26 82
46 13
19 18
44 97
25 85
93 95
16 50
96 37
88 52
34 36
25 88
70 17
88 23
97 79
61 67
45 96
54 64
38 10
35 24
6 16
28 82
43 43
31 22
85 80
50 59
74 3
74 13
57 65
5 21
83 71
45 42
37 92
29 47
35 39
86 20
9 25
7 90
44 62
51 13
81 45
8 81
67 29
14 9
2 83
26 89
84 23
34 86
9 38
6 61
33 30
25 8
99 93
73 8
19 1
74 12
62 77
80 96
91 51
5 95
88 2
43 88
84 51
17 99
34 42
33 78
38 58
55 28
38 28
47 76
42 68
43 59
30 40
20 3
99 56
4 73
99 7
57 30
76 70
62 4
99 52
50 66
91 54
39 87
0 53
78 18
57 88
41 5
30 36
18 21
73 74
20 98
62 49
58 25
49 19
32 35
20 13
76 24
90 40
24 97
28 57
94 89
36 7
68 11
68 69
95 92
86 74
25 89
41 67
76 41
33 31
19 41
53 99
72 97
91 3
85 41
14 5
34 25
86 7
35 35
85 73
22 26
15 27
19 55
6 87
5 10
0 77
87 74
43 68
57 13
58 41
92 66
47 68
53 77
86 71
29 18
74 83
92 69
10 16
42 71
47 65
59 24
82 58
67 17
38 24
28 69
47 77
1 38
13 8
82 81
75 39
55 98
10 21
70 5
24 35
11 11
85 98
16 22
6 62
37 23
72 89
51 4
19 16
49 95
8 54
75 53
67 56
49 41
1 39
1 84
40 20
39 68
17 80
30 26
26 86
4 38
61 45
54 72
42 42
13 66
2 36
15 25
77 42
65 18
67 48
15 32
5 87
81 32
18 62
69 43
65 45
91 1
16 88
93 55
59 30
46 45
49 61
72 34
62 96
66 89
1 73
29 93
55 68
41 28
36 3
86 75
6 23
7 19
45 78
61 66
17 47
72 48
79 78
57 41
97 84
68 1
80 78
48 30
75 50
0 0
67 22
79 61
18 60
78 3
54 52
73 75
11 7
23 47
62 21
5 22
68 46
53 2
73 9
71 79
91 72
82 68
81 12
52 43
61 12
37 32
84 80
75 70
99 94
9 33
99 5
13 85
61 22
65 9
71 72
63 9
55 97
75 55
10 49
22 43
26 55
11 38
11 16
24 59
31 90
5 64
23 49
28 70
43 55
41 45
92 88
82 65
78 68
66 32
26 8
94 60
39 50
68 80
45 67
55 9
13 48
10 19
37 96
36 41
39 34
18 4
68 51
92 12
18 70
67 0
64 92
30 35
95 0
70 2
17 5
81 84
9 63
39 2
63 32
34 97
23 35
78 40
57 22
45 85
7 92
34 59
28 30
18 55
80 10
44 79
36 89
77 7
33 22
84 5
26 12
40 6
52 72
15 90
72 12
96 32
98 93
69 65
77 41
7 34
42 34
20 75
88 73
21 72
99 65
11 0
95 9
73 11
68 33
82 4
29 41
91 22
75 96
7 83
93 17
