100 3
68 20
52 4
75 66
6 35
57 98
49 61
55 18
63 17
60 9
67 38
92 34
48 45
77 16
17 40
8 19
68 93
29 32
79 17
9 5
3 86
91 6
94 27
86 34
91 42
94 1
36 87
6 62
82 23
38 34
89 93
64 85
57 58
8 71
86 63
74 72
9 61
65 60
76 94
60 26
64 71
6 92
1 6
73 63
84 42
57 87
83 26
1 99
75 86
68 38
86 2
15 6
7 68
2 17
20 25
1 68
27 35
42 8
3 50
31 34
59 42
36 36
71 86
77 37
41 54
4 47
4 74
60 44
38 24
67 94
22 41
71 4
37 76
43 23
99 62
98 35
29 42
59 44
56 70
11 63
3 93
20 97
29 17
82 77
48 72
39 65
23 53
1 32
88 14
60 81
34 42
72 73
40 87
76 84
76 99
92 67
99 94
17 83
35 23
79 34
48 56
83 11
3 55
6 72
5 69
56 61
3 64
94 64
99 63
75 39
44 41
88 15
55 66
72 89
23 25
72 32
86 56
40 67
69 35
52 36
61 79
14 38
53 17
31 27
91 29
45 66
46 39
22 48
92 69
19 13
9 54
87 7
87 32
1 26
51 12
18 23
93 8
1 28
76 87
56 51
68 95
27 38
1 13
28 50
32 33
38 36
93 80
76 22
14 35
72 63
35 85
10 24
58 82
60 12
32 40
11 3
42 23
13 55
52 58
69 38
94 95
18 36
74 25
33 86
10 78
86 28
30 82
63 70
92 16
1 97
80 11
33 46
55 58
93 95
79 89
60 77
89 5
86 72
57 66
35 48
85 66
14 3
11 6
6 58
36 41
84 99
45 30
25 80
26 19
76 80
85 4
5 76
83 44
38 92
43 94
75 30
37 82
89 22
78 83
21 70
16 72
73 42
70 88
47 41
14 59
84 65
20 42
74 3
85 3
37 65
74 55
18 22
41 88
42 57
83 30
57 23
69 47
43 34
87 19
42 34
46 46
44 14
65 63
41 70
56 28
2 85
23 43
49 94
93 39
83 20
83 91
68 47
0 42
28 52
56 46
41 11
56 7
46 65
8 50
94 38
49 97
21 29
26 18
95 39
17 91
87 5
23 54
76 46
9 3
38 39
19 62
64 98
47 96
40 56
33 75
7 65
10 82
71 14
77 92
51 28
74 42
74 36
33 69
11 78
75 76
97 43
70 67
96 77
39 31
98 16
89 39
3 32
12 76
17 5
92 88
41 49
38 96
0 80
15 49
45 91
66 56
68 86
42 65
45 98
75 65
0 50
5 95
70 62
75 89
68 92
13 26
28 47
89 96
80 98
17 0
9 40
54 71
52 77
17 64
67 12
89 87
44 37
45 56
40 31
34 16
50 30
66 20
88 81
75 69
58 21
31 88
44 57
6 10
15 78
90 78
70 84
44 99
17 31
21 21
8 61
58 77
62 10
60 4
31 82
1 96
97 68
31 54
15 91
22 98
39 57
32 22
0 86
71 7
10 49
23 45
83 48
21 91
25 59
96 66
44 53
16 88
12 95
94 6
26 35
48 91
47 90
17 4
93 16
53 58
13 38
78 97
96 23
18 93
71 49
29 28
56 31
39 44
35 60
35 3
8 76
6 89
9 58
87 30
88 49
52 16
11 51
71 43
13 6
27 87
34 84
53 9
9 17
65 44
83 4
22 30
90 52
33 94
11 86
57 48
62 8
27 8
43 29
44 5
5 52
86 12
0 61
19 12
51 47
53 19
3 35
50 9
39 12
73 40
53 67
57 61
5 89
6 69
12 39
27 31
64 97
15 84
75 96
24 49
53 51
17 19
40 49
59 73
7 89
75 33
37 95
4 1
6 86
85 87
64 11
24 62
12 65
28 55
93 63
0 11
42 71
93 24
80 29
43 78
11 87
85 40
31 41
86 82
6 22
66 68
4 69
72 0
51 85
51 8
12 27
77 93
96 5
1 61
42 94
15 69
88 60
34 25
65 17
14 87
42 60
0 64
96 20
6 60
57 92
66 17
96 19
70 71
67 76
90 38
3 4
25 89
59 94
97 84
51 53
35 58
97 25
44 60
85 28
33 31
65 75
45 32
25 66
98 81
51 69
96 28
99 31
58 5
53 84
94 93
56 35
19 35
5 66
14 5
8 35
73 27
1 92
32 46
44 13
81 36
2 35
66 18
29 63
94 65
32 0
64 15
56 71
47 20
34 4
6 96
76 47
40 5
50 77
93 84
60 83
14 32
39 7
19 30
6 90
61 69
56 92
77 97
91 74
33 90
73 49
72 93
95 7
73 97
24 6
88 9
81 49
65 9
66 53
5 1
10 8
72 65
72 8
15 95
39 91
74 57
16 28
20 73
78 76
21 6
70 7
33 48
23 96
12 45
70 42
13 45
89 2
5 5
19 42
18 39
58 93
58 35
87 86
7 97
67 97
88 55
76 89
13 16
79 16
74 14
52 2
56 56
10 83
26 14
61 44
64 23
74 99
18 20
65 43
19 34
44 77
72 43
0 77
57 55
36 68
63 72
10 66
18 28
80 42
64 73
52 54
94 31
57 2
47 15
25 5
16 18
29 39
0 28
9 11
12 51
22 6
85 61
37 66
59 27
25 54
34 53
82 21
88 43
31 32
88 17
69 44
50 38
60 49
28 14
34 29
45 16
88 66
9 76
95 17
36 37
7 58
93 44
4 48
9 14
37 68
7 33
21 20
3 67
71 64
32 67
43 18
90 74
70 98
23 88
75 9
97 87
36 10
84 18
12 49
68 80
67 44
43 85
39 41
1 33
39 6
29 83
21 14
74 89
83 59
67 13
66 27
44 28
83 42
81 45
83 97
77 11
22 14
6 11
92 73
55 10
76 24
92 68
67 49
5 25
63 44
19 61
70 79
27 95
56 94
69 86
1 78
56 75
14 69
99 9
14 19
27 16
63 82
39 47
99 48
43 22
62 75
74 79
83 23
9 15
35 68
90 8
33 73
4 26
56 15
81 78
95 81
2 41
30 78
28 86
57 6
70 26
65 32
48 39
35 1
51 9
52 42
37 36
76 40
82 63
8 55
57 68
76 72
7 21
23 31
59 64
54 20
40 73
90 83
30 30
70 94
72 47
87 6
60 1
13 43
30 16
33 9
50 7
98 95
8 82
29 19
9 72
21 58
69 41
94 23
71 50
41 15
32 75
27 83
77 67
65 29
52 37
33 15
42 59
78 85
98 53
31 69
55 79
92 17
45 49
30 20
7 37
56 4
49 17
96 83
94 14
24 52
31 71
46 66
58 26
71 53
2 38
99 82
27 77
70 57
61 57
32 30
55 50
86 85
59 1
18 43
56 57
12 1
8 64
30 50
82 74
50 5
43 20
97 8
75 43
49 28
2 94
17 6
14 8
37 70
13 74
89 16
52 65
13 82
61 88
10 60
54 17
74 43
34 23
5 59
81 77
89 78
71 11
17 42
84 19
87 93
49 98
18 48
1 93
49 3
37 47
58 73
34 38
11 67
68 59
20 18
4 25
16 99
75 50
11 64
45 8
56 12
94 33
82 88
83 46
15 57
58 11
40 64
4 85
0 92
41 43
72 58
49 81
57 59
47 50
23 17
60 52
42 96
20 7
98 77
42 9
79 11
53 1
41 81
17 28
52 14
19 89
32 54
40 2
50 64
34 71
45 76
38 78
94 61
60 25
53 96
70 33
36 83
66 51
80 30
93 66
59 93
90 48
13 49
61 90
70 8
73 62
30 32
88 44
93 51
53 75
72 36
8 69
6 17
48 13
57 53
32 13
27 55
27 1
46 70
61 81
24 51
82 84
11 76
79 39
76 58
34 85
23 5
76 26
57 96
43 46
49 36
94 52
26 41
75 34
4 94
10 11
17 53
80 20
21 99
53 91
6 63
69 51
62 4
40 95
58 78
58 10
41 5
13 41
90 21
53 79
54 84
96 9
47 34
60 23
51 21
17 82
79 21
31 8
47 75
70 49
2 52
92 94
90 26
75 60
48 65
84 4
45 38
69 98
18 60
15 82
62 46
82 81
8 42
99 58
47 32
63 53
16 42
11 23
48 18
47 94
31 87
70 36
86 52
64 72
22 66
66 44
11 69
57 11
40 42
35 35
71 16
49 72
53 43
68 25
94 75
10 43
45 96
69 20
99 20
76 69
91 14
58 19
64 74
15 28
12 41
47 72
27 5
87 71
80 90
68 90
44 97
74 84
45 90
62 94
2 15
13 0
1 79
92 38
46 35
25 67
46 32
85 99
76 28
30 0
17 58
13 58
45 58
74 74
89 15
14 49
55 84
90 55
68 62
98 85
6 88
92 46
71 35
72 56
17 24
8 58
13 8
98 27
20 56
87 43
62 58
26 22
16 1
63 49
35 56
37 54
82 78
68 81
86 9
90 11
7 60
23 12
1 37
89 56
57 40
11 81
88 51
99 87
54 39
64 44
71 12
8 48
26 0
61 98
8 24
7 45
9 47
51 96
52 80
50 29
28 77
91 48
90 65
68 63
55 62
10 3
90 73
59 60
53 97
84 35
15 52
91 19
66 98
3 63
80 37
9 84
40 74
25 88
85 34
52 96
11 27
68 23
42 40
13 95
70 89
39 62
99 79
77 46
80 51
45 81
47 66
71 89
39 95
41 10
59 19
70 82
55 88
86 15
16 37
64 83
51 57
73 67
72 40
1 88
14 96
8 87
52 76
76 3
6 79
0 67
12 57
72 34
48 59
22 95
68 73
94 8
42 27
12 20
54 35
82 37
68 89
79 91
57 16
35 14
56 40
74 73
71 33
14 72
19 28
29 12
71 40
42 21
83 72
72 31
13 68
69 33
58 71
43 1
61 47
95 68
31 97
80 80
52 90
57 77
8 18
0 36
25 90
32 12
30 64
49 68
18 47
39 21
0 37
84 73
79 1
82 72
50 49
38 66
25 8
25 0
83 52
57 57
18 72
59 57
28 6
53 38
60 8
84 2
31 33
21 38
23 86
91 18
95 62
14 1
98 72
89 79
70 23
40 39
59 61
72 91
41 59
0 14
39 29
82 89
80 73
89 70
71 21
25 70
29 88
92 42
44 66
93 67
96 14
53 12
88 26
22 24
71 82
32 36
92 29
22 39
20 33
1 50
49 85
68 1
90 18
23 91
38 99
32 74
29 23
43 59
89 0
75 94
58 44
41 93
42 74
98 73
16 35
29 37
19 8
22 53
71 20
10 20
33 62
2 7
61 87
33 80
69 75
11 12
21 96
20 93
42 11
79 96
91 32
84 98
46 50
17 33
20 14
3 41
17 80
12 60
34 22
34 32
33 91
53 21
12 38
76 92
71 2
50 2
96 25
44 47
22 8
60 51
47 88
64 93
11 92
70 51
62 50
75 2
41 0
43 9
57 50
36 85
80 53
75 91
17 78
84 37
43 8
76 6
79 68
3 31
98 78
59 0
16 12
19 66
56 84
23 48
64 63
65 83
35 77
70 28
83 37
35 37
9 65
86 86
48 62
28 21
18 27
46 36
80 89
31 16
13 86
45 34
34 96
63 76
52 8
17 37
79 10
4 49
37 98
35 18
91 58
27 70
40 45
2 4
1 90
85 53
23 84
89 46
83 3
36 23
96 50
15 73
65 99
55 16
64 37
87 77
28 26
85 81
62 33
38 31
53 41
74 16
60 15
95 99
95 79
60 84
20 99
44 98
84 74
29 10
33 11
60 92
30 81
5 74
68 33
18 26
93 85
42 47
32 37
38 82
2 0
66 81
3 91
35 92
11 42
62 11
26 88
32 61
97 52
22 35
74 98
64 55
42 12
8 1
51 81
17 81
77 10
40 9
50 6
30 97
18 50
91 92
73 74
15 16
17 48
22 17
2 71
34 49
6 76
81 79
81 53
25 23
48 6
84 38
38 49
4 52
79 51
79 47
45 45
56 58
44 46
94 28
64 31
92 53
85 70
17 99
20 74
6 7
60 95
50 61
62 38
61 33
89 69
25 32
96 24
17 25
14 67
6 66
83 47
71 41
11 19
98 5
55 38
55 83
51 94
71 57
22 12
42 97
44 91
41 12
19 31
31 72
92 39
38 28
78 70
66 1
52 1
45 7
92 33
85 52
21 40
42 54
71 26
22 63
32 19
67 80
19 91
20 26
81 80
93 74
86 81
80 32
69 9
34 57
5 27
92 9
20 57
36 64
99 96
15 93
43 14
97 20
50 33
82 50
8 63
57 63
0 6
28 15
66 83
12 68
9 86
67 34
37 39
38 13
58 90
55 93
46 82
33 83
29 54
31 5
55 40
80 81
82 10
22 81
40 52
53 76
74 44
47 11
98 96
69 92
11 29
1 73
83 54
41 68
41 66
81 39
42 24
77 39
16 75
97 33
20 78
46 9
67 82
71 22
95 52
55 60
30 3
51 11
98 94
32 17
26 42
8 85
99 37
71 34
21 64
11 55
24 27
37 58
45 55
0 69
77 3
17 70
58 51
28 29
73 68
69 8
33 23
22 33
18 84
78 56
69 76
11 9
36 71
81 0
35 67
55 45
1 12
48 64
74 30
37 41
44 80
94 78
0 45
79 71
33 51
68 68
62 15
24 45
76 78
13 9
70 73
30 35
90 3
50 8
62 55
89 41
69 81
4 72
87 11
99 78
1 22
34 34
2 81
66 45
95 67
17 18
88 40
33 99
25 46
46 43
2 68
33 35
98 70
16 62
46 54
39 48
61 40
23 65
54 34
95 31
11 5
77 24
19 3
46 22
22 40
68 88
29 33
23 34
61 17
88 72
65 24
24 56
61 76
60 97
18 40
70 9
73 91
71 98
54 23
39 89
9 83
20 62
42 15
15 5
54 67
70 12
61 74
72 78
59 37
87 89
49 44
20 36
92 60
14 48
5 77
8 81
26 48
67 20
94 17
74 88
68 5
61 97
51 74
67 5
23 10
32 71
85 85
44 19
86 83
34 15
39 80
23 36
57 29
78 8
45 28
50 37
67 37
32 35
47 77
96 32
28 42
7 42
24 35
34 99
92 4
5 40
49 40
49 30
97 57
32 97
75 70
52 20
51 93
53 66
80 5
75 8
55 3
75 67
64 66
72 9
8 29
79 61
89 73
31 12
69 93
96 70
72 92
20 81
64 12
44 38
85 27
11 45
24 17
93 76
48 55
34 91
86 68
82 97
7 75
42 50
59 78
33 87
21 13
20 19
83 63
73 36
85 45
49 35
33 4
28 22
18 49
73 6
27 23
89 1
50 13
42 68
22 62
90 35
3 80
36 48
49 0
26 1
43 72
92 37
44 64
55 51
8 14
31 85
24 12
13 10
26 97
88 88
0 89
94 46
2 12
37 86
38 64
12 17
49 18
88 79
48 75
30 53
53 45
28 64
30 4
6 71
93 7
68 51
50 99
68 97
93 68
31 4
52 34
91 52
51 45
42 82
47 12
17 65
51 56
55 31
12 29
43 62
51 31
53 68
12 13
78 95
21 53
50 41
65 68
77 21
76 83
17 85
3 29
37 93
46 56
11 24
30 25
25 65
99 28
3 17
36 62
52 27
12 90
81 64
27 85
98 13
56 0
94 25
61 66
8 47
52 84
53 6
24 69
35 21
14 86
1 38
83 96
61 95
29 41
36 14
94 18
15 99
89 49
21 88
83 7
50 0
2 65
10 7
24 71
13 21
41 72
49 5
14 37
52 97
95 92
75 79
91 12
62 63
39 17
32 64
61 77
10 90
72 20
91 4
89 81
22 90
82 55
46 48
70 96
54 46
32 85
53 60
69 32
7 91
39 39
56 29
94 54
72 53
70 43
20 47
54 70
88 82
28 32
14 75
19 68
92 31
70 4
49 67
55 78
52 64
41 18
45 48
6 68
9 56
18 62
21 95
34 46
70 81
46 96
95 16
99 40
34 8
17 63
75 31
13 23
60 57
20 75
16 84
26 55
80 65
93 1
32 26
75 6
87 95
97 29
71 68
75 98
55 1
2 50
68 42
56 62
97 3
39 13
17 11
51 72
76 62
72 19
10 63
11 18
0 44
89 64
67 43
59 21
71 10
5 34
85 93
50 58
48 52
52 29
21 10
78 20
36 81
69 30
41 83
77 57
66 95
4 46
68 87
29 55
87 44
56 67
51 38
19 92
54 40
15 83
21 55
34 18
87 79
7 10
90 31
85 67
91 40
30 91
22 4
2 92
28 60
72 45
12 72
80 94
94 26
83 45
73 54
65 34
84 26
57 33
92 1
62 59
91 80
58 55
25 64
62 66
12 55
97 66
92 93
75 52
4 22
76 67
4 38
93 4
65 67
88 48
24 55
92 30
60 47
48 2
54 98
53 56
32 62
67 96
91 60
27 73
70 16
85 13
72 49
5 49
3 75
16 20
35 62
83 79
27 94
65 47
35 4
76 73
94 49
94 97
41 1
41 65
91 59
29 99
0 90
9 35
6 91
6 9
14 14
40 18
87 41
4 8
4 56
13 99
80 46
10 48
94 63
29 87
43 56
18 59
2 28
88 23
2 72
69 3
36 29
50 57
25 21
43 7
44 88
24 14
81 63
65 71
62 18
36 12
81 83
78 51
73 70
98 2
0 20
88 86
90 16
98 38
84 48
86 4
87 99
15 86
42 72
40 38
62 6
37 32
56 32
87 23
67 95
51 32
56 43
43 77
96 62
37 23
11 72
89 4
45 27
68 96
27 98
78 61
35 98
13 65
70 83
34 39
15 29
15 71
25 79
42 25
40 24
60 93
51 52
61 60
19 50
41 35
83 74
95 45
23 60
52 66
71 52
50 3
55 82
54 63
51 24
30 28
67 6
97 34
49 12
40 58
40 91
17 66
41 90
66 90
64 40
59 88
97 89
61 91
92 50
63 57
86 54
69 59
9 97
28 70
51 7
63 91
42 86
64 16
27 61
49 7
93 61
38 17
86 1
51 62
46 62
7 8
60 39
47 19
72 72
29 35
19 6
1 25
26 54
37 91
58 45
37 80
69 73
36 93
4 90
73 43
34 97
15 79
34 68
4 17
3 25
84 62
94 94
45 25
43 5
81 90
37 35
80 88
52 81
55 77
11 93
95 1
34 2
55 7
77 25
59 5
56 85
82 7
14 33
11 54
56 80
68 34
43 19
44 61
82 22
49 21
93 53
85 43
19 70
1 43
93 86
55 2
14 13
76 56
91 53
74 85
20 79
31 22
90 43
7 78
4 51
40 28
51 99
22 32
21 48
99 6
74 53
99 55
97 79
44 9
8 70
61 64
20 77
29 89
99 70
53 70
70 70
76 55
99 60
51 10
19 43
16 92
27 15
1 23
4 44
14 84
5 36
82 66
85 22
37 83
51 5
94 7
82 2
30 85
5 32
37 40
77 61
9 46
34 17
46 83
84 10
67 57
75 4
72 41
43 68
39 92
1 77
26 39
58 72
19 54
58 89
12 2
73 38
0 12
58 81
46 33
65 28
25 10
42 22
5 46
3 14
68 30
40 88
76 59
60 19
31 7
65 55
82 17
43 91
11 83
66 73
25 11
57 82
39 84
66 26
10 13
69 49
54 24
69 0
12 33
50 70
96 90
75 10
90 53
37 94
20 59
38 18
52 63
22 49
72 54
59 89
37 59
68 77
82 28
44 3
56 5
75 62
19 72
67 75
20 40
16 32
50 40
50 18
18 3
39 93
69 24
61 12
98 22
1 84
27 60
35 32
11 79
19 4
17 13
97 99
2 53
4 24
70 27
89 90
53 15
67 32
93 35
47 70
38 40
71 87
0 33
61 71
56 54
16 90
70 53
38 91
28 20
22 94
95 11
42 3
44 89
81 86
99 3
95 13
72 85
59 69
58 58
79 66
60 91
23 81
12 46
10 38
46 21
94 55
40 0
22 54
47 16
50 34
39 26
64 92
38 93
20 52
61 42
51 4
88 97
22 84
54 74
62 72
55 98
44 1
21 72
80 6
12 80
99 88
3 12
7 30
8 11
79 23
61 23
36 86
16 86
95 69
13 78
29 18
0 22
13 76
0 66
9 21
93 17
10 98
25 71
36 79
23 27
29 21
28 84
78 27
56 18
83 87
37 64
28 72
76 5
77 62
61 31
20 89
2 45
95 21
68 79
86 8
69 7
8 59
65 18
22 92
7 36
84 39
45 31
37 25
59 82
74 52
33 43
88 16
59 38
34 75
67 48
55 95
78 42
48 4
95 70
16 77
43 52
23 76
23 68
18 31
42 76
5 53
16 70
57 38
5 28
38 21
95 2
9 91
51 86
50 46
83 99
35 31
62 89
32 41
3 13
15 14
12 69
58 23
90 7
36 4
24 33
25 72
47 68
76 90
54 83
41 19
4 81
48 50
94 80
78 57
28 53
21 5
39 61
52 59
80 57
1 46
7 69
30 7
30 18
85 2
93 36
10 39
97 1
98 10
86 19
53 8
35 36
73 89
14 40
90 33
81 7
83 70
71 74
83 75
14 82
53 20
86 79
88 89
19 83
44 35
7 44
37 46
48 67
21 61
57 9
65 2
39 96
85 38
46 89
19 79
33 2
21 65
89 20
92 79
67 55
11 56
31 96
78 86
23 63
67 14
15 2
42 43
81 9
84 11
14 15
48 3
60 50
90 96
28 13
1 18
37 30
86 27
5 54
84 13
92 97
19 73
80 22
20 70
42 7
1 91
25 22
64 26
53 7
56 34
30 71
22 27
58 88
31 86
61 73
87 91
30 73
75 36
40 14
97 23
98 84
20 82
70 14
6 43
19 55
60 36
28 45
12 73
75 73
75 82
9 0
17 21
34 55
82 52
90 51
6 15
26 49
73 51
98 80
54 27
25 96
76 2
74 86
62 27
34 69
16 40
48 63
40 11
98 66
75 63
95 12
61 32
90 69
67 18
64 69
34 13
70 31
80 82
53 62
73 53
2 86
92 91
45 15
14 74
99 81
85 98
57 80
77 85
59 84
66 11
91 84
47 63
10 46
90 82
52 11
80 3
39 52
4 4
58 84
74 40
47 45
32 18
0 70
82 98
17 90
86 47
6 94
12 34
26 82
48 26
54 55
87 29
80 41
78 68
52 24
41 99
46 94
66 25
27 7
41 60
29 74
53 69
42 26
77 68
98 71
43 75
8 16
90 99
5 14
89 35
32 8
27 13
42 2
0 21
74 28
14 6
84 9
57 60
69 4
45 10
92 35
68 69
98 74
53 73
11 94
57 0
99 4
66 63
74 4
10 57
55 36
6 42
83 83
30 41
98 62
11 71
4 41
50 82
34 66
62 68
38 19
93 92
20 46
48 21
18 97
41 8
36 60
62 42
11 77
0 97
47 39
90 89
19 25
10 30
90 93
46 34
79 69
46 68
50 67
63 13
16 96
63 2
81 2
29 86
99 57
31 52
72 87
12 47
67 41
45 52
9 8
44 26
27 21
58 22
37 48
43 90
15 13
9 16
8 75
65 69
99 2
1 51
23 8
74 51
46 60
11 14
0 40
56 2
0 81
20 53
91 68
52 19
75 68
5 41
89 24
70 55
10 76
98 39
39 87
53 28
29 45
95 63
86 89
98 36
67 91
97 70
95 82
2 64
44 71
89 86
9 80
34 12
14 24
16 29
87 80
24 5
80 31
47 0
89 36
31 93
2 90
30 66
12 36
21 9
67 81
26 63
49 43
29 3
84 6
98 28
61 5
88 57
32 38
18 51
5 45
0 84
49 52
65 90
13 34
67 29
70 25
81 81
31 26
59 83
26 75
43 2
73 32
68 10
47 64
33 64
16 19
79 80
25 9
44 34
77 95
37 26
95 48
30 9
81 1
43 74
26 86
75 22
91 49
40 50
20 87
56 45
64 36
70 41
76 44
84 76
32 98
67 58
21 92
64 89
95 60
75 55
80 58
49 27
15 89
29 2
99 83
45 77
92 64
99 74
79 49
17 43
22 51
55 28
73 64
77 73
76 82
48 30
85 1
98 51
65 84
94 21
28 63
0 57
73 60
69 83
50 36
66 54
6 54
7 99
96 7
48 76
83 57
20 6
42 81
87 75
18 0
64 94
4 23
67 8
46 95
15 53
72 23
39 58
65 74
54 85
63 51
98 63
69 27
12 31
22 47
9 68
49 58
99 61
40 6
5 57
3 84
85 35
86 21
39 14
82 27
22 29
39 33
27 48
6 78
50 69
97 63
13 61
62 84
43 38
43 80
31 63
99 69
26 52
97 76
2 37
17 9
99 86
2 98
16 2
50 78
87 8
45 64
41 31
33 50
67 63
72 77
37 50
24 50
49 65
16 8
95 66
73 48
55 49
53 93
24 66
20 67
43 83
39 46
48 88
15 21
81 28
26 38
17 88
24 26
32 23
93 49
39 10
32 2
15 32
91 3
87 39
0 0
59 67
46 84
25 34
28 87
42 63
76 65
29 70
12 35
69 61
74 18
96 54
79 40
74 5
10 52
2 58
73 83
15 63
36 42
12 62
61 49
17 92
28 96
30 67
73 80
31 61
27 42
2 33
56 65
22 87
22 13
81 56
2 66
2 69
47 28
99 7
42 41
42 51
22 70
78 43
59 48
0 46
71 17
4 57
59 12
23 57
9 55
92 27
14 4
0 99
25 55
15 66
37 37
80 62
82 12
19 38
93 91
12 48
64 48
37 5
85 62
22 50
39 59
29 31
69 66
40 48
90 72
73 24
72 67
44 52
64 52
19 48
31 35
20 69
0 26
96 1
48 66
63 20
14 25
15 46
67 72
6 40
98 88
73 9
40 43
52 61
0 41
0 29
61 58
2 3
67 88
81 74
18 18
72 16
43 31
98 7
35 59
45 82
66 55
93 79
21 2
45 72
55 85
50 87
7 35
18 33
85 65
1 27
23 61
92 77
96 85
25 15
98 11
11 39
11 13
28 68
7 57
64 18
52 60
14 45
46 19
70 60
2 93
7 87
54 10
88 3
54 73
46 7
20 61
63 84
24 76
60 56
80 60
78 87
42 37
15 92
1 11
63 24
93 20
84 78
56 74
57 56
80 34
17 77
69 15
62 19
11 30
61 15
28 37
36 58
48 12
52 45
75 97
72 22
33 63
60 70
33 52
48 80
28 62
49 80
47 62
68 78
17 15
37 15
95 14
61 67
32 28
86 16
29 50
32 43
2 11
79 44
76 34
25 57
62 52
28 85
16 49
29 58
58 80
19 60
49 69
73 44
33 89
30 33
16 51
38 97
57 31
8 37
5 61
1 72
43 4
10 47
23 1
53 0
65 49
39 2
91 83
49 62
57 17
97 72
97 54
22 10
84 16
31 65
86 94
16 31
97 2
33 39
84 75
65 92
73 78
1 15
42 0
8 54
90 9
48 93
59 50
57 65
23 30
60 69
49 51
94 11
1 8
96 63
82 5
43 96
22 79
72 90
54 13
54 78
4 43
89 28
6 85
8 10
4 73
55 65
42 95
58 75
98 56
40 65
74 47
50 86
51 30
86 55
72 74
82 34
27 58
67 46
28 36
69 10
33 93
91 82
95 41
51 76
7 95
26 28
17 60
73 8
8 6
19 16
18 92
86 49
64 10
98 92
52 28
4 12
52 72
37 13
15 31
91 5
82 33
74 81
9 90
58 9
0 3
36 57
42 1
74 95
71 24
44 22
22 11
57 41
62 74
90 25
99 18
84 40
86 22
35 84
10 68
37 55
30 68
98 76
74 83
18 94
35 46
47 18
34 50
66 99
75 11
18 95
1 62
49 93
11 62
79 88
60 55
59 8
61 30
25 73
40 16
34 36
76 81
62 97
3 79
62 16
94 24
82 13
2 80
22 9
56 77
81 91
49 87
11 36
5 67
62 64
56 25
32 68
98 44
11 57
48 43
87 24
33 30
87 2
65 58
69 29
77 15
93 89
38 68
6 3
88 19
87 94
92 81
69 91
64 64
5 0
30 49
22 3
27 47
53 95
55 52
31 9
43 87
30 77
35 13
84 91
90 98
0 59
9 31
92 32
93 46
5 92
36 45
65 37
19 11
60 98
43 39
15 59
6 81
98 25
24 64
69 79
27 52
66 16
90 87
58 67
63 66
10 94
90 24
94 58
64 50
98 40
69 58
26 94
70 93
19 46
33 84
21 27
19 63
76 19
67 61
12 99
43 25
73 39
88 67
43 50
17 22
87 58
72 96
48 58
78 89
94 30
47 26
22 59
48 92
29 22
79 29
92 99
48 53
73 87
64 61
50 25
94 2
94 71
27 80
84 50
57 5
63 94
2 78
78 50
94 32
46 76
20 83
69 17
62 7
2 97
83 6
67 78
30 8
49 59
47 83
36 98
21 77
24 11
71 37
35 12
83 58
28 34
14 56
23 83
30 43
73 15
81 16
25 95
61 92
77 26
4 2
62 54
62 44
79 65
32 32
36 75
14 12
33 74
55 68
13 97
86 84
94 69
49 55
11 47
43 64
71 44
77 34
51 15
6 84
59 17
49 45
38 5
44 82
96 27
62 53
51 26
97 75
54 21
65 10
10 69
52 94
27 79
28 24
46 1
96 12
22 7
65 96
15 64
84 60
30 40
62 29
7 77
80 12
17 23
74 15
50 23
30 94
29 82
95 94
25 56
24 75
12 82
74 59
77 30
8 23
91 62
45 97
26 58
95 53
29 4
81 40
24 38
83 90
54 31
7 71
34 54
17 10
59 65
88 5
15 56
19 15
43 88
30 59
79 56
74 9
5 80
99 25
93 99
95 89
89 9
43 17
56 47
2 96
66 38
78 49
43 95
82 24
98 18
32 63
28 12
53 89
58 30
72 13
91 75
49 83
12 4
30 46
45 19
45 57
57 83
31 42
52 6
77 14
41 53
57 10
41 95
96 65
92 78
85 95
98 46
14 10
61 0
62 9
45 24
96 76
87 3
46 2
30 54
4 15
0 27
41 48
49 89
80 40
61 37
2 24
44 6
23 74
70 20
40 15
5 29
67 23
34 44
70 47
63 89
82 49
92 44
87 17
39 23
82 31
76 13
42 70
87 57
23 50
66 10
16 26
1 9
58 40
81 68
96 34
56 97
37 12
96 67
97 31
38 50
89 30
54 77
81 6
35 91
84 72
8 65
65 93
97 49
4 68
50 79
61 11
6 41
57 1
98 58
12 10
92 19
50 52
87 46
87 65
72 61
70 48
61 54
48 31
58 76
86 97
9 48
10 89
93 98
87 69
93 3
98 41
65 77
4 58
13 98
91 31
66 28
30 74
73 30
25 69
74 7
62 88
26 32
93 19
15 27
1 87
84 70
19 96
76 88
34 74
35 52
44 24
31 57
50 50
33 53
87 51
16 79
36 11
41 85
67 98
21 85
34 24
82 15
66 5
23 73
79 79
16 67
86 91
57 44
64 57
90 86
63 38
36 31
93 65
75 53
35 7
96 56
19 51
15 19
30 89
8 41
23 28
64 41
47 4
68 66
64 84
77 99
18 87
39 63
42 33
75 95
60 6
46 30
48 70
48 51
26 15
77 71
50 80
92 84
74 50
69 12
18 58
13 51
42 49
46 27
61 46
56 10
62 35
63 60
74 38
2 8
68 61
96 98
0 18
95 59
4 20
61 2
23 9
28 51
41 67
70 22
80 99
84 54
27 27
21 0
95 38
94 40
37 4
76 66
9 13
70 86
88 87
79 6
43 33
41 86
30 38
52 7
67 3
73 25
34 14
57 12
88 98
90 91
18 53
3 82
77 48
76 43
26 99
27 30
14 68
46 3
85 44
90 54
90 97
9 2
75 21
57 79
96 3
65 98
99 11
15 47
98 30
78 65
24 44
26 67
62 26
93 9
60 38
22 69
17 94
43 24
91 30
37 43
71 80
52 48
32 47
63 19
13 29
11 84
35 57
51 80
12 96
78 4
41 30
24 60
58 4
32 24
16 10
8 84
72 35
33 96
43 36
79 13
80 96
57 78
27 97
7 56
46 12
9 74
7 5
57 89
48 97
79 57
69 63
86 43
11 98
75 29
27 34
50 45
89 17
24 42
72 15
83 21
66 47
97 81
44 70
4 50
70 77
92 11
81 8
84 93
16 89
73 88
15 50
18 21
96 53
84 55
49 56
41 74
62 91
50 20
41 97
52 57
88 18
60 29
47 40
41 51
42 10
83 88
3 10
42 30
20 63
25 12
67 65
27 91
57 19
5 12
26 43
60 62
89 61
97 12
3 68
34 47
7 32
83 67
73 20
60 41
6 14
2 73
55 47
39 75
27 78
69 23
84 79
33 70
54 37
14 43
30 93
6 46
39 35
37 75
73 47
57 13
38 95
73 50
22 55
14 92
82 45
75 74
37 85
94 13
92 80
10 35
35 74
47 48
71 70
55 14
66 15
4 77
71 72
82 9
24 80
54 58
50 96
28 79
2 55
97 45
47 46
79 84
40 44
0 62
89 34
90 29
70 29
99 99
69 34
58 8
95 40
83 40
82 68
2 19
95 44
59 85
31 10
72 71
4 71
83 12
28 7
21 52
95 86
77 41
21 80
95 15
98 52
57 69
31 6
47 91
3 52
72 62
29 24
93 30
71 88
70 18
51 19
0 10
96 72
53 63
14 16
91 13
31 67
28 66
53 81
98 64
49 15
78 74
83 55
22 68
28 57
38 75
63 95
41 92
8 25
38 85
8 83
25 99
16 94
30 70
43 98
97 98
35 82
32 1
21 15
95 33
22 25
89 59
34 6
50 59
35 22
51 41
79 72
1 19
12 5
48 27
26 6
29 64
59 30
46 97
4 97
5 85
7 63
26 36
91 69
31 50
8 62
12 30
46 49
86 73
81 88
25 53
14 18
21 7
91 61
38 73
18 96
61 70
56 20
1 64
14 98
91 50
20 50
32 31
30 88
52 93
95 65
8 43
37 77
99 36
52 3
31 29
93 25
76 0
6 18
17 55
0 49
8 5
7 6
87 67
62 3
61 62
1 48
41 71
39 22
94 3
14 80
35 54
94 86
57 97
69 31
99 15
15 20
88 80
20 9
39 4
99 80
88 90
95 75
89 98
9 59
9 63
16 82
78 58
17 59
16 98
39 77
13 7
48 20
18 83
11 35
67 22
10 37
5 26
30 96
32 49
0 93
34 31
36 63
54 42
32 89
81 10
60 87
75 88
51 44
72 57
54 8
61 41
89 7
33 58
51 17
30 98
50 65
45 74
28 46
54 28
74 2
30 61
45 78
15 42
55 15
49 73
13 85
15 10
59 4
40 33
85 10
16 93
27 20
86 42
59 16
45 60
0 23
20 29
60 99
5 50
63 47
65 27
66 31
23 11
91 37
18 1
88 20
48 61
67 40
46 67
24 48
31 53
92 86
43 79
89 74
37 63
96 51
70 64
12 53
87 38
37 73
32 90
16 14
50 21
3 99
11 59
77 72
44 10
33 10
45 73
26 24
6 98
12 64
81 50
90 57
74 20
71 93
35 53
64 49
10 55
49 13
82 91
62 87
44 69
37 9
83 93
83 76
87 59
80 67
20 8
22 31
83 62
30 63
35 19
49 64
93 52
15 33
89 97
50 66
74 92
4 70
96 91
1 39
76 52
78 3
45 33
10 81
95 30
38 37
23 23
37 16
25 97
27 43
62 62
61 45
1 42
35 49
53 48
38 7
44 76
62 86
11 17
69 94
12 54
60 63
41 7
27 81
52 49
22 19
81 55
76 41
75 20
80 39
76 71
60 82
25 33
92 82
41 17
56 64
98 47
31 91
7 15
20 51
56 52
17 16
6 59
77 74
98 21
26 2
79 48
87 10
18 78
54 82
99 98
10 77
73 2
96 59
11 53
57 45
95 23
85 23
13 88
21 81
21 4
31 18
24 70
68 60
56 42
22 57
64 24
90 92
12 7
80 74
88 35
62 93
85 76
44 65
14 11
10 28
42 84
0 13
45 2
15 65
22 18
18 46
3 9
0 4
33 19
81 37
73 69
85 89
93 31
59 66
12 16
60 61
83 81
31 43
77 89
27 82
69 84
95 85
26 8
46 42
56 17
68 21
68 48
78 25
18 91
34 0
96 39
5 2
37 97
95 47
78 99
29 11
23 79
47 13
59 54
37 20
48 48
5 99
66 48
32 45
16 25
53 52
14 99
40 37
61 83
35 73
59 53
76 98
86 69
79 9
12 84
46 73
53 82
79 94
56 66
10 73
36 82
67 39
78 10
12 50
88 25
87 82
11 26
80 21
40 25
85 37
65 13
79 25
66 96
15 22
5 47
73 73
3 81
36 16
83 34
19 94
47 47
79 67
53 61
43 27
54 89
91 51
4 93
30 27
88 50
12 44
80 64
92 76
92 71
92 98
63 39
1 16
66 3
73 75
15 8
86 53
39 85
43 0
11 89
62 78
58 33
10 17
43 81
99 26
80 49
65 91
24 39
75 0
10 9
69 71
42 35
63 6
36 34
4 67
57 81
41 98
50 76
15 98
82 99
27 28
26 98
95 35
97 78
74 77
70 72
57 14
20 37
83 38
11 20
75 77
53 77
67 56
63 92
14 41
97 5
90 70
14 64
71 30
93 23
57 86
38 72
89 18
72 44
63 81
12 75
38 59
46 74
11 49
63 26
16 59
52 78
88 46
91 70
47 14
28 33
92 52
3 2
4 37
23 37
7 41
99 65
17 8
30 60
36 78
55 73
92 72
97 18
33 6
15 72
23 21
19 0
98 69
69 39
9 33
77 56
63 21
55 37
9 64
7 17
83 56
79 4
16 30
47 3
83 51
48 81
75 38
4 98
15 25
13 52
95 61
16 24
78 94
79 38
85 60
30 84
36 55
39 94
52 79
21 86
58 41
36 91
10 0
33 68
81 97
6 34
46 53
97 46
29 90
31 56
9 10
11 65
26 17
17 76
31 59
13 27
69 74
95 73
63 56
30 34
53 65
1 10
65 86
77 43
90 95
69 37
31 23
92 0
16 50
14 21
64 38
95 95
71 99
55 94
4 61
51 6
50 95
33 29
43 61
52 83
37 28
89 66
71 27
87 84
93 14
16 23
35 65
75 24
32 79
0 95
63 10
4 34
36 19
27 29
56 93
2 44
85 82
96 13
13 50
88 68
65 88
93 18
72 94
48 7
3 74
84 80
61 51
94 84
69 77
80 69
34 81
36 92
67 85
10 14
20 55
92 28
71 75
67 1
40 71
64 14
27 33
33 24
29 81
30 22
62 34
15 54
44 74
62 61
41 27
47 44
16 4
32 83
69 78
15 9
82 67
99 32
68 49
2 46
81 30
4 82
99 89
57 72
55 43
80 72
55 71
64 32
79 50
23 38
93 32
34 61
74 46
68 71
68 19
59 14
31 51
79 60
22 23
27 57
38 15
29 96
55 34
53 34
15 41
79 77
91 26
47 22
61 14
29 38
84 21
61 52
89 89
54 33
82 26
82 11
45 23
16 27
22 34
75 92
53 53
68 58
23 56
39 97
66 40
23 19
14 28
50 94
58 37
70 50
24 3
7 28
8 88
25 18
97 14
3 72
14 57
51 87
7 38
98 45
45 80
58 98
78 47
13 36
78 77
22 43
38 22
63 48
37 10
23 20
31 95
39 25
22 44
24 77
43 41
89 76
83 80
38 74
9 82
1 31
13 28
41 28
71 31
58 62
33 44
60 96
64 7
5 19
29 62
9 57
93 97
19 97
32 72
92 95
3 15
14 60
76 31
85 47
62 28
52 31
63 54
42 46
67 19
11 73
45 5
81 89
28 30
51 51
59 52
71 3
63 12
23 99
25 36
23 29
12 23
83 28
46 98
58 7
66 62
67 2
43 35
2 25
60 79
72 37
37 60
60 28
19 69
93 71
30 51
68 57
60 17
48 77
96 0
33 1
75 71
31 30
28 94
65 48
63 59
77 84
9 94
86 7
1 71
31 24
85 77
60 45
25 14
96 74
87 92
84 84
7 83
29 43
12 87
53 30
78 78
24 18
0 85
99 64
14 27
49 2
90 94
96 52
9 37
60 32
26 96
71 73
80 14
41 14
62 60
0 1
67 30
80 13
67 26
17 29
47 82
85 64
82 64
56 78
52 44
69 69
51 16
94 10
47 21
51 43
5 63
8 98
30 95
53 18
30 6
28 83
55 39
45 89
69 67
49 70
13 48
60 74
43 73
36 65
21 59
61 75
2 42
13 87
91 63
39 50
96 6
95 24
30 55
69 43
59 2
23 39
20 64
72 82
42 79
92 23
4 80
25 26
73 94
45 13
88 61
83 43
65 51
38 6
95 55
57 22
25 50
40 35
30 44
91 2
25 61
5 60
56 14
16 85
78 7
13 56
92 25
50 27
93 41
91 22
96 33
34 64
42 45
62 32
33 77
33 32
43 60
5 13
36 74
26 26
56 90
77 35
66 32
13 59
33 0
78 64
94 82
59 32
1 52
42 67
86 0
44 11
87 4
53 87
52 39
38 42
1 81
28 59
36 89
89 43
12 97
17 50
55 99
92 7
18 29
24 90
78 6
27 17
84 63
30 80
45 68
34 21
25 41
88 85
56 24
92 47
39 24
25 42
48 38
35 51
91 15
99 71
74 26
42 52
50 98
29 53
80 48
39 51
35 40
87 13
99 13
25 43
55 8
45 35
73 35
15 4
91 35
86 50
68 76
88 71
32 20
66 79
3 26
41 56
13 72
94 41
4 86
21 39
47 84
19 14
22 75
53 3
42 64
8 12
5 39
64 9
97 36
51 49
62 2
0 79
90 20
22 45
83 71
29 68
68 39
80 27
23 85
53 47
40 23
41 58
85 63
76 8
68 74
6 25
51 90
79 86
14 90
10 99
45 50
1 58
48 99
50 24
75 27
99 67
34 86
72 76
22 42
68 70
24 43
58 14
61 22
27 9
40 76
1 30
66 91
91 38
44 72
26 10
43 57
50 63
1 69
4 91
41 69
57 90
2 95
85 56
99 93
35 41
67 53
47 2
83 41
63 35
45 86
41 44
82 6
33 71
88 96
21 66
74 13
70 65
60 31
42 44
65 39
62 24
57 34
97 40
33 88
99 29
59 86
34 3
97 53
21 87
24 78
76 54
35 86
70 30
6 23
93 77
6 83
92 5
86 11
20 45
98 31
59 97
90 13
79 90
31 89
98 89
97 95
87 31
54 6
22 46
9 67
59 3
98 6
40 22
90 14
53 25
57 47
99 24
49 25
67 7
65 85
27 89
34 7
41 3
7 18
58 68
46 15
78 24
97 41
54 16
17 93
51 75
24 31
66 36
24 96
87 34
45 9
38 51
91 45
79 42
63 33
20 49
86 14
7 90
23 18
75 58
84 29
19 47
38 70
41 41
74 91
51 35
25 78
75 48
86 33
40 75
85 69
20 12
28 81
24 82
32 14
91 25
81 92
27 49
84 44
48 78
6 87
3 56
87 76
66 67
26 83
83 14
85 5
59 36
9 85
9 79
99 54
11 25
59 43
13 93
49 41
74 71
66 60
35 87
5 81
91 24
14 0
11 10
10 74
52 22
94 5
81 48
71 63
85 80
35 96
5 94
96 60
28 80
29 85
33 20
66 93
92 58
80 97
79 76
27 0
48 94
75 28
96 30
18 69
24 0
89 29
17 38
11 50
36 53
5 65
73 93
4 60
82 14
82 46
76 50
16 38
96 41
77 50
74 66
67 86
47 6
12 74
38 86
44 29
30 21
52 43
0 2
96 88
80 92
33 16
48 46
77 79
54 75
71 71
93 29
9 50
78 44
30 58
97 73
10 2
20 85
59 13
11 58
70 13
1 4
55 69
24 54
54 79
58 28
77 36
55 24
84 30
23 66
54 32
48 71
6 52
96 22
64 33
77 81
11 52
19 49
87 74
53 74
26 33
34 5
11 2
44 56
54 57
21 22
75 40
3 5
60 33
43 92
69 5
3 65
9 93
20 30
33 14
8 17
80 78
71 94
21 16
0 98
69 97
21 37
97 9
14 94
97 30
54 36
83 17
36 97
81 31
3 62
43 6
37 33
30 23
35 42
47 60
7 67
92 43
29 25
33 97
19 32
4 32
76 75
65 41
62 40
97 64
42 42
61 53
37 69
17 20
55 97
23 70
20 23
62 0
21 42
56 23
37 21
55 33
13 2
73 16
8 90
33 34
90 47
63 32
39 49
31 49
59 95
93 45
97 91
26 27
12 98
82 51
26 20
79 35
33 85
56 91
26 71
7 54
96 2
31 78
82 87
89 25
81 62
31 17
57 42
6 8
78 39
10 15
86 37
13 11
31 45
83 64
84 92
76 49
89 91
18 34
87 73
5 51
83 85
44 39
3 90
87 48
70 17
45 37
85 8
97 39
44 59
68 37
27 86
80 47
83 69
65 19
0 94
77 12
34 73
0 19
95 76
71 46
43 55
91 23
76 15
53 39
70 74
21 57
99 42
57 76
62 92
75 18
60 18
0 78
50 84
77 96
29 1
85 92
24 67
71 0
32 57
60 94
14 95
42 75
98 60
5 21
48 41
5 15
73 33
91 39
29 6
5 7
51 67
32 15
74 94
40 82
52 21
42 62
34 77
20 91
68 40
18 98
95 56
32 91
46 71
8 39
75 51
23 95
96 43
59 49
40 40
64 19
4 95
90 10
69 18
33 5
23 33
38 87
9 87
50 15
52 26
58 12
33 55
50 62
29 65
99 41
9 20
18 65
50 12
1 45
16 36
73 22
61 16
76 57
10 42
73 61
74 37
40 36
34 72
13 30
67 50
97 60
86 41
81 22
74 45
14 46
38 83
54 92
62 70
24 79
10 12
52 74
81 18
4 88
63 40
34 43
0 76
8 95
26 81
34 33
56 53
75 47
59 80
89 80
45 36
54 18
81 72
24 22
96 49
81 13
91 21
11 4
40 27
36 3
68 46
73 28
88 12
63 63
47 29
90 28
75 59
96 21
9 42
47 74
6 2
0 55
36 1
71 79
60 58
29 8
11 48
86 99
19 87
87 88
47 27
68 91
65 65
99 22
45 59
8 9
33 21
73 4
18 37
18 64
63 0
94 70
14 26
66 22
53 5
36 69
29 40
53 14
29 47
11 46
46 81
73 29
43 13
25 84
12 42
99 92
30 86
11 21
77 59
60 67
76 42
3 38
41 75
64 29
70 34
25 30
63 43
7 62
88 36
25 13
56 30
25 6
82 54
61 18
61 50
73 85
47 43
91 85
53 31
14 55
3 43
0 87
42 88
95 6
67 74
74 21
18 89
18 14
14 78
7 84
52 18
81 54
16 97
19 2
81 69
66 64
78 45
15 60
45 43
44 48
49 33
6 55
91 41
63 69
62 57
97 67
41 34
66 71
88 13
74 34
91 57
98 4
78 48
77 42
74 65
87 52
84 24
12 63
58 48
54 61
33 17
56 59
6 53
39 68
77 0
48 24
92 55
81 29
93 11
81 66
60 13
82 44
26 66
95 98
70 46
17 72
40 68
81 82
54 12
58 63
13 33
13 57
3 76
51 33
75 25
83 66
40 8
22 16
11 82
30 31
47 23
25 94
74 87
39 54
54 11
60 64
24 29
43 47
44 55
19 74
4 35
95 19
20 72
19 10
88 73
64 45
73 81
93 48
11 66
65 46
45 61
32 94
96 37
94 66
2 32
28 38
17 35
4 10
90 49
35 17
54 51
82 82
47 25
61 82
19 39
57 4
26 11
55 54
65 7
85 19
40 93
63 78
96 99
87 63
40 81
91 93
27 4
86 51
87 42
46 55
6 82
51 91
16 46
61 28
19 59
95 83
80 7
37 42
22 1
98 83
80 54
95 3
5 93
67 60
64 42
28 0
19 88
34 78
74 56
4 5
73 79
46 87
51 65
22 64
7 11
52 38
69 19
18 52
82 39
17 17
9 60
33 26
99 76
26 5
32 11
18 44
93 64
61 56
41 82
90 85
37 89
24 58
32 65
1 94
41 21
70 0
14 31
78 40
87 25
84 45
41 96
50 71
45 47
40 77
73 55
38 94
65 57
67 66
31 81
86 61
27 96
91 72
29 77
39 19
80 16
18 56
46 25
5 31
88 93
55 80
50 83
94 50
32 56
6 31
16 66
45 6
12 58
31 76
24 97
21 78
98 3
65 89
38 41
36 33
94 99
64 2
18 57
27 36
52 50
78 54
36 8
99 27
28 73
79 32
58 99
87 20
52 12
96 11
29 73
77 8
86 78
43 58
44 86
3 60
97 48
30 65
91 1
90 36
90 2
21 94
68 98
53 16
58 42
8 72
29 97
91 8
78 12
76 60
79 30
88 0
34 41
65 73
36 46
53 99
91 9
85 58
21 41
35 70
74 54
2 67
90 66
94 0
28 16
17 97
26 34
29 9
80 10
47 81
78 1
96 84
78 31
51 48
66 94
37 44
72 95
55 55
90 80
16 3
10 64
18 6
37 61
76 51
70 92
45 69
65 64
55 63
80 8
7 64
53 11
67 54
46 61
26 9
23 42
60 3
79 22
66 34
75 15
38 4
58 38
24 25
94 37
98 34
18 9
90 75
5 38
44 25
93 83
38 23
44 23
96 71
6 64
92 65
61 48
85 74
23 82
47 17
66 12
98 1
37 90
0 30
3 21
87 49
76 16
41 84
55 86
18 99
5 87
89 68
23 94
7 82
56 98
37 79
4 19
74 75
47 85
18 76
55 57
86 6
45 0
35 93
27 59
40 60
37 24
27 71
98 61
89 60
15 35
81 15
46 78
47 49
97 15
52 40
78 22
28 91
45 95
13 54
10 96
8 99
39 16
54 53
89 85
1 53
70 5
53 86
38 77
84 27
5 42
85 0
86 26
74 41
63 25
27 6
53 59
94 92
84 89
77 18
19 84
97 10
64 34
63 11
54 72
25 87
62 83
72 17
39 30
35 20
16 80
48 83
57 24
26 40
13 12
29 71
84 7
17 46
66 35
61 68
15 39
31 47
79 93
15 68
24 98
44 63
28 49
82 3
5 33
39 0
90 41
78 21
84 66
2 49
66 19
26 80
60 75
52 55
48 68
80 63
80 35
68 84
4 63
1 89
85 49
28 61
59 35
12 92
70 6
1 66
23 3
55 53
81 95
21 79
20 44
93 88
95 72
95 84
46 93
42 58
76 39
24 53
90 32
63 62
0 9
98 97
3 94
5 17
70 54
3 42
86 39
31 15
96 86
21 89
0 58
95 78
95 88
14 29
74 68
84 33
8 51
70 85
34 27
56 37
81 47
94 36
35 43
92 6
86 13
41 89
4 89
99 45
27 54
85 94
71 62
16 6
5 55
36 25
25 75
55 42
48 98
25 24
29 91
75 14
61 94
99 50
80 17
99 43
69 62
46 59
22 93
49 77
55 26
92 22
44 58
19 19
72 26
27 67
4 92
20 16
11 40
58 91
10 16
66 69
97 42
30 12
56 33
61 86
61 9
39 82
19 29
91 67
97 90
76 64
25 81
3 87
59 59
31 21
20 43
81 76
0 43
43 10
59 47
88 77
40 34
38 25
64 8
39 79
27 11
4 45
3 18
34 1
68 82
42 29
35 55
20 94
42 55
61 96
34 94
61 7
12 86
16 15
78 9
71 65
24 47
14 81
69 72
79 62
88 91
60 34
23 32
60 43
39 42
26 69
64 90
87 55
87 37
76 20
65 1
44 33
72 59
3 24
78 26
43 15
28 98
2 39
5 86
8 67
79 63
32 16
41 42
32 86
52 73
95 4
96 29
6 0
32 9
27 39
55 30
10 23
1 2
25 44
13 5
38 10
39 40
76 79
45 92
16 68
33 41
49 96
84 87
34 11
25 27
67 31
76 33
64 76
38 56
56 89
35 16
47 59
97 62
71 59
42 48
74 62
58 13
26 37
98 75
85 55
54 29
71 25
31 84
66 41
93 22
48 40
7 49
47 76
26 61
85 24
29 72
88 39
49 23
68 4
98 15
26 64
94 60
36 96
72 51
85 72
5 4
13 47
39 90
83 60
35 97
52 10
78 90
88 41
69 95
31 2
14 77
89 95
76 1
34 90
1 83
3 70
24 13
48 33
58 15
99 34
74 31
86 96
42 20
99 17
50 68
54 80
78 36
85 84
5 73
62 67
21 31
29 7
95 50
1 60
36 66
99 14
70 91
8 38
18 19
86 36
18 88
40 57
81 23
48 32
23 78
18 86
38 2
22 83
79 14
35 9
68 43
75 7
15 0
19 41
70 38
33 61
82 47
35 47
1 85
9 69
23 52
34 19
62 95
57 8
71 13
72 42
40 78
32 5
38 3
85 25
77 17
58 56
68 27
59 40
44 0
91 77
90 45
84 51
25 98
83 13
32 42
41 77
71 97
85 75
44 54
26 73
15 3
70 24
24 94
24 7
97 92
40 51
83 25
59 55
51 95
64 62
17 30
44 85
64 95
22 86
94 53
92 90
68 55
70 40
46 72
58 53
46 45
72 39
21 50
2 30
94 90
36 76
14 91
10 65
34 95
54 1
29 67
97 32
90 34
83 27
42 56
86 45
96 45
32 4
19 53
44 2
74 24
67 16
73 72
43 65
24 41
55 76
93 57
44 68
1 29
65 12
64 22
37 17
81 26
6 61
62 17
2 22
47 71
61 24
16 71
89 33
39 5
71 56
84 94
56 72
87 90
9 78
52 95
96 26
82 95
19 77
47 38
69 54
27 51
90 64
67 33
62 14
21 54
96 55
6 65
39 8
71 60
23 93
53 46
17 61
21 18
89 3
51 82
74 76
58 64
7 79
3 61
96 40
60 53
73 12
53 80
60 27
41 16
91 46
41 2
9 73
66 77
73 23
1 75
89 45
74 27
88 65
60 21
84 32
78 67
4 3
60 80
75 99
79 28
15 12
4 33
20 27
26 46
55 74
10 62
13 81
32 55
23 22
36 20
29 98
47 7
39 74
83 95
56 8
79 78
40 96
48 35
52 9
20 65
6 45
94 45
2 88
10 87
54 90
53 88
40 21
74 80
35 80
57 91
50 39
54 93
23 14
21 51
66 88
59 51
10 93
55 96
73 84
81 14
59 39
38 26
27 18
7 61
82 43
92 13
58 3
53 57
29 46
66 78
9 4
81 3
57 32
82 80
25 48
47 1
15 76
83 68
28 95
25 93
66 50
40 99
62 5
93 12
31 70
39 67
45 63
55 23
55 75
32 27
86 93
63 67
46 92
84 88
93 38
12 79
4 42
37 0
31 94
41 78
3 44
48 19
28 31
60 2
9 81
31 36
21 83
70 32
40 12
61 36
19 76
93 21
46 51
27 93
33 98
99 8
59 87
40 41
94 77
76 7
18 74
97 6
79 82
48 60
13 73
34 70
72 46
92 41
79 5
7 39
43 54
95 36
33 67
38 98
64 81
89 40
20 84
72 69
92 14
39 73
31 60
39 28
84 86
72 84
31 14
75 37
16 0
91 71
64 4
62 1
84 59
64 30
62 80
21 8
77 70
13 35
25 92
81 24
83 10
5 62
91 54
7 27
83 82
38 16
26 21
52 47
44 40
98 12
54 97
42 91
21 44
50 16
26 90
81 46
53 10
43 84
9 62
85 39
86 32
82 79
71 90
38 61
77 47
24 23
70 37
70 59
95 32
84 41
34 48
54 62
88 58
34 76
30 75
99 39
30 79
36 51
1 35
25 86
89 31
72 28
7 13
84 58
18 30
30 57
54 49
41 94
59 18
5 48
84 85
2 54
73 45
3 53
93 82
47 98
53 33
66 59
92 74
68 7
47 86
62 20
35 81
0 96
19 27
83 8
84 43
50 81
47 79
68 16
85 29
57 25
58 61
44 21
50 90
51 64
92 62
97 27
44 81
82 70
53 50
94 43
70 45
26 47
35 25
15 97
79 12
46 85
8 60
95 8
77 52
12 40
43 93
78 63
77 86
94 15
98 82
77 2
96 17
47 30
81 58
63 90
79 87
10 58
85 73
86 75
8 27
89 12
74 17
37 57
28 25
67 89
35 26
69 26
1 55
62 77
54 88
26 29
39 20
55 64
71 55
72 48
64 39
19 58
35 2
58 70
59 20
63 74
38 47
2 26
33 12
78 93
48 84
77 91
99 72
38 76
92 66
29 95
79 92
18 10
83 18
62 65
4 87
50 48
35 79
38 88
12 21
82 94
77 29
9 25
46 20
96 96
37 38
5 91
2 16
50 28
34 80
58 95
44 42
90 42
65 53
33 27
3 7
56 81
69 88
35 66
93 81
96 69
38 81
96 44
46 24
97 19
28 19
0 65
59 46
0 68
93 94
8 46
33 25
61 19
27 10
7 34
46 11
10 97
54 4
88 74
14 52
93 96
84 25
1 40
51 78
36 7
1 67
89 51
91 65
40 17
39 53
47 52
17 79
3 22
17 67
27 72
66 8
90 79
73 59
18 67
6 30
39 88
62 79
50 22
71 39
26 89
15 15
3 96
12 25
48 57
17 75
13 24
76 12
80 38
0 53
80 91
10 56
13 17
32 10
5 20
50 55
17 14
93 40
2 61
85 78
87 35
61 39
89 84
53 42
19 9
41 36
4 53
63 61
11 80
1 56
26 65
25 82
79 27
17 41
0 91
44 43
40 32
3 36
80 61
68 53
42 13
78 79
81 96
84 61
54 48
28 44
47 10
97 56
60 66
78 15
7 73
70 76
93 13
45 18
62 81
75 16
87 50
96 92
43 76
5 58
1 63
1 34
40 55
40 83
38 58
44 96
64 17
65 52
82 48
1 5
90 84
13 37
2 20
20 38
86 64
78 2
85 17
58 1
92 8
20 80
85 97
49 31
48 11
64 87
82 35
32 44
54 69
55 4
80 44
32 80
71 28
44 7
44 31
66 14
41 80
93 43
10 33
89 47
20 54
64 88
25 47
1 86
50 11
8 93
84 23
48 87
8 20
10 95
74 6
20 35
11 11
10 54
42 28
44 95
10 45
22 99
50 17
11 22
93 58
27 90
83 16
36 5
16 83
31 1
22 91
70 66
66 30
28 5
15 85
17 7
54 26
66 97
91 44
41 9
19 67
99 10
97 44
52 52
7 85
86 31
31 74
88 21
24 34
95 90
23 16
40 90
87 96
48 73
43 70
36 24
69 42
91 55
34 28
77 23
7 9
21 33
76 27
13 63
92 15
1 17
32 92
88 84
14 79
70 99
91 66
96 15
7 72
13 4
82 73
39 15
37 2
18 38
14 66
49 57
60 71
14 85
83 5
37 18
45 41
94 47
62 69
72 81
33 72
55 44
71 45
81 57
58 52
27 76
98 65
82 93
85 7
7 46
32 52
56 82
94 22
0 17
87 62
40 62
20 4
11 60
7 43
32 48
27 41
25 74
62 47
8 30
22 71
53 78
43 30
59 23
81 75
6 16
66 37
30 62
13 44
35 24
28 99
30 37
6 48
27 22
88 42
54 7
59 15
89 21
26 91
64 77
56 73
41 50
83 94
27 63
78 80
16 56
59 34
6 95
72 10
83 1
48 23
55 21
84 46
77 83
0 31
0 73
73 77
13 15
37 3
9 24
78 17
72 11
37 29
66 0
51 37
92 49
28 82
89 11
7 23
8 0
40 30
10 61
51 22
71 1
99 38
68 52
43 11
95 10
26 77
83 9
44 17
71 54
21 23
62 90
57 99
34 67
88 38
40 26
3 11
28 27
95 91
59 29
8 53
74 63
53 85
89 94
39 64
55 72
58 31
25 58
27 26
20 66
83 50
11 7
74 8
23 67
46 86
73 5
51 1
82 59
86 5
9 98
10 6
47 8
26 76
90 27
43 37
28 75
28 65
87 14
15 34
82 69
91 64
39 3
54 59
8 21
29 26
83 89
12 88
29 34
98 19
89 50
12 18
49 34
82 61
65 87
84 56
24 83
27 2
65 97
23 15
76 30
18 55
71 96
78 92
47 99
29 84
35 63
71 77
23 89
62 82
18 24
51 39
64 1
70 58
73 96
84 12
93 15
24 24
58 96
78 35
35 27
81 20
12 14
35 88
9 9
49 91
80 93
25 77
49 16
61 25
94 51
67 10
61 89
96 82
74 32
1 80
4 99
85 91
38 80
94 9
49 19
27 84
94 56
49 95
5 84
71 69
2 75
91 89
35 71
37 14
71 47
43 21
65 40
74 78
27 75
88 7
90 46
64 51
76 14
36 73
50 4
18 7
36 0
13 70
77 31
82 60
88 99
15 43
46 5
95 54
48 69
91 47
66 72
53 49
3 97
59 70
82 56
2 29
85 14
20 60
80 1
54 38
22 61
8 86
21 62
57 3
29 20
56 55
69 96
85 30
7 98
37 88
96 4
14 93
37 81
80 95
63 46
9 77
86 40
88 30
22 22
64 67
91 16
64 43
67 42
87 26
92 70
16 16
93 37
45 21
45 4
58 16
29 14
6 37
89 52
81 87
29 13
59 45
51 29
65 70
5 97
2 89
24 10
9 12
41 73
96 57
22 58
78 41
39 70
34 65
15 61
79 26
15 77
39 36
45 94
50 43
24 9
59 26
61 1
46 47
92 45
45 83
76 70
71 58
75 13
66 86
54 41
42 39
58 83
7 25
73 57
57 27
12 52
10 21
55 13
60 0
80 66
77 28
16 74
0 38
33 42
15 26
86 3
14 54
37 7
38 69
84 95
42 90
77 22
87 53
90 15
21 28
54 65
31 90
83 22
4 11
65 5
4 28
17 57
33 47
59 75
49 37
87 85
98 57
60 48
84 20
82 19
96 64
64 46
58 47
53 94
92 96
9 43
47 35
49 74
5 44
58 34
62 23
51 89
75 54
54 95
90 30
90 68
77 51
41 52
3 46
16 61
98 0
27 64
63 79
10 44
45 84
56 96
87 54
78 81
2 82
49 82
26 70
30 29
10 80
96 80
0 88
43 82
26 60
1 21
57 28
52 85
82 57
70 52
63 99
97 65
53 24
24 1
80 50
74 0
22 76
49 20
24 20
8 92
31 44
33 38
61 21
36 2
14 42
72 80
61 43
22 72
80 83
0 82
54 3
63 77
92 18
51 13
26 84
86 77
68 28
40 59
19 33
48 5
25 40
87 21
99 59
51 83
28 48
96 75
46 79
99 53
81 61
97 69
66 58
88 27
59 92
15 24
98 98
71 83
9 26
28 11
65 15
77 77
69 90
13 42
61 4
47 42
92 92
97 83
4 78
45 88
91 98
74 11
17 74
77 20
66 57
37 8
63 28
27 68
76 9
83 61
67 27
94 79
84 68
67 51
17 62
8 57
90 44
45 39
33 66
86 70
22 67
19 1
24 8
9 6
31 39
18 68
75 42
92 48
70 78
16 11
86 92
18 75
63 30
47 73
5 70
46 90
14 39
48 90
65 33
91 20
25 31
70 21
66 92
36 38
3 45
26 44
52 5
9 92
39 11
76 48
58 50
99 1
5 35
49 26
9 27
12 43
57 88
22 96
15 37
23 55
35 34
72 12
95 0
4 83
33 28
60 90
45 12
85 50
78 18
45 99
69 46
66 39
76 93
85 42
30 39
38 9
65 72
18 35
80 15
35 28
92 57
56 99
19 81
70 56
29 49
5 90
96 36
5 75
7 81
12 9
73 56
15 90
67 0
70 39
79 64
26 7
69 6
31 98
67 11
81 4
50 85
46 13
16 73
22 2
31 13
40 20
61 55
41 26
86 29
28 3
26 53
83 35
95 34
99 5
76 35
18 73
81 19
26 3
11 43
53 4
74 22
91 17
9 53
7 40
57 30
94 19
98 48
64 13
49 71
41 20
74 90
98 91
81 73
5 30
10 41
88 59
34 89
81 12
79 15
35 90
65 0
25 3
8 15
23 41
74 33
56 41
79 18
25 51
39 98
63 31
57 49
8 96
76 61
83 78
23 4
3 6
37 56
90 88
22 52
56 13
7 47
55 59
23 24
71 15
64 47
19 18
57 18
17 45
90 17
38 55
41 79
47 51
31 62
98 68
21 11
11 32
93 62
52 98
38 46
64 68
76 95
88 29
96 78
52 41
83 29
49 42
55 41
29 16
25 4
20 11
74 70
66 7
50 42
20 48
25 2
7 0
46 18
67 64
48 14
40 70
16 76
90 62
38 71
18 80
75 64
8 40
63 37
19 57
99 47
28 97
16 58
21 68
28 71
77 66
48 47
37 99
51 27
93 6
15 87
10 26
85 18
98 87
81 71
80 4
50 89
0 35
7 92
24 57
56 83
76 68
28 89
4 75
78 53
83 84
47 36
81 17
14 44
84 22
77 98
99 16
81 41
84 90
57 74
75 80
3 48
49 88
67 68
92 20
5 24
84 31
72 70
51 46
86 24
84 71
5 98
65 94
54 15
21 19
97 21
94 87
73 3
34 35
74 60
32 58
70 10
23 71
77 64
1 20
68 75
82 86
44 20
58 18
83 32
6 51
76 38
27 37
30 47
49 86
35 94
73 37
88 24
59 96
31 55
38 14
94 16
0 56
45 1
42 92
17 3
24 32
75 85
65 25
13 20
43 44
74 61
14 23
99 68
95 9
5 11
64 91
52 91
46 29
63 88
61 59
35 29
61 99
85 46
69 1
49 8
56 16
42 98
0 60
46 57
67 79
92 21
9 28
68 8
83 36
12 94
8 66
0 24
14 36
63 5
25 20
86 17
49 50
67 17
13 66
85 88
52 89
1 24
87 47
92 59
7 53
19 40
9 1
58 54
32 25
34 62
72 50
66 76
44 84
83 33
58 97
16 60
79 41
2 9
3 54
9 32
75 26
23 49
67 99
81 84
58 74
50 44
32 60
68 32
87 98
6 77
52 99
84 8
10 88
71 85
45 65
43 40
70 69
80 18
36 22
59 91
4 39
21 90
46 99
65 4
70 90
60 10
81 99
23 80
72 5
68 24
88 78
67 21
68 13
72 33
65 62
19 36
10 51
1 47
61 13
97 55
78 91
14 73
64 78
45 42
43 69
23 77
1 70
90 39
37 62
9 19
38 11
8 89
71 9
19 44
79 0
22 21
40 13
81 21
47 95
52 51
64 99
41 13
20 15
62 37
22 65
32 73
2 5
83 31
79 99
75 90
37 52
20 10
6 75
22 26
67 45
10 32
28 4
76 4
50 32
42 17
74 82
26 30
78 69
85 9
33 65
36 15
61 84
18 66
94 29
45 79
20 96
45 14
95 71
96 10
27 45
78 29
87 15
72 99
16 33
73 13
11 31
82 30
5 71
2 2
64 20
25 60
78 82
22 37
96 97
29 94
20 17
36 70
65 76
48 89
41 76
90 76
92 63
67 24
70 63
25 37
19 99
41 6
63 15
92 24
84 67
6 49
4 16
28 35
10 31
76 53
57 15
6 97
72 21
15 88
23 87
59 25
15 1
77 65
24 19
56 21
74 12
31 40
52 67
80 87
86 10
18 90
45 75
87 22
81 52
4 65
38 89
3 95
28 93
50 19
28 40
35 61
85 86
73 10
30 14
16 22
86 20
18 8
15 74
19 20
25 28
32 96
6 99
26 16
19 86
8 34
13 64
98 26
11 91
62 99
74 97
64 80
73 31
11 61
57 35
55 90
18 17
5 79
34 9
2 56
90 81
14 50
26 12
18 42
69 11
28 41
80 2
96 31
5 9
53 64
10 70
36 40
2 70
5 96
79 70
2 74
97 59
62 51
32 77
58 29
94 91
76 91
81 43
68 54
6 21
45 85
49 54
27 74
29 93
65 78
54 99
59 6
83 98
53 40
16 64
88 69
30 15
97 71
36 67
83 19
20 13
12 85
76 18
33 49
63 42
3 83
3 58
45 20
87 64
89 32
92 36
99 49
50 75
67 83
78 28
79 95
17 86
89 65
18 85
67 36
75 57
58 66
59 98
87 33
18 16
90 67
49 49
11 95
38 38
3 19
77 55
87 72
47 5
86 95
12 66
2 1
34 79
10 10
14 7
88 34
68 35
21 30
99 73
96 8
62 39
23 44
49 48
29 76
61 34
14 89
10 50
82 92
5 68
36 99
12 77
98 24
78 11
17 98
5 22
18 77
63 50
44 90
91 88
8 3
89 99
60 65
17 87
77 40
71 48
35 5
60 72
61 20
58 65
4 14
62 98
10 25
24 65
34 45
69 40
65 11
38 63
65 42
62 25
57 62
24 36
69 60
87 61
73 99
50 14
46 77
17 26
78 60
75 5
63 83
56 1
96 73
60 86
16 91
87 68
73 82
9 30
2 34
97 82
62 71
7 31
33 54
69 99
49 39
1 0
3 1
40 69
41 37
23 69
66 75
75 87
24 68
68 65
0 25
2 83
77 53
50 35
12 22
96 89
67 92
2 40
74 49
86 18
91 99
39 55
34 63
53 13
72 64
69 2
63 52
46 8
35 50
43 42
36 27
94 12
52 92
45 44
19 21
88 28
65 8
61 26
32 78
57 67
99 19
18 63
83 73
45 46
49 63
32 70
63 86
89 26
56 27
53 72
95 96
16 9
49 38
3 77
33 8
22 5
97 26
20 88
88 63
95 74
31 3
21 45
33 78
60 14
9 39
72 25
91 56
77 58
65 82
82 71
35 15
39 81
93 28
99 84
69 45
48 16
22 56
85 6
23 92
6 12
84 36
82 1
59 79
48 95
93 55
70 11
91 76
46 26
38 57
35 11
20 41
62 12
47 57
21 35
15 70
10 67
6 39
51 88
65 30
8 28
55 0
11 1
14 65
61 80
15 75
5 8
5 16
24 59
8 97
17 51
40 7
62 73
44 4
16 43
58 49
71 19
23 97
31 19
30 45
81 65
23 90
0 32
93 26
93 90
89 71
19 80
23 59
6 44
38 8
83 0
56 60
22 89
15 94
58 60
46 44
16 48
88 32
63 73
95 18
22 85
72 83
82 65
81 38
90 19
20 20
0 8
30 52
8 32
93 78
54 68
40 63
26 78
82 75
80 9
10 72
18 4
81 44
69 57
57 85
57 54
27 3
97 94
29 44
45 71
87 18
82 20
82 18
99 75
16 5
32 51
30 48
78 55
74 29
63 41
8 77
96 61
41 62
6 24
69 13
19 95
35 89
89 13
51 23
48 74
16 78
21 76
95 77
51 20
86 74
58 32
37 96
99 90
22 74
31 58
74 67
31 66
17 71
25 52
85 26
84 14
86 67
35 30
57 43
62 45
53 37
87 27
35 64
59 9
64 6
64 25
23 98
34 58
78 46
77 44
13 40
61 38
12 71
9 88
25 83
11 96
78 14
6 47
59 99
10 34
49 92
59 72
68 72
99 46
72 86
86 38
63 16
75 12
36 13
85 20
91 86
0 71
66 2
38 60
14 53
25 62
75 78
0 74
32 3
48 8
57 93
87 45
82 32
88 62
21 3
63 85
54 81
86 62
24 28
46 41
75 17
93 87
50 31
61 93
43 43
77 32
13 67
38 65
90 63
17 44
61 10
38 84
28 1
3 78
43 3
21 34
70 95
8 8
70 75
10 36
40 89
84 96
96 46
7 22
0 34
22 38
81 33
0 54
25 91
20 92
75 93
3 49
54 2
88 95
36 44
93 10
10 84
25 35
6 29
48 34
42 38
24 2
72 18
10 19
52 62
5 37
72 6
42 16
84 34
13 91
9 38
51 60
70 68
71 51
76 17
60 46
61 65
30 72
7 96
71 78
93 93
79 3
33 45
98 67
12 93
41 33
82 8
16 44
39 1
43 63
77 90
65 79
8 2
60 30
72 7
75 3
17 95
29 92
78 33
65 81
70 3
29 27
18 70
8 44
57 95
75 35
21 63
45 62
43 89
97 17
46 91
60 76
58 39
63 1
40 53
50 54
99 56
80 56
84 97
71 84
42 93
13 46
11 85
86 65
10 91
39 66
86 80
64 60
85 48
19 78
97 97
31 92
23 13
15 36
58 85
86 44
71 6
74 23
63 3
52 82
90 90
20 95
73 58
88 75
48 86
40 97
59 10
58 92
13 79
7 48
89 72
77 63
2 31
76 85
55 9
82 4
69 36
94 81
18 82
46 4
9 89
18 54
29 30
14 20
36 84
65 36
9 75
42 73
62 36
24 16
61 61
10 71
44 92
65 50
23 6
57 7
42 85
2 18
84 15
46 17
15 44
22 88
77 80
60 73
60 5
43 99
40 84
46 6
14 97
26 25
40 10
32 81
79 85
63 97
73 95
78 5
40 94
96 81
76 23
8 36
68 44
60 68
72 38
65 56
5 64
6 67
53 36
58 94
19 64
12 26
36 61
79 55
52 86
66 65
47 67
65 14
68 6
76 97
53 71
5 78
29 79
36 32
88 53
76 96
63 8
21 71
19 17
57 70
4 59
36 80
88 56
16 81
42 99
88 31
56 22
63 7
66 9
58 87
87 60
63 18
47 69
37 19
78 38
88 33
59 24
89 19
1 49
81 60
64 27
97 74
77 82
29 75
85 83
2 48
72 68
17 68
57 37
16 47
47 31
74 96
22 82
72 30
27 99
75 1
13 92
22 78
45 11
15 58
63 55
41 61
64 53
66 49
14 2
66 80
20 71
73 65
52 53
92 26
55 87
80 33
49 78
76 29
89 57
10 85
15 38
98 50
20 39
22 73
56 87
85 90
95 87
78 62
89 58
86 57
71 76
49 53
66 29
4 6
90 22
57 36
29 48
2 87
65 59
69 52
2 43
64 86
0 16
67 71
49 66
41 45
77 27
53 54
12 59
71 66
99 52
76 76
88 54
85 16
71 23
66 42
93 70
79 59
14 70
66 87
24 93
48 44
62 96
62 22
64 3
15 51
59 68
6 32
33 36
60 20
30 26
96 93
28 54
62 85
36 94
98 79
13 90
6 5
80 85
38 53
3 37
79 83
57 64
36 52
50 51
57 39
52 75
75 75
55 11
30 2
94 73
87 36
73 71
18 32
74 19
97 50
27 32
27 24
39 34
1 98
75 19
72 29
44 27
8 22
6 38
79 7
43 26
9 23
9 70
2 79
42 80
19 26
13 32
46 88
41 91
80 19
70 35
83 53
67 69
40 79
33 3
49 11
77 9
70 2
79 81
72 24
44 83
96 38
57 52
54 52
44 67
79 74
3 23
64 75
6 1
89 62
89 83
61 35
13 18
59 76
24 91
88 45
7 51
75 56
72 97
42 5
48 25
38 33
21 25
18 79
57 51
3 98
73 21
20 90
91 87
8 49
31 38
77 88
21 73
45 87
83 49
95 26
7 12
97 37
64 58
91 79
21 17
55 20
33 40
55 67
19 85
60 59
45 51
34 20
39 69
63 36
55 5
29 5
56 39
68 12
24 30
32 29
88 94
54 64
98 29
3 57
80 36
64 35
91 28
59 31
68 17
93 5
53 26
38 62
95 58
36 59
66 84
41 24
26 93
13 71
82 36
61 63
84 69
25 85
2 23
40 61
45 53
47 53
55 61
12 12
87 12
24 21
43 28
13 77
91 91
60 60
44 30
43 48
11 75
97 13
50 97
48 17
92 83
32 88
67 47
54 9
97 0
33 79
81 27
16 54
63 98
11 8
37 51
6 19
84 53
35 44
59 90
95 93
64 96
19 82
65 3
19 71
93 2
79 98
37 22
80 28
65 22
78 59
12 3
44 78
24 72
24 81
92 10
80 84
4 29
7 50
29 51
27 25
31 77
90 61
85 15
80 0
29 80
42 61
39 45
70 97
16 13
75 61
23 40
41 22
33 76
41 23
93 60
75 32
46 75
65 66
98 9
99 21
91 90
79 37
79 24
12 61
51 84
53 98
31 73
37 92
13 89
8 56
37 84
91 94
36 77
63 23
0 83
60 54
34 82
77 49
33 33
22 77
93 0
79 20
69 16
44 87
88 4
8 13
79 75
19 52
41 29
34 98
95 22
81 70
25 38
10 59
55 91
22 15
13 69
49 10
86 66
39 56
20 3
80 77
90 37
41 4
46 28
66 43
42 89
90 0
27 53
57 26
87 0
81 25
58 2
38 43
29 78
30 17
29 61
68 11
50 60
54 5
8 31
84 81
59 74
90 40
72 75
80 76
21 12
21 84
41 47
19 90
63 65
43 97
67 35
79 58
46 69
26 92
0 47
64 56
55 27
42 87
71 5
8 94
18 81
21 75
42 77
82 42
15 30
45 67
54 96
77 45
90 59
46 14
26 4
26 79
31 48
4 13
2 59
65 20
2 36
97 88
23 47
64 54
71 92
78 88
23 2
97 7
5 18
92 54
47 9
29 56
24 63
15 80
10 22
49 22
13 14
11 90
88 6
82 62
2 91
65 45
6 26
19 93
91 33
87 97
69 65
28 74
23 58
56 44
38 29
7 52
50 74
66 4
4 55
81 59
34 92
54 87
63 45
21 43
20 68
80 68
63 75
54 94
32 50
75 84
19 5
52 13
97 11
73 11
2 57
42 31
51 3
89 48
51 59
24 89
2 13
68 31
37 74
61 8
88 37
88 8
98 20
81 42
37 49
40 86
94 67
86 90
6 50
10 1
61 72
2 6
50 91
51 97
50 73
17 54
32 21
22 28
34 93
43 67
99 33
58 69
84 5
94 96
26 23
1 1
68 45
44 44
51 36
66 66
70 19
5 88
73 14
12 28
54 45
1 44
81 85
42 53
85 59
35 39
81 5
42 19
39 72
85 57
65 61
48 9
21 60
30 83
92 3
69 55
3 47
48 10
81 11
51 66
40 19
26 62
25 63
21 49
95 37
56 38
7 55
86 30
9 18
28 10
10 4
6 28
57 73
56 63
74 1
97 61
43 71
31 80
5 3
31 64
73 76
54 43
52 30
17 2
24 86
51 25
18 2
38 48
73 46
35 10
58 17
33 7
38 67
38 35
52 15
35 95
6 93
36 50
96 47
78 0
66 52
41 55
36 56
4 9
44 93
67 87
79 2
19 45
10 92
89 54
54 91
83 92
56 49
59 62
99 23
88 47
51 42
71 18
96 48
99 44
1 76
44 79
13 62
95 43
80 24
89 82
69 48
94 48
54 76
1 41
77 19
11 41
4 54
94 20
39 18
74 69
39 71
78 34
72 2
64 28
95 25
42 78
26 13
10 40
80 59
62 43
93 69
47 55
23 64
47 65
41 46
19 37
26 72
13 83
5 6
45 29
47 93
62 41
12 6
97 22
73 52
91 73
77 76
46 23
72 79
26 51
56 50
4 30
47 58
6 80
94 72
58 24
38 54
72 66
43 16
99 0
35 75
37 53
20 24
93 73
94 44
92 85
38 32
30 10
4 36
64 70
40 72
75 45
87 87
80 43
98 42
55 19
75 83
54 14
98 14
89 63
98 59
13 13
33 56
91 27
93 54
77 60
73 90
55 48
78 30
91 34
25 76
52 56
14 71
16 7
28 43
14 76
15 81
49 76
6 74
5 82
14 62
55 22
71 8
67 84
49 47
63 80
75 81
99 97
91 81
28 67
8 73
96 18
19 7
51 34
1 57
27 14
14 9
73 26
38 90
94 59
75 46
40 1
53 29
14 17
65 35
30 1
51 2
68 94
5 72
36 30
63 96
56 36
82 53
31 25
27 65
12 91
20 28
46 0
66 13
36 54
26 95
54 30
66 74
51 68
41 32
7 20
3 20
31 37
53 83
92 87
50 10
57 75
32 99
14 30
62 31
84 82
97 85
84 0
10 5
51 55
80 79
95 28
68 0
16 45
82 90
42 4
36 90
71 29
77 54
94 83
97 47
96 42
34 37
17 32
47 54
23 7
74 48
99 66
15 45
26 87
52 71
9 44
72 3
35 99
90 5
7 86
66 61
31 31
34 10
28 78
58 57
20 76
84 83
49 14
4 31
9 49
48 29
4 40
30 36
8 7
21 1
98 55
3 51
39 43
12 83
14 47
70 61
42 6
78 73
17 36
68 85
11 68
27 69
62 48
25 39
79 43
67 4
71 61
7 2
7 59
82 16
49 90
19 22
58 36
90 60
58 27
96 58
92 89
2 27
68 67
73 17
18 15
63 58
45 26
40 80
0 52
62 30
81 51
60 42
69 53
38 52
28 76
77 7
17 84
55 32
14 34
34 88
3 28
98 17
3 92
67 90
36 43
55 70
22 80
26 57
8 74
52 46
11 38
46 38
93 42
65 80
66 33
59 63
2 21
44 15
6 56
71 38
6 13
59 56
12 24
68 15
40 92
79 31
92 40
37 87
95 5
99 85
81 94
91 97
66 6
13 25
84 57
14 63
85 68
98 49
85 54
63 29
95 29
35 38
56 79
77 38
43 53
95 80
98 90
98 43
61 85
3 40
7 7
3 69
56 76
33 22
36 47
51 58
44 51
23 0
3 88
48 54
78 98
30 5
44 36
73 0
31 0
76 32
15 23
23 75
65 26
5 83
31 20
51 18
28 88
22 36
60 78
28 9
63 71
8 26
69 89
34 83
26 85
39 86
51 70
48 15
71 91
76 45
56 19
15 62
52 0
17 47
61 78
13 80
20 32
57 71
17 96
8 91
58 20
57 46
26 74
54 22
11 88
29 59
89 14
9 36
49 60
32 93
47 33
1 7
72 14
49 46
54 60
75 44
16 21
90 23
38 20
77 5
0 39
82 0
38 44
59 77
48 1
86 25
25 19
47 56
12 32
60 85
38 45
56 48
16 34
89 37
80 26
78 75
36 95
1 36
11 70
26 45
32 95
94 88
19 23
3 34
11 28
13 31
10 86
69 64
40 54
9 95
45 93
67 67
58 6
63 4
12 89
60 11
24 40
46 63
80 75
3 89
56 88
25 68
74 64
16 55
6 70
67 77
96 95
49 24
60 89
20 21
27 62
89 55
32 82
40 98
93 72
68 41
94 89
87 1
79 45
48 85
66 82
17 27
35 6
34 51
30 56
17 56
18 41
9 99
41 87
67 93
86 35
51 73
49 9
28 8
51 77
87 9
24 84
51 98
98 54
47 61
7 66
51 61
38 30
73 1
9 22
32 84
69 68
88 10
76 74
12 81
0 51
49 32
9 34
94 39
28 18
86 87
90 6
52 25
90 56
77 69
77 1
10 18
7 1
20 58
46 58
24 99
46 64
76 10
63 9
78 23
21 46
80 45
40 85
20 31
60 7
47 24
43 32
60 35
70 87
34 26
69 85
35 0
62 49
53 22
27 12
18 25
15 7
76 86
7 14
44 18
95 20
95 46
30 90
77 6
5 23
60 24
50 93
18 12
95 51
75 72
26 59
63 93
86 46
32 7
97 24
48 82
0 15
40 4
33 60
89 92
3 39
87 78
47 92
21 98
53 90
53 23
13 53
40 47
24 85
67 73
95 64
7 94
95 97
31 68
85 41
48 28
80 23
86 71
71 32
44 73
78 52
10 27
47 89
99 35
86 23
33 82
89 77
30 92
44 75
47 37
50 47
12 56
49 99
28 28
11 74
0 5
46 80
44 62
19 24
98 8
37 1
1 3
56 9
32 34
95 27
65 21
44 50
1 65
86 76
36 9
99 12
94 35
91 11
23 26
78 84
6 27
96 35
61 6
16 53
20 34
59 7
94 4
24 37
28 2
31 75
76 63
32 59
36 72
70 1
29 69
60 16
56 95
55 17
37 31
21 97
53 32
93 47
27 92
76 36
1 74
2 14
14 88
58 43
28 92
44 45
25 7
51 14
27 66
60 88
64 79
97 80
66 85
46 10
70 15
25 45
88 11
37 34
49 75
63 87
90 58
92 75
16 63
32 6
20 1
45 17
42 14
21 47
41 39
9 29
11 34
45 3
48 22
68 56
95 57
98 33
21 24
33 57
33 95
31 79
11 16
78 72
4 21
32 66
49 79
68 3
26 56
77 13
22 0
1 54
45 70
54 0
56 3
80 86
48 49
73 19
15 55
35 83
37 67
59 58
31 99
7 19
52 23
36 39
97 28
17 12
6 36
2 99
99 77
66 21
39 38
52 35
7 88
69 82
89 67
7 4
83 65
34 87
3 73
88 52
6 20
8 68
13 96
88 70
39 76
65 38
42 32
90 1
13 22
27 46
73 66
7 70
69 21
65 31
97 93
12 37
3 59
12 67
10 75
40 3
60 40
14 61
50 53
99 30
79 53
23 35
62 56
16 87
50 56
88 76
13 3
77 33
86 60
18 5
67 70
1 59
28 69
97 38
11 99
83 77
85 12
89 88
91 36
53 92
73 7
98 86
4 0
64 5
94 57
87 28
52 87
51 71
35 78
58 0
88 2
91 96
59 41
89 42
94 76
14 58
43 51
90 4
64 82
77 75
57 84
82 83
13 60
8 79
5 56
35 45
63 68
48 0
39 99
41 25
54 47
91 10
6 6
46 52
16 57
68 64
18 45
79 46
91 95
54 66
53 35
10 79
24 95
12 0
68 29
37 27
19 75
61 3
37 45
92 51
37 78
4 96
97 96
30 99
3 71
38 12
82 40
50 1
75 49
53 44
80 55
96 94
93 56
54 56
28 56
99 51
0 7
81 98
39 27
7 74
27 56
97 4
44 16
81 67
27 44
56 11
39 78
2 63
3 8
41 40
57 94
0 75
59 22
21 67
36 35
89 6
24 87
24 74
87 56
71 42
94 85
74 93
24 46
7 93
73 86
89 23
66 46
56 86
7 76
18 61
30 69
69 50
55 12
98 99
52 33
27 19
21 82
71 81
51 92
36 6
34 52
32 39
47 87
41 64
55 81
63 14
91 0
8 4
72 55
20 2
70 80
85 21
60 22
32 69
68 50
98 23
48 79
84 17
2 84
20 0
90 12
13 75
50 26
54 25
68 36
72 52
55 56
67 15
79 73
4 79
94 74
58 46
87 81
74 39
95 42
64 0
87 66
44 49
37 71
33 18
29 66
21 74
54 86
85 79
34 60
13 1
64 21
31 83
28 17
65 23
52 69
61 27
20 86
36 17
21 36
79 52
3 33
37 72
71 67
17 34
90 71
31 46
5 43
15 11
16 17
30 76
9 52
78 16
69 70
4 84
29 29
49 4
94 62
21 69
56 6
66 89
58 79
65 54
17 1
2 77
76 37
50 72
84 49
82 29
55 89
21 56
97 86
42 18
4 27
24 61
30 87
33 37
38 79
86 88
81 93
43 66
23 62
54 50
70 44
68 18
72 98
79 8
22 20
89 53
53 2
88 22
91 78
4 62
63 34
94 68
88 92
84 52
69 14
82 41
83 2
75 41
71 95
44 12
73 41
57 20
97 35
48 42
45 40
92 56
78 13
51 50
0 63
55 6
27 50
68 22
50 92
25 16
85 96
38 27
81 34
82 76
87 83
52 70
35 69
26 50
29 15
3 66
74 58
32 87
48 37
4 66
78 19
2 47
58 59
53 55
81 32
20 5
80 25
47 78
0 48
29 57
87 40
83 24
30 11
45 54
25 29
77 4
24 73
36 88
48 36
62 21
92 61
72 1
39 60
72 88
7 16
89 75
23 51
36 21
15 18
21 26
3 0
12 70
62 13
76 11
85 32
49 84
52 68
89 10
92 2
4 7
26 31
25 25
84 77
35 8
88 83
12 78
62 76
15 17
28 90
95 49
41 57
14 83
51 63
97 77
54 54
48 96
9 41
1 82
89 44
24 4
40 29
66 70
92 12
42 69
7 29
68 9
3 16
45 22
98 93
64 65
40 66
19 98
6 57
41 38
79 19
43 86
79 33
44 32
42 36
82 85
80 52
82 58
89 8
3 85
33 81
27 40
77 78
64 59
14 22
66 24
13 19
85 71
15 96
35 33
7 24
34 30
9 96
83 39
82 96
16 52
11 97
94 34
91 7
9 7
90 50
55 29
36 18
49 29
59 11
2 10
86 59
22 60
25 1
11 33
29 52
54 44
52 32
1 14
73 92
93 33
85 51
30 24
96 68
86 98
84 64
59 28
4 76
74 35
46 37
74 10
60 37
76 77
79 54
44 8
61 29
87 16
47 80
83 15
28 23
25 49
32 53
30 13
56 26
19 65
16 95
86 58
98 37
99 91
17 49
36 49
97 58
16 39
76 21
72 4
81 35
34 56
69 87
57 21
20 98
87 70
8 45
35 76
42 83
34 59
44 94
96 87
21 32
32 76
33 92
80 70
99 95
88 1
4 64
69 25
84 3
2 51
42 66
34 40
85 11
21 93
24 88
82 25
67 52
0 72
80 71
67 62
94 42
89 27
11 15
36 26
97 51
4 18
17 89
5 10
63 22
24 15
17 52
78 71
93 75
6 4
31 28
94 98
13 84
90 77
63 64
79 97
8 80
37 11
50 88
69 56
49 1
11 37
31 11
78 66
33 59
65 6
3 30
16 69
55 35
73 18
13 39
23 46
84 1
6 33
43 49
85 33
7 26
65 95
88 64
39 9
52 17
8 33
77 87
33 13
78 37
69 28
20 22
93 27
51 79
71 36
55 92
68 83
47 97
78 96
72 60
15 40
7 3
8 52
83 86
2 76
93 50
16 65
41 63
89 38
86 48
67 59
12 8
97 16
28 58
40 46
78 32
13 94
9 66
84 28
29 36
7 80
96 79
56 69
93 59
16 41
9 51
6 73
49 6
53 27
66 23
51 40
24 92
68 2
82 38
12 11
46 31
73 34
59 33
58 25
39 37
11 44
39 32
1 95
3 3
72 27
27 88
77 94
91 43
35 72
98 32
46 40
46 16
85 31
9 71
63 27
18 71
10 29
69 80
67 28
43 45
15 48
39 83
73 98
67 25
68 14
19 56
55 25
52 88
84 47
18 13
59 71
10 53
69 22
25 17
67 9
3 27
93 34
51 0
38 1
29 60
22 97
17 69
96 16
58 86
65 16
2 60
30 19
37 6
26 68
15 67
85 36
28 39
54 19
12 15
55 46
8 78
29 0
30 42
17 73
59 81
79 36
68 26
75 23
17 39
2 62
76 25
18 11
38 0
14 51
9 45
12 19
23 72
11 0
43 12
51 54
68 99
56 68
36 28
