100 3
0 65
39 10
51 81
82 29
8 23
70 73
69 32
99 57
61 85
9 58
64 74
95 81
11 83
25 51
35 50
88 62
88 93
4 11
82 4
47 77
21 49
62 3
46 83
53 11
13 36
3 81
96 7
76 90
97 46
87 29
83 93
92 22
82 93
14 65
46 73
1 9
50 76
1 76
93 76
6 57
25 8
32 71
89 73
4 66
76 97
70 14
88 20
61 78
65 56
73 52
14 87
87 2
96 48
15 59
4 7
38 94
8 37
99 22
34 88
17 33
46 85
72 20
13 0
72 12
19 5
7 63
82 79
59 37
94 80
6 38
22 43
32 24
6 62
10 87
94 91
45 30
34 4
10 95
72 43
23 78
50 39
56 62
68 37
94 61
83 10
55 21
79 32
87 15
17 85
88 94
68 64
57 98
4 83
8 98
56 87
71 69
66 38
11 78
72 83
28 66
96 33
44 3
42 38
16 88
70 46
18 28
29 48
14 11
97 97
18 72
48 20
87 52
23 25
78 27
49 42
29 22
5 85
24 67
30 59
91 14
54 63
6 12
44 41
25 38
80 14
11 77
39 90
75 1
16 54
48 85
95 13
49 39
75 26
76 18
33 20
91 68
33 84
21 11
67 85
12 80
38 91
73 40
28 45
46 22
5 89
15 0
12 6
69 59
70 63
45 18
79 97
36 49
16 51
62 72
69 1
71 19
37 21
22 94
58 58
8 0
74 40
65 6
24 80
1 19
9 6
33 25
93 22
85 32
29 38
30 39
89 49
42 25
45 74
51 0
84 59
50 12
52 94
35 76
44 65
75 54
95 4
97 92
56 82
65 85
75 30
58 83
12 87
84 54
8 18
9 7
22 40
96 69
10 27
34 96
78 70
11 63
32 68
88 58
65 13
16 69
23 1
70 21
92 19
25 68
44 71
22 3
76 30
38 72
7 82
76 12
49 13
19 9
14 39
40 97
90 62
12 72
55 88
54 62
96 81
46 67
44 57
99 58
29 81
14 70
96 75
30 28
39 55
69 39
78 50
87 96
95 97
71 33
44 28
10 62
5 32
90 5
83 99
43 65
48 89
57 58
91 70
49 68
28 74
95 25
1 88
10 4
31 19
2 84
87 16
70 0
78 25
35 33
11 38
40 2
17 30
62 46
30 42
12 22
88 47
98 26
37 43
40 37
19 17
89 36
13 24
76 0
30 4
44 27
45 15
8 69
26 94
72 30
44 24
61 71
32 45
86 23
52 65
14 1
29 74
26 98
21 69
39 98
34 51
63 55
4 97
90 25
87 72
31 4
31 85
31 53
33 75
17 28
18 13
75 27
80 80
45 51
76 2
68 24
36 73
63 36
81 0
67 99
29 17
24 50
81 14
52 46
2 22
53 64
20 77
84 51
55 98
62 67
2 57
37 10
8 64
82 97
71 82
91 2
61 97
34 23
27 28
4 88
38 68
83 92
28 76
83 18
57 93
44 56
10 46
7 1
94 22
0 58
79 14
11 1
26 22
8 33
95 46
35 87
33 36
68 83
9 35
80 12
70 78
47 5
79 29
87 7
33 28
84 11
60 90
73 29
15 78
57 30
7 54
97 80
14 91
84 83
96 60
70 49
68 7
98 14
82 85
16 34
5 69
79 35
33 93
14 46
70 91
52 39
14 45
32 97
20 1
10 48
66 95
46 94
27 86
39 88
50 6
24 71
86 30
13 83
99 20
79 7
6 3
17 14
29 33
88 74
72 53
73 16
62 87
89 72
91 18
66 57
2 51
65 61
8 38
3 58
35 20
99 68
95 2
69 20
28 34
38 21
55 29
28 8
6 36
72 69
62 58
2 3
94 82
77 37
45 52
82 35
36 64
38 8
20 18
94 85
54 44
16 64
19 72
9 45
3 97
6 18
9 73
0 14
43 98
95 96
94 37
63 80
5 49
42 90
46 70
16 62
93 37
78 98
87 62
63 81
43 46
99 11
30 40
74 38
57 61
17 62
61 59
58 10
94 45
1 65
62 71
24 95
81 5
32 49
36 23
84 7
86 50
96 98
15 19
45 25
28 77
21 74
40 56
15 85
51 87
53 83
47 16
55 36
68 56
50 13
26 52
52 97
31 61
8 54
98 40
0 64
46 60
61 61
37 71
9 26
55 23
22 69
15 86
35 40
67 32
48 28
14 19
67 60
82 11
10 66
8 24
37 62
17 71
19 27
17 55
58 7
27 84
46 69
59 98
66 41
78 86
44 13
51 74
16 11
75 81
66 78
75 63
69 81
26 9
60 25
86 88
37 23
81 18
63 48
98 60
74 79
9 4
69 84
90 55
10 99
46 71
40 88
33 94
44 61
81 4
75 11
2 25
64 10
68 45
9 15
18 43
8 76
60 3
43 75
95 12
63 9
54 74
55 93
97 21
13 46
98 74
49 26
54 47
52 37
97 35
32 5
34 63
28 38
47 95
93 44
79 77
38 30
31 26
86 19
5 24
96 42
28 94
56 74
55 71
90 22
13 18
12 44
47 59
81 94
73 1
44 9
80 23
61 62
68 27
26 75
22 42
93 14
9 84
2 6
93 66
96 32
0 51
31 35
53 86
57 11
64 49
78 40
25 62
33 32
3 3
65 51
96 24
89 19
74 26
70 59
90 88
48 8
89 59
45 2
86 77
45 77
71 35
13 38
66 74
2 95
19 77
2 1
89 79
4 75
69 22
44 40
40 6
78 67
58 0
50 47
86 17
28 47
79 11
25 65
74 60
97 99
94 90
36 96
79 93
97 82
59 59
56 79
29 23
12 29
30 94
60 83
3 87
94 99
47 10
99 44
17 10
52 50
46 48
9 39
99 45
71 37
30 14
42 85
3 20
1 55
9 1
2 73
32 43
14 6
62 41
49 82
79 62
41 54
31 36
15 88
32 2
2 43
7 23
43 42
97 3
6 81
24 81
76 44
78 61
72 5
78 35
76 91
0 22
70 28
25 25
81 85
36 8
94 5
28 39
64 53
35 58
90 59
69 3
53 0
20 55
91 1
26 68
40 95
81 39
6 66
30 69
26 88
92 58
6 43
78 31
66 21
35 65
19 41
39 66
1 87
33 35
76 52
55 99
95 77
23 13
46 45
55 92
98 32
73 26
96 1
83 31
67 26
26 12
79 34
32 11
49 74
83 48
21 0
27 35
88 69
59 81
19 36
43 96
58 73
92 55
33 2
60 47
20 75
85 49
84 49
36 79
45 81
39 59
43 6
66 80
38 77
64 69
55 56
97 32
2 26
4 38
73 93
71 22
66 34
0 40
69 54
38 70
60 94
89 55
67 29
57 32
64 43
35 74
11 34
59 13
1 74
59 6
95 53
5 8
64 46
89 66
52 31
99 98
96 36
10 17
50 2
56 93
9 82
98 83
59 91
1 63
26 16
31 39
62 86
25 27
69 77
85 62
5 92
62 90
6 90
57 16
54 64
89 48
40 74
37 7
34 80
53 51
76 95
35 13
25 54
50 61
39 26
28 82
28 31
41 49
61 49
63 61
90 64
79 54
52 2
8 16
56 58
63 91
36 0
36 78
83 81
93 36
31 59
46 34
3 37
32 54
2 44
5 16
50 49
69 99
13 66
40 96
44 0
87 91
20 40
11 55
45 87
79 58
22 22
4 8
90 3
13 29
17 93
15 45
12 74
19 54
70 75
32 61
76 24
62 20
31 8
15 83
36 27
41 0
52 99
62 52
14 57
75 34
83 52
19 63
26 51
24 91
72 52
34 65
24 20
74 87
96 46
12 4
47 55
84 35
12 73
61 70
51 54
48 5
84 68
51 4
2 30
48 72
16 30
46 20
6 84
0 73
40 3
81 61
35 19
89 68
93 82
38 97
53 80
38 42
69 2
57 26
64 17
75 53
83 69
26 3
75 6
47 20
8 15
94 21
26 21
76 80
64 33
29 62
39 29
29 42
3 16
15 42
2 15
79 61
84 44
98 4
28 23
30 60
27 82
86 28
50 91
39 22
83 27
65 69
41 78
15 4
54 14
81 41
63 23
13 80
50 15
92 45
74 65
79 96
74 47
56 18
6 89
17 91
12 18
73 55
85 76
55 82
7 80
77 87
97 60
9 91
65 22
38 10
9 41
51 29
85 78
26 90
11 50
64 63
5 95
65 27
12 51
74 56
96 20
48 45
3 55
29 58
6 60
94 96
30 2
72 26
85 71
33 89
93 15
99 33
89 15
69 70
63 97
68 80
73 7
24 64
84 84
45 94
16 77
43 68
90 93
0 30
49 54
42 63
76 23
68 12
38 79
51 55
76 27
39 20
69 53
56 83
69 30
56 31
53 19
40 24
81 43
63 15
88 89
96 27
64 41
45 71
18 9
25 4
76 47
86 80
37 93
98 84
15 61
85 91
42 75
74 15
31 0
74 82
30 56
52 75
75 85
73 61
22 7
23 83
85 0
68 8
6 77
90 50
85 16
18 69
36 41
98 56
74 12
36 30
51 76
18 3
35 71
23 6
3 15
80 68
3 6
39 38
40 19
39 65
90 0
68 33
22 47
7 66
67 27
75 0
12 60
13 94
28 72
46 44
55 30
6 61
72 17
44 53
9 85
98 64
2 5
95 94
0 17
73 49
61 50
67 62
53 93
41 98
92 93
96 13
65 21
19 44
30 22
69 95
98 57
93 70
90 47
68 48
86 26
30 54
23 45
51 92
48 14
63 93
30 32
74 29
55 43
9 97
96 88
50 18
33 8
47 64
29 39
24 73
62 65
71 43
75 91
78 42
1 79
13 7
47 93
89 86
76 71
78 14
4 95
66 43
92 97
20 93
28 7
45 56
33 95
94 20
75 61
80 2
72 90
22 24
40 42
7 76
61 47
41 27
49 1
48 59
43 23
54 45
80 74
68 95
50 32
80 9
85 42
10 9
48 93
74 75
21 78
77 97
74 83
52 1
58 68
95 35
30 6
53 92
82 70
4 1
72 31
5 2
58 19
50 7
32 50
77 92
99 59
74 53
16 29
45 36
6 79
99 85
49 44
91 82
63 45
82 44
94 33
38 87
35 55
85 33
46 59
6 98
57 95
96 70
47 26
6 0
42 78
3 25
3 84
44 64
69 68
66 47
49 4
66 77
73 89
23 51
41 97
48 69
83 75
47 33
77 95
85 79
30 84
68 30
25 20
99 9
89 21
42 52
37 87
81 27
14 15
69 7
69 43
42 22
59 23
83 62
98 18
96 85
46 87
94 36
0 70
68 41
24 46
6 96
54 26
16 55
41 73
97 77
0 87
9 8
48 24
41 36
29 53
43 45
47 45
79 51
2 66
79 17
61 80
35 89
42 5
42 96
44 81
31 3
2 42
93 63
68 75
95 68
88 35
8 56
92 74
4 53
62 93
68 70
73 46
16 40
9 20
63 5
85 55
91 42
92 3
33 67
22 27
56 94
71 2
65 91
12 78
27 20
66 56
62 48
6 26
95 42
53 14
93 7
60 23
77 25
29 59
23 24
83 73
96 86
89 18
17 72
20 63
72 73
2 68
91 3
73 32
40 83
41 92
37 68
37 91
49 37
58 88
71 32
0 92
17 29
99 60
97 4
26 87
12 21
68 63
3 33
0 29
72 39
70 12
38 0
95 19
56 29
78 46
58 38
36 76
38 86
18 19
62 59
67 17
99 41
35 36
46 95
39 93
18 89
17 70
95 23
52 69
89 91
89 34
86 25
52 51
97 72
69 76
7 44
21 71
86 66
22 9
26 25
63 77
2 9
39 61
42 60
6 65
36 9
64 24
11 21
78 16
7 89
39 18
21 93
14 9
25 26
65 46
24 2
6 42
17 66
36 70
36 92
15 54
2 29
0 82
80 16
92 8
28 70
37 77
53 20
42 88
55 41
68 10
68 2
54 77
69 41
54 6
59 17
38 81
62 57
40 99
12 43
93 12
37 54
5 41
24 61
9 77
82 51
23 84
48 64
64 36
79 48
32 19
13 86
44 77
89 5
47 11
13 21
14 31
68 16
10 1
67 52
43 32
25 72
38 64
26 61
81 91
51 28
47 79
41 61
70 4
45 9
39 48
26 4
87 30
16 80
54 99
39 46
41 11
97 65
11 74
89 50
8 29
9 53
58 12
64 23
24 40
79 41
74 37
89 70
3 36
95 28
38 13
96 79
31 13
87 76
77 66
42 67
27 19
9 3
32 12
73 63
6 93
73 21
60 12
95 74
58 21
36 66
24 79
8 30
76 19
82 86
69 18
28 35
66 84
55 2
65 77
77 21
13 15
35 46
39 42
39 92
89 67
50 50
92 82
11 42
96 82
56 89
15 69
54 3
44 90
27 14
91 30
35 60
0 56
62 63
69 25
20 25
67 86
73 87
99 19
61 64
14 62
37 70
20 33
21 98
11 44
26 37
25 36
1 75
82 36
84 32
49 71
86 85
90 38
82 25
8 22
72 48
40 13
96 39
23 74
18 65
31 58
20 90
14 16
30 89
77 14
22 41
97 67
29 67
25 56
73 86
49 70
18 16
87 84
53 42
73 34
2 93
77 88
16 8
9 60
9 50
59 97
2 98
0 96
15 17
58 25
90 29
37 32
97 87
36 11
28 79
64 91
74 91
47 53
7 25
18 80
63 85
79 16
65 68
91 87
58 57
86 5
6 69
66 63
57 38
57 83
90 8
87 93
54 41
38 54
41 47
60 73
54 95
76 56
21 21
0 10
9 71
93 94
49 28
70 47
17 42
27 29
54 70
91 33
41 24
89 28
77 77
81 96
66 99
74 5
93 3
29 34
2 90
7 56
23 46
71 23
54 71
43 92
59 52
22 5
35 34
82 41
83 72
46 92
16 72
31 80
72 93
53 81
32 87
78 22
62 21
6 80
2 50
14 93
0 71
3 2
17 84
5 83
96 30
14 96
13 50
19 29
11 3
28 12
74 23
20 21
67 46
94 75
75 72
1 14
80 94
62 73
76 13
70 81
16 52
87 25
52 72
57 82
57 53
40 43
85 15
64 92
68 44
1 44
91 41
4 9
41 85
73 73
5 62
46 17
11 18
89 27
81 58
97 42
97 79
51 77
25 5
84 65
3 70
37 5
81 60
73 5
21 12
96 99
99 39
85 81
89 32
15 46
13 23
46 13
14 58
15 10
20 49
24 69
71 67
50 40
92 63
96 15
94 2
38 45
52 96
45 99
5 55
16 9
36 90
93 26
90 28
67 73
16 66
32 75
76 87
72 0
68 46
15 81
78 45
96 77
90 23
32 27
67 59
29 79
31 91
21 5
66 15
88 71
60 35
56 63
41 65
85 37
95 41
69 86
40 22
61 3
36 22
71 79
47 44
41 45
65 89
38 14
90 89
61 88
27 94
99 70
61 27
12 95
0 85
0 59
18 52
8 82
20 10
76 7
44 76
56 27
94 3
77 30
83 68
92 34
83 40
60 78
32 76
65 97
81 34
53 98
62 50
35 49
5 81
35 92
68 50
15 55
95 93
30 8
47 0
63 76
55 70
55 55
88 51
77 79
52 86
11 33
53 28
50 82
10 29
49 91
21 90
50 73
13 40
53 23
67 77
92 14
90 95
22 1
32 95
21 52
38 59
33 42
1 99
78 82
80 0
16 46
14 30
38 2
19 40
1 81
77 45
62 99
18 75
77 61
61 23
20 6
15 92
8 79
46 53
12 82
85 87
83 98
46 8
88 2
26 73
39 79
9 30
50 83
94 12
34 98
95 45
10 71
78 81
9 59
39 6
79 49
44 22
38 50
9 19
49 59
15 40
39 49
6 68
35 9
33 65
20 99
5 37
38 36
96 83
73 48
8 67
69 45
0 41
23 8
26 71
53 45
41 51
91 38
67 64
49 0
7 77
60 10
13 58
48 49
66 6
82 96
34 8
94 41
25 0
54 30
54 82
41 30
57 63
45 8
18 31
95 43
79 36
83 1
75 82
35 16
35 66
18 74
54 43
65 17
86 34
84 15
62 16
60 82
46 97
89 35
25 46
37 56
12 62
8 36
57 15
45 76
35 56
59 60
56 88
36 91
56 40
24 17
20 27
88 91
61 77
25 9
80 87
0 36
58 29
51 71
85 68
33 71
32 72
21 22
10 76
74 13
34 81
87 69
79 79
34 32
83 41
79 23
26 74
1 89
21 46
32 6
42 20
78 20
36 52
5 88
27 57
4 16
92 5
69 35
25 60
45 68
79 2
86 45
7 0
40 36
53 40
35 98
55 44
29 64
84 81
77 55
29 40
37 60
95 27
58 56
78 76
56 75
59 33
70 2
95 51
60 36
87 38
79 78
21 47
52 57
45 3
57 91
49 77
56 19
84 10
76 29
40 28
36 87
99 1
60 97
31 54
66 49
80 39
88 63
53 44
92 23
68 1
95 98
86 96
11 87
80 30
16 25
7 51
36 14
45 58
77 8
0 62
19 10
67 78
88 83
22 0
5 27
58 78
0 99
18 34
15 26
41 62
55 79
89 96
17 22
5 64
78 57
90 32
97 91
26 82
38 61
88 60
55 80
42 33
90 44
18 26
16 39
1 10
14 99
1 58
99 50
3 73
97 47
5 99
54 36
73 76
66 55
34 37
5 51
12 5
7 14
48 73
49 6
56 91
35 93
82 42
22 38
31 34
15 6
56 13
64 58
27 21
68 38
79 40
14 7
36 13
8 39
64 93
66 72
55 47
84 12
59 89
78 29
27 52
55 51
67 57
82 87
94 56
92 84
26 62
59 35
54 54
35 10
52 36
80 47
52 38
9 99
30 15
43 5
52 28
15 27
37 11
86 35
33 48
28 26
80 85
86 62
33 9
67 94
75 39
87 8
51 17
67 4
98 31
51 24
3 86
51 21
55 74
91 22
27 89
26 33
42 73
18 91
63 95
74 48
3 67
58 31
3 71
72 35
50 28
54 97
45 75
45 39
74 72
66 81
59 57
59 51
28 53
87 20
74 19
9 0
86 14
65 72
4 50
86 8
81 23
15 24
3 45
65 63
79 65
72 95
34 19
62 70
1 94
18 25
36 46
34 30
76 54
61 33
93 49
90 10
66 89
13 44
21 87
27 10
87 22
0 60
36 59
29 25
7 34
33 18
28 14
5 1
55 16
77 2
52 84
12 38
68 14
42 19
66 64
31 44
59 93
81 84
15 97
95 99
61 90
67 38
39 47
88 18
74 16
17 17
72 92
16 81
99 51
93 39
57 85
59 88
18 41
13 28
90 65
81 3
57 23
75 21
72 72
67 19
2 49
29 95
47 50
9 24
96 55
62 29
44 84
51 5
11 98
54 57
54 75
82 48
59 70
64 0
37 76
45 28
3 32
93 41
45 64
39 85
93 79
52 61
88 10
80 27
44 4
23 34
5 56
26 26
56 17
42 43
16 12
18 40
71 94
98 45
35 86
62 92
19 13
39 41
88 15
47 38
84 92
15 3
36 25
69 31
25 47
26 46
2 82
15 73
63 57
81 37
27 53
97 29
59 32
71 14
19 15
69 36
98 15
99 15
88 75
73 88
59 3
93 52
77 63
0 45
99 87
75 41
41 5
67 96
16 58
31 17
24 87
8 43
19 88
61 81
83 70
15 43
21 75
81 88
99 74
87 9
67 9
44 34
13 19
7 4
31 37
75 78
98 52
65 40
97 5
19 32
6 39
47 42
10 59
62 85
79 63
77 22
15 20
53 18
62 40
93 18
95 20
69 65
3 91
7 49
13 49
53 58
17 9
52 80
98 21
32 29
6 40
95 88
67 0
65 29
69 4
45 98
65 62
27 42
62 27
18 10
50 26
58 54
0 77
47 31
49 23
40 35
85 25
74 85
8 40
42 91
76 15
33 27
94 69
99 52
1 16
79 67
10 34
2 70
44 82
17 7
34 92
29 24
28 87
89 7
78 71
57 80
63 33
34 90
55 3
28 71
8 91
14 43
87 82
51 6
1 61
65 54
14 67
31 41
96 5
61 30
29 50
93 13
78 6
36 34
61 32
94 92
72 38
43 90
37 61
44 67
56 41
13 73
97 52
65 2
18 60
30 52
52 43
23 70
35 37
42 2
65 80
44 36
51 52
48 84
6 6
21 20
18 87
42 32
26 50
27 66
26 86
38 48
67 42
37 63
88 11
27 41
25 83
74 25
45 85
36 95
67 84
97 63
28 95
86 47
68 62
72 36
46 63
40 41
49 29
44 98
73 72
85 52
92 80
27 1
47 25
93 31
51 47
3 27
65 94
73 3
97 34
68 87
65 98
5 15
31 21
53 53
30 77
77 67
4 64
1 43
73 18
40 81
63 12
67 39
28 91
32 44
39 9
8 71
66 12
87 14
79 57
61 21
34 60
42 40
10 60
93 42
58 15
14 8
14 88
56 46
70 39
38 25
4 55
76 86
91 89
75 46
39 75
92 48
84 45
87 26
46 11
23 95
52 15
47 57
34 11
21 95
18 51
57 52
98 85
58 47
91 66
19 26
15 84
50 54
32 7
87 3
26 78
15 36
12 98
27 59
65 57
8 1
33 83
78 1
3 28
94 26
30 27
36 54
65 34
72 94
53 7
32 40
85 85
54 48
84 21
83 30
51 94
40 72
46 49
66 30
85 59
70 88
53 15
82 99
9 43
57 88
82 80
90 69
27 87
93 54
69 64
4 67
28 42
31 49
39 4
21 85
88 86
63 18
69 91
15 18
80 88
89 98
89 81
71 39
2 14
71 89
98 86
95 56
69 83
5 17
3 26
90 27
49 10
29 85
45 65
80 36
36 31
48 79
17 82
28 17
84 14
99 77
51 95
38 53
15 15
59 30
54 11
52 16
61 66
59 21
23 38
32 46
69 55
30 80
94 86
65 35
48 96
79 91
61 82
69 78
13 55
31 67
90 91
74 17
3 96
48 51
81 80
44 37
67 81
81 93
95 38
65 78
82 84
63 87
16 5
56 84
22 71
73 92
30 87
10 14
34 5
15 89
14 97
97 51
7 20
82 72
24 84
38 74
47 8
47 80
80 11
79 87
91 49
25 30
26 59
17 36
65 15
45 48
20 8
58 41
12 48
54 22
85 53
83 85
89 64
68 76
40 31
82 65
72 68
34 45
57 28
7 85
20 15
85 31
43 39
16 91
99 37
34 40
97 88
48 97
33 62
72 56
83 15
97 22
78 97
82 49
55 42
87 87
28 21
54 2
93 43
65 65
37 28
64 78
10 51
12 86
96 66
86 74
95 29
6 86
88 25
96 23
21 60
25 64
77 86
50 98
0 93
43 27
51 42
62 26
19 31
95 59
80 58
53 38
27 58
71 12
7 59
10 0
89 29
61 42
34 33
86 3
24 15
20 57
68 35
11 13
51 38
80 61
38 66
94 43
99 82
78 53
9 89
74 2
10 77
36 15
25 31
42 62
27 64
56 66
43 44
85 41
42 79
89 85
11 60
33 16
56 16
14 0
35 84
99 96
76 43
68 57
52 45
54 81
97 20
93 20
94 66
3 54
25 78
9 29
71 54
68 69
29 51
63 38
45 19
31 45
24 14
0 72
57 56
78 68
88 53
14 52
61 37
36 12
4 44
35 28
38 90
11 91
99 46
75 18
3 12
6 94
64 4
72 86
58 26
5 22
96 72
40 78
76 25
22 31
38 40
18 12
79 37
90 35
36 57
76 49
26 38
94 77
34 26
44 85
11 48
76 32
19 59
26 35
71 7
50 3
48 87
83 79
2 7
18 48
47 99
82 24
61 36
47 40
78 39
15 8
90 51
61 94
91 97
42 10
24 32
74 45
90 19
34 43
99 61
52 78
26 34
75 33
2 12
8 50
3 78
33 63
56 80
33 96
63 50
52 47
38 80
94 50
45 38
63 19
66 31
17 65
17 63
89 33
70 25
58 65
39 58
19 87
0 44
95 34
93 95
60 2
57 57
13 13
22 84
14 3
4 35
55 84
46 79
23 69
42 77
16 94
96 14
80 97
9 38
95 50
34 2
15 52
3 1
36 38
91 48
79 98
48 35
77 68
54 96
41 58
43 95
16 56
50 78
67 8
73 59
67 45
20 84
44 16
18 44
48 4
23 80
4 48
81 16
29 19
54 10
98 25
21 45
21 64
2 0
17 49
5 65
25 21
5 31
84 73
60 74
5 19
23 22
66 39
94 81
41 87
27 40
74 4
63 70
57 19
51 9
48 65
7 12
49 79
5 46
60 52
50 71
52 91
89 4
70 26
21 84
30 18
37 25
86 55
3 38
7 86
66 9
0 91
76 9
62 43
85 10
66 28
3 88
88 77
24 45
30 81
60 85
85 54
66 87
40 27
1 68
93 27
38 15
32 94
64 39
1 21
29 84
1 72
14 36
35 59
40 12
82 5
38 12
96 49
67 15
36 43
83 89
4 70
51 15
60 8
20 87
74 51
70 1
56 20
75 75
10 68
20 86
83 86
43 93
89 56
78 48
92 67
4 91
86 46
80 17
73 36
20 34
90 56
6 31
83 19
5 61
10 57
58 94
27 62
79 72
74 34
78 34
64 3
73 20
31 55
37 58
51 10
8 87
23 53
75 32
57 12
45 49
67 95
86 36
38 26
42 17
12 1
11 35
48 29
35 26
67 21
33 66
42 37
50 84
67 89
8 34
54 49
9 54
85 36
87 36
2 38
27 6
82 45
21 16
2 79
61 28
56 97
47 3
13 32
60 29
27 78
19 47
15 33
61 24
70 71
2 62
64 54
94 4
3 46
7 26
62 6
24 72
11 37
3 50
58 18
2 8
24 16
42 26
16 49
96 37
72 32
11 82
44 72
45 83
91 53
82 63
45 29
87 97
85 38
40 23
16 10
32 22
40 94
79 84
37 67
20 47
45 35
59 87
91 44
44 86
84 23
88 52
14 73
12 25
13 42
93 1
62 89
42 36
87 79
94 19
46 64
66 25
27 91
49 8
64 80
52 4
35 4
60 72
40 64
52 98
32 98
37 53
36 29
21 99
57 9
5 4
40 26
66 36
86 75
69 96
61 10
91 9
36 89
27 95
5 21
31 78
37 85
49 38
21 39
78 78
54 7
2 94
67 44
30 35
36 44
99 81
69 51
59 92
12 30
78 62
25 99
32 10
21 79
70 95
63 31
80 5
34 0
16 21
25 57
26 44
92 51
51 40
83 9
5 78
33 68
62 69
97 95
91 88
22 86
52 33
0 1
18 15
41 95
86 32
16 23
9 98
35 88
83 21
59 4
76 38
95 40
15 44
48 75
5 12
66 60
46 39
63 22
93 56
27 70
80 81
92 49
13 34
79 19
95 72
39 87
77 41
88 92
42 98
21 86
70 79
87 42
91 81
70 62
2 47
54 72
77 81
41 33
70 35
71 0
87 13
40 77
24 78
56 26
88 76
75 59
16 0
58 24
34 13
42 61
86 53
48 7
90 31
81 65
88 56
46 12
35 91
45 57
56 64
34 87
58 90
79 92
71 86
76 70
50 21
23 48
20 60
25 1
59 79
76 88
67 41
93 89
35 48
15 31
87 92
20 37
74 59
69 12
52 3
58 2
68 49
63 11
16 3
37 40
67 30
84 38
28 49
94 98
99 28
57 69
26 29
70 13
83 6
29 55
45 41
80 84
53 10
37 57
25 6
29 72
12 96
86 41
42 59
50 16
78 60
77 78
46 96
4 92
96 28
85 48
60 70
56 90
19 66
8 75
45 26
58 61
13 62
0 12
43 33
35 53
64 52
23 14
50 80
8 86
36 53
47 48
72 76
36 47
10 80
82 75
25 14
19 11
96 73
89 76
84 91
17 48
72 80
46 2
31 94
78 79
87 53
51 37
14 53
1 27
47 87
79 99
75 87
25 23
2 65
45 27
73 90
15 13
46 10
52 27
68 58
58 66
17 6
94 25
53 29
38 47
33 0
53 3
38 52
90 39
98 72
45 16
75 73
93 46
94 18
34 34
92 4
80 46
13 20
98 78
79 47
36 58
29 94
26 20
11 70
48 68
35 47
37 48
74 64
68 13
17 3
53 4
90 90
28 55
57 6
10 5
37 35
53 33
2 41
66 82
28 96
98 7
23 75
28 88
30 46
72 41
86 27
48 34
37 8
65 71
99 90
93 30
89 14
24 1
66 70
15 60
14 80
20 59
33 40
11 5
64 29
17 46
64 47
76 16
28 5
62 8
40 73
74 22
70 89
94 11
25 41
57 73
94 83
44 92
60 19
96 21
17 56
4 47
95 60
86 69
69 34
34 9
90 11
57 76
16 63
17 54
17 95
77 16
89 0
69 79
14 55
60 38
42 76
14 64
48 0
87 21
5 10
23 42
59 76
49 47
83 45
25 95
72 19
26 14
52 77
79 18
99 53
5 23
56 68
91 17
17 12
60 28
29 73
74 67
35 94
13 65
66 48
71 27
18 8
57 75
93 71
25 32
22 12
24 70
88 70
98 76
88 72
38 7
8 81
28 43
45 92
31 93
1 38
78 90
27 81
41 84
84 37
4 37
19 92
9 52
86 11
13 2
98 99
79 8
65 3
78 36
30 74
67 11
79 71
65 20
17 1
43 63
67 74
4 80
73 91
94 93
97 17
61 95
64 88
9 21
36 75
42 58
92 20
46 81
92 2
23 17
85 97
41 10
69 89
46 66
46 27
3 83
15 47
4 15
77 4
60 92
13 45
54 9
70 45
97 70
11 57
16 14
21 38
59 20
43 11
3 82
78 92
55 34
0 86
62 2
82 18
79 13
13 33
31 51
47 21
49 46
88 4
44 88
28 65
42 27
45 82
15 66
90 73
2 53
6 95
86 98
66 33
8 80
68 93
76 99
84 97
27 30
96 6
10 47
80 20
77 75
71 31
87 95
76 26
15 67
53 95
4 49
25 94
16 82
40 55
79 76
93 86
97 68
28 98
95 71
80 13
11 46
30 43
89 77
11 81
94 60
11 29
18 37
43 97
22 19
82 52
45 59
59 58
15 63
16 31
35 52
58 20
3 43
48 32
45 44
56 2
27 5
16 33
66 11
6 33
43 17
34 31
93 38
20 64
23 54
31 64
33 69
58 81
49 17
16 20
40 39
97 43
11 75
78 74
34 93
94 7
44 46
41 3
53 74
80 10
40 34
92 75
19 50
79 0
55 59
1 39
85 40
44 52
57 96
98 35
75 19
39 45
75 50
49 25
6 34
4 56
95 11
49 83
6 16
64 67
30 53
80 25
57 20
66 73
73 44
43 4
73 8
80 28
25 19
51 99
20 36
2 99
48 52
4 40
37 15
72 67
30 51
13 81
93 9
97 89
93 80
95 30
21 1
92 71
45 6
40 32
24 99
20 56
59 53
28 24
60 42
23 32
31 16
61 7
46 19
68 99
4 3
23 26
45 7
80 48
49 3
40 92
47 14
83 37
64 6
81 59
45 5
65 74
41 96
42 56
3 21
1 96
47 56
84 82
44 45
78 9
42 16
22 64
27 26
83 17
32 28
96 52
59 49
11 27
52 87
20 22
53 73
96 43
9 74
77 47
32 1
89 17
1 20
2 11
61 91
71 62
42 34
36 50
29 78
50 19
49 62
71 13
48 19
8 63
12 91
76 92
85 20
22 85
62 18
55 83
84 95
84 70
29 98
46 82
52 63
81 76
74 39
43 15
90 72
93 72
4 58
42 41
13 51
53 90
81 47
41 1
44 23
96 76
6 55
80 57
91 54
18 30
4 24
82 28
85 8
86 6
50 41
7 11
35 0
40 47
93 17
30 76
35 73
59 75
91 71
34 84
27 71
23 81
57 35
81 12
91 27
75 13
44 96
51 53
53 30
15 12
57 72
95 3
87 40
16 86
80 32
99 42
74 49
99 80
3 65
19 58
46 54
33 76
39 3
78 51
72 78
49 16
7 88
4 79
8 49
57 8
24 86
6 7
6 11
83 94
94 54
64 48
78 85
22 57
70 7
47 22
55 48
30 90
76 83
55 95
88 6
42 28
98 29
90 33
53 50
4 69
19 86
5 0
69 6
81 7
63 75
39 21
48 16
85 86
37 97
0 2
31 27
53 87
55 66
22 63
45 95
3 24
65 33
85 95
90 16
73 13
63 40
5 30
69 60
0 21
39 50
10 7
91 15
19 97
72 25
32 25
92 29
57 29
51 98
69 10
81 90
76 20
84 75
48 9
26 18
65 90
58 95
38 29
21 72
49 22
39 82
65 44
69 37
1 34
76 17
78 18
55 96
96 50
82 56
89 74
32 36
80 18
29 29
45 45
66 8
34 54
77 76
89 84
73 58
56 30
0 54
60 16
78 33
1 11
3 7
90 21
97 61
36 56
96 87
1 60
71 25
88 99
64 55
6 41
56 54
83 88
21 51
27 3
4 22
21 32
32 81
80 59
84 41
26 7
83 24
85 82
23 79
61 56
27 23
4 96
99 12
20 76
54 60
48 71
43 9
91 65
83 11
89 53
42 66
36 84
85 27
54 92
25 17
44 32
9 67
63 66
24 4
74 57
27 83
31 18
1 97
1 17
87 5
75 29
98 41
66 86
10 19
86 63
21 23
19 0
81 56
74 70
0 78
58 82
4 18
32 21
5 34
82 14
97 45
43 64
38 99
13 61
72 66
9 13
73 24
8 42
28 52
51 16
34 58
81 45
8 35
57 71
30 99
56 42
83 32
46 61
42 64
65 55
50 66
17 5
11 24
0 35
5 11
11 14
7 94
12 26
99 36
8 20
30 67
73 33
34 66
68 3
85 94
98 0
53 13
22 39
71 1
18 68
41 34
13 79
35 81
84 20
56 10
99 29
31 90
38 20
69 28
34 6
80 45
4 17
72 74
49 99
37 79
77 44
50 31
98 75
12 45
11 30
28 63
11 52
61 73
11 94
28 44
10 74
78 10
62 53
93 77
88 21
2 96
18 59
38 32
43 41
81 57
65 42
19 43
23 87
91 4
43 36
82 61
63 17
93 45
37 80
37 90
50 30
23 60
85 58
6 10
72 59
73 80
90 48
73 14
58 9
68 5
5 35
68 92
65 84
92 30
31 40
48 2
39 73
78 2
29 49
47 91
57 51
13 67
72 49
37 33
91 74
22 13
52 73
16 47
18 84
98 6
13 99
55 14
81 64
42 89
81 10
54 15
32 9
35 39
19 51
77 35
32 48
55 53
34 70
64 35
76 67
89 92
7 83
36 36
70 44
32 18
29 6
93 62
84 67
89 6
15 64
58 28
46 84
12 77
39 60
80 78
99 64
40 68
45 22
63 62
52 21
27 7
77 32
55 67
26 91
29 47
18 20
19 42
13 75
2 18
19 71
72 6
32 52
5 40
68 94
29 92
7 41
10 13
21 37
15 49
63 20
64 98
38 84
73 56
14 84
33 3
12 9
44 94
95 55
96 29
54 25
13 95
11 58
71 4
51 35
88 59
6 14
49 97
23 20
50 24
46 7
1 12
51 86
23 62
0 81
56 81
41 66
30 0
78 13
79 95
60 44
40 49
77 65
3 9
56 45
66 37
58 17
0 95
14 82
3 35
44 70
60 30
58 93
13 37
14 34
35 12
66 10
50 97
9 94
4 5
11 65
37 19
75 44
18 14
55 10
49 32
83 39
10 64
20 96
89 95
30 48
50 70
90 24
41 89
17 96
75 2
72 57
97 53
11 7
54 58
57 55
54 89
39 44
42 0
94 40
79 24
35 27
88 1
2 67
32 91
69 0
93 68
27 27
1 86
88 19
61 41
62 54
47 2
88 46
23 99
16 76
71 99
86 29
81 98
31 31
28 54
23 28
69 85
2 21
21 48
9 44
62 42
86 97
5 91
10 26
36 60
84 0
68 71
59 38
51 93
21 63
8 12
6 52
32 17
29 0
55 76
24 42
35 63
29 71
57 21
37 96
16 70
22 78
64 40
47 96
55 27
65 0
58 84
33 46
93 88
9 9
27 48
81 49
79 6
88 42
69 9
59 22
62 66
26 48
66 3
82 16
61 11
61 25
86 64
41 32
27 99
84 34
38 93
86 43
18 76
92 89
62 36
15 14
35 82
91 92
16 96
40 8
0 3
38 95
18 67
71 28
69 97
77 74
55 39
89 46
44 66
9 78
71 98
29 87
27 18
77 62
90 30
78 24
53 71
35 95
83 38
86 44
58 44
29 69
16 15
18 42
63 65
53 22
69 93
47 32
18 7
61 9
64 32
80 7
65 28
6 63
58 77
67 24
33 79
35 14
31 6
6 71
45 34
78 4
86 99
79 80
10 37
73 81
78 95
80 31
49 63
48 60
12 35
70 27
10 93
34 27
37 59
73 19
68 15
5 25
81 26
58 96
82 7
28 57
22 32
6 58
77 48
36 1
90 18
67 18
21 77
27 17
40 91
86 16
17 99
74 55
5 82
30 45
9 63
51 58
93 93
76 48
88 67
68 86
48 57
60 0
38 9
5 20
41 29
72 65
19 79
7 73
13 59
4 26
58 70
82 47
72 21
23 40
63 89
56 38
55 31
41 12
6 5
31 87
96 74
62 83
23 55
59 25
64 71
88 80
5 60
2 64
55 4
89 82
32 33
13 31
89 40
30 33
43 50
62 11
8 21
4 14
92 39
57 77
85 60
87 88
79 12
37 47
17 8
87 58
36 35
75 58
51 13
57 70
73 50
1 18
85 21
32 26
60 71
90 52
33 51
90 74
67 71
1 54
93 75
60 77
62 51
41 74
52 74
50 44
1 35
64 51
63 99
49 2
64 9
15 7
50 62
2 92
57 14
46 76
34 55
40 16
28 60
15 22
56 53
19 45
84 52
55 73
17 73
44 49
33 23
0 42
51 26
86 12
37 3
17 15
33 41
91 19
75 28
4 85
67 1
77 3
99 67
35 77
10 11
28 33
46 43
0 37
52 76
40 62
53 49
81 15
39 0
47 35
67 12
2 80
77 1
20 26
49 94
40 10
90 20
57 50
59 8
83 90
19 30
6 1
92 28
2 72
15 70
72 3
34 64
33 21
65 59
77 59
89 13
13 12
2 75
39 23
84 36
59 47
51 46
42 93
18 46
21 42
62 5
20 80
86 95
18 98
99 56
48 92
20 73
22 29
73 85
21 43
46 68
97 49
15 76
99 16
50 57
0 8
5 86
44 47
3 85
78 58
19 81
9 48
18 39
16 28
92 44
77 99
88 14
55 0
15 56
70 54
70 83
7 46
32 79
51 82
21 66
82 82
92 90
73 64
52 42
86 21
7 52
13 96
46 41
65 36
36 99
65 25
80 34
7 19
11 11
1 0
3 5
79 44
84 87
31 7
60 15
65 26
13 57
20 28
70 11
81 92
91 35
29 77
75 25
47 17
15 30
83 44
31 57
95 14
25 67
96 34
26 6
0 52
84 55
47 37
6 91
8 8
32 30
59 62
52 88
24 68
68 73
78 77
60 18
52 49
57 2
80 35
15 68
13 89
88 3
18 85
86 49
62 47
23 4
95 9
76 69
23 61
50 14
2 32
23 3
38 24
69 16
37 86
39 94
96 51
0 6
42 21
79 45
80 92
92 85
47 1
49 5
3 57
90 41
54 40
29 54
74 33
10 61
65 43
1 31
29 89
90 97
56 4
71 95
81 28
80 56
30 83
98 59
81 42
93 2
42 30
44 91
8 99
56 59
98 5
30 63
37 65
33 15
19 70
36 21
87 61
17 32
60 63
29 2
63 6
63 82
82 0
37 98
23 72
72 50
41 55
95 21
44 62
84 1
52 13
70 90
66 96
97 2
45 53
98 2
60 67
78 19
90 54
75 48
61 53
44 75
26 81
16 4
59 61
53 17
58 8
56 72
30 92
3 63
9 87
99 89
58 85
96 89
22 18
23 89
53 56
13 92
57 68
1 42
91 26
19 38
54 42
18 61
92 53
87 63
24 12
9 36
16 73
88 50
87 24
86 31
33 17
62 91
80 66
66 7
71 48
75 60
45 70
58 64
85 72
97 76
8 58
49 18
1 82
1 91
38 56
95 5
42 99
27 2
5 70
71 34
46 16
57 34
18 96
98 98
24 94
25 93
51 73
42 42
25 45
95 58
82 91
97 27
7 42
68 18
34 69
2 27
93 92
89 9
50 52
93 40
91 45
16 87
77 56
13 78
70 31
20 62
0 98
72 27
20 44
70 6
57 13
76 6
75 38
12 97
64 62
99 6
62 39
22 2
41 2
24 26
59 14
42 6
93 19
40 7
65 41
58 40
36 63
47 46
22 93
35 72
47 94
68 84
31 68
64 20
36 3
19 90
21 7
56 57
80 55
34 79
52 66
37 26
60 4
61 89
53 39
40 63
53 8
28 92
50 59
77 26
54 79
48 27
8 96
43 13
12 64
51 7
53 16
41 63
6 54
76 94
34 22
71 8
19 76
71 41
25 53
51 83
53 9
47 98
73 42
98 27
49 31
86 82
1 51
47 66
63 42
26 65
67 97
12 39
34 28
59 83
61 83
54 38
65 14
83 60
99 71
6 4
4 52
44 33
22 50
90 71
90 26
35 51
24 59
46 65
86 91
85 47
70 55
56 37
77 9
29 83
92 76
19 49
97 23
59 41
81 9
22 54
88 64
93 8
93 16
79 52
74 97
64 34
94 31
77 23
37 51
54 33
70 18
67 50
83 8
48 47
23 29
55 46
98 12
24 10
92 96
47 76
55 35
73 99
73 54
4 63
30 68
55 5
73 67
30 3
5 94
17 97
8 93
67 87
8 14
80 19
56 60
22 76
83 97
97 1
96 97
64 94
32 70
12 23
98 50
42 50
44 15
43 48
23 98
6 17
62 12
46 5
11 72
54 32
79 10
47 49
36 32
89 39
56 61
82 40
97 8
40 54
14 10
2 24
15 41
26 97
4 72
77 71
29 16
98 23
49 69
39 78
26 1
87 43
26 28
71 52
35 5
60 51
24 3
47 52
25 70
5 33
73 75
99 43
82 15
51 89
34 53
43 55
75 10
19 7
79 26
4 99
59 55
24 35
2 33
62 7
42 72
48 30
23 0
53 5
51 25
21 83
81 68
43 87
42 87
6 75
56 21
91 7
72 51
62 4
53 99
15 23
52 90
14 12
73 6
53 85
42 82
61 74
22 98
24 21
34 12
23 30
43 16
93 0
37 30
22 73
30 30
55 1
86 60
34 94
6 47
41 22
70 16
79 90
82 54
48 94
69 38
86 93
22 25
53 46
49 49
40 98
85 22
64 38
55 72
31 47
48 31
82 10
45 93
55 33
24 83
46 29
12 31
79 28
28 73
2 46
88 45
25 55
59 94
24 51
89 61
45 62
14 59
16 74
62 60
22 11
63 16
75 16
93 57
1 56
21 70
81 74
24 18
97 13
30 91
10 20
14 20
14 63
34 25
40 44
38 23
2 83
74 68
27 98
6 48
21 8
66 45
98 24
7 28
11 39
53 41
94 52
99 79
2 61
45 80
39 67
38 85
18 88
91 39
23 33
46 26
42 31
67 66
22 36
59 84
29 46
96 94
26 49
2 88
37 31
4 77
67 28
26 8
7 95
15 16
97 14
42 55
92 40
68 6
28 80
21 10
71 59
94 14
81 51
83 50
39 62
43 14
6 27
20 41
50 64
77 28
90 77
62 44
64 44
50 95
39 19
15 25
64 30
37 82
82 89
14 42
53 21
85 88
91 64
74 71
67 49
21 15
12 55
54 1
17 86
64 96
10 55
82 12
66 19
59 99
60 48
44 25
55 78
22 99
50 69
42 94
54 23
98 20
10 72
88 32
11 99
71 90
97 94
53 32
9 14
55 40
21 41
84 27
56 35
22 83
3 23
93 69
70 72
24 7
42 86
85 14
34 89
68 72
43 7
78 99
16 2
21 25
57 39
43 25
37 75
73 23
19 8
56 69
71 42
39 11
17 37
8 68
77 60
99 35
72 96
82 23
57 78
64 89
17 75
4 31
69 63
19 80
6 49
79 88
31 63
78 94
33 54
4 65
11 0
77 13
27 31
27 92
1 41
20 19
12 93
21 61
89 51
69 69
33 47
57 48
25 97
54 29
88 30
23 93
52 44
86 24
5 44
34 61
13 98
62 30
74 69
6 70
72 42
87 98
29 11
78 17
13 76
4 4
18 92
44 19
38 51
26 39
33 64
39 95
78 37
41 20
40 48
72 98
7 6
35 32
18 94
19 65
41 37
72 16
43 71
39 74
1 59
65 11
29 88
33 19
93 11
17 43
74 88
59 31
49 87
11 31
85 70
71 72
48 48
24 92
49 66
58 59
47 9
35 1
0 67
56 77
28 90
98 71
71 11
94 68
62 98
20 78
49 76
43 51
46 14
77 39
16 41
39 84
65 23
83 61
95 18
87 19
55 94
27 54
77 42
18 33
7 50
79 25
35 25
5 18
54 66
12 8
29 7
99 76
91 56
49 88
89 97
68 23
82 27
70 65
20 5
7 69
22 61
77 83
94 67
70 84
36 4
71 77
9 70
65 99
33 4
60 49
24 60
36 39
76 1
18 11
42 54
61 51
41 35
10 8
75 36
64 75
58 52
49 64
59 54
28 51
22 95
73 94
81 30
51 63
66 76
45 66
23 86
92 66
45 0
16 42
73 51
48 78
44 31
8 92
21 31
95 49
59 50
38 16
87 75
11 66
68 34
14 61
98 70
21 81
21 4
74 62
27 55
68 36
59 9
0 83
60 33
22 53
90 98
19 61
85 1
21 35
17 51
78 26
77 24
22 58
39 43
62 24
82 26
10 32
89 20
59 46
35 69
71 93
74 30
7 13
48 43
28 75
52 20
7 61
49 67
12 24
35 6
57 87
67 92
68 74
90 9
74 63
8 60
74 98
84 5
97 25
5 96
87 6
2 54
44 38
66 22
46 24
75 88
33 24
97 69
26 31
97 98
4 13
10 36
95 17
23 65
15 94
51 49
60 24
11 92
87 37
96 54
91 90
42 46
9 12
53 54
58 53
55 77
23 67
29 45
98 54
65 18
64 7
3 59
60 98
54 8
4 0
52 9
86 92
90 60
66 50
72 70
18 23
29 44
93 67
57 10
96 18
38 49
11 97
26 36
1 80
76 64
85 74
32 58
32 32
7 58
94 73
67 90
43 3
94 95
47 74
8 74
99 31
27 96
90 53
26 24
8 46
96 71
9 17
59 56
40 70
72 4
70 70
86 37
73 97
10 54
16 1
50 48
66 0
54 56
31 77
71 85
12 57
28 86
23 41
91 72
22 72
95 61
32 60
97 33
24 38
88 97
90 79
39 83
54 4
2 81
58 63
45 69
10 83
66 20
24 85
89 22
35 15
85 56
94 76
21 73
51 33
36 82
81 78
47 65
90 40
20 89
75 97
88 43
55 19
74 9
64 68
59 74
70 3
68 55
78 52
20 61
53 89
39 52
9 95
94 24
7 30
92 25
0 23
36 2
34 57
29 80
78 59
56 50
10 56
38 82
37 0
30 88
7 99
38 39
98 66
80 52
92 72
61 26
30 72
14 47
79 85
60 17
13 25
36 45
39 12
8 55
22 23
58 60
71 84
17 31
3 41
99 5
90 14
52 62
21 17
1 85
5 59
4 2
13 87
69 52
17 45
37 18
48 95
71 88
32 88
2 35
81 75
55 13
3 94
40 51
71 26
34 29
19 85
86 65
84 93
90 81
76 89
6 15
42 69
51 27
59 68
4 61
46 0
19 67
17 88
79 81
78 63
53 12
54 21
35 68
99 48
22 26
91 95
86 59
60 80
70 53
43 28
38 34
33 91
16 98
64 77
7 57
82 6
10 70
23 94
61 38
83 46
98 89
72 47
41 56
40 93
74 80
53 2
66 2
4 23
98 49
25 98
76 79
85 90
40 66
27 72
91 78
94 13
91 85
61 40
5 13
27 63
62 74
98 95
12 65
92 17
7 18
44 8
65 1
17 18
2 74
89 26
65 73
28 13
20 0
90 34
43 83
39 32
30 9
4 76
4 27
78 56
22 66
26 60
25 69
85 43
9 83
78 80
91 28
95 39
92 37
3 77
99 47
27 80
74 6
57 37
41 99
56 7
63 64
66 32
76 75
32 90
27 22
37 99
19 21
32 77
84 13
55 57
19 48
25 50
32 35
82 9
55 49
49 75
90 82
14 74
35 29
57 0
72 62
11 54
51 2
10 58
1 30
7 70
58 32
91 98
19 89
52 11
14 90
84 78
84 88
5 72
47 78
58 48
73 65
92 54
13 3
51 8
38 17
96 57
13 9
0 15
3 99
94 59
21 19
80 79
61 48
76 65
88 81
41 77
90 58
1 28
1 49
81 62
34 1
6 46
63 32
91 37
90 37
38 18
71 29
31 84
20 45
20 20
95 36
7 33
87 59
87 50
12 12
97 18
57 84
58 92
64 15
2 2
16 17
0 80
42 29
84 60
71 58
59 1
74 93
47 88
99 72
15 38
82 58
12 16
36 77
14 76
22 17
29 65
61 76
73 10
12 11
53 1
51 62
20 94
47 90
19 25
22 30
65 93
15 74
61 69
13 85
54 83
9 22
47 24
76 36
28 18
29 96
33 6
27 93
76 61
15 32
2 23
38 55
4 33
55 68
23 10
20 68
52 35
53 84
44 39
85 17
23 43
14 72
4 78
42 4
31 62
3 56
99 62
61 55
38 28
37 13
50 53
55 91
10 52
89 57
63 7
80 98
56 67
9 62
95 24
57 43
83 53
33 22
20 31
87 35
31 43
60 26
89 37
80 89
38 3
79 64
19 91
49 81
31 15
3 61
38 38
5 14
17 67
35 18
34 7
65 9
38 27
74 95
83 57
26 79
63 52
43 34
72 89
35 45
22 88
60 45
25 33
15 77
92 35
32 56
90 45
72 54
68 20
94 28
57 59
30 24
76 60
7 53
0 49
84 63
26 57
91 93
41 9
25 34
68 52
9 79
47 18
20 69
51 34
44 55
45 97
49 73
95 31
11 2
56 6
75 68
44 99
78 43
66 67
71 66
11 32
78 83
6 45
87 23
96 0
99 63
51 1
59 42
35 70
90 13
15 57
41 8
1 45
13 43
31 38
66 65
62 0
96 22
75 86
32 57
96 80
94 57
17 59
41 71
4 60
0 16
47 43
70 64
33 10
66 40
5 42
48 15
81 24
87 1
88 73
93 53
30 96
80 71
95 26
41 60
56 34
99 94
21 55
28 69
26 17
62 94
25 10
36 55
64 85
51 80
12 76
97 83
30 1
36 48
24 65
93 28
75 40
71 15
85 6
84 98
65 87
86 73
31 22
93 84
63 94
84 3
94 34
4 12
8 6
69 11
69 19
25 63
22 28
35 85
47 51
32 47
52 41
72 58
43 37
9 40
77 0
51 66
34 36
88 29
51 64
37 37
27 44
65 95
73 17
16 78
42 45
33 80
58 99
21 34
8 45
18 55
87 70
61 67
44 43
88 41
6 67
9 49
16 19
83 87
61 44
53 77
13 1
46 80
58 27
82 34
62 13
1 78
35 67
24 62
97 15
40 11
24 47
7 74
17 25
44 79
14 17
17 90
63 35
91 24
30 13
49 92
93 96
59 44
90 80
54 12
73 71
94 58
52 79
23 44
99 2
49 21
15 51
91 79
79 20
2 71
98 81
80 93
87 11
94 84
43 31
38 58
70 66
45 23
38 19
34 77
22 74
81 31
14 66
95 15
85 67
98 19
25 86
23 88
99 40
8 48
39 1
21 94
34 35
1 25
84 48
58 36
0 0
77 82
67 91
16 26
26 66
57 1
83 43
93 21
76 11
80 62
3 40
61 79
54 88
10 38
46 51
18 5
47 63
26 99
88 34
52 71
30 64
12 19
56 15
0 32
89 62
42 53
16 79
87 74
81 83
81 52
78 87
43 62
96 38
24 0
41 93
70 40
60 6
3 72
10 49
28 58
2 77
29 97
70 96
87 90
99 55
8 19
88 0
29 21
88 16
49 45
6 92
6 32
85 45
98 69
62 9
56 32
66 75
27 76
11 47
62 62
37 38
15 48
84 2
51 60
94 48
14 13
39 13
31 71
31 32
16 84
20 83
81 67
46 25
58 35
83 28
83 80
68 88
21 88
67 16
59 19
67 68
92 11
61 86
4 54
70 23
7 84
73 66
80 65
85 83
99 32
66 69
4 41
22 14
77 29
89 25
19 55
42 8
98 10
64 59
12 3
58 69
66 14
80 95
95 92
77 69
95 67
46 6
77 84
44 69
8 61
60 5
89 60
7 31
92 65
4 57
10 23
63 54
95 64
26 58
91 75
21 29
97 81
44 97
0 38
73 60
30 58
46 77
29 93
24 11
12 99
38 89
94 53
46 37
36 42
72 15
34 67
96 31
86 4
65 86
72 45
82 37
28 15
41 52
24 75
37 6
18 90
18 45
40 4
92 42
55 37
42 57
34 44
81 19
78 11
41 18
97 16
49 55
72 99
57 4
99 14
69 26
58 97
81 97
29 14
87 66
75 99
37 42
11 25
94 1
64 65
31 97
80 8
88 48
23 85
36 7
0 43
76 85
62 31
19 60
93 47
10 79
41 31
60 68
46 33
54 18
17 26
30 73
58 3
31 66
77 98
63 53
56 12
51 3
9 56
99 65
83 5
7 64
33 85
57 45
14 28
80 83
92 26
44 35
66 24
87 54
8 90
85 46
28 97
30 86
26 84
73 31
68 79
29 52
99 99
85 66
47 61
21 57
87 64
9 72
27 12
41 16
71 44
76 96
26 70
79 15
11 56
62 1
76 51
98 8
13 60
39 33
38 41
26 5
52 23
45 90
17 77
88 96
20 29
49 65
0 24
97 93
64 21
59 77
10 41
95 48
63 21
19 2
4 89
18 1
72 77
8 53
44 78
59 36
50 55
94 49
61 29
42 13
56 49
96 25
7 29
80 37
81 50
93 97
77 94
88 33
9 76
41 39
81 73
43 47
89 44
55 6
59 48
17 87
94 0
79 59
14 14
97 56
13 16
51 56
38 35
20 97
76 35
71 57
19 20
98 9
22 34
27 68
0 48
8 59
9 47
56 99
57 46
40 21
8 25
76 78
48 39
16 35
72 88
37 55
56 9
57 3
68 47
18 57
18 47
31 76
68 17
28 28
90 83
78 72
40 85
35 78
53 27
40 20
80 50
94 97
53 43
17 94
70 8
77 70
43 60
56 43
4 43
67 83
56 0
4 32
92 36
57 54
18 0
73 57
58 22
94 89
57 99
75 24
23 37
59 26
30 36
19 83
10 73
6 20
35 44
82 30
97 58
10 33
81 87
33 33
64 61
23 2
28 0
99 30
80 75
18 66
76 8
72 22
76 28
71 92
57 60
85 93
72 18
88 49
34 78
2 13
67 51
76 81
92 94
9 81
67 36
78 91
27 8
33 45
11 17
81 38
38 11
8 47
10 2
4 62
70 74
31 48
34 10
89 52
68 89
18 49
92 61
11 85
65 79
17 69
27 32
26 89
83 58
66 66
91 40
53 34
70 77
80 91
1 8
6 53
19 73
99 83
51 22
69 40
19 4
78 96
82 1
98 11
26 67
3 42
43 24
72 37
66 91
43 73
87 56
5 7
21 27
48 86
95 85
29 60
13 70
37 29
1 13
95 54
67 55
27 49
29 43
84 72
12 2
3 48
87 33
25 71
47 70
99 91
17 47
58 80
98 62
30 25
48 41
36 86
99 23
77 27
29 57
45 63
97 71
53 65
66 54
70 50
96 53
51 14
85 69
79 53
6 22
29 86
8 77
75 43
20 67
90 1
89 54
68 90
28 89
53 47
93 59
4 34
1 95
71 20
17 89
87 47
45 61
18 86
12 20
89 11
10 97
27 61
59 29
87 46
93 4
14 33
66 98
86 33
90 43
68 59
80 76
96 9
40 5
74 11
95 83
25 28
50 68
30 20
46 9
61 87
28 11
67 34
11 19
2 37
16 27
30 79
14 4
93 51
79 68
84 19
1 53
85 44
62 64
20 88
7 81
89 8
20 82
51 85
30 41
91 60
70 85
80 54
83 34
28 64
69 23
16 68
80 67
24 76
89 63
79 38
81 20
54 46
75 7
57 49
81 46
0 84
38 96
48 26
32 82
58 67
7 78
70 19
10 44
12 33
97 78
17 81
31 99
15 75
67 23
65 32
43 99
29 82
73 70
12 67
5 68
98 38
56 23
67 6
70 17
79 27
18 62
38 92
96 45
77 58
16 24
75 23
93 91
72 84
10 10
32 73
77 17
77 64
69 29
11 10
70 82
40 1
78 7
7 97
1 73
11 68
16 48
35 90
26 19
99 73
31 98
4 25
85 23
69 62
8 70
83 36
97 38
65 19
50 35
60 13
27 88
62 84
46 78
27 25
14 77
86 58
3 80
75 83
31 23
36 67
77 5
83 71
75 80
71 81
91 16
0 57
67 70
56 78
66 62
12 69
26 45
79 82
45 10
60 69
12 28
66 71
6 23
55 22
1 37
85 2
30 37
17 79
82 3
82 43
27 97
48 88
18 64
98 44
63 71
14 95
36 51
32 13
86 1
3 13
74 58
7 36
39 68
82 2
92 24
52 67
25 52
86 22
67 69
20 92
50 74
68 11
74 32
18 29
17 92
64 45
27 73
74 66
95 73
93 73
41 91
39 51
50 93
23 64
36 62
7 38
19 95
7 40
55 65
45 84
96 35
13 74
33 56
88 87
68 39
8 52
47 60
9 61
77 72
83 64
39 40
7 8
50 29
2 39
12 71
95 95
54 5
41 86
39 14
38 1
56 48
28 22
6 83
49 35
97 7
17 98
69 14
3 98
81 21
31 10
39 69
34 39
21 67
75 56
60 99
85 9
75 4
70 29
97 6
58 72
65 48
72 71
27 24
64 5
31 70
67 7
81 48
77 85
19 3
67 35
52 5
66 29
82 19
2 58
9 27
50 38
34 99
76 58
95 1
69 75
50 63
84 89
42 47
8 5
54 84
80 90
4 19
82 8
57 94
92 78
81 22
74 1
80 1
62 55
86 87
52 48
74 42
40 59
35 7
14 21
16 53
22 37
63 25
65 7
63 51
7 9
16 6
12 50
33 44
61 13
49 9
35 11
34 21
39 37
37 39
21 76
3 75
8 9
20 70
69 33
67 58
98 67
35 42
50 42
67 61
42 48
76 45
6 50
74 74
77 90
18 6
49 57
39 2
85 98
44 26
66 88
27 47
52 95
25 44
65 96
76 42
72 14
74 54
41 17
81 6
79 70
26 0
99 10
26 72
55 69
47 73
82 57
79 39
41 4
72 61
61 22
73 77
44 7
7 10
83 35
9 34
55 54
10 24
96 16
13 52
54 19
25 73
78 93
12 32
57 64
60 57
69 98
49 19
14 98
25 11
47 84
17 13
57 62
10 89
98 1
46 42
90 85
65 88
71 60
96 93
79 74
10 86
35 83
32 84
64 95
61 31
91 73
42 83
41 15
55 8
84 58
28 85
39 96
86 2
49 7
79 75
41 46
11 43
69 71
88 98
34 86
7 98
50 86
86 61
61 43
23 90
28 93
34 48
55 52
45 32
26 32
87 18
81 63
30 49
41 38
14 48
51 69
83 42
1 77
40 87
12 85
93 98
68 96
51 44
22 96
89 75
31 88
41 57
85 63
70 61
72 11
34 20
3 10
82 59
20 16
28 83
37 49
81 79
53 61
92 52
33 1
22 33
0 46
95 90
63 68
13 27
58 33
69 8
92 21
69 92
22 6
14 23
46 58
82 68
96 92
82 32
99 17
87 4
37 50
69 50
31 24
69 88
92 56
26 10
72 40
97 31
37 41
75 51
49 72
68 85
32 8
63 49
17 74
65 67
45 46
11 84
59 78
55 50
97 19
84 61
45 24
57 36
10 50
95 7
25 84
56 55
77 57
60 27
44 83
27 9
64 12
43 18
1 64
7 15
87 51
1 5
36 28
11 4
34 24
42 81
45 11
15 99
64 18
88 24
70 76
8 51
30 23
96 78
98 13
47 34
33 90
61 20
25 82
61 5
61 54
11 69
76 37
31 86
70 48
71 71
53 67
84 57
66 17
27 39
4 59
12 53
20 51
48 10
20 3
75 57
40 15
50 5
71 73
0 53
37 89
87 17
98 68
45 1
47 30
35 3
25 13
34 41
99 97
25 77
74 50
4 71
36 26
7 87
69 48
30 97
72 1
58 91
24 52
95 16
41 28
20 12
33 43
12 83
47 47
55 45
75 64
38 76
44 59
20 46
31 69
48 66
33 50
11 23
39 8
31 75
23 50
69 46
36 85
21 28
11 93
32 51
71 76
49 33
5 50
59 96
51 51
53 88
85 24
63 34
31 60
99 3
18 27
63 29
43 35
97 30
13 39
68 31
86 70
83 95
56 92
19 69
61 72
56 11
10 16
73 22
49 24
45 96
60 88
47 12
13 84
29 28
91 0
18 17
8 62
17 4
42 15
3 52
75 92
33 72
29 66
63 44
91 76
47 23
35 80
21 68
66 59
2 19
74 18
65 70
36 37
24 82
12 13
94 70
20 71
21 97
33 88
1 83
28 99
63 69
8 2
72 34
74 8
8 97
85 57
80 51
41 13
77 89
75 37
87 89
41 43
14 49
54 98
38 63
25 80
84 22
21 3
12 79
27 46
22 21
36 16
63 47
43 52
3 4
97 66
17 35
97 54
30 26
89 94
63 88
32 16
79 4
29 15
30 61
40 60
89 83
82 76
28 16
62 34
35 35
14 25
36 19
64 84
48 46
90 87
13 30
37 1
37 52
76 73
64 26
58 14
30 19
62 88
63 56
5 79
27 33
44 51
50 33
51 70
85 77
3 18
19 56
43 84
26 69
49 48
1 84
83 78
28 67
44 93
64 81
50 1
70 51
92 18
87 39
31 56
13 93
60 89
95 84
1 62
86 83
98 53
84 47
22 44
10 25
36 20
49 53
93 34
19 33
15 90
75 93
83 65
25 39
32 66
78 41
25 58
74 94
65 52
43 86
20 54
79 69
4 29
56 8
77 46
74 86
73 69
24 23
18 21
60 58
65 12
49 95
88 22
11 36
52 22
0 88
35 21
90 75
13 54
60 55
39 71
60 40
33 86
64 42
66 46
36 81
85 39
52 32
45 47
9 37
8 78
99 86
24 30
43 12
39 91
80 6
16 75
95 6
11 28
70 30
10 6
81 40
67 48
39 30
74 0
4 93
94 55
61 2
76 4
29 5
7 67
6 56
62 96
37 14
17 23
67 80
25 40
76 39
20 95
73 79
34 82
0 66
92 46
22 70
97 36
70 24
68 61
31 20
64 72
34 15
4 39
30 57
73 95
24 98
40 0
57 31
40 40
0 9
5 74
30 17
97 57
46 23
49 30
36 61
48 91
97 62
95 57
98 61
54 67
15 2
66 83
82 13
99 25
98 91
26 76
68 82
85 99
12 94
33 31
49 50
19 84
12 70
73 11
47 68
77 33
25 87
86 52
31 14
17 27
50 94
10 39
44 58
3 74
70 60
19 16
92 9
62 23
21 89
54 61
6 25
26 11
1 50
62 78
17 53
37 2
73 35
79 56
49 52
55 86
64 73
59 65
6 64
40 67
33 55
70 87
59 0
71 97
12 47
39 64
44 2
32 74
20 43
89 10
14 94
14 22
58 23
44 48
39 97
56 95
13 5
67 67
13 47
85 51
66 97
32 20
52 81
30 71
19 62
23 12
47 71
54 73
53 26
67 14
15 5
95 76
2 40
64 87
42 23
43 67
76 82
29 18
39 57
98 82
15 65
67 31
59 28
79 55
38 5
63 78
54 17
80 38
46 35
49 12
43 43
28 56
66 23
96 63
35 43
6 97
78 89
0 4
25 66
17 52
85 65
63 3
83 83
46 57
39 31
32 53
24 56
59 7
33 99
88 39
82 74
77 51
86 86
73 27
20 17
1 67
59 64
41 88
59 27
37 73
89 93
93 83
88 12
12 68
18 71
82 22
82 98
64 37
43 82
92 1
52 52
44 18
94 74
6 21
52 93
91 21
67 22
96 4
40 50
28 29
55 97
29 36
42 49
90 68
72 75
9 46
50 58
25 22
6 30
18 93
51 57
58 45
56 65
97 73
51 72
20 23
46 55
92 99
25 48
86 9
86 39
17 20
63 26
42 35
88 54
18 2
5 71
97 84
59 10
87 28
49 90
71 96
25 81
39 5
84 77
11 86
63 72
82 38
87 0
92 50
83 84
24 9
14 89
23 36
65 47
20 79
32 65
21 91
84 62
0 13
47 27
58 43
10 18
53 69
46 30
48 98
1 48
37 24
28 37
31 11
4 68
91 80
21 40
28 10
35 61
44 29
50 45
77 18
86 78
52 55
55 61
49 60
93 65
5 80
18 50
33 57
74 21
71 45
34 97
59 86
51 75
29 70
78 84
29 8
41 59
83 56
91 63
5 28
12 14
47 4
20 65
5 36
92 43
53 76
8 95
78 64
54 86
57 44
38 62
24 31
58 30
49 58
59 2
20 81
54 85
58 87
43 79
84 96
66 4
20 91
92 41
70 36
91 62
3 0
49 56
75 3
10 91
88 5
84 64
71 70
82 92
75 77
7 91
10 43
34 46
73 37
14 54
24 44
38 67
43 89
6 51
71 3
6 44
37 46
7 48
28 30
12 15
86 84
0 20
54 28
14 79
29 99
23 57
28 32
1 40
54 65
6 74
28 62
8 10
96 26
84 18
98 46
27 74
66 16
60 9
16 36
64 97
42 70
23 35
17 64
73 82
44 50
52 40
89 41
83 76
89 90
80 26
72 55
8 11
10 28
53 31
62 25
92 15
52 64
63 14
49 20
10 92
67 63
43 81
93 33
48 61
94 72
57 40
45 4
15 39
5 66
49 96
21 30
47 28
8 13
40 29
42 51
50 9
78 12
85 75
46 62
89 2
11 22
8 84
55 64
25 24
44 54
82 81
56 22
14 50
1 47
11 80
41 53
41 67
80 72
76 14
53 97
84 25
63 28
90 66
1 4
60 81
82 78
8 85
70 32
56 44
2 85
25 49
35 22
6 87
73 28
65 76
63 60
24 74
69 57
0 25
33 92
13 17
20 4
33 30
17 21
29 41
99 27
59 73
77 53
43 19
42 71
59 12
82 90
33 52
2 55
0 63
65 82
82 33
93 99
11 41
29 31
15 58
48 6
62 14
76 63
80 15
92 33
19 1
64 13
24 22
79 33
49 89
7 2
99 78
68 0
55 12
92 12
94 15
30 66
58 11
48 77
43 53
94 29
15 1
54 76
55 87
95 70
1 2
24 19
65 45
66 13
48 63
13 4
93 60
7 93
1 32
12 75
67 25
8 32
28 84
94 46
96 59
45 54
11 79
11 15
11 88
12 41
89 80
23 68
25 35
11 16
33 98
35 57
74 36
27 90
97 48
48 18
83 67
68 26
75 49
4 90
13 69
6 76
27 60
60 34
43 0
96 47
29 13
68 81
1 3
7 47
58 34
13 8
21 82
49 36
46 52
86 56
91 96
66 90
82 39
30 82
53 25
37 78
25 90
23 18
23 47
28 20
49 93
52 25
23 52
66 93
75 65
24 37
9 18
53 78
24 63
28 81
15 93
17 41
50 0
13 68
97 9
15 62
23 15
46 40
14 29
27 36
39 99
89 23
64 70
95 37
79 30
16 95
39 36
82 62
58 55
0 97
48 90
45 89
32 67
32 14
51 48
75 90
12 54
34 59
7 90
73 2
98 79
85 28
85 13
81 36
45 17
38 75
52 82
9 32
50 27
98 65
1 46
23 77
2 31
74 90
99 92
19 52
30 12
6 29
18 63
40 38
15 96
79 73
73 74
71 78
90 99
52 85
60 93
3 68
41 42
42 14
0 76
95 75
46 98
57 47
79 42
51 84
31 30
37 66
89 12
39 25
25 43
33 53
36 93
55 81
73 78
56 24
32 93
76 34
73 9
57 18
22 10
27 15
75 95
21 26
50 90
59 15
40 17
76 41
24 97
43 54
13 22
33 7
58 62
47 81
73 4
75 89
43 78
24 58
34 52
14 92
86 72
61 75
59 82
79 3
75 20
71 75
3 17
22 92
85 7
94 94
69 94
60 66
34 72
33 49
96 61
40 53
62 33
62 32
18 77
58 75
24 29
66 68
76 46
75 9
5 77
89 69
95 66
83 23
46 86
81 82
88 61
47 82
6 85
59 39
13 56
18 83
13 91
54 0
41 23
75 14
74 96
94 62
3 95
23 92
23 56
71 18
55 24
26 42
77 43
59 63
50 89
87 78
2 45
27 51
35 30
19 64
6 59
24 13
58 98
8 89
30 5
41 80
29 26
74 10
74 92
72 64
91 99
63 63
79 22
38 65
54 20
77 93
96 90
46 46
43 20
2 48
82 46
69 17
71 16
44 80
58 6
91 43
80 69
56 52
74 89
50 60
64 57
48 70
14 86
35 31
1 1
86 20
26 13
87 45
84 26
50 43
94 63
23 63
88 78
71 47
46 28
0 27
0 74
10 94
54 24
51 12
61 45
21 56
25 12
75 31
16 32
36 5
7 27
16 89
0 94
61 4
90 17
83 20
49 11
44 87
87 10
0 47
1 15
41 68
55 85
1 71
49 78
75 17
12 34
38 71
90 96
7 55
74 35
15 21
98 3
91 86
88 85
23 97
72 9
41 6
84 17
92 6
61 65
77 11
43 91
8 28
5 63
63 41
62 79
10 31
5 58
2 60
95 44
22 79
43 58
54 16
60 32
48 53
56 25
34 75
96 91
93 6
21 50
46 56
94 17
37 22
69 44
90 94
80 29
37 36
50 37
69 82
91 83
64 50
92 83
58 4
24 41
2 10
81 35
39 15
25 37
5 98
30 11
60 39
71 87
28 61
80 41
60 1
16 18
78 3
1 90
1 6
20 66
50 77
37 95
73 98
50 56
11 12
95 89
1 98
27 56
10 30
77 91
69 5
43 10
48 23
22 75
59 40
67 20
62 97
61 6
64 83
5 84
44 63
79 1
90 67
92 57
21 36
18 4
71 5
45 67
41 26
57 74
92 87
44 95
12 66
80 64
34 62
92 31
40 33
99 34
47 97
18 99
29 75
28 41
71 51
8 17
7 37
60 41
49 51
88 31
59 95
14 18
47 89
84 28
6 78
84 8
73 15
61 92
54 90
91 32
84 94
60 84
22 55
41 69
77 19
96 10
99 66
98 97
14 41
10 69
76 74
71 49
50 4
11 6
19 99
42 39
33 60
34 3
34 38
38 78
65 8
46 36
86 40
61 84
18 36
80 99
83 25
40 61
92 88
90 49
63 73
55 38
28 9
15 79
41 25
84 53
45 55
50 25
63 92
56 47
3 93
87 65
39 24
95 22
37 64
37 17
20 72
83 14
35 62
3 49
55 63
0 34
84 80
24 36
25 91
75 70
24 27
5 5
76 77
9 25
19 35
32 85
34 49
90 12
53 55
99 69
80 77
27 69
46 88
74 78
29 32
85 5
41 94
91 58
68 78
13 41
30 34
92 16
32 41
25 29
7 62
52 6
21 18
27 0
21 58
95 63
45 40
24 43
71 21
11 61
24 66
60 11
51 36
69 87
47 36
64 82
9 66
98 48
48 58
16 92
12 88
61 19
55 89
43 72
84 4
66 79
70 98
22 16
80 82
93 23
91 67
35 8
91 84
17 16
42 44
50 87
14 68
77 80
27 67
27 4
44 14
26 93
34 42
48 38
60 96
87 73
80 70
86 7
10 81
52 83
73 53
78 28
57 66
29 27
49 84
31 12
98 37
60 95
96 19
55 9
71 50
56 85
22 46
1 26
63 43
63 39
27 79
6 82
58 1
92 60
98 80
45 73
91 51
83 51
61 39
72 33
7 21
27 16
28 68
56 86
46 91
61 46
30 47
52 29
94 71
26 64
90 4
93 90
59 72
1 7
68 29
64 60
87 83
82 67
32 86
48 12
58 5
95 79
46 3
87 86
11 95
31 2
54 55
65 37
8 83
4 94
79 31
1 52
52 19
56 36
16 83
99 38
32 4
5 6
93 78
31 25
20 30
57 25
31 89
44 68
71 63
6 28
44 74
55 32
61 58
76 31
61 12
70 34
15 29
3 60
20 42
79 46
23 71
80 3
65 53
97 11
28 6
13 6
95 32
16 37
73 62
12 17
17 83
50 51
63 90
16 71
77 34
85 64
52 54
0 11
91 34
86 89
19 34
76 66
54 52
12 58
19 23
76 50
33 82
48 36
76 68
16 57
48 25
38 6
22 56
48 54
24 39
18 97
50 11
52 24
52 17
4 98
96 58
25 18
22 60
35 17
72 81
52 56
40 86
69 72
83 12
74 3
62 80
17 39
51 68
42 12
63 0
89 24
20 85
66 26
3 92
27 75
44 30
57 22
38 60
71 10
95 65
63 96
63 1
87 27
86 94
75 74
93 81
83 49
85 89
71 46
23 9
39 76
51 96
1 22
68 51
92 7
16 22
14 2
65 30
67 72
39 89
7 35
41 79
49 15
4 21
22 45
30 95
22 8
67 13
41 90
40 69
53 48
13 64
60 50
22 91
76 33
41 21
19 98
99 13
68 4
71 38
96 17
20 38
12 84
47 15
28 46
53 94
52 53
73 96
55 62
1 29
50 79
8 65
65 92
94 32
56 1
94 39
43 74
27 45
23 27
22 51
52 8
36 80
20 14
21 96
64 66
69 13
82 73
26 2
3 30
19 75
74 43
95 52
20 24
70 94
73 47
99 54
65 16
37 74
14 24
75 15
88 88
11 67
64 19
39 86
89 1
69 15
57 79
50 36
60 56
62 95
64 1
90 70
19 19
20 32
86 0
57 92
35 75
9 80
88 68
90 6
24 88
83 26
87 34
21 53
13 48
77 7
87 80
53 24
59 69
98 36
20 9
7 65
22 68
73 41
86 71
31 29
17 0
53 36
36 68
63 2
74 7
24 93
15 87
48 82
97 41
53 63
62 38
29 68
68 28
82 88
45 86
5 87
20 74
70 68
70 20
84 99
58 46
8 31
6 9
84 46
75 5
60 59
13 63
4 51
80 42
2 78
31 28
74 14
88 37
37 9
65 66
68 21
95 86
94 9
23 91
70 52
73 45
73 39
99 95
36 6
1 70
64 31
88 23
24 5
84 86
91 61
77 40
53 37
30 16
82 95
70 99
1 93
51 19
47 62
85 34
70 93
58 86
84 9
34 71
81 53
0 75
94 16
84 71
74 81
62 49
33 97
23 76
41 48
4 10
85 26
80 96
60 75
39 54
77 6
92 64
56 73
50 23
25 75
36 65
83 3
14 27
11 59
71 80
23 58
31 96
29 61
26 30
63 8
2 17
48 44
91 69
93 87
55 90
87 99
90 61
45 12
65 83
14 37
92 59
68 60
71 17
75 35
33 34
86 90
91 47
80 40
82 83
30 44
37 94
9 88
9 65
71 24
47 29
61 68
49 40
92 91
74 73
26 77
32 55
90 78
7 7
48 74
69 47
23 96
45 79
50 85
62 56
17 19
57 42
31 74
56 33
10 67
76 98
63 86
19 12
5 26
2 89
3 29
48 33
88 9
24 49
84 6
86 48
58 39
26 96
72 13
51 97
65 58
4 87
89 58
51 30
60 21
83 91
43 2
25 85
85 35
70 42
98 73
99 75
84 50
47 13
98 90
66 85
56 56
51 91
14 56
96 12
72 44
87 31
78 49
76 72
46 18
33 11
91 46
66 5
23 49
57 81
50 67
74 46
23 31
72 63
26 95
32 23
2 20
2 34
36 24
52 68
12 89
43 38
57 90
33 74
50 10
9 33
46 99
3 53
61 93
52 10
97 28
18 73
60 43
67 88
17 78
52 14
34 85
47 58
37 84
7 22
4 45
46 47
26 43
17 76
93 32
57 5
72 60
88 13
46 21
96 2
74 61
91 52
86 57
12 36
89 88
20 48
53 70
94 27
56 14
98 58
68 19
21 33
72 7
65 4
29 90
86 54
63 30
83 13
28 36
59 85
85 3
80 43
81 17
5 76
2 87
61 8
50 34
44 17
50 96
24 33
54 34
84 29
91 55
86 38
82 55
18 35
17 80
20 53
77 38
11 40
73 12
2 28
24 96
13 53
62 77
62 17
55 18
86 13
90 2
66 58
9 64
33 12
22 49
94 10
75 52
0 89
76 59
81 77
76 3
3 39
11 90
85 11
44 73
97 85
4 30
66 92
91 50
48 40
85 50
96 68
25 7
21 65
16 38
96 11
77 12
61 16
5 97
96 8
90 63
10 78
12 37
0 61
87 67
71 36
64 8
65 39
81 32
32 37
66 1
77 10
32 0
1 92
13 11
34 16
15 9
75 96
20 50
75 8
86 51
5 52
59 24
8 3
48 3
69 90
40 76
85 84
57 7
42 97
9 55
61 14
8 26
97 24
51 11
41 41
9 10
83 33
31 1
84 85
2 59
16 60
4 42
87 77
78 66
60 76
33 38
3 64
84 42
85 80
4 82
90 42
85 18
9 75
54 80
60 46
70 37
61 34
45 60
75 55
46 72
43 8
26 56
48 99
74 44
66 51
59 80
17 34
70 22
26 40
48 37
99 8
0 55
0 5
2 16
41 83
74 76
15 28
56 98
94 30
74 20
64 27
10 84
3 11
29 4
9 90
93 85
11 20
58 37
64 90
38 22
12 63
45 14
75 12
30 78
32 69
62 22
16 13
12 42
98 34
74 27
25 2
25 16
44 20
23 16
72 23
45 42
54 68
95 91
63 37
18 79
1 33
32 39
22 80
53 75
74 24
35 54
83 77
36 40
38 88
39 34
43 80
6 72
53 79
52 7
72 8
17 57
27 34
25 92
23 39
69 49
52 89
19 6
37 88
11 89
12 46
42 7
7 71
39 70
22 97
15 80
49 61
40 84
63 74
66 18
46 93
5 73
22 90
47 67
15 98
43 21
19 94
33 14
67 75
54 39
29 9
27 43
58 49
88 7
60 86
88 38
99 93
29 10
88 84
62 35
47 75
81 54
45 33
65 81
31 9
39 80
17 61
29 20
37 27
80 86
10 88
5 67
18 82
30 85
36 74
94 42
92 77
91 12
1 24
30 21
37 20
16 44
82 17
86 18
34 50
81 13
44 5
77 31
22 20
94 47
58 79
65 31
29 12
91 59
30 70
61 96
82 77
78 5
92 98
2 69
0 28
98 94
53 59
88 26
16 59
54 35
92 79
33 39
49 43
32 64
7 39
47 85
5 38
64 16
70 10
90 7
97 44
5 75
67 37
96 41
9 11
13 10
35 38
74 41
98 88
61 15
28 50
92 38
88 95
49 27
92 68
43 57
17 44
16 45
42 9
4 28
9 96
8 4
14 60
82 53
86 42
60 62
14 78
98 55
80 33
46 4
69 74
60 87
47 92
51 59
53 35
32 38
43 88
87 44
2 86
0 18
49 34
37 83
22 67
5 53
67 10
59 5
96 67
5 39
72 24
43 49
67 33
81 29
32 3
81 2
3 90
36 88
73 43
98 63
11 62
27 65
2 4
21 13
91 20
51 41
76 76
94 87
29 3
77 36
75 22
55 26
23 7
0 68
70 41
35 24
14 5
6 8
66 42
28 78
45 50
3 31
41 44
70 33
11 53
99 21
12 49
60 14
26 63
92 73
43 56
51 88
91 5
10 82
18 53
92 92
68 43
24 48
3 8
68 97
0 39
83 7
84 66
30 65
84 76
25 3
39 17
95 62
47 72
81 89
34 47
33 70
5 47
34 56
10 53
34 14
54 94
70 43
41 50
54 37
23 19
69 67
50 75
88 27
54 91
3 76
74 28
9 16
33 61
58 71
23 5
72 97
67 98
43 69
51 23
32 62
50 46
62 81
44 6
27 77
15 11
83 66
48 42
84 56
67 76
43 29
24 34
45 21
62 75
38 31
69 27
91 91
82 21
10 90
56 5
39 27
76 40
88 36
88 28
79 66
38 57
89 47
34 73
83 54
60 64
55 15
41 14
81 81
78 54
89 65
48 11
14 75
37 72
86 67
74 99
63 13
34 74
41 70
38 4
28 40
15 91
48 1
72 91
80 4
27 85
11 49
67 2
43 77
76 10
61 57
92 0
66 61
54 31
84 74
0 26
6 37
5 90
40 71
87 48
37 44
13 88
31 46
50 88
66 52
93 5
91 29
9 28
99 0
90 15
95 33
54 93
51 90
98 30
83 2
95 8
2 56
10 3
67 93
16 99
8 41
61 99
55 7
62 76
21 9
35 2
69 58
12 7
11 64
19 28
42 74
75 66
1 66
12 10
52 92
56 39
91 11
30 98
88 55
84 33
52 58
9 51
81 44
49 98
14 26
90 92
1 36
13 82
9 68
21 6
92 81
22 35
41 19
10 85
96 56
98 17
23 59
38 83
91 57
75 67
25 42
77 50
78 65
48 67
9 93
73 38
93 48
10 15
96 44
73 0
7 79
54 51
33 5
14 83
57 97
10 45
82 50
55 58
76 84
44 1
72 82
42 1
21 62
40 46
40 90
71 61
26 47
20 35
26 15
97 74
97 59
45 13
78 30
7 17
86 15
77 15
48 13
77 73
52 18
70 80
98 47
18 56
3 79
27 13
97 90
17 2
40 14
71 56
84 16
85 30
55 17
78 69
7 5
91 8
83 74
74 52
65 5
31 72
59 16
47 39
88 66
83 96
37 81
45 78
26 85
96 84
74 77
24 54
51 31
12 40
11 8
18 22
85 73
68 68
79 94
80 73
98 43
22 65
47 41
4 73
31 73
76 93
19 22
34 18
51 43
11 26
19 37
22 62
7 68
41 75
43 30
77 96
77 20
35 23
17 68
40 57
68 32
11 71
70 86
34 17
70 38
71 55
27 11
96 62
5 48
7 3
39 56
36 71
22 89
29 37
22 87
43 61
84 40
62 10
87 60
69 80
3 19
10 35
99 7
17 58
73 30
46 38
53 72
18 18
84 69
52 30
24 8
84 79
11 96
19 96
81 95
74 84
67 56
78 21
58 50
4 6
40 65
52 59
51 45
67 79
0 79
39 81
97 39
91 36
70 15
3 34
93 58
11 73
15 34
98 22
9 31
44 42
0 69
26 83
10 42
8 44
36 97
21 54
6 99
98 39
17 40
2 63
91 6
39 72
16 67
48 76
6 88
14 85
3 89
96 95
7 32
97 26
97 86
75 84
19 18
79 83
3 22
75 62
45 20
36 18
95 87
84 30
32 15
96 64
40 9
30 29
2 97
24 6
57 89
11 51
81 55
6 2
73 68
31 92
4 36
40 75
25 74
37 45
62 82
94 23
97 50
69 66
86 76
46 15
39 77
79 43
82 66
14 71
20 58
8 72
90 86
43 76
2 52
39 63
71 53
10 75
33 29
84 90
16 43
24 55
21 92
41 40
61 35
62 61
20 98
44 21
18 81
60 61
68 66
94 78
50 99
14 69
13 14
64 28
77 49
39 53
14 32
9 57
82 60
89 71
83 29
76 22
46 1
51 78
53 62
42 68
78 8
21 44
57 33
89 45
12 81
61 17
42 84
81 33
94 38
65 38
76 53
23 73
79 50
88 40
19 68
47 54
63 98
33 59
28 59
81 8
21 14
48 81
18 58
64 2
97 12
90 76
46 74
17 24
4 86
95 82
68 65
58 76
30 50
43 59
63 27
29 35
70 5
62 68
78 47
31 81
8 27
1 23
25 96
4 74
0 19
26 54
71 40
75 94
33 58
85 61
55 60
91 94
86 81
94 35
85 19
37 69
34 95
68 25
48 80
25 79
16 61
80 22
36 17
67 3
32 59
14 44
76 55
10 65
17 11
52 0
75 42
84 24
95 10
64 11
64 56
99 24
26 55
99 4
68 22
22 52
62 37
36 94
44 44
61 98
48 21
80 21
25 88
68 91
54 78
3 51
60 53
53 82
6 13
28 1
10 98
51 65
36 98
93 29
13 97
10 21
95 47
7 43
20 2
50 20
29 76
16 16
40 30
86 68
25 15
32 99
76 62
82 64
90 36
79 86
33 13
59 90
30 55
24 25
53 52
64 86
22 81
31 33
13 71
66 27
54 69
37 4
10 96
59 43
89 3
28 2
42 80
34 83
25 59
22 59
73 25
19 82
63 67
88 8
42 24
1 69
71 6
18 78
55 75
48 22
98 33
47 7
82 20
62 28
0 33
44 89
31 95
47 6
72 10
69 24
5 43
89 42
58 16
32 78
3 62
53 6
0 50
50 81
65 60
47 86
26 27
84 39
75 47
88 79
19 46
64 79
88 65
24 24
99 84
12 59
54 87
22 77
95 78
52 12
72 2
38 33
32 80
38 37
81 69
56 70
18 70
18 32
48 83
3 14
8 7
42 95
19 93
44 10
11 9
18 38
92 10
79 5
71 30
56 96
24 90
13 90
31 42
55 25
92 95
69 61
87 94
93 74
35 99
36 33
81 72
27 37
6 35
70 67
24 89
95 69
38 69
96 40
81 71
88 17
97 40
32 42
35 97
10 40
79 9
3 66
67 82
64 64
91 13
61 60
80 63
64 25
50 72
12 92
87 68
23 21
98 77
82 94
69 21
40 80
29 91
15 95
63 4
50 92
26 23
83 63
75 69
89 16
35 64
58 89
60 65
78 38
10 63
48 62
98 42
72 79
58 42
16 65
39 35
61 63
65 24
23 66
88 44
33 78
37 92
9 5
71 91
68 67
70 56
85 92
15 53
34 91
61 18
76 57
98 16
40 25
40 58
29 63
39 39
87 49
59 11
82 71
54 53
92 70
92 13
37 34
7 60
4 46
48 55
28 48
93 50
13 26
16 85
89 89
45 88
87 32
39 28
18 95
36 69
39 16
64 22
52 70
60 20
21 24
25 61
72 85
89 99
8 94
98 96
57 41
83 22
43 26
81 11
41 64
78 44
27 50
23 23
77 54
67 65
60 37
13 77
95 0
26 92
32 96
59 18
68 53
33 26
20 52
94 8
32 31
65 49
43 40
79 89
32 92
3 69
77 52
51 32
98 51
13 35
63 58
59 67
14 38
94 44
24 53
84 43
56 71
59 45
91 23
42 65
16 90
65 75
31 5
52 34
99 49
98 92
83 0
97 55
91 31
4 81
78 88
41 7
99 26
3 44
28 25
18 24
25 76
60 91
24 28
5 45
5 93
51 18
88 90
67 5
75 45
61 52
94 79
46 75
56 3
81 25
66 44
40 45
16 97
50 65
38 73
50 8
60 7
87 85
41 82
83 16
7 16
22 15
37 12
80 60
92 62
67 40
98 87
67 53
52 26
40 82
15 50
49 86
89 30
99 88
69 56
86 79
33 81
12 56
70 97
43 1
51 67
8 57
54 13
30 7
94 51
59 71
33 77
53 68
97 75
98 93
60 22
44 12
28 4
96 96
60 60
0 90
93 64
81 66
3 47
51 39
81 86
48 50
63 79
89 43
90 84
84 31
12 90
14 81
76 21
73 84
24 77
85 29
56 76
80 53
23 11
14 51
95 80
56 51
97 0
72 87
0 7
19 14
63 46
30 93
93 35
12 27
93 55
62 45
19 39
19 57
9 23
13 72
72 29
54 59
55 11
96 65
71 9
78 32
88 82
4 84
11 45
22 4
61 1
1 57
60 54
71 74
60 79
48 56
62 19
9 69
70 58
9 92
66 35
14 40
20 7
92 32
57 65
65 64
41 81
38 43
97 10
70 69
9 2
57 27
88 57
52 60
64 99
92 47
8 88
75 76
33 73
83 47
71 68
42 3
82 31
68 98
79 60
89 78
35 96
53 96
19 53
45 43
78 55
43 70
57 24
46 31
17 50
51 20
43 22
44 11
68 9
30 62
25 89
32 89
93 61
19 74
41 76
85 12
46 32
54 50
65 50
81 99
47 83
40 52
55 20
28 27
34 68
33 87
51 61
43 66
63 24
31 83
61 0
29 1
22 48
98 28
16 93
31 79
78 15
90 46
19 24
85 4
36 10
31 65
69 42
47 69
64 76
5 29
5 54
81 70
5 9
49 80
80 44
5 3
45 31
49 41
70 92
7 72
94 65
97 64
30 10
15 82
20 11
66 94
49 14
68 40
12 52
53 91
81 1
76 5
58 51
32 34
38 44
30 75
27 38
7 75
68 54
78 23
70 9
93 24
45 91
58 74
2 91
78 75
93 25
75 71
87 41
42 92
72 46
26 53
63 83
21 59
55 28
28 3
40 89
70 57
32 83
32 63
12 0
56 28
87 81
83 59
40 79
18 54
80 24
35 41
7 24
92 69
73 83
44 60
58 13
97 37
59 66
12 61
90 57
35 79
86 10
92 27
31 82
36 72
74 31
23 82
65 10
46 89
91 10
31 50
64 14
75 98
69 73
83 4
39 7
6 19
68 42
26 80
0 31
59 34
97 96
34 76
31 52
20 13
75 79
29 30
83 55
92 86
42 18
40 18
7 96
46 90
29 56
14 35
87 71
9 86
26 41
67 47
87 12
72 28
96 3
10 22
2 36
54 27
89 87
33 37
30 38
94 6
43 94
38 98
42 11
94 64
21 80
83 82
45 72
51 79
8 73
87 57
82 69
78 0
19 78
2 76
94 88
89 31
63 59
53 66
9 42
66 53
17 38
85 96
15 72
57 86
38 46
63 84
57 17
24 57
8 66
62 15
80 49
15 37
7 45
21 2
91 77
6 73
36 83
4 20
63 10
11 76
10 12
6 24
37 16
67 43
91 25
67 54
49 85
17 60
93 10
89 38
43 85
71 65
47 19
15 35
57 67
50 17
48 17
20 39
41 72
68 77
16 50
99 18
30 31
22 82
71 64
78 73
53 60
51 50
79 21
50 22
7 92
15 71
45 37
28 19
53 57
16 7
5 57
87 55
71 83
46 50
60 31
