100 3
6 28
69 49
37 82
65 49
46 84
52 76
6 14
70 23
39 49
48 21
44 7
81 42
20 47
2 56
1 90
65 31
4 55
90 69
11 18
11 41
70 30
32 76
48 45
34 17
72 42
32 67
27 32
84 25
86 45
24 63
54 74
64 67
89 42
68 76
75 82
27 47
79 1
63 47
79 49
6 37
69 76
79 0
85 91
39 95
19 38
13 98
38 15
1 26
80 60
77 27
29 77
92 62
28 96
48 60
90 45
70 55
80 14
49 99
10 64
36 13
20 84
45 41
6 64
98 81
98 8
78 93
73 68
8 56
61 68
34 9
91 62
68 81
59 38
2 96
80 25
87 30
11 23
44 20
76 82
34 11
15 35
71 18
51 97
74 2
78 60
60 71
76 55
24 94
46 0
72 43
99 6
66 24
15 48
67 94
76 75
76 38
5 80
10 15
75 88
42 65
47 43
44 36
60 75
35 49
17 61
94 25
39 53
22 78
35 58
69 90
14 86
32 37
42 95
53 5
44 64
46 77
86 34
84 93
22 40
33 52
16 99
5 71
49 1
66 9
92 90
94 59
5 18
5 95
82 53
0 38
92 87
58 48
37 37
37 45
63 65
68 31
77 63
52 54
27 78
84 31
77 58
4 76
65 92
7 59
19 23
74 70
37 92
93 47
84 96
22 22
31 52
86 28
13 57
49 49
0 6
95 94
50 13
30 6
7 68
67 37
85 12
46 39
39 0
96 60
71 21
11 21
81 90
65 50
8 29
14 47
93 40
72 91
41 39
72 24
33 67
56 91
63 9
18 2
50 42
68 72
74 88
80 4
74 12
70 79
59 84
62 85
88 72
44 71
14 10
80 27
17 49
70 21
74 30
77 9
55 29
90 90
13 21
95 25
98 98
74 69
98 55
51 98
73 33
71 38
7 7
94 52
98 52
3 15
67 22
94 72
34 22
63 42
45 21
79 17
17 99
41 28
27 94
67 60
18 44
64 57
27 56
14 95
1 77
31 98
19 58
88 82
51 1
85 90
67 28
69 28
39 41
56 95
90 25
46 94
18 73
58 65
33 40
4 69
98 94
86 68
39 3
90 47
31 42
3 7
0 75
87 89
23 52
19 80
59 76
3 66
58 16
48 68
51 93
86 97
97 34
1 87
87 18
63 5
72 15
55 52
90 15
41 97
79 8
72 61
72 80
13 87
6 74
97 70
91 2
53 60
52 29
39 86
50 74
41 84
98 87
23 31
40 28
92 91
24 13
33 89
73 0
9 87
67 34
21 54
42 12
71 70
0 11
52 0
0 1
89 14
40 29
87 62
16 43
10 16
8 25
90 85
80 79
33 35
57 51
98 56
98 50
98 51
47 69
67 80
33 37
97 97
2 0
9 63
79 60
23 34
74 38
44 73
31 49
97 31
11 1
77 31
57 11
8 51
17 41
53 34
99 45
64 63
17 53
28 75
39 67
97 3
70 28
53 18
97 73
68 97
88 62
85 74
61 60
17 40
37 32
59 45
94 22
4 78
78 86
12 2
76 8
17 0
53 28
34 81
62 72
0 23
12 56
47 72
52 32
84 35
79 74
44 74
72 69
44 27
98 97
0 16
33 75
62 84
12 30
71 33
26 24
31 82
21 70
85 66
1 97
89 3
34 39
96 10
81 26
23 2
40 78
96 89
57 83
13 29
28 29
95 61
63 99
86 83
4 57
9 4
81 64
70 33
43 4
46 78
62 60
33 81
4 46
42 64
39 84
28 78
8 8
79 19
57 75
22 13
30 60
16 80
83 48
21 33
95 24
78 71
77 71
9 92
15 49
68 63
2 6
57 46
24 35
53 71
11 6
35 81
88 65
1 54
2 40
46 81
45 98
89 56
14 98
39 40
91 29
61 49
5 46
15 89
10 80
47 30
91 56
33 11
44 88
57 98
75 44
13 77
53 6
86 23
38 88
43 6
76 39
24 21
65 51
42 41
58 26
72 63
86 99
74 19
21 69
78 32
19 56
16 51
86 46
1 52
85 14
99 72
24 1
11 50
73 36
20 53
68 61
11 72
44 45
51 18
23 66
77 33
80 5
40 53
96 90
78 37
78 66
32 21
94 12
22 96
87 28
71 16
6 99
42 74
25 59
35 90
95 41
44 1
55 15
47 25
15 81
13 22
68 16
44 16
82 35
1 48
15 41
44 30
15 58
30 57
66 42
34 18
44 66
53 40
76 48
31 51
30 43
24 41
88 55
87 24
88 22
82 76
82 65
82 26
43 26
12 57
49 94
96 83
43 46
94 62
24 64
84 14
28 18
4 33
4 87
72 5
92 12
15 40
57 40
59 40
83 50
4 84
36 7
98 59
70 73
36 16
92 54
4 70
23 15
21 65
12 96
26 21
21 31
17 67
3 31
1 98
52 99
90 20
49 12
11 47
96 54
85 63
92 73
62 76
67 50
95 42
56 28
10 44
8 14
18 19
75 36
26 6
93 74
92 95
13 96
7 85
69 38
68 3
70 22
51 42
46 60
46 10
34 67
84 52
39 81
58 36
38 26
94 1
61 16
97 56
28 13
20 21
1 15
96 49
36 82
28 93
48 76
43 33
19 97
25 64
75 75
73 16
83 24
70 88
34 36
33 9
91 81
99 51
46 68
50 6
54 20
20 3
82 27
98 6
2 14
77 11
56 24
6 19
17 24
54 35
16 33
80 80
56 51
47 22
29 91
97 80
6 25
16 47
84 43
74 74
90 26
5 25
95 93
91 51
45 1
68 45
48 75
95 33
93 31
28 35
65 70
87 91
85 34
88 66
81 72
94 20
34 56
80 92
82 43
89 57
4 51
36 50
37 80
68 23
69 97
15 84
83 3
81 1
88 41
62 11
70 7
15 93
95 30
62 52
74 89
71 45
83 57
16 53
65 27
76 95
90 58
50 9
84 53
9 45
78 68
4 62
36 81
59 17
26 7
30 83
42 98
80 22
1 92
48 97
89 47
8 91
71 59
40 30
24 19
80 65
0 37
37 88
34 46
58 28
30 45
20 34
17 35
34 29
52 19
19 74
43 77
72 93
41 0
70 82
81 60
78 8
81 12
33 2
41 14
76 81
60 91
63 28
8 3
12 64
38 78
85 97
98 1
86 85
12 97
76 63
48 6
77 5
27 31
77 22
30 68
92 75
55 98
2 35
74 95
20 37
83 23
49 46
76 84
87 74
52 2
20 71
94 56
79 56
0 52
8 96
36 3
93 39
53 90
13 86
36 92
22 7
80 24
62 91
87 19
38 82
9 7
98 77
12 35
87 99
27 13
10 59
21 28
77 30
60 83
34 94
53 51
16 6
17 9
39 96
67 0
43 40
66 1
49 74
7 46
29 36
36 73
76 30
73 15
1 40
49 93
68 95
65 53
68 12
58 1
5 67
56 53
80 74
17 19
21 81
44 31
92 70
35 52
93 36
74 15
30 89
37 10
9 40
41 9
5 17
21 97
42 18
78 72
92 2
69 43
56 50
33 38
71 49
29 0
6 20
17 92
73 53
47 70
83 39
76 70
89 7
99 15
38 98
12 73
38 97
58 91
52 78
25 72
40 17
91 22
98 16
52 82
76 26
34 7
97 75
3 97
49 89
96 2
12 77
90 63
37 54
85 50
40 42
97 86
7 60
9 33
37 75
85 10
54 37
42 31
64 24
33 13
90 96
9 29
77 10
92 88
46 93
90 76
98 68
96 70
52 63
20 65
39 92
20 74
19 84
71 23
61 94
92 33
37 36
18 83
72 97
8 88
54 9
88 21
98 72
57 22
96 27
54 64
5 34
75 80
24 33
84 80
25 39
23 17
46 45
41 85
71 64
74 75
98 86
71 94
61 17
86 96
43 37
66 84
91 39
19 43
87 4
40 87
89 76
21 58
2 86
27 93
2 17
80 91
87 59
70 60
65 94
55 88
5 9
10 88
63 43
69 20
26 31
14 62
4 53
26 46
41 1
64 32
97 27
65 20
43 74
53 36
75 89
33 15
61 71
22 77
78 39
37 62
81 93
34 1
98 20
67 10
0 85
81 5
13 72
44 59
41 59
68 64
29 21
64 1
72 60
43 60
79 29
88 89
57 84
54 40
67 86
9 49
28 99
26 88
96 77
19 15
51 64
75 97
84 9
52 60
75 48
23 9
4 5
83 13
27 0
18 28
13 15
37 4
68 82
97 91
5 63
36 54
30 75
43 31
66 48
46 37
33 57
9 82
82 12
87 29
74 41
58 82
69 8
57 62
27 30
36 8
20 14
67 81
48 19
22 60
20 75
55 79
37 52
48 95
27 53
69 29
76 47
54 47
36 58
22 11
95 78
19 92
98 92
83 22
22 31
56 7
90 79
93 25
83 21
30 29
76 2
21 26
44 58
23 81
26 4
39 71
74 83
26 14
41 16
50 29
63 25
27 40
42 37
56 20
93 49
35 20
10 54
43 28
74 14
74 96
49 7
31 33
55 50
15 22
69 2
38 59
63 17
82 56
61 18
12 69
86 60
49 20
86 74
67 92
37 49
20 32
52 21
41 45
25 55
17 77
52 51
59 66
42 23
45 66
7 45
59 97
69 25
45 47
66 67
14 49
59 85
92 92
1 94
64 17
38 79
64 4
64 84
39 9
39 14
47 15
43 34
4 22
72 57
87 94
75 13
30 0
12 49
86 70
73 99
30 84
37 95
40 72
70 63
11 67
38 63
52 94
37 98
45 61
6 34
11 33
44 93
19 76
23 23
19 78
5 56
55 36
1 16
73 13
41 62
28 81
15 7
12 42
54 43
46 34
77 1
78 69
60 1
90 9
27 63
93 91
69 14
53 49
32 63
78 29
85 82
84 38
76 1
94 42
3 55
25 1
79 7
54 93
49 72
36 2
87 64
77 88
51 15
5 70
6 53
55 8
40 25
86 11
37 63
69 59
97 51
31 62
39 19
33 34
83 92
42 53
90 68
91 11
99 24
21 25
83 73
76 76
16 86
19 91
56 12
61 12
91 4
14 63
42 66
73 97
92 94
68 44
92 19
65 96
43 50
41 61
2 38
43 2
38 13
40 60
59 93
23 3
82 57
52 89
89 65
8 81
18 29
8 86
17 2
9 74
58 62
32 90
21 27
47 86
61 57
1 47
48 24
42 38
15 11
82 77
29 50
94 18
32 35
27 35
74 64
5 45
25 34
61 98
12 71
2 83
73 28
23 13
42 54
28 21
19 93
7 30
61 36
66 11
40 63
36 10
25 75
85 58
25 42
89 75
5 96
2 71
96 59
76 29
52 15
6 71
89 85
26 74
26 44
13 91
77 57
86 19
32 30
83 26
6 56
33 43
38 29
50 68
91 65
12 58
91 21
13 27
9 75
67 65
55 80
96 62
53 77
76 68
23 43
80 54
53 25
68 11
63 57
28 40
51 38
86 84
46 57
4 91
20 87
34 32
99 8
79 98
97 1
67 79
47 40
32 43
16 82
2 18
35 91
78 10
67 66
12 31
84 79
41 64
32 86
91 5
58 37
32 6
81 79
6 70
0 60
57 77
11 35
6 85
41 78
27 38
94 95
11 45
16 9
21 48
39 4
17 44
88 60
10 32
95 19
20 17
33 3
43 67
30 37
80 70
26 19
42 9
83 62
88 74
70 67
51 39
0 31
92 78
3 44
28 9
10 3
21 71
38 80
65 71
95 39
15 9
66 58
82 82
4 39
3 8
52 61
32 1
61 19
51 0
79 43
70 66
75 8
88 13
15 33
55 57
90 35
66 75
23 90
88 50
9 24
65 78
36 56
46 19
38 69
0 56
29 84
15 36
95 89
49 17
68 74
35 82
75 78
20 40
65 28
7 53
29 19
57 7
12 19
6 50
69 91
97 22
51 77
72 45
58 23
79 18
58 30
48 33
59 14
64 46
9 61
70 80
72 89
24 12
31 46
94 99
56 62
13 67
25 30
13 35
25 82
39 39
28 83
28 79
27 98
21 29
35 12
22 28
65 25
90 54
62 0
68 41
89 6
94 40
95 26
4 25
91 54
25 23
3 93
85 76
28 27
79 61
14 58
90 95
62 53
76 6
87 57
86 82
9 31
7 58
46 98
57 1
53 87
22 3
3 35
59 46
65 52
97 87
7 61
52 10
8 70
9 11
53 0
85 5
5 92
8 17
56 37
38 94
8 11
97 38
35 92
84 47
64 48
75 23
46 96
46 36
93 6
19 27
17 15
99 12
88 49
90 74
32 83
23 22
95 52
7 39
63 86
97 25
37 87
30 69
75 63
49 16
97 99
91 82
93 86
61 89
48 88
40 95
99 73
40 96
92 35
41 70
80 8
53 99
18 54
94 97
77 36
73 92
26 80
92 22
71 99
85 43
34 58
11 80
72 18
89 29
1 93
86 29
34 78
8 34
72 33
9 94
51 87
55 91
27 4
57 52
61 3
88 40
22 63
81 58
88 90
87 61
87 76
81 48
29 94
85 72
41 58
21 61
59 23
96 82
71 83
31 15
50 20
34 66
24 58
16 60
8 22
70 41
45 71
84 64
1 32
88 2
72 22
21 42
78 85
81 30
55 24
37 9
1 18
74 65
53 56
45 79
20 22
13 17
99 95
68 36
8 49
68 7
72 41
40 88
56 3
45 20
32 16
50 77
76 35
10 7
73 35
36 53
69 78
57 25
11 46
53 30
7 94
17 39
86 47
22 98
94 45
36 88
15 23
50 87
96 26
62 23
61 46
38 81
27 72
75 67
59 94
66 79
84 85
59 11
39 2
54 32
92 14
60 41
73 76
84 40
96 1
49 3
34 77
90 32
91 7
90 17
24 71
3 11
53 65
29 51
58 68
45 88
17 66
79 12
5 52
39 80
26 83
26 63
51 80
63 76
3 49
67 82
28 55
92 46
63 59
56 84
71 1
64 18
35 25
31 12
63 51
1 28
3 85
78 52
93 97
49 92
61 5
89 34
51 56
81 87
29 1
53 83
67 90
77 74
67 74
97 12
51 21
29 66
51 37
10 98
55 56
68 66
92 49
93 41
33 5
62 46
65 90
61 31
29 80
21 76
46 21
73 9
3 40
71 17
71 30
68 1
23 78
72 64
47 95
49 5
83 45
88 53
13 54
83 99
69 48
37 57
77 19
16 71
54 42
59 37
2 87
6 81
91 69
26 81
52 48
39 65
95 49
20 12
14 93
6 67
30 61
92 37
36 57
21 72
79 11
21 57
24 84
71 0
66 62
50 54
87 42
46 16
44 46
85 27
8 0
27 77
64 21
42 10
21 36
48 79
47 16
66 23
64 71
11 65
26 56
0 34
55 64
22 57
79 70
36 34
63 41
29 85
99 26
14 99
85 73
96 84
42 26
13 4
48 29
22 79
62 14
15 52
30 95
98 61
84 44
42 61
37 27
2 57
81 13
78 43
81 41
95 76
17 90
43 12
22 52
91 57
42 48
29 27
48 94
17 43
47 47
99 34
80 39
62 10
37 70
83 15
43 91
21 41
14 78
1 70
5 76
59 47
52 58
72 56
16 29
93 90
93 29
35 57
44 9
54 62
31 86
38 8
8 21
19 95
81 31
35 65
42 16
83 51
42 86
3 33
91 19
34 34
68 8
91 50
28 69
61 80
6 10
93 73
81 33
36 62
41 6
78 9
47 14
49 36
59 10
33 73
78 56
95 72
62 95
15 72
47 33
42 94
56 59
86 18
96 98
63 77
83 14
52 46
85 6
96 5
81 4
88 34
14 11
22 56
70 99
89 50
16 15
50 55
23 71
44 86
25 58
6 63
64 33
40 35
77 79
85 48
84 8
98 37
0 35
10 94
53 15
69 55
4 15
62 22
44 37
31 93
50 38
63 6
36 67
66 53
60 27
89 69
65 26
91 60
70 39
77 55
69 22
92 16
4 24
24 57
49 85
57 8
36 47
42 78
94 64
30 47
59 89
12 79
59 27
87 60
30 36
13 37
65 47
27 74
76 59
2 25
54 3
18 91
85 93
99 35
23 7
98 58
57 38
74 61
59 53
49 9
36 96
93 28
9 18
8 33
11 39
21 23
0 43
19 37
16 70
37 50
50 43
96 46
64 92
23 25
14 37
81 54
97 33
56 49
36 99
73 10
4 93
98 39
68 58
86 52
2 74
43 95
66 15
46 30
76 62
52 22
65 22
64 8
14 72
72 49
25 53
16 20
35 59
74 48
98 62
89 16
47 35
4 40
73 17
87 75
81 2
84 42
35 22
0 91
51 79
74 84
9 67
34 41
27 90
18 39
12 87
80 47
44 99
94 86
47 99
81 94
93 16
23 98
97 60
72 34
3 62
30 1
18 61
7 41
66 28
23 40
9 83
40 84
89 79
79 87
39 17
96 85
24 65
60 56
19 5
92 29
13 1
76 57
53 89
43 80
71 93
91 90
31 18
46 87
92 26
86 30
67 13
62 77
89 60
87 73
33 41
36 45
84 98
84 46
7 17
64 42
1 74
60 92
77 70
75 31
33 80
96 41
69 77
67 57
64 52
54 8
69 51
20 80
37 48
63 83
94 38
83 8
97 79
95 58
2 58
79 44
3 65
73 31
67 2
53 19
41 20
20 19
42 77
54 41
17 47
27 79
61 29
68 86
40 13
1 41
24 81
88 98
47 24
52 84
48 53
75 91
87 22
40 47
29 31
43 17
66 5
98 3
50 18
73 83
12 34
47 51
72 9
20 4
61 0
43 23
73 41
1 73
48 89
93 7
37 24
78 6
12 10
34 38
24 24
11 26
63 26
75 60
17 81
66 39
52 49
31 66
6 98
94 96
43 1
45 63
99 10
42 63
0 42
47 1
71 95
30 31
11 73
73 65
55 71
76 71
41 41
41 65
57 79
96 78
2 27
26 68
19 46
98 43
49 76
77 29
9 17
38 17
23 38
51 16
14 33
42 99
90 1
93 23
97 63
27 2
92 74
43 62
78 3
6 52
75 70
2 16
63 22
66 63
70 91
94 0
79 81
37 15
31 80
88 26
93 96
71 19
17 83
21 15
76 67
35 72
39 90
21 13
93 99
41 57
8 84
84 6
47 98
99 33
24 10
79 28
36 29
35 8
55 97
8 92
43 57
27 89
99 20
23 53
45 32
95 68
16 32
64 28
15 75
22 20
90 59
55 35
35 14
92 98
6 24
13 40
35 7
37 26
30 67
6 23
80 18
24 17
58 78
97 37
80 44
43 45
24 97
33 60
94 70
33 25
77 69
73 18
90 14
36 37
56 26
10 89
88 7
77 26
45 77
80 77
39 7
36 21
80 97
43 36
62 37
61 40
84 68
79 50
71 74
79 65
37 59
42 89
32 53
19 48
52 55
92 59
10 45
21 82
61 97
36 86
55 89
96 95
19 87
80 16
73 64
4 43
97 83
76 0
77 48
47 31
42 60
50 96
4 92
54 65
62 25
13 82
81 19
25 36
77 23
27 20
40 66
84 1
39 66
7 9
46 35
51 53
54 73
82 93
70 11
82 72
17 51
42 22
8 73
20 82
52 68
18 24
92 13
79 53
74 25
31 21
65 41
25 25
99 32
81 47
36 24
75 0
15 45
80 48
48 67
6 93
34 80
74 44
46 58
82 46
6 65
56 80
67 96
26 32
82 11
99 22
37 21
15 85
20 83
2 95
82 6
53 73
21 38
26 92
2 68
64 83
45 85
86 78
53 95
36 40
72 36
67 33
41 3
33 46
18 0
30 55
76 10
93 34
36 69
49 41
80 36
34 74
20 54
18 14
64 39
59 96
74 49
64 0
1 2
44 83
27 33
1 72
25 37
62 48
15 46
1 99
4 7
8 7
34 87
13 75
52 41
70 83
71 5
34 3
39 24
3 20
25 43
23 32
60 37
11 78
86 1
27 49
98 36
8 79
29 62
53 55
1 37
26 96
5 40
29 61
11 32
76 98
59 28
2 97
33 94
17 96
91 86
26 79
59 78
68 67
99 11
18 65
64 78
93 27
40 12
97 39
38 74
81 9
98 88
97 69
63 53
27 23
66 51
85 78
20 92
4 88
77 96
52 64
63 98
53 46
31 94
32 65
51 31
66 38
37 30
8 27
76 52
44 57
33 27
51 10
43 83
77 90
91 78
86 12
77 38
53 50
1 31
13 63
21 77
47 88
22 70
62 74
35 29
89 30
40 74
79 93
65 29
18 57
24 48
67 85
20 6
87 1
51 17
64 90
37 60
21 92
52 38
23 21
35 0
4 20
66 16
93 58
6 79
56 76
77 94
31 59
2 85
18 90
94 2
73 8
48 12
30 3
77 3
48 34
31 10
35 31
67 91
19 35
5 74
79 34
56 90
89 74
75 7
88 6
42 55
6 31
3 17
42 56
5 44
6 11
55 6
12 25
21 49
45 60
24 92
85 80
89 18
18 1
57 4
87 10
70 62
65 18
98 89
51 70
26 34
41 13
89 0
92 64
11 76
69 84
75 22
6 1
32 54
51 60
45 26
26 5
60 18
30 19
54 97
37 85
97 92
55 23
75 18
28 49
90 18
99 96
75 62
5 78
6 7
23 62
57 33
15 44
24 27
4 6
79 23
31 16
98 11
38 1
18 78
49 70
40 55
20 28
48 48
53 48
99 67
57 9
32 10
1 8
1 24
65 2
24 76
64 76
57 10
73 23
54 23
72 29
39 43
6 61
15 26
31 56
93 88
30 41
99 55
3 6
83 49
93 51
7 92
53 54
59 4
7 82
48 11
15 73
33 95
53 22
55 75
11 96
51 33
71 51
83 18
37 74
82 19
94 41
23 72
48 23
96 72
34 49
95 37
44 8
12 11
77 17
96 33
60 35
40 77
50 41
45 42
40 41
3 89
51 28
45 10
63 10
58 98
97 19
87 97
65 85
78 81
21 32
86 79
67 48
35 79
70 70
8 46
67 89
63 93
91 14
34 55
18 45
93 1
31 74
32 29
41 98
42 85
27 37
70 85
42 82
33 61
69 6
20 51
96 4
9 77
57 66
15 37
28 38
85 61
79 71
96 92
50 64
10 63
69 5
71 26
2 75
23 80
74 4
74 68
74 90
78 55
86 27
5 48
95 65
84 17
66 69
57 12
65 13
61 78
95 95
88 28
6 47
9 72
79 26
77 62
18 81
40 39
56 43
59 56
50 50
74 66
46 49
4 83
83 77
20 97
90 6
63 54
83 67
9 43
87 77
23 28
2 45
54 95
65 16
83 94
20 24
11 49
81 44
33 49
25 94
64 29
88 12
75 81
41 49
15 51
99 50
5 66
67 68
5 11
66 50
70 9
77 99
96 18
40 6
5 37
30 62
25 50
42 80
80 1
46 82
40 49
11 95
54 71
44 18
59 5
70 54
39 34
92 76
89 35
42 52
58 5
14 60
10 97
82 71
96 94
92 71
7 18
85 8
27 97
23 95
12 41
83 75
61 41
19 39
41 79
93 82
59 86
64 64
23 61
13 49
92 93
29 65
76 17
11 66
63 91
49 8
16 87
65 45
37 56
11 31
96 71
93 10
76 18
59 30
40 69
68 83
71 24
79 6
65 83
19 31
90 42
5 90
22 0
70 13
31 24
11 98
24 93
83 30
72 95
43 79
49 61
64 65
50 30
6 92
75 37
63 11
32 61
72 79
12 99
29 17
47 29
27 76
1 89
95 36
41 63
38 23
19 60
0 86
68 80
38 71
28 8
88 35
2 7
80 55
85 84
66 93
51 50
41 33
76 25
62 4
74 72
36 31
18 40
92 20
22 19
74 78
88 61
60 95
75 79
0 79
48 66
80 50
48 36
17 59
58 52
31 90
98 74
8 60
85 53
27 58
2 78
99 18
17 7
14 56
21 19
98 21
32 85
17 98
45 19
83 68
92 7
46 43
21 16
57 3
36 28
13 94
80 69
3 3
46 24
56 34
61 26
67 88
41 52
55 51
16 54
20 26
95 53
54 78
41 12
15 32
16 63
16 21
97 20
52 23
59 90
87 55
42 70
27 44
83 90
57 67
70 68
60 94
35 19
55 47
21 2
8 36
91 68
58 42
23 85
53 66
62 89
25 62
49 75
70 32
73 47
42 92
11 37
44 51
37 71
51 34
22 67
52 74
54 58
15 30
53 75
52 11
42 2
17 54
2 62
11 17
14 42
78 15
65 60
52 85
83 42
10 29
21 62
80 42
57 2
98 5
62 7
40 76
33 69
51 24
82 99
96 21
19 96
11 61
15 5
83 96
56 98
28 68
77 35
99 60
69 96
13 2
47 50
64 35
56 94
14 48
6 80
43 64
10 35
92 48
94 63
55 59
35 24
47 19
18 7
93 56
90 78
94 61
17 26
30 66
11 52
76 54
88 29
9 34
22 50
47 52
82 47
10 47
99 25
2 84
22 6
90 57
40 80
86 44
83 74
75 90
77 37
1 14
12 40
25 48
66 65
85 44
61 99
28 53
61 38
53 61
32 40
7 27
32 42
65 9
26 41
67 56
16 25
35 46
14 40
96 96
87 83
60 85
56 77
90 82
79 5
42 81
38 68
84 71
88 87
12 88
71 43
65 1
63 90
22 26
68 99
43 22
23 37
61 15
79 84
79 76
18 99
77 73
20 9
53 82
98 29
69 50
95 11
22 41
70 76
70 46
66 57
35 88
45 82
29 98
3 4
93 67
24 70
34 44
5 43
15 28
58 35
49 51
91 27
85 67
14 76
86 41
9 15
59 7
78 45
61 92
70 81
3 26
9 97
3 27
65 56
20 64
1 64
92 23
75 74
60 38
12 14
21 45
4 31
95 6
59 98
32 31
97 55
33 92
73 52
92 25
40 14
60 52
41 37
35 96
51 22
31 25
14 38
13 74
35 76
81 80
67 29
53 70
74 81
46 11
96 3
13 85
75 14
88 75
35 42
34 25
71 29
3 83
11 55
75 45
96 57
45 80
31 23
20 0
68 14
5 88
25 27
86 72
2 52
48 98
85 60
84 74
66 78
54 1
99 3
97 14
31 99
0 14
54 94
85 83
23 44
56 63
28 32
14 21
1 45
80 59
59 29
47 74
38 49
60 30
23 50
74 93
21 37
31 88
77 64
67 5
72 17
77 60
15 69
9 25
54 50
62 45
12 51
74 34
12 22
69 18
29 30
11 86
65 68
11 44
86 93
85 86
36 36
31 5
14 25
89 62
77 56
76 69
83 33
97 65
32 23
71 54
1 20
37 19
95 63
31 95
7 54
11 93
5 41
27 50
54 0
88 47
10 42
63 24
36 95
15 18
85 54
53 11
36 83
81 24
64 14
61 8
41 82
99 70
64 96
3 37
28 28
15 57
45 39
82 60
4 63
47 8
30 44
55 5
47 34
40 94
57 19
31 55
72 4
9 96
4 41
68 46
68 89
59 79
82 85
2 98
26 75
89 48
8 32
86 64
76 50
8 19
58 84
9 73
55 62
73 2
39 58
58 94
9 85
54 67
23 56
84 66
57 50
81 85
88 46
7 76
90 92
13 76
95 7
34 57
49 84
3 92
98 46
14 12
77 25
96 23
81 35
30 52
51 55
29 79
74 36
68 27
35 18
19 21
76 96
90 67
62 79
94 88
29 89
96 45
24 25
61 14
16 10
26 82
72 39
78 75
34 97
15 83
13 60
73 51
25 96
24 36
84 94
74 47
4 11
35 39
17 80
21 47
12 4
54 68
42 50
78 51
95 69
66 86
87 9
33 86
69 11
25 56
45 72
90 53
50 73
12 21
32 45
42 7
46 40
10 55
63 38
20 85
94 34
59 81
46 46
16 88
16 39
80 52
28 64
16 24
73 55
20 99
75 96
23 35
20 45
18 56
21 51
57 23
49 54
69 33
50 98
23 45
34 53
47 85
41 71
89 15
74 35
15 43
51 57
64 9
87 48
27 51
13 88
84 77
20 79
25 85
95 57
53 86
55 58
66 33
97 84
70 20
96 44
11 7
45 51
60 34
12 55
21 80
47 62
35 1
35 48
72 6
51 3
93 18
94 26
97 89
14 2
69 95
49 34
34 63
44 35
31 50
12 46
74 42
10 85
74 52
51 9
13 23
14 91
84 28
45 50
30 71
51 30
51 81
72 25
6 68
52 90
78 20
72 23
93 54
75 59
47 42
28 48
89 43
6 90
20 59
60 29
55 92
55 27
45 67
38 99
71 39
1 66
19 2
99 27
98 23
71 50
72 52
86 20
54 86
96 17
21 3
5 87
38 38
86 71
69 39
19 42
62 33
4 94
67 41
43 70
27 96
66 54
78 42
60 47
85 49
97 43
89 94
70 96
70 84
73 70
51 36
35 36
3 80
51 63
47 65
8 28
41 32
55 13
11 99
43 16
42 4
55 30
27 7
82 14
16 30
99 1
16 49
36 41
55 17
83 71
76 22
9 38
10 57
26 71
82 48
66 32
2 2
14 59
19 19
66 82
78 49
49 44
60 49
37 17
39 30
70 98
19 41
76 93
54 92
24 83
48 25
29 41
33 18
22 91
78 12
58 87
7 72
81 56
26 23
14 41
82 78
28 86
7 86
14 53
39 12
26 97
83 19
64 85
77 0
40 67
39 21
52 18
78 84
92 67
62 80
82 2
50 60
80 32
50 48
44 15
3 78
19 9
81 43
87 39
95 32
1 67
96 36
3 45
34 45
0 49
20 23
34 37
93 71
57 35
52 9
21 87
94 50
18 43
34 12
67 72
19 22
52 92
82 29
38 57
86 13
83 47
67 12
95 15
39 57
78 82
33 48
74 53
22 32
14 55
94 76
70 27
89 26
23 69
71 90
82 91
40 58
41 53
58 29
90 2
55 12
14 19
38 20
39 16
4 49
57 56
59 60
84 91
82 87
16 94
62 93
43 44
46 1
95 34
3 34
3 28
99 9
23 16
60 65
42 75
73 81
54 18
44 43
82 7
75 34
27 75
76 90
10 68
3 39
32 51
89 92
76 99
75 35
2 54
68 26
51 27
72 84
25 47
63 7
38 27
68 55
47 44
51 14
95 67
75 66
70 43
89 87
70 89
41 89
52 44
74 28
88 59
36 33
78 34
28 58
98 10
64 62
21 10
39 54
38 60
87 13
71 61
60 74
46 8
45 76
49 24
55 65
62 38
67 52
43 98
92 51
16 2
46 29
18 53
52 65
92 44
8 15
62 69
71 27
35 6
19 75
44 81
24 78
17 48
15 17
62 3
79 27
22 35
32 60
48 47
17 60
69 40
84 69
45 12
36 63
99 54
0 19
81 36
97 21
89 41
93 61
45 8
56 61
42 97
92 21
85 20
92 6
12 75
63 13
15 39
59 49
95 3
65 8
8 12
98 53
64 2
96 35
72 20
33 50
27 14
85 9
74 94
76 83
89 45
67 40
73 27
86 6
69 82
85 26
59 72
75 94
26 52
83 84
92 72
11 64
39 69
53 63
97 15
97 93
99 74
87 16
26 91
38 93
51 96
95 17
3 48
35 97
22 27
55 61
93 48
11 22
86 95
1 46
47 49
66 10
38 91
59 20
71 96
72 50
36 60
72 74
30 90
0 33
81 20
83 31
27 34
23 67
25 95
98 0
79 91
98 71
38 21
74 50
39 83
67 7
15 34
7 32
30 96
98 54
34 15
84 18
93 38
67 99
73 25
45 64
91 83
59 59
18 51
30 16
50 86
49 73
51 88
88 31
70 58
24 98
41 86
96 42
22 1
33 28
43 89
90 88
54 61
66 40
76 91
87 66
97 53
22 39
27 48
84 58
14 84
36 23
92 52
10 53
18 71
65 24
16 57
93 95
49 39
89 27
44 3
95 84
59 13
67 47
11 60
48 46
83 78
69 81
99 66
16 59
92 47
1 49
25 63
2 73
18 69
67 8
69 26
77 77
21 67
14 28
11 51
57 85
31 69
46 69
58 47
89 2
57 53
21 18
57 59
40 62
15 79
33 91
71 65
57 0
14 68
58 25
35 68
49 86
69 23
68 50
43 19
44 67
74 71
21 17
75 72
10 50
64 87
48 13
34 99
35 45
45 96
43 59
97 4
36 1
93 64
10 69
78 88
67 23
21 4
8 64
25 6
30 56
63 14
74 3
22 86
59 31
95 5
65 59
94 81
77 44
52 14
84 78
3 73
90 55
5 50
26 90
29 37
99 63
7 55
37 83
3 52
60 78
17 28
28 72
64 31
96 53
5 55
46 51
39 88
66 20
34 88
0 18
31 40
18 52
0 13
42 90
1 38
95 40
65 75
85 99
65 80
95 1
14 46
97 42
25 41
42 32
1 68
91 74
48 58
49 88
16 58
76 53
52 8
74 1
82 9
76 86
90 29
6 96
1 63
84 49
11 89
35 71
58 95
64 30
60 97
15 12
78 67
3 68
15 82
38 85
72 12
24 34
35 73
71 22
34 69
70 4
91 10
43 21
65 46
89 82
1 53
78 97
86 40
99 23
37 41
76 45
92 42
93 66
91 16
32 70
68 32
29 13
12 83
73 98
24 96
85 85
23 5
58 44
12 50
50 47
35 66
88 93
9 68
55 0
20 68
73 24
27 52
19 99
91 35
35 38
30 51
48 10
56 64
66 25
58 12
10 81
71 36
95 83
70 10
37 99
33 58
38 24
41 38
32 2
85 32
60 63
32 50
37 51
66 37
2 9
69 24
38 16
1 29
67 27
58 96
66 61
26 29
80 51
23 47
72 67
39 63
82 79
9 0
24 43
56 39
64 55
27 41
74 17
25 15
58 4
5 26
37 11
50 92
88 71
96 76
77 65
24 90
81 89
63 15
1 85
72 13
48 87
42 40
53 74
55 40
11 14
37 5
25 74
5 3
96 47
46 20
48 50
71 66
45 73
33 83
43 73
91 44
14 83
46 22
5 6
55 74
70 17
14 13
18 4
47 12
87 98
46 44
84 55
11 56
81 70
0 15
62 73
39 94
89 59
25 12
14 81
72 73
99 93
1 33
2 60
21 0
11 85
47 92
14 39
66 6
72 81
37 77
76 23
56 86
51 92
54 90
2 32
59 58
79 69
27 10
45 58
16 69
2 72
32 24
96 52
99 82
26 60
38 37
40 21
12 91
66 13
35 93
71 20
76 97
35 35
76 31
71 9
47 54
10 34
77 49
85 51
82 73
10 10
88 39
60 72
8 31
76 4
68 30
38 54
56 31
61 83
35 37
55 90
38 55
53 21
15 80
83 0
62 82
31 36
81 75
11 19
30 9
50 78
65 33
3 67
44 72
2 48
57 61
11 13
4 66
59 73
9 6
41 11
90 0
85 28
51 62
74 98
54 33
32 93
88 8
1 12
68 77
28 87
3 72
43 9
29 68
7 84
90 81
17 1
44 24
13 68
2 63
58 99
21 22
84 33
59 95
61 55
4 64
73 29
32 92
62 9
4 72
11 58
88 99
30 24
0 77
58 54
73 58
67 14
63 27
87 44
35 53
96 32
12 72
92 31
18 49
36 55
72 75
79 54
7 65
56 72
55 3
41 10
3 1
63 67
28 60
81 50
1 1
41 47
86 94
3 95
14 27
9 59
22 64
98 93
87 51
39 18
0 70
58 34
57 93
88 37
18 94
81 59
81 21
93 33
14 15
76 37
98 73
1 9
97 71
48 30
51 23
96 31
81 73
99 19
69 1
47 27
10 76
46 15
79 32
20 56
58 64
40 65
87 67
61 51
17 50
49 30
56 29
89 97
29 34
28 65
22 36
85 30
66 87
48 78
67 75
93 43
38 96
86 43
72 21
5 85
49 98
59 88
48 31
18 59
20 66
65 62
7 3
69 7
28 6
3 71
55 94
39 10
92 4
66 68
52 91
10 67
14 73
30 72
43 66
80 63
95 80
44 56
54 75
51 25
28 3
25 38
81 66
57 60
84 37
15 56
86 16
78 28
88 86
81 96
0 3
12 36
79 92
3 63
58 15
9 39
43 82
61 30
67 78
63 36
83 88
10 77
70 59
64 70
51 78
16 1
14 43
97 61
72 31
71 63
7 80
59 41
53 97
79 80
95 85
3 21
15 42
43 53
23 93
78 62
9 71
69 21
55 45
66 71
86 62
33 85
94 91
59 34
27 65
46 63
41 30
20 16
25 46
95 77
3 86
13 16
10 19
10 23
53 35
54 7
33 66
53 62
88 81
65 93
72 38
64 91
70 90
35 83
83 52
26 26
99 44
51 46
56 89
94 93
91 32
40 16
57 45
98 13
83 36
27 91
62 56
65 19
34 95
56 9
92 40
75 12
54 26
31 84
57 36
60 50
10 72
31 30
40 10
41 40
20 20
33 23
43 49
23 6
31 29
42 45
70 35
3 9
35 30
37 39
84 26
8 52
44 87
77 41
29 42
16 90
20 63
28 22
49 87
13 18
54 83
99 71
40 34
87 47
36 61
47 77
98 28
36 38
25 0
35 17
77 13
34 40
75 6
80 82
20 90
49 2
80 96
67 51
89 28
5 10
97 9
81 55
37 72
24 82
70 61
95 44
29 10
46 25
79 67
38 61
61 34
41 25
81 14
61 90
41 43
86 55
7 97
59 0
33 79
6 82
68 94
74 9
41 83
87 41
33 87
21 84
94 9
3 82
56 55
73 30
16 68
43 78
57 34
83 81
78 21
50 82
93 84
14 3
64 60
29 59
43 96
26 3
54 96
2 12
4 42
33 20
73 32
86 69
85 2
22 30
40 85
67 17
22 92
91 17
13 70
44 12
77 92
86 38
23 39
56 46
2 49
62 42
12 13
12 24
6 46
95 86
95 97
17 65
55 22
17 20
52 69
38 25
86 66
23 33
25 70
53 8
22 87
36 71
28 85
54 89
73 84
60 82
45 84
49 77
33 42
64 34
75 85
34 24
3 79
34 76
86 61
15 6
13 99
7 52
62 92
84 48
96 14
30 23
57 63
8 85
58 40
24 49
69 12
44 32
20 60
32 46
4 44
16 50
40 52
88 14
29 96
89 99
15 27
64 23
46 90
82 86
93 50
70 44
90 34
47 60
19 3
78 2
65 10
84 5
98 64
81 53
86 14
44 21
29 33
32 20
17 88
58 45
72 71
57 94
22 42
99 47
91 66
67 6
83 60
54 56
81 74
50 81
10 96
37 3
54 48
7 78
10 84
15 8
84 0
48 4
50 15
34 73
94 39
21 56
37 67
83 37
29 48
21 88
46 91
54 79
55 7
20 70
62 19
15 2
85 52
74 18
60 54
22 81
19 61
64 59
7 42
99 40
96 88
33 24
19 8
69 72
74 0
71 73
69 79
74 77
25 49
93 8
24 2
59 39
13 65
20 31
43 11
45 54
44 75
54 70
19 66
67 32
93 72
39 59
94 48
87 11
60 3
13 92
68 54
38 32
59 55
56 67
56 92
45 78
30 32
83 27
2 79
55 34
73 11
82 92
72 90
75 49
65 91
95 87
91 93
82 84
0 7
56 13
36 93
68 21
35 80
23 48
82 32
8 44
44 40
69 32
22 71
66 60
94 44
13 25
80 6
23 63
5 62
85 25
35 95
6 55
25 68
65 81
32 17
95 50
69 94
73 38
43 41
84 16
32 7
32 38
88 76
25 73
65 6
34 19
81 27
18 50
76 94
29 70
98 12
79 88
2 90
69 36
65 12
26 39
67 30
79 45
75 83
9 51
55 54
83 82
67 58
50 79
31 20
29 22
86 81
22 54
89 33
59 80
39 26
70 47
28 44
58 55
56 23
94 92
53 67
44 5
25 92
20 72
88 92
33 1
99 77
26 94
66 96
74 87
82 22
42 33
10 43
58 33
76 32
93 17
46 66
84 12
82 20
85 39
10 28
24 0
23 70
21 44
90 11
43 29
22 12
76 79
39 38
83 29
94 55
84 73
18 93
73 62
15 55
73 4
53 76
59 26
18 15
95 2
71 11
65 34
17 27
76 16
19 67
11 70
47 41
78 70
93 12
58 18
32 44
17 76
60 4
29 26
90 19
85 41
57 92
78 40
21 34
54 55
75 50
58 90
0 83
30 65
0 9
23 14
99 89
97 29
74 16
91 15
65 37
26 9
43 93
54 60
0 97
71 58
25 65
67 24
67 69
86 58
64 12
1 44
65 88
58 53
99 39
83 98
99 78
18 75
70 19
29 53
9 28
56 81
92 9
58 92
50 72
15 76
90 24
16 31
18 18
34 82
16 17
24 72
67 98
31 85
47 4
10 79
27 81
73 14
80 33
60 23
40 36
24 91
90 80
7 13
8 41
97 41
56 4
55 32
78 7
26 85
96 43
90 41
17 32
22 5
51 12
83 61
88 11
55 20
17 3
0 63
83 7
25 97
85 7
28 63
82 94
78 18
53 41
56 33
81 78
63 72
63 58
19 82
73 20
68 0
96 69
39 42
35 16
13 80
28 90
12 78
31 58
83 2
93 77
45 46
2 53
99 94
45 75
38 92
60 11
75 38
65 66
40 56
11 38
42 73
16 40
11 2
98 83
34 21
88 88
39 51
68 59
38 2
3 88
44 34
34 70
21 14
36 11
98 35
5 54
69 42
84 45
98 80
59 52
95 60
62 94
16 52
51 40
59 32
8 59
72 98
7 73
31 70
98 25
75 52
19 50
68 87
27 88
8 13
87 58
41 67
6 4
16 76
28 46
6 35
53 45
99 80
33 32
68 79
68 88
11 4
8 89
8 30
26 17
37 78
52 66
84 56
22 62
13 51
79 79
38 5
29 72
33 55
97 96
30 74
97 23
67 19
66 98
10 5
41 48
23 51
3 18
82 10
56 21
59 19
84 61
10 73
78 17
74 22
6 2
64 41
31 47
58 67
53 23
72 3
15 64
54 11
39 47
99 61
10 1
99 68
46 18
81 82
73 95
6 17
54 51
48 37
79 94
50 45
45 29
36 14
32 94
18 32
32 69
64 86
61 70
76 20
84 7
93 11
48 63
2 61
35 98
80 3
99 87
96 25
0 65
98 32
53 81
11 16
16 46
58 88
97 26
67 35
31 39
55 85
52 50
28 71
17 22
20 89
85 92
78 27
72 26
16 95
81 51
29 28
25 16
5 60
7 37
63 35
57 91
60 70
68 29
17 4
67 84
7 43
63 33
43 92
14 51
65 44
59 64
67 95
64 20
59 82
52 53
6 66
4 59
62 2
36 42
38 70
58 24
62 99
36 49
42 68
56 96
2 11
70 65
82 54
30 26
52 30
48 5
17 17
14 35
47 96
7 96
4 2
58 66
75 93
93 21
19 34
7 93
69 92
54 25
9 37
4 82
83 55
43 54
58 22
87 93
60 43
34 62
20 95
11 11
80 72
91 37
53 69
35 50
5 16
64 13
65 72
93 62
81 65
49 22
32 84
34 89
74 24
9 81
39 77
60 80
21 98
76 56
45 37
92 3
50 63
12 37
94 53
99 84
30 15
8 65
40 4
17 45
24 3
57 26
71 60
47 45
9 79
74 32
77 59
16 4
42 36
50 22
87 50
27 80
7 81
69 71
5 83
13 33
65 61
76 58
9 66
60 31
92 89
51 41
88 48
0 73
10 18
78 11
41 5
0 54
18 82
89 88
61 13
89 5
91 89
31 19
14 66
12 3
92 60
49 4
19 53
7 19
40 86
35 99
52 83
1 83
30 53
2 19
2 67
2 69
58 60
83 63
58 85
69 80
74 21
85 3
30 98
38 34
40 20
73 42
9 89
50 37
37 33
6 54
63 55
28 62
36 64
84 92
34 43
39 62
26 43
87 26
33 6
50 1
24 39
21 79
47 76
71 79
11 12
6 13
93 70
91 0
72 37
62 26
32 95
58 10
23 74
69 67
7 49
20 49
57 89
41 76
31 34
81 71
70 5
11 0
0 99
86 17
24 50
45 28
1 81
50 75
42 0
97 7
4 96
26 86
14 67
29 74
64 56
60 89
77 85
15 21
31 43
98 14
22 80
96 48
5 79
95 88
18 25
44 52
7 64
2 30
9 20
44 91
71 15
90 36
56 30
71 31
40 73
61 64
97 76
76 41
78 76
29 35
36 97
79 77
68 60
58 70
11 84
24 87
39 91
49 78
74 76
26 38
39 46
4 52
37 6
30 10
58 89
60 58
83 56
31 64
40 81
47 11
81 61
56 41
48 96
10 14
21 99
91 46
98 84
48 90
65 30
88 80
28 88
20 86
73 78
53 13
37 97
13 3
44 2
84 34
32 72
50 26
78 96
30 40
27 3
3 90
58 2
62 36
75 16
38 47
77 47
33 14
67 11
44 38
76 33
68 19
72 44
7 62
56 35
91 48
86 21
60 67
49 57
64 7
9 10
10 33
99 38
77 61
36 35
94 68
53 10
89 36
32 97
39 52
79 14
88 97
14 18
46 83
80 83
98 85
61 21
20 91
79 66
74 85
73 60
61 54
73 67
40 75
16 11
61 82
28 19
78 19
89 89
20 11
31 45
84 72
17 91
83 9
31 26
77 86
71 47
31 81
75 25
82 39
48 99
89 86
63 3
58 14
96 28
99 57
53 44
55 39
76 61
24 59
5 59
46 6
74 67
32 36
97 77
15 19
21 96
35 56
79 37
5 15
19 85
17 94
88 43
71 7
86 63
34 79
12 84
37 44
29 3
78 41
70 25
69 53
62 34
16 64
91 13
2 41
77 24
59 70
3 59
29 54
97 10
6 42
17 13
87 79
6 77
0 58
11 8
15 13
47 97
39 22
56 5
4 38
40 26
9 62
79 33
25 78
63 44
78 54
82 50
11 62
41 87
86 32
65 36
18 41
53 64
6 51
68 38
54 13
15 60
7 33
26 20
16 23
57 58
16 13
47 20
69 73
90 84
17 62
14 69
91 58
23 99
11 90
82 38
37 31
72 7
5 38
12 48
66 2
51 59
49 14
90 51
94 71
55 42
54 5
43 8
97 17
50 89
7 63
67 63
71 69
9 90
37 47
83 32
59 68
57 69
33 72
96 13
28 12
22 45
78 61
19 54
18 87
92 24
51 58
48 91
72 0
5 19
14 22
26 89
64 5
50 88
46 13
94 16
46 70
59 63
64 82
70 2
54 14
73 82
32 77
2 28
95 99
91 72
81 84
62 55
33 59
44 63
0 10
82 17
82 23
96 8
93 78
90 7
59 25
19 51
98 76
14 36
29 32
56 69
26 28
10 40
31 35
81 18
17 86
57 44
11 74
87 86
25 61
83 69
42 25
22 83
73 3
2 37
45 56
89 78
40 68
49 13
35 21
65 0
68 85
73 6
12 39
61 32
29 95
9 3
24 40
85 36
40 19
70 57
28 77
55 9
97 0
92 65
88 84
61 58
0 51
79 72
99 29
18 23
55 49
84 24
89 1
69 13
35 89
64 74
80 68
25 35
61 27
52 20
13 36
73 57
61 85
79 48
18 38
71 67
24 20
8 62
33 84
61 43
97 30
20 7
24 6
11 54
14 74
65 97
73 63
7 26
62 62
56 45
19 83
93 0
62 58
14 96
82 68
33 78
64 47
66 76
93 37
41 2
71 4
55 2
73 86
61 20
97 68
20 81
86 10
45 81
3 96
85 56
46 62
21 95
45 69
74 40
3 24
36 51
61 65
30 27
99 83
91 47
36 65
89 49
18 79
51 76
49 97
55 21
42 11
97 85
94 6
72 86
20 5
5 61
45 48
32 49
33 63
27 11
19 89
95 81
93 85
12 17
68 34
60 5
79 97
95 48
51 32
39 64
70 53
1 35
86 0
91 45
64 77
74 51
64 54
94 27
55 93
12 20
89 46
78 98
5 81
7 50
59 54
52 25
52 36
88 38
28 36
11 30
11 10
40 31
36 19
50 17
16 98
66 46
16 55
47 57
55 41
61 69
36 22
56 88
21 83
78 80
88 44
78 30
60 57
5 33
58 63
4 58
35 34
79 24
1 13
53 98
30 5
31 28
0 32
39 29
32 15
44 42
62 78
39 37
4 67
60 40
63 12
30 11
59 15
75 19
0 39
91 6
74 39
81 62
95 71
27 73
3 87
87 81
50 21
73 45
83 41
13 0
76 65
82 15
3 47
90 31
58 9
89 20
35 10
65 98
16 14
32 34
40 57
56 18
8 58
11 87
55 46
18 89
14 88
18 55
52 31
87 78
80 61
19 98
77 75
77 21
80 31
85 19
34 60
85 65
82 63
15 50
23 77
68 49
78 59
18 97
45 53
47 61
56 54
52 59
87 68
86 48
77 50
56 83
60 81
34 4
58 57
99 0
35 86
5 27
35 2
50 95
27 95
58 46
42 67
61 37
39 28
58 27
45 30
51 44
99 31
69 54
41 80
4 26
0 50
99 43
74 62
25 91
85 21
17 79
50 70
65 15
22 84
91 8
5 8
54 91
32 48
69 83
32 58
12 67
6 83
6 29
26 37
99 91
73 5
19 57
0 71
67 15
62 12
14 82
53 78
84 57
66 0
66 56
26 47
99 4
94 36
57 65
19 94
69 37
5 73
47 5
2 80
41 44
1 88
57 27
34 54
51 75
71 8
27 29
70 14
16 78
83 95
66 31
40 82
25 57
11 15
2 88
4 18
17 6
30 54
75 68
61 1
19 47
4 86
90 22
81 97
46 7
58 76
87 21
56 66
33 44
4 16
50 97
40 44
22 29
59 35
12 33
9 46
46 56
1 79
77 66
38 53
25 67
54 15
32 3
57 49
63 68
29 14
94 35
9 47
70 86
3 76
30 30
37 42
32 96
72 83
31 27
36 48
18 36
9 56
45 94
33 39
51 99
77 89
45 70
53 31
88 24
9 2
38 43
38 84
88 63
97 54
69 35
68 18
82 89
48 39
16 91
89 39
62 29
57 64
61 88
26 40
17 69
30 48
71 46
22 89
58 86
61 45
18 31
95 22
79 75
46 59
33 76
87 82
5 2
56 85
86 92
90 28
92 0
8 16
31 91
15 4
19 77
36 80
85 62
13 30
78 25
16 3
8 47
68 22
55 16
23 97
47 68
12 98
80 9
63 82
53 53
50 49
29 63
40 51
32 68
33 22
26 0
63 70
99 41
9 14
27 61
43 99
35 9
38 90
51 43
88 18
96 65
55 55
99 65
0 90
75 4
51 82
11 29
69 85
18 77
31 2
48 62
99 42
40 46
11 69
38 45
78 78
88 16
11 34
75 43
93 93
68 56
98 33
88 95
38 75
29 29
3 41
93 52
29 76
37 64
87 56
89 71
29 86
67 64
69 10
53 92
53 4
87 38
92 83
67 42
99 69
49 35
56 11
64 49
23 75
42 71
4 32
44 69
45 4
40 15
51 4
44 70
29 25
90 3
19 62
97 57
83 79
72 16
54 38
66 74
69 9
1 50
60 86
38 62
71 53
30 82
33 51
47 87
66 43
67 71
24 86
27 12
11 68
81 40
36 89
98 63
53 2
85 31
8 42
52 70
33 45
43 71
1 91
72 82
22 73
79 86
37 20
10 48
29 75
83 28
74 57
33 30
82 40
60 87
10 82
57 70
84 22
48 44
80 26
40 32
11 83
98 91
10 22
82 51
74 7
66 97
31 97
75 5
29 92
24 75
91 70
64 43
53 96
99 97
23 65
91 91
56 87
94 77
87 90
56 57
51 83
73 71
17 84
31 71
33 19
30 17
8 93
26 12
61 67
78 48
64 11
6 32
45 93
84 82
20 76
36 27
54 81
66 29
22 9
65 14
98 24
13 31
27 69
27 99
79 20
43 84
94 11
66 12
42 69
4 45
80 57
72 54
11 3
97 72
28 37
36 44
3 30
80 75
91 25
18 16
93 9
94 87
47 28
32 19
90 73
18 34
13 7
25 98
50 27
1 76
69 70
61 62
80 66
21 20
29 73
53 91
87 37
54 85
71 3
59 24
83 59
89 38
75 27
21 9
69 56
98 60
89 96
29 93
65 5
20 96
21 39
64 50
33 17
12 66
90 72
32 47
77 2
94 94
7 56
66 89
43 20
42 51
26 95
24 8
19 0
58 50
82 70
31 65
90 52
61 28
42 28
13 34
89 98
1 56
8 2
8 95
18 70
32 9
9 30
34 26
9 50
59 16
91 36
6 5
37 0
92 17
99 37
54 99
47 78
96 6
42 84
62 16
11 92
24 99
91 42
77 6
54 84
93 46
10 17
73 21
27 6
18 96
43 56
19 44
94 51
61 7
58 11
45 38
2 8
99 92
55 10
6 26
91 98
2 47
7 48
34 30
58 83
57 6
59 87
30 22
8 90
37 23
1 6
59 62
80 85
22 24
55 11
42 59
34 84
45 5
94 85
74 60
41 73
65 86
75 15
88 17
48 16
13 42
22 15
91 84
76 13
79 40
25 11
36 30
61 6
46 9
5 68
56 10
69 3
20 33
99 75
59 48
46 32
89 13
24 22
16 62
66 77
91 3
69 57
53 9
32 14
91 24
75 53
93 89
86 90
39 6
59 1
52 37
89 11
50 14
7 1
96 40
26 54
66 94
94 24
89 91
36 66
38 12
63 30
25 10
10 93
86 5
53 43
27 87
89 32
74 73
6 60
39 50
51 48
6 59
61 2
62 28
6 41
42 20
54 52
34 47
19 59
78 47
20 8
54 44
8 39
37 86
18 42
95 54
60 59
38 35
81 45
97 50
37 73
1 22
63 87
91 26
23 87
52 7
17 12
13 47
36 94
38 19
17 95
32 98
63 18
38 67
23 36
86 3
6 91
21 86
66 80
63 50
62 86
57 80
13 45
12 32
31 78
92 8
91 43
58 97
50 39
45 17
44 89
77 67
98 82
76 36
79 2
39 89
60 16
84 87
6 89
66 35
58 20
14 23
27 27
88 68
8 69
43 27
7 15
64 72
18 6
62 17
26 27
9 58
7 23
30 46
11 53
93 22
29 4
45 97
7 44
24 26
25 13
84 62
52 52
50 10
63 73
53 7
56 25
55 53
28 61
36 4
99 59
79 30
72 8
74 86
38 9
62 32
48 22
98 66
75 51
88 52
95 74
63 79
16 16
85 4
86 33
14 57
21 46
57 68
52 13
79 64
3 81
11 57
80 71
25 2
85 69
13 81
0 5
98 79
8 67
11 9
23 10
22 97
93 80
9 12
14 97
40 5
33 10
55 31
65 38
57 81
37 40
63 56
1 17
49 42
17 11
44 62
6 84
25 8
46 86
82 61
12 16
59 18
47 53
49 40
89 55
63 48
17 64
42 17
12 95
10 41
54 34
93 35
41 92
46 42
93 94
21 24
9 41
38 64
72 51
70 31
25 5
46 75
47 66
86 54
54 59
73 89
45 40
62 24
17 29
17 52
22 4
61 73
82 98
95 20
28 15
29 69
53 16
48 54
78 87
23 20
46 71
48 82
15 15
10 11
53 26
68 24
72 87
29 82
75 9
82 5
3 57
30 80
41 93
97 95
63 63
38 58
34 8
85 64
14 77
68 73
52 45
65 84
91 40
38 83
28 80
67 44
80 29
94 89
71 41
13 93
93 4
0 67
86 91
60 9
64 15
14 44
64 99
40 97
32 78
28 39
84 95
95 23
74 54
28 11
41 4
77 42
45 18
58 41
10 0
94 60
86 36
30 78
57 17
69 58
99 99
94 5
33 98
19 68
17 72
69 17
96 51
92 79
42 91
8 75
32 73
27 16
7 31
52 33
90 64
28 42
69 60
60 13
62 71
44 97
1 34
3 46
74 43
35 67
12 53
98 19
77 28
85 35
61 50
75 46
37 25
17 5
82 4
69 69
54 31
1 82
23 12
73 26
12 52
31 83
68 35
31 44
30 49
77 34
45 91
51 49
80 13
73 88
23 8
4 14
97 67
61 86
97 59
47 67
77 54
90 66
76 49
42 44
62 51
56 40
80 43
67 43
60 98
90 83
60 8
15 90
68 37
64 38
80 53
29 45
93 57
98 30
32 81
58 75
98 41
77 68
18 48
90 62
81 92
92 11
31 77
26 1
84 81
16 35
88 70
79 35
99 2
91 88
25 24
47 9
26 77
37 96
58 38
93 26
51 8
41 90
1 10
60 61
40 48
19 71
70 8
64 36
12 59
76 73
17 14
72 32
60 12
34 48
8 97
63 84
15 14
80 19
52 16
64 73
72 30
72 88
6 38
25 51
32 82
45 92
28 67
32 64
5 97
35 54
48 3
58 72
44 92
60 69
36 70
0 76
31 48
5 31
40 83
82 81
92 85
38 48
61 9
2 3
27 25
79 83
50 35
7 28
12 60
71 32
29 5
69 47
11 36
28 59
49 58
68 96
0 17
26 10
85 24
81 95
26 55
10 74
48 8
39 20
57 39
28 0
13 5
63 21
90 13
65 95
78 57
39 55
52 73
28 20
63 2
41 91
40 61
41 55
35 87
9 80
82 97
52 27
89 68
84 84
44 48
5 32
22 88
99 13
35 32
38 87
42 49
73 73
43 7
4 54
80 73
81 63
38 41
29 49
96 80
2 64
71 80
58 58
44 82
73 50
14 5
10 58
92 43
31 31
91 38
39 73
6 62
4 13
95 13
78 23
36 84
61 33
18 80
69 31
82 88
55 78
62 8
68 68
13 56
4 81
18 21
36 18
35 62
55 38
0 36
32 59
14 4
32 11
97 11
25 79
12 65
81 25
50 59
93 55
89 21
14 34
92 15
89 67
77 14
67 54
32 62
88 3
12 93
56 65
0 27
32 74
46 33
76 43
96 38
93 65
10 51
73 72
99 85
63 74
79 42
96 63
91 33
90 93
95 51
84 51
15 96
31 72
1 69
70 92
38 86
81 28
40 93
51 69
74 92
63 75
99 49
49 45
0 98
9 23
32 75
74 82
25 31
10 62
46 17
27 60
16 61
73 61
78 92
25 84
51 7
63 66
60 17
43 63
22 76
79 58
73 44
95 16
79 51
85 42
7 87
91 41
18 47
57 73
88 30
79 63
33 33
3 32
47 6
52 71
2 43
52 80
64 97
70 40
21 7
73 22
94 7
68 93
52 96
82 59
58 79
68 71
50 61
80 88
91 30
46 27
25 4
24 32
7 6
94 46
56 27
28 73
58 6
73 90
87 27
63 8
28 31
92 45
4 30
41 95
50 66
37 38
8 66
62 1
90 86
8 80
95 8
80 20
37 12
92 18
62 97
83 5
22 49
31 0
8 50
45 44
27 46
55 67
48 40
89 58
4 61
1 65
70 38
86 9
44 23
19 88
73 77
2 4
99 21
15 47
47 10
61 24
71 25
65 99
74 37
33 31
66 66
73 37
82 62
5 75
65 21
81 38
37 61
62 39
56 71
93 79
70 0
48 65
8 98
73 46
12 90
81 69
75 61
31 6
7 20
98 15
37 29
66 18
16 92
39 44
91 76
12 7
81 7
43 86
78 65
46 28
73 56
24 73
68 65
52 26
40 7
82 28
93 81
45 74
2 22
39 82
56 15
0 26
87 32
69 0
9 8
90 4
87 31
34 27
64 16
70 34
8 9
1 86
41 15
99 46
34 35
77 46
68 5
47 80
6 30
81 86
50 25
57 41
99 36
83 53
96 73
38 3
24 31
15 77
8 83
21 89
97 28
87 52
61 25
62 15
26 70
78 14
71 76
20 77
50 93
64 98
84 99
9 27
25 14
6 94
18 27
91 34
22 34
68 70
27 9
68 10
63 62
51 95
57 5
21 35
86 80
77 84
8 26
15 10
29 44
18 85
15 74
20 94
70 95
95 47
60 19
16 7
56 78
50 80
28 51
42 15
41 99
25 44
66 72
0 62
62 67
90 12
16 65
75 47
72 70
24 28
18 8
81 11
56 2
61 91
7 70
64 10
33 97
95 35
31 1
91 85
28 92
27 8
50 4
70 48
63 85
81 68
4 68
51 19
60 0
99 56
57 18
35 78
52 87
89 24
96 19
69 86
83 93
65 43
37 66
6 97
96 68
29 38
95 79
48 77
32 91
94 37
23 68
51 74
87 45
35 74
61 87
89 64
59 22
34 59
30 58
46 48
15 1
96 61
54 36
24 80
82 0
62 21
8 23
32 52
94 4
53 27
53 14
55 73
66 7
63 71
42 83
54 12
71 34
20 41
59 75
83 58
89 44
98 47
10 36
97 94
23 82
15 25
30 8
89 25
39 99
57 72
12 0
47 18
74 8
1 60
99 88
35 27
70 12
1 0
47 63
73 1
7 67
58 7
36 17
48 52
77 95
65 4
43 61
74 5
13 61
92 97
0 69
45 55
63 97
52 17
49 25
79 68
86 26
69 88
39 61
32 5
73 93
45 6
1 27
21 68
49 21
5 28
50 57
12 92
76 46
80 40
30 50
94 73
83 87
32 33
63 40
65 76
1 62
23 79
83 10
67 93
23 55
63 60
4 23
6 78
42 6
70 69
16 93
94 74
45 35
43 48
77 7
98 27
37 89
48 80
85 68
92 10
85 17
28 70
38 4
46 89
50 24
36 6
80 41
12 85
10 30
91 64
14 89
10 13
10 90
80 37
3 84
9 21
89 8
64 69
65 87
43 55
95 62
6 57
13 38
50 40
44 61
21 11
27 71
60 46
57 29
64 94
9 1
2 50
2 44
69 87
5 4
52 86
60 84
21 55
88 67
95 64
60 44
19 45
80 56
12 81
62 57
38 66
56 44
4 97
46 76
86 25
59 74
92 28
41 75
17 68
35 4
47 2
1 59
40 71
16 77
70 16
55 77
79 95
3 94
90 43
19 30
65 58
91 79
72 92
95 31
42 47
82 13
16 8
49 11
57 31
44 28
4 19
41 72
6 0
57 16
43 32
13 79
58 3
2 77
0 74
60 7
2 36
84 13
25 45
60 48
73 59
42 42
77 76
63 31
39 93
68 42
75 26
25 33
56 14
5 51
77 81
12 63
63 64
29 87
26 62
92 82
69 64
0 0
98 26
84 32
67 67
17 82
23 89
18 74
73 40
24 68
44 96
92 39
44 95
2 39
61 39
35 13
4 99
90 50
11 91
87 6
6 21
93 63
94 66
98 31
33 90
77 4
80 35
9 54
82 36
48 15
56 47
1 42
41 29
90 23
86 57
69 41
18 58
20 15
94 69
31 32
85 88
22 72
60 45
19 86
85 22
95 59
26 84
88 0
73 85
18 84
35 69
94 14
34 33
71 84
24 54
32 22
15 63
92 34
85 59
16 12
82 37
72 55
96 20
42 43
49 63
78 44
6 9
71 91
82 64
16 48
41 8
29 24
45 13
13 43
67 76
28 97
80 67
16 56
6 48
48 1
33 68
24 46
21 75
41 23
37 81
44 44
79 46
94 54
14 70
46 72
0 64
33 21
90 87
47 58
4 34
77 87
20 61
66 19
37 13
60 22
3 16
76 64
5 12
5 35
70 6
92 56
34 10
88 51
96 11
6 39
87 96
82 58
85 45
69 61
80 49
69 89
46 14
88 85
54 98
85 79
29 55
91 71
25 87
71 75
32 0
60 25
71 82
35 43
95 43
31 7
73 74
12 76
58 21
59 12
20 38
98 7
27 66
35 51
20 13
81 10
7 74
14 79
73 94
0 93
72 35
19 69
26 76
25 54
46 97
39 23
70 71
81 98
99 30
49 6
48 43
62 13
32 12
54 21
69 93
37 84
80 46
26 33
68 28
36 72
84 88
8 37
52 3
21 78
86 2
71 52
51 68
43 24
74 6
82 1
45 23
75 92
22 33
42 76
64 51
3 64
39 13
20 42
19 13
86 76
37 69
69 4
0 46
82 55
30 86
7 47
28 41
8 40
46 65
18 63
91 96
47 13
10 25
94 57
50 51
12 5
30 39
0 4
96 64
8 63
20 78
60 2
50 53
76 12
98 48
54 77
54 66
89 90
5 14
45 7
95 28
46 50
35 15
56 16
61 74
85 46
8 71
89 31
55 44
31 4
22 61
92 63
53 12
0 22
96 81
18 95
5 22
12 18
2 46
32 89
48 92
72 76
26 25
70 37
53 72
23 64
59 42
34 68
64 44
18 9
34 50
30 79
85 87
5 47
56 6
64 79
99 58
97 64
32 27
87 20
49 28
64 53
90 77
57 21
2 82
62 18
66 92
43 43
35 28
44 68
27 55
69 62
5 91
13 50
43 68
92 80
88 64
44 84
95 4
16 18
33 36
80 93
82 80
95 75
68 17
37 94
9 42
41 18
60 73
24 4
27 64
85 71
9 69
19 10
91 95
86 89
24 7
95 14
87 35
9 48
17 57
78 63
45 68
82 3
99 28
9 88
7 29
90 65
17 56
21 66
94 47
84 20
85 94
80 95
89 51
5 0
76 60
78 99
4 90
74 91
46 12
13 41
67 36
94 21
44 60
29 2
48 14
50 7
56 58
90 75
48 55
39 70
29 90
3 51
48 27
20 58
29 81
78 58
52 6
11 43
52 81
68 39
85 29
35 40
2 31
76 72
22 17
55 82
98 44
28 52
54 28
48 71
22 21
46 73
11 79
21 8
77 40
65 17
56 19
18 72
79 22
35 3
99 5
7 5
37 8
55 72
98 38
39 31
32 28
21 73
5 72
77 93
25 77
75 11
53 24
87 46
90 94
12 15
68 47
24 15
42 79
12 54
40 37
82 66
47 0
63 88
24 5
25 3
15 61
51 65
33 71
19 24
58 81
42 87
7 69
22 82
12 82
78 5
5 98
22 46
8 94
45 14
79 3
94 78
28 26
38 36
70 26
99 90
28 34
4 50
15 86
82 95
1 30
85 18
34 52
20 69
49 65
25 86
43 51
12 45
41 46
65 74
2 5
23 27
21 74
79 89
10 65
26 78
70 3
75 20
64 80
78 26
44 65
64 75
61 10
33 64
95 0
11 75
48 18
75 29
37 91
4 48
93 92
64 3
42 88
45 25
80 12
57 13
88 96
10 49
43 0
21 64
66 3
0 30
57 55
52 1
75 33
94 8
62 43
71 40
47 21
1 23
58 43
84 30
18 10
25 17
87 33
59 43
46 38
90 21
78 13
13 19
15 95
1 21
81 81
93 30
70 56
85 33
42 96
48 83
25 69
34 98
5 57
16 66
36 77
63 78
8 1
86 24
27 19
23 41
15 59
77 98
40 11
0 28
7 21
68 98
90 98
47 90
18 17
50 69
53 38
80 21
19 18
24 44
30 63
79 73
91 59
60 10
75 3
68 43
5 69
66 88
87 92
4 56
92 61
5 13
73 43
63 95
96 0
3 19
12 1
85 13
20 67
24 51
3 5
20 39
7 95
85 95
35 94
16 42
90 56
60 20
29 9
72 1
25 19
49 62
95 29
31 89
65 48
84 63
78 89
23 73
55 60
56 82
28 47
96 29
65 89
52 35
67 73
3 61
41 81
96 67
18 76
61 95
92 5
39 33
10 83
43 75
79 9
77 83
1 51
37 46
31 96
96 99
37 7
32 57
59 50
30 70
50 94
90 5
58 61
7 11
75 65
78 74
96 30
15 24
25 66
62 75
64 89
28 2
59 92
45 99
30 81
60 76
48 9
49 91
62 27
23 59
4 21
75 57
75 2
42 21
11 77
72 2
9 65
23 88
26 59
33 93
14 80
65 69
97 78
98 95
4 73
2 99
39 11
20 43
50 90
17 30
60 77
56 1
77 32
13 84
94 98
6 87
5 99
64 95
81 15
4 28
30 94
8 82
71 98
91 1
71 89
21 12
27 68
26 22
13 64
32 4
89 95
80 34
66 47
93 69
15 94
74 99
65 7
59 2
16 79
89 63
17 63
64 81
35 11
40 92
6 18
26 65
69 27
83 80
83 6
68 25
38 76
72 11
71 44
41 19
27 42
15 97
29 11
40 27
9 44
71 72
15 31
21 94
83 38
10 87
24 52
84 50
23 0
29 67
82 45
30 25
31 87
8 18
36 26
51 45
66 30
2 13
2 42
15 20
9 19
71 42
0 84
9 84
55 25
57 76
25 7
50 32
35 63
39 45
84 39
74 20
93 14
67 39
37 18
6 22
25 18
52 95
70 1
54 46
83 1
48 86
86 50
82 69
58 32
78 90
38 30
24 95
15 70
9 93
21 63
34 5
67 77
11 63
88 23
83 72
57 20
94 19
89 70
8 78
92 57
66 17
44 29
66 44
73 34
5 53
0 78
10 75
24 30
83 34
12 89
25 21
98 99
41 26
62 81
68 84
50 0
82 31
51 6
26 98
26 51
7 24
2 29
86 67
29 56
25 99
5 21
69 52
38 7
36 74
15 91
23 84
77 45
74 23
89 12
84 19
30 77
22 55
19 65
27 92
0 80
93 45
26 2
61 22
29 88
95 27
16 81
95 70
34 51
92 50
40 33
16 19
64 6
98 49
11 28
70 42
70 75
39 35
52 42
60 26
73 19
77 18
95 46
23 92
5 77
75 32
88 9
15 67
9 70
60 93
43 30
46 47
6 76
88 94
44 19
94 31
24 67
90 91
21 52
79 25
19 6
87 5
60 39
80 98
2 55
51 67
92 81
19 11
76 9
57 99
66 59
68 57
13 71
81 0
15 62
40 0
42 39
45 52
64 68
75 10
23 19
31 38
22 16
71 85
73 91
95 82
40 2
28 1
44 80
73 79
66 70
90 44
16 74
44 85
0 94
54 17
89 61
46 52
42 8
27 45
72 47
17 78
8 20
53 20
85 96
72 85
66 90
38 0
35 85
28 94
4 3
27 54
42 58
66 73
24 14
3 12
81 52
75 77
26 66
95 9
14 85
47 83
14 6
36 52
79 96
76 92
71 92
30 99
6 45
99 98
75 71
23 46
67 59
19 33
93 53
13 39
87 34
91 55
40 70
80 81
43 97
7 75
12 43
28 16
53 47
88 58
47 38
48 70
54 6
56 36
50 5
18 20
41 68
79 36
63 4
32 25
68 69
49 71
2 76
48 0
24 53
71 78
30 7
24 77
58 0
70 29
71 28
65 55
71 86
18 11
38 14
68 4
65 67
31 60
66 64
66 22
15 88
16 26
30 28
54 2
71 81
66 34
74 80
31 92
48 74
84 76
37 35
39 68
34 13
88 56
35 84
26 8
5 23
33 74
35 41
41 96
72 78
53 39
12 8
27 43
75 39
79 41
27 28
62 98
31 53
98 4
51 85
61 48
67 20
67 61
92 30
79 85
35 77
63 81
1 96
84 21
88 15
97 66
33 54
83 86
86 77
91 53
20 55
62 20
95 96
5 29
71 71
87 8
55 81
5 7
12 80
90 37
63 32
45 65
56 74
83 97
40 23
14 64
90 97
92 1
99 81
21 1
37 90
97 58
5 84
39 25
85 98
58 8
79 15
19 52
30 2
45 43
90 30
98 9
61 63
2 15
95 55
20 48
86 75
22 43
49 10
95 21
78 31
4 36
27 62
26 16
39 98
40 59
12 38
90 33
19 28
69 16
81 77
58 51
24 37
83 91
40 3
16 73
97 2
4 10
74 46
94 90
50 84
42 27
97 8
25 89
66 45
40 98
48 2
72 72
60 42
14 87
78 53
89 80
77 15
0 44
54 63
21 59
19 70
9 53
56 42
10 92
94 67
8 76
1 25
1 80
3 13
22 23
77 43
87 70
80 86
31 17
88 5
31 13
29 64
97 81
42 1
99 48
38 89
76 19
36 75
3 54
20 52
46 55
26 13
93 5
92 27
91 23
1 61
45 24
71 88
80 11
29 6
83 64
42 29
67 49
79 21
82 8
65 35
89 17
30 20
13 69
43 85
73 87
66 99
30 35
57 14
7 51
38 10
60 15
72 46
17 74
8 38
84 2
71 97
51 13
46 99
23 49
25 29
20 25
40 50
96 15
16 27
10 56
59 36
81 17
61 72
41 36
53 58
52 88
89 52
48 51
60 6
76 42
67 46
45 57
46 4
7 99
42 57
62 30
5 30
83 11
86 53
0 47
63 45
68 2
2 91
72 66
61 44
31 22
25 71
40 38
46 26
34 6
16 36
95 45
77 16
51 47
77 12
87 43
26 99
5 64
66 52
98 90
32 80
50 83
40 54
70 51
98 18
5 49
61 79
65 42
23 24
89 4
10 39
12 29
19 14
95 38
15 71
70 15
43 3
84 3
17 31
33 16
57 74
25 9
91 75
39 1
41 66
19 29
79 78
47 93
9 78
36 39
87 65
26 61
61 53
45 2
45 27
78 95
13 97
46 54
70 72
84 89
18 64
49 47
17 23
45 90
23 54
59 61
31 68
39 75
25 81
2 1
17 21
87 72
60 32
32 55
13 24
32 41
57 47
30 87
15 68
23 29
34 71
84 10
25 28
68 33
78 79
70 87
2 94
34 20
9 36
86 42
8 68
94 10
36 87
3 77
52 39
24 89
49 90
41 51
7 66
17 46
54 45
31 61
89 66
77 91
72 58
18 12
47 23
50 8
95 90
24 38
82 16
66 85
81 99
35 23
99 17
82 49
71 37
3 50
61 66
22 94
41 56
67 97
24 62
18 66
58 31
37 22
51 52
38 6
32 39
12 68
24 74
69 19
61 52
14 75
24 42
11 42
4 65
91 87
39 76
19 12
92 84
10 99
4 77
43 69
89 83
42 13
65 32
69 34
82 30
60 14
41 34
96 39
23 86
52 62
37 53
55 26
41 42
79 59
35 64
86 51
14 92
93 24
87 63
17 75
0 92
19 90
16 34
86 65
59 51
57 82
6 8
89 22
45 86
6 16
95 92
47 17
56 38
62 49
66 36
46 95
33 70
72 65
38 22
91 49
30 14
49 37
53 57
73 7
38 95
64 40
27 22
32 18
34 96
71 10
1 11
34 42
28 91
30 34
48 69
38 18
45 49
62 54
77 80
21 91
50 2
38 31
16 28
33 8
38 52
96 74
53 3
44 33
41 27
50 67
16 85
69 15
62 64
36 79
57 86
30 18
89 84
11 81
16 89
32 71
18 68
75 56
11 88
37 43
15 92
27 24
40 90
22 10
10 12
59 83
83 20
22 95
11 94
22 51
47 82
56 97
21 30
68 91
22 68
88 57
0 57
43 58
39 97
3 36
40 99
20 46
19 73
84 86
27 39
43 13
62 65
51 66
33 47
32 79
12 9
4 12
29 7
33 12
71 14
19 17
14 8
13 10
96 93
55 87
19 36
81 3
87 49
14 94
9 9
64 88
76 40
78 33
78 83
41 60
40 1
23 42
38 72
18 62
24 66
0 87
49 55
87 36
25 40
56 79
41 94
89 54
16 37
26 58
39 27
52 47
13 28
1 57
57 15
88 73
48 61
60 53
11 5
98 45
13 26
67 21
45 87
80 28
37 79
22 75
86 88
53 85
49 23
98 75
28 33
37 34
18 92
47 89
88 83
54 72
34 61
97 5
66 83
88 10
54 57
84 54
57 87
22 2
71 62
54 87
19 81
19 49
63 52
87 87
48 72
97 48
97 62
89 19
54 10
92 96
58 80
74 63
4 35
54 30
68 90
60 21
79 52
34 72
17 10
85 11
81 32
65 23
52 24
24 61
7 4
44 90
21 5
57 57
19 55
30 21
9 86
92 36
71 2
34 83
96 87
98 42
55 66
63 19
47 75
20 50
6 36
32 32
54 4
88 54
55 33
53 1
41 88
31 79
56 99
49 27
39 56
26 42
10 2
13 95
5 39
94 83
37 28
56 93
43 72
43 5
52 4
49 83
17 71
42 34
82 74
83 40
67 3
64 26
81 46
28 95
0 41
12 70
7 36
57 97
42 19
89 9
97 32
57 96
14 31
34 31
68 53
16 67
31 37
9 22
4 17
34 2
81 37
27 59
82 25
19 32
83 89
96 7
38 33
26 67
52 75
49 53
25 52
88 33
68 20
56 0
56 48
66 21
60 68
7 91
76 15
45 0
47 7
71 13
53 37
4 80
39 60
93 87
59 91
17 58
34 86
7 57
43 90
52 72
31 14
62 90
40 43
80 84
84 23
82 41
55 28
11 48
71 12
42 30
28 66
58 13
73 49
35 26
85 37
92 55
26 11
45 9
83 35
7 25
14 50
16 83
91 18
78 4
66 26
68 40
25 26
97 13
94 28
75 86
44 17
13 90
41 35
60 55
55 4
39 78
73 80
78 46
50 33
16 5
94 13
74 33
81 34
15 65
74 59
91 63
13 9
21 40
2 51
83 65
20 30
24 47
27 17
83 70
38 42
54 16
96 75
21 93
77 82
61 77
46 41
33 56
59 9
37 55
9 91
73 75
27 26
5 86
62 87
8 48
79 90
40 91
48 73
86 35
53 17
27 57
73 12
44 47
75 64
78 94
75 28
90 39
34 91
84 29
7 8
53 33
30 38
6 43
31 67
14 14
76 66
44 39
87 25
23 26
10 86
87 80
16 38
93 68
70 45
85 1
37 2
76 74
19 7
94 80
10 91
24 69
34 0
87 2
46 74
85 23
62 66
76 77
1 19
82 24
47 91
7 38
43 35
29 16
31 3
86 86
88 42
63 89
57 30
26 72
39 72
36 90
11 59
56 32
66 55
44 49
23 96
28 23
68 75
71 6
25 88
3 99
38 44
94 75
61 75
49 26
18 88
94 15
15 99
96 16
18 13
25 80
2 66
34 14
17 73
65 39
66 49
16 75
85 15
27 85
44 98
59 69
54 22
63 80
65 65
0 96
27 21
23 60
54 69
51 89
46 53
99 16
34 92
56 68
59 57
30 73
20 36
59 3
1 71
87 0
98 17
4 8
75 41
10 24
98 69
50 23
31 11
80 94
80 45
69 99
47 46
98 40
13 73
55 43
58 56
71 87
67 38
96 56
65 77
76 87
4 47
61 93
89 77
99 62
37 76
84 65
33 99
1 78
19 26
52 34
2 59
65 79
47 39
86 31
98 34
16 41
62 44
62 31
99 53
89 81
92 38
91 99
52 43
26 18
19 16
60 99
6 12
38 56
49 38
76 51
14 45
3 53
37 14
28 76
82 90
57 28
19 4
10 20
53 42
85 81
35 33
13 55
34 93
67 45
70 97
51 61
68 52
30 92
43 25
56 17
91 94
9 55
84 41
31 8
60 36
49 48
85 38
23 18
85 77
5 58
14 7
95 98
44 6
34 65
81 67
0 55
26 36
87 95
57 24
30 97
16 44
59 8
58 17
15 54
28 17
54 49
26 87
7 2
83 44
36 32
91 80
66 81
11 97
96 24
90 49
40 9
79 55
48 17
52 57
78 38
27 86
65 3
61 59
74 27
11 25
39 48
34 85
9 95
55 1
9 5
45 45
49 43
39 8
42 46
78 24
67 18
74 10
12 86
10 31
58 77
39 79
99 76
80 7
56 56
97 90
6 58
15 53
71 55
63 20
0 81
19 63
64 22
25 22
75 17
19 20
81 49
81 57
78 1
62 6
33 77
60 79
31 9
45 89
33 96
80 0
18 5
2 70
65 54
52 77
70 77
53 68
37 58
92 32
88 25
53 32
83 12
83 4
97 82
10 9
78 64
1 84
21 85
57 95
3 43
89 73
29 8
14 65
80 10
87 23
5 20
4 74
66 14
84 36
78 36
93 98
2 10
49 96
12 12
13 44
69 63
54 76
65 73
2 26
72 62
34 90
78 73
58 39
67 1
97 46
75 1
76 27
34 16
58 19
77 8
87 69
50 56
91 31
48 59
46 64
94 58
21 90
75 58
89 53
44 55
13 14
89 72
74 29
17 97
23 83
62 88
57 42
33 88
18 60
39 5
68 48
24 45
14 9
88 20
23 91
83 46
34 23
90 38
43 65
28 45
72 48
4 75
31 76
55 99
94 79
48 32
75 54
0 25
30 33
17 42
8 87
50 65
49 33
7 79
86 49
75 42
61 42
80 15
8 6
50 11
46 2
10 52
14 1
28 10
88 36
5 94
90 8
75 69
43 88
24 85
56 73
55 48
82 18
88 19
35 55
45 62
63 34
62 63
47 84
32 13
97 35
60 28
1 7
24 23
69 98
11 27
42 5
36 43
84 15
13 78
62 41
81 39
64 45
90 89
28 14
49 19
48 64
51 29
94 17
86 8
75 95
52 40
50 58
28 7
40 89
22 8
51 90
44 13
25 60
67 70
63 39
61 11
3 0
78 22
77 39
4 79
55 68
80 64
87 71
10 26
49 68
10 6
29 71
76 14
49 60
50 91
34 64
85 57
83 54
36 46
50 34
41 24
2 65
91 20
74 56
82 83
26 73
13 20
44 77
42 72
27 36
34 28
81 8
92 41
9 13
16 45
58 73
3 22
2 89
8 74
46 3
63 29
54 24
75 99
11 24
22 69
95 66
97 52
60 33
75 87
41 50
78 0
13 89
94 3
10 21
86 37
29 83
57 43
6 15
3 29
63 37
88 69
77 78
94 82
78 91
74 11
83 83
16 96
99 64
3 70
96 55
2 93
13 62
85 16
85 89
74 58
87 7
13 48
79 13
7 16
76 21
73 39
20 88
28 57
31 73
24 56
7 10
29 57
14 32
12 74
69 68
40 24
70 50
36 20
45 83
70 36
67 25
36 76
2 20
93 75
20 18
81 16
68 51
49 15
47 36
17 85
80 2
9 76
53 88
12 23
84 90
91 73
24 9
61 84
56 8
4 37
3 25
53 94
46 23
49 56
44 50
93 20
86 7
26 48
61 61
69 65
23 30
2 33
97 18
43 15
83 66
33 7
28 82
48 7
44 78
3 91
96 86
18 22
44 25
67 4
82 34
84 27
25 90
94 33
5 5
33 82
86 98
31 41
41 69
8 4
58 74
8 10
36 68
50 76
40 22
43 42
27 15
86 59
76 11
67 83
48 85
72 27
6 95
47 59
9 57
49 82
89 23
3 58
61 47
46 79
18 26
77 72
51 84
50 3
0 61
18 67
59 44
76 24
61 81
20 44
43 14
40 40
3 56
4 0
81 91
14 29
94 49
0 29
8 54
49 31
59 77
48 57
30 42
80 17
17 55
97 49
29 20
90 27
84 67
85 0
22 37
49 79
30 85
73 66
74 55
49 64
16 84
48 56
47 26
20 27
67 16
51 73
51 94
74 26
36 25
37 16
80 30
56 75
79 57
68 92
90 10
89 40
52 79
58 69
94 65
6 44
15 38
87 53
35 61
29 58
51 35
14 0
8 45
24 18
86 56
63 1
31 57
15 78
3 10
69 45
55 96
47 64
11 40
92 58
31 54
77 97
62 5
45 36
22 44
14 52
49 80
33 62
44 10
2 23
9 35
43 87
97 6
0 68
22 66
57 32
44 0
52 93
33 65
73 69
64 37
6 86
47 94
48 84
29 12
74 13
32 26
5 24
35 47
51 5
12 44
40 79
51 71
46 85
27 18
86 39
12 27
92 99
6 75
60 88
17 8
7 83
98 78
17 70
52 97
60 60
93 44
0 12
20 73
52 67
84 83
19 79
20 98
2 21
88 32
96 79
47 55
9 52
23 1
26 45
28 56
64 93
94 30
17 87
62 59
43 39
26 64
85 75
78 35
99 14
38 39
80 90
17 16
88 27
60 64
28 5
44 22
82 96
12 26
16 0
95 73
44 94
50 85
90 99
74 97
76 85
27 84
24 60
54 39
27 83
95 18
13 59
38 77
57 37
82 21
61 56
72 59
51 91
29 47
51 54
39 32
62 83
72 28
83 16
52 28
13 52
81 83
46 80
58 93
10 8
3 42
59 67
87 12
29 97
32 56
97 45
90 71
16 72
70 24
95 56
24 79
69 74
42 3
49 0
38 40
29 18
60 96
24 11
29 99
94 84
81 22
1 4
21 21
84 4
13 53
54 80
76 80
2 92
45 59
55 14
7 35
26 30
53 80
63 61
99 79
35 44
90 70
72 40
12 47
85 70
34 75
27 5
85 47
49 66
55 37
92 86
50 31
18 30
82 75
10 70
62 40
80 87
9 26
82 67
66 8
96 9
19 1
40 45
0 40
49 95
93 60
76 78
93 83
50 62
75 73
3 98
87 84
79 47
28 84
55 95
8 77
0 82
4 85
84 11
28 74
65 40
97 24
11 71
48 26
46 88
45 22
14 71
96 97
71 77
77 20
64 66
1 55
24 16
96 37
7 40
37 1
0 8
13 58
45 15
17 36
82 42
7 22
9 60
33 29
48 28
94 43
79 4
79 31
51 26
6 27
80 38
25 76
80 23
77 52
51 86
29 40
9 99
56 70
62 50
36 98
7 34
55 83
99 86
99 7
25 20
58 49
71 56
22 65
75 98
22 58
35 5
72 99
96 66
52 98
72 96
3 74
28 54
38 65
29 78
55 63
98 70
14 17
61 76
22 53
6 33
8 55
91 92
69 30
79 82
48 49
28 24
45 31
83 25
54 54
55 84
55 76
50 99
22 59
87 17
49 18
8 53
36 5
5 36
13 12
94 29
98 22
98 67
63 46
98 65
32 87
33 0
26 93
77 53
70 78
66 4
51 72
80 78
0 20
44 26
50 46
31 75
82 52
4 1
32 88
4 9
92 53
65 57
63 94
29 46
22 90
30 12
40 64
10 38
0 2
63 49
22 25
15 87
16 97
43 52
49 50
18 46
52 5
44 54
60 62
52 12
38 50
50 16
54 88
44 11
0 59
48 42
62 61
9 64
59 6
68 78
66 95
42 62
68 6
97 44
28 30
49 69
28 4
59 21
72 94
10 60
75 21
13 83
56 52
72 53
41 77
43 38
38 11
97 88
91 52
23 4
6 88
43 94
97 74
62 68
85 55
79 38
27 70
17 34
39 85
23 58
3 23
0 53
71 57
1 43
80 76
29 60
72 10
45 3
10 27
93 42
10 71
14 24
25 83
47 3
27 67
78 77
44 41
64 61
87 54
4 29
72 19
13 6
49 59
51 11
24 29
70 93
36 91
46 61
93 15
70 94
63 96
13 11
72 68
2 24
50 19
8 61
0 45
57 48
65 64
59 65
7 14
1 5
82 44
93 76
24 55
50 12
81 76
49 81
47 37
91 9
92 66
62 47
24 88
88 91
3 60
71 48
12 28
1 3
83 43
36 0
79 39
15 29
42 35
17 89
94 32
49 67
56 22
83 17
88 4
74 45
4 60
23 76
78 16
79 62
44 14
48 35
57 88
45 16
76 88
93 32
77 51
72 77
18 35
1 36
66 27
98 96
57 71
67 26
4 95
61 4
75 40
71 68
9 16
79 16
8 24
4 98
21 50
20 93
26 35
48 81
65 63
5 89
86 73
18 3
68 62
14 20
68 9
22 74
53 79
35 70
68 13
14 16
28 25
80 99
6 69
0 24
41 22
18 86
84 75
69 46
18 98
7 98
5 1
63 16
60 90
90 40
81 29
81 88
17 33
92 68
67 9
93 3
87 3
22 99
30 59
58 59
14 90
48 93
10 78
84 97
88 77
7 90
17 93
8 99
8 35
38 28
93 2
63 69
35 60
38 51
41 54
25 93
12 6
87 14
22 18
11 20
16 22
30 91
4 27
69 66
42 93
38 46
81 23
46 31
95 12
99 52
25 32
73 48
97 36
49 29
15 0
90 48
80 62
98 57
67 31
49 32
55 19
87 40
79 10
57 54
43 18
70 18
14 30
41 74
66 41
6 73
15 98
91 67
10 46
0 72
9 32
3 38
93 19
7 0
64 27
22 48
10 66
26 50
18 33
96 91
0 89
19 72
55 69
43 81
76 5
56 60
50 44
3 75
67 62
54 19
69 44
29 39
20 1
26 53
87 88
62 70
45 11
23 11
45 34
89 10
14 61
21 60
20 57
28 89
60 66
84 60
50 28
51 51
21 53
53 59
19 25
63 23
4 89
36 12
45 95
45 33
53 52
76 28
54 82
10 4
27 82
66 91
8 5
47 81
0 66
44 4
50 52
65 82
75 55
86 87
29 15
30 93
43 10
43 47
1 39
83 85
61 96
60 51
87 15
81 6
97 16
37 93
3 69
74 31
41 17
62 35
64 25
51 20
85 40
98 2
0 95
90 61
61 35
70 64
75 24
42 24
22 47
14 26
7 12
39 15
58 71
26 69
12 94
53 93
46 92
90 16
26 57
47 79
7 88
44 76
4 71
64 19
11 82
17 38
12 61
7 71
0 21
36 59
44 79
97 47
32 66
33 4
33 53
59 71
75 84
10 95
53 29
17 18
91 12
4 4
48 41
52 56
6 3
29 23
36 15
22 38
41 7
23 57
13 8
22 93
74 79
51 2
70 74
76 3
1 58
60 24
20 2
78 50
61 23
36 78
88 1
6 49
90 60
41 31
84 59
38 73
8 57
28 98
20 35
48 20
18 37
6 6
30 13
86 15
37 65
7 89
93 13
47 71
65 11
42 14
5 93
96 12
20 29
49 52
30 64
13 66
89 93
19 64
6 72
5 42
8 72
12 62
70 49
73 54
6 40
80 89
94 23
89 37
27 1
57 90
76 89
67 55
93 59
29 52
35 75
59 99
50 71
30 88
76 34
55 70
17 25
88 78
87 85
2 81
1 75
97 98
54 29
80 58
0 48
67 53
47 48
21 43
36 9
39 36
96 50
76 44
32 99
75 76
79 99
57 78
47 73
20 62
47 56
43 76
54 27
8 43
5 65
13 13
96 34
26 15
29 43
90 46
95 10
48 38
15 3
46 5
84 70
53 84
15 16
44 53
72 14
23 94
22 14
10 37
28 50
86 4
91 97
14 54
13 46
2 34
36 85
30 4
10 61
50 36
88 45
55 86
96 58
91 61
32 8
37 68
7 77
68 15
39 74
95 91
17 37
91 77
1 95
59 33
88 79
67 87
63 92
21 6
91 28
26 49
5 82
64 58
22 85
86 22
63 0
75 30
96 22
20 10
3 2
76 7
46 67
92 69
40 8
47 32
97 40
0 88
30 76
15 66
9 98
41 21
40 18
33 26
69 75
39 87
82 33
70 52
73 96
54 53
55 18
83 76
19 40
92 77
3 14
71 35
31 63
62 96
13 32
28 43
