100 3
52 7
88 22
12 96
64 23
27 56
91 96
3 78
69 68
36 99
50 57
31 27
52 59
56 13
98 73
38 42
16 50
50 67
63 46
4 90
31 24
97 20
62 71
29 53
11 72
55 68
13 50
45 44
66 9
36 21
8 27
48 76
74 95
8 42
20 17
13 87
44 5
86 85
19 4
48 40
83 26
15 98
82 54
86 83
52 94
64 68
64 85
84 95
47 60
16 81
56 10
32 78
97 26
69 57
92 91
7 95
83 96
18 40
63 8
56 84
88 92
1 65
86 63
18 80
24 32
50 84
81 63
69 32
16 10
92 66
58 55
48 7
74 47
84 15
8 31
28 58
7 32
91 16
55 95
2 26
19 37
56 64
50 14
55 0
5 22
19 63
95 11
36 98
1 4
10 89
22 22
28 72
98 1
78 79
83 77
25 26
5 69
71 70
21 15
6 20
17 83
56 45
43 76
72 93
97 73
51 58
89 17
32 57
80 28
78 16
17 61
11 91
5 17
4 97
91 8
79 63
67 18
47 45
68 22
62 99
16 60
8 60
43 14
9 19
87 50
26 24
38 73
43 32
93 41
28 66
78 91
45 99
31 48
27 69
26 22
17 92
62 79
68 60
49 96
22 34
20 94
17 87
71 63
78 57
91 17
46 92
99 49
38 31
73 67
30 73
13 82
48 70
86 86
4 21
33 43
29 60
88 9
36 43
89 69
94 29
3 22
42 49
21 75
98 53
0 99
92 73
52 52
75 13
3 63
35 59
24 90
81 52
86 58
45 79
98 27
64 93
30 4
46 65
49 27
90 18
50 3
83 93
91 30
48 4
8 69
57 61
43 90
14 95
6 71
6 46
8 21
78 94
35 16
82 46
55 58
75 23
23 61
8 80
69 10
29 47
8 86
66 61
17 99
68 76
0 67
64 88
19 93
94 1
51 20
50 2
35 48
20 75
68 88
23 69
25 32
55 96
28 76
29 26
30 75
64 87
59 32
55 73
97 53
55 48
59 45
42 56
33 37
42 85
88 23
43 78
33 42
49 25
66 37
91 24
43 61
71 38
10 1
70 68
67 52
26 31
73 61
6 78
39 13
73 59
89 26
62 65
36 37
69 27
56 22
17 59
83 74
46 22
71 8
17 95
40 4
68 6
38 62
7 82
74 54
77 10
22 81
93 72
29 69
65 72
1 73
68 25
18 72
24 26
15 79
90 54
87 24
88 52
74 28
73 71
55 4
64 18
73 25
39 57
12 19
61 2
17 17
70 58
94 47
98 42
62 76
33 30
30 67
66 36
26 89
42 45
24 8
60 79
13 0
95 43
73 48
89 65
86 79
26 7
15 64
37 30
92 83
72 3
19 71
17 11
84 72
33 95
70 23
70 74
66 50
66 22
44 71
98 2
53 9
87 44
75 77
91 14
47 42
82 58
91 75
81 44
34 85
4 15
12 45
85 69
6 47
46 29
61 61
66 49
86 90
53 80
69 73
97 17
18 29
81 38
26 75
90 93
21 22
30 44
5 24
46 90
84 79
61 72
29 40
50 36
0 53
68 35
87 30
44 74
61 58
85 24
38 89
40 40
28 0
90 50
70 3
90 91
24 4
80 36
41 87
96 83
67 43
22 49
42 24
65 2
89 15
28 22
3 91
19 99
34 71
4 43
6 2
50 23
66 2
36 94
53 93
76 97
23 19
31 99
70 31
15 16
60 32
80 21
4 91
35 41
95 55
38 86
27 13
68 72
70 12
58 71
93 94
58 73
75 20
89 75
66 78
30 47
33 31
24 14
91 53
3 59
71 46
97 66
34 64
75 69
11 31
2 93
92 99
75 8
52 43
96 33
63 78
49 84
48 88
34 52
67 57
52 38
10 98
97 72
97 70
59 56
37 53
49 31
12 32
53 38
9 87
3 5
88 84
67 50
61 51
36 58
9 76
40 19
0 39
74 64
72 49
61 75
5 95
57 63
21 27
28 32
58 85
83 70
84 59
81 5
91 31
64 71
87 53
60 95
57 48
2 10
72 25
7 80
86 12
67 1
88 70
11 43
80 55
38 67
31 85
1 28
54 99
52 72
10 52
19 30
18 26
52 24
7 44
83 84
43 86
29 11
10 94
18 37
75 66
74 66
91 71
73 38
64 15
9 16
92 27
13 38
42 99
99 46
90 31
80 46
71 57
3 34
96 30
59 61
98 70
80 22
48 29
32 55
6 42
2 68
49 99
28 90
35 50
84 69
12 26
66 91
9 31
43 29
76 93
2 72
0 20
74 1
30 1
86 10
30 8
51 98
54 53
85 6
55 26
72 71
87 36
10 49
20 66
39 89
91 5
88 93
11 29
54 18
57 33
30 53
16 37
37 4
31 90
12 46
56 53
64 20
83 0
77 4
17 96
27 42
17 76
47 94
40 80
99 33
45 38
11 16
50 93
18 6
19 55
60 1
76 52
89 32
67 59
84 63
98 74
46 33
28 75
95 25
4 50
11 54
88 58
0 46
37 39
13 2
34 65
42 4
11 85
69 66
32 51
66 25
31 80
22 59
8 9
85 95
40 8
43 73
45 7
4 27
77 61
38 53
40 78
22 86
68 93
69 77
5 36
79 36
25 68
22 98
24 63
18 21
45 13
89 14
70 95
84 26
44 79
35 14
80 5
27 35
74 0
69 85
26 99
28 2
81 19
38 12
16 68
69 84
82 85
36 31
97 22
81 69
51 8
40 68
72 60
80 66
82 45
88 27
3 80
71 4
33 45
51 63
28 54
72 79
99 77
17 2
31 93
87 2
46 70
38 27
17 45
7 22
54 44
47 93
18 12
29 2
20 86
19 94
41 18
88 47
95 98
76 76
64 33
78 23
53 28
82 60
57 3
36 88
38 40
58 23
44 26
78 51
47 49
35 79
41 92
51 2
44 16
76 54
53 73
54 4
85 79
35 40
32 92
39 34
54 12
96 70
11 78
99 5
16 30
7 24
81 89
76 25
77 3
33 83
29 85
16 55
55 7
75 48
85 86
22 50
31 14
4 2
84 51
54 29
86 80
7 53
78 4
84 53
26 45
89 37
77 79
1 33
88 19
31 55
7 6
55 67
73 41
1 9
69 4
93 54
40 48
68 75
91 41
63 96
21 95
86 17
51 15
22 6
34 56
65 27
55 98
85 83
11 99
50 46
60 39
60 57
4 85
39 90
50 49
27 0
39 31
42 16
94 52
73 76
81 9
64 67
69 79
33 9
67 28
98 80
80 96
51 38
39 24
40 86
97 59
52 46
64 55
75 17
58 10
11 45
46 56
58 40
39 52
85 88
87 98
92 67
90 98
94 63
80 32
1 6
93 11
58 96
75 93
47 76
88 17
78 86
58 39
95 71
18 49
41 26
86 6
95 3
84 11
96 48
68 58
4 1
15 54
31 2
57 17
55 13
96 16
27 72
92 68
22 2
54 6
52 85
77 32
84 14
47 14
47 52
71 16
44 93
17 5
6 33
70 39
89 93
59 91
21 25
65 90
18 47
64 89
14 52
62 84
89 79
38 9
7 61
73 11
87 6
83 3
8 76
18 52
82 76
39 15
12 75
33 88
49 6
18 42
87 85
97 24
56 99
85 89
64 90
37 63
93 84
78 52
56 89
22 67
83 72
48 72
50 31
11 19
98 22
54 76
92 65
71 56
94 46
2 91
38 3
87 47
43 18
68 86
69 86
67 79
12 73
68 91
23 47
65 9
41 67
44 86
22 45
72 35
87 62
1 18
80 68
93 13
94 4
89 94
10 5
59 41
5 83
39 50
16 13
70 69
66 28
58 46
78 46
25 27
86 0
53 15
23 23
57 31
79 35
22 41
10 24
32 46
50 38
43 31
12 59
10 86
75 36
45 68
13 49
52 80
49 74
41 71
90 65
26 21
27 34
29 4
60 26
73 31
2 89
81 79
97 25
80 52
48 34
45 89
38 74
8 61
99 91
75 57
13 13
17 6
46 20
19 56
44 17
38 93
30 60
63 54
35 91
34 18
23 73
77 19
75 80
55 46
75 83
82 29
41 65
54 68
90 13
82 27
97 10
27 94
89 58
28 37
25 86
16 41
16 94
12 11
26 50
20 52
46 75
54 25
98 51
78 0
62 48
81 7
85 96
90 70
53 92
2 77
82 1
63 12
6 69
87 13
1 96
29 36
87 67
22 13
66 30
49 29
20 20
77 64
42 50
59 10
18 43
4 83
98 68
47 54
91 93
49 90
62 31
61 80
88 81
10 55
87 34
18 4
73 9
63 6
43 23
76 38
44 14
47 32
35 61
87 37
54 50
88 82
66 44
36 23
15 12
65 31
89 52
65 73
83 75
69 25
57 78
35 19
69 87
87 16
28 9
31 58
55 82
81 81
78 30
12 36
49 59
62 92
8 7
14 31
65 35
61 4
88 60
42 37
17 34
73 68
92 42
86 15
41 84
20 28
67 14
91 59
43 84
25 56
97 28
88 63
47 87
51 83
62 54
99 22
54 21
51 44
57 81
8 24
57 96
63 74
97 81
9 88
85 82
48 13
95 36
63 47
30 39
38 48
30 89
22 89
37 7
38 10
10 78
26 41
95 24
64 70
17 36
2 31
67 11
37 2
45 25
24 80
40 72
80 39
65 75
78 36
33 50
66 1
55 56
78 59
36 87
74 97
86 84
8 12
34 41
40 26
81 47
37 87
45 15
9 45
58 31
46 93
70 9
35 53
6 28
26 87
42 92
11 14
29 1
56 70
97 29
73 92
86 18
6 94
21 84
14 22
80 71
67 3
76 79
88 11
50 5
87 90
80 78
81 55
41 21
93 73
87 95
55 65
8 92
62 8
41 72
59 26
6 27
53 27
88 8
55 43
14 35
69 48
36 73
47 28
36 69
20 93
49 52
24 31
83 86
88 16
75 97
91 47
63 34
72 64
71 23
92 52
67 4
52 63
86 38
11 55
49 43
71 66
51 27
87 96
42 11
12 8
99 2
61 13
8 98
65 58
3 15
86 41
30 23
46 69
50 16
58 27
20 12
91 25
58 7
14 5
96 42
43 2
22 78
36 62
29 7
47 43
48 31
82 71
63 77
52 1
48 95
84 67
14 69
93 91
10 13
94 92
55 23
1 52
33 38
66 93
69 49
93 43
35 67
44 46
63 38
60 17
65 94
69 83
37 50
18 74
24 3
12 44
15 26
99 60
13 9
27 4
49 89
96 36
78 97
49 17
43 70
50 54
52 6
98 37
90 66
32 91
74 58
90 21
18 51
57 69
64 48
40 53
39 65
45 3
46 1
65 98
34 81
78 47
52 81
9 28
58 15
44 84
14 7
16 15
90 64
67 66
38 5
88 20
43 22
31 65
91 2
75 78
93 44
62 4
26 78
53 94
57 57
0 97
4 60
50 28
71 2
99 42
70 7
94 24
3 72
32 20
47 59
55 44
6 5
0 48
24 9
94 38
30 61
78 21
74 60
41 78
77 96
8 62
33 11
36 15
33 53
97 56
88 55
51 21
97 78
40 52
90 89
99 55
51 76
24 15
84 86
82 69
12 78
9 78
37 14
80 45
30 83
54 11
51 65
23 28
89 99
91 66
23 35
15 47
73 43
30 65
83 63
15 84
81 16
74 25
66 16
92 54
48 16
72 36
16 5
75 79
63 18
25 34
66 94
4 56
49 21
93 46
79 84
34 66
28 24
69 98
21 16
19 22
7 99
84 55
1 64
53 72
44 50
4 89
46 2
44 57
79 82
19 60
36 36
87 7
46 35
49 54
88 6
63 70
25 83
43 72
76 99
24 82
93 29
20 21
44 31
42 61
82 0
32 38
76 71
48 30
78 28
38 39
23 37
61 6
66 0
78 18
80 85
71 21
2 9
15 10
35 24
15 2
14 18
2 34
85 97
76 33
20 3
28 29
37 69
34 27
82 90
74 73
29 50
94 79
13 51
62 17
35 76
35 57
42 43
37 97
39 7
68 56
6 25
31 16
53 6
4 39
98 61
48 43
33 14
27 58
36 53
44 52
43 36
80 75
97 88
63 35
90 51
57 40
11 61
20 40
81 72
62 70
31 9
77 20
19 73
23 10
17 41
96 4
35 15
35 98
95 59
68 69
70 59
75 5
46 23
74 71
71 97
77 63
86 47
14 21
87 77
38 76
71 9
17 81
58 68
83 88
21 28
86 28
44 68
95 19
62 55
90 49
41 63
20 74
96 72
78 60
59 52
61 55
44 45
50 0
91 46
59 83
14 11
41 4
10 25
60 41
54 34
15 83
43 24
49 3
9 14
82 3
32 94
18 2
52 49
76 11
63 57
63 26
79 42
88 89
42 80
46 74
67 40
49 14
29 25
33 12
36 27
52 39
5 1
38 49
42 72
5 65
24 84
15 62
5 23
50 52
63 19
0 42
64 81
36 51
63 27
46 11
68 14
95 88
36 76
43 37
6 72
3 36
46 8
56 73
61 91
39 68
93 83
45 95
17 30
15 52
95 14
43 50
87 52
93 34
12 66
83 87
66 18
5 54
0 18
24 77
83 49
30 31
24 10
69 19
11 13
1 88
5 31
39 62
49 94
53 62
14 15
65 61
12 99
49 0
92 40
46 27
80 43
43 52
22 93
5 0
79 62
69 78
91 92
92 92
56 67
87 12
87 55
21 14
55 80
27 78
78 29
10 99
36 9
56 4
73 58
96 69
85 19
56 11
1 84
80 63
35 8
27 52
42 59
87 10
69 22
3 32
59 77
10 16
59 7
44 70
16 82
66 59
11 2
92 63
74 50
51 10
30 58
41 73
84 29
66 92
40 10
73 54
60 91
25 39
66 97
22 5
5 32
21 47
62 74
66 67
96 34
81 10
74 78
71 11
7 21
91 55
32 90
68 27
56 0
38 41
19 45
59 44
20 70
77 27
34 2
93 6
82 49
89 72
72 80
87 14
14 97
9 53
14 88
58 79
38 7
73 13
39 95
89 50
69 21
57 6
73 49
84 56
50 91
94 53
84 42
72 52
30 42
67 80
84 40
28 62
8 70
20 64
62 61
94 12
98 6
49 13
32 17
30 19
92 20
95 17
39 88
20 13
1 70
81 99
15 75
26 67
85 29
97 89
70 21
55 60
46 58
58 82
21 23
96 47
48 98
15 67
88 31
74 10
60 66
37 21
81 32
33 32
35 0
78 38
44 81
16 2
76 27
4 12
71 76
32 2
10 47
50 97
71 45
82 87
61 81
37 42
66 38
52 57
92 57
59 29
11 82
1 83
8 19
47 12
40 75
31 19
33 85
19 44
0 82
1 69
17 1
37 35
61 11
4 84
7 1
53 16
16 97
60 9
9 41
95 9
24 60
99 72
62 5
87 40
85 3
7 8
10 74
58 70
14 80
96 82
7 92
28 74
9 23
62 93
23 82
6 60
14 37
31 4
97 44
97 62
62 64
75 39
53 67
7 35
38 19
77 66
34 90
28 14
94 48
94 43
52 29
32 97
59 12
38 16
64 64
71 39
61 29
69 31
57 53
78 77
41 23
7 52
84 61
55 17
63 43
85 50
62 0
60 99
45 96
55 76
11 18
84 48
4 80
47 69
75 55
79 4
9 46
65 43
99 6
4 55
23 85
36 78
67 98
78 64
24 99
7 94
22 80
85 74
10 34
1 34
19 39
51 37
97 0
59 97
9 22
13 28
40 27
48 47
63 33
4 47
6 68
76 43
46 37
82 8
37 20
5 34
4 19
98 49
73 93
29 22
84 58
95 67
92 5
50 12
78 83
75 70
59 99
60 82
79 86
79 40
80 65
92 2
49 10
36 71
90 90
54 79
33 94
68 79
26 62
75 27
10 50
62 38
46 55
10 48
51 94
21 82
27 6
19 84
54 62
94 65
78 70
78 41
0 69
83 35
84 19
77 54
50 7
86 23
50 47
23 51
67 88
20 88
42 15
83 64
4 23
59 36
25 0
96 94
7 29
98 82
44 77
40 31
23 54
60 61
32 96
69 92
67 85
40 95
52 67
80 53
87 58
80 94
26 98
77 91
93 64
6 37
65 66
45 74
9 69
63 32
19 97
23 46
64 76
0 35
96 46
43 82
5 12
24 43
47 24
42 73
20 25
96 59
71 95
67 54
71 90
95 77
16 75
84 5
69 29
81 91
33 7
71 7
76 75
77 82
83 83
57 76
28 27
80 59
37 28
23 59
17 29
87 35
18 44
30 81
48 96
90 14
70 45
7 60
82 84
1 24
27 8
47 84
33 25
29 65
54 65
69 61
62 85
83 76
19 26
20 77
4 9
70 67
54 24
53 45
62 78
60 55
96 62
28 97
5 73
40 1
12 77
76 5
6 92
30 55
72 38
65 87
37 70
35 17
77 38
3 93
42 65
7 65
47 92
38 15
50 94
7 41
14 86
57 16
47 99
51 7
60 92
27 65
54 96
68 1
8 22
3 58
1 67
57 1
60 59
18 1
5 97
57 22
37 36
66 66
26 1
67 30
86 52
81 85
53 95
76 20
82 42
98 43
20 89
50 43
38 70
40 99
14 78
34 73
28 3
59 46
61 68
70 13
70 2
68 98
56 81
57 0
72 39
47 8
58 38
67 13
67 91
97 12
56 2
0 21
4 74
63 88
90 67
15 23
52 0
8 89
18 96
19 85
25 98
39 63
95 87
29 41
7 46
93 15
13 19
25 10
37 67
68 66
25 67
82 47
26 28
21 90
54 82
17 82
71 5
23 38
26 83
54 77
0 14
0 63
84 4
7 91
12 34
98 67
74 18
63 66
16 45
2 48
60 38
35 80
94 82
9 58
31 84
78 84
90 71
70 29
96 49
64 42
80 54
30 82
68 45
5 2
74 13
9 60
12 58
76 95
32 58
39 35
17 44
79 3
52 84
78 1
79 28
85 30
23 72
2 46
13 40
17 75
96 21
95 7
9 35
80 51
66 8
41 3
52 79
64 26
48 77
90 53
84 54
45 19
4 28
33 61
57 66
59 93
42 47
73 23
27 9
2 8
56 77
83 22
51 43
80 81
45 88
51 26
84 65
21 53
43 89
96 79
67 67
37 44
84 22
34 14
5 50
12 51
47 39
79 56
3 70
13 71
94 25
0 2
6 4
84 0
50 53
13 54
86 26
50 45
95 35
58 98
36 82
33 26
54 95
9 32
34 6
67 34
45 94
29 32
72 78
13 29
52 41
56 37
59 47
30 94
44 28
8 36
2 54
61 53
29 3
58 1
39 54
49 33
35 64
48 1
88 45
51 50
38 24
0 22
74 87
82 14
12 95
39 9
74 17
64 16
34 93
14 76
18 82
49 87
39 86
87 65
3 76
77 84
73 52
58 80
48 64
99 73
96 28
90 46
60 96
76 4
75 94
10 64
3 52
74 26
42 25
3 2
99 10
29 16
82 57
79 13
89 89
22 23
25 7
85 41
80 2
21 68
13 22
90 34
3 46
88 75
10 80
61 47
2 24
17 55
13 41
30 33
33 66
13 86
50 1
10 2
7 93
43 13
49 24
24 71
11 9
51 14
80 95
56 32
22 32
51 40
44 85
98 77
2 22
16 24
27 33
34 83
61 39
50 85
22 12
2 29
20 85
99 9
85 35
56 12
85 22
87 70
6 6
13 18
24 23
18 0
81 23
36 39
79 78
8 10
99 80
54 38
4 53
40 71
49 67
59 55
28 69
12 84
41 40
37 37
14 28
87 63
79 41
95 92
49 56
38 87
67 60
74 56
7 3
36 30
67 71
66 52
60 29
99 1
21 21
35 33
77 15
78 68
67 27
99 50
65 30
34 42
86 59
98 76
11 83
56 20
78 12
9 80
12 37
26 72
60 62
96 20
38 61
21 33
29 5
61 8
59 18
73 18
47 78
28 71
23 1
93 45
37 10
37 81
18 54
91 67
18 87
80 13
65 69
68 18
67 36
21 17
81 13
37 8
70 8
70 48
86 69
95 10
22 63
45 42
76 57
78 61
38 92
14 82
21 92
22 24
99 15
66 60
37 48
57 83
24 75
84 73
15 9
86 51
29 49
72 43
90 23
5 56
66 64
31 17
51 64
51 28
29 57
22 42
65 51
74 76
82 22
44 58
23 25
14 40
86 95
98 14
98 85
44 24
18 23
56 80
40 24
49 70
31 91
17 84
57 11
19 38
66 83
12 80
23 62
90 8
11 76
87 5
79 52
11 60
71 1
4 33
27 46
45 16
92 89
91 10
56 66
46 12
67 90
40 84
61 60
78 62
38 58
83 16
10 76
31 3
60 2
77 55
48 22
47 48
12 87
86 75
32 1
27 85
39 76
97 60
68 84
86 91
91 89
51 18
61 1
67 6
49 40
34 77
44 98
34 46
82 33
36 61
19 76
2 42
9 52
82 98
49 41
12 54
1 48
46 67
86 43
55 94
22 26
26 52
17 38
67 7
0 76
45 6
28 67
25 58
21 99
44 91
23 6
72 18
90 87
94 96
63 91
98 65
55 45
45 46
38 88
27 87
26 95
72 98
0 74
83 95
33 86
99 12
75 52
99 94
82 28
91 22
24 78
19 58
39 87
29 70
47 1
40 56
34 53
59 51
40 30
2 14
80 37
87 91
86 13
71 67
76 70
12 69
81 25
37 71
40 44
11 36
47 21
40 20
32 65
41 75
96 26
27 68
50 89
75 10
0 72
90 81
59 2
73 97
65 81
83 50
20 61
39 36
30 78
26 33
20 42
76 32
37 83
92 23
3 30
95 51
87 94
50 21
3 64
40 57
37 41
80 14
20 99
13 57
82 20
15 46
97 75
96 77
35 82
86 62
61 67
19 80
32 31
59 28
55 52
81 12
91 52
78 24
97 86
38 34
42 88
55 49
20 91
28 15
38 57
64 27
28 60
88 54
74 35
52 86
23 39
76 40
79 91
10 15
43 67
79 39
27 27
46 10
89 34
24 18
97 97
95 91
87 43
5 85
98 45
53 48
70 97
59 37
21 3
67 69
9 71
35 5
78 15
16 80
18 38
90 94
79 68
35 68
18 45
90 25
27 7
58 21
45 75
15 50
49 86
32 35
62 89
10 93
48 39
35 47
49 7
68 47
91 20
39 59
43 43
6 88
80 82
7 58
53 65
35 38
25 63
83 33
78 99
82 63
14 47
90 48
18 67
8 77
6 73
85 1
44 51
98 88
79 22
81 20
47 65
58 8
74 20
71 51
91 3
40 34
70 71
33 73
5 89
94 56
41 82
96 89
80 30
33 3
25 41
59 90
39 23
23 79
24 66
81 96
6 50
44 94
65 95
47 61
85 18
1 45
36 65
34 98
42 51
94 33
0 56
97 6
50 44
32 19
46 16
29 74
61 33
2 44
91 0
99 64
78 96
46 97
60 73
64 50
86 29
75 9
70 38
36 66
54 69
51 79
45 12
41 38
93 78
28 46
70 56
47 50
14 96
98 40
63 42
65 92
44 10
59 27
62 95
66 43
2 37
68 95
74 85
40 60
60 97
53 18
22 90
63 65
7 39
72 45
68 48
28 92
6 80
46 17
79 34
22 11
9 83
70 78
34 59
6 21
62 94
8 97
72 83
49 11
53 5
48 35
99 24
53 41
20 48
37 32
45 90
88 41
14 91
64 51
19 36
69 20
60 15
53 69
68 19
54 71
33 78
77 7
10 35
67 25
68 44
15 55
26 42
14 90
19 11
19 24
25 42
27 53
31 73
75 19
34 67
51 66
5 64
57 59
45 81
79 11
80 60
20 56
11 35
80 18
46 6
93 90
47 51
89 56
21 13
73 65
78 90
5 66
61 43
65 16
46 5
25 53
92 78
67 89
60 63
37 25
21 86
89 21
42 36
34 78
89 25
92 45
48 5
77 11
34 0
36 10
37 73
75 42
67 82
19 14
81 61
12 98
22 9
62 34
17 65
77 62
41 74
45 28
46 57
22 53
65 46
79 61
7 76
35 6
62 32
31 88
78 48
91 21
49 55
4 45
94 41
5 47
57 95
57 91
41 61
70 30
41 80
53 66
28 26
93 12
13 76
31 56
92 3
49 38
45 17
61 42
68 42
79 99
13 91
98 30
4 87
32 72
4 14
77 42
40 15
41 43
43 41
29 71
79 98
74 11
35 72
29 44
82 48
65 21
22 7
5 46
14 32
54 30
48 81
13 11
86 76
99 45
31 53
66 73
8 13
44 0
2 65
23 76
22 72
65 17
49 97
57 19
43 69
72 94
6 84
6 8
73 99
17 71
93 16
70 57
34 5
42 87
28 10
23 2
5 99
11 7
83 23
16 96
67 93
43 44
20 97
17 28
52 26
94 42
49 83
84 43
94 88
28 45
22 52
75 72
53 75
15 39
32 0
15 88
36 84
73 70
27 22
67 61
45 84
47 6
96 98
40 82
54 35
36 1
91 35
94 68
58 74
42 93
69 42
19 31
29 99
41 59
97 23
87 72
30 6
3 20
17 3
62 10
16 1
52 56
39 46
93 42
20 57
0 88
36 32
78 14
75 92
7 96
4 81
56 93
7 40
65 24
21 80
55 70
58 61
91 40
93 99
40 3
14 48
10 14
73 46
8 1
46 87
92 24
46 80
92 22
8 56
81 97
96 85
38 0
23 92
84 77
33 46
53 14
7 7
70 79
59 82
63 87
84 35
32 24
34 92
80 42
74 61
18 68
43 75
27 82
24 65
80 23
35 9
8 59
89 24
81 68
50 11
14 53
67 35
47 20
58 13
78 37
27 75
94 31
6 91
87 17
77 33
67 95
71 47
41 30
24 68
43 91
26 5
34 57
41 58
0 81
28 5
83 4
89 6
32 12
8 28
42 71
95 26
94 76
17 9
39 29
9 81
31 43
74 72
44 75
1 87
59 49
19 88
32 82
22 10
41 2
70 27
50 81
43 62
77 60
4 77
45 86
97 35
2 12
69 11
43 25
36 24
89 1
30 15
17 4
96 56
42 26
22 56
56 6
34 19
58 11
25 82
8 48
40 73
44 62
61 86
36 8
94 23
47 83
65 85
71 75
87 11
25 94
38 56
94 59
10 96
83 47
49 50
30 38
62 60
40 74
94 17
37 52
7 45
32 27
38 95
62 24
89 84
51 1
11 8
33 48
1 86
21 59
86 5
11 6
80 62
99 40
11 12
90 22
90 9
20 68
34 86
44 90
58 42
85 47
99 21
54 36
93 95
16 66
36 55
68 29
82 6
36 38
82 93
70 19
2 99
23 96
61 28
87 68
30 51
8 51
88 40
59 11
28 87
57 34
24 72
15 19
41 81
97 63
62 73
32 6
23 45
37 45
59 22
80 92
38 6
3 49
91 9
90 24
85 57
75 0
74 88
37 92
4 68
13 90
46 32
10 58
69 64
19 83
97 54
50 83
54 85
26 94
89 83
64 4
65 71
92 25
39 94
93 10
19 33
35 39
40 46
64 80
59 43
4 71
66 85
31 76
71 22
17 37
82 89
50 86
9 42
14 4
1 36
39 75
36 12
1 2
53 4
5 80
56 65
13 77
61 71
85 23
95 5
70 61
40 7
61 96
78 73
24 87
25 87
45 24
67 86
8 93
94 39
75 96
95 40
82 21
58 34
51 25
24 57
71 74
18 25
28 25
65 63
5 35
49 69
95 8
88 96
50 64
52 30
88 42
81 33
97 27
19 12
82 55
5 43
84 83
90 57
51 81
84 49
14 51
39 53
57 15
48 53
54 15
67 42
67 5
30 68
71 54
7 90
70 86
48 51
69 38
92 55
35 46
15 82
68 34
29 84
2 63
34 69
78 71
31 0
90 12
11 75
81 90
55 89
0 7
93 56
17 56
19 35
80 40
49 37
32 10
13 62
62 80
46 39
82 51
93 69
58 64
45 73
30 80
70 22
51 97
88 73
68 28
1 23
59 20
49 35
70 77
44 59
64 24
26 15
22 83
12 2
76 59
55 35
71 18
68 20
68 17
85 78
67 37
59 8
68 73
65 20
64 41
99 67
47 75
0 17
47 68
94 14
45 35
7 0
4 99
12 9
1 58
73 6
31 41
14 27
77 56
69 88
96 55
18 36
42 62
50 92
20 82
96 58
41 77
42 63
85 51
83 58
86 92
96 10
6 95
87 28
96 0
83 71
11 74
45 55
75 2
91 36
55 18
32 93
75 65
0 38
25 24
7 48
6 51
84 34
14 26
99 76
25 28
79 5
29 31
58 12
21 32
48 65
13 1
28 78
98 90
70 98
14 98
17 35
64 28
37 55
35 89
2 87
38 36
52 96
46 63
65 47
30 52
28 57
90 96
4 41
20 8
53 26
93 23
31 63
44 54
35 20
99 66
37 90
55 8
83 89
67 8
24 64
69 94
93 24
9 49
45 47
54 46
39 67
0 62
59 92
32 45
74 84
90 3
84 76
22 17
79 55
26 26
75 85
66 55
32 53
2 52
52 2
81 40
1 38
98 8
12 56
42 30
25 49
5 76
78 5
28 31
31 50
80 91
62 58
11 65
71 58
97 41
71 84
74 38
81 36
53 47
16 64
0 98
87 75
44 38
32 87
63 17
52 61
60 60
9 92
76 28
79 8
94 99
25 44
13 21
33 65
92 81
12 55
77 67
23 86
91 82
25 45
8 95
56 98
6 67
12 1
59 89
71 78
92 48
34 61
83 12
13 24
3 37
31 81
76 15
21 42
30 28
79 60
31 75
20 6
12 49
61 98
94 77
84 38
71 30
19 7
22 20
84 25
24 62
3 6
4 66
92 10
22 14
94 0
52 18
50 25
13 66
88 46
65 78
81 82
31 15
38 84
80 57
75 16
86 48
32 64
41 85
27 39
32 16
81 41
94 3
10 39
25 48
68 85
56 40
60 35
2 74
41 46
35 55
41 5
62 11
20 96
2 47
79 0
33 19
9 90
35 25
30 0
19 23
56 72
28 59
35 10
72 99
66 29
30 45
54 27
39 2
88 29
87 23
2 67
54 94
87 59
91 62
64 78
19 90
85 33
99 78
15 97
67 65
31 46
28 48
84 90
64 10
24 79
58 83
57 58
53 25
66 46
49 58
68 90
52 93
80 20
57 51
72 27
12 21
34 91
46 49
38 37
62 68
52 70
13 97
67 62
32 71
58 20
3 96
89 44
77 21
26 90
4 42
0 36
49 42
31 51
25 59
73 81
24 33
78 66
29 78
65 40
32 95
14 38
80 4
14 45
6 87
75 41
83 54
39 44
57 36
5 93
63 62
41 66
78 13
8 72
89 61
76 7
46 68
17 0
75 25
78 11
23 40
77 14
28 4
35 99
75 29
69 39
65 57
92 38
8 29
31 96
66 84
43 99
35 78
2 27
21 7
37 74
47 5
46 64
72 7
8 35
3 79
53 88
27 91
61 22
79 95
33 75
72 10
33 68
64 1
28 7
45 82
66 76
90 55
66 54
48 91
59 81
41 7
21 46
20 11
96 6
29 48
34 33
70 20
68 64
88 5
11 41
29 24
42 78
41 15
14 83
7 30
5 18
88 76
24 89
85 44
64 3
65 64
13 47
78 31
23 99
58 77
79 26
20 43
45 32
30 79
38 55
35 36
16 70
32 79
90 82
32 47
68 59
38 96
92 98
0 54
3 41
40 23
34 13
39 16
89 47
11 38
13 23
21 61
17 16
58 6
93 59
71 82
30 24
58 53
66 41
54 10
5 53
70 96
75 35
14 87
32 75
26 29
49 36
68 38
55 50
24 35
53 98
44 88
94 94
9 37
83 21
5 15
20 65
75 86
46 98
69 51
91 6
80 83
17 86
90 95
79 64
83 32
14 84
64 73
1 42
32 21
28 73
15 81
47 34
20 59
2 43
6 62
80 93
11 33
60 67
12 42
45 58
14 39
29 82
92 26
64 83
32 8
31 71
39 6
60 94
35 42
77 89
33 54
94 36
68 63
22 60
57 79
4 25
96 1
6 96
55 59
82 77
57 5
55 71
31 94
35 93
71 26
16 36
32 25
62 29
46 95
47 0
31 97
21 72
87 0
92 96
50 29
26 69
4 76
84 46
78 8
26 56
62 16
99 23
60 89
51 39
69 15
2 56
57 70
69 1
95 73
74 89
79 19
81 18
98 9
17 50
48 27
2 86
29 95
77 46
53 44
71 27
47 86
14 60
92 28
79 76
93 36
75 1
75 56
54 86
26 11
89 3
19 29
4 40
54 73
58 54
57 88
0 70
56 94
80 49
32 62
35 56
31 68
39 97
62 7
24 98
31 18
76 46
38 43
26 2
19 50
4 24
86 22
70 83
73 34
12 41
56 68
86 93
43 64
33 62
76 50
8 94
79 85
12 20
8 99
45 72
46 62
42 90
4 11
85 98
42 0
14 43
76 81
65 89
85 73
96 68
95 39
57 49
6 19
38 94
7 50
70 4
13 85
10 3
55 25
65 50
64 13
3 0
41 69
26 65
60 23
5 91
91 63
27 11
93 3
66 20
90 78
96 63
85 32
4 52
35 97
96 41
87 76
94 54
68 97
2 1
23 24
21 43
59 71
97 79
53 49
41 36
51 70
11 68
89 55
11 30
59 9
5 39
94 18
45 29
76 12
80 11
83 11
51 88
94 86
3 3
63 0
80 70
92 4
60 69
42 55
44 32
10 87
88 74
11 5
10 63
22 37
9 29
47 70
48 37
79 77
78 10
76 30
24 58
67 78
77 22
71 53
1 31
58 65
13 67
85 68
66 98
27 31
10 79
16 19
16 43
99 54
52 3
50 69
67 38
13 53
22 40
51 17
80 34
55 55
34 82
32 11
61 34
71 20
11 0
40 5
18 46
9 96
99 16
26 0
15 91
92 95
52 17
14 99
70 33
51 11
91 69
3 14
4 26
29 62
85 54
24 41
79 48
47 31
46 77
56 9
65 29
19 53
3 29
40 90
57 24
51 51
53 68
61 20
53 1
49 81
87 21
72 14
15 63
62 1
95 13
12 53
77 75
36 86
36 57
87 15
54 19
83 38
84 45
83 6
72 74
30 26
26 96
97 76
84 71
13 84
96 54
48 46
14 73
20 35
96 92
89 63
53 89
41 52
64 45
75 51
27 43
27 97
98 33
72 56
46 13
94 87
49 80
49 23
13 10
64 60
68 0
25 81
59 21
86 60
95 75
32 84
0 51
6 49
98 39
69 99
37 60
30 3
2 7
58 56
46 51
22 95
35 94
12 47
47 36
16 46
80 98
72 61
10 53
60 72
16 90
65 25
48 54
33 21
78 34
79 20
99 37
0 96
66 10
15 33
19 8
95 84
60 37
31 6
62 47
43 5
81 93
54 28
54 55
74 45
59 3
10 38
95 68
30 91
16 9
33 47
22 1
33 16
30 97
29 77
29 8
2 66
12 76
73 10
84 57
85 2
99 8
27 74
77 9
56 43
40 67
25 15
90 62
21 97
86 81
63 40
94 22
41 22
28 36
87 31
19 86
57 67
67 83
37 96
82 16
5 21
53 83
3 67
45 50
74 21
15 15
92 79
82 52
12 31
98 92
36 0
13 64
20 98
34 24
47 95
66 56
45 48
67 32
28 6
35 31
29 21
4 5
57 89
48 0
80 97
16 84
72 9
39 11
16 91
35 7
69 67
50 8
95 61
23 64
42 95
21 76
75 59
57 92
18 10
72 40
96 71
14 65
97 46
1 61
6 48
40 36
52 97
35 87
56 48
49 1
86 55
93 74
13 70
82 74
63 50
38 72
52 21
28 21
93 61
63 99
42 34
36 34
50 4
36 59
39 0
26 58
51 99
99 20
57 75
56 46
34 30
6 22
82 32
62 2
60 46
79 33
54 23
55 19
91 72
23 83
77 78
32 80
68 54
79 54
97 91
5 67
53 60
89 33
59 73
85 10
98 59
69 35
87 80
58 78
6 29
30 70
89 78
32 89
7 31
53 35
71 49
62 15
94 90
30 88
30 84
1 99
34 40
68 83
10 57
13 72
74 37
12 13
8 82
97 50
20 47
10 54
2 6
61 18
17 74
57 52
37 75
45 57
33 74
69 6
47 41
29 93
88 49
95 12
71 37
93 86
8 6
40 13
0 75
16 26
10 84
11 37
48 21
5 58
41 95
19 1
31 37
8 45
72 75
5 33
0 13
67 63
41 34
28 35
83 37
15 1
63 28
92 44
3 11
64 97
76 92
95 4
73 79
73 87
78 55
71 19
66 3
21 62
16 39
49 91
39 81
61 76
51 47
49 93
29 68
78 92
77 39
28 11
85 90
80 76
20 2
89 29
0 90
69 63
19 49
38 97
49 26
64 79
45 49
55 21
27 36
76 10
74 24
26 30
52 9
27 24
59 63
55 87
17 91
30 92
30 56
16 65
27 80
24 30
26 13
51 60
93 81
70 80
74 75
58 72
62 39
83 92
44 97
24 12
49 2
48 67
63 25
70 88
77 59
15 48
76 22
57 42
72 33
76 66
72 5
63 98
0 92
26 80
38 75
42 77
42 5
4 34
96 81
44 27
93 14
36 81
14 6
39 98
62 86
22 0
29 51
4 0
97 21
4 8
30 41
34 1
53 32
25 89
35 73
22 77
54 64
86 31
74 19
48 23
47 35
56 36
29 6
98 15
92 43
9 73
57 21
91 57
79 92
3 27
62 90
39 74
39 99
59 23
24 34
40 37
89 16
46 96
76 53
25 4
73 0
74 86
36 93
31 70
16 12
22 79
91 38
31 45
51 23
25 91
26 40
93 65
64 54
51 73
2 23
23 63
34 89
67 56
78 26
1 94
28 93
34 87
35 75
8 71
83 46
77 94
57 93
45 56
90 59
63 11
13 46
4 75
20 55
34 43
64 31
60 4
22 92
40 11
57 2
76 29
90 86
4 13
56 38
43 53
85 59
70 90
53 37
68 51
38 4
93 49
17 70
30 96
31 98
45 80
24 86
25 55
41 54
79 53
17 80
56 8
43 40
23 52
96 45
70 49
83 78
50 90
95 95
17 72
31 64
65 91
2 13
54 8
99 32
15 4
44 3
97 8
79 59
92 60
70 43
11 15
34 23
62 67
63 80
79 51
84 30
53 12
0 0
75 99
69 44
77 90
44 53
47 18
16 16
56 19
86 45
93 22
61 95
70 52
81 43
62 3
88 90
93 28
57 65
37 29
31 7
42 6
9 8
19 67
14 12
64 11
11 77
72 92
79 27
25 77
3 89
53 30
29 98
68 11
79 72
33 87
20 7
95 90
97 37
64 21
48 38
50 37
22 64
33 82
45 26
11 49
19 25
8 43
12 65
72 87
5 8
43 94
39 92
34 84
74 33
6 23
10 97
26 77
69 45
1 25
51 84
8 46
41 88
1 19
41 0
81 2
24 6
84 89
29 12
23 50
99 70
25 65
97 34
14 34
51 85
70 40
32 13
30 27
30 5
36 7
48 87
5 82
56 52
59 66
45 20
76 17
40 42
55 14
87 66
52 11
1 41
7 47
94 55
49 82
19 69
49 16
72 89
38 21
43 9
45 93
52 65
61 94
27 63
37 85
85 20
75 45
58 94
95 16
69 37
38 65
0 93
25 66
53 87
98 20
83 82
85 26
18 50
66 21
50 32
88 37
19 87
53 29
42 52
14 59
42 29
81 98
16 85
1 74
11 25
83 60
3 24
69 23
71 10
25 11
54 93
49 30
20 87
39 66
30 77
58 66
94 73
63 1
38 82
91 97
96 44
26 17
83 13
93 67
81 11
32 77
25 51
34 80
44 13
9 84
98 35
15 3
23 20
29 90
25 54
92 97
35 71
78 25
58 99
74 67
50 17
98 11
48 49
18 89
7 70
23 88
17 23
11 20
22 8
82 40
5 98
21 44
65 96
88 12
71 87
84 70
1 57
13 5
24 0
11 97
23 15
25 88
30 49
70 64
30 43
54 87
33 10
59 75
80 77
9 89
40 47
58 97
63 83
88 95
7 74
95 63
35 62
32 41
29 97
61 62
1 78
55 47
9 68
71 28
0 85
81 59
67 10
65 83
15 0
72 67
24 56
59 38
57 14
77 13
56 44
76 39
74 90
77 47
70 42
17 8
86 56
78 43
58 43
20 34
89 23
57 37
47 91
58 3
30 37
82 67
45 33
4 18
37 5
9 2
30 9
15 32
60 74
27 92
33 97
75 31
26 6
57 84
3 77
41 28
18 57
29 42
92 74
79 58
81 34
68 67
11 47
4 38
75 89
2 45
77 97
42 14
17 97
68 53
49 79
81 0
29 72
8 87
6 14
99 99
44 56
63 64
75 98
66 88
95 54
61 45
89 82
42 70
10 37
89 98
98 32
9 61
32 18
14 56
67 24
54 74
91 79
51 82
24 74
77 70
50 87
35 4
15 69
29 91
49 72
63 60
39 33
86 8
31 26
2 90
7 87
50 15
45 91
1 72
77 85
47 26
28 84
51 34
93 50
0 95
79 79
99 41
50 34
73 20
35 60
57 46
30 99
74 79
30 17
78 9
45 59
28 51
68 46
60 50
40 39
12 25
82 12
44 40
5 87
73 42
97 13
31 38
71 33
56 28
32 85
13 99
1 3
54 54
6 18
41 45
50 70
63 95
93 21
15 40
1 53
7 14
43 93
95 15
45 43
92 13
81 75
95 44
70 36
56 39
52 23
31 59
62 49
60 8
53 57
7 33
61 66
77 28
65 32
70 24
65 88
20 9
17 85
50 82
60 30
73 86
23 80
39 80
10 7
13 26
39 4
8 44
40 32
65 80
59 95
51 48
2 30
2 21
59 31
23 14
38 33
28 1
8 52
10 28
8 33
54 75
2 71
71 32
86 65
28 19
69 16
49 53
19 27
23 34
2 85
62 62
90 20
97 52
84 68
2 50
98 36
5 42
47 19
10 95
3 10
26 48
45 9
43 39
30 50
47 16
30 35
95 28
81 92
64 49
17 14
5 6
52 27
28 28
25 69
35 30
52 75
77 0
46 94
87 33
59 84
16 53
46 36
14 8
62 14
74 92
39 25
17 63
28 88
54 72
35 44
99 90
76 74
13 35
19 54
39 91
75 46
34 49
95 21
59 67
69 3
73 88
12 14
4 54
65 39
40 62
42 67
95 99
58 17
82 73
19 98
11 3
24 51
27 99
89 74
4 4
70 1
62 12
35 69
37 98
36 83
97 68
61 40
51 80
55 2
67 2
93 96
84 18
73 26
44 7
48 75
46 25
17 31
58 0
56 35
84 81
80 12
20 4
13 73
51 29
56 42
55 10
12 72
63 20
93 70
98 17
67 51
70 6
17 40
14 36
3 82
60 21
3 53
21 39
48 62
6 41
21 88
46 46
54 41
3 75
70 17
87 64
57 73
82 39
73 4
5 75
24 44
8 68
74 83
48 10
66 39
37 47
9 79
86 9
1 30
27 16
66 69
84 64
98 98
69 55
72 34
84 16
95 0
48 26
81 14
6 89
72 73
92 87
56 3
57 54
82 66
27 64
66 24
2 78
1 55
8 30
84 92
22 65
51 30
37 89
88 71
89 54
36 25
74 8
34 25
44 29
96 25
66 4
46 66
75 84
2 92
94 97
74 46
73 27
91 85
90 4
34 60
72 13
23 32
95 69
63 22
91 86
58 48
21 37
84 80
98 38
1 49
18 13
66 77
99 84
57 35
11 64
6 26
89 27
41 93
83 36
0 40
9 54
2 0
48 33
54 9
2 95
49 47
65 26
80 84
67 84
68 70
60 88
99 74
22 18
96 24
38 13
81 26
86 64
10 91
64 17
80 69
70 51
74 4
5 61
17 60
81 30
25 72
41 27
35 54
6 54
22 75
45 10
30 14
48 17
42 94
83 42
28 39
99 56
11 93
28 20
97 45
58 95
64 14
92 17
19 79
95 79
66 51
66 82
35 34
54 61
26 32
37 13
34 20
57 99
27 55
3 51
73 21
65 15
89 28
45 64
77 30
67 55
1 15
71 72
0 57
94 98
61 52
72 1
2 69
65 10
24 2
17 27
48 99
75 73
84 27
20 54
43 6
36 67
53 53
99 27
7 72
71 94
12 29
19 15
49 51
24 93
26 97
54 97
86 35
18 20
62 46
67 48
33 58
88 24
22 4
91 76
23 49
54 58
77 71
12 70
29 56
37 64
29 86
61 16
60 45
85 65
76 14
42 10
74 40
14 16
23 13
18 17
81 88
73 91
22 55
50 40
92 85
53 91
73 40
95 38
40 61
46 42
16 62
21 63
13 81
80 6
61 65
32 22
14 29
69 58
47 98
2 5
37 46
70 18
82 91
20 46
61 79
7 16
65 34
17 62
74 23
36 89
3 99
1 60
41 44
55 90
0 19
33 23
13 12
80 0
19 66
15 7
80 26
91 18
76 87
1 14
92 18
86 21
50 72
52 10
48 20
43 85
26 74
34 36
72 21
68 15
46 19
23 17
97 71
85 40
72 11
28 91
27 95
79 94
73 22
6 36
85 28
38 71
59 50
57 44
6 1
42 35
99 63
90 60
18 24
52 19
27 67
42 86
91 94
18 95
2 40
89 13
12 18
79 93
77 86
74 42
83 34
44 20
96 64
77 5
74 96
29 23
24 70
27 21
47 13
43 8
93 97
88 67
29 34
61 84
21 96
65 76
8 81
72 58
28 42
97 31
92 86
57 28
22 74
78 81
18 81
9 70
9 77
79 50
53 8
75 68
39 72
48 50
91 74
44 36
73 78
41 97
19 52
42 27
88 2
43 96
27 59
85 12
70 50
69 41
6 31
17 57
5 70
9 21
15 41
28 64
9 25
37 51
18 35
46 38
60 71
93 76
55 57
11 66
50 66
67 70
30 32
3 16
17 13
66 33
31 31
89 42
47 25
3 69
72 70
48 18
27 15
68 7
74 70
34 79
42 31
6 82
85 56
51 54
76 86
13 30
54 39
45 60
21 87
6 58
59 33
61 97
72 86
60 19
69 93
58 69
3 81
95 70
96 74
95 72
88 78
1 62
72 68
13 45
90 83
87 78
99 53
99 87
35 3
81 4
21 48
92 71
32 44
10 77
89 31
91 34
17 48
89 2
42 41
30 30
26 9
35 12
91 99
74 41
34 88
80 72
22 16
99 13
96 96
63 59
35 83
95 48
95 60
4 58
89 0
96 29
76 63
75 14
87 93
32 29
39 64
91 84
76 80
96 90
39 26
15 35
18 8
71 17
48 94
95 78
14 55
84 60
21 74
8 25
50 10
91 49
70 44
59 85
59 60
72 81
18 85
22 54
11 71
12 22
93 80
65 28
17 53
44 96
79 67
56 91
7 4
92 41
23 21
92 31
68 24
49 75
24 42
60 81
56 27
53 22
31 61
15 5
66 48
53 79
92 72
6 90
40 70
62 23
83 24
1 68
94 35
35 84
54 45
10 18
50 42
46 31
47 4
23 97
90 40
77 87
53 82
55 31
30 85
57 25
69 36
88 69
40 64
73 94
26 88
56 47
53 61
46 61
27 50
75 22
13 15
39 47
85 72
55 27
24 85
40 49
33 44
1 5
42 54
37 27
22 51
74 39
11 10
89 30
85 66
41 55
85 38
74 7
23 81
71 64
14 77
87 18
68 50
90 84
20 5
25 37
23 41
30 90
8 78
2 82
81 37
62 50
94 8
63 92
12 71
36 29
32 68
10 59
58 57
30 36
48 41
68 71
20 78
82 24
60 68
34 16
75 61
51 35
33 17
61 25
84 52
61 50
31 54
59 94
0 24
4 6
55 61
23 31
82 94
6 10
18 5
3 94
52 51
59 16
48 82
39 32
89 70
1 59
45 67
68 37
2 17
78 87
66 6
0 34
80 47
24 50
85 5
48 6
44 47
52 40
3 95
21 69
26 64
15 59
12 52
77 23
12 7
57 41
24 97
5 20
39 40
19 96
43 19
64 46
18 62
27 96
56 76
95 53
21 0
51 9
7 34
88 7
60 16
53 63
77 12
47 66
23 84
38 32
62 75
66 19
1 91
81 78
42 1
0 9
60 36
73 1
21 81
81 1
79 44
8 32
89 4
63 10
14 1
64 8
4 88
54 70
35 86
95 33
9 20
77 88
6 64
15 45
4 30
3 43
74 29
27 66
73 17
13 61
56 97
15 87
68 4
57 97
18 60
92 35
21 98
36 18
0 87
38 90
11 95
47 77
63 29
98 4
5 71
26 86
97 80
27 98
37 77
93 4
42 23
14 75
94 50
15 61
16 40
49 95
60 58
78 72
66 58
93 93
86 89
50 75
96 9
55 99
51 13
94 16
61 23
73 75
94 61
74 63
33 35
55 78
16 52
60 14
79 65
82 50
56 61
22 27
6 7
46 44
16 71
61 15
33 91
63 39
10 43
19 48
88 56
5 57
25 70
1 98
1 11
96 39
13 58
73 33
86 57
61 44
25 85
26 51
78 7
72 69
3 84
47 96
63 49
37 1
83 69
21 49
96 53
42 74
77 53
19 57
64 47
36 80
81 42
47 3
91 78
10 70
50 58
69 40
62 35
10 12
37 40
2 39
32 66
87 42
27 25
88 94
32 36
90 73
76 41
81 95
83 17
41 12
12 30
49 68
44 60
45 66
83 2
17 25
56 41
35 29
9 50
42 8
58 67
12 86
68 77
28 18
68 12
21 93
73 57
94 28
78 3
50 20
65 54
49 61
64 94
35 85
21 51
12 61
11 34
37 9
42 79
47 64
83 5
93 66
76 68
1 40
12 17
40 66
78 33
78 39
98 72
78 35
6 81
50 13
25 78
65 7
51 67
27 73
43 42
9 13
10 22
52 34
95 1
95 65
15 96
55 51
80 48
92 15
40 18
25 31
39 28
56 34
4 72
93 58
70 47
47 89
72 97
64 19
64 91
16 67
9 86
78 93
63 4
90 11
67 75
58 18
22 76
61 30
58 5
55 74
71 24
66 23
76 0
69 50
46 15
91 83
82 7
99 28
58 86
45 8
47 2
59 70
19 89
38 35
9 82
68 41
15 51
79 71
76 98
67 26
47 58
24 59
92 9
94 71
28 61
4 98
14 10
5 41
68 33
2 35
95 94
72 55
51 77
71 98
32 14
21 65
33 84
70 55
38 38
93 31
66 89
31 89
84 94
83 79
44 34
53 46
16 74
13 27
70 65
9 57
32 9
39 12
67 41
30 64
72 20
61 89
44 48
28 94
63 3
83 68
0 66
60 25
91 87
91 61
63 69
50 51
6 17
20 90
51 5
49 48
67 17
88 18
43 30
12 23
94 13
6 38
62 37
10 21
15 95
93 37
35 27
38 2
37 93
80 41
48 9
29 54
89 96
31 28
6 85
77 18
30 25
94 75
9 33
54 14
33 18
11 17
66 13
2 61
35 1
58 25
33 67
51 59
51 49
44 30
36 52
12 97
94 9
73 62
20 44
66 31
30 86
45 11
46 89
30 11
77 48
23 53
37 33
97 99
76 31
30 74
37 82
63 7
33 24
90 85
65 41
56 69
65 18
49 63
90 29
72 15
97 57
8 57
94 72
24 95
62 63
76 19
57 26
98 34
72 48
81 24
81 53
35 21
20 31
19 82
4 82
16 72
60 64
98 31
56 50
17 67
69 62
64 82
97 98
56 23
29 58
91 65
96 84
37 19
62 30
23 90
3 8
14 89
50 55
72 24
94 85
31 5
63 73
85 39
21 40
23 18
30 66
99 52
26 49
77 17
33 39
41 51
84 9
37 91
25 19
2 94
61 0
3 38
88 85
86 66
93 51
76 23
62 83
88 10
40 85
83 45
13 20
66 5
11 56
18 84
20 32
60 80
57 32
21 45
65 84
28 17
8 20
83 98
39 17
56 90
62 26
92 50
40 81
97 67
89 95
16 69
98 89
40 16
15 28
71 3
98 63
28 98
63 81
68 61
64 6
85 13
81 31
94 80
16 76
99 58
90 69
53 20
4 29
34 7
64 65
40 97
84 17
6 98
55 92
94 15
6 55
88 39
27 48
81 45
19 18
21 35
54 42
99 36
27 29
31 49
70 93
88 99
14 58
94 78
52 68
51 86
13 3
69 46
20 37
74 44
20 0
96 88
19 17
84 28
23 42
24 20
42 20
92 39
44 25
17 78
57 64
28 52
75 18
38 20
55 66
91 11
11 70
83 65
13 89
34 22
90 75
81 67
10 83
13 4
90 92
21 57
87 3
58 92
71 14
89 40
5 92
27 17
61 48
74 14
76 45
4 37
56 54
88 33
58 45
3 18
96 7
60 31
24 24
85 60
2 18
4 3
38 8
38 77
85 9
55 85
28 65
26 68
91 64
58 9
3 7
17 93
18 64
78 56
93 32
77 24
90 80
6 3
13 79
4 49
41 1
57 20
61 57
72 47
94 7
20 58
54 1
99 92
4 78
9 7
68 30
74 69
34 51
27 37
44 21
13 63
87 69
74 43
78 80
99 48
84 91
43 20
54 66
19 74
32 69
99 81
55 37
29 0
63 93
6 77
20 51
79 57
74 68
70 32
29 14
52 88
16 78
85 37
90 39
91 28
42 97
39 83
72 63
4 20
36 4
86 98
80 86
96 76
34 75
96 67
9 30
69 97
48 85
98 50
65 6
13 16
62 97
6 13
50 76
24 61
96 31
61 74
74 5
85 11
89 77
9 95
21 2
34 97
98 58
83 39
44 23
82 19
13 95
53 13
31 10
52 13
1 16
69 7
13 83
4 86
3 57
79 30
25 3
51 92
66 63
93 17
14 2
62 72
47 79
93 77
70 94
84 24
5 16
58 22
19 75
36 96
5 86
61 19
56 75
50 65
27 2
43 68
42 21
67 45
19 68
86 2
84 78
79 38
29 73
96 75
23 48
53 85
92 94
88 59
3 65
89 41
71 25
66 70
15 56
95 29
70 89
36 40
86 32
18 16
98 81
85 34
28 41
46 91
51 72
38 99
67 64
58 28
70 87
19 3
46 40
23 55
38 51
40 50
88 80
21 24
32 86
41 33
31 1
52 14
84 74
10 41
45 69
4 35
14 33
65 62
8 15
82 26
63 15
76 1
82 35
18 27
6 99
83 8
81 80
41 47
34 72
70 73
51 22
83 28
51 74
68 87
82 56
29 79
14 64
51 36
33 13
35 88
45 76
58 91
15 29
41 90
64 40
71 73
57 43
86 4
64 62
48 19
73 63
38 22
93 68
5 51
66 53
23 56
94 44
59 35
73 56
15 78
11 50
48 14
15 14
87 84
47 56
36 46
48 15
85 92
3 21
68 99
73 60
15 27
94 81
5 40
85 48
65 53
6 32
12 94
84 88
77 72
55 6
7 49
69 81
82 83
59 15
46 0
77 36
5 38
98 84
96 60
5 30
15 99
95 52
13 25
24 49
88 1
11 44
13 43
71 13
62 40
53 54
9 97
34 44
99 25
49 65
48 25
29 96
47 40
74 30
86 24
88 36
54 5
39 41
36 33
1 26
47 62
59 79
8 49
76 26
68 81
48 63
67 97
44 15
17 66
80 79
4 73
1 75
1 63
18 78
55 15
29 67
82 61
25 35
53 84
1 47
45 40
57 85
18 59
69 30
87 27
27 51
47 73
90 43
37 16
52 54
81 73
27 47
33 6
23 71
92 29
64 30
88 79
91 43
69 53
7 69
10 42
65 67
92 90
87 20
73 3
51 33
96 12
43 35
75 76
44 41
90 30
85 93
60 28
13 92
1 44
9 93
77 92
44 76
38 46
28 86
19 65
32 70
43 17
77 52
5 55
82 81
57 82
37 56
86 16
74 12
99 14
8 17
12 79
21 4
15 49
61 56
99 98
15 76
96 43
92 56
98 79
99 44
14 41
30 21
8 34
58 2
16 11
15 71
67 99
67 68
53 64
96 73
53 24
42 22
24 5
90 32
69 96
37 86
99 3
62 41
65 33
18 58
78 45
33 92
88 26
64 44
33 96
26 8
86 30
5 74
55 91
67 39
43 55
75 82
97 55
22 38
96 93
61 17
17 22
65 45
71 35
74 81
1 7
53 74
86 54
72 91
58 51
66 95
0 32
90 6
80 61
33 40
7 18
59 59
25 64
59 62
19 92
54 56
15 25
28 33
86 19
41 62
45 78
75 40
97 5
65 5
1 56
84 87
76 6
64 9
18 88
22 70
34 12
5 48
11 21
21 56
42 7
57 71
93 9
59 64
78 22
17 68
1 77
7 10
78 89
52 58
33 81
83 1
57 10
8 37
72 28
33 49
70 99
14 13
40 38
27 45
59 6
35 43
5 14
59 24
67 49
64 95
73 16
21 30
58 90
92 59
37 66
36 70
65 55
98 47
53 50
7 78
76 83
34 55
92 36
18 31
99 39
36 42
83 10
13 6
39 3
52 20
9 99
78 82
8 67
54 52
65 42
42 46
62 51
60 11
18 39
85 62
34 8
51 56
33 57
27 88
6 30
90 68
82 31
46 26
68 2
46 71
84 21
13 65
43 7
29 80
29 19
65 48
48 83
26 85
55 84
91 70
12 92
61 93
49 45
25 38
55 81
22 71
87 71
75 81
71 93
94 20
25 71
3 42
82 65
50 68
11 1
23 8
24 54
60 43
20 50
8 3
30 95
38 45
29 10
97 4
97 74
48 11
10 51
47 22
11 67
25 6
15 72
12 0
65 19
2 73
49 62
40 2
81 17
7 88
70 5
49 77
18 71
97 95
68 65
45 22
17 18
79 45
15 34
0 55
87 32
35 66
58 4
19 77
12 93
56 88
39 45
26 27
7 66
99 18
72 66
47 74
31 8
27 89
53 52
25 93
26 3
7 5
77 41
98 86
63 37
81 29
66 62
90 44
60 24
70 63
89 45
59 40
40 88
60 20
89 36
20 63
34 17
21 66
20 23
52 82
37 26
85 85
77 25
61 10
23 98
89 92
81 28
63 97
80 44
54 3
4 79
33 27
87 79
43 83
95 93
7 15
58 30
7 37
30 57
4 92
86 82
47 90
79 97
17 54
7 28
82 96
97 58
66 71
44 73
13 48
46 81
62 33
48 66
54 7
0 89
37 3
0 49
25 30
14 25
77 77
19 5
79 32
62 52
9 47
25 60
64 75
50 48
40 25
54 83
96 40
64 84
19 59
13 75
96 2
95 89
24 28
42 33
96 65
52 50
32 48
74 51
67 15
17 33
83 67
90 2
85 17
9 27
90 58
27 20
93 55
53 17
42 38
74 32
43 65
54 91
27 41
70 14
3 31
78 65
42 40
52 42
76 16
13 78
45 41
3 13
21 8
45 61
41 70
52 66
36 26
43 59
55 62
98 55
83 56
18 9
28 63
33 15
55 53
16 54
52 83
87 89
77 45
60 34
9 85
20 22
59 87
58 93
91 32
85 46
25 21
74 74
32 81
86 36
38 98
35 45
9 0
21 19
37 17
53 55
30 13
15 94
46 7
41 25
26 91
50 24
77 29
26 63
55 69
69 71
4 62
16 48
60 6
78 67
76 60
41 39
41 60
24 40
98 28
93 35
58 16
96 17
11 48
6 75
28 80
89 38
9 59
20 39
43 0
5 59
65 68
64 69
66 12
85 8
61 31
90 41
79 1
99 17
90 52
83 99
3 86
71 65
24 91
26 93
43 74
32 43
73 96
70 81
40 93
17 79
60 3
40 29
37 59
55 72
52 32
23 74
20 45
75 38
33 55
28 81
45 54
24 92
53 96
36 41
9 94
86 27
1 89
5 81
4 36
63 44
51 42
73 8
75 64
16 3
94 32
67 47
72 32
63 79
36 14
42 83
57 38
95 23
83 48
31 11
2 33
25 29
79 15
42 53
18 94
85 61
75 21
81 56
73 98
48 73
51 3
84 37
99 51
74 52
71 77
90 47
84 20
15 43
41 8
54 22
66 99
53 40
68 43
3 1
93 33
63 14
75 30
98 62
10 31
68 26
17 39
76 69
11 92
7 2
81 62
46 60
37 12
52 71
11 39
22 25
7 55
60 98
82 95
5 52
70 28
30 40
81 58
20 19
58 81
5 13
32 52
14 17
92 12
12 16
94 27
3 35
24 67
54 63
21 38
74 94
77 40
81 76
51 4
20 10
82 30
69 33
69 24
59 19
31 95
56 59
81 94
73 44
16 83
22 82
95 86
29 89
21 41
69 80
92 46
23 77
15 74
68 9
5 96
95 81
77 76
4 67
85 81
22 69
94 19
16 61
27 3
44 37
95 57
9 24
8 65
90 99
11 52
83 52
7 67
8 96
42 91
99 68
96 19
21 71
11 98
48 36
95 64
1 35
98 23
86 40
30 34
97 87
19 10
54 13
13 93
68 74
15 86
34 9
96 27
29 46
80 31
14 79
95 80
29 43
14 67
52 12
82 11
79 24
0 91
73 24
98 83
30 71
80 89
19 70
97 2
72 41
76 64
2 4
99 82
52 35
71 86
85 25
69 28
49 98
31 82
83 44
14 3
89 22
98 60
1 71
48 84
2 11
1 20
16 59
12 27
7 86
7 42
48 68
27 84
62 43
54 47
87 56
37 49
22 33
11 84
0 12
65 79
85 84
0 77
79 81
90 97
18 93
18 73
99 34
97 30
93 30
87 38
32 28
76 65
0 31
97 36
82 78
47 55
75 74
15 53
36 19
56 95
17 10
39 5
39 51
88 44
62 13
71 61
4 51
31 77
99 69
46 79
51 45
11 62
36 44
92 0
44 82
26 10
8 39
17 98
18 18
27 14
52 73
41 89
36 68
74 53
89 5
13 59
77 83
66 17
31 22
62 77
6 40
58 29
2 25
23 11
54 2
32 40
61 21
51 91
20 62
46 54
97 43
75 11
6 43
20 38
80 17
95 62
11 94
99 85
79 89
9 98
1 27
44 42
7 73
54 84
96 5
16 79
45 62
16 57
26 47
3 4
99 61
59 13
81 50
79 21
28 82
10 82
28 89
59 74
12 5
74 98
25 74
5 90
58 52
59 48
10 6
24 76
63 48
33 28
28 38
41 10
44 44
6 15
89 19
94 21
63 94
9 43
71 55
61 78
90 16
1 93
36 20
79 25
82 23
57 47
12 90
36 63
16 98
71 99
34 31
66 14
98 93
36 17
79 12
82 37
82 75
88 57
31 44
3 68
95 96
99 62
37 15
73 55
47 29
25 50
97 96
22 85
42 81
84 8
44 6
52 99
32 26
20 36
34 11
45 23
92 77
22 48
27 5
51 90
19 95
41 31
9 26
48 92
79 87
10 33
85 64
48 79
60 10
21 78
51 24
55 97
17 89
47 63
8 14
39 27
98 64
69 18
86 94
14 63
2 58
51 52
26 55
38 18
82 17
97 92
3 74
17 77
5 9
51 75
47 27
45 34
39 14
9 38
38 78
47 72
53 11
88 14
27 44
88 62
10 27
41 32
12 33
34 15
31 30
65 86
34 10
22 15
66 74
5 26
62 20
1 66
78 20
63 9
93 57
88 86
76 90
20 41
95 50
98 0
56 7
73 51
60 76
84 75
12 4
59 5
56 57
55 24
16 8
33 63
70 84
21 94
25 75
7 71
31 29
94 11
10 23
37 24
89 48
77 65
60 49
9 44
7 64
97 18
23 30
99 88
12 12
8 5
94 91
72 19
9 40
81 84
31 92
34 37
59 14
90 33
90 1
31 23
86 25
41 6
65 11
9 9
53 43
93 98
32 39
40 94
31 66
90 7
32 74
71 50
43 54
96 37
80 64
10 56
84 84
14 92
44 61
23 36
8 79
53 39
31 39
69 90
35 22
19 62
69 2
85 49
48 3
10 73
93 60
40 0
84 23
70 75
7 38
39 96
96 87
27 12
63 5
81 66
95 20
36 5
25 18
17 19
44 8
20 26
69 74
77 37
49 57
36 72
8 90
15 6
28 49
91 60
44 2
89 68
22 94
27 90
6 53
55 22
45 1
5 11
81 46
95 41
9 75
15 57
68 78
63 56
98 96
60 85
27 23
63 13
27 1
50 98
6 70
70 62
92 69
66 40
33 64
91 98
91 73
50 56
22 99
22 3
58 47
20 14
61 32
61 88
97 11
18 30
38 14
7 54
43 60
98 87
1 22
55 28
64 63
54 88
24 94
65 93
57 86
42 28
3 17
42 69
85 55
14 24
93 79
6 93
41 24
13 69
73 82
92 19
12 63
74 2
0 47
36 56
32 60
44 80
3 40
44 66
51 31
60 78
53 86
8 85
1 46
70 76
72 90
38 60
17 20
63 21
85 7
13 88
93 25
13 34
89 46
26 39
78 2
58 88
96 11
12 85
9 17
72 82
24 13
65 82
38 81
37 57
60 70
36 79
19 32
89 97
31 47
80 29
71 81
23 68
3 28
24 48
22 36
11 79
26 20
87 87
84 96
30 87
55 36
0 79
55 79
44 64
67 12
83 94
63 67
82 64
95 83
47 71
93 27
66 34
37 38
73 32
70 34
6 61
5 29
35 92
36 50
15 58
60 90
80 9
50 80
88 4
4 17
55 63
92 6
88 83
58 41
18 48
39 84
53 81
87 73
49 44
77 81
92 64
49 18
28 8
94 2
88 3
87 74
83 30
16 42
93 87
62 45
96 66
74 65
96 38
36 95
40 6
85 16
90 79
39 8
14 42
90 45
5 27
29 87
88 66
27 79
67 9
49 78
94 30
48 28
95 22
3 90
50 59
41 20
71 12
10 85
29 83
14 44
90 26
58 44
73 72
71 43
75 62
80 8
27 26
35 13
74 22
54 78
50 95
19 34
95 47
41 64
85 70
72 12
65 59
29 30
71 60
25 8
99 83
23 16
91 15
59 57
3 60
43 88
68 21
61 77
85 77
7 43
26 61
56 82
32 98
85 99
56 58
4 22
62 98
24 46
42 58
49 92
82 25
7 23
40 43
31 33
37 78
66 57
68 23
72 8
13 44
79 73
0 23
89 80
38 66
67 73
94 66
73 73
76 73
10 67
21 55
41 83
91 12
39 60
22 57
58 76
92 11
51 71
93 48
81 27
72 51
65 49
55 77
52 48
16 33
86 44
32 23
46 28
39 19
22 58
3 45
16 99
35 35
16 27
43 66
45 4
54 16
50 74
98 46
62 87
83 15
20 76
80 90
50 35
92 14
83 51
61 69
41 19
20 71
21 12
62 56
38 91
8 64
71 80
46 85
11 22
80 67
49 71
32 4
40 65
66 96
12 28
12 48
69 12
3 83
63 45
13 68
5 62
64 72
10 60
23 33
49 85
69 9
24 83
91 29
2 36
48 80
60 22
25 1
60 53
42 9
33 90
72 17
16 18
97 16
83 90
52 25
61 59
1 29
93 82
41 68
7 13
10 62
45 18
48 12
96 57
59 4
96 50
98 97
10 45
56 86
85 76
25 62
9 65
33 79
44 4
21 5
90 10
84 13
64 43
63 90
87 22
56 26
4 16
0 27
63 75
82 68
83 97
9 18
74 15
0 8
90 56
99 43
34 28
46 21
47 88
87 61
89 57
14 20
15 13
31 86
50 63
5 3
71 6
23 44
43 48
9 91
47 33
5 94
72 72
64 12
42 98
59 1
71 59
21 11
24 17
75 43
80 73
32 15
35 11
1 50
11 63
60 42
53 71
64 66
80 35
41 14
97 83
30 48
1 54
79 75
13 31
52 98
59 39
0 61
29 39
37 84
4 46
64 92
33 99
9 39
84 1
98 57
94 62
65 38
59 86
64 5
36 77
22 19
76 49
1 0
83 27
39 61
23 9
83 18
24 39
16 87
77 98
76 51
11 86
17 94
57 9
0 58
19 19
75 67
86 39
86 7
53 51
16 95
17 58
90 15
93 92
25 5
43 71
26 35
78 6
10 32
24 7
92 88
68 68
14 54
45 53
34 48
83 81
28 79
50 73
56 79
57 29
86 11
54 0
33 69
19 43
46 52
56 21
76 78
83 62
12 74
65 74
51 57
11 26
96 18
42 2
75 4
12 88
27 10
8 58
74 99
95 6
82 70
15 38
12 60
39 39
16 4
98 48
25 96
65 97
77 35
3 55
1 81
91 58
60 65
94 58
38 59
95 32
32 83
76 94
28 53
15 90
72 50
2 83
23 78
23 5
40 12
77 6
98 78
15 24
72 37
49 8
60 5
57 72
24 27
85 0
39 56
94 89
32 88
87 81
88 65
18 83
86 3
17 15
70 72
97 1
52 95
57 90
93 63
14 72
20 15
93 40
91 19
11 89
92 8
3 19
40 58
25 33
96 80
39 58
36 92
86 73
54 89
56 74
7 19
61 92
93 71
45 65
72 2
55 16
12 39
40 98
21 50
99 89
21 18
69 13
57 68
32 73
96 99
24 45
42 76
43 95
87 51
6 86
25 99
24 36
25 61
95 45
70 41
72 6
28 85
25 57
28 77
3 87
76 18
26 53
77 73
18 79
16 51
87 8
99 59
74 3
34 54
18 97
84 31
55 86
90 88
81 77
63 84
57 62
55 11
76 48
57 7
31 62
32 50
56 16
15 31
79 69
88 97
55 40
11 32
42 44
74 59
29 45
51 32
96 13
2 19
85 53
66 45
89 87
87 54
71 42
99 30
18 76
91 50
42 68
31 25
35 49
97 85
89 49
8 74
59 68
23 67
96 14
87 83
87 25
18 65
88 35
16 49
75 60
37 34
2 28
71 29
48 78
14 94
67 77
95 49
11 40
40 69
29 33
97 93
97 82
46 86
77 68
23 60
97 65
60 40
89 60
83 57
78 44
1 76
65 3
81 51
64 35
33 2
11 23
86 77
11 51
86 74
2 32
26 16
28 23
68 8
47 23
68 94
98 52
62 18
82 72
87 97
9 36
26 71
49 28
79 37
2 49
23 93
71 96
0 30
0 60
47 17
66 42
75 33
26 57
20 79
27 86
25 36
68 62
8 88
58 32
43 4
80 15
21 77
62 82
64 53
63 24
91 4
70 54
24 81
22 31
27 62
25 13
94 93
74 16
97 14
72 46
15 20
53 58
44 78
12 81
15 80
81 8
52 92
59 96
98 26
54 32
25 12
64 99
68 16
77 31
0 6
89 12
31 12
37 94
1 12
53 99
93 62
99 26
48 8
47 80
46 34
36 75
57 45
51 0
86 68
56 85
34 3
38 17
10 10
43 28
72 29
30 69
56 87
88 43
16 31
94 57
23 87
62 88
71 40
54 49
11 11
60 33
79 31
82 53
65 99
0 94
52 31
32 5
51 95
26 23
29 55
98 75
35 2
39 21
35 90
36 48
53 31
70 92
94 83
82 62
46 59
3 9
98 18
12 67
59 88
7 98
78 49
7 89
4 69
33 36
38 54
55 83
64 34
99 95
15 42
45 14
3 88
70 0
78 58
39 38
89 86
17 43
7 12
40 9
35 51
17 42
50 78
12 40
48 24
68 3
66 65
73 7
73 2
41 29
95 2
88 68
45 97
37 99
90 76
42 96
99 31
68 31
1 51
46 41
45 51
28 44
97 7
93 18
38 44
26 37
13 17
97 90
29 29
57 18
98 99
44 63
25 22
33 59
58 24
60 51
90 35
33 56
7 25
79 46
44 33
41 98
42 64
11 24
16 28
58 59
61 5
36 11
73 74
62 69
21 20
61 26
63 63
15 92
92 33
9 15
48 60
10 72
20 49
52 62
96 52
0 73
71 31
31 20
76 21
96 15
23 89
40 79
38 52
3 66
75 26
70 70
53 97
64 61
18 56
41 35
27 32
10 8
89 73
0 64
53 59
15 73
69 34
10 9
52 64
75 53
46 88
83 41
40 17
22 46
1 95
57 80
84 3
65 65
10 0
25 84
25 92
79 9
49 73
49 34
60 47
62 53
57 30
33 80
86 14
41 96
82 15
98 7
0 45
57 98
73 28
82 41
85 36
72 59
96 78
28 30
90 63
72 22
80 58
13 14
23 65
19 42
52 76
71 69
56 5
48 97
79 47
25 25
29 76
19 16
40 51
58 75
37 22
0 41
34 34
1 17
19 9
4 31
2 64
2 3
26 82
40 33
45 21
67 23
24 88
63 53
84 2
62 66
26 84
56 78
29 94
8 40
88 61
85 45
12 64
35 95
62 91
77 50
21 52
6 83
98 95
79 29
16 14
13 60
92 32
61 85
15 44
76 13
48 74
73 19
39 30
73 29
37 43
53 7
30 7
54 31
8 84
44 87
6 52
76 34
15 65
59 98
44 43
58 14
45 36
12 83
91 44
36 16
98 19
81 87
21 58
29 17
99 97
80 3
57 12
36 35
61 63
4 65
43 63
98 29
49 4
82 10
44 49
18 14
38 25
40 63
81 54
64 86
47 44
56 62
2 2
75 3
18 33
39 70
98 3
43 79
68 55
89 71
4 57
76 61
75 7
42 12
23 91
83 31
57 8
20 73
43 10
92 58
31 57
53 36
21 64
84 39
91 1
3 61
61 27
88 13
40 83
95 97
29 9
48 48
51 68
18 3
36 28
91 95
2 84
98 5
94 40
10 4
2 16
76 36
20 92
82 38
3 56
40 35
40 92
68 39
64 38
79 66
54 98
54 37
2 96
47 7
75 88
4 64
62 21
9 4
30 54
81 3
5 49
78 27
32 56
64 0
54 80
97 69
43 12
62 36
17 12
61 54
14 85
93 53
25 23
19 20
97 61
76 37
11 81
91 26
31 83
44 69
23 94
63 68
99 38
40 76
11 90
40 96
33 76
37 88
48 69
72 77
85 63
72 95
49 15
15 77
49 88
2 75
84 66
41 49
95 30
84 62
50 22
27 60
44 1
39 71
81 49
61 7
33 4
67 96
73 95
21 67
29 18
14 71
0 43
8 23
43 80
77 93
52 16
13 56
84 6
70 35
19 61
85 91
92 51
91 23
78 17
80 19
5 79
88 38
88 91
37 61
43 34
89 90
43 11
38 63
45 52
78 85
75 34
2 80
10 30
46 4
91 91
43 16
83 43
69 69
92 82
29 15
55 88
72 57
23 3
90 28
18 11
36 13
36 45
75 15
10 66
37 0
42 60
94 5
59 76
88 15
51 89
44 92
63 51
14 61
26 73
63 41
75 49
16 32
17 26
82 36
10 92
71 15
56 71
40 55
52 87
0 33
30 72
88 30
28 43
18 15
99 86
78 40
57 74
89 81
50 39
67 19
55 3
16 93
30 98
31 60
6 74
20 18
99 29
86 34
27 76
73 69
29 59
10 11
74 62
34 58
98 21
8 18
72 42
29 37
54 92
48 56
76 67
56 51
67 16
57 87
29 27
26 59
42 18
65 60
62 57
35 18
43 77
19 6
91 37
47 47
99 75
50 79
11 58
17 47
97 84
44 55
8 53
29 35
52 22
27 40
10 20
62 81
60 87
51 93
91 80
76 2
90 19
68 89
16 92
88 25
39 49
36 97
91 39
52 78
16 0
22 88
20 72
64 74
75 90
90 72
63 82
73 45
33 0
57 94
94 34
9 34
20 83
26 25
77 43
32 67
48 86
2 38
92 21
39 22
42 75
63 2
5 63
40 87
55 41
22 35
65 0
56 56
67 0
64 37
23 95
82 44
82 9
95 74
80 74
2 59
44 12
23 70
5 77
66 11
16 47
87 60
74 77
55 12
74 27
69 47
94 67
89 11
73 14
7 85
72 30
33 72
60 18
7 51
27 49
8 91
65 44
51 78
89 35
95 85
41 48
6 34
58 60
75 47
29 64
59 42
45 70
27 18
15 11
19 78
94 69
90 0
32 59
61 83
3 54
71 68
37 76
86 87
53 21
53 90
48 32
6 56
99 71
17 88
22 97
90 38
91 45
43 87
16 56
31 13
56 24
24 11
6 16
10 61
38 23
59 72
28 56
71 62
76 82
2 53
6 0
37 18
57 77
44 99
56 83
2 57
4 7
66 75
14 93
58 49
6 35
84 50
19 64
72 44
65 56
0 26
77 99
62 25
89 67
70 82
61 12
32 63
90 27
16 89
36 54
43 38
78 53
20 53
98 91
75 44
7 17
77 34
62 42
0 65
36 47
79 74
91 48
59 34
40 28
2 62
22 30
81 83
70 10
3 62
91 27
31 78
93 38
61 38
19 91
8 75
21 34
51 6
46 45
38 64
99 65
98 66
1 79
56 14
46 18
37 80
43 45
72 62
46 78
42 19
7 97
2 15
81 21
92 70
38 11
76 55
78 42
26 60
28 99
20 95
63 55
79 70
85 27
57 56
80 7
23 29
53 76
16 34
0 10
31 67
10 65
47 30
80 1
47 10
45 31
29 81
21 70
69 26
99 93
83 19
98 16
40 91
84 93
29 38
95 76
56 55
52 55
2 79
4 61
56 33
45 98
85 87
4 32
9 55
34 35
16 58
40 41
39 85
1 85
75 28
26 19
9 11
10 71
73 15
70 25
18 70
46 84
52 15
19 28
18 90
23 22
3 33
17 32
0 5
71 89
26 54
60 27
61 9
72 96
53 42
30 59
5 4
38 85
8 38
61 36
10 88
46 82
26 79
44 95
87 26
54 67
72 65
44 72
71 44
87 45
36 90
67 72
73 39
7 26
72 16
37 95
8 63
69 52
14 30
58 26
36 91
20 67
16 25
74 57
35 74
24 1
46 30
66 86
78 50
14 68
2 70
26 18
34 70
69 95
94 95
12 24
35 28
93 26
32 49
16 38
41 86
59 58
91 90
9 62
11 57
22 68
58 62
5 72
55 29
15 89
26 66
22 62
77 69
82 99
23 7
18 53
54 51
86 50
34 26
79 6
12 82
89 39
58 89
95 27
17 90
43 15
85 43
15 37
4 10
35 37
80 24
22 39
52 77
67 21
46 24
68 96
45 30
56 25
71 91
72 53
78 75
76 96
26 38
59 65
97 15
0 83
0 59
25 46
32 37
39 20
76 84
51 19
34 50
89 20
62 96
93 88
31 72
65 22
46 48
97 38
20 16
69 76
77 51
94 84
5 25
51 96
83 80
28 68
61 37
53 23
27 38
6 79
0 44
33 98
67 92
86 67
64 32
44 18
47 11
77 8
7 63
42 82
96 95
89 62
17 64
77 26
14 9
68 92
5 60
13 42
76 56
20 24
80 27
14 19
20 33
52 60
8 0
13 37
21 60
41 13
66 47
65 23
45 45
58 87
48 2
93 89
74 91
83 29
62 44
23 27
90 42
52 47
88 64
11 87
74 48
79 16
36 64
86 46
75 32
29 92
4 63
27 81
19 47
25 80
63 71
7 77
68 49
27 71
14 23
16 63
31 36
98 69
30 12
85 75
72 84
69 43
34 21
97 64
86 78
88 98
46 83
68 36
92 1
47 97
53 3
76 85
9 12
1 82
74 6
72 31
50 33
35 23
67 94
51 12
8 16
50 41
52 44
50 60
33 93
78 74
21 89
25 9
40 14
79 88
59 25
30 16
50 96
14 66
95 66
32 34
59 80
63 36
23 66
26 92
91 81
15 18
81 15
41 94
85 14
41 41
35 52
21 54
65 4
15 70
79 14
89 53
7 11
85 67
61 46
18 28
36 6
4 48
19 51
46 99
18 32
16 77
90 37
69 60
27 28
20 84
5 88
73 30
63 86
78 98
79 49
93 19
6 24
12 6
0 1
77 57
16 73
28 16
73 12
86 42
48 93
31 34
54 40
80 50
73 90
75 87
55 9
85 4
56 1
81 22
19 0
76 24
18 91
98 25
5 84
23 0
93 8
51 46
6 39
25 90
89 10
8 50
88 87
25 76
26 12
84 97
34 76
13 80
91 56
46 72
24 19
1 80
11 59
49 46
80 10
68 13
98 41
40 45
59 54
56 18
96 3
60 0
71 36
63 31
69 72
3 50
3 92
18 75
58 36
58 37
56 49
64 36
26 44
24 38
78 95
8 2
22 29
69 89
82 86
88 88
67 81
66 15
33 22
5 7
16 35
66 7
78 69
32 7
1 43
97 3
9 64
83 40
78 88
77 16
48 59
84 7
10 90
70 53
68 82
77 44
29 61
91 88
37 58
86 97
2 88
37 11
28 96
13 52
25 79
24 69
95 18
43 27
21 91
97 94
68 52
53 10
33 60
95 82
92 16
12 68
92 37
76 44
14 49
66 87
95 37
76 89
28 55
25 52
67 22
24 96
8 66
33 89
11 42
53 77
83 66
21 10
37 62
37 65
82 92
57 39
22 87
87 99
63 85
28 70
79 96
92 49
36 49
42 57
4 94
24 25
53 19
55 34
63 61
61 90
72 4
1 1
99 7
76 42
3 98
53 70
33 20
5 68
34 4
45 77
43 46
12 50
50 61
25 2
0 52
26 70
70 46
93 52
14 70
96 32
16 21
67 74
65 70
1 37
73 85
45 87
69 14
99 0
85 42
39 43
89 9
74 31
65 1
18 98
92 53
83 53
55 39
57 55
0 16
93 47
33 5
22 96
20 80
44 89
60 86
74 49
60 12
18 77
49 49
63 76
12 10
32 42
44 22
83 20
87 9
61 35
0 15
21 9
83 85
49 60
13 96
5 10
48 42
22 91
76 88
39 82
10 75
13 55
77 49
44 11
69 5
21 85
35 65
57 13
67 76
52 4
14 14
35 81
93 1
56 31
48 61
36 22
50 77
29 28
33 29
91 42
60 77
73 66
34 45
39 37
89 85
64 52
73 5
85 31
35 96
34 29
12 35
43 21
39 55
3 26
97 48
30 76
49 32
0 4
56 30
0 29
83 59
61 87
6 45
43 57
38 1
80 99
16 88
56 63
42 42
76 58
86 99
75 50
37 68
21 73
25 95
28 50
18 34
6 66
15 8
12 3
65 12
64 56
9 3
24 22
63 89
31 35
17 21
37 31
67 46
77 95
32 3
10 69
74 82
3 71
73 36
11 73
87 46
22 84
94 49
98 44
51 41
82 5
59 78
84 47
3 73
89 8
74 55
8 41
87 86
21 29
95 34
3 23
97 49
65 37
28 95
61 73
69 70
5 19
9 56
46 50
77 74
67 87
2 20
39 42
20 27
98 54
75 95
27 30
21 79
95 31
79 18
78 54
78 76
60 75
89 18
9 1
29 88
32 76
71 48
48 44
5 28
40 77
86 72
87 48
0 68
79 10
55 30
7 56
67 29
88 28
18 66
84 98
55 38
28 12
17 24
29 75
14 0
69 91
97 77
65 14
36 74
76 77
60 52
64 22
18 63
63 30
8 11
31 32
11 27
1 13
84 44
19 72
69 8
99 35
9 48
92 84
76 3
38 28
32 61
61 24
96 91
23 26
41 16
21 36
98 24
27 57
40 22
55 64
45 83
85 71
91 77
17 49
71 52
25 14
86 71
95 42
79 17
9 63
0 25
70 11
5 78
50 27
12 91
37 54
3 97
38 79
46 76
27 61
78 78
43 33
64 77
11 96
16 20
35 32
21 26
72 0
34 94
93 75
81 86
38 47
39 78
73 64
96 61
66 32
88 50
8 8
89 43
81 35
4 59
84 12
43 98
46 9
41 57
52 33
51 87
64 29
22 21
96 22
10 81
36 3
15 36
61 70
48 55
24 29
26 34
19 81
52 53
87 92
0 86
0 37
71 71
24 21
33 1
19 40
97 42
61 64
96 51
4 93
19 2
46 14
4 96
59 69
3 85
37 23
73 80
71 34
18 22
67 33
66 80
84 99
69 56
0 28
27 83
82 79
75 91
7 59
64 57
2 60
61 49
76 35
80 25
31 87
46 53
17 69
6 63
22 43
86 33
52 5
80 87
92 75
55 5
40 59
91 68
80 56
39 93
55 20
43 1
73 83
33 51
11 4
26 14
73 53
33 70
33 33
28 40
61 41
70 15
18 99
23 4
82 43
93 0
79 23
83 25
24 52
62 22
2 97
48 89
24 37
32 99
34 95
62 19
81 60
45 5
54 48
67 53
41 76
85 94
27 70
84 82
1 32
39 77
91 51
75 71
69 54
28 34
94 37
97 47
86 1
93 2
45 39
96 8
51 16
81 39
90 77
41 99
16 29
34 63
48 57
16 23
79 83
61 3
64 7
80 16
11 69
10 19
90 61
0 78
45 85
2 76
30 2
23 75
82 34
29 66
67 58
47 38
58 58
44 65
34 47
51 69
86 88
69 65
98 94
13 32
10 68
41 42
42 48
26 4
55 32
4 44
64 2
31 69
63 23
67 20
5 37
6 9
1 10
73 37
73 89
74 36
18 19
94 51
58 63
33 71
7 84
42 39
73 84
10 36
15 93
57 50
7 68
75 75
66 27
64 58
22 73
6 76
52 8
99 4
45 2
10 40
79 90
82 4
35 58
52 69
91 13
35 63
76 9
49 76
84 10
37 72
44 19
54 90
11 88
61 99
81 71
12 43
50 18
53 0
38 68
68 5
93 20
81 65
5 44
77 2
54 60
43 58
26 36
51 62
32 30
49 66
89 88
38 83
73 77
62 28
16 86
85 80
0 84
22 28
47 67
94 70
48 58
50 99
41 9
59 53
10 44
72 54
51 55
31 74
88 51
17 73
49 19
54 33
6 11
82 80
4 95
43 26
3 39
68 10
43 51
74 80
22 47
10 29
22 61
43 3
41 37
89 7
13 8
15 66
51 61
4 70
49 22
5 45
71 92
91 33
30 63
0 80
39 1
28 47
99 11
2 41
88 72
41 79
29 13
57 60
88 48
9 67
7 62
53 78
98 56
85 21
38 69
90 74
47 53
32 32
36 60
86 61
89 59
85 58
53 33
19 13
7 83
54 17
83 73
27 93
71 83
71 88
92 34
13 7
43 47
26 81
66 26
28 83
55 1
76 91
43 97
26 76
7 36
60 7
41 91
82 88
45 37
84 41
74 93
67 31
34 99
83 61
0 50
42 66
45 0
29 20
13 39
8 55
60 54
1 92
62 59
62 9
86 53
3 48
23 43
15 17
14 57
41 50
56 17
50 6
94 60
46 47
53 56
19 21
95 56
72 26
30 93
39 48
6 59
56 29
75 63
58 35
13 98
60 44
42 13
8 4
83 7
30 10
98 12
57 23
68 80
8 83
64 98
11 46
97 32
79 43
0 11
6 97
99 19
15 30
38 29
12 57
42 89
79 80
98 13
52 37
20 60
52 91
96 35
20 29
68 40
49 64
34 96
65 77
16 6
95 46
55 42
49 12
48 52
21 1
76 47
41 11
30 62
78 63
17 52
92 93
83 55
24 16
3 25
86 49
3 12
42 17
50 26
7 81
15 22
76 72
87 82
78 32
47 82
70 91
13 94
99 47
75 58
97 9
40 21
34 74
53 34
77 1
81 57
13 74
89 91
76 8
82 97
36 85
92 61
50 71
18 7
47 57
88 0
39 73
56 96
44 67
72 88
7 20
2 98
66 81
47 81
71 85
43 92
52 36
25 40
45 71
9 72
60 93
96 97
75 37
5 5
25 17
62 6
52 74
77 80
24 73
3 47
47 46
93 85
54 43
41 56
57 27
86 70
46 3
70 85
75 54
49 39
21 83
73 50
43 56
52 89
97 33
94 26
44 9
85 52
39 79
50 9
15 60
70 37
6 57
84 85
38 26
94 45
54 59
89 66
98 10
87 4
75 24
66 68
83 14
16 44
44 39
54 26
8 73
6 65
94 10
86 96
32 54
15 21
85 15
10 46
70 26
11 28
12 38
59 30
2 51
98 71
20 69
18 86
20 30
54 57
90 36
82 59
58 33
35 70
43 49
11 80
72 23
53 2
25 43
88 53
65 36
58 50
66 35
74 34
84 33
39 10
14 81
6 44
81 74
22 66
8 47
55 75
44 35
65 8
37 6
59 0
1 21
46 43
9 66
63 52
80 88
79 2
15 85
69 59
86 20
27 77
92 30
83 91
18 41
87 49
42 3
6 12
15 68
66 72
97 19
99 57
23 12
37 79
83 9
71 79
51 53
18 92
33 52
92 7
87 1
21 31
12 89
84 32
82 13
46 73
17 46
20 81
90 5
61 82
60 56
76 62
84 36
23 57
64 39
65 13
52 28
1 39
9 51
89 64
36 2
70 60
94 74
18 61
35 26
82 2
73 47
16 22
62 27
30 22
55 33
58 19
11 53
47 37
39 18
45 63
99 96
99 79
20 1
66 90
87 57
63 72
27 54
12 15
94 6
59 17
47 15
92 62
57 4
22 44
82 82
21 6
13 36
41 53
93 5
17 7
52 45
50 19
66 79
67 44
34 38
49 5
29 52
25 47
3 44
80 80
14 62
33 41
0 71
7 79
40 54
49 9
38 30
9 6
14 46
73 35
68 32
58 84
10 17
54 81
8 26
65 52
78 19
77 58
44 83
64 25
60 13
28 13
31 40
96 86
25 73
91 54
2 81
1 90
48 45
95 58
63 16
41 17
31 42
61 14
56 15
10 26
24 47
97 39
18 55
16 7
92 80
87 41
92 76
81 48
48 90
63 58
70 16
42 84
50 88
81 64
25 16
33 8
60 48
39 69
7 9
68 57
71 0
94 64
96 23
1 8
24 53
69 0
14 50
35 77
93 39
31 79
16 17
80 38
8 54
56 92
60 84
30 29
47 85
87 39
69 17
34 62
50 30
13 33
90 17
45 92
26 43
81 70
97 51
38 50
91 7
88 21
14 74
23 58
54 20
9 10
75 6
88 77
42 32
24 55
43 81
30 18
48 71
9 5
12 62
71 41
89 76
7 75
7 27
9 74
19 46
38 80
89 51
88 32
19 41
56 60
25 97
55 93
81 6
50 50
87 88
55 54
69 82
17 51
86 37
93 7
88 34
45 27
25 20
30 46
2 55
74 9
32 33
87 29
97 40
47 9
33 77
34 39
72 85
30 20
82 18
64 96
60 83
7 57
27 19
69 75
49 20
70 66
92 47
52 90
31 52
34 32
79 7
29 63
64 59
72 76
33 34
1 97
0 3
87 19
75 12
31 21
50 62
80 33
40 89
26 46
34 68
18 69
