100 3
9 7
37 7
10 12
62 36
50 56
73 36
2 60
77 2
28 76
30 65
89 17
72 31
72 16
88 20
82 20
56 7
31 91
42 48
31 85
60 63
97 20
96 49
67 60
44 28
85 68
5 89
5 87
88 17
6 99
49 80
8 67
9 33
70 6
25 54
90 36
59 8
79 4
20 44
51 71
68 44
81 58
26 92
68 55
4 15
98 54
95 49
3 49
31 26
5 17
42 1
81 90
16 44
92 67
17 88
34 48
54 35
31 8
92 70
50 13
91 17
53 91
69 83
56 5
59 34
51 86
62 21
34 28
88 35
73 30
36 56
78 65
13 38
28 96
70 27
11 27
73 73
4 64
26 67
43 71
55 37
72 53
96 86
68 79
57 75
7 94
60 22
14 88
31 66
16 47
48 2
5 42
31 16
32 32
80 40
47 25
72 1
33 63
59 47
48 62
38 62
77 24
29 18
73 99
65 63
73 24
99 42
45 98
46 86
18 70
41 89
15 89
23 39
34 74
2 7
6 61
74 12
2 29
32 95
2 51
55 92
35 41
26 79
37 11
0 22
12 86
36 17
40 26
42 64
96 37
80 7
87 23
54 76
70 58
60 16
99 71
31 97
61 27
90 73
75 88
46 23
53 80
73 61
13 18
99 96
5 58
75 31
6 82
0 58
49 22
91 53
21 84
58 55
86 55
10 43
78 79
37 24
19 24
35 76
32 50
39 37
15 30
65 87
24 69
5 66
11 44
90 87
10 7
41 2
27 96
72 61
1 30
74 84
41 35
72 73
21 79
78 17
44 15
90 58
53 47
50 77
83 62
28 24
46 75
71 1
19 19
10 66
5 76
39 64
15 79
18 96
52 2
9 55
89 68
38 19
13 56
63 68
23 8
31 47
53 74
68 49
84 53
86 4
69 24
6 2
0 98
37 61
21 50
85 60
36 80
83 60
17 86
79 37
87 52
80 42
14 58
78 22
21 19
90 66
42 32
33 10
84 48
60 58
81 79
10 16
40 4
37 4
16 43
18 92
12 94
55 45
38 49
34 57
17 42
96 63
38 53
23 87
64 3
91 7
24 63
89 83
84 1
21 27
57 29
24 54
3 86
55 84
26 8
23 32
10 15
79 31
25 53
38 38
46 59
24 74
74 15
47 49
89 90
65 13
26 14
76 41
96 39
53 59
83 10
1 22
71 58
30 7
46 34
78 34
1 85
83 18
29 27
94 3
24 50
3 47
15 12
82 44
79 63
90 44
62 8
11 36
23 90
22 74
84 74
95 48
70 35
28 87
7 13
71 71
92 43
80 23
6 29
52 58
56 90
74 76
91 28
82 60
87 88
78 24
60 7
1 47
94 29
5 6
71 30
12 47
93 33
92 78
10 73
83 76
23 23
45 77
91 3
0 7
66 90
50 89
81 11
27 11
39 55
30 46
71 18
89 47
7 93
42 68
7 8
54 84
91 0
60 89
64 99
61 1
70 47
9 44
66 27
47 3
56 83
94 41
22 45
20 45
4 30
86 56
61 84
36 81
52 21
0 44
18 87
37 85
18 80
31 70
3 4
99 14
50 78
45 99
96 60
27 64
57 41
96 56
44 91
87 13
38 8
12 30
62 4
80 78
88 1
75 97
34 27
13 88
79 76
82 42
83 8
10 62
32 47
71 38
85 93
74 24
84 61
70 78
40 67
26 1
88 23
87 41
73 88
44 0
24 85
61 53
66 88
67 17
40 5
67 11
64 25
62 56
62 88
88 22
60 73
59 60
3 58
89 59
98 90
20 18
3 76
78 4
39 16
16 3
97 3
89 54
47 89
37 84
9 87
30 45
89 29
60 21
33 86
79 49
0 12
75 15
3 33
40 69
73 60
47 26
34 34
71 59
28 10
35 62
72 68
17 63
62 49
11 67
69 10
10 1
96 94
56 2
31 33
59 74
69 97
86 93
40 91
67 52
96 45
63 30
51 90
35 11
77 57
95 46
4 62
39 95
97 36
34 60
35 7
95 34
82 57
17 37
66 14
6 33
37 8
93 40
11 18
11 34
16 27
28 17
84 22
73 19
4 7
55 74
45 61
60 67
71 39
58 57
67 4
69 78
36 89
91 12
4 74
15 85
10 23
38 95
35 53
25 33
3 72
67 41
29 79
2 65
50 18
88 26
35 15
76 19
98 66
4 18
28 74
88 38
93 13
81 2
83 69
95 25
6 3
76 70
95 92
34 73
54 50
22 77
27 88
40 41
76 79
52 98
55 4
97 49
3 81
97 39
64 82
1 3
67 49
60 85
53 93
31 40
88 59
23 0
66 77
75 9
80 46
10 58
40 80
18 21
28 35
39 40
22 67
74 37
92 77
56 82
58 32
29 3
63 32
63 58
89 53
81 71
88 33
38 42
88 93
25 89
2 39
7 91
57 27
20 40
68 50
54 83
84 43
90 57
30 64
28 81
83 86
64 47
43 65
31 67
75 3
4 14
31 64
23 28
85 67
80 0
45 73
64 33
98 18
58 43
26 4
40 17
90 55
89 21
66 93
41 34
68 0
42 31
60 38
59 93
12 55
69 2
93 30
86 2
65 38
19 51
17 32
82 27
81 18
16 98
40 92
45 82
41 11
46 5
15 16
4 42
65 77
28 25
19 17
68 82
15 11
62 92
19 11
29 29
10 81
9 19
56 8
35 58
0 72
41 47
53 66
60 78
23 74
3 98
26 95
15 20
49 55
4 31
70 53
77 37
83 71
81 38
32 74
71 65
72 25
30 32
94 99
19 15
5 51
53 12
23 84
2 73
35 39
64 40
29 94
68 85
42 95
48 93
20 22
74 25
21 30
4 59
78 29
71 41
76 88
10 98
71 28
86 50
0 21
65 97
77 36
3 17
51 91
7 60
33 94
85 28
77 46
78 16
75 20
87 50
47 41
84 11
0 79
80 92
32 96
12 39
56 19
57 0
31 32
0 54
39 10
79 74
33 44
62 93
20 6
70 44
52 71
86 5
26 50
79 89
62 28
10 31
69 19
2 44
16 75
64 16
89 36
4 16
79 72
72 39
4 85
3 18
88 42
98 22
88 16
98 95
28 97
61 45
53 37
28 80
47 99
98 41
96 77
88 70
62 96
70 72
30 92
17 30
99 41
13 15
54 57
86 25
82 0
50 93
83 67
54 31
6 81
14 30
20 36
25 60
86 24
79 10
16 82
18 60
6 58
67 97
63 72
83 33
45 81
39 62
10 92
80 81
64 14
57 4
35 66
25 46
72 66
45 11
31 59
42 18
60 98
14 22
63 77
54 21
89 77
75 14
16 81
91 77
48 50
13 32
91 42
31 86
66 53
73 42
95 72
49 3
9 24
35 83
7 16
74 56
93 84
56 75
12 66
94 40
85 77
27 36
51 48
19 86
87 95
1 74
67 48
51 52
82 5
74 94
75 56
37 59
36 44
53 30
45 76
38 71
56 29
26 25
82 14
38 64
76 80
94 66
86 61
64 46
72 74
97 37
95 84
56 85
26 60
77 21
77 8
97 95
73 49
80 86
5 54
31 52
44 92
42 34
69 40
20 2
40 19
9 36
77 84
55 40
28 30
58 47
29 95
26 42
66 67
94 47
60 80
27 34
92 40
14 32
87 90
2 22
94 46
25 48
98 67
77 54
22 98
37 80
56 63
84 41
69 32
49 43
72 88
66 65
47 96
64 75
20 99
10 63
21 21
77 27
34 81
97 34
40 43
57 30
0 39
63 36
21 55
42 74
80 88
42 89
38 37
69 12
67 0
98 82
52 32
98 71
72 60
53 48
60 57
95 18
29 21
4 50
22 86
72 0
62 82
68 83
97 69
16 68
97 11
29 90
49 91
59 91
90 10
86 81
92 64
75 81
95 31
37 25
63 85
59 64
70 14
86 28
0 81
27 74
33 2
53 28
43 40
49 57
19 94
89 88
27 47
98 0
99 58
98 56
30 90
14 44
65 81
55 86
78 56
63 80
49 68
17 51
9 41
21 7
96 52
44 95
89 91
28 41
11 9
24 32
75 32
28 26
90 96
15 15
7 29
81 88
47 40
58 46
15 77
6 65
78 31
86 18
26 51
43 7
66 66
24 43
60 18
94 7
64 41
40 94
84 71
11 58
25 27
58 60
99 1
83 97
10 21
97 63
85 49
33 68
4 44
7 98
55 78
49 61
90 2
45 80
60 3
42 15
96 72
36 74
42 72
58 35
28 72
51 95
24 46
19 33
46 33
13 74
46 83
38 18
76 32
21 95
68 9
50 75
66 81
26 98
48 88
6 72
84 91
1 7
40 15
18 47
11 41
45 45
63 5
8 11
17 14
7 45
54 12
59 29
85 74
78 68
43 11
84 70
77 71
73 9
8 69
78 64
74 9
21 34
46 68
9 98
6 45
5 26
67 22
8 46
58 78
85 8
20 89
73 63
16 93
39 46
79 61
55 73
60 61
84 99
74 35
32 51
84 63
3 50
50 24
90 71
56 17
60 4
69 3
68 10
26 46
70 54
18 90
98 40
91 30
64 73
0 35
85 42
50 7
24 25
50 26
17 41
1 89
60 24
59 99
95 98
45 10
60 65
90 75
81 67
86 54
90 7
95 50
20 1
16 73
75 39
94 20
51 38
17 47
61 23
54 97
96 99
19 56
71 45
95 24
13 46
47 56
58 48
75 87
52 68
96 5
12 83
70 79
10 8
56 59
75 61
16 80
87 16
63 70
7 65
11 56
41 79
39 86
58 84
27 85
1 44
21 43
74 83
2 19
15 34
78 21
86 31
23 63
82 30
46 4
65 52
58 64
54 40
61 99
32 46
63 54
51 31
39 19
42 79
96 19
75 91
92 28
64 27
78 36
1 49
83 41
89 96
21 40
48 43
85 66
48 18
9 1
18 55
35 5
50 31
78 69
85 33
85 26
30 10
77 92
29 50
26 36
89 49
96 66
3 64
47 13
1 79
25 13
69 38
25 7
6 8
22 85
64 45
32 70
57 96
66 46
99 43
80 69
19 48
58 94
79 1
23 85
0 26
38 5
32 87
44 48
64 58
64 88
34 35
65 96
52 77
2 77
25 80
53 83
44 84
20 39
50 2
49 49
60 96
37 65
5 34
54 64
36 69
40 32
37 38
46 52
31 65
1 18
61 80
44 65
81 9
32 57
89 58
83 61
75 43
87 97
31 58
15 62
63 53
93 63
17 82
59 65
61 57
89 34
73 66
73 43
12 29
62 83
20 33
21 49
44 40
0 87
5 90
36 7
36 43
8 43
12 36
1 0
67 71
63 40
3 44
16 49
33 14
93 21
87 6
3 3
86 92
13 40
63 61
74 52
95 11
28 77
21 85
32 14
19 89
93 85
10 2
43 79
88 97
86 95
23 52
39 5
9 32
85 85
49 14
48 33
62 16
29 31
11 53
49 77
86 77
9 68
80 87
34 37
76 14
84 19
20 90
8 89
9 46
38 26
20 71
98 48
21 86
10 53
19 82
77 73
0 3
15 88
34 62
20 73
81 26
79 40
11 78
34 71
93 11
73 35
48 65
4 27
2 14
19 0
5 86
93 32
42 41
92 16
88 57
95 60
18 85
98 65
48 51
38 36
30 29
34 96
92 86
75 80
84 13
37 29
43 26
41 93
79 14
54 80
47 20
26 20
17 28
94 23
0 91
47 66
87 47
12 35
20 82
75 99
54 61
75 73
34 36
82 24
30 42
87 34
22 30
22 59
2 42
74 86
32 83
57 88
54 95
34 3
65 39
73 84
9 60
65 14
39 74
63 10
39 85
98 89
16 22
27 21
4 97
66 22
19 44
68 31
20 63
37 47
62 22
78 6
73 85
66 29
65 88
82 2
42 52
43 37
82 15
31 4
84 15
79 20
26 33
59 24
43 84
49 9
5 30
63 18
56 12
36 66
61 13
93 36
49 67
6 93
44 54
28 33
88 67
8 95
46 11
45 97
83 3
48 31
54 15
80 35
89 61
13 78
3 70
35 71
85 96
67 56
59 17
41 54
86 86
68 5
21 42
66 91
2 54
54 78
2 13
10 51
1 11
47 76
12 81
73 6
85 19
96 8
97 73
88 56
86 62
50 14
31 99
9 25
14 27
18 50
66 12
7 1
59 80
65 99
2 62
74 72
45 92
42 83
35 28
35 9
49 96
48 73
86 88
67 88
82 70
72 63
65 31
77 60
9 23
20 27
93 44
36 48
68 94
47 84
22 50
71 20
15 0
10 19
12 11
27 24
24 38
80 74
44 82
54 14
45 26
42 30
91 18
43 42
21 52
77 12
95 20
23 82
83 89
58 17
20 81
14 54
36 95
22 14
24 27
68 66
13 60
74 23
0 17
47 94
39 89
19 10
97 91
94 52
44 93
3 46
47 18
12 22
4 9
59 26
9 22
52 65
44 83
71 69
23 73
60 0
33 79
70 39
16 72
18 4
83 47
65 56
95 55
63 59
94 30
62 27
86 98
59 87
27 98
50 20
66 72
54 99
43 35
63 9
85 31
3 5
99 38
41 15
93 92
14 29
74 88
71 13
28 51
77 34
51 44
33 9
54 93
53 31
9 4
75 70
20 7
37 43
62 70
47 71
80 44
0 60
81 0
17 70
70 75
13 92
34 76
30 55
52 91
69 93
45 47
72 86
11 84
19 23
10 74
75 47
32 72
70 1
43 92
76 8
53 13
33 1
92 63
29 8
92 89
7 24
49 4
14 76
50 11
16 91
52 3
10 69
15 51
57 32
76 95
51 99
42 96
75 22
57 65
36 10
82 81
2 58
55 39
17 65
62 1
40 87
89 13
84 47
54 66
26 13
51 61
8 12
37 36
44 69
54 36
74 11
4 3
56 57
40 7
11 17
74 16
13 33
91 67
38 10
79 26
2 8
44 71
18 40
10 46
87 78
71 44
48 80
7 7
49 6
9 97
41 24
45 85
95 82
84 69
38 15
7 47
57 95
2 98
2 92
56 41
5 13
43 39
94 22
76 55
39 77
21 47
1 62
63 28
60 33
49 53
63 23
56 23
82 89
77 82
91 13
50 19
67 82
37 6
66 57
93 6
42 56
39 82
55 48
65 27
63 82
97 47
80 29
33 85
20 21
70 11
73 2
87 96
90 11
33 92
40 23
21 63
89 67
87 99
63 81
31 30
14 80
96 71
46 58
78 81
45 27
65 60
4 79
15 1
0 19
66 36
19 79
8 29
47 92
26 86
24 8
74 59
94 83
30 70
26 64
72 36
19 90
56 24
81 25
68 40
66 94
99 40
81 60
8 99
30 54
8 6
97 18
70 19
39 93
56 34
72 57
77 83
61 6
42 4
28 88
57 36
86 27
46 70
42 6
26 90
9 63
28 85
80 96
4 45
93 79
38 84
61 78
85 82
45 87
1 20
1 76
98 1
66 92
21 32
46 30
36 9
62 37
98 73
73 51
9 5
63 26
23 95
6 68
7 19
68 97
96 84
90 91
80 38
26 59
82 63
90 90
64 76
84 25
73 94
67 73
9 61
52 80
68 24
46 61
91 83
95 66
66 17
13 67
28 65
80 37
98 51
44 70
13 35
92 66
45 43
79 19
63 89
27 0
80 36
76 91
72 93
54 38
32 77
15 3
30 4
85 98
99 8
7 82
20 77
25 85
40 66
98 69
52 90
68 43
88 99
95 17
5 21
39 28
51 76
22 57
16 61
58 40
58 7
28 89
30 49
53 85
95 63
63 66
79 95
65 73
34 49
85 43
64 21
24 72
21 8
46 62
90 49
22 54
95 2
10 90
12 28
84 0
84 75
22 70
75 77
11 86
13 86
85 88
13 7
99 87
66 54
20 48
50 10
14 24
74 5
79 21
43 86
92 30
77 42
43 76
88 55
47 74
91 36
92 97
32 76
95 45
21 80
43 99
41 3
10 45
92 44
59 97
83 34
61 64
53 70
49 62
20 95
36 58
84 33
21 1
13 26
24 37
97 75
1 36
56 61
70 61
8 44
26 57
78 28
26 65
54 34
82 52
12 31
86 29
53 82
13 31
86 40
70 0
88 8
70 71
12 75
31 74
90 37
97 79
21 15
23 1
46 95
51 63
42 50
84 51
2 70
92 34
42 11
1 4
34 50
13 66
95 26
11 76
57 61
97 5
28 11
88 9
86 1
69 37
16 7
37 82
74 18
43 74
33 88
81 28
56 40
84 82
64 31
58 49
49 59
89 32
11 59
88 15
57 23
45 72
4 10
18 7
87 69
73 20
24 29
46 74
71 7
23 3
31 81
23 14
99 17
7 84
50 97
65 37
49 83
74 20
33 52
23 89
97 57
71 49
67 7
54 1
9 28
5 22
14 96
13 81
91 45
26 16
18 20
48 22
88 51
72 84
50 81
3 16
79 50
11 52
7 75
49 60
43 49
33 74
86 91
79 85
92 85
16 9
9 99
50 60
8 25
46 2
8 42
83 12
75 53
40 71
78 73
34 68
74 19
36 19
34 89
20 41
75 24
44 33
16 6
40 8
52 83
21 61
60 30
35 93
41 40
8 33
83 14
5 73
53 94
29 73
52 40
22 6
3 43
60 55
79 66
15 69
74 8
91 91
47 91
13 93
86 89
1 12
17 26
98 3
82 87
23 93
1 50
85 59
25 93
85 32
26 2
1 97
4 21
52 14
61 92
54 90
55 29
72 33
84 29
91 25
88 89
13 37
54 63
85 73
91 97
39 47
77 93
94 86
18 28
38 76
16 89
27 29
91 58
39 6
21 17
66 42
84 98
25 63
44 55
60 53
82 65
71 81
0 13
14 49
21 99
9 2
10 65
61 30
17 58
2 27
54 87
23 42
74 44
45 50
92 96
91 84
96 68
7 34
83 79
54 13
55 51
76 28
86 34
3 94
80 14
4 46
84 94
22 37
76 47
90 39
76 89
16 84
84 83
38 51
34 45
30 6
21 83
30 59
69 16
4 26
64 67
67 27
12 44
80 55
74 60
14 70
52 69
11 55
29 39
31 83
83 52
32 49
9 91
61 35
35 14
82 79
72 9
38 81
67 26
25 20
0 18
11 92
41 18
80 73
87 48
95 0
52 74
76 62
98 59
57 52
93 55
43 77
46 94
43 64
64 70
65 53
43 88
59 82
1 33
60 41
96 51
21 51
9 51
47 79
59 23
7 5
47 68
58 6
17 79
20 62
73 92
88 62
31 62
60 91
54 49
42 26
40 56
82 35
15 47
6 62
69 6
28 61
79 25
89 26
25 67
50 83
32 37
51 72
4 0
3 10
30 19
95 67
92 47
48 61
0 1
55 27
99 79
17 6
76 15
19 67
5 57
1 71
52 81
69 5
97 21
89 6
31 19
47 39
28 44
74 97
54 9
68 21
50 57
1 67
33 15
78 10
35 56
45 31
93 96
18 72
15 21
63 15
63 62
93 66
99 56
37 99
51 35
20 47
39 25
21 25
25 94
14 97
26 89
41 36
20 23
59 66
34 25
75 6
57 58
25 96
92 19
95 86
16 56
3 79
41 32
2 87
63 17
33 37
40 16
49 34
78 35
53 72
45 15
72 46
96 44
25 64
51 98
48 19
53 42
76 54
25 56
5 61
69 73
99 25
70 70
1 70
63 74
23 80
52 7
11 95
28 34
17 4
29 69
87 28
36 3
99 70
0 8
46 81
41 23
84 10
97 87
72 29
51 3
23 12
18 76
11 33
73 8
13 12
8 86
61 22
95 35
5 96
75 96
57 90
54 20
81 20
79 27
39 31
18 77
44 5
27 8
91 90
58 34
15 25
11 22
44 2
75 57
28 91
31 20
87 74
33 96
77 49
57 63
58 28
31 7
63 93
77 32
67 20
74 63
60 8
72 70
61 34
9 15
98 31
85 53
69 81
65 69
2 1
92 52
25 9
61 56
97 59
0 25
0 83
12 90
50 36
57 99
28 75
69 71
34 12
50 9
62 59
90 95
45 49
4 47
62 52
36 62
8 55
54 59
3 92
91 71
22 82
65 67
33 38
25 58
63 13
42 10
39 15
71 89
21 16
91 88
62 24
51 12
18 79
34 10
18 3
37 31
87 31
20 87
66 30
44 27
81 85
7 11
65 78
51 21
34 75
3 32
32 18
12 7
46 60
47 90
39 63
13 77
12 48
11 71
6 86
26 70
18 82
57 44
37 51
47 86
3 9
0 96
96 93
38 87
11 39
95 90
17 56
86 21
19 66
21 88
17 25
64 35
64 83
50 34
65 44
13 50
47 4
88 66
39 51
87 5
93 87
85 16
10 36
59 7
27 4
37 16
76 61
52 52
25 52
13 85
71 52
51 0
82 92
36 1
41 66
99 24
89 89
65 54
39 72
33 5
29 71
39 99
48 24
35 49
82 7
84 87
93 46
41 78
60 39
75 72
17 52
73 62
93 69
69 85
96 82
0 31
24 13
69 94
5 5
28 71
4 19
99 81
71 4
32 73
85 91
15 37
2 33
70 64
17 40
86 41
96 15
45 16
1 59
47 46
4 60
20 76
89 98
55 5
73 18
14 98
16 74
54 52
63 16
40 73
18 73
8 40
33 29
60 74
97 93
69 0
1 82
26 91
44 50
76 99
26 54
28 73
50 66
58 56
87 66
27 80
53 95
44 14
18 30
80 68
34 18
12 87
42 33
98 36
81 45
95 99
43 66
53 75
50 21
53 87
40 72
48 53
73 53
46 12
81 93
25 0
62 55
52 8
28 9
44 76
80 1
38 12
92 5
73 32
68 26
37 33
89 99
36 20
7 51
87 79
22 69
36 35
31 78
48 44
53 25
20 26
17 18
21 91
34 40
72 96
70 69
11 13
44 73
23 43
30 58
42 69
86 66
32 98
16 46
17 71
81 99
0 67
28 64
29 55
28 50
45 41
15 4
66 11
30 20
51 67
41 25
14 62
15 46
90 69
24 41
27 26
47 2
15 29
55 65
91 39
66 55
7 15
88 84
30 12
30 26
91 4
43 21
41 12
31 79
45 65
55 89
43 31
7 90
7 64
69 75
80 67
26 15
52 35
18 17
97 6
99 91
8 65
14 95
14 28
85 61
79 75
0 62
14 91
96 40
14 59
79 43
76 42
68 7
80 45
82 59
91 80
24 68
79 81
44 16
82 69
90 31
41 30
22 91
3 91
40 45
2 48
0 82
69 13
83 15
82 71
6 27
79 69
60 40
13 17
36 21
44 43
56 76
88 52
13 30
66 33
26 75
52 13
37 40
15 64
21 69
89 25
77 35
78 97
47 83
58 80
37 74
12 42
92 17
39 29
32 25
67 90
88 11
2 37
11 12
9 57
37 34
37 64
27 7
17 61
25 61
29 17
15 70
94 39
6 47
22 79
93 51
30 91
32 80
90 26
33 60
46 27
56 88
53 1
38 3
71 57
10 99
54 19
76 2
77 26
2 21
28 6
84 30
89 5
31 46
60 76
99 36
87 46
48 86
53 92
52 95
90 61
52 1
65 55
85 5
83 27
82 37
19 22
97 81
97 10
39 60
79 16
17 66
5 65
43 82
53 55
36 63
11 45
18 94
42 58
40 86
71 63
35 61
97 41
64 23
77 9
65 29
85 4
48 14
38 80
0 27
67 19
61 82
73 80
93 67
90 63
84 54
37 67
31 57
55 10
41 19
77 22
25 24
68 46
81 73
52 84
94 80
57 60
96 90
82 95
8 47
87 17
6 10
74 92
94 17
16 14
9 77
36 32
95 43
89 0
62 20
41 68
66 78
28 48
60 34
61 38
11 19
83 28
41 50
3 63
97 31
95 7
78 51
48 98
25 30
99 5
81 8
23 34
39 3
55 60
78 93
9 79
71 8
20 37
97 42
39 44
79 98
34 67
94 93
95 97
51 29
81 19
39 84
97 40
13 95
87 27
86 74
36 65
52 48
94 57
7 27
16 19
84 49
38 55
45 5
16 25
42 20
99 50
54 77
25 65
21 35
72 2
50 40
62 84
71 94
26 5
78 61
25 34
88 58
79 73
43 81
7 9
84 2
39 75
25 23
25 19
43 45
5 45
54 91
30 62
0 45
75 10
61 11
17 74
87 77
73 95
82 31
56 42
76 45
30 5
74 2
89 14
99 22
84 59
12 69
82 43
55 34
29 16
24 18
42 59
98 30
48 99
96 29
1 27
13 22
0 57
46 72
15 39
8 15
40 85
58 81
83 5
97 19
71 48
28 79
99 95
83 4
17 10
90 23
9 72
21 46
32 26
7 95
75 40
10 56
24 24
8 62
53 69
14 43
75 82
13 72
83 2
16 5
89 33
63 86
7 49
32 59
90 85
43 36
61 91
74 22
3 12
12 51
7 12
73 47
97 66
43 34
70 76
23 46
23 54
23 97
95 8
86 42
24 79
84 86
83 38
45 4
29 7
76 58
21 0
85 48
60 54
37 92
73 22
33 46
12 15
46 13
35 55
77 65
19 50
86 38
79 17
33 3
99 30
27 41
76 68
31 3
4 12
66 5
94 18
15 43
60 45
3 55
54 82
37 23
86 39
15 54
60 81
54 72
85 69
36 39
94 24
31 50
5 77
32 69
60 56
70 60
93 74
90 88
42 23
23 72
81 23
71 90
57 43
33 51
39 68
22 11
22 34
23 70
56 21
10 28
87 29
4 75
2 66
14 71
99 82
80 26
26 10
52 94
5 28
35 23
48 15
35 90
22 19
78 23
13 8
77 78
15 33
0 11
52 70
1 9
30 75
39 36
55 24
23 62
69 1
30 52
38 40
51 68
69 4
48 25
0 46
75 16
49 41
78 94
31 38
79 29
47 82
58 2
2 56
94 38
80 75
77 15
81 69
11 83
48 83
20 80
54 74
96 13
86 59
11 2
44 20
16 92
47 32
79 6
21 60
88 2
73 0
57 6
69 86
58 27
55 7
64 20
57 9
30 82
93 99
5 70
2 97
45 21
89 19
37 42
38 44
95 13
31 6
52 25
75 11
66 76
38 1
60 1
93 75
15 75
85 9
99 49
52 64
44 94
73 39
78 98
49 25
47 57
73 83
49 64
19 30
2 40
99 99
34 64
6 0
34 2
43 18
19 8
3 80
27 75
56 93
40 48
98 24
38 24
25 1
18 19
22 9
22 24
53 41
74 50
3 20
78 76
52 55
73 68
55 31
43 13
62 86
94 58
91 51
63 0
6 12
25 78
16 51
74 43
16 18
43 50
54 33
69 27
82 25
57 17
68 1
90 89
86 35
42 14
22 64
13 27
96 50
9 59
5 29
24 80
29 53
87 60
95 42
74 95
54 8
16 40
93 19
58 71
10 6
62 57
19 78
80 66
54 17
7 22
76 50
91 96
87 76
56 6
89 71
84 21
82 90
64 15
45 78
78 49
9 69
98 93
65 42
80 99
58 61
33 72
61 8
4 73
28 58
25 3
48 30
19 91
86 23
47 34
72 19
39 23
32 23
47 59
32 8
39 57
75 8
54 51
38 58
66 89
6 49
49 48
49 30
5 80
80 30
74 27
6 24
63 57
71 60
88 39
17 9
25 86
86 71
9 83
74 64
10 87
88 78
14 68
1 72
65 83
27 57
46 32
90 54
34 15
47 54
26 53
12 93
12 10
31 11
43 87
45 28
19 72
16 21
42 90
17 91
22 83
84 32
29 92
55 49
50 73
64 65
26 76
98 83
77 74
75 69
89 60
74 57
45 46
81 43
30 36
13 76
98 29
77 86
17 31
24 21
97 78
35 82
1 83
78 40
20 12
29 41
23 15
39 81
33 78
97 35
32 71
15 97
79 5
64 5
12 64
30 41
43 96
99 62
52 82
48 42
39 87
16 10
65 32
41 56
73 17
81 16
68 45
27 22
50 23
44 35
54 68
6 80
51 24
0 42
99 12
30 68
64 54
73 74
18 29
6 26
70 93
97 28
2 75
87 65
11 43
80 20
35 81
92 80
14 2
17 36
90 34
61 24
30 9
82 22
57 80
98 72
98 34
10 75
42 67
53 44
64 90
34 41
74 68
56 0
61 88
28 39
9 37
22 60
32 55
94 51
90 48
88 3
16 67
26 38
58 98
27 97
46 96
46 48
33 98
10 32
23 44
44 78
58 1
12 61
45 59
92 15
53 57
70 87
92 38
99 45
69 46
35 60
44 1
3 8
40 51
78 52
1 86
60 66
61 19
22 84
25 31
17 48
1 16
49 47
22 16
25 66
77 75
38 66
40 0
38 43
22 76
38 47
85 71
18 53
32 24
66 95
66 40
55 23
92 61
88 44
85 57
43 95
78 18
33 42
96 27
17 97
13 58
77 90
75 54
25 22
51 80
26 72
72 45
99 90
9 84
59 88
78 92
78 54
74 53
71 56
74 74
25 15
6 85
11 81
43 58
19 83
49 54
31 95
20 25
28 56
10 30
65 72
48 85
28 63
46 37
69 84
57 3
51 17
71 32
4 80
61 55
48 45
92 68
16 29
58 99
43 61
78 0
15 63
75 45
51 45
98 58
95 33
58 62
40 64
37 98
18 61
41 71
36 60
0 0
29 65
56 96
76 44
37 86
52 23
56 87
0 63
86 96
85 34
5 60
71 2
32 64
88 48
21 93
69 21
2 55
48 70
40 52
30 51
99 78
91 35
94 65
63 37
55 81
20 24
20 10
45 17
47 61
35 42
13 29
92 37
65 80
43 98
5 31
69 59
2 88
17 38
57 55
6 84
74 75
29 75
88 83
54 86
89 62
18 63
54 16
68 15
11 20
41 43
53 56
69 35
88 68
24 81
78 37
81 1
81 57
58 41
17 81
48 12
83 53
79 3
12 43
23 94
59 73
5 97
76 81
70 17
67 1
63 11
45 37
49 21
90 20
89 69
56 70
40 25
78 45
20 72
13 9
8 51
46 39
83 93
74 4
81 24
35 51
78 62
51 16
36 51
60 14
54 2
68 18
79 99
5 93
30 44
42 3
60 2
19 21
62 30
99 88
56 55
64 59
36 91
37 52
64 17
14 51
58 21
70 68
61 2
82 3
18 56
70 63
51 50
29 35
8 80
51 36
90 9
10 22
88 41
75 23
56 33
14 31
36 86
41 74
14 26
47 21
50 72
18 69
62 44
64 79
11 25
51 57
90 8
87 89
44 36
31 72
35 97
94 72
72 67
35 19
91 33
27 37
50 62
60 59
65 57
20 74
93 52
4 40
61 37
60 29
10 39
6 7
41 69
21 31
22 40
47 72
72 24
24 64
49 94
25 39
76 77
75 55
27 40
20 20
4 37
14 33
76 43
99 3
90 12
91 95
38 61
31 63
21 70
98 78
63 46
8 54
40 93
70 42
2 16
27 31
62 35
35 2
79 82
89 85
27 32
72 43
46 25
12 34
34 82
64 72
70 15
23 40
70 92
48 47
56 65
23 50
52 38
2 50
0 92
5 88
12 56
35 68
22 58
59 40
42 81
88 87
67 91
23 91
85 55
19 81
56 51
8 9
1 58
17 90
15 31
43 23
78 26
36 12
92 90
59 63
85 18
99 33
96 83
62 53
41 9
10 17
43 63
25 81
9 35
58 22
19 13
10 50
28 19
81 84
95 58
1 56
38 85
62 34
0 40
68 64
69 52
7 92
64 81
67 61
95 53
98 37
39 49
66 6
74 1
71 21
40 65
21 45
55 96
33 47
51 88
99 27
7 87
36 2
32 13
13 52
41 57
47 78
35 38
93 15
46 84
79 38
17 80
73 90
47 80
23 33
68 42
82 93
12 54
85 87
84 84
2 89
85 25
62 17
69 58
8 37
49 2
67 12
77 80
24 23
78 19
6 11
21 18
58 19
26 37
44 32
92 24
86 8
9 3
92 41
62 42
7 37
22 71
69 72
74 46
43 72
82 77
62 94
60 84
46 55
8 83
75 71
14 11
25 82
61 66
81 70
19 97
60 43
92 51
91 24
88 46
54 70
92 45
37 83
60 97
89 18
3 78
63 64
71 10
99 48
69 96
36 27
76 83
19 39
9 47
85 97
94 43
6 91
81 32
59 14
35 48
4 23
70 41
5 74
77 52
25 40
98 39
79 90
82 80
91 94
45 8
40 79
59 15
73 69
11 38
42 0
37 12
47 88
79 39
34 53
59 20
75 95
4 84
30 63
71 24
91 23
27 9
68 32
6 35
19 55
83 98
59 79
60 50
37 2
52 99
6 14
73 82
61 69
81 96
88 49
79 80
85 24
48 9
17 17
66 1
93 42
51 41
4 41
8 73
42 76
97 89
90 16
48 87
78 75
11 51
95 29
66 97
97 2
0 85
14 75
63 49
93 9
80 48
59 84
67 2
81 72
39 27
15 68
0 80
56 47
45 95
0 76
41 10
64 66
71 37
46 82
14 92
29 68
48 79
8 85
0 95
13 55
11 62
37 91
52 66
16 17
83 36
61 76
82 55
54 27
24 61
61 12
83 82
84 6
44 41
22 89
53 43
62 15
51 93
23 76
80 93
42 87
88 32
52 31
97 61
37 17
15 84
92 3
58 68
64 56
88 61
53 71
48 49
18 36
3 31
29 85
48 3
71 73
4 25
31 45
76 7
49 52
59 76
69 87
64 49
54 79
40 60
48 6
45 86
58 50
36 67
12 49
83 95
65 36
16 15
30 80
62 74
15 17
84 12
10 76
72 59
55 8
73 3
18 11
37 57
47 87
39 32
58 26
22 81
37 62
4 34
81 64
63 6
20 5
41 42
41 16
24 66
46 88
23 29
96 87
37 94
53 49
78 55
57 59
5 81
22 66
21 97
5 3
64 84
42 70
29 64
66 3
44 49
25 62
72 85
77 14
77 45
54 69
15 87
4 28
10 93
35 34
6 96
2 45
29 44
9 16
7 21
36 41
81 63
28 55
82 45
85 63
24 94
76 60
22 80
77 0
50 32
40 88
16 90
20 61
49 88
66 39
79 65
5 7
80 62
88 40
57 12
88 64
36 0
38 20
56 71
23 38
72 5
59 83
80 61
16 59
67 55
27 42
32 91
81 36
8 1
5 59
47 70
63 44
53 68
71 6
90 30
32 54
91 69
65 8
73 86
6 46
49 20
92 0
25 38
88 5
27 94
76 98
8 92
76 97
88 6
50 33
23 77
75 58
8 76
37 44
88 77
60 60
9 34
33 40
27 83
66 96
19 16
77 51
77 99
35 72
53 78
0 90
94 96
83 35
29 19
0 30
34 56
39 34
74 34
7 4
94 92
57 56
82 82
37 27
42 94
71 80
4 86
47 27
10 25
6 42
83 49
49 33
47 42
51 11
63 8
55 32
18 89
27 72
12 60
33 56
16 23
98 80
86 94
88 60
52 87
32 7
83 90
15 9
14 60
64 78
53 24
24 17
72 81
36 28
78 83
22 96
34 31
83 48
84 80
70 67
91 57
51 4
45 53
23 55
79 71
0 23
51 20
59 48
18 64
23 11
6 79
92 2
31 56
96 3
65 64
47 53
79 52
34 20
27 23
10 61
86 58
62 80
57 45
81 94
20 58
93 94
32 65
49 45
34 90
70 37
10 84
74 32
2 12
4 24
84 4
48 35
22 51
0 47
36 13
92 46
77 6
84 18
29 43
5 85
32 3
70 83
15 50
24 51
7 39
96 42
88 43
45 23
51 40
32 9
21 39
4 63
22 95
78 66
37 0
42 19
27 6
29 99
94 45
24 62
29 84
37 96
40 37
4 11
61 46
85 29
5 63
3 21
30 88
5 44
79 51
62 99
58 92
32 88
83 57
79 13
83 29
12 92
80 8
51 65
75 92
49 11
49 40
78 39
73 65
66 31
73 5
27 16
33 0
3 15
7 41
39 12
30 39
14 82
43 89
93 98
0 84
61 87
20 14
46 89
18 67
87 98
50 52
14 13
21 38
1 34
90 82
89 24
99 77
99 75
31 36
23 57
40 83
90 97
7 70
74 51
7 67
74 17
24 6
22 93
5 98
47 9
66 52
56 56
46 51
65 40
70 48
1 25
46 21
13 91
39 78
11 87
69 23
92 56
73 23
71 53
61 18
53 35
35 98
27 95
25 16
47 7
87 64
86 32
91 86
51 92
71 50
93 47
21 14
42 22
6 55
13 53
44 72
47 55
20 4
26 34
81 80
30 35
65 46
95 76
83 73
26 63
10 79
43 69
52 5
96 59
15 83
74 54
5 14
99 6
81 42
51 81
13 98
87 43
14 89
91 8
90 6
74 65
8 8
15 45
36 34
25 49
26 24
29 37
99 20
33 17
1 78
11 7
57 19
68 48
88 4
5 68
33 13
85 36
15 74
79 86
7 36
21 59
34 43
27 66
17 46
43 9
80 17
9 81
42 54
65 94
65 59
0 29
33 45
94 8
35 95
26 71
62 7
84 34
66 8
9 0
75 25
57 40
66 32
63 83
77 18
40 18
0 89
15 65
51 87
82 46
89 23
52 62
43 5
97 25
84 81
95 44
73 7
42 45
72 52
15 56
95 30
5 94
13 63
58 20
42 5
72 41
46 77
10 41
90 3
83 63
58 3
36 59
39 88
68 90
22 65
47 6
81 77
62 65
87 3
59 57
35 31
36 61
27 1
42 12
94 59
52 11
3 41
59 92
61 60
77 79
2 10
56 95
64 97
55 63
22 90
81 12
11 15
25 83
70 26
51 55
11 85
7 30
15 81
58 90
90 32
59 37
56 91
8 0
20 42
65 34
78 72
49 39
8 93
17 85
4 6
83 9
22 44
98 60
6 38
38 41
93 43
91 49
75 65
43 55
45 83
19 40
96 80
91 78
7 59
61 72
55 59
78 46
33 61
73 48
53 50
25 55
81 68
27 55
8 60
33 35
96 69
67 70
76 92
40 9
84 76
83 51
74 13
25 69
63 33
17 69
78 33
37 32
36 97
20 0
27 27
66 18
29 14
11 75
81 82
29 36
10 70
3 7
62 68
97 77
15 95
54 73
14 85
40 76
32 21
69 55
71 95
67 53
66 4
43 10
77 76
82 34
47 28
71 76
25 92
77 5
23 4
52 76
25 6
50 54
36 94
54 3
39 61
27 68
73 98
2 63
72 11
60 70
87 11
16 1
59 95
91 81
2 32
17 33
48 56
83 19
17 57
98 75
68 56
86 65
83 94
27 92
28 57
4 35
32 29
99 59
19 18
36 71
49 72
76 21
9 52
35 3
8 2
93 73
89 2
52 88
10 96
97 12
98 76
32 84
87 91
62 54
41 8
13 90
26 66
74 10
43 32
21 96
44 68
1 17
64 29
2 18
66 85
20 50
70 74
14 12
6 67
69 50
62 87
21 57
24 83
4 22
0 75
71 72
59 70
53 7
38 29
79 70
75 34
44 79
4 98
37 87
86 80
83 39
27 10
17 72
1 55
50 99
39 59
44 44
74 58
98 87
92 11
66 79
83 42
47 50
91 99
97 55
28 15
68 36
29 34
6 23
82 84
13 89
64 92
60 87
62 40
78 63
46 3
29 47
53 89
21 68
3 42
51 23
81 35
11 82
24 35
0 4
73 76
85 44
47 44
44 66
40 24
50 69
66 2
8 22
38 74
32 99
77 38
27 56
67 15
90 94
62 33
92 83
63 88
27 93
15 35
23 10
45 22
90 0
38 98
37 35
22 17
29 52
87 58
82 8
23 83
54 28
95 27
11 14
18 91
2 84
70 90
78 14
13 61
62 43
68 74
28 27
47 16
85 70
29 49
40 29
56 11
76 51
92 59
37 71
10 57
11 4
79 58
18 38
29 25
97 29
31 68
15 19
16 26
65 25
6 60
90 76
54 44
22 62
25 98
2 71
33 11
0 55
17 95
78 90
7 44
48 69
33 91
79 24
66 86
92 71
35 35
18 32
41 81
21 67
10 34
95 95
36 88
19 85
4 1
57 49
84 36
53 76
33 87
12 97
36 85
41 4
67 5
83 23
70 5
30 78
52 22
59 32
82 39
96 14
77 96
94 28
95 87
34 85
78 77
52 75
10 10
64 6
72 26
38 92
25 18
27 12
37 49
35 52
68 98
67 79
15 78
97 1
99 64
68 4
91 40
87 80
84 45
25 8
47 24
39 26
18 83
83 37
72 50
26 35
31 2
64 26
45 48
31 28
21 2
29 23
98 15
77 43
29 48
50 49
53 65
65 70
89 75
37 48
99 4
2 68
56 89
55 75
32 40
78 91
9 31
56 15
16 97
9 17
97 32
29 54
7 25
44 6
37 26
14 47
26 44
32 19
9 73
35 77
37 90
98 13
44 45
49 78
99 39
58 29
14 72
77 58
72 42
8 13
98 38
54 56
67 42
60 36
65 68
19 36
47 64
94 44
41 65
34 22
54 45
80 2
87 24
57 94
81 13
21 73
19 52
37 76
80 15
48 23
4 83
0 53
84 7
75 26
47 81
93 82
22 92
31 60
65 98
54 75
6 19
63 76
36 54
98 42
20 93
61 36
96 85
84 90
19 99
2 81
20 85
37 39
11 31
44 85
7 83
70 55
33 19
0 16
27 61
46 8
6 48
12 53
76 76
45 39
19 62
64 69
74 89
70 21
11 5
71 27
98 26
80 51
58 23
80 79
2 2
30 17
34 7
85 47
20 16
39 17
46 90
0 65
97 80
74 6
34 93
44 89
0 34
90 81
80 10
12 4
81 87
35 43
13 19
77 11
87 36
31 71
37 53
77 3
76 26
13 24
69 25
54 22
16 16
33 76
28 31
33 8
87 44
99 52
33 49
73 77
61 48
7 42
39 80
17 83
55 50
76 25
55 98
87 59
8 98
53 73
92 26
76 20
89 38
96 24
9 50
82 21
24 39
54 29
89 94
14 9
41 60
70 91
80 25
55 35
71 29
74 41
35 89
36 98
69 7
55 97
30 67
91 11
96 48
98 44
61 7
16 35
37 14
46 18
82 26
66 35
12 76
24 86
57 57
61 28
94 21
12 19
84 55
64 42
97 60
59 25
55 13
65 50
60 48
28 62
93 71
92 7
93 4
33 65
19 61
19 12
17 29
14 19
18 42
24 92
46 57
22 88
8 3
48 76
52 59
31 15
68 65
24 22
38 25
78 82
23 81
44 74
68 87
97 58
88 76
91 50
97 52
12 2
79 48
82 6
6 92
28 98
36 87
11 29
96 57
50 30
42 21
42 13
60 77
52 85
53 86
82 32
76 75
78 32
46 76
0 71
53 33
52 9
23 71
34 1
16 32
61 74
59 51
52 54
16 4
69 34
90 40
76 18
4 94
26 73
36 96
97 82
68 17
89 52
54 30
53 15
83 92
54 47
51 82
30 76
16 50
49 8
86 76
26 30
8 79
60 90
29 10
83 58
35 32
65 62
44 17
81 34
99 57
52 12
21 28
63 52
6 30
28 40
35 21
74 80
75 28
42 99
22 3
18 99
81 15
32 33
97 53
68 59
42 60
18 46
66 38
11 0
30 2
25 72
45 32
79 59
2 80
53 96
2 93
55 83
97 4
42 91
9 70
96 53
76 82
94 19
5 1
85 46
79 7
12 26
93 1
17 96
86 73
8 50
23 69
32 78
33 95
28 78
73 10
19 96
13 71
0 68
17 49
82 18
86 63
52 27
72 48
35 25
63 67
6 78
68 2
42 62
79 92
48 77
69 64
62 72
5 24
82 48
35 80
45 71
1 99
19 65
2 24
12 62
48 29
76 56
49 66
27 73
98 27
78 20
0 64
21 62
27 52
60 82
21 53
83 32
71 70
35 74
51 75
95 70
17 12
34 8
8 30
78 74
87 7
19 9
99 97
71 9
5 84
28 14
44 22
41 64
26 28
42 88
22 1
58 82
13 54
38 70
12 79
95 81
3 56
41 59
91 68
50 47
77 64
92 98
52 72
57 22
83 64
87 1
80 56
9 85
43 48
66 56
56 69
11 63
39 66
35 85
31 89
81 10
58 9
87 15
4 13
2 3
58 10
41 72
59 12
58 31
25 36
93 65
40 36
13 1
5 79
9 65
14 20
95 9
44 29
3 30
4 92
77 55
31 49
74 14
55 58
99 10
95 79
41 62
74 30
38 72
61 85
69 18
11 48
77 1
68 70
8 23
38 35
40 38
76 65
88 21
91 56
73 93
3 14
68 3
28 38
34 19
99 19
75 18
19 43
81 33
63 19
39 48
47 38
60 11
94 48
49 69
46 69
52 30
15 76
10 49
81 39
19 34
30 27
5 15
7 54
60 49
28 16
62 0
93 93
94 67
39 53
86 43
83 24
36 14
77 63
15 59
92 81
55 26
17 54
21 37
55 9
65 24
82 33
31 69
13 73
64 48
83 44
98 63
11 54
51 42
71 68
77 85
21 82
34 59
71 46
48 16
42 47
28 69
14 34
46 99
37 77
90 50
72 65
19 84
68 38
58 85
6 57
18 0
25 29
48 7
52 56
49 84
13 79
89 84
48 68
8 20
79 78
48 82
35 1
45 63
56 14
66 99
30 37
42 75
27 91
27 44
43 90
95 12
26 43
12 32
54 5
96 74
97 45
79 22
52 46
72 83
63 39
0 38
58 24
3 40
82 98
27 51
76 72
88 47
54 94
29 81
64 96
59 72
85 30
97 0
66 28
11 50
28 3
77 23
28 36
19 74
75 30
9 27
39 91
36 24
60 31
31 25
89 92
57 67
27 48
55 56
39 8
65 16
61 54
27 2
35 37
3 53
84 85
6 1
68 41
75 85
3 60
75 62
32 97
96 17
46 87
88 25
55 0
15 72
64 94
13 57
23 79
90 35
10 14
3 68
51 26
75 49
97 86
47 95
51 66
69 67
10 37
85 86
6 36
28 90
28 8
84 88
95 73
25 44
43 6
49 81
89 50
18 52
77 13
87 73
69 43
3 83
53 4
60 44
99 44
75 64
24 82
22 55
32 11
60 71
48 28
72 44
20 60
10 26
92 88
5 50
0 32
62 2
32 44
94 56
12 23
70 49
52 57
0 33
10 72
75 66
18 45
73 4
12 96
41 31
86 10
25 21
51 39
33 99
37 41
29 9
67 63
26 55
26 68
72 20
1 77
84 67
79 15
0 52
95 56
99 11
90 27
52 26
22 94
40 27
67 57
69 80
72 79
89 22
32 75
80 4
55 15
87 81
54 41
94 76
42 36
70 9
73 27
11 72
45 54
32 81
7 55
12 0
29 82
62 79
25 90
55 20
28 66
76 90
75 37
51 73
79 33
24 3
74 26
76 67
76 93
64 80
41 17
82 64
33 75
92 60
20 69
9 26
92 50
51 94
68 96
13 49
69 90
23 45
33 82
61 93
75 5
79 8
28 95
41 27
0 61
76 84
75 84
12 1
94 55
7 79
27 49
81 3
38 6
68 54
55 11
74 87
41 41
64 32
25 32
96 89
56 10
14 61
73 34
96 95
98 88
22 75
67 43
7 96
68 88
68 20
3 24
78 86
9 9
32 48
86 33
32 6
37 81
76 23
70 8
1 14
40 12
96 79
14 39
71 96
26 9
2 57
49 95
6 88
60 17
38 34
7 74
61 73
38 65
78 80
86 78
28 68
30 85
4 39
52 19
41 61
35 67
88 92
84 9
98 6
72 49
65 79
61 86
89 44
29 78
72 90
5 99
53 2
8 82
8 41
1 45
93 24
93 88
69 49
33 6
67 59
73 33
69 57
90 93
84 27
41 48
80 94
50 42
42 65
57 25
65 82
7 17
36 8
68 57
24 40
14 18
19 73
71 84
85 20
41 91
58 42
9 10
56 62
0 37
97 56
92 23
48 1
83 77
61 29
58 36
9 45
14 38
33 12
50 39
81 81
31 39
75 38
82 66
14 16
56 3
11 99
50 85
87 86
69 65
71 11
18 10
46 64
95 83
13 11
8 39
85 58
59 86
24 93
75 42
37 63
58 45
14 81
72 72
20 86
87 75
48 32
67 25
0 77
23 61
81 86
50 48
42 29
40 98
71 34
10 47
95 32
29 6
51 25
52 41
66 13
9 53
42 57
14 21
39 69
36 11
50 51
73 71
75 4
99 93
12 78
19 31
12 33
56 36
30 79
4 66
45 20
49 85
52 6
36 40
24 52
16 99
34 11
76 37
22 22
32 52
5 72
20 65
78 71
72 47
65 58
45 42
96 88
14 37
58 13
64 11
76 24
55 80
89 39
9 18
43 4
90 15
85 17
68 80
37 55
85 78
41 58
8 48
30 33
34 94
57 89
31 12
58 67
56 84
44 61
9 11
68 35
0 15
89 48
35 84
67 45
24 44
59 58
76 86
91 74
73 31
43 15
39 18
40 49
36 99
20 56
48 64
34 42
35 10
89 81
35 8
20 15
16 88
43 14
25 35
56 32
43 16
19 4
93 56
10 20
44 12
8 97
78 44
73 97
5 39
54 7
88 45
72 75
78 70
51 13
10 89
24 59
25 45
14 36
9 21
29 33
48 13
63 1
61 31
32 82
15 14
11 61
91 59
13 2
94 54
50 27
92 42
56 26
3 87
94 9
0 36
5 56
43 85
58 8
94 16
23 68
25 5
87 26
38 68
3 39
26 17
80 18
34 54
55 21
2 17
44 42
33 26
41 67
43 17
16 76
96 2
13 99
10 83
17 1
42 71
97 62
68 93
66 9
18 59
86 36
24 56
95 19
94 1
62 10
92 18
44 98
1 84
18 31
17 68
33 54
92 65
12 3
46 85
70 33
9 6
29 62
20 29
87 54
71 88
20 46
8 84
46 19
39 9
99 7
71 85
67 80
27 87
91 72
90 17
3 11
39 83
13 96
6 97
58 16
13 97
42 49
76 63
1 91
96 58
42 46
58 58
89 66
29 63
64 34
75 7
15 93
21 65
46 16
92 57
95 41
3 26
89 16
67 30
21 92
70 81
61 16
67 58
43 91
34 23
66 60
65 90
34 70
93 50
82 54
27 59
48 89
74 29
87 57
76 4
18 78
87 33
66 84
21 23
5 53
0 97
29 40
34 29
39 52
23 20
86 87
50 95
80 9
78 84
34 78
55 61
1 21
33 71
8 45
66 44
58 33
88 14
45 7
33 30
69 9
39 70
46 29
82 13
96 9
79 97
86 57
37 28
59 61
18 84
39 56
61 90
18 1
56 44
79 84
94 73
57 24
66 75
3 74
61 75
61 0
67 16
20 38
96 91
98 79
3 90
6 75
51 85
20 83
36 47
69 88
36 4
52 63
41 97
85 54
89 31
51 34
25 14
89 27
52 97
76 40
11 46
87 45
22 87
42 17
83 56
76 33
93 8
49 65
71 87
38 22
39 33
38 94
8 90
40 81
97 16
34 5
44 57
29 24
76 27
76 0
26 32
86 15
24 10
65 11
17 84
48 58
17 59
44 99
96 33
93 58
64 87
70 32
11 23
66 47
37 5
73 29
79 42
90 99
72 23
59 62
31 73
53 51
69 31
81 74
66 73
94 81
15 57
86 90
41 85
15 5
89 9
60 26
26 48
63 51
29 11
0 99
81 62
70 65
37 68
14 40
85 7
67 54
28 21
14 1
30 25
65 23
98 25
98 28
53 98
61 62
65 1
49 1
43 29
39 11
95 36
33 24
8 49
56 53
35 88
18 44
24 45
59 36
88 13
72 71
55 99
85 23
32 85
40 61
3 6
65 2
89 3
36 46
41 46
29 89
48 21
84 73
67 8
23 58
67 3
91 89
79 41
38 60
4 20
78 30
91 6
38 45
45 94
65 76
77 94
82 76
14 83
98 17
97 88
56 54
12 95
12 72
9 67
5 92
62 25
16 33
19 77
9 89
20 70
58 95
19 25
28 67
70 97
19 95
45 67
81 49
8 74
25 37
80 54
83 13
30 98
97 97
68 16
14 67
50 96
64 60
35 20
89 10
13 28
98 7
19 37
62 51
93 38
59 28
67 84
9 92
44 31
70 80
45 19
56 73
83 96
31 87
39 79
59 0
68 72
7 23
41 94
87 10
35 44
80 63
17 39
36 57
43 12
94 63
13 25
53 40
93 29
64 89
0 66
44 86
3 82
44 63
94 26
25 12
70 50
49 15
89 20
24 12
60 95
2 34
18 12
83 45
30 3
95 51
66 98
77 69
19 75
39 0
6 31
54 65
21 71
45 34
35 50
59 6
72 4
59 3
5 25
40 47
10 11
81 30
22 78
96 75
98 98
37 20
74 69
65 12
61 70
67 50
7 46
53 38
13 87
36 55
67 36
83 59
25 17
95 96
64 50
34 32
90 22
52 49
60 5
71 25
99 18
86 30
95 5
1 24
7 40
81 41
23 21
4 96
51 56
94 88
41 83
36 29
50 37
72 27
86 46
89 8
35 69
75 67
2 11
18 2
95 21
92 72
45 89
74 47
32 62
84 58
28 52
11 26
29 22
19 42
21 11
15 98
46 71
16 52
31 21
85 52
38 46
23 56
7 32
80 91
35 46
57 2
93 27
66 69
75 35
96 43
51 53
95 52
7 76
68 84
9 74
27 30
24 57
12 57
24 28
0 59
45 35
87 92
10 52
84 39
66 24
84 26
59 94
30 23
32 34
19 53
14 87
53 23
6 53
26 58
59 33
64 43
39 20
49 7
43 25
27 86
77 88
20 49
30 77
73 78
74 33
77 89
40 35
56 80
69 33
53 21
26 94
64 74
23 92
24 26
90 47
1 73
66 80
83 50
50 12
72 40
97 38
96 98
5 32
91 2
74 42
6 25
5 37
96 62
49 32
80 98
68 29
18 51
48 39
77 59
96 23
24 70
20 9
53 26
40 21
83 70
72 97
5 8
8 21
67 44
98 16
27 67
29 4
50 8
55 54
24 89
1 5
92 76
33 67
8 31
49 58
50 91
64 53
84 8
85 81
81 92
33 18
14 53
71 5
83 22
91 31
71 16
40 10
76 31
53 46
20 84
52 60
97 99
88 91
64 63
6 17
92 54
24 91
53 67
54 54
49 0
39 30
80 82
18 62
38 83
35 63
12 8
0 43
3 51
81 91
1 94
27 90
21 13
63 7
82 61
3 93
12 88
43 59
6 63
27 46
18 71
10 29
30 50
8 7
99 84
3 34
85 12
44 25
70 95
49 51
66 10
37 95
13 13
7 88
46 17
67 96
34 61
91 70
75 36
58 38
68 11
96 35
24 71
15 38
67 33
22 47
91 9
37 79
7 72
91 92
94 33
76 73
29 46
70 62
91 64
73 38
8 94
84 17
14 3
29 76
82 53
92 93
54 48
55 67
65 89
23 35
25 88
85 75
28 59
2 5
11 28
67 28
54 88
44 3
19 14
76 3
46 53
87 61
44 64
85 1
91 93
98 14
8 10
71 3
53 60
21 3
41 13
86 53
62 23
53 14
97 76
75 68
77 70
59 9
30 69
92 32
6 6
2 83
61 96
13 36
82 86
71 55
94 14
75 93
95 78
98 19
43 68
80 89
24 67
47 60
63 45
31 14
2 35
41 14
2 94
30 81
17 76
89 42
10 5
67 39
56 49
4 67
51 58
86 37
62 77
42 98
56 77
55 30
38 9
11 40
0 78
90 33
25 28
7 52
49 24
43 44
46 63
42 42
56 39
51 7
29 30
0 20
47 51
63 31
49 16
1 42
61 21
45 68
65 18
58 4
70 30
43 93
48 0
88 65
17 93
53 99
58 93
45 3
15 6
96 6
61 61
98 12
77 29
60 75
39 1
53 77
53 52
20 31
75 76
52 28
67 78
84 79
43 47
69 70
51 97
17 64
88 86
83 68
79 67
49 10
12 17
95 54
47 0
24 53
24 30
47 36
54 24
47 65
64 91
34 88
54 67
90 62
76 11
17 27
3 77
66 37
88 37
53 58
58 15
67 9
72 8
79 45
94 2
70 40
71 31
9 80
81 78
23 22
38 97
99 13
79 30
80 65
29 38
82 85
27 78
60 32
87 55
52 53
8 58
98 52
38 73
41 92
73 12
26 93
68 27
18 81
45 6
43 3
24 73
52 34
58 91
74 85
44 10
48 48
22 7
96 25
77 19
64 52
28 60
14 6
37 56
45 30
4 58
51 10
49 86
38 57
18 93
78 99
64 22
15 18
83 65
17 87
88 10
33 36
30 38
46 35
80 22
31 76
12 46
35 24
8 17
14 0
16 20
37 97
96 46
68 71
58 59
11 94
26 96
66 74
7 14
58 5
66 61
2 59
49 27
41 52
84 37
52 29
27 20
92 29
93 78
99 23
97 65
21 94
18 15
45 0
63 25
28 42
69 45
37 10
15 92
79 64
48 52
16 85
94 13
79 47
23 19
54 96
72 64
92 12
11 21
71 14
4 71
13 69
54 92
36 25
22 13
71 83
77 98
29 57
93 53
55 6
73 96
27 50
17 55
34 65
17 21
99 53
26 45
57 8
87 21
57 48
18 16
67 66
64 1
38 54
54 55
69 36
62 3
7 28
41 28
57 71
2 23
7 81
51 22
77 17
94 70
85 3
34 97
39 76
70 13
30 57
39 41
40 6
50 35
47 43
84 57
25 71
22 49
58 76
72 35
75 74
31 77
93 60
59 81
94 49
55 42
98 92
24 58
51 70
54 6
80 76
12 59
44 19
72 51
18 86
82 94
68 89
1 29
15 41
84 28
8 52
48 41
57 54
95 77
63 34
9 39
40 3
10 91
63 55
50 63
60 12
35 94
79 53
74 21
45 18
12 6
48 92
4 5
93 64
70 10
56 45
57 51
20 35
92 27
43 22
73 67
62 11
72 87
51 37
86 11
6 70
68 13
58 30
52 92
57 69
64 36
98 74
33 50
36 68
17 13
24 65
56 27
80 28
32 1
5 95
92 4
40 54
53 64
41 0
97 30
59 44
59 2
36 52
1 57
78 1
22 72
31 93
29 83
59 46
99 98
71 67
28 83
65 3
40 95
64 9
66 62
8 66
67 62
12 63
93 35
86 44
61 52
23 88
93 91
67 83
1 80
19 6
72 69
58 86
98 70
69 99
60 62
90 29
14 4
33 93
57 79
9 48
19 98
43 51
46 28
65 84
68 61
38 48
13 41
46 54
60 47
48 57
13 23
46 6
57 50
88 74
54 37
49 42
24 99
1 46
69 89
98 53
37 88
2 82
94 37
47 48
17 23
68 14
1 48
3 96
88 94
74 31
37 60
78 47
3 23
77 97
44 80
53 54
59 41
24 1
81 97
82 38
96 7
94 34
99 21
14 48
2 99
18 49
0 6
93 41
12 5
58 65
59 16
22 18
78 96
52 17
23 18
40 39
14 79
43 43
65 6
60 15
71 15
31 27
45 57
13 48
18 41
87 38
31 41
72 94
78 25
5 91
44 60
3 45
81 52
27 53
73 87
8 32
6 71
92 14
93 45
70 59
86 9
89 1
24 96
89 37
54 11
97 46
0 88
44 18
74 79
50 94
44 67
4 56
31 88
29 20
99 66
55 87
73 54
67 93
6 69
76 13
39 35
56 58
59 89
6 32
24 48
83 17
18 65
90 65
80 50
58 63
29 60
99 86
81 53
22 61
2 76
61 81
77 95
31 18
49 70
72 30
67 51
0 28
98 8
65 22
37 93
4 78
83 55
96 30
35 30
48 37
97 27
28 12
88 19
12 58
3 1
4 89
71 35
67 99
48 54
72 56
8 81
76 12
98 85
49 46
41 55
11 89
83 80
16 66
48 5
48 34
44 23
34 98
10 97
85 0
71 64
47 17
19 80
71 91
71 82
50 90
92 94
90 78
32 31
9 40
86 84
17 15
77 7
15 42
17 45
3 84
83 6
81 6
1 13
69 26
66 59
17 0
44 87
10 59
58 89
42 37
75 19
6 44
72 89
83 16
80 11
32 53
59 11
2 20
42 84
30 71
41 77
38 21
77 91
27 58
33 16
27 5
93 5
41 82
18 14
4 55
95 88
28 93
81 83
70 18
4 8
35 57
77 62
93 23
51 9
15 32
15 26
1 60
0 94
41 51
44 90
8 18
8 75
64 71
69 15
69 60
50 79
26 47
4 2
65 51
41 44
45 62
36 5
25 50
34 4
42 39
5 55
30 24
49 38
19 7
35 16
33 43
38 69
89 15
78 42
99 61
88 90
9 20
82 96
81 54
0 70
85 84
35 73
51 54
82 58
86 82
8 19
95 1
66 20
28 49
24 16
4 93
67 76
35 79
87 87
48 81
75 52
44 58
42 85
39 22
84 40
33 59
23 13
6 56
49 36
53 97
67 98
48 46
55 16
47 93
56 79
24 0
86 60
15 66
29 0
84 16
98 77
48 36
71 62
35 12
89 93
32 10
62 5
14 94
60 10
14 15
2 72
4 49
73 64
8 36
42 53
82 91
70 45
20 98
36 92
30 22
4 82
78 89
73 16
7 38
85 39
72 18
42 73
97 92
15 22
32 45
68 53
79 35
93 83
93 26
42 61
30 93
16 70
94 61
22 15
97 54
91 14
69 8
75 21
39 90
90 83
93 97
76 74
42 38
43 73
93 68
80 59
93 39
36 22
28 70
27 70
19 20
43 0
74 40
43 54
96 54
38 86
1 32
43 27
55 25
25 11
71 22
28 0
17 19
32 4
37 21
66 51
12 68
23 2
15 58
32 68
9 82
36 79
32 38
45 29
78 78
77 68
75 83
67 31
50 87
75 98
2 74
27 14
94 75
18 37
50 46
6 73
9 96
40 84
83 72
39 97
1 51
95 74
42 93
80 49
74 66
86 26
3 27
63 12
38 27
60 20
64 44
63 78
18 57
90 4
56 81
13 0
52 16
10 42
1 65
40 82
69 39
1 66
46 98
63 48
56 9
16 87
33 73
56 38
8 78
4 4
75 79
75 50
94 82
31 98
88 12
31 82
19 64
16 11
25 43
48 66
31 37
43 52
74 81
91 65
66 26
21 77
31 22
74 7
9 42
20 66
90 25
85 27
0 10
43 33
13 44
2 96
42 77
47 35
50 28
85 10
3 69
98 4
51 14
30 96
79 54
73 75
41 95
26 0
12 71
23 99
31 35
62 95
63 96
56 48
95 40
45 88
84 3
80 53
19 58
0 9
67 6
69 69
5 49
60 19
86 69
22 12
40 50
2 49
87 20
29 1
4 88
48 84
52 93
82 19
50 5
36 83
80 16
82 75
16 54
72 99
24 31
82 11
28 2
73 58
84 24
41 90
86 97
44 53
25 57
65 15
23 27
4 43
11 49
81 66
41 38
50 86
41 49
16 36
68 52
72 82
89 86
78 9
21 87
95 69
37 3
22 73
60 92
68 81
41 5
74 73
38 0
71 92
67 10
84 89
19 49
9 75
66 71
70 84
60 72
13 43
63 95
44 46
30 31
57 15
60 23
26 18
34 63
19 45
17 53
26 27
95 68
82 88
22 27
51 84
38 28
48 94
57 33
93 12
70 85
1 37
78 5
63 29
62 60
14 17
89 56
53 34
46 41
94 35
67 69
1 75
38 78
32 67
74 93
69 54
24 75
32 92
60 94
26 97
14 50
91 44
22 28
86 7
67 29
59 42
78 41
43 60
20 34
60 79
23 51
53 84
77 4
18 88
68 47
16 63
57 14
31 84
1 35
30 84
78 7
25 95
72 21
10 35
78 3
30 28
28 47
22 39
61 94
72 13
51 15
33 28
87 4
51 89
47 19
47 29
14 7
29 58
71 77
38 91
14 69
10 86
34 9
55 79
49 82
55 93
36 64
36 70
88 50
77 48
40 11
46 49
9 14
41 96
22 35
6 39
74 67
61 33
46 56
3 73
26 21
97 94
92 55
55 90
13 5
86 45
73 79
64 62
11 10
93 54
25 84
9 30
11 30
61 65
58 74
11 79
17 77
47 58
91 32
62 85
68 6
55 46
78 11
86 70
14 10
95 75
23 75
47 98
97 50
10 54
96 34
32 43
65 66
99 74
19 54
77 25
30 73
88 27
6 4
30 43
48 91
15 94
48 20
72 54
99 26
50 29
81 56
90 56
26 26
14 14
90 13
12 27
24 5
37 1
5 41
48 75
47 63
56 1
53 62
56 52
93 81
65 86
94 32
5 69
85 72
27 77
62 78
39 7
56 64
16 55
50 76
64 7
70 77
43 2
88 88
66 63
1 23
7 31
60 93
0 24
66 49
46 73
6 20
81 27
46 24
87 84
50 16
30 94
61 17
93 34
3 71
11 66
31 54
98 2
17 98
10 67
21 44
43 53
63 99
98 23
60 25
93 20
40 30
65 45
20 59
7 73
15 90
99 60
57 81
44 37
30 1
34 79
58 44
4 76
18 54
11 8
73 13
55 28
78 8
39 65
83 85
71 0
95 14
2 9
76 1
94 91
96 11
43 8
17 75
92 82
48 71
12 9
70 31
57 7
51 51
57 70
90 68
43 75
8 77
92 91
51 32
77 53
39 24
60 68
70 23
18 66
69 56
45 36
59 55
63 35
25 2
98 64
52 36
17 78
91 22
95 91
66 70
82 29
81 7
31 1
64 64
56 97
8 87
1 2
14 35
69 20
59 31
85 94
45 33
87 63
64 2
52 78
27 28
26 81
93 70
87 14
89 30
19 57
82 49
46 97
59 10
51 30
49 73
56 94
25 91
16 95
19 69
85 35
78 59
7 78
34 33
67 38
65 10
2 85
35 86
26 11
32 36
5 64
22 21
94 68
23 7
57 97
61 9
12 21
2 78
0 69
93 2
2 6
20 92
45 90
3 37
23 25
49 17
35 64
73 55
14 65
87 83
41 1
34 14
12 73
72 7
56 25
57 31
76 35
32 30
98 11
56 66
19 71
9 38
95 47
89 28
49 29
99 85
88 34
80 47
67 40
47 14
33 7
70 12
26 49
11 3
88 7
8 5
88 85
91 21
15 10
92 35
30 72
60 35
19 47
70 51
72 12
3 75
87 12
95 94
22 26
76 59
84 93
36 77
13 34
55 57
85 45
25 25
63 43
9 88
34 24
63 60
1 81
86 48
13 65
77 67
51 2
48 27
16 62
98 84
42 86
59 68
70 82
52 4
41 84
34 77
50 4
4 77
32 17
82 28
39 13
65 41
12 41
49 12
47 47
84 56
1 64
65 61
60 27
54 10
30 99
90 42
89 45
20 43
45 84
89 35
32 79
64 86
24 87
91 98
45 64
96 81
59 13
79 88
69 17
88 54
96 12
66 34
9 93
68 19
85 95
48 55
78 87
70 99
55 68
44 39
79 18
82 99
59 1
56 4
14 86
80 27
49 28
7 66
77 10
38 33
65 21
66 45
72 38
43 94
98 9
23 49
18 34
41 45
1 19
79 32
62 9
58 75
85 62
64 68
54 85
97 70
29 80
75 63
88 69
17 5
21 81
23 5
23 96
32 2
38 14
57 62
62 97
48 95
70 4
89 95
54 25
5 12
43 56
15 53
95 80
14 8
8 96
23 24
53 53
68 86
65 95
76 69
72 92
76 64
27 62
64 95
45 13
8 38
47 30
19 92
12 91
18 23
19 87
46 44
15 82
38 99
92 49
39 54
28 84
96 64
73 28
64 39
18 48
99 15
59 21
59 53
53 8
82 17
40 42
1 90
70 20
63 47
76 71
15 80
65 33
24 60
79 94
50 22
88 79
16 71
14 84
33 41
57 82
48 26
31 17
79 12
64 93
68 76
59 5
88 53
96 1
56 31
38 79
62 46
27 54
34 66
10 48
37 75
1 28
90 45
51 18
81 17
19 68
80 3
16 13
54 18
58 73
36 26
71 26
7 89
61 79
54 26
6 90
79 46
7 85
99 16
68 23
88 0
68 92
57 93
91 73
69 30
11 16
35 65
0 49
87 67
2 26
94 78
45 51
1 93
47 73
93 76
60 51
70 25
10 64
56 68
13 4
29 59
24 55
29 77
40 14
27 69
12 77
79 44
76 5
73 45
89 12
61 41
68 58
0 48
38 89
65 48
42 80
69 62
59 45
71 75
99 80
92 53
15 96
95 4
55 62
14 55
30 40
79 83
86 20
90 98
92 95
68 22
46 47
27 65
84 95
0 50
23 53
51 33
60 52
37 72
5 40
86 83
2 61
5 20
51 28
49 89
32 28
94 27
48 4
82 56
9 49
1 96
53 45
12 12
80 60
24 15
28 46
84 50
96 26
63 21
28 28
61 4
68 69
12 70
62 90
14 99
36 72
1 63
30 56
62 63
66 58
99 31
28 99
76 34
68 37
11 47
18 25
70 2
11 65
99 34
10 0
60 42
62 26
25 41
74 55
32 89
83 88
93 89
8 14
81 4
11 74
13 68
8 72
5 2
96 10
94 94
30 87
93 7
91 15
42 27
4 81
92 62
28 86
2 47
93 22
45 55
99 83
97 64
42 24
14 63
53 11
11 77
3 59
6 40
35 13
17 22
19 76
52 96
56 92
91 29
83 87
69 11
40 99
27 71
3 61
55 3
5 23
68 30
62 13
80 6
50 53
46 78
92 22
3 48
66 25
26 69
81 5
27 13
48 63
34 16
86 19
51 77
7 33
9 29
78 27
70 38
81 76
7 26
34 55
7 56
46 26
43 41
70 22
53 27
9 62
40 55
90 5
49 74
12 18
73 72
75 2
2 46
18 6
26 74
33 64
63 27
38 4
26 80
60 13
46 10
84 31
44 62
27 18
14 66
58 83
20 54
66 19
35 4
46 66
94 74
84 64
41 39
57 38
33 20
93 3
91 79
48 38
18 97
11 88
59 59
43 38
18 18
46 65
96 4
50 43
57 87
99 89
58 77
17 44
61 15
13 62
80 41
88 18
17 60
36 78
22 23
33 32
1 52
35 33
44 26
93 10
52 43
17 16
27 76
67 13
19 41
41 53
51 59
57 42
70 66
17 2
63 71
82 73
55 36
92 58
53 18
40 13
91 62
89 41
32 12
57 37
50 70
87 35
91 27
41 86
58 39
31 75
71 17
34 46
13 82
21 22
10 60
37 50
64 4
57 83
80 80
47 5
33 39
32 0
4 51
94 6
32 94
64 19
76 6
91 16
45 96
55 94
52 44
57 16
35 22
40 97
81 51
18 26
55 47
35 78
58 79
85 51
28 18
24 98
80 34
31 31
66 7
15 28
0 5
85 21
52 61
33 77
83 54
34 95
52 18
74 49
34 84
4 99
69 41
78 60
74 91
61 43
33 21
36 93
45 52
40 20
10 4
78 15
57 86
62 62
67 92
29 42
24 33
16 34
32 61
59 85
96 18
82 10
32 16
56 60
18 75
32 58
14 64
18 74
66 82
84 44
45 91
10 55
63 20
7 20
14 56
93 18
22 43
68 8
29 87
77 77
19 3
95 85
46 1
97 44
6 34
12 89
21 58
86 85
46 79
58 69
89 82
3 97
28 13
51 6
69 22
22 52
75 41
82 12
94 10
72 77
83 99
71 51
33 22
35 91
56 86
46 38
61 58
6 98
36 36
16 38
66 23
30 95
21 76
3 28
91 1
90 79
67 77
31 23
8 4
19 93
8 68
9 95
21 9
76 48
11 70
87 72
85 65
50 55
98 43
27 82
25 99
66 48
3 57
83 43
18 27
56 74
87 37
83 21
19 32
65 75
56 37
34 38
96 41
11 97
5 82
94 84
39 43
33 89
49 63
16 79
0 86
52 79
8 61
84 96
20 88
93 31
2 79
76 16
15 13
40 53
29 96
23 86
41 26
75 89
48 40
5 75
73 25
69 53
57 68
67 75
11 57
29 66
73 11
5 47
91 26
15 91
99 46
20 52
55 1
89 74
86 0
67 67
21 33
26 61
19 70
31 53
79 9
19 1
89 79
76 96
42 82
61 68
14 5
70 88
65 19
37 22
71 61
44 96
16 94
7 10
72 6
62 98
98 33
66 43
42 43
21 98
99 69
92 10
17 11
49 23
88 95
18 95
30 61
22 97
96 97
50 0
55 52
90 80
46 0
84 62
12 14
25 68
94 4
6 77
57 84
62 38
37 9
90 53
31 29
13 51
31 34
89 57
55 70
55 91
82 1
23 66
58 52
44 13
82 51
47 97
77 30
33 69
60 37
34 69
50 92
42 2
38 13
85 92
16 31
14 45
74 71
8 56
47 15
11 42
33 31
86 75
1 26
69 14
36 18
41 37
27 89
98 81
17 92
19 27
29 98
21 41
35 27
50 25
36 31
45 14
99 76
23 31
59 69
4 36
68 99
90 52
35 92
91 87
92 74
24 9
52 89
64 61
87 71
39 96
3 22
68 34
13 16
93 0
73 37
40 46
48 8
12 37
20 55
65 47
20 19
31 9
30 15
86 22
50 88
58 37
85 89
85 76
80 95
70 28
81 98
97 68
46 31
60 9
42 8
84 5
21 66
80 72
2 4
55 44
40 59
10 18
62 66
74 0
56 35
64 10
14 41
2 53
93 48
9 58
46 45
7 35
88 28
3 85
41 75
3 29
41 70
49 37
45 70
97 51
76 39
48 97
75 60
28 43
94 36
18 98
58 88
52 51
82 40
16 65
67 18
38 56
1 31
7 6
87 62
30 47
70 36
16 42
99 0
98 21
17 35
60 83
64 0
89 46
35 17
95 22
24 20
80 43
32 20
25 4
45 1
49 19
38 39
1 88
30 83
1 15
55 72
10 3
54 42
54 0
64 51
12 24
51 43
67 37
80 57
48 72
39 39
3 66
54 43
26 31
96 92
85 11
43 30
41 76
71 47
88 82
14 93
24 97
30 13
16 8
86 72
43 57
82 67
31 90
26 23
85 40
81 37
23 36
83 26
23 6
16 24
79 91
83 20
3 0
21 36
50 1
94 85
61 47
24 42
74 78
45 60
48 60
35 96
59 77
91 76
52 0
10 38
8 57
75 17
84 97
40 58
83 30
1 6
9 56
4 70
40 44
1 10
7 58
39 21
85 64
2 91
13 59
86 13
47 1
39 50
84 52
30 11
30 74
97 98
1 53
62 75
76 30
42 44
18 33
35 99
47 10
27 25
81 75
15 2
87 0
78 53
60 28
27 19
63 38
45 56
28 32
21 72
87 49
30 16
10 85
15 61
22 0
45 12
52 86
87 19
56 43
79 56
73 44
62 76
3 35
42 97
99 73
97 24
91 41
7 99
54 58
32 93
40 2
22 2
80 64
40 77
21 75
46 80
49 99
65 4
24 7
92 9
83 74
11 68
6 87
38 31
20 94
74 98
75 94
9 54
95 65
15 73
61 95
99 32
25 70
63 97
39 42
17 24
38 82
38 23
39 94
67 65
90 72
99 92
45 44
43 19
72 32
36 23
0 73
51 60
34 83
63 69
93 77
60 88
65 65
76 52
17 62
88 36
2 52
75 46
13 6
40 96
34 44
59 43
4 38
22 48
25 77
23 16
13 70
63 92
99 65
68 63
44 81
41 20
75 1
82 83
73 91
49 35
63 75
36 15
37 46
58 70
57 74
29 15
28 53
81 50
5 83
71 97
98 47
51 83
13 84
77 81
55 18
99 72
93 80
92 87
53 10
64 30
3 88
22 33
74 90
53 5
20 53
72 37
15 7
10 68
50 82
38 96
58 72
37 58
62 41
62 50
27 33
62 29
90 74
52 73
44 11
89 97
6 28
92 31
0 41
6 95
50 59
85 79
86 79
68 51
8 53
80 5
9 94
91 10
90 41
25 59
22 68
23 30
69 82
71 19
81 61
29 88
18 9
79 23
59 67
45 24
28 29
11 93
39 45
54 23
81 55
37 30
83 83
25 79
95 23
20 64
92 21
20 75
83 7
99 35
88 98
76 22
27 17
26 29
78 43
68 39
69 29
32 60
76 17
6 94
31 61
41 98
41 21
46 7
84 38
11 1
11 90
94 90
56 22
37 89
25 75
26 22
65 74
32 41
80 12
87 93
68 73
7 53
26 40
57 98
28 82
6 50
20 8
67 35
51 19
6 21
94 79
25 47
33 33
52 37
99 68
71 86
81 21
11 60
65 93
84 92
77 66
18 8
24 88
16 39
30 97
14 23
7 71
35 0
63 4
0 51
6 41
56 50
91 19
23 17
37 37
63 94
45 75
52 47
82 9
73 50
29 2
84 72
53 36
70 46
69 77
25 74
80 90
10 33
70 86
69 74
75 12
3 2
66 41
42 78
12 16
43 1
81 47
90 64
20 30
49 98
97 74
19 88
70 57
77 40
15 24
61 14
50 41
77 31
70 73
97 84
28 54
58 51
47 33
15 55
20 13
76 57
6 54
9 78
58 97
82 23
76 87
77 50
22 38
97 67
82 16
12 85
60 69
42 9
4 53
74 82
93 86
12 20
44 8
33 25
96 70
77 56
16 86
69 63
41 33
41 29
22 63
96 16
36 33
8 16
77 87
4 68
3 13
63 65
46 14
23 41
33 58
89 51
27 39
58 96
98 86
92 73
97 9
54 60
55 88
13 21
54 53
33 23
26 7
45 74
81 59
15 48
46 9
82 97
62 45
71 33
14 25
88 73
97 8
97 33
92 25
92 99
39 92
37 19
93 61
53 3
63 91
46 42
66 0
45 93
61 50
84 14
29 97
13 10
55 69
65 35
94 98
35 59
2 31
11 91
33 27
63 2
79 60
94 25
26 41
25 76
11 96
47 67
75 44
81 40
93 49
68 28
35 45
72 55
14 78
7 18
55 22
57 1
93 14
12 45
71 23
55 12
6 22
90 84
86 99
40 40
57 35
1 40
32 42
8 64
75 0
8 70
24 49
54 62
49 76
90 38
49 90
6 52
73 81
93 72
4 54
20 68
9 8
25 97
48 11
5 9
63 24
59 18
31 44
49 26
3 25
73 70
61 67
11 64
69 48
96 32
54 98
96 78
86 52
63 42
3 38
36 50
80 77
76 49
37 13
41 7
46 92
50 67
90 28
97 83
59 4
92 33
9 43
30 21
28 37
5 43
22 29
63 50
20 11
54 39
34 91
88 71
68 12
74 48
50 61
81 22
83 25
87 94
5 71
2 25
92 6
11 37
51 74
41 6
44 21
42 51
36 75
62 67
93 62
51 5
87 85
38 30
23 65
42 63
78 57
46 91
65 26
62 91
90 21
56 28
8 26
36 45
15 40
79 96
89 76
31 10
37 45
95 62
91 38
33 84
73 21
69 66
70 16
91 63
96 22
58 54
40 34
84 68
75 86
17 3
34 21
47 77
98 57
76 29
64 55
79 57
15 71
17 89
61 97
9 13
95 89
12 67
22 4
81 89
87 53
13 42
12 25
40 57
76 46
41 73
23 47
64 37
59 52
5 38
97 22
20 57
33 80
9 64
11 32
91 48
69 68
88 63
80 31
38 16
61 89
18 22
1 68
53 9
33 48
87 22
36 6
89 43
98 45
68 67
61 44
93 95
27 63
17 67
42 35
52 15
44 88
26 99
21 12
82 72
54 71
68 77
69 28
66 83
6 76
16 83
35 6
39 67
82 74
53 6
55 41
97 71
90 92
2 0
77 41
88 30
80 97
88 75
25 10
5 19
61 26
1 1
24 36
74 77
99 37
13 3
71 43
70 29
67 68
90 70
46 67
17 50
4 57
57 47
85 83
57 91
85 37
22 53
63 3
98 35
4 72
2 36
42 40
72 78
51 8
36 38
57 66
85 2
49 93
38 7
44 34
86 49
91 5
43 20
51 47
28 23
73 89
28 5
57 92
21 48
32 22
17 94
50 84
89 65
30 30
69 61
49 5
12 38
51 49
21 89
61 98
92 13
78 85
38 77
94 11
42 92
51 64
43 83
43 80
87 9
86 14
12 52
99 63
88 29
91 34
22 32
36 73
26 84
11 69
80 32
59 78
28 92
34 52
67 86
63 79
5 33
74 28
44 77
26 52
98 99
59 50
97 15
21 20
62 69
84 78
65 49
55 82
34 39
47 69
49 92
34 30
57 73
98 91
84 65
30 48
35 26
22 99
94 62
35 47
97 26
87 18
1 92
36 49
20 28
40 31
23 98
57 53
22 36
79 34
22 10
38 2
97 13
55 95
14 74
42 16
57 26
7 3
28 94
64 57
44 97
83 84
76 94
23 9
53 61
77 61
25 42
77 16
83 1
44 9
57 39
59 75
16 77
58 12
60 99
62 81
82 36
74 39
76 53
59 30
33 90
29 45
29 93
8 28
9 71
59 96
85 80
55 55
82 47
64 38
5 52
89 40
66 15
75 51
4 69
98 61
10 82
8 71
73 52
61 49
15 67
95 39
27 43
47 85
59 56
54 89
50 44
38 93
80 19
26 12
16 58
12 50
90 86
85 38
42 28
1 95
67 64
89 7
44 7
86 47
90 14
69 76
52 39
44 24
26 3
4 95
64 28
17 43
20 17
88 96
33 34
65 91
6 83
52 45
96 73
29 91
92 79
2 30
5 46
55 43
29 67
76 78
15 23
8 88
43 97
73 26
94 77
85 90
80 70
50 65
57 77
68 95
65 7
43 28
31 92
5 67
40 62
87 8
48 17
67 47
23 64
66 68
47 12
92 92
1 54
55 17
94 0
30 8
55 66
2 28
67 87
6 18
61 71
29 61
84 60
69 92
21 54
49 44
4 32
21 56
33 62
64 12
63 22
10 13
63 56
61 32
31 24
86 17
4 87
20 91
62 39
33 81
18 43
61 77
2 15
29 74
66 50
23 59
38 59
71 40
33 97
35 40
85 99
69 51
20 51
5 36
50 98
24 76
29 12
34 26
6 13
49 18
21 90
34 72
1 39
41 99
59 90
95 71
71 66
71 12
35 75
21 10
44 75
93 28
64 98
78 38
34 17
85 50
36 42
95 64
22 42
75 27
90 77
6 89
54 81
67 74
47 75
96 0
68 25
58 11
96 21
61 59
24 11
73 1
32 5
91 54
77 44
40 78
59 49
26 82
1 41
50 58
51 78
67 89
79 87
50 74
38 75
1 61
32 56
9 76
81 65
96 31
45 79
27 15
34 6
42 25
75 78
91 37
56 18
51 96
12 74
52 50
58 87
70 7
65 17
47 11
94 5
7 80
94 87
76 85
90 19
84 23
67 72
85 22
51 79
69 79
43 70
6 74
68 33
98 97
56 67
65 30
26 88
19 2
62 18
13 94
39 4
81 14
44 52
88 24
9 86
64 13
26 78
40 33
14 52
37 18
98 62
31 96
99 51
35 29
39 71
10 77
3 95
14 73
72 28
97 17
71 36
21 64
28 1
65 5
2 64
55 14
19 26
56 30
94 15
32 86
92 8
67 14
26 77
83 40
10 94
73 15
27 99
5 18
77 33
79 68
17 99
92 20
10 88
45 2
93 90
73 56
63 63
56 20
47 8
42 7
15 60
33 83
41 63
67 23
90 1
73 40
33 57
80 71
41 88
40 1
97 85
37 54
59 39
57 72
6 66
86 64
96 36
17 7
14 90
95 15
79 28
90 24
21 24
10 78
95 16
14 57
65 20
36 53
94 60
70 96
68 68
40 68
2 43
72 98
5 35
63 73
39 14
24 34
83 91
15 27
49 71
10 27
87 25
62 89
29 72
35 36
84 35
12 65
49 50
94 97
91 61
55 71
53 81
38 11
7 77
40 89
74 36
75 13
78 58
65 0
41 22
33 70
16 12
18 35
94 31
85 14
55 38
5 27
58 18
39 98
64 18
97 90
94 53
94 12
94 69
57 11
57 78
83 31
94 89
44 59
72 80
36 84
50 80
37 69
98 46
77 28
56 78
80 83
27 81
45 38
87 68
16 37
56 16
21 78
16 60
38 88
24 77
1 87
12 13
24 47
2 95
80 84
89 64
86 67
29 56
66 64
16 69
50 64
95 93
80 33
24 95
45 66
5 0
63 87
72 22
24 78
25 26
41 87
87 32
78 48
71 79
98 50
67 21
80 58
96 55
12 84
32 39
57 21
50 3
93 57
16 45
49 87
48 59
15 86
38 50
83 0
0 74
87 40
87 39
40 90
91 52
93 37
0 93
50 71
91 85
51 46
71 54
61 25
36 16
63 90
10 95
51 1
71 98
49 56
59 27
83 78
81 46
92 39
28 22
24 2
52 33
40 70
1 8
35 54
33 53
23 60
71 78
72 62
65 28
30 66
16 57
95 57
43 46
96 76
25 87
12 40
13 14
90 51
13 39
91 75
45 58
73 41
40 28
59 98
18 58
72 76
56 72
79 2
75 33
76 10
13 64
44 56
59 54
72 15
5 48
71 93
97 96
61 3
8 59
50 6
66 16
26 83
31 43
34 13
27 3
50 38
54 4
94 71
3 62
57 85
72 58
61 40
37 73
62 32
13 47
53 0
85 15
31 55
22 20
12 98
4 91
33 4
93 59
16 53
43 78
96 65
52 10
83 81
38 17
23 67
76 9
73 59
53 17
81 95
27 45
65 92
65 9
62 19
74 99
92 1
44 47
29 32
97 23
26 19
29 5
62 31
79 77
21 5
53 88
17 73
2 41
53 19
80 13
18 39
93 25
11 73
72 17
8 27
44 38
41 80
13 80
3 36
70 94
11 98
79 36
55 77
72 3
82 50
89 73
35 70
79 55
67 95
6 51
99 29
87 30
89 4
27 84
11 35
91 46
63 41
15 49
69 98
16 78
0 14
18 24
6 16
90 60
8 24
2 38
37 15
55 76
50 15
42 55
76 38
46 43
55 19
46 50
61 42
34 51
98 10
2 86
76 36
88 31
30 0
8 63
6 37
53 20
83 75
87 70
53 90
91 66
46 46
40 22
59 71
53 32
88 81
5 78
57 46
98 20
48 96
37 78
86 51
20 96
92 75
55 2
58 53
83 11
47 31
86 12
17 8
22 31
50 45
86 6
85 56
87 51
51 27
23 48
13 20
61 10
7 0
1 69
78 2
34 47
61 5
30 89
82 41
32 90
34 92
26 39
47 45
82 78
7 63
46 22
20 79
99 54
70 98
16 28
69 44
61 63
4 29
3 89
73 14
87 56
93 16
62 73
15 44
22 25
72 34
40 75
52 67
28 20
86 3
7 50
98 96
29 70
61 39
96 28
75 48
30 34
63 14
44 51
95 3
6 9
71 42
7 68
91 60
20 3
78 88
48 10
82 68
78 67
19 46
77 47
26 62
19 60
6 64
84 77
19 5
82 4
98 32
78 12
57 34
7 97
38 67
96 67
71 74
32 63
35 18
10 80
39 2
77 72
43 24
16 30
74 38
70 43
79 79
25 51
39 38
14 46
65 85
59 19
67 94
68 60
62 48
64 8
3 99
90 67
34 58
7 2
31 42
25 73
60 6
98 68
17 20
80 52
56 99
5 4
95 10
20 32
89 11
47 37
34 0
1 98
12 82
74 61
93 17
70 34
62 61
57 10
96 61
56 13
19 35
78 50
79 62
69 91
55 53
31 94
81 31
38 52
28 45
4 65
94 95
95 6
31 51
45 40
64 85
58 66
43 67
99 28
12 99
68 91
65 71
26 6
29 28
31 0
45 9
47 52
70 56
2 90
56 98
80 85
98 49
83 46
60 86
14 42
57 13
89 78
53 79
9 90
86 16
62 6
57 18
38 63
95 59
98 94
26 56
94 64
47 22
49 31
70 3
21 6
40 74
7 43
5 10
50 50
53 63
34 99
31 48
51 69
32 66
30 86
60 46
29 26
69 47
39 73
22 8
53 29
77 39
22 56
59 38
30 60
13 83
96 47
3 19
97 7
30 53
4 90
27 60
63 84
26 87
29 51
10 9
55 33
23 26
30 14
98 55
80 39
36 30
71 99
9 66
16 64
97 72
33 55
27 38
90 59
3 65
19 28
96 38
11 6
46 15
18 5
15 8
91 55
58 14
62 47
21 4
10 24
36 82
43 62
2 67
21 26
58 0
54 32
10 44
90 43
15 36
55 85
44 30
87 82
75 29
97 48
91 43
13 45
62 71
85 6
96 96
81 48
70 89
21 74
89 63
9 12
92 69
4 17
49 79
88 80
67 46
26 85
83 66
16 41
37 66
90 18
29 13
97 43
12 80
73 46
75 90
4 48
99 94
86 68
95 28
68 62
66 87
7 48
11 24
70 24
7 61
18 68
59 35
16 48
23 78
32 35
67 24
2 69
3 54
64 24
96 20
91 20
19 59
74 45
40 63
8 35
78 95
79 11
24 14
52 42
32 15
79 0
46 93
91 82
74 96
99 67
30 18
92 84
89 80
87 42
69 42
19 38
53 39
44 4
8 91
17 34
35 87
1 38
57 76
16 2
11 11
94 50
10 40
24 84
74 70
6 15
67 81
4 33
20 67
6 43
68 78
58 25
67 85
15 99
52 20
5 62
48 74
50 68
84 42
72 95
5 16
6 5
62 12
98 5
24 4
48 90
95 61
85 41
49 13
61 83
28 4
4 61
72 91
72 14
39 58
67 34
10 71
32 27
89 72
85 13
81 44
91 47
77 20
62 58
18 13
67 32
51 62
61 51
48 67
7 57
89 70
49 75
52 24
7 62
3 52
75 59
47 62
60 64
57 28
31 80
36 90
99 47
6 59
70 52
21 29
63 98
4 52
24 90
74 62
46 40
99 2
23 37
62 14
3 67
55 64
84 20
7 86
99 9
65 43
45 25
80 24
20 97
28 7
95 38
69 95
13 75
57 64
75 75
84 46
45 69
24 19
53 16
47 23
72 10
38 32
49 97
92 36
89 55
22 5
16 0
66 21
73 57
87 2
97 14
57 20
76 66
80 21
7 69
22 41
90 46
16 96
27 35
27 79
92 48
99 55
59 22
0 56
14 77
11 80
34 86
37 70
79 93
42 66
20 78
68 75
31 5
34 87
89 87
31 13
19 29
36 37
81 29
56 46
38 90
61 20
46 20
15 52
64 77
34 80
53 22
84 66
82 62
1 43
50 17
0 2
57 5
46 36
95 37
5 11
78 13
94 42
8 34
22 46
36 76
19 63
54 46
74 3
48 78
33 66
29 86
88 72
62 64
