100 3
99 47
32 46
58 0
40 0
34 16
85 36
76 69
66 17
74 58
19 61
26 36
39 90
7 89
93 15
22 61
22 29
68 94
6 62
7 60
23 47
50 50
2 51
51 82
52 86
10 31
76 78
90 59
59 30
49 80
79 41
91 4
65 90
12 92
42 13
10 98
74 38
37 12
89 29
34 1
78 43
55 27
8 59
30 80
52 42
91 94
77 67
76 13
65 88
34 46
93 0
46 11
5 88
37 55
16 44
23 21
56 19
80 52
35 75
42 60
73 50
16 28
38 20
28 49
16 89
9 44
75 89
12 6
83 29
59 48
59 90
63 25
33 32
5 37
95 92
61 55
57 89
12 32
56 75
98 66
83 23
65 5
78 91
50 24
66 84
58 97
87 24
69 7
87 47
47 70
55 71
8 75
3 28
90 17
42 73
67 3
40 90
20 55
99 69
0 35
2 2
1 51
36 6
79 66
62 46
60 25
72 98
67 50
86 8
24 87
45 99
40 61
94 95
91 29
68 15
46 2
78 18
75 11
57 73
81 56
81 52
75 15
99 20
49 2
51 50
70 97
76 52
77 51
67 4
71 65
53 60
36 23
20 77
85 91
2 59
15 56
27 39
23 97
15 40
80 64
76 50
41 25
27 34
30 46
76 54
21 75
35 69
10 86
82 88
97 95
14 58
77 46
17 56
33 40
57 43
74 33
71 61
87 68
57 33
28 40
24 35
17 96
95 32
55 41
40 33
62 49
97 7
80 0
56 14
66 97
82 96
59 0
32 24
91 49
63 97
93 87
39 26
56 81
19 5
49 62
65 52
43 32
71 52
90 26
68 55
7 56
79 20
52 76
63 18
87 12
93 65
26 55
77 20
79 38
89 4
74 85
98 88
64 31
73 58
19 83
29 51
35 60
50 67
36 47
81 18
62 22
95 46
70 78
98 98
60 85
58 75
87 71
53 24
19 34
82 40
79 95
37 62
18 62
79 10
86 26
29 28
1 47
45 85
23 91
28 11
21 49
94 93
38 19
22 79
34 47
9 60
99 40
16 34
6 33
23 98
50 85
70 7
52 33
36 13
37 53
68 98
33 92
27 26
49 76
81 42
31 94
27 92
50 17
83 43
1 56
34 50
9 26
31 14
3 75
92 22
19 69
98 49
58 36
11 66
63 50
40 16
58 92
35 16
4 63
87 39
28 42
8 52
7 74
45 32
81 8
37 5
20 7
13 31
74 45
6 81
55 73
92 8
6 35
15 93
5 15
30 37
35 13
53 37
8 20
51 64
82 21
58 50
64 35
55 36
18 13
2 27
6 50
44 1
58 64
49 22
6 54
79 70
11 34
46 76
76 1
33 80
84 87
80 76
94 97
87 6
34 30
13 23
60 95
53 10
62 52
22 12
25 50
83 65
7 92
32 17
40 14
95 95
45 91
46 34
50 22
89 17
9 93
51 92
89 49
64 86
87 3
81 51
80 17
54 38
86 50
24 85
46 64
27 91
79 50
34 14
12 44
6 30
74 88
26 18
26 61
14 59
13 42
38 12
60 47
12 50
96 20
70 4
63 98
87 31
4 35
20 11
63 65
28 64
48 69
36 4
68 91
12 49
7 4
51 93
45 57
63 49
67 29
33 90
18 9
59 19
20 96
19 80
86 60
22 50
73 63
67 33
88 6
78 65
44 79
74 9
85 72
17 2
60 26
91 45
67 55
27 99
72 23
94 39
51 83
22 97
6 51
17 28
8 69
99 98
82 36
14 97
53 45
45 78
35 15
46 65
51 99
2 14
29 83
3 32
99 13
92 66
66 43
57 86
58 41
41 3
41 59
40 46
62 72
48 68
34 56
94 8
56 7
11 3
41 73
75 59
90 61
22 31
44 54
20 99
25 83
28 53
27 64
71 20
6 43
71 74
79 4
11 92
90 16
14 4
63 63
65 69
71 81
35 39
61 7
95 18
39 12
54 59
32 68
6 72
46 13
21 73
26 1
71 38
72 32
36 57
26 83
72 38
49 48
44 37
0 18
86 44
52 82
78 33
44 13
66 11
13 73
49 40
49 9
67 89
80 55
49 41
69 45
74 92
35 82
2 80
39 69
32 26
50 15
0 58
42 98
13 78
63 96
1 24
65 95
6 93
64 19
72 93
58 24
93 41
85 79
6 49
38 86
21 95
12 55
59 4
68 35
98 43
37 42
2 46
27 62
84 97
28 97
5 57
41 23
93 64
10 55
45 28
12 59
37 89
8 38
13 26
5 89
72 34
65 54
97 23
0 53
98 99
19 54
85 58
27 50
77 15
53 38
94 88
13 86
78 49
44 8
86 84
80 46
41 56
3 52
16 58
90 69
50 92
17 61
8 45
14 99
93 66
15 94
68 66
16 66
82 12
54 67
19 28
60 7
6 16
23 34
97 14
76 38
15 22
77 28
78 45
17 18
40 56
60 11
22 6
70 32
99 34
81 65
36 10
62 58
55 35
4 86
11 93
15 19
54 8
37 58
91 98
28 18
36 30
20 48
81 81
25 26
99 8
17 37
34 77
44 49
43 58
33 18
91 63
0 48
16 76
60 71
16 48
62 14
96 25
90 45
43 96
69 81
65 75
46 12
26 19
11 67
94 74
55 66
38 4
92 36
15 55
11 8
82 17
80 14
13 20
51 22
41 90
17 43
78 59
82 2
9 29
63 14
28 46
86 20
35 64
64 79
65 18
10 87
65 49
96 24
12 90
84 95
1 78
93 20
68 3
32 38
79 97
43 95
33 44
15 11
67 14
13 95
73 71
81 64
43 40
72 30
27 52
25 85
39 63
37 0
76 70
77 62
22 80
66 15
43 59
98 33
29 45
86 68
95 37
8 11
14 23
45 16
58 42
79 40
82 57
3 71
16 9
50 58
86 99
10 54
52 85
47 40
16 23
82 69
43 3
74 49
14 29
55 75
8 37
67 21
33 16
47 15
70 6
27 7
45 62
85 7
91 3
98 90
41 57
64 57
61 9
22 68
6 64
16 43
97 19
51 49
70 87
1 72
42 24
66 27
58 61
19 95
61 88
80 40
5 94
68 87
61 97
66 2
20 32
54 81
4 7
69 31
71 43
13 64
48 82
93 14
34 4
32 15
38 0
97 88
41 27
50 0
80 65
37 41
83 94
13 93
52 25
49 60
66 31
75 62
95 70
87 29
49 25
48 43
14 71
35 19
84 83
7 84
2 20
83 69
76 62
35 70
74 77
66 18
76 30
95 68
13 21
39 45
91 26
80 16
48 62
69 1
59 56
74 75
5 85
3 48
86 76
50 52
60 77
73 0
50 89
84 82
95 63
54 57
22 59
66 53
88 17
47 67
33 38
70 8
29 16
90 80
98 2
56 5
48 39
37 73
42 86
86 46
88 8
83 31
22 46
19 17
44 94
31 95
22 38
75 88
11 30
95 59
99 1
48 41
43 77
71 83
26 68
25 21
80 63
74 31
76 95
25 20
78 44
27 89
89 60
51 23
13 85
10 32
64 89
7 38
88 24
15 10
67 85
77 60
48 29
5 42
7 41
66 40
50 87
14 80
3 1
2 92
18 23
73 80
0 81
14 45
44 78
29 64
23 59
0 4
99 4
53 18
3 17
5 36
94 55
0 3
66 16
25 12
7 75
68 44
73 10
79 87
12 62
86 13
21 33
28 1
66 80
31 75
7 25
4 23
7 99
43 44
52 56
3 81
30 14
37 13
44 90
1 10
23 1
94 77
40 48
78 46
70 24
80 66
42 75
72 80
14 81
78 26
76 4
45 69
76 29
2 38
34 25
28 29
23 84
14 90
19 50
95 15
0 21
61 94
50 34
44 69
97 94
44 24
98 64
66 48
87 18
15 38
28 95
33 22
72 55
32 18
93 91
81 92
41 72
6 61
87 22
43 0
10 9
69 18
21 96
40 23
87 57
77 17
71 66
7 86
55 69
86 95
16 83
36 83
56 95
7 29
42 27
13 49
56 69
5 4
70 12
56 59
67 15
91 53
27 4
9 81
62 64
22 70
93 36
13 51
23 45
42 83
27 69
63 23
59 97
86 98
23 15
69 69
88 10
95 60
57 74
56 30
78 89
40 11
23 53
13 47
77 59
74 91
52 52
84 10
24 44
86 88
61 10
66 54
3 59
5 43
30 94
31 38
53 83
35 92
42 52
23 35
72 40
47 28
93 67
85 60
62 45
98 72
42 37
26 98
71 86
32 49
7 47
24 1
55 85
50 81
10 2
32 0
5 63
74 16
20 52
39 95
41 12
95 94
87 54
3 68
33 28
37 7
98 71
11 48
52 39
29 97
93 18
48 96
9 38
90 96
14 19
90 4
73 12
66 74
85 15
80 89
81 28
55 12
11 57
17 5
43 25
26 84
88 4
95 29
35 41
95 13
78 12
70 91
59 35
48 72
7 5
68 60
10 95
0 2
75 13
20 3
58 90
38 85
2 65
19 44
63 79
44 68
57 23
26 45
83 7
60 79
44 47
19 19
34 3
86 70
92 71
50 16
3 87
96 73
19 27
70 45
84 37
39 75
35 49
91 27
89 51
40 2
48 5
7 36
42 31
72 62
62 77
41 74
38 41
29 81
96 48
87 75
53 39
64 97
71 12
88 57
92 43
69 73
75 9
91 77
84 22
11 94
32 83
72 7
24 59
98 12
13 45
87 51
92 54
67 23
1 12
87 96
93 48
25 51
45 3
53 97
9 73
82 33
2 54
28 6
63 57
66 41
45 36
20 18
41 76
22 82
48 36
85 21
92 48
5 17
28 96
12 35
4 78
46 51
50 6
69 27
67 54
39 55
94 17
11 9
41 20
87 86
3 19
41 15
5 71
25 47
4 5
85 26
62 21
87 81
47 77
70 25
57 13
97 59
9 48
18 7
87 44
48 70
94 98
77 23
84 63
62 73
62 80
30 65
14 39
76 41
90 51
28 51
73 34
96 39
51 5
22 74
7 50
94 20
48 23
15 29
79 2
91 69
10 75
35 44
49 53
38 69
35 33
50 93
52 27
21 20
77 36
92 37
78 88
78 19
68 5
13 28
20 91
82 91
65 71
87 93
63 73
52 77
64 42
98 1
91 25
7 79
12 73
8 81
81 70
31 6
95 19
9 20
71 54
76 92
21 23
28 54
90 76
76 91
15 43
50 26
47 18
33 23
65 23
60 16
55 91
36 67
93 61
8 40
56 94
36 75
94 53
60 90
58 16
79 64
75 95
19 94
95 24
21 13
2 57
0 91
36 18
81 79
57 41
55 61
85 94
73 66
0 88
69 33
31 67
74 44
3 66
71 7
71 23
32 11
2 52
33 76
9 14
55 48
17 34
15 21
31 12
46 91
22 88
97 50
88 78
87 10
41 19
90 11
7 95
67 84
96 91
33 94
70 75
5 24
20 81
98 58
66 68
69 49
11 90
60 21
10 90
59 72
49 71
39 53
53 26
0 50
56 46
38 31
88 35
52 68
96 38
47 79
46 32
74 60
24 79
86 30
0 85
61 29
15 5
40 45
83 75
82 27
10 6
55 38
55 87
54 65
78 70
29 92
38 94
12 12
1 95
56 26
22 0
72 84
98 56
47 44
16 24
4 77
80 47
54 69
32 43
11 88
43 12
90 6
83 25
87 32
31 4
59 46
20 33
96 44
13 2
73 74
82 9
46 15
74 10
71 1
55 65
80 78
36 97
72 29
15 28
70 11
84 33
47 11
25 94
87 69
69 99
82 72
63 43
22 91
70 15
46 70
89 47
18 46
77 93
48 8
63 13
34 45
32 79
10 13
22 94
66 98
19 31
7 14
33 46
72 2
23 90
2 75
30 1
75 38
60 18
7 0
37 86
35 89
90 15
33 51
78 4
97 38
79 44
61 74
75 6
92 88
82 23
28 37
85 22
84 81
54 46
37 90
29 24
22 45
27 41
95 77
90 40
54 45
55 0
45 33
31 24
29 90
8 26
97 40
42 2
52 57
15 6
81 68
19 36
6 79
10 4
49 34
29 12
28 86
0 71
41 85
36 66
97 57
39 99
43 70
85 54
54 89
50 35
94 75
81 12
74 65
36 96
9 15
92 19
53 46
3 42
45 90
58 62
78 3
71 95
7 62
80 80
49 7
50 49
74 19
76 57
36 69
52 66
21 16
24 40
76 93
7 9
68 71
59 67
5 73
65 73
7 17
3 82
40 6
15 36
75 79
20 88
53 99
6 94
48 95
15 53
10 61
66 28
31 69
61 59
92 31
60 51
70 77
94 42
91 57
83 28
77 43
29 38
70 85
21 64
61 95
58 30
15 84
62 41
52 40
76 19
99 17
62 37
82 89
42 0
90 99
32 13
39 29
6 31
35 59
4 56
96 23
21 39
84 15
40 93
85 76
15 65
47 58
29 13
87 94
1 19
89 46
88 55
61 18
58 10
37 4
34 78
11 18
19 29
68 95
69 2
57 50
88 12
13 70
8 28
64 73
18 36
73 3
8 55
73 27
99 87
39 24
56 63
7 53
47 46
64 55
31 8
33 93
60 23
8 18
38 96
82 47
68 83
30 91
54 33
93 78
6 6
24 2
54 51
36 53
9 2
52 54
38 59
56 71
75 61
10 17
67 91
36 9
56 34
0 74
30 6
11 68
51 21
60 1
73 79
67 96
88 2
42 21
18 28
78 37
24 62
10 48
16 25
67 44
13 14
25 1
72 90
55 1
88 0
11 47
71 40
53 41
69 26
43 62
37 32
46 46
39 71
59 59
42 3
71 39
97 32
60 9
50 64
13 83
42 45
59 75
87 52
58 76
48 78
37 22
48 98
35 86
56 35
2 76
86 92
79 32
97 5
6 75
91 5
39 82
58 66
69 88
71 58
87 21
40 41
11 81
26 58
64 26
72 92
91 13
2 19
62 38
56 93
6 36
70 50
69 38
69 21
26 42
76 63
4 68
50 86
38 54
93 40
1 70
95 10
18 1
29 17
55 53
80 57
98 15
53 13
11 84
34 17
8 4
4 41
67 34
73 64
93 4
64 27
1 43
41 75
16 56
45 88
35 97
9 43
56 2
96 92
81 36
82 50
74 93
49 52
37 43
29 20
70 84
28 91
85 51
54 43
11 96
85 1
61 78
70 30
45 4
38 66
31 54
77 37
39 17
20 98
38 46
81 31
59 13
24 86
46 5
23 88
85 85
99 35
41 83
1 23
57 66
99 52
28 90
87 8
25 76
34 21
57 36
26 28
43 55
50 57
95 81
52 28
89 91
80 25
46 59
24 95
20 86
30 48
47 13
83 9
77 57
12 31
48 20
29 59
52 96
31 72
89 38
50 51
4 71
13 91
19 57
34 37
2 66
62 15
16 55
75 33
97 29
70 80
40 76
34 88
90 66
75 74
22 35
96 80
34 54
68 6
55 93
91 46
85 74
58 39
39 60
92 18
50 2
9 91
29 30
55 86
89 25
46 73
50 56
67 37
5 99
9 94
27 72
67 86
66 65
82 82
76 37
4 84
3 23
76 24
61 41
21 80
4 33
26 96
92 7
62 18
8 71
59 15
74 29
78 28
9 27
86 78
47 2
57 29
73 44
99 25
12 61
54 35
57 12
79 58
5 45
33 88
29 79
73 65
58 40
90 34
30 9
26 77
45 46
57 27
32 4
5 18
64 45
16 29
54 98
60 40
79 16
20 65
53 75
78 99
25 18
93 75
4 43
73 28
77 7
59 53
54 32
81 4
43 93
20 20
11 97
62 17
35 35
49 84
34 38
34 73
46 80
25 6
5 47
19 93
18 26
7 77
14 11
16 18
78 69
27 22
48 73
28 67
24 98
81 67
96 26
87 19
93 86
99 23
20 40
61 45
58 81
68 54
63 36
15 3
84 24
47 76
47 83
13 59
48 80
82 0
9 76
12 10
63 8
41 49
50 88
1 13
20 76
17 54
67 57
19 96
55 6
6 98
92 12
22 65
14 37
19 76
11 16
64 8
19 42
43 27
97 62
8 93
24 43
68 16
11 80
38 61
83 91
47 54
40 73
5 46
51 86
25 81
72 28
55 97
13 9
14 72
61 64
81 53
60 31
84 67
49 12
1 7
8 78
27 67
18 16
98 75
18 12
48 24
68 18
39 33
83 18
94 31
25 92
23 64
75 71
98 29
92 13
94 99
45 81
38 72
56 56
45 31
63 94
4 8
27 60
95 43
79 69
23 70
22 20
26 88
47 87
46 3
97 36
75 20
47 55
78 58
5 50
20 93
2 69
57 31
96 33
61 90
11 75
12 30
51 51
26 51
1 55
74 6
18 45
94 63
43 71
84 36
56 17
65 32
75 37
87 38
44 70
51 18
95 89
47 65
67 47
59 80
71 49
43 16
60 82
21 68
47 88
12 70
37 11
33 45
58 13
41 0
39 79
1 63
84 91
67 66
32 62
89 95
89 18
89 16
42 69
3 5
74 66
38 58
29 40
82 99
98 74
36 35
61 14
69 84
10 34
24 51
59 27
10 63
87 34
30 22
6 55
17 41
31 34
85 70
54 70
79 14
1 6
25 88
80 36
45 24
62 55
34 22
89 39
9 63
90 93
30 83
10 37
51 28
12 1
46 6
15 58
99 73
14 95
50 61
16 96
62 33
70 63
28 20
5 25
37 97
22 33
39 25
29 42
92 64
46 30
0 26
80 77
19 77
19 91
43 20
9 51
90 48
92 76
41 98
62 70
60 19
30 34
79 33
83 81
10 39
4 93
2 97
86 16
82 95
70 67
6 96
5 28
14 89
21 29
17 48
81 50
74 99
51 46
69 17
41 43
8 14
81 98
9 88
31 10
53 44
64 5
36 58
32 57
44 40
2 30
90 90
64 70
81 61
94 57
21 45
69 10
47 14
84 17
16 57
16 41
37 26
67 79
2 64
89 53
36 79
20 66
40 80
5 8
5 84
15 16
89 65
91 6
53 4
90 72
24 92
57 35
47 96
64 49
1 86
31 43
44 73
68 52
71 3
19 23
53 57
17 35
21 70
7 46
44 57
41 35
36 33
56 45
39 41
91 90
45 23
93 21
7 39
79 80
54 77
25 23
59 82
24 58
67 43
50 53
96 59
62 94
69 80
31 17
14 53
28 60
67 70
65 61
42 46
4 40
88 71
68 63
90 8
15 34
64 91
60 37
52 35
37 19
63 66
32 53
68 40
97 49
46 78
95 85
45 77
83 78
8 66
97 46
19 10
18 53
28 48
46 55
82 62
43 48
79 15
25 7
24 29
10 25
63 21
92 63
55 60
83 92
81 91
25 42
37 52
26 0
60 27
9 77
40 55
20 57
84 9
54 21
84 51
35 85
7 97
68 13
45 0
38 83
88 96
36 27
66 22
72 87
59 20
13 32
6 84
24 16
93 37
10 76
62 32
50 5
73 93
61 83
37 81
28 2
59 57
54 72
84 88
0 55
61 56
50 37
39 37
49 55
63 9
79 23
15 4
1 89
94 62
89 10
23 83
48 10
16 13
27 13
6 83
79 47
61 30
1 91
71 70
87 37
30 82
35 27
31 36
6 19
27 94
36 11
43 60
82 68
63 24
2 58
4 88
26 87
74 12
47 98
28 34
64 53
0 11
48 48
43 73
39 56
29 53
38 30
7 87
75 81
5 82
60 36
27 40
25 4
57 81
43 10
24 65
56 85
27 80
17 83
38 17
34 55
10 79
73 89
17 67
50 30
65 80
1 58
40 28
25 70
41 88
2 82
85 63
58 46
53 36
52 87
9 99
29 15
13 29
95 20
64 52
24 22
84 35
17 81
86 81
24 67
78 86
40 57
80 84
0 87
85 82
10 40
78 95
23 6
4 67
82 14
53 82
70 86
4 47
82 78
20 78
81 80
25 64
46 66
21 59
96 57
81 41
51 24
85 25
22 34
98 19
66 50
81 35
66 86
32 35
61 82
74 48
73 49
80 21
38 32
18 29
2 37
82 64
43 63
38 35
16 94
75 25
86 3
23 29
88 46
1 90
5 48
98 54
77 54
22 81
27 33
2 99
87 28
42 6
97 61
30 41
92 39
1 21
30 68
54 10
71 0
87 76
16 46
55 24
30 57
59 22
23 49
52 1
67 97
2 43
33 42
73 20
18 8
78 16
45 22
92 11
48 85
40 50
16 84
48 26
90 58
84 64
90 33
39 48
4 44
35 14
72 0
2 1
37 61
86 86
25 78
97 52
76 53
95 36
96 21
19 72
24 47
60 81
85 5
50 96
16 61
69 20
71 67
7 51
65 14
92 28
7 88
81 16
83 67
53 69
14 30
39 68
55 72
72 70
98 0
75 7
37 44
16 1
28 9
88 20
37 2
4 17
87 4
9 75
83 87
25 0
39 80
89 73
53 59
12 24
95 40
15 69
15 1
27 79
7 24
6 8
95 88
40 30
50 46
18 19
21 44
39 52
57 97
97 68
79 27
27 71
27 76
1 39
90 71
20 22
99 27
95 64
93 22
10 70
57 87
34 44
87 49
35 9
21 62
85 65
67 62
56 8
35 53
8 85
50 33
74 84
46 22
24 11
93 54
20 23
43 33
23 72
3 38
1 28
54 78
29 99
1 98
27 10
53 40
92 61
79 74
26 79
62 57
17 29
50 70
50 71
71 8
75 84
41 32
19 45
63 2
88 85
21 51
62 53
85 78
47 62
25 57
8 96
77 76
63 72
96 2
13 96
60 62
54 31
82 66
20 13
60 8
20 8
69 40
58 70
91 35
58 11
6 59
74 34
86 56
46 61
86 17
46 74
20 39
42 34
28 71
31 25
89 57
42 36
1 38
46 95
31 45
3 88
23 80
29 70
11 14
8 83
70 1
34 5
4 49
53 50
20 45
33 79
73 41
87 78
27 73
87 77
75 80
77 83
23 77
33 54
31 22
59 94
82 80
26 46
73 73
67 45
66 61
42 30
44 99
62 79
1 46
41 13
98 53
39 98
15 97
39 38
39 58
16 68
20 68
32 54
17 47
9 49
82 10
3 26
97 84
59 93
95 74
10 58
36 54
89 75
31 11
53 74
42 56
7 68
29 49
57 72
68 28
84 98
16 16
78 10
24 37
85 53
14 48
0 31
36 31
99 76
51 73
38 91
68 88
85 90
44 61
4 54
57 82
30 43
77 86
21 17
94 78
35 67
76 67
53 93
88 87
41 58
66 20
63 47
67 46
62 13
74 63
10 35
6 40
37 84
96 31
37 88
1 77
89 26
13 36
31 57
63 17
64 3
22 25
37 18
64 1
3 10
44 96
34 61
93 69
27 24
77 13
30 95
0 61
23 36
30 85
20 67
67 6
81 7
79 22
18 4
97 92
77 56
53 73
61 2
75 70
43 90
22 26
15 57
67 60
23 67
20 21
38 1
19 70
72 53
66 73
40 67
14 76
86 55
30 52
71 94
93 16
19 79
67 67
16 47
76 46
18 24
45 80
91 11
47 33
17 86
90 62
87 56
36 82
11 74
29 6
66 35
35 7
32 87
12 93
40 60
14 31
64 56
73 77
26 39
48 6
45 56
37 47
68 65
74 18
59 25
12 68
94 94
31 9
72 13
51 67
77 63
70 99
43 23
17 7
58 83
51 60
49 37
25 24
6 57
4 37
59 55
4 42
59 62
90 87
63 10
65 99
13 10
50 95
35 76
46 56
47 23
73 95
50 55
95 87
97 91
59 44
69 60
33 82
69 85
68 33
0 28
50 45
30 63
52 12
92 21
11 53
41 78
80 61
33 4
82 71
89 12
42 74
61 38
29 52
49 82
42 47
92 62
55 74
58 82
5 93
30 53
33 3
94 21
28 17
40 4
26 3
51 66
33 12
56 92
64 85
38 63
75 83
31 2
77 78
49 1
43 64
30 99
22 60
11 64
7 35
99 92
39 30
18 91
19 25
28 81
5 52
65 7
86 51
97 53
71 51
62 69
72 50
26 64
65 60
65 67
28 84
84 29
11 23
29 19
98 81
44 35
2 7
80 90
16 75
83 93
27 42
95 39
56 76
32 58
18 61
85 11
97 71
9 66
99 0
83 71
39 5
69 4
31 27
2 4
54 47
29 77
62 29
81 57
58 89
78 8
5 55
30 86
3 55
72 64
57 47
68 48
40 87
68 61
49 14
95 33
33 24
23 52
19 56
1 57
0 77
48 76
79 98
44 29
41 30
40 74
60 87
55 5
87 62
14 61
23 93
29 74
43 56
6 17
67 26
96 17
69 16
48 92
46 63
77 16
82 4
54 60
41 1
33 11
26 34
20 92
7 59
69 95
18 20
68 56
81 60
6 25
34 0
44 44
50 65
7 18
61 5
38 42
42 85
82 81
34 59
64 44
40 7
43 21
10 26
77 49
16 72
34 12
18 58
4 13
54 66
57 28
94 44
5 1
93 47
67 35
21 24
77 30
12 19
26 65
13 97
8 9
26 80
51 70
45 13
64 92
98 68
52 61
61 76
58 77
14 93
59 88
97 73
57 56
37 25
68 14
8 65
28 35
21 83
68 31
85 40
37 80
8 56
31 62
71 9
65 11
85 99
21 11
99 79
70 95
38 52
33 26
81 9
45 42
87 80
31 80
75 75
94 68
18 31
89 86
98 83
38 95
27 95
26 38
46 20
41 53
88 27
40 17
73 81
91 87
44 7
61 23
53 25
17 17
20 59
71 42
49 59
81 25
59 76
82 26
62 86
41 51
76 89
18 56
2 91
84 96
5 76
27 49
9 32
72 46
32 3
16 38
29 65
43 89
95 49
7 27
5 41
20 30
71 2
71 84
12 98
38 97
86 22
99 18
72 82
58 19
67 13
3 92
21 53
40 68
59 2
96 77
86 94
71 75
20 51
40 49
87 17
53 47
62 44
14 88
45 41
52 6
41 95
22 93
34 66
65 81
83 74
95 28
45 75
8 35
50 28
27 51
1 69
89 70
43 57
97 25
23 44
57 26
45 53
55 77
72 51
57 9
40 3
11 55
46 29
70 72
26 26
97 64
73 47
65 64
9 18
37 37
97 55
99 78
30 67
82 52
57 52
36 19
8 79
3 91
62 6
61 81
71 6
99 33
94 7
42 49
4 15
14 85
77 98
32 40
94 71
24 77
11 13
86 32
39 44
49 78
96 58
58 9
98 32
81 29
80 83
78 24
32 9
76 36
63 46
44 63
35 54
63 40
68 79
66 38
94 35
7 40
13 37
68 92
45 8
83 1
3 65
53 84
92 29
74 82
35 43
54 17
15 35
4 76
61 54
92 75
25 67
86 25
23 39
26 82
31 5
20 28
8 13
68 64
24 41
33 49
21 34
34 96
66 83
19 53
1 27
29 22
38 24
93 1
88 42
79 43
94 96
26 6
85 73
91 71
40 34
16 7
42 11
70 96
19 48
96 88
83 8
30 79
53 7
16 97
0 1
75 87
4 21
83 50
80 31
40 47
43 46
66 51
93 42
21 6
21 65
87 15
79 56
17 15
93 74
38 77
45 12
8 61
63 42
57 46
18 99
57 94
43 51
47 89
51 76
50 79
53 23
70 89
19 89
54 74
67 39
35 46
57 51
91 92
75 21
26 59
98 79
39 91
36 20
46 31
69 61
96 18
15 45
83 63
48 86
48 2
45 34
20 80
55 82
19 15
55 33
92 99
76 61
15 27
21 30
21 55
91 41
52 34
7 80
90 3
44 21
59 9
50 60
0 84
89 45
52 45
31 37
26 49
12 66
45 60
37 66
91 64
54 11
89 9
42 63
13 40
5 26
83 56
55 16
56 86
29 93
68 34
96 66
38 29
27 9
60 88
93 43
37 74
78 25
15 76
53 31
25 43
18 47
22 32
25 27
22 76
2 40
20 2
53 92
54 50
31 64
92 3
4 98
9 95
85 39
38 33
80 32
88 62
85 67
82 48
0 67
43 26
30 96
36 88
80 74
12 36
4 32
3 97
73 7
45 76
25 19
81 82
29 78
68 73
49 87
41 86
10 3
8 7
38 78
80 69
9 23
51 91
70 60
97 3
3 50
48 4
37 54
30 12
37 83
42 70
16 6
72 99
16 12
78 61
96 30
55 15
11 21
70 54
49 4
14 36
47 43
89 48
16 85
84 39
46 67
43 75
28 83
7 10
24 8
77 27
42 43
47 20
53 85
47 71
44 36
9 6
86 75
92 44
74 76
62 23
97 21
44 91
27 27
30 62
2 71
21 42
35 63
50 10
59 24
22 49
83 2
67 7
18 97
9 68
90 41
56 88
18 57
14 91
10 5
92 80
43 61
78 2
15 17
14 65
34 52
20 54
82 60
68 11
89 62
0 92
90 85
4 36
83 86
10 53
62 26
84 43
58 4
62 62
41 92
41 89
62 75
50 21
22 58
63 33
47 48
75 39
50 75
22 40
47 19
65 1
99 58
57 96
60 29
25 44
85 31
70 88
2 25
87 60
84 14
23 11
41 81
17 91
96 0
49 66
70 3
75 93
77 3
99 22
11 0
62 66
86 66
74 64
10 88
15 49
63 85
52 74
13 77
49 11
8 62
3 18
18 11
91 96
94 40
64 95
12 71
19 66
67 36
56 20
88 14
42 35
26 67
57 34
0 69
6 22
82 61
31 85
31 29
88 45
74 59
6 95
55 29
45 2
52 55
8 64
63 80
14 70
51 85
46 57
96 70
17 45
26 66
43 34
47 80
41 47
1 84
15 54
45 87
97 16
72 26
8 91
7 64
29 91
83 41
97 12
34 93
99 71
99 68
64 32
54 63
72 3
80 34
3 73
48 89
81 58
14 27
39 62
89 0
67 80
9 54
8 70
52 99
3 85
4 20
78 32
74 74
95 55
0 33
60 34
57 19
70 46
40 86
86 11
95 98
30 39
88 84
24 90
67 95
9 31
54 73
3 56
63 84
32 64
2 53
98 26
63 74
18 66
94 86
94 22
70 44
19 47
88 37
56 9
50 63
63 55
88 72
89 50
8 47
55 81
59 70
65 96
29 98
68 85
20 90
34 34
63 86
24 13
64 25
18 44
93 85
36 52
79 71
18 40
56 21
95 67
66 70
22 18
75 72
78 98
64 60
2 35
42 94
60 80
8 87
89 27
49 75
40 54
12 91
13 3
19 75
87 99
89 77
68 84
99 39
29 66
41 5
36 24
86 80
49 38
20 36
42 7
97 33
78 63
43 66
2 63
56 47
68 7
98 34
27 20
26 23
54 92
16 5
91 9
11 58
98 48
4 91
50 62
99 59
42 87
46 24
96 79
30 77
42 78
90 29
63 70
85 84
88 1
36 21
39 43
16 8
89 5
28 56
86 38
73 69
41 77
77 91
43 2
84 93
39 51
83 90
93 68
37 15
67 16
65 77
20 6
20 37
0 90
29 36
97 6
2 79
59 60
51 29
43 31
25 52
89 99
61 62
10 73
15 23
62 40
13 90
0 27
5 60
2 6
92 87
52 98
76 11
62 81
11 82
33 60
0 78
33 78
15 47
94 82
90 65
73 75
7 33
0 13
2 28
63 16
99 9
0 30
55 49
2 22
41 63
18 52
63 34
48 45
35 37
93 35
25 39
26 33
45 92
70 35
25 31
62 76
55 30
19 64
40 51
49 19
33 47
28 24
14 21
68 46
42 89
3 3
26 91
31 68
47 60
44 18
78 68
97 42
70 22
32 59
94 28
78 67
18 38
46 35
61 24
41 8
18 0
37 10
3 54
41 96
89 81
96 36
16 54
50 94
25 22
7 66
97 27
96 41
67 98
40 69
85 80
93 82
38 5
8 29
64 48
20 70
19 37
26 73
8 80
14 2
37 40
24 52
97 35
41 82
74 0
25 53
37 60
89 20
45 51
46 9
87 16
97 30
48 97
81 32
55 14
67 8
12 5
5 68
29 63
81 95
10 97
7 49
11 76
16 77
97 11
37 63
49 81
17 36
40 10
99 77
58 7
71 87
88 67
53 58
80 23
80 8
11 2
88 47
68 58
17 85
84 60
50 42
27 0
65 24
87 2
93 5
50 74
44 85
55 13
7 28
93 95
42 95
45 61
60 10
59 89
77 33
19 78
22 92
98 63
60 74
31 48
29 94
78 92
39 78
94 92
64 24
87 9
75 92
69 70
11 26
30 28
95 27
88 53
75 64
14 43
22 37
63 82
9 53
51 65
85 56
25 87
96 61
45 83
8 41
63 26
5 33
22 64
83 39
62 48
91 85
90 81
94 15
9 86
13 50
67 27
49 8
34 57
34 91
0 54
87 27
59 77
60 91
77 74
63 56
98 36
78 62
83 21
1 34
0 46
71 26
69 76
82 37
66 25
80 43
69 19
5 70
68 50
70 38
70 5
4 94
11 61
65 29
29 5
94 70
17 57
34 23
11 49
59 69
1 66
25 38
68 97
84 86
27 93
92 59
6 97
18 71
83 4
36 78
8 54
5 90
24 56
95 66
32 44
78 39
34 69
48 74
80 96
40 8
24 12
86 2
27 57
51 87
11 40
67 83
57 4
3 37
77 42
0 80
34 58
17 79
8 73
25 54
70 92
76 94
53 6
23 13
47 63
29 39
65 59
16 21
39 67
96 13
47 99
94 83
97 54
49 16
14 3
24 9
76 83
54 82
83 12
69 83
57 32
45 67
92 27
98 42
69 13
14 28
61 68
82 83
70 2
2 48
95 72
46 81
64 40
12 57
27 90
98 27
25 49
10 71
52 11
40 89
45 25
84 5
30 21
79 42
30 18
46 50
17 26
57 59
21 50
75 44
34 29
74 57
26 70
25 29
21 93
85 28
40 64
37 50
43 1
91 48
65 37
9 33
32 84
19 68
67 22
18 35
25 40
30 59
15 99
93 90
81 48
80 62
58 20
82 65
24 66
87 58
11 87
23 16
75 22
18 78
69 75
3 78
71 92
66 0
23 3
6 52
58 1
96 28
23 65
57 98
80 82
1 45
2 10
86 1
23 22
91 21
63 67
99 36
54 58
81 20
0 75
95 52
51 54
67 9
45 68
97 8
64 9
17 68
21 60
58 33
50 68
16 3
75 98
54 5
37 70
82 97
16 15
27 84
5 83
20 58
81 96
37 14
79 35
91 38
79 21
17 72
35 51
32 93
24 3
10 83
11 15
72 36
74 72
44 32
11 65
88 19
61 99
81 75
89 68
8 17
22 36
1 68
70 16
97 70
0 56
89 31
98 31
19 7
59 45
47 53
43 49
51 34
27 65
8 97
42 62
98 55
16 37
5 10
93 98
12 75
94 87
40 98
68 93
13 27
79 1
1 36
32 69
76 8
62 34
3 4
27 36
12 96
7 15
5 35
57 92
83 89
26 74
6 9
83 45
91 19
53 43
51 52
66 46
0 39
75 78
25 98
87 14
27 87
90 77
80 15
32 85
96 89
89 63
30 16
30 4
10 49
73 90
44 3
5 5
42 58
34 33
18 2
40 88
91 72
17 74
99 21
37 49
39 96
18 33
41 17
17 10
49 13
15 51
88 39
88 33
1 85
86 71
80 68
47 72
42 44
10 33
59 65
68 53
96 95
94 84
21 94
92 33
31 16
61 50
42 9
56 87
43 82
99 84
28 78
13 75
34 48
93 8
45 64
1 94
31 84
17 93
79 89
46 14
90 67
49 0
6 65
72 39
2 70
93 79
78 30
1 15
32 91
94 48
86 52
61 89
72 66
11 73
33 13
20 42
69 78
51 79
37 85
6 10
12 41
33 37
52 2
86 28
93 33
63 58
4 3
77 69
71 64
85 20
91 76
73 52
37 67
40 97
88 51
36 12
92 2
45 7
47 22
99 49
22 77
62 56
83 52
50 7
40 21
16 60
17 31
26 32
19 26
29 68
27 55
96 50
65 50
80 5
4 55
39 22
56 3
84 94
26 60
72 22
74 68
69 28
76 16
32 10
96 1
65 55
26 41
93 55
41 11
97 74
15 2
44 33
26 9
78 42
91 24
71 24
41 87
43 38
81 74
96 78
99 11
10 62
11 24
93 27
49 28
95 2
23 85
99 32
98 28
78 57
91 39
40 78
37 20
82 93
94 43
88 21
11 62
58 31
29 21
14 26
7 69
12 21
26 75
30 93
72 69
17 46
94 24
96 98
80 7
66 34
69 47
39 77
51 7
86 61
74 69
0 38
67 30
91 56
66 67
5 58
61 70
86 82
9 52
25 3
6 18
97 9
83 48
40 1
82 35
66 8
72 56
46 44
60 53
20 41
8 22
51 14
65 26
33 85
89 74
88 18
83 0
64 66
5 74
19 0
67 25
86 73
91 8
79 91
35 96
26 69
13 46
83 59
31 21
34 35
63 92
53 49
19 85
43 15
2 68
66 63
3 63
64 20
69 12
3 46
64 51
24 7
24 69
60 63
65 36
77 1
15 61
24 20
80 98
54 28
44 50
69 0
90 31
35 99
5 19
61 11
2 13
83 37
84 0
54 40
68 69
13 4
88 54
83 95
44 62
10 92
72 85
48 61
21 3
35 3
44 2
4 48
67 42
56 10
65 41
93 51
50 20
79 31
34 40
70 71
23 20
29 60
68 67
51 33
91 65
22 84
73 60
50 3
92 69
91 55
19 92
82 79
92 0
44 39
29 7
18 17
56 97
81 24
53 32
92 91
3 61
0 41
53 61
74 46
87 23
78 72
11 32
88 88
49 86
19 20
89 56
35 42
52 95
89 44
27 35
99 90
92 95
87 5
3 30
58 84
30 7
47 39
70 70
14 56
2 39
87 89
71 59
39 1
54 76
5 64
19 39
39 7
42 91
12 79
88 77
24 39
62 90
72 31
74 1
3 72
99 56
75 16
86 23
96 76
85 62
21 74
93 12
44 19
32 30
52 48
9 3
36 22
52 58
97 28
55 67
54 25
57 40
96 15
94 23
30 56
15 91
32 28
86 64
54 64
90 94
16 39
65 92
94 33
88 69
28 88
66 42
95 42
22 44
91 50
88 80
35 10
59 21
86 91
74 70
23 33
47 25
79 6
3 84
75 69
61 77
92 16
7 23
64 83
73 70
86 85
97 99
40 12
92 98
7 7
81 84
96 75
0 9
11 22
54 14
44 22
60 50
90 0
28 73
47 59
9 69
78 15
36 25
17 59
13 0
4 66
89 61
56 84
76 81
82 39
9 80
14 34
18 6
28 80
84 85
94 60
62 5
42 99
82 53
10 41
28 7
12 86
28 57
94 5
71 89
35 45
28 16
65 30
85 14
51 94
8 15
28 50
44 34
21 79
89 1
70 79
42 17
49 18
39 87
34 8
86 5
83 16
73 84
24 75
81 87
40 58
68 36
39 85
57 45
66 95
48 12
80 3
13 16
22 48
83 84
91 74
73 48
18 30
56 41
6 89
21 36
35 50
20 62
9 72
78 93
18 98
79 92
24 70
58 26
54 99
16 88
77 52
12 15
30 2
56 54
73 17
26 44
22 75
60 45
41 28
86 65
88 23
58 60
43 81
91 95
71 28
76 84
7 52
50 43
32 71
16 62
21 43
97 47
22 28
35 72
33 61
52 22
51 88
3 24
43 4
27 78
11 38
69 74
19 33
89 97
51 8
28 75
13 82
53 96
70 23
60 66
35 22
19 59
98 70
53 20
41 39
3 98
49 26
55 42
65 78
73 9
73 1
65 21
36 26
56 62
72 43
90 60
70 13
7 1
72 47
94 59
58 91
95 35
43 36
30 84
22 56
3 43
91 20
58 98
40 24
27 45
36 60
19 2
59 42
89 6
35 4
96 72
63 51
42 77
53 2
53 9
89 22
31 83
57 44
76 44
61 4
33 75
43 13
2 50
82 19
89 78
84 75
32 36
31 88
5 23
43 22
89 15
41 18
97 10
57 79
11 31
47 42
46 19
45 19
52 69
0 94
42 80
42 8
29 62
54 24
18 10
9 19
46 53
3 67
9 11
51 61
96 45
36 7
1 79
38 25
51 57
23 26
15 87
66 79
23 69
36 43
97 86
99 15
61 91
33 20
4 52
0 12
43 42
41 33
61 33
87 84
51 31
8 98
10 99
38 43
89 14
75 43
32 89
11 35
52 73
42 12
89 93
75 96
33 39
45 52
51 27
81 21
76 23
37 30
72 27
46 94
21 27
37 98
93 97
95 25
46 85
34 36
30 3
62 82
40 70
79 54
46 96
56 24
79 19
10 85
53 33
14 41
61 28
76 27
87 72
60 15
11 50
56 23
1 41
71 18
25 2
92 10
85 95
45 6
50 14
64 99
74 35
5 77
43 8
55 63
88 50
0 52
8 92
52 49
57 70
51 15
87 90
83 34
66 52
64 84
35 36
25 33
6 15
39 40
23 8
24 54
96 82
6 47
75 50
31 51
14 84
27 59
4 90
9 12
74 7
78 52
9 82
31 98
81 0
27 28
5 7
12 48
21 78
27 2
27 16
75 58
46 71
39 61
17 98
21 98
62 71
12 65
18 92
65 97
82 98
17 50
2 17
19 99
59 11
88 79
66 3
50 82
89 52
44 26
77 47
6 28
71 78
39 32
35 21
36 17
55 83
32 34
83 96
56 98
10 66
25 28
98 44
99 6
4 80
92 38
25 84
91 68
60 60
62 97
8 94
52 38
30 10
82 20
88 29
22 53
97 72
89 33
83 60
13 35
44 77
83 30
53 62
46 18
77 94
41 54
34 43
50 78
96 52
67 32
17 84
29 67
48 66
9 8
90 84
71 41
3 96
6 46
93 72
50 27
56 58
53 27
90 88
32 16
71 45
6 44
42 66
39 97
14 15
30 31
92 56
49 47
16 59
38 22
72 52
56 37
81 77
61 13
69 92
37 24
96 67
22 47
48 90
85 55
64 64
13 8
1 35
28 25
26 93
75 99
48 84
0 93
25 77
64 75
68 41
59 71
71 69
8 76
37 39
32 39
57 71
15 32
83 73
4 25
28 87
83 68
28 70
5 22
21 48
2 87
31 53
36 37
33 73
49 36
56 78
57 10
76 48
4 65
2 31
8 23
31 15
46 16
51 35
95 93
37 23
55 11
41 66
12 22
49 67
59 1
61 34
35 88
83 79
49 94
33 19
92 14
48 21
75 97
49 3
26 62
64 34
24 88
55 10
52 80
92 34
84 77
28 93
44 88
12 17
8 12
73 38
26 57
35 11
72 44
85 10
11 1
18 63
88 59
42 14
39 70
88 5
61 35
88 15
76 72
6 29
33 9
39 35
72 6
71 63
27 8
83 55
13 18
70 61
10 89
22 78
96 87
79 24
81 15
12 4
94 2
97 43
75 90
32 6
13 60
65 57
50 12
83 32
86 0
34 63
34 18
70 55
43 80
56 67
28 85
61 53
99 62
86 72
50 83
51 25
84 66
52 71
97 31
10 94
41 22
77 53
53 86
22 96
14 78
77 73
1 60
46 21
93 50
30 35
98 35
15 68
20 83
23 75
30 38
84 61
83 58
50 41
69 51
82 73
76 5
1 82
41 40
67 10
60 2
57 65
0 6
79 83
98 40
51 59
74 36
99 65
65 44
83 72
79 96
88 13
14 87
85 83
0 40
96 27
12 33
76 55
14 16
71 31
63 38
73 30
66 78
95 83
79 73
57 76
99 55
14 98
41 21
27 82
95 1
95 73
10 8
96 35
60 92
48 75
64 61
41 71
38 44
59 12
81 30
34 7
45 89
49 96
39 9
91 67
74 90
32 7
59 32
71 93
28 47
18 77
64 87
86 93
5 27
56 6
96 42
44 28
59 66
38 14
5 65
99 96
62 27
4 73
67 71
17 80
27 97
46 7
5 96
84 7
93 29
33 95
93 84
19 71
54 62
82 56
27 18
18 75
73 45
17 88
83 88
23 0
73 94
3 14
36 3
79 61
93 94
7 72
73 37
90 91
94 25
28 74
75 17
29 43
72 14
96 74
33 1
10 38
79 30
64 69
30 5
95 80
75 40
34 89
19 9
88 28
16 42
13 41
46 83
7 71
9 98
34 60
68 47
94 34
36 61
0 98
38 34
30 98
67 64
0 68
2 74
65 70
56 74
65 35
1 53
30 89
85 71
9 58
91 54
20 15
79 5
71 99
16 31
48 65
56 25
23 28
40 66
82 25
58 25
7 81
81 90
27 43
11 19
64 29
78 51
30 55
30 49
4 61
65 31
9 50
99 70
56 82
29 37
32 1
69 93
31 0
28 92
52 65
3 60
71 50
86 96
15 42
69 90
75 23
77 39
89 85
46 69
56 44
15 9
90 49
86 37
1 5
43 29
84 69
67 12
41 50
38 88
6 2
14 50
76 76
26 97
26 35
20 12
51 1
35 0
32 5
10 20
31 3
32 14
73 68
94 41
1 1
28 52
89 76
80 94
1 83
3 31
84 2
15 88
68 81
8 3
23 82
13 89
74 78
43 79
22 71
57 15
49 15
60 32
54 41
14 18
26 43
58 80
54 9
71 37
95 38
97 26
26 29
11 63
82 6
74 86
90 53
38 64
71 80
96 16
45 79
5 16
51 53
38 60
3 40
47 31
11 33
36 86
40 22
60 43
84 47
56 4
78 9
92 77
98 91
24 26
98 47
3 90
96 62
8 16
79 72
91 0
12 82
15 12
78 29
33 36
70 69
36 45
18 80
79 82
47 85
33 8
31 39
66 4
87 55
57 69
43 50
19 1
78 14
47 74
99 10
72 18
82 34
80 49
4 95
70 83
64 12
0 66
30 78
97 83
5 12
25 99
79 18
43 6
4 64
49 17
64 96
39 39
88 36
81 43
3 8
92 26
8 49
72 5
49 65
9 9
77 82
6 73
60 5
13 38
10 1
60 41
71 33
13 25
73 97
37 8
63 1
95 16
27 98
20 27
98 7
60 86
69 79
55 52
47 75
29 58
47 35
17 49
96 84
31 78
57 2
85 66
71 47
50 8
23 19
97 20
44 51
60 83
2 78
77 71
14 44
3 76
97 67
10 82
27 88
69 71
18 27
5 61
10 52
0 24
21 26
9 1
20 34
30 64
44 95
0 0
0 49
47 47
40 19
29 26
69 86
85 9
48 31
91 51
69 52
59 50
62 96
51 11
41 97
23 79
78 38
1 40
37 33
85 47
28 8
86 54
30 42
0 97
59 52
8 58
66 9
77 99
71 21
23 50
41 14
17 63
0 36
51 42
67 92
87 53
83 13
38 51
14 13
79 29
0 37
70 21
57 60
66 10
55 22
72 54
79 51
77 87
53 81
59 78
63 29
90 7
97 17
66 88
22 11
53 0
92 72
9 47
39 86
84 44
53 88
81 76
51 16
79 39
19 35
18 95
57 16
89 71
47 57
0 64
69 25
77 79
46 10
46 49
93 30
69 32
49 88
60 61
73 35
3 33
47 84
83 42
81 97
33 52
53 65
99 28
43 54
37 87
62 50
77 48
14 42
76 64
25 74
21 69
18 41
43 28
67 90
98 87
2 42
35 31
11 78
97 1
19 82
78 5
32 56
56 42
73 88
28 45
47 21
54 55
95 26
39 16
92 78
65 16
72 20
41 42
74 56
70 33
86 62
74 61
80 26
6 12
84 34
98 62
67 68
50 77
92 17
63 41
22 52
98 89
88 91
53 72
24 28
88 90
40 43
75 52
61 63
71 27
66 94
51 13
10 69
26 78
71 96
94 36
17 82
83 85
1 26
64 22
93 32
72 68
34 80
20 61
24 19
71 90
59 8
86 40
3 9
21 32
73 16
86 27
43 65
91 86
72 78
10 12
16 86
24 99
5 3
64 41
36 98
12 46
50 13
0 34
89 28
41 4
51 26
67 5
43 17
9 40
45 37
83 24
90 25
13 98
58 6
38 16
3 51
6 4
42 15
41 31
90 27
38 28
16 51
42 42
33 14
54 16
8 24
56 79
55 96
61 21
30 15
81 37
19 12
41 69
13 94
20 71
69 98
81 55
37 21
84 25
21 38
93 56
52 64
8 32
30 20
17 69
38 65
70 94
48 53
94 50
68 74
53 71
67 2
49 43
52 62
37 3
46 36
2 24
61 22
61 79
55 78
6 38
15 98
39 72
32 29
70 53
30 54
22 21
49 74
6 58
60 0
51 97
79 84
68 1
89 35
10 81
88 26
0 15
95 47
55 88
0 60
99 45
28 12
9 39
71 16
67 53
45 96
4 4
23 27
5 72
10 47
23 10
21 18
70 56
36 71
2 60
36 80
93 96
92 47
36 65
36 62
82 13
67 41
51 78
63 95
28 30
86 43
62 36
25 73
7 91
31 89
15 86
43 67
1 75
21 35
88 94
30 87
90 19
88 40
63 90
28 79
2 94
23 57
24 82
61 75
34 2
59 63
32 75
95 12
36 28
93 6
42 1
65 76
63 44
13 76
38 6
91 82
43 87
81 17
27 6
44 98
67 38
9 65
50 47
51 44
72 86
83 40
73 85
9 90
60 64
72 83
74 83
18 69
73 18
72 17
57 53
25 25
0 23
40 27
7 19
53 63
18 39
31 96
92 68
14 92
85 41
93 93
58 8
74 28
59 28
2 95
24 55
64 23
15 64
77 55
60 93
95 57
98 3
3 70
27 81
41 9
51 45
20 5
70 36
64 13
45 40
31 35
97 4
73 13
97 75
32 97
21 54
10 59
37 92
60 17
96 9
57 30
76 47
85 42
77 4
66 6
9 45
62 87
97 78
75 77
6 14
75 41
64 16
38 62
54 37
74 55
58 58
13 57
54 44
65 53
57 39
75 63
46 75
67 1
1 80
58 71
8 31
35 74
7 13
91 66
66 21
31 86
42 97
65 62
54 86
3 2
38 92
33 81
9 83
80 1
32 61
88 31
54 4
29 96
33 21
85 77
16 10
64 98
84 84
32 82
90 89
8 33
18 60
26 22
99 60
2 32
58 44
17 1
78 22
15 25
95 48
83 70
36 81
14 51
72 10
49 99
89 34
19 74
58 38
63 19
58 69
30 60
8 27
65 68
75 46
24 30
7 42
1 37
7 61
31 99
64 18
93 23
55 2
23 18
18 84
93 71
28 89
8 2
65 72
85 17
19 40
6 5
9 30
2 23
32 81
82 42
77 10
34 26
49 35
73 40
60 70
21 90
52 5
89 59
73 24
2 29
99 97
42 23
53 64
92 9
26 27
41 93
21 5
98 82
23 61
90 74
40 5
40 75
25 58
23 30
88 60
49 39
35 55
0 73
72 67
80 18
10 46
19 38
85 24
5 54
20 89
41 61
98 95
83 62
99 72
14 17
94 1
78 11
44 17
57 83
13 65
26 50
23 17
39 73
38 39
45 14
55 32
3 74
6 48
17 8
26 14
3 64
74 87
7 65
87 40
2 72
97 60
5 80
64 68
59 6
68 30
18 96
94 38
33 57
31 59
82 29
89 96
38 8
79 99
30 26
34 95
34 65
11 11
45 50
35 98
44 86
54 27
14 24
41 45
67 19
11 98
96 22
54 26
1 52
63 88
86 63
48 28
88 34
18 54
48 94
30 23
78 40
65 15
43 68
81 11
79 36
44 30
70 17
61 73
30 47
93 31
1 71
93 10
58 14
60 38
40 92
98 84
73 8
53 17
92 97
34 27
28 22
42 82
33 86
72 96
0 17
37 71
9 4
6 3
66 77
14 7
10 43
90 30
17 94
20 17
53 53
1 20
32 41
64 50
73 11
83 97
64 94
31 81
39 89
50 39
34 49
66 45
84 74
79 75
15 20
45 11
49 77
12 69
18 21
63 53
31 20
52 90
47 68
19 97
11 28
43 18
36 89
25 95
93 92
28 10
12 37
97 77
85 4
35 12
70 27
65 27
42 79
26 12
89 89
1 81
94 47
37 28
99 37
16 87
75 42
73 31
86 9
49 32
13 68
39 42
41 48
15 52
44 83
21 15
4 11
21 12
80 87
26 30
41 62
95 8
48 37
55 62
94 13
63 64
90 39
24 64
87 13
86 4
84 27
86 7
92 85
40 39
57 0
58 55
37 76
33 34
11 60
8 36
57 68
60 44
27 5
85 2
6 20
91 2
66 71
92 53
37 96
10 19
21 40
80 44
9 7
69 11
67 52
63 62
97 51
20 56
75 27
61 60
31 56
45 58
40 26
65 91
22 62
91 44
90 73
10 84
48 44
95 30
3 22
61 85
4 58
9 79
65 65
76 43
69 48
55 9
59 91
55 51
25 71
15 82
44 15
48 14
81 27
27 37
36 29
75 48
97 18
14 67
37 72
68 9
66 62
57 93
29 54
83 53
55 20
42 81
91 80
45 18
55 58
43 83
51 6
36 72
48 25
64 46
44 72
26 47
77 97
72 25
86 77
21 46
26 52
65 85
40 37
80 45
16 63
3 35
33 74
32 8
7 67
30 51
85 64
75 51
95 23
13 48
26 63
96 53
58 63
30 69
57 7
75 3
8 86
98 78
10 65
65 82
54 90
93 13
36 85
65 13
19 24
62 30
1 22
85 98
8 90
71 10
9 70
36 92
84 76
25 30
73 62
94 72
5 32
44 16
48 56
23 66
49 63
67 48
12 78
53 34
65 3
99 81
72 49
61 72
36 50
17 76
4 38
17 92
80 81
57 90
88 97
57 54
57 48
29 9
56 96
33 77
70 81
22 99
58 53
43 37
53 66
10 56
54 13
83 5
84 38
4 69
6 21
29 18
37 35
46 84
34 81
94 73
99 46
29 44
58 78
52 16
18 93
13 24
58 49
29 4
51 4
33 41
37 45
64 65
55 3
60 35
67 72
41 36
63 27
87 45
66 30
36 15
32 37
46 28
72 95
29 46
13 34
25 10
52 79
95 96
82 5
73 86
14 52
27 44
9 92
71 62
61 32
15 67
45 97
69 36
65 47
1 31
5 92
12 13
68 59
81 72
30 66
85 52
92 30
67 49
64 81
0 62
88 76
53 70
3 77
55 80
79 77
12 16
37 38
90 10
41 91
98 6
42 67
53 1
32 20
35 93
95 6
86 57
67 0
71 34
30 30
48 46
45 82
61 86
36 40
34 83
99 91
19 16
43 85
96 6
45 84
9 89
15 83
76 21
57 1
54 93
79 49
14 64
56 52
25 32
98 4
5 44
28 15
44 25
68 17
58 73
82 86
76 49
65 38
84 40
38 50
48 58
85 23
38 68
12 9
75 65
21 67
0 76
51 36
99 53
98 85
16 50
3 53
92 4
79 85
54 97
17 32
32 90
80 54
49 69
63 54
49 49
76 40
76 17
14 35
12 0
57 64
91 62
87 48
52 15
61 1
42 64
74 27
93 49
56 49
91 32
79 79
5 66
63 45
11 25
11 99
37 79
34 15
54 36
1 61
26 92
41 65
18 64
70 40
96 10
61 98
59 3
0 25
61 65
62 42
46 23
15 70
11 29
9 25
14 47
98 23
77 8
44 23
82 92
31 82
25 37
94 66
60 20
4 34
59 38
42 25
44 84
41 37
85 27
22 15
94 18
12 29
14 46
87 79
19 52
36 14
4 6
63 6
4 87
41 6
74 11
61 26
85 97
86 79
92 93
7 45
79 37
40 77
63 28
37 36
39 59
51 62
12 7
45 26
90 36
58 18
48 77
21 71
15 59
93 19
51 89
28 41
54 80
15 30
47 7
6 56
11 79
72 77
20 94
47 5
70 28
15 78
26 5
49 46
47 32
66 93
71 35
80 58
57 42
55 19
77 58
40 9
79 45
48 54
50 31
99 85
77 35
62 16
46 37
6 70
4 1
71 46
17 58
0 20
87 97
22 39
79 17
15 81
78 97
95 62
68 99
0 86
54 96
18 88
64 74
69 22
17 25
25 13
31 1
7 6
49 97
15 50
65 6
27 19
18 73
51 37
5 30
9 78
72 58
49 79
72 63
17 52
8 51
20 43
5 87
7 32
31 49
37 17
72 81
75 31
72 9
4 92
17 21
10 10
81 73
64 67
3 25
11 77
98 65
52 23
13 6
71 29
56 33
94 19
82 75
64 76
46 26
5 0
45 93
32 52
1 97
0 72
77 77
18 49
5 67
21 85
3 20
7 76
60 98
39 93
14 40
18 15
27 68
46 40
3 93
44 92
24 25
16 4
9 36
59 34
33 83
43 76
99 99
87 92
34 71
56 29
48 22
37 31
76 74
50 44
7 90
92 55
23 63
17 40
25 60
9 61
20 44
98 30
21 14
86 83
95 3
15 72
65 17
5 31
66 23
99 3
15 80
98 61
9 5
78 73
49 95
9 16
83 51
39 23
83 76
86 18
38 90
48 30
64 0
27 14
86 36
84 46
89 88
26 76
54 85
44 52
55 76
38 80
31 79
93 3
78 82
35 58
71 57
21 56
59 87
56 43
6 32
6 91
33 56
19 46
32 77
15 31
81 34
34 92
76 60
44 89
68 25
62 20
24 73
17 99
49 85
45 1
91 16
29 57
32 51
46 45
5 38
28 32
23 12
77 40
55 55
92 65
47 61
84 42
98 37
61 93
24 94
82 41
79 68
90 97
5 20
19 8
48 51
71 77
11 27
9 37
3 34
0 79
44 87
81 23
26 13
32 31
12 23
50 84
83 57
18 86
22 67
46 90
48 49
29 23
84 8
56 61
73 67
4 53
93 17
1 62
90 57
16 22
76 22
37 64
31 47
99 5
79 26
73 82
11 54
8 30
88 11
5 69
88 49
17 39
67 58
76 86
26 37
81 3
31 92
66 96
36 1
11 51
71 97
4 85
43 35
86 90
26 16
83 33
15 0
83 17
33 53
72 76
52 3
96 51
22 42
63 68
49 20
14 83
53 56
46 38
97 44
75 29
76 71
16 0
77 25
47 6
26 40
51 3
81 5
58 54
48 1
98 8
61 46
59 84
87 95
63 15
80 13
26 90
57 11
1 59
22 9
4 10
56 11
87 63
68 86
83 46
62 99
18 79
31 97
92 86
83 99
87 61
8 21
35 62
15 8
10 93
24 48
12 2
12 63
46 72
76 97
77 61
52 88
63 77
17 70
10 7
41 41
57 24
35 68
93 88
38 37
90 23
27 25
73 59
96 43
42 40
28 68
99 30
82 1
10 68
79 65
42 55
58 35
78 84
63 93
22 7
88 58
83 80
61 8
45 95
79 12
55 56
70 66
43 41
10 77
96 97
33 25
44 0
54 49
24 33
45 43
34 20
62 93
51 77
64 72
27 47
20 74
66 91
99 43
49 98
89 41
41 34
24 27
3 58
35 40
94 69
73 53
90 64
25 65
84 89
27 1
49 31
19 43
79 90
70 58
96 54
26 99
56 16
32 12
83 35
46 62
17 53
40 40
38 98
69 37
14 1
43 52
75 5
96 60
50 18
22 4
66 87
40 35
84 48
41 67
96 81
47 1
30 17
81 49
95 82
99 16
3 44
24 45
80 56
71 5
88 81
91 73
39 94
75 12
84 13
17 64
56 1
33 43
48 9
97 81
91 70
43 7
61 61
26 2
41 99
32 66
41 84
59 54
18 37
59 31
88 48
79 55
12 54
28 19
94 58
44 56
50 1
88 99
79 67
34 6
34 19
75 1
47 17
91 23
56 83
32 78
25 82
73 83
91 52
55 54
19 11
30 25
77 45
75 73
69 94
9 84
57 5
66 92
73 72
82 87
92 57
78 81
82 22
84 20
1 99
33 5
46 97
25 59
71 44
68 37
2 36
90 14
62 12
80 95
50 32
72 75
49 90
71 15
77 65
74 47
23 99
68 90
89 54
54 18
23 78
88 61
11 5
35 52
9 87
24 32
86 15
13 11
83 19
25 41
96 96
35 90
85 29
84 58
69 65
18 82
19 81
73 92
16 20
47 37
77 34
99 7
21 97
89 84
95 44
46 82
15 79
10 96
76 39
83 82
76 18
26 95
11 71
8 67
62 35
47 8
93 34
79 0
44 14
92 45
49 27
60 3
54 54
22 1
24 93
96 71
10 80
0 89
43 9
11 17
82 11
45 48
73 39
22 72
7 78
90 50
6 67
68 70
52 8
48 63
4 96
4 50
32 88
68 96
63 48
82 18
22 3
50 36
76 7
97 90
74 52
1 32
45 86
60 28
43 78
24 74
86 19
96 11
3 0
22 16
29 25
96 32
99 19
16 91
13 80
73 25
96 12
75 60
71 14
42 18
76 9
98 80
28 62
35 77
7 31
34 97
40 82
90 75
65 42
4 9
54 30
26 53
68 21
68 77
50 80
29 29
15 62
51 9
18 72
18 3
11 89
43 94
98 41
51 48
30 72
1 42
57 84
28 82
51 30
33 70
92 50
72 72
27 30
58 43
94 81
12 84
12 56
46 89
11 37
68 62
10 50
23 92
40 52
89 37
39 92
77 75
28 76
14 5
12 89
84 41
24 24
39 36
44 74
89 92
4 46
87 46
55 92
33 35
37 6
6 45
92 83
74 26
95 71
50 72
15 24
66 89
99 42
63 35
91 28
24 15
1 2
34 11
84 99
23 87
44 42
99 2
81 46
32 98
25 80
46 87
94 79
42 50
66 57
5 53
71 25
85 37
56 53
66 13
97 98
25 8
6 0
76 79
62 61
51 12
73 54
18 18
21 72
52 63
7 82
83 38
72 89
78 7
90 82
2 45
91 33
46 48
8 34
12 18
12 40
72 61
62 2
30 74
54 19
48 88
85 93
77 12
97 2
34 85
92 58
45 44
33 59
48 17
68 43
80 6
0 70
77 19
60 22
33 91
76 56
46 47
77 72
56 40
56 13
17 23
59 61
84 57
83 77
63 30
66 29
65 28
68 89
10 57
74 98
22 27
74 43
21 25
38 13
79 57
77 9
19 30
88 32
23 58
13 13
27 63
75 68
73 87
51 2
25 66
7 54
0 43
22 83
54 29
13 39
38 7
65 33
35 29
38 79
24 91
72 88
63 87
2 9
32 42
10 28
98 5
79 78
72 16
42 88
55 98
69 62
41 24
37 51
65 12
43 97
90 95
8 1
91 83
20 53
71 48
16 64
28 72
94 0
3 21
92 81
60 6
9 64
38 82
91 61
53 11
28 36
19 6
70 74
14 82
24 4
82 77
58 96
48 59
37 56
24 34
84 6
33 17
46 39
52 14
73 78
47 82
95 9
86 89
51 96
11 44
18 68
81 94
5 95
45 72
57 85
0 44
8 72
15 71
2 55
90 20
1 16
22 43
48 33
42 29
72 45
18 90
14 66
13 99
82 58
64 30
30 13
91 22
98 11
60 46
84 65
27 61
64 47
92 60
74 95
57 18
42 48
72 94
35 28
50 90
67 81
37 16
68 29
35 84
34 82
7 58
54 6
79 7
30 11
52 21
24 60
74 51
48 42
67 75
56 80
84 23
49 23
44 45
91 36
97 87
27 38
71 85
53 78
68 12
16 65
76 10
81 85
64 82
65 87
74 41
76 82
22 95
82 54
86 21
32 72
31 76
50 59
29 3
17 78
34 51
38 10
4 19
32 48
68 19
57 99
47 49
51 81
93 57
19 62
1 76
41 68
27 70
88 74
43 86
27 46
60 52
74 13
59 5
55 23
98 97
98 96
39 54
83 36
73 61
39 47
63 0
46 58
48 91
63 81
92 84
32 65
8 0
30 0
21 58
34 13
75 32
22 63
44 11
6 13
12 87
96 93
0 96
63 37
1 65
37 65
99 64
7 98
84 52
4 24
13 67
56 57
57 55
12 81
38 21
44 81
63 52
20 64
17 44
59 10
63 78
66 82
14 73
99 80
88 95
9 21
14 25
62 89
49 51
26 72
80 59
85 30
13 72
0 57
29 34
58 65
32 23
67 78
69 53
59 37
72 41
44 71
61 48
64 17
70 73
76 20
31 73
0 83
32 67
20 25
11 7
57 17
58 37
18 59
21 19
94 37
46 27
98 59
21 61
66 26
70 29
60 89
18 65
81 14
94 65
95 97
95 61
29 88
80 73
32 45
58 17
14 96
61 3
69 41
12 80
29 75
6 71
30 45
66 72
5 34
83 26
47 90
8 60
47 56
3 79
84 59
92 6
13 81
71 32
4 12
99 31
65 40
74 37
98 93
19 18
61 17
2 84
35 95
80 72
90 55
69 6
80 92
9 0
44 38
33 27
41 16
6 88
92 94
53 89
0 7
51 72
90 18
33 67
71 55
69 64
94 30
59 58
1 33
30 61
84 16
52 89
44 82
1 11
88 9
85 49
2 12
68 49
35 48
25 17
96 37
82 67
5 79
78 79
21 8
78 71
22 89
89 64
30 44
28 31
77 92
37 69
45 15
52 92
1 74
86 45
24 97
3 45
97 79
7 12
82 49
1 88
91 97
27 48
36 64
36 70
85 44
44 43
82 74
17 51
89 67
92 24
78 53
61 39
50 25
14 49
63 11
59 36
76 15
33 63
9 85
52 13
38 26
64 39
77 24
57 62
61 27
79 52
77 26
78 64
23 7
52 20
4 28
76 87
51 63
60 69
45 98
58 56
17 14
3 27
47 16
5 13
59 73
16 32
71 30
91 91
76 31
98 51
44 64
57 38
24 5
14 22
41 2
20 35
99 66
26 20
42 39
67 18
60 39
47 45
13 79
24 72
43 14
18 48
20 46
60 72
43 5
62 78
70 39
2 73
90 13
23 43
82 84
91 18
1 87
9 55
81 6
80 51
67 24
35 57
34 79
51 58
86 58
32 50
71 79
53 28
82 94
33 66
48 38
76 34
56 65
55 26
10 30
63 12
1 44
15 41
35 66
70 57
97 85
10 24
60 12
8 43
39 81
70 43
52 31
68 82
25 63
59 95
50 4
24 14
48 71
75 91
74 53
43 45
26 85
2 34
98 13
17 24
95 86
86 67
77 0
45 71
26 71
78 21
52 53
65 89
16 82
21 77
44 55
18 81
84 50
20 47
17 6
92 51
0 22
53 95
80 11
27 85
56 38
52 81
14 86
17 42
96 40
66 37
39 4
43 98
34 39
76 14
73 91
52 93
38 23
54 15
34 68
59 96
9 71
58 12
38 36
52 60
86 12
13 62
48 79
89 90
95 56
23 42
97 66
16 92
48 52
30 81
9 42
85 89
27 86
76 12
43 11
87 30
57 91
5 39
11 86
88 56
90 2
69 23
38 40
0 5
72 60
48 83
76 65
29 48
73 14
66 64
27 12
65 93
55 94
80 42
89 79
74 50
35 23
64 59
25 35
67 74
58 57
56 60
59 79
78 87
41 29
42 84
17 12
31 71
96 65
32 74
80 10
58 15
93 60
90 42
87 65
89 23
39 3
6 99
80 67
50 48
53 35
32 60
68 51
84 73
47 24
79 86
60 57
86 87
74 21
12 51
55 21
55 68
68 27
70 48
60 97
36 87
31 55
67 28
22 51
72 11
57 20
56 73
81 89
46 8
99 83
49 70
18 74
10 18
47 73
65 98
32 27
67 56
49 83
29 89
11 46
94 64
83 6
78 0
58 87
48 81
33 6
92 23
65 74
32 55
93 80
69 67
32 33
73 32
20 0
36 46
78 50
97 93
15 39
93 62
11 91
45 27
29 35
52 24
73 57
16 26
79 60
68 78
21 76
50 69
39 20
23 81
72 91
24 80
88 66
48 11
56 68
23 46
29 14
74 25
66 12
63 59
53 16
22 14
65 2
13 22
75 55
68 39
85 32
4 29
21 7
17 55
48 7
88 93
4 16
1 54
50 98
59 83
91 93
40 62
52 32
75 56
37 82
29 11
64 14
39 11
64 6
98 57
49 73
94 14
6 80
1 73
26 7
67 73
42 41
85 57
4 2
64 62
73 22
22 2
61 84
11 12
16 70
18 70
79 93
83 98
84 32
16 80
27 31
57 14
12 60
25 45
6 76
37 77
96 56
62 8
38 89
71 36
6 34
58 59
30 70
35 17
13 84
33 68
21 91
99 63
27 32
56 22
24 76
57 61
32 94
62 91
36 94
44 80
44 27
15 7
47 78
87 88
89 87
13 19
46 98
77 70
58 88
52 19
62 85
43 92
10 74
43 91
91 75
63 31
42 96
51 40
58 29
33 98
91 12
14 68
98 21
14 38
50 73
29 71
99 51
48 32
76 77
69 66
24 6
25 34
68 23
16 49
96 47
20 85
11 69
78 55
58 32
60 96
19 4
20 84
8 84
34 31
41 80
70 31
56 55
20 60
40 63
85 12
13 66
82 43
53 14
31 46
95 4
66 66
45 47
2 3
92 49
4 39
77 80
87 33
19 3
24 61
69 44
42 20
68 20
71 72
85 19
15 95
17 89
25 56
57 25
19 14
1 0
80 9
7 44
32 95
86 39
62 0
45 70
62 92
71 19
81 93
73 23
42 61
31 61
47 29
29 10
14 10
81 47
84 92
90 46
0 99
96 4
45 65
90 12
29 27
52 36
32 76
25 14
77 41
1 48
90 24
65 86
3 99
10 29
96 83
42 53
1 17
38 75
93 2
20 4
33 33
44 5
60 33
21 92
54 1
78 56
75 67
32 21
96 3
52 72
54 68
2 16
29 84
93 7
20 24
76 80
4 27
73 99
87 73
50 91
44 9
6 77
61 52
44 66
47 95
84 70
28 3
87 70
67 63
78 75
59 43
49 64
86 48
57 75
81 1
52 91
89 21
27 77
7 83
60 75
21 63
88 92
66 81
16 45
20 82
70 37
12 25
74 15
36 34
34 28
35 65
28 23
10 14
30 36
38 47
84 45
31 65
9 56
38 57
19 88
83 83
58 2
75 34
47 10
88 73
86 6
50 11
90 28
65 66
26 25
5 2
88 30
82 55
34 75
91 84
67 61
33 84
5 91
13 53
16 40
94 85
78 66
95 53
9 59
71 76
22 10
37 95
80 20
72 4
75 35
4 89
3 57
49 33
24 18
3 89
47 66
9 22
6 37
51 98
48 93
34 10
93 45
42 76
9 41
21 28
67 77
31 41
14 54
47 51
20 97
10 21
4 74
62 1
18 5
36 41
45 30
25 96
14 20
60 49
45 5
42 54
92 67
84 18
92 82
32 73
15 13
58 3
8 68
25 69
31 13
58 45
25 86
52 51
38 74
78 31
64 78
87 35
40 99
84 26
6 78
45 38
15 48
96 85
6 41
51 41
25 72
21 4
33 50
41 46
14 79
39 8
98 52
61 44
25 91
31 26
11 95
45 49
78 83
88 68
71 11
69 8
68 22
62 60
46 52
22 41
7 30
45 20
80 70
53 90
92 96
82 51
59 74
55 95
30 33
72 79
58 34
3 13
70 41
40 29
37 91
84 3
90 78
33 55
29 72
50 29
57 80
36 48
26 54
2 47
92 41
97 97
28 65
44 10
86 53
96 64
95 91
40 59
6 66
55 8
33 89
24 49
13 87
65 4
61 57
48 60
30 8
51 68
34 76
22 22
94 12
62 95
15 66
45 73
90 52
90 43
16 95
95 14
40 71
31 66
7 20
54 75
32 96
0 95
90 32
57 88
51 47
5 78
99 61
31 40
55 37
81 26
31 19
20 69
65 22
8 99
47 4
60 55
18 42
80 53
65 10
13 54
95 58
44 31
97 63
92 90
77 5
33 97
95 31
37 93
37 48
36 99
57 63
90 1
97 48
68 4
14 74
77 6
18 51
60 59
93 28
91 30
42 90
5 6
29 55
7 43
81 71
16 11
61 92
58 94
23 41
2 83
24 38
98 77
61 69
40 38
90 70
75 28
39 50
31 7
8 5
89 40
74 79
97 0
46 17
3 83
54 91
45 94
57 77
89 94
93 73
74 89
34 94
80 85
36 44
69 59
9 46
70 52
8 48
65 20
66 55
51 80
2 93
35 24
46 54
19 49
24 36
16 74
48 40
92 79
61 67
32 70
98 86
54 87
55 28
90 38
79 63
4 14
96 90
64 93
23 89
38 87
5 86
12 20
4 82
60 48
67 51
83 27
61 40
43 19
18 14
62 54
18 83
8 44
66 14
52 75
55 18
18 85
65 94
3 6
0 32
59 41
10 42
21 84
88 65
34 84
42 33
62 3
64 28
80 71
16 19
65 0
39 21
94 67
5 98
41 7
98 24
68 10
80 99
52 18
52 70
80 2
99 75
95 75
51 55
84 21
48 57
68 24
77 14
52 0
73 6
95 7
34 53
84 30
76 6
98 20
67 93
84 4
77 96
94 51
40 95
36 59
21 81
0 29
37 59
74 32
67 11
21 37
58 22
56 28
59 85
76 90
20 95
35 2
95 84
77 66
97 65
42 92
38 45
8 39
83 44
31 52
38 93
66 60
45 9
97 89
75 57
75 18
1 29
17 20
81 45
48 15
1 50
71 91
68 75
12 64
1 30
99 44
44 97
76 2
37 94
70 42
59 14
64 15
51 56
87 7
67 99
16 79
46 0
41 52
29 8
56 32
14 8
80 38
87 85
93 58
34 86
53 21
85 43
85 38
91 59
95 65
56 0
35 94
17 9
38 73
53 15
14 33
2 89
95 69
9 10
76 45
86 14
97 39
61 71
28 94
66 76
9 74
85 8
72 15
35 8
95 0
51 90
7 48
47 91
74 73
87 41
61 96
91 17
2 0
54 3
91 42
86 41
66 24
73 98
78 17
36 68
59 7
4 79
42 28
78 80
85 61
80 39
24 63
74 22
97 56
39 0
52 10
56 36
47 94
26 86
99 74
4 59
17 16
47 86
89 36
42 10
33 7
59 17
90 92
47 41
94 89
73 29
46 68
96 34
53 8
17 87
49 50
83 64
64 54
79 94
50 40
59 51
33 69
24 53
31 60
53 54
2 8
93 99
87 50
63 3
30 90
12 99
6 39
21 52
20 49
91 40
45 66
10 78
29 76
16 78
42 22
64 33
4 57
60 30
56 31
54 22
3 95
65 51
29 85
58 28
77 90
81 63
71 82
8 19
73 2
99 24
81 86
94 32
59 23
90 21
79 62
77 21
6 63
99 50
66 32
45 39
75 82
42 68
17 66
12 67
71 88
46 92
68 2
48 27
7 16
96 19
40 91
22 30
31 18
17 97
42 16
42 26
72 35
97 76
85 16
52 83
77 38
55 4
84 11
21 1
47 93
43 47
89 19
86 24
87 64
81 99
33 58
19 86
4 60
65 8
94 52
44 75
13 61
48 50
2 44
64 58
90 98
30 24
38 18
54 7
85 88
78 60
1 49
97 45
49 56
7 94
90 22
93 59
96 29
88 52
22 85
17 11
73 76
53 52
38 9
92 32
82 31
82 59
62 24
8 46
40 36
56 64
95 41
43 43
93 46
56 70
9 34
65 84
80 28
53 29
4 30
65 79
5 51
68 45
67 94
74 80
38 2
20 72
54 71
6 27
65 63
16 93
60 65
94 4
19 55
11 85
23 23
12 38
80 22
45 59
26 8
40 25
30 29
37 46
81 39
51 0
79 25
17 0
31 23
36 76
23 95
53 22
27 58
69 57
95 34
56 51
2 96
85 45
38 49
34 72
55 50
60 67
23 5
64 4
86 33
25 9
55 59
36 56
80 4
70 34
76 25
85 48
58 79
55 89
95 90
78 47
79 28
8 77
26 81
69 30
89 13
62 67
26 10
65 58
58 86
82 28
48 99
20 79
38 53
69 39
71 60
96 14
32 80
78 76
12 11
75 26
34 42
59 16
6 26
61 31
94 45
94 49
80 19
6 23
39 46
42 59
66 99
60 94
24 68
54 48
33 2
22 90
75 66
70 51
93 81
3 94
2 11
92 1
52 41
47 97
85 96
45 54
68 80
86 47
0 65
17 4
88 75
84 71
91 37
26 56
62 68
59 47
86 69
67 65
77 29
32 63
22 57
4 26
73 15
81 38
20 9
92 35
50 76
68 76
14 60
81 19
11 56
20 75
56 89
3 36
98 67
73 96
1 92
45 29
60 68
31 87
96 49
85 50
37 68
52 30
21 66
49 6
49 93
28 99
77 64
55 57
99 41
31 44
76 75
56 50
73 21
50 19
77 11
72 8
23 32
68 0
27 11
8 42
9 97
53 12
28 39
78 20
22 24
91 34
29 73
91 15
41 44
28 77
78 94
94 90
28 14
82 44
35 71
2 81
88 64
73 46
91 81
21 99
81 62
13 12
49 21
94 3
11 83
77 84
91 31
38 76
49 30
46 77
58 74
12 53
53 94
87 91
12 14
41 38
80 91
39 18
49 68
42 57
7 3
76 42
29 50
12 27
44 93
59 64
18 87
28 38
50 99
85 35
97 13
24 57
28 66
65 34
65 39
61 49
20 10
70 18
84 1
65 46
41 79
1 14
33 29
77 88
32 32
71 71
76 51
28 26
80 12
18 25
27 23
75 14
24 50
18 50
28 28
70 64
59 33
75 2
21 9
62 9
63 91
61 16
4 51
15 85
53 42
8 74
58 5
57 37
6 86
25 75
37 57
73 26
41 26
79 13
64 71
23 14
27 29
42 51
75 76
12 74
16 73
50 38
54 84
73 36
87 11
30 88
57 8
25 16
89 58
78 13
86 34
22 87
2 90
78 27
17 38
36 16
31 91
28 27
39 88
68 57
38 67
29 0
92 46
19 98
49 5
10 51
73 43
65 43
94 9
25 61
39 31
38 27
77 31
41 64
5 81
53 67
23 68
43 74
77 22
49 45
8 57
63 89
23 51
0 8
77 50
23 56
25 55
88 22
44 41
8 89
79 88
11 41
63 71
12 28
77 68
85 3
81 83
24 46
69 34
40 83
97 41
36 36
81 40
13 58
2 5
9 24
60 58
28 33
45 45
19 32
89 98
13 15
88 83
88 98
20 50
87 87
50 23
24 0
1 4
95 79
75 45
53 79
19 13
9 28
68 38
45 55
59 29
40 53
59 81
5 97
65 25
23 2
46 93
6 74
7 21
67 76
0 19
69 56
23 48
56 99
7 63
15 18
25 97
1 25
52 17
91 88
56 18
34 41
38 70
24 31
58 27
54 83
24 21
67 88
94 6
1 96
37 99
68 26
27 53
52 9
87 42
73 42
96 94
37 29
13 74
24 71
2 61
79 81
0 16
70 26
82 63
77 85
54 2
68 8
23 4
3 16
22 73
25 36
17 19
24 17
86 49
98 22
96 55
15 33
57 49
73 5
58 85
98 69
23 73
7 8
80 86
7 22
74 97
60 14
51 75
46 41
41 70
71 73
63 83
16 36
24 78
66 7
61 37
31 28
15 73
27 74
62 83
35 80
74 40
77 18
37 9
85 68
83 49
50 9
39 10
40 84
97 82
22 69
61 20
76 73
84 62
52 26
56 12
67 20
33 48
11 6
28 13
79 76
3 12
78 54
62 74
52 59
52 7
55 25
89 72
85 6
47 0
29 33
78 34
53 55
38 84
33 71
4 70
2 56
90 83
33 0
63 61
3 62
53 3
28 44
42 65
13 71
56 91
99 14
15 46
88 63
22 13
22 54
10 22
84 28
55 99
17 75
17 13
39 28
74 67
6 92
5 59
83 22
98 92
74 30
56 72
89 3
9 62
13 92
80 88
31 32
12 52
20 14
89 24
63 69
62 47
32 92
66 75
48 3
53 77
69 9
12 95
61 6
49 42
19 87
56 66
0 42
38 55
55 40
53 30
40 32
76 33
44 6
78 35
36 90
51 95
11 36
56 90
5 62
98 94
71 68
41 10
70 93
4 62
76 85
93 77
7 96
72 19
55 17
67 82
3 7
48 13
12 45
56 27
69 42
40 13
11 10
90 35
87 43
96 8
49 44
35 73
13 69
88 16
30 50
74 14
26 21
95 5
54 39
38 3
12 34
23 62
12 85
55 43
78 23
51 74
89 2
46 25
23 96
2 15
61 0
60 56
11 59
89 80
16 98
80 24
76 26
36 95
74 23
23 76
47 26
42 71
29 56
92 52
62 84
71 13
89 66
66 44
2 41
75 85
1 9
1 18
39 19
6 87
15 74
90 79
90 86
44 60
95 51
37 27
87 0
3 69
0 10
67 87
17 62
34 90
81 54
8 63
51 43
94 54
94 61
36 49
24 83
15 77
61 25
16 67
51 20
93 52
78 85
95 99
33 62
43 30
48 18
17 77
16 90
62 88
89 8
79 53
80 93
54 52
40 85
69 68
27 66
17 60
75 8
87 26
5 56
51 19
51 17
91 1
99 48
62 63
58 23
17 73
43 39
57 57
90 37
88 3
66 1
23 40
64 10
15 75
7 93
80 75
42 72
13 5
82 30
9 57
74 71
98 18
9 96
52 78
35 91
74 81
80 27
68 42
51 32
10 67
36 39
35 1
97 22
90 68
74 17
86 42
39 2
39 83
19 51
97 34
23 25
69 54
15 92
54 42
19 67
79 9
21 0
31 63
13 88
2 67
40 15
61 19
58 68
53 48
63 60
59 98
48 67
98 39
56 77
81 66
75 36
58 72
11 70
24 81
64 11
7 2
96 7
22 66
25 46
80 30
90 9
75 30
94 16
26 17
1 8
6 90
51 84
49 54
59 99
60 76
96 86
61 80
27 56
40 18
44 4
33 15
21 89
31 74
31 50
72 57
36 74
66 33
66 47
4 0
40 31
63 99
74 39
81 13
75 0
74 2
21 10
15 89
24 89
21 21
46 86
66 90
77 89
64 7
74 8
78 77
80 79
88 7
49 61
64 88
64 43
23 74
63 39
2 26
13 56
46 43
12 94
23 24
5 29
0 82
72 1
52 47
6 82
52 43
61 66
45 10
17 90
25 48
29 80
95 21
32 25
84 55
52 84
69 43
48 16
81 59
95 76
72 24
87 74
13 17
85 92
28 55
84 53
59 40
60 24
89 55
41 60
24 10
43 99
34 32
58 51
62 43
76 99
94 29
16 52
96 46
21 31
79 3
62 31
44 53
48 47
47 30
90 54
67 31
73 51
79 11
23 54
33 87
74 96
57 58
10 27
12 58
76 32
40 42
5 11
30 97
87 83
67 69
77 2
64 2
4 45
54 23
47 3
10 60
27 3
85 59
44 12
15 96
61 42
35 30
10 36
93 53
19 65
2 21
13 44
91 10
39 34
84 72
60 99
70 9
47 69
98 17
69 72
94 27
16 69
57 78
23 38
13 43
98 16
34 74
92 70
68 68
55 64
1 3
74 94
93 25
36 73
26 94
44 59
90 44
45 35
82 24
91 7
49 29
28 0
86 97
32 99
27 21
71 53
54 94
55 90
70 76
3 49
99 26
47 38
63 75
22 23
80 48
17 33
73 4
20 87
27 54
40 79
10 0
10 15
62 39
60 84
38 15
10 16
99 94
5 14
19 60
96 63
25 90
84 79
21 57
25 93
83 11
26 11
42 93
91 60
85 69
69 97
20 16
92 5
88 41
94 91
62 59
34 98
25 15
4 97
0 59
49 72
99 38
12 76
36 0
36 5
42 5
35 34
8 10
12 26
83 10
32 47
57 6
29 86
15 14
28 58
57 67
99 57
34 62
62 98
49 24
72 71
90 47
21 88
39 14
35 26
31 58
75 19
44 58
84 54
34 24
43 53
19 58
99 86
95 54
35 56
6 60
11 43
79 46
13 1
43 69
36 38
53 19
35 79
86 35
61 12
25 79
11 42
93 83
93 76
54 12
98 25
63 76
31 30
91 89
24 42
33 31
73 19
85 86
60 42
37 75
85 75
62 10
98 46
74 42
80 97
27 75
83 54
70 68
20 38
80 41
23 31
87 82
98 45
76 35
6 85
43 72
12 3
20 29
87 66
47 12
84 12
21 2
97 15
82 38
30 40
28 5
88 89
74 5
35 78
21 22
54 0
99 93
39 49
51 71
5 49
74 62
19 84
29 95
49 57
14 77
19 22
38 81
7 11
88 82
12 97
16 99
83 47
14 32
30 76
18 22
62 65
34 67
10 91
88 43
50 97
70 65
89 82
49 58
14 0
58 99
47 81
59 92
35 18
70 82
64 38
45 63
78 48
29 82
50 54
89 69
2 62
85 34
61 15
48 55
49 92
13 7
17 30
89 42
53 51
36 51
5 21
7 73
9 35
30 75
21 87
25 11
23 94
67 59
81 2
33 72
39 15
82 16
16 27
90 63
69 87
55 47
71 4
36 84
80 35
69 55
31 93
16 2
60 73
54 88
22 8
38 71
60 78
17 71
6 68
28 98
1 93
58 93
93 11
44 65
69 15
35 5
97 69
29 61
94 56
53 87
69 5
92 20
49 91
14 57
53 91
79 8
85 13
59 86
4 18
82 7
44 48
34 64
70 19
23 60
60 4
63 5
58 48
64 21
70 10
36 42
32 22
66 59
19 63
10 11
48 0
80 60
75 10
65 56
98 38
61 51
54 61
85 46
62 11
62 28
13 33
83 66
14 75
59 49
57 95
78 96
28 59
18 89
25 68
22 5
22 19
0 45
0 63
77 95
61 43
23 9
37 1
55 44
71 17
55 46
71 98
52 97
36 91
38 99
33 65
3 47
11 20
97 80
35 83
40 96
51 69
43 24
78 90
18 43
38 11
0 51
31 90
7 26
20 31
10 72
10 44
39 57
60 54
34 87
46 99
41 55
61 36
91 14
98 60
65 45
69 63
91 47
15 15
69 89
52 50
46 1
87 1
2 98
75 53
66 69
54 79
29 1
81 88
85 81
94 76
79 48
3 86
3 41
47 27
55 31
28 63
85 87
87 25
7 57
39 84
72 33
46 42
96 99
8 53
5 40
85 0
6 24
76 59
4 75
87 20
15 44
61 58
89 32
54 20
31 33
86 74
16 30
36 77
35 47
28 69
91 79
92 15
91 58
22 86
3 11
30 73
70 47
82 85
65 19
98 50
3 15
29 41
75 24
80 33
65 83
21 82
19 90
65 9
51 39
42 32
22 98
80 29
92 74
10 64
30 92
55 84
10 45
69 96
28 21
66 19
25 89
29 69
72 12
11 52
92 42
22 17
83 61
58 95
14 69
58 67
42 4
63 22
14 63
2 77
37 78
66 5
85 18
59 26
84 19
82 76
54 56
6 11
94 46
13 63
2 18
51 10
84 31
78 6
76 68
17 27
6 69
12 77
5 75
8 25
11 45
64 80
91 99
53 98
90 5
75 47
69 24
23 71
40 72
4 83
32 2
6 1
88 70
66 56
39 27
86 59
87 36
17 65
15 37
65 48
76 66
46 60
53 5
70 90
4 99
14 12
54 34
81 69
16 17
1 67
24 23
99 95
44 76
18 32
75 4
96 5
29 32
9 67
72 21
81 33
95 50
84 78
1 64
94 10
4 72
17 95
59 68
87 59
27 17
20 73
25 62
40 20
71 56
35 61
55 70
76 88
55 7
68 72
83 14
12 42
70 0
55 39
73 55
99 29
36 2
38 48
12 88
21 47
5 9
21 41
36 8
70 98
35 38
34 70
58 21
54 53
63 20
22 55
79 59
98 10
52 29
96 69
91 43
92 25
34 99
59 39
47 92
8 6
64 36
53 68
52 67
32 86
11 72
82 3
26 24
69 82
48 19
76 28
26 4
62 7
70 14
41 94
69 77
15 90
17 22
64 90
99 88
98 9
45 74
46 33
18 67
93 26
2 88
14 94
84 80
94 80
72 73
52 46
83 15
47 50
92 73
74 3
72 65
26 48
73 33
7 34
64 63
6 53
40 81
7 55
84 90
95 17
29 31
84 49
44 20
66 85
82 8
16 35
4 81
88 86
95 11
87 98
26 15
15 63
81 78
57 3
78 1
74 54
88 38
78 74
12 8
46 79
52 37
67 40
3 29
75 54
78 41
53 80
95 45
46 4
74 24
46 88
29 47
76 98
6 42
69 50
75 49
93 39
12 83
28 43
30 71
19 21
10 23
94 11
62 25
12 72
72 74
35 87
14 6
78 36
20 1
75 94
95 22
48 34
31 70
89 11
52 4
76 58
38 56
12 39
92 89
47 52
7 70
16 53
49 89
89 30
97 96
8 95
53 76
47 64
66 36
66 49
42 38
82 46
76 3
62 4
70 62
19 73
93 63
93 9
35 81
64 37
40 44
69 29
82 70
29 87
27 83
69 14
16 81
55 34
18 94
2 33
29 2
63 7
2 85
45 17
36 32
61 47
55 45
87 67
70 59
47 9
97 58
4 31
13 55
14 9
39 65
13 30
44 46
18 55
83 20
62 19
43 88
33 30
19 41
34 9
80 37
14 14
91 78
26 31
12 47
43 84
23 37
82 90
31 42
64 77
39 74
52 94
16 14
78 78
59 18
7 37
24 96
57 22
88 44
8 82
36 63
89 7
89 83
84 68
40 94
23 55
72 37
88 25
74 4
49 10
11 4
70 49
97 24
3 39
24 84
35 6
14 55
93 38
27 15
36 55
44 67
86 10
72 59
66 39
3 80
31 77
89 43
15 60
18 76
61 87
39 13
72 42
31 31
86 29
56 15
30 27
81 44
58 47
62 51
7 85
13 52
92 40
20 26
14 62
20 63
15 26
66 58
69 35
85 33
56 48
0 14
48 64
99 12
60 13
47 36
20 19
8 8
81 22
63 4
47 34
39 76
39 64
98 76
93 89
92 92
72 48
33 64
58 52
86 31
55 79
77 44
69 58
76 0
25 5
30 58
2 49
69 91
30 32
11 39
63 32
28 4
38 38
99 82
26 89
79 34
16 33
40 65
93 44
80 50
39 66
81 10
35 32
9 17
33 96
8 88
39 6
56 39
50 66
2 86
12 43
70 20
42 19
0 47
95 78
8 50
90 56
99 54
4 22
33 10
96 68
32 19
17 3
99 89
76 96
35 25
77 81
97 37
35 20
52 44
82 32
48 87
21 86
71 22
83 3
48 35
33 99
94 26
73 56
30 19
75 86
84 56
18 34
72 97
54 95
99 67
77 32
69 3
51 38
98 73
82 15
82 45
36 93
27 96
37 34
74 20
9 13
68 32
16 71
93 24
98 14
23 86
67 17
28 61
93 70
45 21
6 7
69 46
57 21
