100 3
22 18
77 35
3 98
3 60
55 28
68 46
69 84
27 45
8 70
3 57
70 23
56 38
51 34
14 69
12 44
8 35
80 2
30 2
6 4
79 1
98 22
35 47
70 86
78 33
99 33
96 68
14 54
61 29
84 46
99 63
18 71
46 36
23 50
99 67
7 54
31 54
74 5
38 52
64 75
64 4
79 79
79 25
71 53
89 40
82 41
69 60
51 47
33 77
7 30
18 97
42 94
91 37
39 89
29 43
23 10
62 36
99 47
91 78
2 11
88 80
26 3
52 54
90 68
5 7
57 61
52 72
36 62
80 14
48 34
30 6
6 99
17 72
7 31
35 53
70 75
66 41
6 72
30 15
54 78
28 33
77 79
29 19
92 17
17 45
88 92
45 83
33 10
16 28
38 94
43 18
36 74
69 49
17 27
28 62
88 93
35 54
36 13
50 94
19 98
91 43
66 35
66 90
12 71
50 63
75 34
23 61
98 50
66 22
57 53
92 12
73 23
97 93
70 9
44 62
45 26
39 82
37 25
83 37
62 13
93 23
11 95
78 51
51 0
23 16
25 71
36 83
79 17
63 77
55 99
60 93
36 43
63 99
54 28
63 24
88 85
62 93
45 53
71 67
6 67
26 88
67 85
35 37
63 44
46 92
8 50
78 63
8 93
9 71
72 5
33 13
23 20
64 19
23 64
31 39
43 71
58 27
96 23
11 91
36 1
68 34
7 73
88 57
87 13
81 76
69 97
39 1
10 30
12 1
68 97
88 86
79 5
7 36
64 2
31 69
53 62
0 16
24 97
18 60
54 95
90 58
58 65
29 36
71 9
21 87
3 34
74 51
3 56
2 90
44 82
65 46
19 93
85 25
71 26
28 78
99 27
6 69
61 67
82 16
9 60
18 84
39 49
9 88
61 81
55 7
53 68
35 10
29 15
8 81
68 22
53 11
55 80
99 65
92 18
45 34
21 82
9 76
39 31
33 16
72 16
26 7
88 4
58 87
53 7
36 58
84 73
42 54
3 3
59 30
12 15
92 36
47 7
80 76
17 87
8 91
30 63
26 37
34 30
83 66
60 45
49 63
18 28
41 20
7 32
79 35
76 73
73 42
79 27
74 84
43 3
39 24
93 24
80 51
61 72
45 87
84 40
53 58
69 57
11 8
47 12
22 50
40 60
43 21
6 90
28 12
74 81
47 10
23 57
9 58
74 64
51 21
94 36
64 71
42 20
25 16
79 73
59 60
42 66
41 46
25 26
79 47
10 59
54 67
5 21
95 51
78 36
49 70
72 59
83 82
65 50
69 67
57 35
17 89
28 52
8 34
46 89
45 89
20 54
28 88
37 80
35 32
52 21
55 25
32 27
37 98
26 59
31 40
8 92
46 39
36 89
68 57
82 25
44 89
11 40
35 25
18 79
89 46
35 2
97 4
30 87
36 92
98 71
33 80
0 34
46 35
74 7
30 99
81 53
3 59
11 44
89 9
52 79
61 89
39 81
73 4
11 65
0 36
68 11
27 66
1 35
85 8
74 98
87 11
52 36
0 8
34 3
6 1
16 87
84 52
91 38
92 94
51 40
41 41
32 7
97 76
47 37
13 42
61 75
11 96
99 25
0 15
68 27
71 13
80 70
90 77
57 12
0 47
17 53
42 75
34 31
71 41
16 57
83 6
99 89
92 1
52 47
70 49
86 86
69 31
31 74
38 72
99 73
31 81
34 64
8 38
88 31
25 34
7 44
20 32
84 10
20 11
79 19
77 17
34 95
34 69
18 83
80 4
79 92
84 48
39 63
11 92
33 89
20 81
43 47
31 96
18 7
73 6
70 29
2 55
56 52
8 46
64 64
74 22
59 84
33 21
32 77
29 57
23 11
47 29
17 22
83 81
53 22
74 76
91 21
7 51
65 55
23 69
49 19
90 97
66 79
9 45
42 38
21 32
2 81
75 29
81 55
98 42
91 48
83 70
50 84
72 88
23 14
26 0
5 48
44 28
89 44
76 16
49 71
44 14
26 41
18 39
75 50
3 18
36 2
54 77
94 40
74 21
37 90
65 84
22 15
76 10
35 40
41 21
52 70
47 5
95 46
29 55
87 22
39 98
50 40
79 4
35 30
10 61
56 85
92 37
10 65
62 38
40 53
89 14
59 2
95 30
20 94
33 42
55 24
26 51
60 79
64 59
50 85
52 58
32 35
24 23
80 98
14 63
37 19
87 77
9 61
15 86
79 32
2 34
74 85
67 27
31 44
93 21
5 69
39 2
72 46
88 87
47 73
20 26
75 90
45 1
68 2
63 39
45 70
57 39
90 73
44 96
51 17
51 36
38 34
6 94
28 72
75 88
57 62
32 28
86 23
8 27
30 31
4 58
34 6
81 40
74 65
98 11
26 27
34 56
33 74
93 7
56 63
57 77
82 63
64 51
7 62
64 16
60 88
0 72
89 10
80 56
16 81
93 15
12 8
30 38
18 20
79 40
51 24
28 58
60 78
40 19
47 94
83 69
70 81
22 36
75 67
77 22
56 81
18 10
44 49
1 26
58 24
52 57
22 88
58 76
97 54
90 34
47 43
56 68
94 61
82 67
21 86
42 1
17 81
83 54
33 37
28 73
91 56
85 11
0 49
75 36
84 29
80 90
12 16
69 0
0 65
8 64
67 19
82 23
60 21
32 9
52 52
24 43
82 46
63 31
99 28
19 83
21 94
70 96
70 98
88 19
84 17
56 25
95 12
53 91
51 96
39 65
71 11
96 1
3 24
4 97
3 67
82 82
91 9
2 79
74 97
29 7
64 61
40 52
58 22
20 0
23 79
47 61
91 83
64 38
65 1
18 82
51 60
6 81
78 41
32 66
44 81
28 42
31 68
9 59
62 26
89 31
56 78
10 84
54 9
46 23
42 93
34 67
2 45
9 40
70 26
5 68
96 35
65 10
59 69
30 45
95 69
12 69
35 93
97 12
27 85
64 85
57 84
42 95
53 52
2 68
26 91
58 13
81 0
51 87
87 34
3 37
83 17
5 81
74 95
21 4
78 61
24 69
29 63
95 34
51 56
65 49
92 16
76 38
97 21
57 60
93 61
68 99
7 35
42 57
15 92
25 58
41 70
66 6
74 52
45 7
30 51
0 21
37 34
40 5
44 27
15 41
46 73
33 54
25 18
56 7
45 59
40 89
63 27
2 8
62 15
35 52
42 7
7 89
74 8
3 89
69 28
8 87
42 0
3 27
47 79
97 34
3 95
62 22
97 28
33 14
73 31
98 91
51 97
17 9
11 84
65 42
93 38
67 34
2 59
49 46
16 31
88 64
10 78
13 29
19 74
18 43
30 34
76 39
42 18
37 87
42 6
41 39
91 18
76 15
30 61
51 91
15 77
70 46
10 23
93 39
13 48
90 24
81 59
53 76
10 57
7 71
68 52
83 48
47 40
85 75
59 0
25 69
43 39
90 60
13 67
54 93
45 78
95 48
94 29
6 20
95 38
6 11
14 0
0 9
29 68
63 76
39 67
3 53
21 53
3 84
2 10
39 91
43 4
15 2
52 76
7 93
27 74
51 62
76 76
42 69
76 19
53 37
84 27
26 40
87 37
29 98
51 55
88 38
38 58
58 39
6 76
72 56
24 47
66 70
39 96
78 10
28 41
41 90
52 2
29 24
13 39
16 60
7 40
69 78
26 19
69 80
40 37
59 39
85 15
38 9
79 48
99 93
81 54
44 78
33 23
68 96
51 65
94 20
36 76
36 57
75 1
66 27
8 65
96 81
29 22
61 80
3 33
39 94
92 97
87 97
43 24
15 45
22 79
20 43
29 2
77 33
71 69
79 80
30 7
74 55
84 32
71 89
95 39
87 51
44 95
26 64
78 38
97 50
11 24
20 49
69 58
76 81
74 91
93 71
58 21
51 11
68 75
5 62
80 59
11 51
17 43
68 49
24 60
86 99
69 94
21 18
39 58
86 33
45 86
23 0
47 75
79 34
13 17
7 18
57 26
75 39
32 45
32 88
87 7
8 8
87 41
82 5
66 30
28 66
3 39
9 6
47 63
1 56
53 41
18 81
30 73
3 64
69 21
67 79
80 99
88 39
37 70
1 30
66 95
48 97
42 87
50 36
5 59
46 2
61 63
75 17
32 54
87 50
43 65
58 89
23 62
76 1
50 48
38 11
2 73
11 21
42 24
34 87
14 35
36 0
57 87
35 80
35 42
84 42
13 44
75 38
81 95
81 77
16 17
41 67
14 82
53 89
11 18
37 89
29 26
15 35
7 91
58 12
99 5
23 19
98 70
86 75
48 5
73 93
59 34
15 74
3 76
41 47
59 80
37 61
53 34
74 80
97 40
18 58
58 36
60 23
47 0
10 31
75 91
25 20
31 90
64 40
60 12
2 17
37 27
60 42
80 21
19 76
16 0
31 76
92 56
5 27
91 57
77 80
87 79
0 30
26 4
35 51
79 57
48 93
71 32
36 67
61 47
47 14
79 38
49 20
3 86
98 1
79 12
39 37
99 66
86 6
73 69
22 23
66 71
37 72
47 72
0 5
90 76
53 17
41 86
31 1
83 65
88 20
84 66
97 58
27 34
35 41
58 3
34 85
55 52
60 4
40 40
11 58
12 79
38 64
5 35
62 35
43 27
4 33
14 70
90 29
81 85
78 7
34 35
91 34
95 59
29 75
85 23
21 11
99 54
96 54
37 8
61 87
76 36
77 29
94 97
68 59
57 75
8 84
16 35
87 45
87 17
51 42
49 91
67 28
33 62
17 3
57 38
84 2
97 24
12 88
30 48
29 45
1 83
44 30
79 71
31 67
21 60
85 55
58 60
98 54
23 8
25 39
39 99
32 85
3 46
9 33
84 55
24 85
16 79
72 0
6 44
15 94
56 89
82 77
81 60
58 4
68 31
8 75
90 43
60 49
3 77
14 7
81 91
78 9
81 66
2 50
80 79
12 75
82 53
6 27
47 18
82 58
21 12
67 41
52 68
46 34
52 50
93 77
53 1
5 92
34 29
48 53
10 56
95 45
13 71
24 8
77 32
26 67
69 50
23 82
53 3
18 92
80 78
74 87
81 29
59 35
46 93
33 85
99 17
12 30
31 24
76 33
26 35
90 64
92 53
43 5
88 27
9 94
42 52
67 60
38 4
89 88
12 51
74 86
63 35
60 66
85 57
81 23
9 86
58 73
10 93
20 15
1 45
8 22
92 77
87 18
32 94
98 55
74 69
98 87
69 2
17 88
90 17
55 36
28 69
10 96
45 94
62 79
9 74
26 1
70 2
6 70
16 44
20 46
39 86
20 35
5 19
86 51
49 39
64 58
11 75
40 15
46 86
33 2
71 17
80 87
61 65
81 93
28 55
49 64
22 95
26 57
38 70
82 93
77 51
60 9
62 99
94 51
6 66
16 3
75 41
29 20
64 31
33 87
72 33
68 16
8 11
92 14
89 64
33 45
29 76
73 83
83 21
68 61
79 53
63 59
41 35
72 62
37 76
59 4
42 97
60 7
73 48
63 45
48 43
80 25
59 57
58 98
12 60
82 37
15 79
50 9
31 97
94 74
66 72
41 82
29 4
63 30
63 25
3 15
20 53
52 27
80 32
4 39
33 31
17 13
7 50
61 95
38 76
77 92
4 40
93 62
12 62
60 89
36 91
80 71
21 68
66 36
54 79
73 89
12 61
85 45
99 96
53 10
8 61
77 14
57 50
14 46
28 44
39 80
40 55
95 97
93 98
74 32
94 87
55 72
80 26
25 46
53 26
67 36
74 14
83 57
62 21
90 66
91 3
7 42
53 16
85 39
58 30
87 25
42 73
37 96
72 39
66 78
79 85
60 61
56 22
89 15
66 38
87 39
15 91
46 40
27 44
26 95
12 55
25 52
70 73
4 24
43 59
62 10
38 75
20 20
99 26
43 78
13 9
29 13
78 28
84 71
65 39
92 47
38 26
18 51
73 96
49 1
78 1
35 14
86 48
17 76
97 30
6 6
22 62
39 3
95 55
75 42
6 33
85 27
48 9
8 48
21 72
88 6
82 8
83 72
48 88
62 24
74 48
71 3
69 12
92 15
34 16
34 91
38 55
90 37
45 3
3 54
96 37
46 71
25 1
4 92
27 29
85 13
3 21
10 40
81 71
41 6
35 65
6 0
11 66
79 11
60 14
84 78
8 23
55 85
52 30
92 83
11 73
16 45
59 65
98 27
54 42
32 58
30 1
83 38
25 49
79 31
41 42
46 48
97 65
7 0
49 79
21 0
7 94
70 70
31 58
44 72
4 34
87 90
22 22
53 73
98 17
42 74
52 23
20 97
28 79
73 72
78 31
49 80
80 41
28 93
0 62
73 70
41 23
54 16
75 15
74 23
2 16
57 65
59 77
66 10
27 61
18 13
99 82
43 8
58 91
54 59
22 81
46 26
47 90
41 4
87 26
55 22
19 60
96 78
58 63
63 74
60 57
97 18
27 78
67 59
19 65
0 26
48 21
9 44
63 19
53 19
94 69
95 16
51 53
1 76
87 14
72 35
56 4
94 22
89 19
29 23
23 88
4 44
55 66
68 44
28 31
23 92
80 93
84 85
11 45
30 83
79 75
23 83
34 82
24 70
72 50
5 70
72 44
97 68
69 55
87 57
86 30
81 83
8 36
99 51
91 72
71 20
42 46
52 14
46 0
28 83
2 46
31 21
84 6
83 10
37 68
71 70
97 39
30 84
19 22
49 13
51 77
81 11
2 44
66 68
35 61
27 86
61 28
13 26
0 39
78 90
19 38
52 22
83 2
26 96
22 75
67 92
79 88
5 89
35 24
42 10
55 97
2 76
56 44
50 17
99 52
59 79
68 64
3 2
53 24
12 3
43 20
76 28
87 5
8 20
29 67
21 76
74 2
14 61
63 68
3 42
73 94
43 7
12 5
50 52
41 11
49 89
57 37
73 87
52 16
93 32
11 59
67 42
71 98
35 74
99 83
55 35
92 76
16 83
35 31
1 1
29 93
81 37
95 13
49 24
66 21
21 64
78 82
50 35
5 10
32 83
82 65
96 30
68 36
51 25
59 47
86 3
23 42
42 96
90 6
53 67
62 53
82 88
85 6
43 53
14 86
67 35
54 69
40 34
84 1
43 9
80 39
24 89
1 84
6 50
1 86
43 11
62 48
1 98
23 1
88 67
54 21
71 71
13 13
57 4
21 1
66 17
72 17
12 94
6 41
11 71
28 75
64 22
63 13
27 20
99 36
78 80
8 83
15 80
98 64
75 10
78 53
85 66
73 19
36 40
66 45
19 14
18 52
7 34
69 38
46 7
71 81
13 65
16 23
79 8
49 31
61 10
83 16
54 30
71 95
10 25
24 39
22 93
28 48
61 17
8 53
56 54
7 1
85 93
43 84
78 99
77 63
97 5
5 84
66 77
52 9
43 61
56 29
44 97
5 43
83 61
92 31
68 3
98 85
14 10
50 88
47 20
93 47
4 12
14 96
36 23
71 35
91 19
72 78
72 61
83 59
77 71
90 59
29 53
94 71
58 64
39 84
14 14
0 67
79 60
4 73
62 98
18 76
52 49
41 17
58 57
61 20
84 87
72 18
78 60
67 13
65 5
74 46
21 21
50 79
60 1
11 76
93 79
10 52
14 53
97 0
64 21
46 46
60 64
36 84
34 27
80 95
26 36
52 18
78 20
38 82
55 53
50 97
35 57
45 18
61 54
56 99
23 46
50 23
30 42
39 83
25 45
86 93
82 62
57 72
85 88
13 34
11 1
41 81
26 49
93 50
37 20
31 66
51 98
63 23
92 0
61 85
24 32
23 21
44 44
10 64
60 97
64 10
71 30
73 58
43 32
57 40
50 64
10 5
56 43
8 19
0 73
34 53
37 45
70 0
61 40
55 62
72 89
22 48
25 98
82 31
27 48
59 33
81 68
66 42
44 63
90 5
23 97
11 11
83 71
6 62
84 3
94 35
18 80
93 88
67 81
15 27
56 11
93 68
2 57
37 59
22 39
9 53
8 40
65 8
16 62
92 40
74 3
4 3
6 87
1 24
75 43
5 54
15 62
39 95
96 65
64 39
44 68
66 29
44 91
55 93
78 47
11 26
2 89
52 32
39 15
87 82
41 3
10 17
50 75
96 39
89 8
13 81
37 64
43 2
96 38
15 60
63 97
83 52
59 73
21 65
79 95
94 52
61 11
54 83
31 42
39 55
69 51
62 27
1 34
53 60
29 28
71 96
94 63
64 76
29 6
65 68
7 12
69 3
24 44
91 77
66 85
44 34
4 69
59 99
68 90
32 20
99 71
91 85
73 14
76 79
48 71
97 81
38 59
31 94
82 47
64 73
68 8
61 49
26 23
23 86
75 49
43 49
24 14
90 85
79 51
97 62
24 37
50 26
47 3
54 8
59 24
65 17
67 0
34 75
74 70
34 92
89 87
87 27
61 13
61 55
32 19
92 27
29 40
72 69
73 46
95 56
6 93
89 0
73 10
22 82
54 45
30 30
16 15
45 10
52 15
3 62
40 4
46 62
19 59
16 47
48 7
39 21
39 88
68 76
80 9
31 88
21 90
48 72
41 50
33 8
99 75
26 98
94 14
91 58
35 88
42 29
54 17
2 54
35 48
58 43
36 20
80 44
4 25
84 53
67 48
92 91
23 66
33 96
22 7
72 55
67 40
25 5
80 18
27 33
38 89
55 18
28 94
32 92
53 66
74 89
5 40
95 42
16 63
77 8
5 95
77 20
53 71
16 98
98 43
43 98
78 32
26 76
39 92
88 82
54 62
70 57
75 30
3 71
59 76
35 4
48 30
32 51
48 29
5 77
79 74
79 10
48 40
75 26
3 31
60 59
63 43
93 81
11 16
70 39
55 60
91 66
65 66
50 58
88 84
22 43
64 15
60 29
79 93
86 7
85 77
66 52
83 67
27 54
78 75
77 5
8 45
92 11
30 97
53 47
83 3
31 5
35 19
61 66
15 36
67 11
61 26
3 82
54 49
24 92
20 87
53 51
75 61
67 5
50 69
85 21
97 15
58 10
8 79
8 17
5 50
90 81
18 72
60 63
81 67
71 94
36 59
65 86
40 22
41 2
44 99
39 70
31 49
83 5
58 52
45 39
51 75
38 24
22 89
79 3
78 81
1 4
1 27
38 37
12 0
78 85
91 29
90 52
85 1
76 13
19 35
64 68
64 43
60 95
51 8
29 65
83 92
70 43
4 36
4 80
19 21
37 38
22 97
87 55
56 50
33 50
93 36
24 15
43 55
54 94
12 77
60 50
69 83
39 28
69 34
79 2
90 10
7 83
63 95
42 42
10 81
20 61
19 79
42 16
1 23
95 81
68 58
96 72
88 51
40 11
12 13
98 53
54 41
75 77
8 3
85 50
96 71
50 20
47 47
2 31
65 15
58 11
6 35
77 25
13 95
59 48
76 59
12 46
61 94
46 99
79 84
20 39
24 81
62 14
21 43
42 3
50 76
58 8
6 73
25 55
11 97
34 61
93 5
42 25
48 66
98 77
35 70
67 74
77 53
64 86
22 34
66 57
85 86
65 54
88 33
57 55
83 55
30 3
51 86
47 81
69 52
90 21
82 44
18 47
80 53
77 55
59 71
59 40
99 4
42 70
13 7
99 42
73 82
0 46
27 36
48 2
52 94
51 82
76 34
67 9
77 73
64 50
71 1
13 20
40 77
22 72
24 4
89 49
64 62
95 23
97 44
68 68
69 98
95 94
20 14
0 60
53 70
60 67
86 85
56 62
5 61
17 68
10 0
48 90
28 24
37 14
93 63
77 81
92 39
54 2
4 78
40 82
35 55
0 98
45 90
0 18
69 92
15 83
42 98
71 25
50 95
80 58
97 85
10 75
97 27
15 81
10 58
9 48
94 98
14 83
42 9
5 67
88 37
98 65
30 59
3 96
93 37
17 64
67 37
62 90
68 67
26 17
70 42
70 97
74 10
35 38
12 83
45 15
44 85
92 80
21 80
70 90
75 62
55 40
61 0
30 44
52 38
30 75
23 94
75 31
97 47
98 97
27 28
56 98
94 3
29 38
94 38
2 75
58 92
7 75
96 6
59 38
99 37
83 20
11 82
64 20
36 95
62 63
86 98
59 45
49 15
38 38
61 70
58 33
28 3
5 39
22 3
85 80
66 84
93 72
33 15
43 81
74 1
76 4
30 93
53 65
5 37
19 19
4 21
19 12
78 64
22 80
59 98
55 12
98 6
9 16
66 16
75 24
73 62
65 63
23 6
65 27
50 28
68 83
35 27
94 54
60 84
54 20
79 42
78 22
70 71
1 93
64 79
20 76
14 97
4 31
95 49
83 93
11 89
79 16
47 55
52 41
56 40
27 51
89 6
4 53
8 28
61 21
26 94
90 7
60 58
10 36
12 58
93 34
59 27
60 5
19 25
81 99
41 0
54 55
93 73
40 10
14 38
20 13
98 60
49 55
84 45
25 97
10 19
72 6
61 73
51 45
77 75
67 12
51 57
10 20
77 43
6 46
15 8
4 99
75 60
78 55
42 82
48 80
49 95
64 26
6 25
59 96
63 34
88 78
49 14
36 80
71 82
89 83
62 43
7 14
70 28
11 41
11 74
48 8
96 62
7 28
14 71
53 82
80 62
88 23
0 51
2 25
77 96
16 74
80 69
72 13
29 96
33 49
36 52
74 35
90 9
93 58
92 81
76 51
30 64
65 9
2 14
37 22
59 44
6 59
54 38
95 88
92 4
50 66
63 96
87 20
45 31
80 60
46 83
42 80
41 63
42 15
53 30
63 78
10 7
60 20
94 59
62 4
60 80
3 36
69 42
30 67
21 57
86 47
95 17
21 88
21 62
65 90
56 37
42 71
42 91
17 95
86 45
90 74
15 88
87 32
90 50
53 23
53 53
3 45
98 41
9 84
94 45
43 90
25 63
63 90
73 68
31 28
89 57
48 10
15 30
34 72
92 49
35 81
64 30
86 39
65 69
96 73
19 1
48 57
17 86
47 98
19 5
67 58
1 58
61 90
84 65
5 14
2 71
39 74
76 74
75 35
89 16
18 59
58 56
5 3
46 91
32 60
78 96
90 1
92 82
26 70
5 31
25 56
95 43
73 3
32 42
60 65
98 33
5 93
39 45
11 70
80 82
17 39
53 85
39 62
91 51
45 8
75 56
95 14
63 57
22 11
82 74
4 38
72 30
19 26
74 27
76 2
77 7
81 58
78 2
33 65
58 69
3 88
24 67
79 76
12 56
58 71
70 5
43 41
9 21
70 78
11 30
64 0
65 35
37 54
43 12
58 68
63 58
51 43
44 60
9 17
55 34
62 81
20 79
74 62
37 49
30 12
89 2
94 90
46 95
54 86
31 99
70 56
17 73
36 33
90 20
54 96
65 41
57 58
91 96
87 31
51 74
74 92
78 12
2 67
17 42
86 32
97 19
50 43
90 35
26 82
11 55
87 9
56 18
83 76
3 26
85 12
12 40
0 25
19 97
72 53
32 99
91 84
39 60
90 11
51 67
79 78
42 8
5 55
2 53
24 52
14 93
81 81
80 74
39 11
72 83
43 62
78 21
70 60
62 77
57 20
23 41
77 44
39 23
74 49
36 46
70 44
87 12
1 60
29 74
93 1
51 7
81 78
58 66
88 10
16 52
51 13
52 43
29 16
88 0
15 47
76 90
63 72
95 87
26 62
62 84
77 4
11 47
40 39
73 35
87 60
65 88
11 33
88 76
29 48
12 81
39 87
97 46
8 13
38 6
84 38
82 55
90 45
86 66
7 11
6 79
61 37
36 75
9 22
30 79
98 39
62 49
5 11
79 97
73 86
64 11
58 17
86 44
5 96
75 99
51 70
10 46
89 20
15 97
86 55
30 76
10 63
68 55
21 52
80 84
9 95
68 21
57 80
49 7
51 63
52 39
0 55
42 27
53 42
10 60
89 25
47 54
5 82
2 96
24 96
27 30
10 15
7 47
59 56
30 18
76 53
27 89
7 98
27 75
57 16
10 21
98 20
39 14
13 10
43 40
87 83
28 53
7 6
91 65
4 48
97 14
66 20
79 50
4 70
88 11
61 6
57 59
42 28
31 59
23 23
41 9
36 18
3 72
26 86
75 40
84 76
66 92
49 32
14 74
41 54
24 79
56 24
50 57
38 27
92 87
81 32
52 83
35 26
27 73
15 54
17 2
14 42
66 46
7 65
18 31
52 55
91 26
26 84
42 41
8 55
9 30
23 32
43 26
57 68
16 76
99 95
56 93
72 36
60 0
10 13
99 35
15 67
72 99
48 31
56 23
52 82
68 62
16 22
31 62
58 14
22 33
44 1
93 0
26 48
60 81
38 12
2 19
31 75
4 16
6 82
89 91
61 78
89 17
53 39
63 18
95 89
35 29
4 61
80 13
48 44
65 22
92 29
23 74
11 52
63 9
58 97
9 10
3 1
71 90
88 63
70 59
34 37
8 98
94 78
91 52
73 84
83 77
86 58
53 20
89 98
61 97
20 51
88 49
82 6
22 16
34 42
50 81
54 4
6 64
27 64
2 49
86 52
84 11
79 81
42 53
91 41
46 65
97 71
67 67
88 97
58 16
2 3
21 27
42 40
4 7
32 90
56 8
83 25
47 45
7 82
60 69
36 37
16 33
5 57
67 38
46 80
11 39
9 73
26 2
52 74
10 27
48 55
40 56
93 90
89 28
88 48
28 32
90 75
24 59
81 20
62 39
54 54
81 31
19 87
14 51
27 62
38 1
2 24
38 40
52 73
70 50
48 16
25 13
36 49
10 66
54 65
35 0
12 38
62 7
99 81
58 23
5 90
45 43
15 12
91 23
58 25
61 60
79 26
82 54
81 19
30 66
20 99
88 40
12 36
60 75
13 77
79 37
74 34
70 88
67 23
79 30
55 56
48 94
92 98
80 20
65 24
37 44
21 67
39 43
38 67
3 65
95 57
14 16
25 54
70 61
34 22
30 65
77 78
62 28
62 44
53 46
7 76
50 55
21 36
73 26
98 18
52 3
6 9
97 67
94 80
30 53
57 54
67 14
38 35
12 39
93 2
83 31
50 37
78 29
1 15
1 51
61 69
66 26
14 8
49 85
18 24
31 83
78 92
16 61
35 68
45 71
20 86
63 28
52 92
15 43
25 94
87 30
6 3
92 46
30 36
45 27
10 10
75 22
37 33
26 39
91 62
45 44
15 39
26 33
96 98
74 47
43 13
21 54
99 78
72 75
82 0
57 19
30 54
10 51
82 70
13 28
38 13
34 96
25 44
58 37
52 48
60 86
93 96
22 77
0 68
90 54
70 58
59 78
60 40
24 82
16 2
56 80
27 95
97 1
36 41
61 32
65 75
50 4
23 35
47 53
66 25
34 1
74 88
58 20
2 64
35 63
99 61
44 86
11 83
52 19
89 24
35 66
73 67
11 90
15 3
8 9
85 42
91 36
66 62
92 65
18 19
42 89
61 51
68 43
4 74
72 24
18 11
91 75
46 1
44 33
84 70
95 3
74 66
69 82
57 56
12 57
70 52
78 24
57 85
74 96
14 45
84 89
52 87
80 55
75 64
41 38
7 55
30 41
99 50
83 56
45 21
60 55
31 37
54 64
71 65
64 23
2 66
12 99
98 24
22 96
74 31
51 6
86 94
39 79
77 65
88 35
28 6
97 89
65 29
91 35
32 21
25 37
5 94
68 51
92 67
69 26
48 70
96 15
33 22
22 70
63 55
53 15
95 82
34 79
24 55
73 57
13 85
44 69
56 91
26 77
69 7
16 14
29 78
13 49
33 98
74 82
48 60
4 66
74 59
34 10
57 34
72 84
52 81
86 24
53 2
19 18
2 93
52 89
66 4
33 81
50 18
97 8
36 97
48 68
62 60
72 97
68 18
14 79
3 17
39 26
27 19
24 13
72 2
83 50
17 48
80 1
97 73
11 81
64 98
24 65
32 1
48 27
37 3
94 85
27 94
49 96
27 65
72 67
58 29
28 59
67 98
41 19
54 25
44 98
88 22
61 3
55 69
36 14
2 80
2 39
74 73
72 58
14 65
48 39
34 77
93 92
86 13
73 92
24 0
56 72
62 87
30 58
71 57
24 75
91 59
21 49
37 24
61 33
30 82
36 71
86 70
7 38
24 16
89 37
22 12
4 17
69 37
14 66
31 85
56 96
76 86
32 10
14 28
29 81
23 99
34 9
24 31
81 79
36 36
46 30
2 84
29 35
6 26
18 49
74 16
28 91
39 10
34 0
5 46
46 79
94 19
90 47
55 94
98 82
76 46
33 34
95 47
98 23
5 76
82 69
63 46
87 94
98 14
78 66
10 72
26 93
4 11
14 56
32 39
87 3
35 58
92 84
43 28
17 57
17 93
63 41
56 0
30 68
56 95
95 91
12 92
25 77
72 29
82 32
10 45
66 7
39 75
96 31
70 65
31 16
34 99
89 5
17 25
63 71
11 85
49 5
88 8
92 45
55 77
49 9
3 80
55 4
2 86
18 66
79 24
34 50
86 91
48 76
10 37
48 14
3 13
31 3
34 45
17 1
25 12
85 95
23 53
13 93
97 11
5 60
36 48
29 1
82 17
76 14
35 83
70 67
13 91
69 65
98 36
31 71
75 32
48 61
77 86
62 64
66 81
31 23
53 45
35 85
95 84
78 30
52 1
1 46
17 37
6 24
72 64
79 87
29 95
99 2
64 72
58 90
76 43
24 19
45 55
99 21
83 87
56 71
96 50
17 15
37 69
82 42
54 60
99 13
26 78
11 43
96 69
81 17
41 62
13 19
71 33
90 22
85 72
90 90
88 91
6 75
21 37
69 87
75 92
30 32
94 96
44 70
69 23
2 69
2 74
84 79
41 55
88 98
90 57
80 66
49 77
71 85
60 96
88 2
22 21
35 36
36 21
80 23
50 49
96 96
13 80
95 90
70 20
29 37
59 3
87 40
73 61
2 13
32 52
43 96
19 9
9 49
76 48
24 86
53 49
39 5
9 82
1 82
13 56
58 44
87 85
9 75
90 83
17 94
33 33
37 15
85 74
27 5
67 6
44 32
79 41
68 32
21 95
52 86
16 53
61 82
60 73
11 62
55 83
48 95
35 39
67 51
33 90
47 93
82 86
67 52
52 59
46 41
28 65
17 6
47 82
25 14
55 76
12 82
64 67
10 8
24 64
38 16
5 47
21 63
40 59
2 27
36 15
36 86
59 59
69 11
14 67
67 2
24 73
34 66
69 44
94 50
37 7
8 51
32 80
32 65
44 77
52 34
84 98
20 40
45 5
34 44
48 18
4 93
83 34
15 95
38 30
56 69
92 93
88 74
96 33
94 55
26 81
25 67
20 63
96 56
55 57
79 69
7 27
81 10
24 38
76 60
99 90
79 63
63 66
11 3
87 65
62 46
56 97
2 1
8 76
60 6
6 74
40 26
35 97
26 18
3 20
57 95
66 49
12 85
72 72
4 15
76 49
18 6
42 34
39 73
60 99
38 71
75 33
59 85
1 72
75 7
65 77
91 12
82 38
8 2
83 0
51 48
3 49
40 68
93 87
18 8
23 27
32 0
81 7
4 1
94 37
51 4
13 33
10 94
13 27
51 32
93 31
27 77
23 12
76 56
63 2
54 74
70 76
25 68
38 69
53 86
18 55
82 72
39 78
20 27
85 60
94 21
63 86
49 66
88 14
8 52
53 75
97 37
7 80
25 42
80 86
53 61
45 98
37 52
6 15
43 29
66 18
66 1
27 50
68 12
99 59
11 56
70 82
92 8
87 84
84 84
23 58
8 90
3 68
48 67
45 74
36 79
66 12
77 41
81 30
71 15
31 91
9 70
50 56
38 33
33 88
0 50
71 63
61 46
40 42
58 41
73 53
76 35
40 97
49 40
29 82
95 54
99 39
61 12
54 6
87 59
38 23
85 79
14 39
40 96
62 23
85 92
75 11
9 55
72 80
7 56
8 4
95 65
2 43
0 43
10 53
86 80
0 82
29 86
21 56
65 30
17 49
27 49
90 28
13 87
96 91
62 73
93 86
92 55
83 8
25 6
95 53
10 92
55 88
81 16
41 40
16 9
6 83
46 28
93 30
59 62
34 15
96 21
36 54
5 9
78 76
3 43
70 66
5 74
87 91
1 52
11 34
2 38
52 33
28 60
3 90
18 99
95 96
61 68
76 23
6 10
15 93
0 52
54 3
63 88
74 33
17 74
15 34
71 54
70 1
75 76
69 36
71 80
45 19
20 50
78 18
6 32
21 10
21 44
3 81
18 35
10 22
51 16
75 83
35 12
65 44
18 23
52 13
87 2
52 80
89 22
76 95
38 28
76 50
72 7
1 80
11 36
83 32
51 46
78 26
24 66
96 85
68 84
51 9
84 47
15 16
7 99
66 24
62 61
19 90
22 41
81 70
19 24
6 47
14 84
69 70
96 45
29 99
33 20
75 59
14 98
60 27
4 63
45 65
56 45
52 37
89 92
22 37
81 89
55 95
64 97
47 24
68 23
3 74
90 65
50 5
53 90
51 50
40 35
46 58
22 85
71 5
11 49
36 17
48 98
35 21
3 85
73 22
96 77
41 59
40 67
34 2
94 5
90 25
46 43
13 21
72 20
98 8
44 10
37 9
11 54
96 61
50 14
48 33
78 6
30 98
48 65
39 27
0 4
62 86
62 40
23 40
95 37
21 69
64 60
45 24
7 85
38 65
80 52
61 48
56 76
81 14
30 90
31 78
64 5
91 11
21 48
54 99
77 40
83 29
41 36
52 71
80 31
96 52
65 58
60 82
49 30
96 74
50 78
72 11
79 67
67 29
87 73
58 31
84 43
72 57
86 73
69 63
68 48
94 88
55 74
5 17
34 78
52 64
17 60
19 33
88 66
46 98
67 21
58 58
61 52
68 24
53 9
57 57
31 73
68 73
95 0
49 88
0 54
19 62
45 97
63 47
8 97
21 73
15 57
20 37
9 56
76 0
87 87
48 63
56 58
99 84
32 31
55 70
81 73
8 14
71 62
12 32
87 49
12 53
42 37
73 27
25 32
8 78
16 89
85 29
72 71
23 49
8 32
60 38
87 63
66 53
38 3
26 97
49 51
52 66
22 58
47 62
30 57
69 85
7 60
54 47
72 74
86 74
5 2
97 72
20 62
23 95
61 7
97 84
64 48
92 95
8 41
5 5
33 32
85 36
65 80
53 18
50 13
32 2
20 90
20 57
42 55
40 95
99 64
78 65
16 25
99 97
1 88
60 91
69 30
21 46
55 65
76 65
88 77
17 14
37 35
22 57
53 32
67 89
77 62
34 39
96 97
32 15
1 10
95 44
40 36
73 5
28 43
30 11
33 86
95 99
5 83
32 24
81 74
33 24
63 98
45 99
70 10
71 42
23 54
56 27
40 66
13 8
38 73
93 26
0 28
17 78
77 50
15 38
94 82
45 37
41 68
73 28
9 35
78 25
50 92
64 47
69 64
96 92
23 5
28 67
47 83
84 81
62 71
83 80
64 17
6 18
12 70
34 49
49 94
11 0
14 72
95 20
46 20
26 22
82 56
49 18
69 76
54 82
4 45
84 91
50 29
33 66
7 68
87 68
37 66
98 25
21 78
14 78
13 50
13 83
40 99
26 21
30 28
61 4
16 40
19 10
62 57
82 61
45 16
77 94
98 56
5 18
88 81
31 32
18 16
51 81
70 99
0 35
50 96
98 66
89 7
86 88
22 40
0 57
68 1
90 27
52 8
91 10
13 68
19 30
43 87
69 79
51 10
43 80
50 30
45 93
0 14
3 61
77 30
59 51
3 58
9 23
43 6
40 72
70 35
62 95
91 63
89 56
28 18
15 99
24 5
47 19
49 3
14 94
40 78
90 0
84 68
39 17
69 29
50 80
85 69
77 56
1 87
37 39
99 85
24 20
51 64
44 36
22 64
45 64
27 47
9 7
55 26
45 69
70 22
5 22
92 78
5 38
87 4
54 18
13 0
38 21
37 77
15 20
1 49
83 42
70 47
76 93
60 44
90 49
28 30
62 42
8 5
12 86
90 70
70 30
55 87
22 35
5 51
35 62
57 74
75 72
24 25
15 65
85 54
31 0
78 45
14 12
71 7
22 19
72 70
29 97
59 10
8 42
95 40
97 29
3 91
39 48
29 59
92 69
97 61
67 8
29 71
61 18
74 12
80 72
53 79
92 57
3 75
58 1
49 27
28 76
19 94
62 6
77 19
78 69
19 61
4 5
73 33
29 79
84 49
42 31
31 53
80 38
95 25
11 6
13 82
57 17
8 69
64 46
50 68
41 94
22 59
32 53
33 39
96 28
54 76
36 25
7 77
25 3
78 58
37 6
47 31
31 26
8 18
63 17
32 87
48 84
70 3
98 35
99 41
77 23
4 51
99 20
85 67
50 71
56 5
47 15
30 10
92 25
57 86
32 95
65 81
30 89
4 64
16 32
29 87
89 79
71 45
3 35
81 34
56 77
88 72
0 77
85 83
4 86
48 81
25 79
47 46
83 89
77 77
84 9
98 68
29 61
92 22
41 79
42 43
23 13
68 30
16 58
69 40
8 94
50 83
77 57
38 68
96 18
22 44
91 82
4 89
17 5
12 21
29 64
46 44
4 59
13 18
82 50
92 19
9 47
90 79
30 47
75 80
52 69
9 31
44 87
71 64
43 46
27 70
41 89
66 47
18 3
61 22
20 66
31 7
22 47
25 73
18 4
75 78
16 16
46 61
96 20
12 63
85 19
8 57
92 61
79 90
80 15
89 50
19 28
38 98
45 58
31 93
58 62
5 49
0 13
78 67
6 80
77 6
6 38
29 85
64 55
70 31
4 91
22 49
99 58
47 13
59 11
68 20
18 36
3 51
26 60
45 46
49 72
45 54
99 12
0 59
1 66
43 60
78 11
51 2
53 50
31 29
87 64
71 37
23 18
82 19
59 23
78 89
71 61
97 92
42 99
4 41
63 62
83 63
5 91
19 84
16 86
58 86
33 18
9 0
16 21
18 90
96 48
61 39
21 5
25 28
2 78
4 10
41 61
45 28
43 97
3 47
71 8
57 5
2 35
31 55
42 67
37 57
89 32
39 16
44 29
97 25
78 44
12 93
7 88
97 87
65 53
69 90
99 0
27 46
87 28
78 50
43 85
18 14
13 47
98 89
66 37
17 71
11 31
0 11
30 50
32 97
40 47
78 3
89 62
48 59
50 74
34 68
48 85
10 11
19 45
6 55
27 92
22 74
58 38
94 7
28 21
47 95
83 86
29 46
12 97
40 58
38 32
82 15
54 5
67 62
86 26
68 41
28 70
67 73
89 33
91 7
95 62
25 72
42 36
20 77
71 12
23 7
31 38
77 59
46 19
80 28
41 45
57 21
97 91
18 93
27 3
43 74
33 47
55 31
96 12
1 31
57 82
53 5
22 27
70 38
99 22
95 85
17 58
4 6
81 3
0 61
23 96
44 90
87 10
10 50
10 3
54 0
49 0
47 71
32 55
70 93
71 46
53 0
82 94
14 41
98 26
87 33
6 88
47 48
86 17
70 36
68 45
86 46
34 97
8 82
93 54
76 85
22 17
23 48
32 40
78 59
57 18
68 10
53 63
81 6
72 77
67 50
87 43
20 95
82 76
39 38
93 22
49 62
42 84
40 0
18 34
49 28
18 87
16 90
19 66
17 38
36 9
67 24
30 92
28 20
25 38
71 91
21 15
62 85
53 38
24 94
52 35
30 5
16 55
84 58
44 9
12 95
83 40
45 20
24 26
40 46
97 10
17 21
59 58
24 24
59 86
38 74
4 42
16 41
82 20
21 66
20 42
86 1
65 37
40 9
62 3
31 95
95 11
41 77
54 75
46 52
49 26
22 91
19 27
87 23
41 83
37 84
93 12
31 6
19 39
99 99
26 65
41 76
96 88
4 76
7 64
92 26
76 52
97 9
43 95
82 30
57 69
96 67
17 99
69 45
17 30
71 86
66 87
14 91
27 43
89 82
9 1
36 31
29 80
66 75
51 94
36 87
18 30
87 15
61 56
89 66
28 90
69 27
83 36
77 21
30 71
10 79
49 92
69 93
51 93
78 40
38 44
91 25
90 99
61 92
18 26
77 93
16 94
4 60
19 54
9 4
49 81
70 18
50 32
18 57
25 25
20 10
36 61
84 44
95 18
21 55
60 26
41 31
86 82
28 51
68 95
92 2
10 16
59 14
23 76
56 39
59 97
30 95
89 1
44 80
56 16
77 16
27 6
33 19
60 53
13 1
88 88
88 17
75 66
2 62
35 13
41 24
93 6
26 80
94 81
40 86
54 66
47 89
13 2
22 61
81 45
65 51
68 72
97 69
52 17
12 74
88 12
45 25
50 34
63 73
58 15
2 37
69 59
65 2
16 59
14 4
63 89
53 55
6 36
74 63
76 44
38 86
14 33
33 4
46 78
55 79
90 89
57 23
96 7
70 41
76 69
86 49
17 92
40 50
6 89
91 13
9 72
52 51
37 60
98 47
78 97
38 96
31 56
91 46
31 65
21 29
53 28
81 25
76 92
64 54
77 9
16 18
4 87
79 56
27 97
99 70
99 69
44 52
40 45
32 4
68 39
11 42
75 86
44 58
59 93
85 49
35 71
63 83
82 78
86 37
27 56
47 60
36 38
15 10
14 92
17 63
26 42
61 99
30 70
9 18
91 45
38 17
9 62
56 13
7 84
73 60
18 98
89 27
13 78
22 31
73 97
38 10
19 53
21 6
65 20
24 35
36 7
93 59
60 48
82 35
93 19
30 8
87 74
82 84
91 55
31 60
24 51
6 28
67 15
34 23
70 84
68 40
86 69
49 42
36 45
99 88
67 64
99 68
24 28
32 68
43 69
46 82
95 63
2 56
18 77
24 74
13 96
47 25
6 97
93 83
54 50
48 45
6 68
52 24
39 13
88 94
50 73
3 8
18 53
13 79
9 96
66 56
53 25
80 34
56 82
48 42
95 60
1 17
53 96
56 51
55 92
45 29
17 66
49 17
30 37
79 61
27 79
98 67
55 33
12 18
7 4
10 32
29 21
40 48
77 91
27 27
28 14
85 61
39 8
58 5
50 82
93 89
97 20
3 92
38 84
54 84
2 77
41 48
6 65
56 34
89 36
14 62
85 28
88 56
59 87
1 13
23 25
67 94
4 52
32 72
94 58
27 59
53 54
67 80
19 11
81 15
70 69
96 95
72 38
75 47
1 12
47 32
94 39
96 84
29 60
27 71
6 30
72 91
97 48
13 23
97 43
25 33
32 6
92 6
18 91
86 34
42 5
71 16
44 8
12 98
53 69
40 79
78 48
73 39
65 56
97 88
17 7
18 21
31 2
47 16
53 43
14 11
9 83
85 96
34 84
90 84
69 91
41 99
39 39
98 7
30 46
55 9
75 94
96 3
22 76
75 3
80 89
56 31
57 94
28 0
55 23
47 96
55 43
38 57
49 99
10 47
58 7
61 15
58 54
76 24
94 95
59 21
36 4
67 45
47 8
62 25
97 66
74 83
64 90
61 50
97 6
76 88
96 47
51 20
60 87
55 96
44 93
14 73
52 77
52 5
30 24
15 59
38 19
51 27
80 24
91 73
16 4
19 72
39 29
47 56
17 77
58 77
84 57
51 84
45 42
44 16
2 2
17 98
15 32
31 50
86 60
48 38
33 38
68 33
88 61
52 93
85 18
61 77
2 32
24 90
68 5
62 9
46 87
69 77
92 74
45 36
5 58
71 14
98 15
30 78
72 81
28 95
15 1
30 62
59 5
94 93
19 13
32 25
86 15
16 68
45 72
95 26
67 49
91 87
28 50
77 36
92 79
4 81
24 78
14 60
39 69
57 88
55 16
4 96
24 53
43 48
11 72
40 13
93 97
11 15
19 15
61 86
93 9
16 8
65 91
32 61
46 66
93 57
10 1
22 90
85 84
28 87
72 22
97 33
20 69
90 48
79 14
38 80
46 68
67 4
17 8
89 48
98 46
99 80
0 48
1 59
9 34
18 50
16 12
73 32
25 76
89 76
60 90
97 3
25 82
89 77
92 60
88 43
80 33
4 57
99 3
26 38
81 86
67 75
27 55
30 29
58 53
66 2
32 12
87 72
82 18
44 35
15 82
73 78
10 99
60 18
49 76
26 66
64 84
84 67
65 62
88 65
63 42
24 1
10 18
9 26
57 14
34 8
41 73
59 91
11 25
91 42
35 22
19 52
56 10
63 5
58 42
64 36
46 31
17 34
86 16
75 2
50 12
17 35
29 52
2 70
84 0
50 67
8 88
7 33
69 75
46 94
15 72
26 5
55 37
86 4
90 38
5 99
35 46
29 18
94 25
73 8
29 92
13 52
1 7
13 98
98 88
27 18
1 14
52 99
70 83
74 15
74 38
28 64
84 96
1 79
51 41
62 92
93 41
15 49
32 70
14 48
96 99
54 7
34 17
37 21
38 54
23 75
53 87
51 35
29 77
84 41
36 26
35 86
14 75
7 3
83 9
9 28
54 63
40 6
3 87
69 14
25 51
18 27
1 36
62 88
37 85
14 88
23 44
46 29
76 21
78 39
9 51
94 49
26 16
43 77
14 26
83 83
73 52
99 11
22 1
92 63
75 68
20 84
82 12
51 44
83 99
12 50
45 33
39 32
92 52
93 28
24 33
83 19
67 70
65 61
79 55
88 83
62 70
77 58
86 96
56 56
83 35
44 74
63 38
77 13
32 89
74 53
6 61
41 13
83 11
93 76
49 73
9 14
57 83
80 94
75 95
70 55
52 85
37 11
33 28
85 7
43 56
53 48
17 59
94 62
19 40
2 22
20 22
87 47
13 35
37 79
76 64
31 46
24 36
19 55
70 14
33 73
63 3
55 30
48 35
62 89
94 86
62 51
71 38
78 19
23 22
89 65
52 53
57 44
24 41
46 88
48 74
4 37
92 44
93 67
13 63
30 19
72 23
7 72
73 76
97 31
28 37
90 63
41 49
45 79
19 91
22 2
98 62
78 43
31 27
70 77
35 1
92 59
88 42
54 44
27 8
14 20
11 68
81 75
48 86
9 29
54 31
6 43
0 53
77 64
73 56
9 69
85 78
12 72
5 56
14 57
31 84
61 38
13 11
69 53
56 60
5 16
71 87
63 11
96 5
75 74
98 95
63 36
44 84
84 37
50 41
49 36
3 7
29 34
14 55
21 33
97 64
2 26
3 69
6 78
44 57
0 64
65 0
54 29
27 41
19 50
52 44
15 53
5 88
20 28
76 57
49 50
21 40
39 30
56 65
70 8
7 45
90 72
20 78
10 85
94 60
38 90
27 25
68 77
0 79
70 12
82 92
39 52
63 81
60 3
34 7
48 0
56 53
1 81
82 43
95 35
8 29
75 16
60 25
21 13
52 61
20 73
75 13
56 15
97 79
16 1
18 29
99 77
96 0
93 17
86 62
61 24
9 39
10 39
18 89
78 23
68 38
56 9
57 64
84 56
16 20
62 30
48 62
43 72
99 19
58 9
52 90
30 60
52 26
76 17
57 73
24 27
18 67
70 27
23 65
57 99
26 25
92 48
34 83
61 41
25 9
75 85
62 83
27 60
73 80
42 12
57 28
25 78
28 28
36 3
89 84
8 86
75 82
26 92
86 89
62 31
46 85
68 88
11 98
47 70
66 28
42 90
52 97
28 1
10 43
4 8
51 73
97 36
55 6
18 2
70 53
72 3
46 42
80 7
86 19
45 47
57 91
70 62
89 75
62 65
99 38
81 94
50 42
55 49
33 9
54 10
48 69
37 28
50 8
84 64
85 48
97 56
6 12
8 67
76 67
75 14
70 91
21 99
96 26
39 34
8 56
23 39
16 37
66 11
75 4
36 6
97 17
18 15
21 9
37 95
97 98
64 96
99 15
76 66
23 80
20 82
44 18
3 79
3 70
46 97
96 93
89 93
60 41
65 32
57 29
70 79
11 93
30 25
0 1
0 33
88 96
0 70
84 69
3 28
90 4
71 84
85 97
31 72
54 91
43 73
56 74
76 97
93 94
13 12
79 62
56 3
16 64
25 59
91 53
85 32
33 36
92 7
5 23
35 77
44 3
47 99
87 36
46 90
10 12
52 6
12 68
16 46
86 71
27 35
76 3
6 31
87 88
84 63
70 33
42 86
22 28
94 92
97 78
43 34
14 87
82 59
10 98
12 25
26 87
38 47
33 11
42 35
17 40
38 41
10 76
17 26
5 13
43 45
65 28
71 39
59 67
60 35
73 88
47 59
3 14
69 96
79 96
14 90
20 4
66 83
28 34
23 85
33 52
48 99
30 21
14 52
22 29
11 20
41 93
48 79
48 92
48 89
97 16
69 33
5 29
99 94
75 25
8 54
92 66
67 57
74 44
71 74
26 83
21 28
67 97
76 72
51 99
1 94
2 18
77 74
6 8
44 73
46 37
66 66
91 16
88 45
50 90
89 55
31 10
71 31
35 82
94 48
33 56
1 55
20 74
59 95
95 66
47 23
12 12
16 70
69 18
77 10
55 42
44 7
60 30
55 59
66 33
62 69
77 11
16 65
39 72
86 97
54 53
72 85
5 41
96 70
86 64
84 35
49 2
54 80
74 45
31 22
42 76
11 46
73 66
57 89
50 61
35 49
61 83
23 77
20 17
44 0
25 19
27 21
50 21
29 66
36 22
17 36
69 22
80 43
65 71
40 88
21 8
71 58
10 73
5 34
94 2
94 66
74 28
54 40
47 64
81 33
34 13
74 72
5 45
98 73
4 67
76 31
46 33
19 42
1 0
69 95
65 60
45 50
70 95
10 2
56 30
2 36
92 23
24 11
86 8
69 47
6 60
60 33
87 48
82 11
0 40
83 28
26 63
16 72
28 80
96 16
78 57
53 36
96 44
41 64
18 40
25 41
34 38
36 96
18 48
78 42
29 11
96 79
12 37
72 98
30 77
6 2
57 32
20 98
40 30
78 56
15 66
64 28
33 71
87 75
6 29
21 92
9 80
12 84
29 51
62 52
1 91
18 62
15 37
98 10
73 51
28 63
63 22
96 11
53 4
67 32
5 0
68 78
33 82
67 46
53 77
43 36
81 35
19 48
13 37
7 10
87 29
15 73
87 21
14 1
59 68
27 80
58 6
16 67
67 83
14 40
66 69
8 37
62 59
29 9
14 21
70 89
44 66
7 7
32 23
81 18
46 4
7 63
85 40
35 11
44 4
37 71
45 0
93 99
13 97
78 27
40 29
66 50
60 34
19 70
65 36
86 10
55 2
10 42
81 24
30 43
3 40
36 27
21 41
36 35
96 58
53 81
77 2
12 80
45 92
16 50
62 78
13 4
71 68
71 44
80 37
80 75
91 2
89 51
28 85
85 44
96 51
40 12
94 11
98 29
6 42
13 15
67 68
31 20
56 17
46 84
48 75
89 85
61 98
93 66
43 94
94 28
79 72
90 78
6 16
56 94
60 2
1 85
78 73
2 0
81 61
28 16
28 11
7 74
74 30
31 9
51 52
56 42
9 5
11 38
73 30
13 92
17 18
2 97
93 51
19 78
89 23
81 72
73 29
19 58
45 82
53 12
40 20
59 82
9 57
79 23
28 8
40 24
71 56
48 54
33 75
95 92
36 98
87 19
48 23
25 91
51 71
64 7
35 50
40 85
10 29
43 75
48 36
57 48
36 53
54 97
88 59
9 90
73 45
28 49
18 75
63 40
29 32
67 18
5 98
16 42
55 1
30 39
87 76
98 9
19 29
30 72
25 40
59 49
30 16
80 63
0 10
61 5
29 29
77 37
76 20
1 11
17 51
15 71
93 95
95 80
95 29
27 38
41 14
19 95
85 52
32 29
46 6
98 72
80 54
96 40
7 95
70 80
90 31
75 44
47 50
91 17
38 0
78 77
98 44
39 44
20 1
39 61
14 80
1 3
50 50
1 62
37 58
16 30
9 8
7 16
23 72
84 59
11 7
88 47
58 51
0 89
31 89
88 30
9 93
66 98
57 33
93 80
65 82
10 80
49 59
15 58
83 14
44 20
73 2
79 44
24 45
23 70
44 92
36 12
38 87
96 13
67 31
64 3
14 19
94 0
27 69
51 58
3 63
73 18
83 88
33 79
75 75
38 88
56 83
73 25
57 6
86 56
56 92
94 6
70 63
20 41
57 93
77 68
27 53
68 81
6 98
92 32
15 40
38 95
6 84
92 92
75 55
88 54
34 81
65 74
49 34
71 50
26 9
36 81
58 46
60 16
28 92
76 12
41 8
59 88
74 6
22 54
33 29
59 42
2 5
44 75
16 75
82 68
39 41
93 16
47 66
58 79
82 13
42 14
11 28
62 54
90 98
31 92
77 66
41 78
37 81
43 37
93 27
81 22
86 5
33 76
18 0
56 6
65 33
85 31
32 67
24 6
30 27
7 86
65 92
19 85
14 43
57 43
65 95
10 62
6 77
81 43
66 31
14 29
8 30
8 10
31 70
31 33
88 36
7 25
86 77
85 37
47 57
51 92
99 86
20 8
0 80
13 40
20 23
64 35
15 68
45 9
61 76
9 78
89 97
84 88
48 46
62 16
10 71
44 22
50 54
1 50
60 72
17 23
7 92
55 90
45 63
86 36
0 20
42 92
4 88
66 73
52 25
36 44
36 47
59 89
27 52
65 21
74 37
68 82
59 43
75 54
61 45
61 14
11 57
37 73
68 56
84 82
11 50
44 39
15 98
87 16
40 38
21 83
8 89
49 61
69 73
34 57
2 4
15 14
41 75
77 67
69 46
51 72
23 51
97 94
65 98
9 64
23 45
7 52
74 0
71 19
6 21
53 35
32 78
17 79
94 33
54 72
1 47
98 79
88 1
60 46
29 27
70 87
82 7
86 81
49 49
72 34
34 94
61 1
10 86
29 91
91 90
99 62
81 42
6 63
59 36
47 88
41 66
16 38
18 88
65 89
0 91
58 81
69 16
47 44
51 5
2 15
67 76
41 95
34 54
78 84
7 53
38 77
19 81
99 55
88 55
94 53
4 28
32 79
56 1
74 56
44 46
10 68
68 42
70 34
64 95
20 5
42 33
79 94
80 5
53 88
50 99
52 84
37 48
12 17
50 60
74 90
37 4
1 95
72 27
58 0
69 54
14 68
78 72
15 11
1 20
57 81
28 56
23 2
18 65
90 23
50 27
25 35
5 25
85 20
5 42
89 13
32 98
22 86
93 82
20 71
72 28
58 93
75 65
74 61
48 51
89 99
46 59
93 25
25 87
17 52
24 10
37 88
74 74
95 70
9 36
71 27
97 35
1 9
17 82
85 73
87 92
78 14
20 16
17 97
96 32
87 42
90 62
41 25
99 74
25 70
8 96
57 42
26 30
24 88
13 53
32 71
2 42
31 18
68 17
80 17
76 11
26 24
64 42
80 92
22 14
5 53
51 18
45 12
48 1
39 71
60 51
14 59
28 19
50 91
76 99
2 47
19 75
63 92
65 6
96 60
82 64
66 96
44 56
82 81
3 66
78 94
54 98
11 9
55 86
35 79
80 77
47 30
82 98
26 10
41 43
91 67
46 69
36 32
24 68
10 34
66 64
9 25
81 27
67 91
7 15
40 92
80 46
99 24
88 13
77 18
86 59
55 14
80 65
24 71
94 18
32 93
27 88
20 2
20 60
96 43
6 58
27 84
6 23
93 42
4 32
24 12
81 82
49 52
43 89
65 38
20 3
33 91
58 48
22 10
37 40
16 85
71 23
14 6
44 65
51 26
8 66
55 98
26 8
94 72
83 43
61 42
74 41
30 33
40 43
67 26
61 35
31 61
3 6
69 25
2 92
93 69
65 93
87 58
55 64
21 19
3 4
28 26
59 74
20 29
34 5
8 60
88 75
76 25
83 97
50 44
67 87
36 8
1 92
35 96
10 33
80 61
12 28
24 54
41 18
67 69
49 47
43 82
58 84
1 65
23 29
32 73
73 91
38 7
59 17
24 49
8 0
15 75
72 19
50 53
38 63
11 27
14 64
98 52
81 52
58 67
69 61
83 85
14 99
65 65
81 57
3 38
33 97
57 11
48 91
80 85
98 69
91 91
26 12
62 17
45 88
57 78
42 56
72 52
43 14
16 19
87 44
21 45
32 76
54 46
51 29
16 92
51 28
77 48
97 22
41 72
1 22
68 19
34 62
63 10
80 49
27 1
22 84
67 66
33 95
55 45
99 44
80 30
15 7
44 88
67 77
15 33
82 71
82 40
81 13
87 67
1 57
12 20
13 14
68 91
11 14
53 92
24 3
60 37
18 73
32 44
48 41
52 96
88 60
87 46
9 9
16 73
26 45
72 26
78 87
27 58
73 36
0 19
0 76
75 87
62 66
51 90
94 27
5 12
53 72
4 56
28 9
43 42
92 71
91 31
98 38
7 67
64 29
45 76
33 5
2 20
78 91
98 84
15 26
28 10
7 5
76 18
94 9
65 7
43 25
16 10
54 12
67 43
11 32
3 83
36 90
89 12
69 9
68 60
64 66
86 53
44 47
98 96
86 11
26 79
32 75
4 71
37 29
74 25
66 94
88 68
35 23
87 71
23 47
95 61
66 3
77 72
78 68
16 54
94 83
75 0
23 34
14 89
65 45
1 5
6 39
0 74
67 61
54 61
66 61
54 58
19 89
17 47
94 64
94 4
19 86
62 11
45 48
31 87
74 57
5 15
73 71
28 99
20 58
32 34
76 80
98 63
96 57
7 9
45 22
36 64
61 23
67 44
85 51
12 43
29 58
23 30
91 69
14 27
16 88
68 37
68 7
46 12
89 86
12 67
81 49
66 59
94 1
20 68
81 36
25 53
41 28
39 85
65 76
48 78
63 1
41 10
75 20
58 70
68 71
7 21
62 20
82 1
99 76
9 92
0 58
36 10
27 12
63 93
80 67
10 38
79 82
14 47
48 87
35 69
62 72
47 33
81 87
3 32
57 52
21 25
60 62
25 43
67 86
80 10
76 61
98 48
2 30
39 0
46 63
91 8
44 11
87 93
81 48
47 34
94 12
56 46
60 17
18 78
22 65
15 52
37 78
13 36
55 11
16 66
25 57
9 52
15 0
36 99
36 34
7 90
63 85
0 32
32 18
18 25
80 40
86 2
45 61
16 34
41 56
63 64
85 30
92 9
57 92
84 30
36 5
23 84
68 74
42 32
59 31
46 3
7 48
84 34
23 26
44 23
79 43
59 41
34 88
97 80
47 91
63 7
51 69
54 1
44 79
45 96
80 35
92 88
83 7
37 86
16 69
7 43
6 71
15 84
68 89
62 67
55 41
11 86
37 10
24 95
31 8
88 90
90 46
81 28
5 6
32 37
97 95
33 69
29 62
9 67
73 37
62 94
68 54
26 61
53 8
29 5
13 66
92 89
10 24
41 65
13 55
33 68
40 73
41 58
25 81
13 54
9 32
54 34
71 72
52 20
30 88
24 50
37 62
53 21
20 72
35 78
78 54
99 98
89 60
80 42
68 25
33 99
48 82
22 71
41 71
24 57
36 55
25 95
98 74
7 8
75 18
29 72
81 96
70 17
91 40
77 0
84 97
40 63
69 62
35 34
37 83
92 50
59 37
43 68
61 57
37 67
6 40
29 94
41 22
59 28
83 30
46 27
46 17
21 17
20 38
64 70
72 68
68 63
28 15
59 18
58 40
17 80
17 50
90 40
29 12
60 22
52 62
53 95
10 55
16 6
87 53
80 27
10 97
55 48
95 22
84 60
2 41
53 59
91 14
86 14
43 19
57 30
46 75
58 18
46 50
87 61
63 61
76 84
90 19
55 78
15 15
84 5
12 14
94 34
20 59
90 95
56 55
20 30
37 18
82 80
22 66
45 41
64 53
43 17
32 8
75 79
0 81
25 62
76 7
14 32
23 93
82 73
32 81
67 71
19 32
52 29
85 89
58 94
99 1
5 30
56 70
40 64
37 41
93 44
25 75
86 25
42 4
0 99
35 43
84 50
58 75
93 65
18 54
83 26
67 47
25 4
0 27
93 78
55 47
78 86
99 43
81 38
19 88
33 61
60 94
1 74
89 58
34 26
11 23
41 15
63 52
32 69
82 90
93 70
25 11
54 19
34 74
40 21
75 48
72 66
19 49
45 14
40 14
36 39
58 2
23 3
97 41
35 3
45 81
77 89
7 37
1 8
21 77
94 56
89 43
91 88
23 33
22 26
93 46
56 28
28 46
61 93
78 83
25 93
24 99
86 63
7 79
27 32
58 61
67 16
41 33
87 52
43 79
68 86
41 27
52 98
26 73
97 63
27 76
28 40
38 97
95 5
40 90
92 86
3 41
18 22
77 52
15 21
75 71
47 9
1 75
77 97
64 13
35 17
65 26
68 47
68 98
36 77
17 96
38 43
63 20
65 83
43 86
79 65
55 89
67 84
22 94
85 58
54 51
82 27
40 61
42 58
32 96
44 51
31 11
72 76
91 76
36 65
22 92
98 76
27 37
71 29
65 47
35 87
93 10
68 53
92 21
86 18
7 17
50 0
84 31
52 28
70 45
31 52
22 56
14 24
93 35
74 43
91 80
75 97
61 25
42 22
15 76
17 24
19 7
64 99
57 46
50 98
77 3
9 20
70 48
59 81
72 40
33 94
79 64
10 90
82 96
28 7
93 4
87 80
26 75
75 93
47 1
57 13
48 48
88 73
26 99
86 87
71 0
4 43
44 48
59 25
52 7
62 82
90 51
98 94
99 79
71 75
93 8
68 65
30 55
93 11
73 64
65 79
76 9
23 81
13 16
69 39
24 30
31 48
33 57
60 83
4 62
56 32
72 45
90 93
81 46
45 35
80 19
8 33
22 53
36 72
35 99
76 87
48 25
82 52
66 15
91 79
98 32
64 78
37 16
17 70
89 72
50 16
57 10
31 51
40 71
90 91
56 21
72 90
24 40
72 9
14 9
15 29
41 44
97 52
11 67
42 21
60 11
51 12
20 85
6 45
14 37
77 26
38 56
14 25
49 43
39 7
32 36
5 36
5 4
32 5
8 1
83 41
34 33
26 44
79 7
28 84
83 84
95 1
91 93
85 91
26 31
20 44
67 65
7 46
36 93
37 92
19 64
14 5
8 74
21 75
73 47
49 35
23 15
36 28
76 71
94 99
80 47
83 64
65 40
57 7
68 13
48 52
9 3
35 75
33 1
32 64
1 41
97 57
96 2
63 60
99 49
46 25
97 53
55 81
34 71
11 5
0 17
0 86
78 35
76 30
76 83
11 17
37 36
16 80
1 70
67 25
18 68
82 34
18 9
47 11
81 98
81 2
31 82
79 66
3 44
20 48
95 98
75 51
82 29
20 9
20 31
67 30
43 30
80 57
38 60
85 4
5 1
4 4
72 10
57 98
51 33
7 78
84 75
37 53
52 12
99 91
9 13
63 15
73 85
42 39
31 64
99 48
55 3
13 72
12 33
75 21
90 39
12 54
95 15
19 23
1 19
66 80
95 2
36 11
47 74
45 13
42 63
72 32
4 75
41 37
13 31
18 69
33 60
87 24
30 40
76 77
62 56
85 81
41 96
62 37
7 59
51 14
74 78
34 58
89 73
22 46
15 44
92 24
74 36
95 7
90 55
46 11
22 78
87 8
98 21
57 76
12 59
50 33
53 97
33 51
28 35
73 54
96 59
34 20
74 39
67 93
33 3
63 87
56 33
29 30
89 30
4 14
12 7
91 33
12 35
47 85
49 21
54 11
52 88
8 59
54 15
68 4
1 33
91 50
77 12
45 38
17 65
81 64
34 52
29 33
55 13
91 81
24 17
22 99
43 1
94 26
97 74
39 90
20 36
33 63
70 11
20 96
58 80
53 84
69 69
60 19
16 27
70 4
41 69
37 26
75 6
96 66
93 60
34 36
97 90
63 69
71 18
15 64
25 50
11 22
91 0
31 35
71 73
71 43
94 77
98 3
53 98
62 2
97 86
94 94
4 85
74 9
88 89
82 4
41 80
10 95
77 28
0 92
90 15
25 99
14 31
79 13
72 8
20 67
7 58
87 96
22 24
64 9
72 49
58 99
20 80
18 63
81 9
44 12
42 59
18 74
44 45
20 92
45 80
44 64
37 0
66 9
54 32
3 29
12 19
83 95
93 14
64 65
26 74
84 33
93 20
62 45
23 55
57 22
3 19
42 17
40 1
92 13
6 22
44 31
10 48
97 23
88 69
17 67
13 58
63 65
42 78
21 38
77 27
46 14
40 91
17 29
26 72
79 98
23 71
0 96
82 24
34 11
43 66
72 43
35 18
8 63
55 32
99 72
96 82
59 19
42 48
61 30
46 55
40 31
38 8
48 77
7 97
69 41
68 29
14 22
81 51
15 4
32 33
6 95
15 48
88 3
21 58
43 54
11 2
69 17
10 89
88 16
48 4
21 20
84 36
47 27
21 71
8 12
74 24
42 2
2 91
68 69
50 62
17 12
40 49
74 67
63 91
87 54
39 68
89 61
2 94
81 44
98 40
98 0
92 43
57 1
71 59
55 82
40 7
9 38
96 55
48 49
78 93
70 24
80 81
58 26
65 67
47 97
0 24
86 43
5 71
45 62
74 13
12 65
77 69
18 64
32 11
93 43
50 77
40 23
32 59
84 14
57 97
90 32
17 84
35 20
52 91
15 17
59 61
63 94
89 34
13 61
81 8
18 44
54 71
14 13
38 53
0 7
29 69
33 78
24 93
42 88
13 25
14 18
64 6
73 55
11 19
8 16
26 32
25 47
43 67
86 92
88 9
1 39
10 41
46 76
79 36
44 21
42 77
62 1
0 83
50 24
93 56
43 15
64 83
19 96
55 44
6 19
7 70
17 62
77 85
14 76
73 11
47 17
68 28
31 34
11 88
2 87
84 8
34 86
39 33
48 83
24 56
56 57
43 70
81 26
32 38
33 70
13 69
0 0
8 99
3 99
37 47
39 97
33 58
74 11
28 25
85 90
49 67
54 39
91 70
83 78
5 26
26 13
47 58
91 74
40 33
89 52
73 7
93 74
98 81
20 89
79 29
78 49
99 45
74 93
2 21
80 36
5 75
91 94
82 51
49 75
4 90
72 41
80 64
30 49
40 93
25 10
64 80
26 85
16 71
34 21
86 78
98 92
13 46
68 94
73 77
63 32
97 13
17 11
0 31
8 21
15 89
7 87
25 23
67 55
33 44
69 8
69 71
85 70
73 38
61 91
98 12
84 28
7 2
13 6
77 60
84 61
0 97
84 93
80 22
4 9
66 32
4 98
99 9
6 7
63 67
35 98
34 47
40 94
82 99
89 53
62 12
61 34
62 18
72 14
83 75
62 55
8 6
61 53
95 78
48 64
64 56
96 83
2 33
64 44
85 68
79 18
26 53
96 63
29 47
22 63
49 12
26 26
55 61
37 17
63 4
99 34
83 53
77 84
61 79
76 55
63 16
46 56
52 4
51 19
83 23
84 7
3 30
17 83
13 75
89 70
64 77
12 76
72 73
97 2
11 69
91 86
16 84
32 82
55 46
76 75
27 26
37 37
25 2
85 26
49 83
6 92
2 48
74 17
50 86
49 57
74 68
91 47
56 75
55 55
19 4
52 75
46 22
46 64
42 51
47 84
26 71
28 38
5 97
19 0
88 70
26 28
2 98
96 27
28 97
43 88
39 53
56 19
86 90
22 42
61 71
64 24
83 94
99 32
68 26
24 42
58 32
27 23
75 8
51 68
86 12
21 39
30 69
22 38
35 8
56 86
39 66
72 87
45 51
94 73
40 83
81 65
86 38
25 8
42 45
85 34
1 2
79 33
76 37
73 90
94 23
42 79
68 85
38 50
12 49
49 93
51 31
67 39
4 46
31 13
86 67
99 29
17 4
83 91
4 68
15 9
23 60
79 77
27 9
57 31
59 92
55 71
19 63
16 78
86 0
75 52
5 33
88 32
36 51
49 69
16 24
57 15
70 25
18 56
42 19
38 31
26 43
59 50
39 18
60 98
70 94
75 98
94 30
4 0
80 80
96 80
38 79
87 69
4 35
28 4
45 23
13 3
47 22
9 81
43 33
81 90
59 20
40 41
88 5
92 38
40 81
96 34
74 94
94 75
6 85
56 73
60 52
30 80
25 60
57 8
74 19
65 48
74 60
65 25
50 1
97 38
1 48
5 72
44 53
83 4
56 26
71 97
0 63
10 70
3 48
98 59
56 49
11 10
58 85
39 50
55 73
20 24
40 27
43 99
81 69
44 25
32 46
57 45
81 4
54 57
27 63
37 63
43 43
38 42
67 88
39 76
1 99
89 80
7 69
66 55
69 68
10 88
62 8
85 98
7 96
8 68
27 98
63 14
79 91
58 19
75 81
3 12
50 59
96 24
79 6
35 5
50 51
13 94
76 54
11 4
18 42
92 70
65 97
3 9
76 26
34 14
81 63
59 6
46 70
64 45
54 26
25 90
73 73
59 63
69 15
62 75
30 14
56 66
81 5
65 18
55 67
63 8
98 80
44 43
33 53
75 5
90 82
52 65
91 68
9 12
63 56
82 48
13 22
17 75
28 45
45 52
51 78
57 0
49 68
39 93
54 37
33 83
92 54
67 99
10 54
48 17
65 23
17 46
76 47
23 56
51 51
40 32
33 27
47 28
69 6
98 49
36 60
84 39
44 2
93 55
98 99
95 27
63 50
17 44
43 0
52 10
50 89
45 84
64 37
38 83
37 50
78 88
49 6
35 73
9 19
94 10
34 55
96 9
98 57
1 29
49 90
75 89
63 0
9 77
61 84
77 76
88 24
48 3
21 84
30 0
40 28
37 56
57 47
10 14
62 5
95 19
31 45
46 15
36 50
47 41
23 73
66 51
7 39
55 75
91 32
62 0
1 32
61 16
28 13
40 3
98 45
90 69
75 70
92 28
25 88
53 33
56 12
96 10
38 2
75 57
74 79
64 12
95 76
47 2
38 15
25 89
28 39
38 45
82 89
44 76
21 74
24 84
80 96
26 54
82 83
47 92
23 67
82 10
27 82
12 64
92 64
43 91
91 1
26 11
46 13
96 25
3 52
91 97
15 24
46 45
58 72
14 58
67 78
85 94
83 47
9 50
97 59
35 84
40 75
19 80
37 2
12 89
56 64
62 96
4 23
86 31
78 46
61 96
53 93
14 17
99 53
42 60
76 42
21 89
8 85
44 50
28 17
40 69
47 49
88 34
78 52
53 94
58 45
40 70
82 33
21 70
63 54
90 42
5 80
94 32
72 25
82 39
32 57
65 99
27 14
92 96
1 69
22 60
2 72
82 2
74 71
25 31
89 41
28 36
66 82
87 86
71 83
12 52
55 8
18 33
33 84
69 89
69 5
50 31
2 40
45 60
38 22
50 15
71 51
43 83
95 68
17 85
77 90
26 52
66 13
56 48
46 96
25 30
39 6
0 42
92 20
93 53
98 75
91 44
17 90
69 81
34 12
34 24
42 49
47 26
33 0
69 13
40 74
26 14
85 82
49 60
21 26
86 27
50 39
25 86
23 98
71 92
79 0
54 33
58 74
63 37
96 41
95 64
41 87
99 56
15 22
38 25
66 23
32 62
67 82
42 72
70 6
10 44
59 83
60 70
62 33
72 92
29 3
80 91
72 4
1 68
58 55
59 64
25 0
61 74
47 4
15 42
37 12
46 9
94 65
7 23
61 44
7 66
38 91
1 40
70 32
19 46
56 20
6 48
90 14
83 1
32 26
7 41
0 41
53 78
50 87
77 99
42 62
44 24
75 9
25 29
2 51
17 54
9 85
54 87
86 40
5 64
38 46
39 57
72 54
69 56
61 19
46 57
31 86
62 97
73 17
35 92
69 1
1 89
5 63
29 31
47 39
54 68
62 80
23 17
37 46
54 36
7 19
82 49
84 94
77 70
8 58
91 60
31 63
79 46
38 20
59 72
28 2
64 81
27 2
82 26
68 35
73 95
67 20
13 30
59 66
17 31
11 37
24 91
29 84
71 4
13 59
10 49
35 15
20 19
51 79
93 40
32 16
93 48
20 7
39 20
57 9
92 58
47 87
68 15
37 82
21 98
90 12
98 30
5 65
40 98
9 63
38 29
84 25
65 19
2 95
48 6
64 34
10 35
32 47
50 19
60 36
26 56
84 15
78 71
72 37
81 39
70 51
88 26
3 78
43 44
56 36
34 18
95 32
44 54
15 96
21 14
53 29
72 60
98 5
34 46
57 24
85 3
15 69
1 71
2 60
41 51
44 41
61 58
56 84
40 76
18 17
22 45
59 55
25 85
45 17
3 0
49 86
83 13
84 18
12 29
70 68
70 15
9 97
52 42
3 10
76 82
36 70
70 19
41 97
95 6
17 32
42 11
66 97
16 7
0 95
0 29
27 40
99 46
71 6
49 23
24 18
36 73
77 95
14 30
66 89
53 31
96 36
76 8
65 72
34 70
2 28
69 66
84 62
12 91
4 2
58 78
79 28
85 53
95 67
68 0
55 10
46 54
47 67
78 13
15 25
68 93
99 31
28 27
0 84
20 47
99 7
86 54
41 88
84 22
35 76
97 7
97 97
5 87
36 82
13 57
35 16
12 41
4 18
93 33
4 84
74 26
30 85
95 9
9 46
82 95
29 70
41 29
79 89
84 95
82 21
5 24
37 1
83 79
33 67
49 16
29 8
49 78
39 46
64 92
83 24
41 16
53 40
88 18
75 73
12 2
54 92
28 29
51 22
86 41
31 17
27 67
65 34
32 63
24 22
71 48
26 50
77 1
26 47
77 83
74 77
35 7
40 18
34 40
53 27
3 5
38 14
50 45
55 27
95 33
63 33
83 51
30 56
0 93
84 86
73 74
91 30
16 43
67 90
98 31
33 48
66 67
90 41
23 90
66 40
4 26
2 82
18 86
7 24
88 58
79 70
6 34
89 54
24 2
78 98
56 2
91 20
79 9
11 35
89 69
14 15
86 76
48 24
24 46
23 89
64 93
22 98
59 16
86 28
22 52
79 39
11 63
68 92
60 32
46 16
66 88
55 58
14 85
87 78
92 99
37 23
1 73
0 87
2 52
38 48
83 74
38 85
13 99
16 39
9 79
25 15
72 48
82 45
83 73
54 81
96 75
69 20
98 61
41 5
54 13
62 91
62 62
13 90
6 56
9 89
97 70
41 30
72 15
10 28
19 73
89 74
60 13
9 27
88 28
44 94
29 14
50 70
72 96
60 76
15 5
50 2
53 6
86 9
88 95
82 57
57 49
36 78
90 30
1 21
30 94
98 2
8 80
89 68
18 38
11 77
44 26
22 13
36 85
30 22
81 41
0 75
5 85
11 87
64 89
94 57
44 83
11 60
87 70
99 92
13 84
1 53
92 90
86 68
48 28
51 39
72 47
90 13
83 98
60 56
56 47
9 68
49 44
91 22
20 93
21 85
29 42
96 17
3 94
59 8
77 82
28 71
48 12
95 58
72 93
82 3
94 46
19 71
50 47
54 70
75 46
10 87
96 94
57 90
32 56
20 18
76 5
88 62
90 80
25 65
38 18
41 92
15 23
12 48
82 36
88 53
70 21
78 37
47 35
69 35
72 65
91 61
55 63
45 85
12 4
71 77
89 95
29 90
39 9
66 54
35 89
81 92
15 56
60 92
70 72
37 32
81 62
10 77
94 15
3 16
51 30
69 19
13 41
98 86
63 79
14 36
92 73
57 66
72 79
47 76
40 17
32 3
99 87
68 70
16 13
78 15
84 80
44 6
59 53
74 50
90 86
12 31
2 6
27 91
58 34
83 68
35 44
95 75
33 93
98 83
36 24
31 79
59 22
25 24
45 67
47 51
20 12
17 56
85 17
93 91
64 57
52 78
27 99
38 93
27 96
19 69
0 37
71 99
34 93
2 61
36 69
0 85
90 16
80 16
74 20
12 42
65 52
9 24
86 95
53 14
14 81
42 83
21 31
51 85
28 22
35 33
59 7
96 14
9 87
61 2
67 53
44 59
45 56
64 69
29 73
21 24
46 24
84 21
75 69
47 86
76 89
21 51
69 32
86 20
71 34
31 15
31 30
46 5
10 6
7 57
77 54
87 62
85 5
0 69
96 53
21 96
78 74
57 63
71 66
66 0
85 33
22 67
83 18
41 53
25 61
51 49
6 86
34 59
34 89
20 64
4 72
48 20
1 6
95 79
4 94
85 43
87 66
51 59
1 67
56 88
63 26
90 2
85 38
14 34
77 34
76 96
5 52
19 8
84 4
62 74
93 49
60 8
18 41
59 1
73 13
34 90
93 84
73 9
18 96
51 38
92 30
29 0
42 30
0 23
37 55
1 42
49 41
45 73
55 20
13 5
81 97
34 43
93 75
85 71
50 11
22 30
21 3
75 84
29 88
44 5
69 72
11 78
33 55
83 12
16 77
34 41
67 56
7 26
38 92
92 75
23 68
22 20
4 82
5 79
31 77
53 44
66 60
69 74
55 50
34 60
93 64
21 47
37 65
40 51
38 61
95 86
50 22
83 49
17 28
89 89
34 98
66 44
23 4
77 87
19 31
71 55
73 1
19 41
79 45
67 3
83 90
76 22
18 95
94 76
82 28
2 63
98 78
38 81
66 86
1 78
44 19
85 14
60 28
24 77
33 64
95 73
81 84
70 16
36 19
4 77
25 17
27 57
59 32
23 37
6 37
35 94
86 50
74 40
63 21
34 25
36 56
74 18
76 32
23 24
33 17
48 47
50 72
2 88
72 94
14 77
43 51
88 44
64 1
27 17
40 80
49 45
18 37
96 46
35 60
75 12
99 10
96 42
52 31
60 24
18 61
50 3
17 41
3 55
15 61
17 91
29 49
20 91
40 62
84 16
98 58
37 93
5 44
76 58
48 22
23 9
45 95
29 39
55 91
27 7
89 21
76 41
95 10
64 52
85 63
33 72
75 63
41 85
91 64
64 14
18 46
41 32
47 80
93 52
76 63
80 6
22 87
19 36
85 46
2 83
97 55
90 8
50 25
85 10
25 27
19 44
89 35
77 24
10 82
51 88
54 56
34 80
59 9
30 96
11 79
64 94
52 67
90 88
98 90
85 0
80 50
37 13
94 79
83 27
99 18
34 19
41 26
10 91
25 80
28 81
53 74
95 24
73 98
84 72
19 77
60 31
84 26
28 68
39 12
97 77
83 96
32 30
72 63
1 43
80 73
78 95
6 53
79 22
24 76
13 62
86 42
41 60
32 48
57 27
63 51
30 23
13 51
93 18
9 15
4 30
23 87
94 17
64 88
4 65
57 67
43 50
52 11
85 76
31 12
60 85
75 23
40 44
73 41
47 65
64 18
69 86
67 95
78 78
22 32
67 22
85 56
58 28
27 15
18 18
41 52
14 95
55 54
95 28
92 51
64 32
69 88
77 38
64 82
29 83
0 22
65 73
7 13
8 71
89 18
61 36
26 34
89 59
57 41
44 61
33 59
88 41
79 49
36 88
69 99
95 72
65 96
16 99
56 35
25 92
90 18
37 42
1 25
98 13
63 70
30 13
90 26
15 6
6 14
2 7
44 37
13 88
8 47
25 66
61 31
86 65
98 93
40 25
21 50
97 32
71 22
59 54
56 14
81 12
16 91
30 86
86 72
28 23
86 35
21 79
67 10
42 65
73 43
17 55
84 24
40 65
25 22
44 17
29 44
60 68
82 14
8 72
49 4
33 40
78 70
32 17
37 91
91 49
15 63
18 85
27 81
49 38
87 0
19 20
64 41
92 85
9 42
48 13
24 80
32 22
92 41
35 72
6 49
45 45
3 50
67 54
93 85
45 32
62 41
96 86
59 13
31 41
1 96
28 5
37 5
60 15
90 44
49 54
28 89
90 53
19 34
80 12
90 94
29 50
19 68
22 69
16 36
1 61
37 99
6 5
51 23
63 49
21 23
82 85
41 12
49 58
25 84
48 73
40 16
67 7
25 48
86 21
2 29
73 81
76 27
96 89
65 4
64 49
66 93
91 54
31 4
84 99
77 61
75 37
63 6
42 44
42 26
24 58
4 47
15 78
90 87
55 0
64 74
55 68
81 47
26 55
98 4
33 12
46 53
22 55
57 71
19 99
10 69
66 43
34 65
70 7
91 5
8 77
9 91
13 89
44 42
74 58
61 43
2 85
86 22
33 6
15 55
94 44
9 43
90 61
94 43
66 99
68 80
69 10
85 87
79 68
82 75
84 23
79 99
27 10
24 63
81 50
8 7
37 30
28 77
21 7
21 22
7 81
89 3
32 91
94 42
64 33
84 19
37 94
66 63
92 5
27 68
43 76
34 63
95 95
40 57
0 12
99 14
84 12
19 47
16 26
1 37
8 39
55 5
2 99
5 66
88 7
56 79
29 25
72 42
46 38
51 54
99 57
60 74
43 57
64 87
58 83
42 50
72 31
61 61
69 24
78 62
32 84
98 37
35 91
22 51
36 68
97 83
35 59
65 31
91 95
48 58
95 52
51 3
0 38
24 29
63 12
54 27
89 39
58 82
96 8
13 74
33 92
78 0
45 30
77 31
48 19
4 83
94 24
95 74
21 34
52 45
79 86
55 39
87 38
13 24
61 64
71 47
3 23
51 1
74 29
61 27
57 96
26 68
59 26
95 4
72 51
19 57
84 54
50 93
58 88
32 43
32 41
43 58
23 38
21 2
2 12
27 72
17 16
41 34
48 37
38 62
85 64
54 73
93 93
91 71
92 10
66 8
90 96
28 74
70 74
91 24
58 35
9 41
57 70
27 87
8 44
1 16
15 19
43 23
50 7
30 81
13 43
4 49
88 29
89 78
80 29
6 91
65 11
74 4
82 22
73 21
77 46
72 86
31 57
49 53
85 9
42 85
21 42
54 85
15 46
73 40
22 6
48 50
33 30
45 49
46 10
16 51
7 22
12 96
39 35
8 15
66 76
92 33
24 98
20 75
23 28
22 25
92 62
94 70
3 11
85 85
13 45
9 65
52 40
97 51
92 68
54 43
73 63
11 53
46 21
6 17
62 58
22 9
35 90
59 12
27 0
40 54
20 45
31 25
88 99
68 14
74 54
0 78
10 67
29 41
82 79
91 99
19 56
66 58
65 85
89 26
8 95
43 10
53 80
8 31
76 62
56 67
3 93
61 8
91 4
42 23
63 84
3 22
22 0
11 13
83 15
49 87
8 24
44 40
15 90
42 47
56 41
9 66
35 6
6 13
79 20
80 11
83 44
81 56
50 65
88 21
1 77
96 76
92 34
49 98
65 14
15 28
30 4
97 82
34 51
33 35
21 35
4 54
85 16
86 29
27 16
94 13
60 60
60 77
42 68
88 52
85 47
85 65
75 19
96 87
19 82
26 20
12 23
30 74
49 25
18 94
2 23
55 51
37 74
49 8
52 95
51 89
47 78
8 25
37 43
77 42
99 40
80 88
90 56
16 49
89 4
94 8
66 19
98 51
11 99
84 20
75 53
99 6
23 52
3 97
13 86
98 16
43 35
32 13
82 97
10 74
21 81
32 49
1 63
12 22
10 9
95 50
17 20
87 1
46 49
63 80
80 8
39 64
70 13
95 21
46 47
5 32
7 49
24 87
1 44
85 41
17 33
65 13
73 44
86 61
79 21
89 67
46 72
70 40
48 32
29 17
49 37
49 97
37 31
15 85
8 73
45 75
23 31
97 60
24 83
64 25
80 0
96 29
95 36
85 2
42 81
49 84
27 13
14 23
49 11
29 56
12 6
36 29
27 24
84 13
8 49
33 43
41 74
27 39
52 60
37 51
4 79
30 20
7 61
38 51
79 15
82 60
32 86
1 64
83 39
36 16
58 49
37 97
30 52
89 94
43 22
62 76
35 95
41 91
99 8
54 14
9 11
87 35
40 8
91 15
90 3
12 10
64 8
85 59
93 3
28 57
30 26
9 37
4 19
0 90
0 6
46 81
16 97
85 22
73 24
45 77
80 3
90 71
44 55
44 67
49 82
12 34
37 75
56 61
99 30
39 19
71 79
46 60
45 6
50 38
50 46
44 71
12 11
28 96
4 20
45 91
4 29
70 92
6 54
63 63
80 83
85 99
15 13
48 96
72 95
39 4
43 93
95 93
20 88
57 79
44 38
35 64
28 47
10 4
93 45
76 40
12 78
1 90
55 84
31 14
13 64
59 52
39 59
15 50
71 36
82 91
96 49
82 9
49 29
90 92
38 99
38 5
72 1
15 51
48 15
33 7
22 4
21 61
12 24
25 36
54 22
79 58
53 57
22 68
56 87
26 46
20 56
24 72
83 62
12 90
20 6
6 51
17 61
49 22
52 0
76 98
43 52
86 57
27 93
47 68
97 49
35 67
53 13
99 16
70 54
90 33
91 89
18 1
19 2
58 96
13 76
83 46
16 5
84 51
62 29
27 90
86 84
76 45
96 90
60 39
94 16
17 10
20 52
52 46
34 76
54 23
32 14
97 45
30 35
58 47
73 15
20 21
39 54
88 79
16 48
95 77
54 35
23 63
55 19
83 58
89 71
36 94
51 15
80 68
25 83
26 29
90 36
72 21
8 26
80 45
59 46
45 4
20 65
74 99
34 34
81 21
0 2
1 28
76 91
27 11
41 1
94 67
48 26
87 98
40 84
94 91
56 90
73 34
78 16
57 51
91 39
89 11
96 19
21 97
60 54
15 31
49 65
85 62
25 74
39 42
5 28
51 66
32 50
70 64
65 43
29 89
59 90
11 12
81 88
74 75
73 50
16 11
2 9
14 49
5 78
55 38
75 45
6 57
95 41
27 83
4 27
73 65
51 76
71 49
92 72
55 15
71 21
22 83
97 99
25 7
77 98
22 5
35 28
76 6
1 97
63 82
23 91
13 38
30 9
17 17
51 95
94 47
97 42
45 2
4 22
50 10
6 96
33 26
12 47
75 96
95 71
76 94
38 39
31 36
71 88
47 21
71 93
41 7
43 38
21 16
42 13
18 45
73 16
85 24
88 50
98 98
28 61
68 9
24 62
94 68
71 76
76 70
17 0
73 79
68 50
25 96
3 25
89 29
83 22
43 16
52 63
63 53
23 43
42 61
79 59
76 78
89 90
2 65
40 2
28 54
58 50
58 95
10 26
0 44
35 9
78 79
65 57
55 29
16 96
19 51
16 29
71 10
7 20
31 43
60 10
60 47
9 99
45 40
60 43
17 19
28 86
12 26
5 73
81 1
83 60
12 45
22 73
0 94
39 47
51 61
30 91
76 29
28 82
59 29
39 77
14 3
65 3
63 48
39 25
99 23
62 68
57 36
20 83
84 92
27 4
80 97
95 31
97 75
73 59
94 31
87 6
62 19
34 73
87 56
39 51
19 43
97 26
24 7
38 36
77 15
33 25
26 15
71 60
73 75
11 80
65 94
21 30
78 34
73 99
89 47
89 38
36 66
11 94
39 56
46 51
66 91
89 96
95 83
1 54
54 24
78 5
66 65
2 58
1 18
61 9
91 92
61 59
48 11
61 62
71 28
25 64
49 56
72 82
26 69
70 85
32 74
64 27
62 32
36 63
89 63
41 57
21 59
5 8
9 54
13 70
53 83
35 45
68 87
24 48
41 98
96 64
59 75
77 49
31 98
93 13
73 20
51 37
0 3
45 11
43 92
68 66
55 17
27 31
38 49
76 68
57 3
79 52
4 13
39 40
71 2
13 32
12 87
65 78
96 22
7 29
96 4
65 87
23 78
19 16
78 4
33 41
52 56
35 56
59 15
47 52
94 84
44 13
91 28
0 71
78 8
47 77
8 43
67 72
10 83
14 50
46 32
59 70
68 6
46 8
29 10
62 34
92 35
82 87
78 17
27 42
89 45
49 48
16 56
63 75
54 88
26 58
66 34
65 12
19 6
24 21
34 28
48 56
83 45
47 69
15 18
38 78
51 80
15 87
19 3
16 95
56 59
84 74
18 70
18 32
5 20
69 48
88 15
19 67
53 99
39 36
38 66
23 59
47 38
71 78
20 25
13 60
39 22
26 89
4 50
99 60
77 45
1 38
87 95
77 47
45 66
57 2
12 9
82 66
71 40
67 17
53 64
72 12
51 83
62 47
43 64
90 67
67 63
66 48
34 4
4 95
70 37
24 61
98 19
66 14
42 64
14 44
4 55
28 98
13 73
47 42
69 43
21 93
30 17
16 93
20 34
47 36
89 42
43 63
26 6
16 82
0 45
44 15
11 29
35 35
29 54
34 32
65 70
49 33
12 27
65 64
68 79
54 48
19 37
31 31
91 6
84 90
26 90
11 64
46 18
60 71
66 39
50 6
0 56
87 81
33 46
71 52
58 59
22 8
75 28
53 56
98 34
40 87
77 39
95 8
91 27
97 96
3 73
67 1
34 48
46 74
41 84
93 29
5 86
49 10
88 46
67 96
94 41
19 92
84 77
20 55
23 36
9 2
12 73
64 63
79 83
11 48
74 42
65 59
45 57
45 68
84 83
14 2
73 49
86 79
27 22
20 70
43 31
6 52
87 99
77 88
98 28
21 91
36 30
31 47
17 69
92 42
83 33
8 62
15 70
66 5
9 98
79 54
85 35
73 0
24 9
54 52
73 12
32 32
61 88
57 25
80 48
81 80
54 89
0 66
67 33
92 3
91 98
0 88
19 17
25 21
55 21
18 5
66 74
12 66
46 67
75 27
46 77
24 34
88 71
49 74
20 33
36 42
89 81
94 89
63 29
31 80
54 90
59 94
86 83
71 24
31 19
64 91
47 6
75 58
65 16
69 4
88 25
18 12
11 61
87 89
62 50
