100 3
9 70
93 56
72 39
39 46
1 89
37 32
69 58
47 58
13 22
79 83
19 16
92 37
23 75
77 48
66 84
52 7
79 49
58 97
21 4
26 87
93 65
14 79
47 20
26 23
90 52
58 94
12 40
5 77
34 47
87 53
38 93
20 32
6 31
65 45
78 94
53 76
27 74
40 27
86 27
44 38
81 82
93 50
39 73
62 80
98 82
34 95
57 30
83 60
75 48
40 96
74 29
11 97
94 33
4 62
88 30
54 4
51 32
50 54
10 59
96 92
65 42
43 57
51 29
26 75
25 16
79 51
42 90
80 33
24 24
87 0
55 66
49 25
8 17
32 42
78 95
34 13
50 33
68 50
70 48
40 23
26 47
49 74
52 0
14 62
53 38
84 44
11 65
69 86
78 15
74 68
72 57
10 29
92 55
2 25
40 53
32 41
47 18
64 6
66 53
82 27
74 94
62 9
4 21
22 14
68 21
10 32
77 7
72 66
49 67
35 93
8 1
37 98
45 70
21 33
27 36
17 50
51 6
3 36
87 43
8 8
89 12
21 9
66 57
97 16
67 35
44 1
7 63
47 29
25 64
59 3
94 9
37 72
75 86
59 35
44 34
22 28
10 18
78 10
55 82
76 51
98 12
64 49
16 69
69 11
58 61
75 21
60 37
35 99
48 30
38 83
74 33
24 26
46 89
13 9
30 3
77 10
92 80
84 40
7 10
89 66
5 93
85 54
82 57
94 44
14 50
29 64
59 46
86 17
32 8
76 77
46 26
69 15
73 30
79 50
1 83
6 93
36 55
71 17
40 52
17 81
50 67
96 66
34 2
39 23
18 46
16 73
37 40
18 44
53 40
89 93
11 21
35 76
18 83
80 66
84 76
52 84
30 91
44 10
59 58
94 68
82 69
77 88
49 33
58 62
3 24
79 99
1 71
19 48
57 3
88 7
57 96
22 5
18 64
46 42
62 16
87 65
88 2
36 45
4 83
53 88
55 36
16 78
25 80
77 78
13 41
67 80
85 76
49 11
11 26
49 46
27 42
65 55
61 93
84 58
73 29
7 33
33 53
67 8
43 37
33 18
50 46
67 54
63 82
91 1
96 39
51 10
70 36
52 98
4 27
58 68
33 3
55 7
61 26
95 87
90 1
5 53
75 57
76 65
21 74
64 32
80 52
19 46
32 47
6 17
95 73
92 72
55 56
85 82
50 19
23 83
57 49
41 23
67 71
13 2
13 60
92 59
30 40
60 38
26 92
7 17
78 45
41 34
81 49
67 74
10 87
50 68
86 89
49 23
32 67
70 54
57 6
33 90
96 40
15 56
22 15
15 11
40 85
77 86
62 1
39 37
56 73
9 82
39 41
86 54
17 80
43 92
91 25
11 25
85 15
90 43
3 26
62 76
25 71
98 42
37 80
99 71
56 46
67 2
29 8
71 50
17 46
74 14
37 83
92 25
68 19
70 95
2 23
65 34
68 31
51 7
67 75
27 80
53 23
24 20
10 20
45 52
57 66
55 22
27 72
59 57
21 40
13 98
72 62
87 63
56 21
35 54
11 49
5 51
38 73
83 77
5 70
1 95
12 60
98 52
96 50
31 49
93 67
70 80
65 70
63 83
4 81
86 24
69 4
86 26
47 77
31 53
45 96
82 70
70 19
57 70
65 82
52 15
66 58
56 33
14 86
32 10
83 50
5 91
52 48
71 62
17 51
10 52
18 51
40 24
21 86
5 28
71 37
94 96
1 8
33 19
79 42
24 38
55 11
68 58
7 47
3 9
99 72
81 97
95 27
42 48
94 75
49 49
64 86
57 1
1 75
58 41
86 59
1 53
42 72
7 38
14 36
18 82
28 66
9 69
66 0
76 52
61 61
14 69
21 63
37 84
29 67
67 73
83 27
60 74
79 78
24 31
80 67
70 55
60 62
57 93
88 89
77 74
48 82
64 31
87 94
90 89
54 86
72 41
55 44
17 67
50 35
16 93
97 93
14 68
16 76
88 98
12 15
82 49
71 54
44 51
88 76
43 13
93 90
58 79
93 52
6 94
38 49
78 48
70 23
49 64
74 93
14 91
44 35
87 70
64 42
70 1
98 56
80 24
74 98
52 18
37 95
94 5
4 59
53 59
47 0
16 8
32 7
76 43
60 13
31 91
80 73
83 78
35 79
89 99
18 94
57 25
2 33
95 70
6 9
56 61
8 80
50 6
58 78
49 7
38 45
70 3
59 60
89 49
32 31
85 48
2 65
66 74
21 27
61 44
52 17
80 61
23 65
53 66
82 17
57 23
43 42
53 53
43 88
20 20
52 8
81 72
99 82
23 69
74 30
56 69
51 2
35 43
49 6
8 6
90 32
17 0
40 43
92 46
75 30
84 99
93 79
22 80
23 88
36 25
45 8
7 55
91 46
79 72
62 88
3 69
47 97
77 33
48 86
87 98
9 4
18 0
40 64
59 26
3 21
13 50
66 30
10 30
42 34
18 56
36 70
53 9
76 57
7 98
21 39
12 34
70 47
31 98
56 89
35 68
51 60
90 75
12 74
12 64
40 1
60 45
71 63
58 16
74 40
52 82
40 69
8 72
44 63
58 77
63 65
37 64
15 41
74 34
2 44
17 37
40 35
67 77
23 72
46 61
23 0
80 98
6 53
0 0
80 54
32 13
25 10
31 56
61 69
67 9
72 20
7 19
49 30
29 46
71 11
92 77
40 78
58 12
26 99
34 78
0 37
69 80
63 67
89 37
45 17
26 78
34 99
22 62
52 70
61 46
84 51
42 58
49 90
72 34
91 32
61 74
95 99
24 45
48 95
55 75
36 80
89 38
84 13
17 61
55 73
46 2
28 30
95 98
65 48
1 21
0 85
12 79
21 92
80 29
88 77
10 4
57 28
9 20
45 77
46 16
76 69
26 14
62 70
16 80
46 94
98 81
51 45
70 50
81 50
8 28
13 67
90 31
79 80
62 66
51 58
88 4
19 11
93 11
91 39
66 55
81 96
23 13
69 71
93 42
83 1
74 67
17 39
37 41
94 76
96 24
50 36
24 47
93 29
13 56
60 11
11 27
88 18
75 89
47 89
92 17
8 68
76 59
95 77
47 51
10 55
15 51
16 9
97 89
64 68
80 53
40 55
26 65
3 49
58 54
79 86
84 86
29 1
39 59
13 35
73 3
1 29
3 35
39 64
67 23
56 42
19 59
21 95
55 14
27 61
89 29
90 42
88 45
91 47
37 73
1 77
90 91
40 68
57 31
69 99
15 49
81 99
6 34
39 87
44 54
27 30
12 18
92 16
36 53
49 40
11 95
4 15
66 86
9 45
87 20
62 81
47 38
70 63
37 69
78 71
23 78
53 71
33 9
85 75
39 48
99 80
25 50
92 7
99 12
10 98
4 4
76 32
62 71
73 17
13 86
40 98
58 86
94 89
28 42
7 4
34 82
97 74
85 55
69 82
60 76
26 76
51 50
8 44
3 18
77 41
30 87
74 0
93 7
59 28
52 65
47 95
41 56
58 81
24 37
33 79
81 74
66 31
77 47
17 53
65 0
9 71
52 12
10 6
59 95
98 34
79 76
19 68
97 29
76 99
80 74
76 20
68 13
93 36
93 87
26 8
13 26
86 40
88 54
41 99
51 46
62 68
93 85
60 1
73 37
7 14
87 58
58 99
42 73
75 72
20 18
97 23
95 7
13 74
20 81
73 58
35 52
62 62
46 93
2 80
12 13
87 64
55 26
14 66
44 28
95 54
62 69
12 87
99 5
6 0
38 92
5 37
32 35
36 75
94 71
88 36
34 81
96 75
47 43
67 94
8 53
13 16
21 88
59 80
37 58
18 50
33 66
11 33
80 75
69 1
12 72
56 35
99 74
93 55
25 25
96 38
61 39
73 25
66 80
48 89
86 34
56 20
76 15
0 82
23 90
95 10
93 49
26 39
42 8
22 48
20 2
15 29
14 82
64 34
25 4
84 9
79 69
20 53
15 37
11 61
3 58
63 22
52 46
33 32
0 93
69 87
94 10
71 9
85 38
31 38
74 28
29 21
29 92
0 10
16 96
29 2
3 74
75 14
59 55
7 93
96 1
4 54
40 8
70 8
39 11
27 9
59 8
11 54
95 41
65 2
77 73
7 79
59 24
80 28
48 18
49 29
58 15
4 87
78 29
3 20
25 68
60 91
23 49
83 29
1 27
40 46
70 62
85 19
92 97
65 88
29 90
68 97
68 33
61 76
81 87
14 40
53 77
34 41
0 73
7 31
25 79
32 39
73 72
58 39
67 44
62 20
33 44
8 35
68 24
75 8
8 29
66 54
38 28
25 1
87 66
80 47
71 3
32 22
40 12
7 3
4 71
45 14
41 53
20 78
75 87
59 29
19 47
41 72
46 8
19 36
31 92
29 69
20 21
62 15
87 19
92 68
36 72
73 12
23 41
97 94
63 55
45 59
93 45
55 68
22 38
63 11
31 13
50 32
96 58
39 89
80 83
29 97
72 15
23 67
37 44
11 12
23 9
21 24
52 75
21 53
11 74
76 13
41 10
69 77
19 95
84 73
36 13
4 45
97 84
26 88
58 64
38 61
83 42
13 63
16 81
16 42
49 59
14 45
15 69
22 63
85 59
23 81
30 63
46 55
99 95
93 20
82 2
29 10
81 53
27 89
87 27
28 45
23 1
75 94
86 33
46 46
83 25
4 95
97 75
16 24
85 23
90 21
90 53
89 6
92 14
16 36
0 97
77 68
6 59
70 4
41 98
51 67
34 54
59 89
0 35
77 87
13 49
41 42
41 49
25 43
84 49
9 14
75 62
28 4
54 79
38 11
96 33
27 11
54 69
32 55
42 44
69 28
9 22
74 48
15 87
47 2
12 21
38 94
38 3
83 80
13 99
66 68
21 12
52 96
9 85
49 96
93 58
79 94
3 22
38 71
82 29
79 88
36 68
47 83
33 36
1 97
78 24
82 36
79 46
36 32
55 42
82 78
72 96
74 1
7 58
58 70
69 67
89 91
77 90
19 62
86 66
82 37
18 92
3 0
69 53
75 27
27 54
46 92
44 15
45 62
73 95
54 49
19 78
97 37
72 38
29 71
96 98
38 46
70 86
94 45
15 20
10 45
85 66
60 27
30 98
39 79
50 92
98 65
59 50
65 39
89 23
6 13
31 78
97 66
54 7
72 73
83 92
60 92
65 8
53 69
77 25
30 18
77 82
52 2
91 74
30 14
52 88
57 52
25 19
97 78
5 8
86 79
72 42
74 45
32 26
43 52
59 99
14 41
95 45
56 93
48 98
58 8
82 92
69 55
32 43
36 27
27 33
41 50
98 54
14 92
68 87
1 56
56 67
87 81
86 23
95 93
36 99
78 72
44 88
36 51
70 81
40 22
85 71
0 42
90 35
13 47
94 58
57 39
90 81
72 60
62 33
29 36
83 24
22 70
56 1
51 73
32 76
92 76
76 37
10 94
67 70
88 86
16 51
91 79
61 87
8 26
83 75
25 84
80 72
12 49
39 40
27 2
2 50
72 9
18 76
33 0
22 74
1 88
47 82
74 64
83 69
66 65
61 81
96 11
64 21
11 87
18 78
8 73
74 62
35 78
89 74
97 99
97 32
4 19
52 6
51 37
90 54
22 11
1 80
34 91
6 55
60 54
36 12
89 80
54 11
5 76
82 91
64 82
69 21
9 75
85 91
44 79
33 13
72 25
93 80
8 52
7 8
25 44
77 18
73 49
69 92
99 59
54 57
91 98
45 6
56 23
51 34
55 71
83 93
81 35
95 26
59 71
70 53
53 96
6 21
60 17
44 41
38 75
64 73
94 90
65 99
88 16
60 70
45 78
48 79
17 14
82 30
61 92
91 22
19 77
41 1
80 39
64 12
97 72
0 8
54 96
72 28
16 13
71 81
45 16
37 49
51 31
50 9
41 0
47 70
3 55
68 12
90 69
90 2
58 91
24 63
81 8
85 22
9 49
18 57
79 2
77 64
26 50
33 2
50 49
84 15
79 63
0 2
44 25
58 29
47 85
74 49
96 79
55 67
73 84
31 6
24 80
77 38
57 20
65 46
91 70
37 18
41 48
81 57
5 33
83 26
65 50
41 87
71 6
86 71
95 71
50 20
78 13
18 89
2 7
54 5
35 28
80 34
92 41
36 40
58 25
59 75
8 19
81 1
32 84
20 97
44 53
85 0
34 60
96 88
2 56
57 41
79 21
87 77
10 67
1 70
9 11
82 79
64 27
23 76
19 21
2 97
55 49
72 44
60 60
41 68
91 65
45 27
40 17
6 86
33 78
85 34
86 75
76 74
79 3
8 7
25 94
18 16
48 42
4 98
77 17
60 86
67 99
43 26
63 91
53 87
15 77
53 86
2 41
57 43
67 59
39 33
30 93
39 53
0 49
29 24
97 59
85 24
78 36
27 47
67 22
0 62
33 96
35 8
21 36
80 19
63 74
22 1
73 1
94 22
15 74
95 94
51 96
45 26
76 91
66 10
36 1
20 27
81 98
93 95
27 67
92 38
50 28
63 20
47 52
28 46
34 17
58 27
27 77
45 34
20 33
67 31
48 78
41 59
44 46
13 5
87 45
92 13
18 20
96 62
51 11
45 51
88 92
61 55
49 69
94 1
81 45
88 53
10 70
39 17
29 91
61 30
93 8
13 68
58 60
18 84
2 5
80 89
10 5
99 15
20 96
38 86
74 52
50 85
74 56
81 38
24 25
22 44
35 89
59 65
4 38
28 67
28 74
2 78
52 47
16 86
50 94
64 69
62 17
12 76
53 29
94 19
95 12
60 63
4 58
45 87
53 90
2 35
16 29
95 50
2 62
86 78
18 13
82 75
1 11
67 79
64 60
75 80
21 70
86 6
7 46
45 97
10 16
9 72
47 76
12 73
60 98
33 11
3 6
32 66
19 50
81 31
85 36
32 92
28 0
50 38
52 62
83 40
28 93
70 67
99 49
17 10
69 83
75 34
1 26
14 7
25 29
64 93
3 46
96 10
81 14
49 41
44 50
97 48
4 41
39 85
88 59
2 37
49 79
91 88
78 78
79 33
18 18
42 39
15 5
12 37
73 56
93 43
9 37
34 64
12 38
99 48
39 61
63 95
91 77
22 69
16 79
81 15
92 58
57 48
89 72
22 75
5 16
41 80
58 33
40 56
12 31
25 5
87 82
79 91
95 92
32 90
76 83
1 42
54 74
45 39
44 32
89 45
20 47
6 79
76 17
19 94
88 75
7 74
56 85
97 58
26 37
61 45
3 12
75 81
71 40
83 3
39 14
55 61
88 81
82 53
87 60
62 46
90 65
1 38
33 51
84 63
19 10
87 23
63 29
54 10
92 28
75 35
57 98
89 79
86 53
18 29
0 38
67 17
96 23
15 76
76 27
81 6
17 88
72 46
41 73
0 54
23 3
27 55
89 41
57 71
63 78
95 8
4 7
13 30
79 16
0 24
4 40
71 68
33 57
81 59
79 10
81 84
73 80
50 83
42 78
24 73
84 66
87 30
9 68
42 13
65 62
83 84
51 47
37 94
85 50
84 6
72 5
34 74
6 54
58 57
45 7
11 52
73 98
79 95
61 86
51 40
67 21
96 84
87 71
32 79
23 47
48 50
18 32
90 92
73 21
65 79
63 72
42 9
90 40
79 19
99 58
22 33
35 51
19 14
14 63
69 73
86 82
84 88
95 0
3 51
47 31
68 25
32 20
12 27
71 12
70 72
77 89
2 40
90 8
26 34
2 45
74 38
22 21
10 57
33 8
76 58
68 49
85 27
91 54
59 41
3 97
79 31
70 45
7 44
13 85
59 32
46 11
92 71
44 23
8 34
17 57
73 44
44 37
58 11
88 90
98 16
37 1
97 26
24 23
24 71
47 73
99 91
64 28
94 38
79 4
89 78
99 77
31 51
65 35
22 88
80 77
93 47
55 10
8 99
24 10
70 27
39 91
86 52
13 87
3 17
82 82
12 39
18 68
21 14
58 53
65 32
0 21
82 54
21 28
95 46
31 37
54 95
30 90
24 79
53 68
98 26
89 8
92 81
61 83
92 96
74 86
92 62
20 10
47 79
82 51
77 27
78 67
27 35
30 84
81 55
43 76
17 35
42 60
31 5
41 9
7 6
97 82
19 84
32 38
37 70
87 61
93 44
46 99
80 22
62 85
4 32
78 34
44 56
46 9
1 1
97 79
14 61
78 37
0 88
48 13
95 86
72 84
23 43
26 12
70 10
83 64
73 18
31 50
89 34
72 63
77 15
55 79
15 55
18 88
90 14
17 48
20 39
14 49
49 97
26 27
63 39
44 16
7 89
91 56
39 74
67 49
27 3
77 19
20 43
54 65
30 4
16 43
10 8
67 95
92 63
36 5
93 83
63 88
27 86
15 75
34 88
99 96
68 78
35 59
54 46
11 69
98 93
22 42
12 45
91 78
71 76
64 84
48 93
47 56
45 20
85 92
44 68
58 38
93 46
10 65
20 72
61 89
31 19
81 76
46 70
65 9
76 38
12 20
41 21
50 23
44 36
73 62
77 5
79 62
88 52
25 34
29 72
91 9
88 21
8 15
60 40
14 56
18 6
8 61
46 85
55 21
7 59
90 10
93 53
53 49
0 99
73 87
25 30
48 84
18 58
42 1
50 88
28 51
50 81
92 1
63 4
94 54
64 72
73 68
52 33
4 17
24 15
87 55
0 57
42 17
95 85
7 54
61 22
32 83
95 20
1 64
11 37
41 91
83 2
78 84
17 19
60 30
26 57
97 30
92 64
52 24
15 91
68 28
18 85
7 72
33 16
58 56
59 77
64 89
76 72
87 89
34 24
61 59
19 3
85 40
26 11
49 0
47 27
41 79
6 56
44 45
87 67
45 95
66 27
33 39
99 53
99 16
44 64
36 14
54 84
28 26
43 20
13 75
99 55
49 28
65 38
49 17
19 58
91 53
70 58
56 51
92 61
38 21
57 79
39 72
19 73
12 92
78 31
42 79
33 83
96 55
55 48
6 90
78 90
86 1
18 21
78 59
22 20
55 43
71 96
80 46
73 23
74 12
22 0
23 95
16 92
60 58
53 3
12 23
31 68
9 15
43 80
57 81
72 27
99 18
65 49
35 40
71 77
33 22
1 49
69 88
73 2
64 64
93 25
91 13
37 82
76 24
81 56
66 78
63 2
91 8
30 67
93 51
56 82
74 35
6 16
23 92
11 62
42 91
14 94
56 72
90 27
78 30
99 29
61 50
19 96
13 59
57 2
11 89
88 61
49 55
24 34
74 72
40 40
15 7
93 64
8 48
87 18
27 27
27 87
4 22
93 69
98 39
66 37
82 95
11 55
22 67
98 66
22 43
55 60
32 87
20 7
44 73
97 3
70 56
71 56
6 84
54 30
84 30
5 41
83 46
25 35
68 63
39 12
84 93
14 25
18 39
63 75
66 41
45 49
92 42
72 82
93 76
56 39
28 2
78 44
55 55
20 82
36 11
29 79
12 86
24 76
46 97
49 13
82 93
94 47
13 18
19 55
19 8
20 13
5 46
37 10
43 24
52 5
58 84
26 52
57 72
11 98
3 62
59 63
87 3
1 25
71 79
16 33
31 8
54 18
72 48
17 58
2 18
62 78
55 81
49 83
8 41
24 19
88 43
84 64
57 83
71 19
74 10
62 98
43 49
29 89
77 50
45 86
37 86
27 41
38 74
85 2
47 47
78 89
18 53
5 96
34 76
52 89
38 48
98 68
1 36
39 50
47 98
29 31
54 22
21 17
46 58
60 19
88 67
80 16
23 44
70 77
58 43
47 37
67 52
43 69
25 20
81 68
50 44
70 46
88 14
28 95
0 9
89 82
63 97
43 94
89 56
55 45
8 66
48 90
14 97
91 91
8 11
28 12
75 79
57 16
48 37
89 11
94 37
17 6
70 99
71 72
14 23
42 66
36 57
71 75
24 13
9 47
58 95
35 25
48 96
87 72
24 27
42 57
96 30
28 63
89 43
82 87
75 83
1 23
39 51
98 84
44 76
7 20
30 64
38 84
64 91
57 33
76 60
98 32
86 8
45 46
92 19
56 29
90 29
23 53
63 25
21 68
63 96
74 80
56 54
56 76
76 85
59 72
75 38
15 86
81 41
0 26
6 42
60 90
84 65
17 91
59 22
3 37
46 3
30 16
88 26
86 2
98 41
42 52
75 61
40 54
27 26
73 60
3 1
71 21
48 63
58 58
34 87
56 47
21 46
37 45
43 81
75 36
19 97
7 16
70 59
64 96
13 7
54 99
25 69
43 55
43 79
58 0
84 61
51 9
5 56
9 16
45 25
40 21
49 94
30 15
44 94
57 17
92 30
80 96
78 20
62 18
32 59
14 8
17 74
34 37
72 64
89 71
90 84
86 74
32 18
34 15
22 58
75 39
75 3
31 25
52 86
52 21
97 25
20 71
66 35
65 26
13 46
42 61
76 61
63 79
86 77
37 25
1 93
7 80
0 36
80 13
80 93
58 21
74 81
91 64
97 85
78 12
35 1
96 15
45 22
13 97
87 91
68 92
70 60
96 19
56 38
22 57
14 9
77 93
15 27
26 36
75 78
48 67
24 1
43 40
39 6
65 91
84 70
62 67
32 11
6 15
23 71
18 98
81 43
64 83
69 27
61 11
0 71
10 75
5 61
98 96
28 43
25 59
44 40
40 86
60 18
64 71
4 37
50 64
3 93
98 24
73 38
53 75
0 11
33 33
32 37
53 73
11 41
84 46
48 47
58 37
46 96
37 62
75 76
3 5
74 20
14 32
25 70
94 14
10 25
68 41
3 45
93 91
61 79
51 52
78 19
74 97
77 96
8 83
60 3
68 56
92 73
36 50
67 7
59 1
35 13
19 98
75 6
95 84
55 64
19 81
54 35
9 32
75 92
76 4
71 90
6 22
99 83
36 15
10 48
50 98
52 10
75 74
90 67
96 26
58 10
92 60
50 37
93 94
1 17
59 56
69 56
51 3
63 66
84 97
55 13
90 66
22 82
55 41
10 61
2 14
67 93
93 27
90 95
46 68
91 29
20 26
3 60
67 87
58 17
92 39
28 35
63 37
20 11
45 31
61 56
44 98
5 99
80 80
21 10
24 88
8 97
63 54
47 28
53 1
19 49
14 42
1 46
68 85
84 79
63 90
40 30
81 63
37 57
70 64
79 67
67 48
9 42
61 58
10 17
40 50
23 30
42 12
90 6
98 21
61 23
73 89
66 79
24 82
81 11
70 38
70 76
76 10
66 91
34 7
92 9
76 50
3 56
91 62
78 35
95 97
15 66
42 0
67 18
29 13
61 37
88 15
55 47
25 41
43 5
13 13
11 31
46 12
6 19
36 19
99 7
65 83
23 96
45 84
52 9
39 54
78 87
23 84
63 49
57 95
40 39
47 50
27 12
41 62
73 99
19 13
9 62
36 26
2 22
48 25
2 68
36 94
16 90
61 25
10 35
52 38
62 60
21 55
98 36
13 8
4 84
88 83
52 99
20 41
49 48
66 90
43 12
47 67
17 29
32 97
35 65
86 85
64 26
49 20
34 98
16 35
99 90
75 45
57 86
46 81
22 79
90 34
22 71
64 59
6 71
31 23
9 65
89 20
43 31
58 51
99 36
60 83
79 64
49 88
83 76
56 74
63 59
34 22
71 49
2 43
50 5
38 98
89 25
16 91
4 18
98 92
73 88
38 0
95 24
24 75
47 40
8 85
99 87
88 88
74 66
64 22
78 7
32 46
90 11
94 64
63 76
84 14
57 29
11 46
21 72
39 2
15 54
63 87
0 4
62 84
20 84
88 80
60 93
45 98
92 27
29 60
94 61
36 95
81 64
30 49
30 27
4 25
69 8
2 79
95 58
64 1
42 42
83 45
64 8
81 30
90 5
9 17
90 12
82 34
31 76
43 78
76 96
30 48
61 75
15 24
87 38
42 4
19 6
54 50
86 19
38 47
42 85
8 36
8 20
2 72
68 38
68 52
65 64
63 44
42 77
62 2
51 90
21 30
84 82
8 90
97 73
94 93
8 88
62 51
26 94
18 87
20 14
94 84
45 90
49 84
74 7
87 35
56 75
27 22
0 44
2 70
69 0
26 0
33 88
63 69
83 79
29 65
62 92
98 62
54 32
42 88
89 87
6 46
5 80
84 77
58 89
69 31
16 1
6 11
89 53
74 96
35 4
29 66
20 95
49 81
51 87
86 39
63 50
35 41
95 32
7 90
24 53
3 32
63 60
22 6
4 16
57 76
62 13
8 42
17 75
86 38
40 2
97 81
52 29
18 7
61 99
99 67
11 28
31 46
97 47
14 28
28 83
91 11
5 17
66 36
27 79
79 48
72 70
97 67
30 20
38 80
43 39
26 97
32 96
88 60
53 8
22 95
94 51
93 98
48 66
92 35
93 66
42 21
78 4
63 27
17 11
3 99
41 75
14 88
17 95
88 0
39 7
35 97
13 24
30 2
40 31
44 82
41 31
21 85
78 38
12 42
12 47
53 16
26 79
25 46
89 61
9 38
44 58
0 76
99 25
85 88
23 59
5 30
46 75
59 0
66 7
72 37
51 72
69 63
92 24
85 95
85 35
98 59
34 51
71 29
36 8
77 12
27 93
45 24
21 89
79 24
36 92
93 16
4 64
76 93
73 94
38 24
79 7
41 13
67 24
98 46
95 51
28 53
24 58
82 46
84 59
40 10
23 56
86 70
11 45
57 67
46 6
84 68
61 67
69 68
63 36
65 47
53 54
92 87
88 99
55 57
71 69
64 29
65 13
75 12
75 77
40 95
84 18
70 29
89 15
40 63
43 17
75 71
6 28
57 26
80 63
2 54
31 48
57 40
52 69
55 5
84 39
82 80
84 29
79 34
66 75
22 50
23 57
23 37
10 74
5 55
25 24
62 25
83 4
19 38
39 62
64 15
56 98
74 8
52 78
60 10
52 32
13 64
31 64
22 73
47 5
71 89
39 83
63 85
46 65
32 44
55 24
67 0
49 82
27 51
49 50
34 57
65 97
59 19
25 26
34 34
95 35
84 5
41 36
60 44
84 69
55 83
63 32
6 33
68 80
91 66
86 63
98 35
12 62
60 36
22 87
74 88
22 10
84 37
38 41
69 19
30 19
17 26
97 38
95 49
34 46
20 83
0 80
90 64
46 59
99 28
65 86
26 4
52 68
32 21
46 17
27 5
47 24
26 62
31 44
42 27
18 35
14 18
18 2
19 29
54 41
99 64
61 98
38 68
90 19
13 36
2 89
62 39
42 62
76 11
60 81
73 70
72 11
6 96
59 73
48 53
67 40
98 58
64 58
15 92
79 35
60 75
78 47
33 12
80 20
68 48
14 51
20 16
19 26
71 23
11 1
17 70
26 82
26 61
58 88
80 43
81 93
7 7
81 21
81 65
50 71
15 73
10 92
8 16
85 87
28 87
75 54
32 52
27 0
80 14
90 93
1 92
25 82
58 82
92 98
3 44
24 3
27 59
86 88
71 32
20 45
96 91
0 52
22 54
37 96
18 4
58 50
6 78
69 96
21 67
9 34
99 84
64 55
85 78
19 66
32 58
55 88
70 85
71 52
28 8
74 58
15 10
65 95
3 95
49 42
25 77
99 54
29 52
43 28
93 14
39 5
88 47
74 44
38 32
85 79
44 44
45 99
38 7
53 47
20 22
81 46
34 89
95 37
30 7
87 41
73 64
87 17
74 77
54 40
36 93
58 22
75 23
57 97
30 30
24 54
9 56
43 10
59 16
40 15
51 94
21 62
86 83
16 65
39 28
74 83
48 33
79 20
77 8
50 39
92 45
63 58
91 21
83 67
48 72
55 90
44 99
22 12
33 95
90 62
7 34
14 43
78 73
35 14
38 35
83 53
19 79
7 70
14 22
98 91
79 52
49 3
62 34
3 75
4 80
25 93
78 22
76 47
50 3
33 50
52 20
29 11
28 98
82 84
38 52
59 7
26 68
46 1
38 87
41 97
86 49
54 52
41 37
9 54
55 3
15 15
71 53
60 89
43 66
12 25
20 87
41 76
43 77
85 70
29 76
51 93
60 50
65 92
27 19
79 38
35 20
92 8
42 76
95 81
86 37
52 39
99 34
82 5
99 57
35 71
16 40
74 16
40 13
75 28
73 40
31 84
51 66
99 68
48 48
94 65
1 66
9 13
72 65
88 11
95 79
46 32
99 94
37 85
40 4
66 3
16 68
30 62
2 27
60 34
7 67
69 89
39 68
77 51
18 26
70 52
99 99
68 93
98 76
52 3
62 28
21 37
31 77
1 98
20 28
36 96
58 87
99 70
72 16
46 0
82 25
90 56
48 1
18 80
42 25
64 18
27 92
69 26
81 29
90 74
36 76
3 27
55 77
17 71
27 49
77 28
57 68
31 14
68 35
76 9
25 58
26 28
23 99
90 73
39 84
44 11
78 49
11 58
93 17
52 44
69 6
61 42
89 60
90 49
19 1
89 69
20 99
75 58
83 68
2 13
75 51
30 66
53 56
47 72
41 82
11 66
65 69
11 91
11 67
45 36
47 74
71 30
13 43
94 69
5 4
98 61
59 17
27 24
49 71
80 49
67 3
82 76
74 41
60 85
56 10
25 0
56 88
55 70
40 0
18 99
51 25
31 36
53 31
29 0
97 97
56 0
90 15
10 97
97 68
39 20
38 60
16 67
86 86
5 35
62 77
93 92
98 86
61 28
45 37
33 52
82 66
5 86
20 90
98 79
79 23
88 95
18 52
95 59
9 5
99 44
45 82
54 76
1 37
5 49
28 55
44 65
3 23
42 74
88 56
11 72
21 87
86 98
73 78
96 20
55 6
18 66
3 71
99 38
28 56
76 90
97 14
43 6
42 36
91 24
38 57
20 92
40 71
93 89
10 49
98 11
2 60
86 92
94 26
79 56
63 14
30 37
29 50
54 64
13 69
66 92
99 78
99 37
64 46
28 13
60 42
54 19
45 64
86 67
27 94
38 95
67 69
0 1
19 19
30 79
48 39
94 86
89 1
66 76
81 61
16 37
36 37
5 60
80 40
10 15
17 18
54 2
68 23
63 56
47 60
35 60
63 51
91 35
69 70
28 14
54 51
31 82
60 9
33 65
77 56
67 91
90 94
81 73
96 87
83 11
85 69
25 42
25 74
84 78
30 38
70 39
99 60
40 29
51 55
27 68
17 40
45 48
88 96
3 19
35 0
98 7
30 68
62 50
16 54
69 24
42 38
60 24
51 85
31 7
96 57
13 48
89 90
92 18
44 3
18 73
16 52
9 86
66 2
96 86
62 37
41 39
74 89
36 4
24 35
51 70
35 64
49 38
72 14
21 71
90 82
94 28
22 61
11 76
46 76
38 55
8 65
90 38
45 0
14 34
25 32
56 63
73 22
27 48
72 17
87 36
72 56
28 17
30 17
98 72
64 95
77 55
16 53
73 59
30 52
82 6
72 89
76 49
78 66
30 59
73 13
20 4
54 1
60 56
21 84
12 75
53 64
44 13
1 2
97 88
48 59
69 95
21 64
70 22
58 48
86 15
32 34
61 88
26 6
78 81
46 29
14 53
34 19
4 77
14 75
2 87
48 87
59 38
16 41
2 16
21 44
12 67
36 58
16 72
7 65
8 70
51 84
27 96
60 0
58 1
81 91
24 16
63 8
60 80
88 6
14 80
17 96
67 4
58 49
30 78
61 68
42 15
79 8
90 97
0 89
58 23
10 41
39 0
21 29
14 39
98 10
85 45
49 56
60 39
49 39
28 19
4 89
94 24
94 20
34 27
37 52
66 20
85 63
48 15
66 60
55 28
46 28
91 3
32 68
88 28
67 86
85 80
69 48
4 92
23 89
94 35
89 44
59 52
61 95
19 67
41 47
99 13
98 69
48 5
92 23
3 43
51 79
9 10
68 30
9 28
94 36
83 85
40 89
43 60
26 32
77 76
91 7
54 91
43 43
40 34
12 68
47 68
99 42
51 4
19 57
9 12
28 72
7 56
32 88
95 14
0 20
41 12
23 33
68 94
35 67
22 47
16 95
2 15
46 39
6 51
38 51
21 20
43 71
56 22
45 54
74 70
3 78
94 21
39 75
86 48
37 33
85 3
13 25
10 7
81 27
14 10
96 36
7 2
32 29
9 18
71 57
56 45
85 37
45 60
50 75
55 63
17 66
38 22
5 3
70 61
3 77
36 85
21 41
65 22
2 20
3 94
52 53
77 40
98 2
57 45
59 67
52 26
69 93
54 55
78 99
73 63
69 39
92 67
36 39
7 1
5 24
20 86
15 50
20 93
2 9
61 2
7 69
89 30
91 27
52 92
0 41
94 57
22 24
43 56
27 88
70 89
39 10
16 31
46 77
81 20
24 40
60 87
59 91
47 92
52 81
61 4
16 82
55 46
17 89
26 25
63 52
6 72
82 50
28 7
72 68
76 48
53 11
95 47
12 59
4 6
50 18
39 15
64 33
11 47
4 86
5 23
12 2
36 83
97 55
98 47
95 90
85 60
27 1
65 33
3 59
99 3
17 32
27 78
83 66
31 96
49 32
59 13
38 17
73 42
30 77
41 19
76 80
76 16
41 71
60 20
49 54
92 83
84 72
5 9
84 94
88 42
7 57
19 43
20 58
45 88
9 36
59 31
52 87
25 90
5 27
69 25
2 2
71 88
59 69
64 61
7 83
11 30
6 73
53 37
90 51
64 11
49 51
0 12
43 9
38 37
86 80
58 20
53 42
67 57
61 32
0 70
17 12
82 72
16 75
91 75
78 61
46 50
75 91
0 96
91 85
59 66
32 23
40 84
49 53
27 76
28 29
2 48
11 32
57 85
22 49
77 13
55 17
53 92
4 68
13 4
37 37
59 83
14 64
3 57
47 13
84 7
87 85
45 89
33 49
67 14
0 98
82 43
31 54
67 90
42 22
91 81
55 99
67 13
83 56
0 3
92 4
59 90
81 70
8 94
68 84
15 90
68 70
71 33
33 74
38 36
1 13
65 72
32 4
88 40
67 28
61 47
6 27
25 56
72 36
9 63
0 39
62 87
56 18
62 56
7 41
9 31
56 87
66 42
35 82
23 18
1 15
88 37
15 94
56 37
58 31
23 42
9 35
88 49
44 0
60 51
10 33
48 41
83 71
10 66
2 76
14 89
35 35
77 66
32 16
90 70
69 85
81 28
0 5
12 91
89 97
29 75
41 35
7 87
0 92
15 93
77 31
28 99
67 38
75 11
59 54
7 15
5 0
13 42
26 95
81 90
97 18
10 50
15 39
19 12
1 7
80 57
55 65
50 26
16 14
71 83
44 71
51 48
0 74
92 29
31 0
76 42
14 14
60 15
98 33
78 42
53 52
70 20
69 34
50 8
96 25
78 60
21 25
71 44
47 88
42 96
36 47
85 98
72 95
79 59
25 61
36 87
21 6
73 54
86 65
19 41
26 48
33 27
1 44
54 34
76 84
68 5
22 4
42 68
92 86
29 99
52 41
39 34
51 59
26 80
32 1
97 69
50 27
96 29
47 75
30 57
82 94
87 28
41 32
53 13
56 8
26 59
49 85
73 55
68 54
4 70
37 11
42 49
70 68
16 4
7 30
12 43
11 79
49 86
45 35
12 11
81 69
48 38
30 96
58 5
5 94
77 80
79 77
70 9
99 4
44 62
90 71
19 9
62 31
58 26
37 51
54 39
0 50
63 31
21 47
34 62
59 44
2 51
45 56
85 39
29 63
48 7
71 65
72 69
97 2
94 42
89 76
71 7
48 68
89 47
49 10
64 53
36 35
56 81
83 28
39 80
73 76
64 52
78 9
84 62
11 10
84 2
39 1
19 23
30 42
17 42
10 11
76 3
75 75
61 18
38 39
90 60
7 0
37 54
32 30
1 61
43 53
13 91
19 25
9 0
89 64
70 93
10 42
21 5
9 24
3 3
12 7
88 29
18 77
44 60
96 22
32 14
70 87
66 85
23 68
25 55
15 40
53 80
2 85
9 23
79 17
59 18
6 57
41 89
86 32
73 47
59 87
96 46
37 39
91 19
46 34
46 18
93 22
93 86
11 75
23 74
48 91
47 35
76 6
99 14
89 46
5 72
64 48
99 56
42 50
4 56
81 86
12 12
11 9
97 90
5 73
79 68
2 92
4 53
66 81
83 82
90 30
1 72
47 11
29 16
3 67
59 40
16 56
14 19
41 86
44 21
71 0
54 53
49 68
42 24
57 12
19 74
78 54
26 54
94 97
92 15
30 61
16 58
67 92
48 22
5 20
40 83
95 69
47 99
20 75
57 82
8 13
10 28
52 25
68 15
52 19
15 48
55 78
41 46
57 65
0 33
7 43
56 79
54 20
83 23
49 57
3 76
35 16
6 74
63 42
11 96
59 42
33 14
57 73
4 72
29 9
71 93
87 49
32 50
62 24
62 43
95 68
32 15
91 87
65 90
8 10
90 7
81 7
16 28
34 33
78 79
82 85
55 51
38 90
27 16
96 82
10 85
59 53
4 75
25 85
34 48
97 13
52 30
43 85
12 19
44 30
93 24
54 24
5 64
27 18
17 15
43 70
56 68
94 77
7 27
81 10
7 13
1 31
59 15
36 89
44 27
38 43
57 92
58 9
91 43
75 37
48 0
12 41
80 2
16 48
70 78
34 35
82 12
43 95
54 70
26 1
12 29
83 39
16 87
1 90
93 12
96 76
65 14
5 90
65 57
79 70
23 2
21 56
88 51
63 81
66 50
91 94
17 98
74 18
98 83
55 31
68 2
82 59
8 69
80 78
10 81
8 39
24 41
69 13
44 22
19 86
90 90
60 2
77 79
96 95
98 63
41 67
80 27
50 58
39 57
76 53
39 78
91 83
17 28
8 18
83 34
56 83
11 36
7 26
13 19
11 64
34 67
54 31
30 10
15 21
94 34
87 76
97 0
97 96
15 1
85 14
76 34
30 1
59 74
94 7
14 71
13 88
0 27
74 71
19 4
82 88
23 5
75 93
33 87
79 73
29 39
94 85
29 41
98 6
93 30
4 14
80 25
62 7
61 34
40 6
14 85
25 39
61 82
53 58
65 51
19 61
37 13
78 43
0 79
67 33
76 19
81 24
83 22
62 4
63 17
14 1
95 30
16 10
25 18
85 11
87 74
52 52
15 84
79 18
22 65
81 0
2 49
80 23
45 1
8 82
94 70
89 63
45 72
12 35
75 2
29 33
35 46
81 88
46 20
98 88
9 99
7 85
27 99
96 70
85 28
95 17
51 86
68 72
37 22
90 0
2 42
68 22
60 29
89 16
91 37
12 0
31 52
7 52
80 99
80 60
13 23
98 48
89 83
46 69
48 26
28 54
68 79
16 61
72 58
10 63
43 25
26 30
20 89
21 7
2 63
27 84
42 59
60 94
73 82
4 60
31 62
97 20
7 25
4 73
33 24
57 10
85 68
96 64
38 62
89 52
4 50
21 11
23 87
9 87
41 63
91 6
46 31
96 9
3 31
68 86
96 83
93 61
16 34
16 59
43 48
42 45
92 52
33 85
20 0
6 36
4 9
79 43
22 76
67 26
39 94
32 74
41 74
84 55
54 98
90 25
1 76
62 19
95 16
88 63
51 30
27 40
96 77
55 91
50 55
47 39
87 46
49 27
19 99
41 57
49 24
72 22
7 29
20 63
48 43
48 14
26 66
20 19
30 69
71 18
96 16
23 35
49 37
16 46
55 96
58 30
67 20
22 30
25 11
24 6
38 12
49 19
95 22
80 81
46 23
12 26
63 46
41 55
43 35
55 87
14 0
68 64
51 35
3 54
11 70
92 36
83 90
57 34
45 13
18 25
93 0
34 12
48 17
78 97
14 38
33 63
43 84
17 83
31 93
83 18
80 79
15 9
60 59
37 78
64 92
13 38
69 22
57 87
77 70
19 52
20 3
73 11
73 36
55 84
24 67
85 42
63 7
34 63
58 92
6 83
3 92
53 67
1 34
68 9
60 73
79 5
50 90
54 37
74 90
20 74
46 62
80 35
37 87
10 77
56 70
10 19
28 94
21 91
61 17
69 52
56 80
13 57
96 42
4 48
24 51
77 77
94 0
36 28
63 45
88 94
87 21
98 85
1 14
43 65
47 66
40 44
68 36
20 9
14 93
33 81
67 36
61 19
44 85
63 99
8 96
67 10
12 6
47 30
48 62
30 94
56 25
70 16
69 23
51 8
9 93
77 61
12 84
36 36
66 99
94 3
88 97
32 6
40 41
34 21
68 34
29 88
72 50
56 64
54 73
45 92
55 25
64 70
18 65
74 47
26 24
22 36
99 21
57 99
23 55
29 48
82 47
94 30
7 92
86 11
35 3
10 37
41 78
25 23
53 30
35 45
43 73
0 83
46 72
86 95
78 26
37 0
47 8
8 43
77 59
15 38
80 5
40 5
12 71
74 55
91 26
34 55
23 79
50 99
82 18
17 76
7 24
27 13
29 49
8 92
11 80
61 5
52 76
73 57
40 72
22 83
38 29
41 70
14 33
38 4
51 69
43 54
23 52
39 63
11 68
66 19
95 4
94 12
48 65
9 50
61 49
74 5
23 94
91 33
54 80
12 89
17 78
75 26
35 19
31 79
19 2
90 59
36 33
91 72
28 57
21 13
19 87
8 45
41 22
90 77
66 17
14 29
75 68
63 18
34 11
50 89
9 73
81 94
77 97
85 93
42 53
60 22
36 65
97 98
7 96
43 3
48 6
69 49
86 47
25 88
55 23
34 72
47 26
39 90
48 61
97 95
57 38
24 93
90 37
45 55
61 51
3 11
47 48
46 27
68 14
34 23
34 25
38 40
99 8
47 90
19 88
28 58
28 90
35 63
59 88
66 48
19 80
43 72
56 4
47 17
50 80
69 50
13 6
10 76
68 7
77 2
86 91
29 85
47 45
85 89
15 57
27 71
98 87
73 16
40 61
88 34
43 36
7 60
71 35
34 20
32 33
49 5
61 1
56 97
98 60
62 95
26 5
89 36
27 32
56 36
30 85
89 67
0 56
76 63
87 56
94 83
75 97
51 14
82 86
72 78
89 17
35 53
25 86
77 94
13 72
39 47
14 3
96 59
41 8
9 30
85 12
70 49
20 12
74 60
68 44
15 59
83 72
95 56
42 16
81 51
50 7
28 24
89 32
51 92
93 74
92 26
42 40
17 30
51 38
52 71
84 81
56 60
4 8
54 6
9 78
73 32
97 87
14 48
28 16
0 60
1 57
70 14
15 62
2 98
50 76
31 26
79 54
96 21
28 88
18 63
21 61
51 80
61 36
15 16
41 45
41 17
41 6
94 52
85 99
50 70
6 10
0 90
83 44
86 87
59 11
51 15
72 91
44 77
19 65
20 68
28 1
55 38
34 39
29 44
58 63
13 58
73 5
71 16
48 51
43 75
65 67
87 88
15 60
27 57
65 93
56 50
65 61
53 0
66 82
19 44
4 29
57 80
39 43
38 38
78 62
90 45
72 47
13 71
1 73
8 79
83 73
95 44
93 31
50 93
96 8
71 78
10 54
47 80
47 42
58 71
77 24
59 68
26 70
84 27
6 12
74 92
93 59
87 97
54 25
66 70
57 57
96 56
91 16
16 5
43 67
94 17
72 94
72 18
97 77
60 96
65 87
47 55
26 93
53 99
53 25
74 2
50 96
6 38
29 30
2 8
44 29
48 80
66 18
37 4
28 61
97 86
85 49
81 32
34 53
56 41
19 70
54 21
40 28
21 22
16 27
68 88
29 96
59 61
37 38
98 20
36 29
25 99
9 83
79 29
10 40
90 88
35 33
38 31
21 8
82 58
82 40
77 26
4 42
34 56
72 21
66 23
86 58
4 90
63 30
15 85
35 83
87 48
3 81
39 39
40 77
8 91
33 55
25 9
25 89
95 74
19 28
28 6
16 89
98 78
1 82
57 37
3 8
24 61
8 0
64 90
26 46
93 41
23 50
97 80
92 92
1 58
97 65
34 49
39 25
23 77
33 73
30 82
52 80
96 63
22 92
40 7
37 5
13 65
53 84
99 79
46 45
10 34
23 29
25 6
17 59
45 3
39 42
73 26
12 96
85 5
68 32
43 91
39 21
33 54
55 50
54 29
98 99
65 74
23 20
10 80
31 33
77 83
0 69
34 97
22 31
28 21
32 28
5 63
36 21
2 83
17 55
82 52
80 11
53 61
75 49
49 66
45 81
48 19
73 53
15 67
98 15
78 40
36 52
62 26
16 70
37 91
92 99
28 9
44 66
65 96
41 44
58 55
27 75
30 25
49 45
89 7
61 31
32 5
4 43
21 82
64 5
53 2
69 2
72 1
64 37
32 56
86 96
16 98
24 7
34 70
37 42
11 78
39 81
94 73
39 13
83 13
11 15
99 33
25 60
80 55
43 18
62 36
19 54
0 31
66 51
50 84
71 51
82 31
57 21
89 28
4 44
7 40
1 69
72 54
31 15
69 37
65 81
35 7
7 66
96 89
30 58
18 67
76 71
37 3
48 27
41 41
7 99
54 58
72 90
90 18
23 63
37 56
11 48
6 88
98 22
15 6
57 32
74 37
91 2
49 8
95 13
15 2
0 32
35 94
24 90
70 74
2 58
88 27
35 38
35 88
37 27
26 17
2 29
83 21
35 23
76 66
14 55
53 44
4 69
46 25
6 41
70 69
88 32
12 14
20 42
9 6
92 78
9 8
45 30
96 52
61 41
48 21
31 3
7 42
68 89
86 0
32 94
44 97
79 93
56 17
66 5
24 96
10 0
43 68
74 76
79 12
52 66
27 14
65 59
54 28
62 41
51 21
85 20
50 50
23 61
6 45
95 28
80 26
84 16
47 15
66 96
92 48
30 50
9 91
45 91
39 35
64 16
77 43
31 74
29 98
17 64
36 43
30 33
55 9
83 15
66 64
4 65
98 45
30 56
66 98
21 75
97 11
42 46
0 46
28 84
54 16
9 19
17 21
71 47
30 35
88 38
75 13
65 76
82 22
63 53
62 96
97 64
64 99
96 73
36 6
0 13
32 65
21 42
80 38
17 17
62 40
25 72
88 58
61 63
43 99
42 28
19 82
89 92
49 95
94 46
41 85
45 11
61 84
86 29
82 42
74 39
13 79
66 16
97 39
8 32
51 26
48 20
80 86
16 2
42 71
74 74
96 54
74 15
24 8
69 36
95 42
30 74
6 66
86 14
31 34
82 67
20 37
18 33
88 19
44 86
12 94
61 65
34 71
50 29
23 21
62 93
47 69
30 21
16 74
44 6
4 94
72 85
75 70
50 78
74 59
44 61
65 80
46 21
84 33
60 49
77 53
66 47
22 91
75 5
21 23
36 9
24 69
63 93
63 5
98 73
46 41
14 83
16 32
84 17
55 59
9 64
21 79
40 3
59 86
82 98
31 99
5 43
10 27
33 72
24 44
92 2
6 5
79 97
64 23
55 0
30 92
0 19
46 37
29 95
53 45
73 6
17 86
31 28
11 29
46 86
38 10
69 57
65 27
23 73
93 3
40 57
96 72
50 48
64 51
46 22
76 81
8 77
22 29
65 73
89 96
31 21
73 73
62 29
82 8
22 8
90 68
92 51
73 92
0 47
38 64
52 31
82 38
93 35
40 33
30 45
6 25
99 19
48 2
88 12
83 12
40 58
33 29
3 30
81 18
30 13
18 36
37 17
92 20
49 80
2 66
60 35
70 40
30 88
11 16
13 10
14 95
63 12
41 14
79 11
37 46
68 17
24 65
14 96
65 52
35 36
4 31
20 49
32 53
30 22
54 66
5 71
31 18
44 7
80 0
69 32
41 66
44 20
42 94
78 11
26 60
86 73
32 57
28 33
91 58
96 31
91 41
81 25
78 85
32 25
43 98
4 36
88 79
46 7
44 17
86 44
29 94
17 41
43 21
27 10
74 75
20 80
67 55
5 84
5 44
1 35
33 80
5 2
87 44
38 66
53 7
35 49
66 12
57 91
91 31
68 51
60 95
68 8
56 40
39 26
89 14
25 73
75 40
9 53
16 85
97 45
18 9
29 86
31 81
83 9
3 66
56 57
21 15
34 90
16 49
48 23
12 55
97 60
16 7
39 4
96 60
88 5
80 17
35 81
71 80
25 27
93 38
21 58
96 93
55 33
79 82
83 70
74 6
57 53
57 54
89 77
43 63
49 93
7 68
57 62
94 15
64 79
21 99
4 67
42 92
37 77
97 10
28 80
49 76
65 89
40 48
6 85
2 4
9 7
86 5
45 42
13 51
18 30
25 33
72 87
53 22
44 43
18 41
84 54
68 39
40 74
4 10
83 32
87 83
66 38
97 91
9 40
2 59
12 58
66 67
82 64
50 14
30 83
10 84
75 44
88 91
92 65
37 26
37 43
57 0
49 36
9 84
43 59
23 24
11 88
72 75
35 6
92 11
45 76
36 81
11 93
44 24
27 6
80 70
65 6
18 22
51 88
57 19
19 72
68 82
93 54
41 20
82 20
51 33
17 54
95 67
94 40
18 3
2 88
41 16
94 25
22 55
8 5
60 78
51 18
52 13
47 96
35 57
49 52
35 87
77 60
92 53
68 3
66 88
0 29
48 36
41 77
59 93
59 25
85 64
80 37
30 43
21 59
59 6
95 91
29 62
95 64
30 53
85 61
76 94
13 96
54 54
28 92
55 95
71 20
66 26
30 65
94 99
29 27
53 78
35 11
57 46
36 0
98 23
45 29
36 62
24 86
55 29
54 38
14 47
15 36
5 45
92 90
21 73
35 10
23 93
35 61
82 28
26 55
70 44
26 41
77 3
8 74
90 99
68 90
27 50
3 40
93 33
1 55
76 92
82 60
7 77
91 50
7 18
40 11
54 92
44 59
99 86
11 84
61 9
20 57
39 19
6 49
87 59
23 40
4 63
95 76
58 67
17 43
86 64
33 82
84 84
63 84
57 13
85 56
34 50
32 24
58 35
11 20
4 78
82 71
61 73
94 81
32 91
33 70
69 61
26 85
5 48
43 74
97 40
15 19
79 89
5 97
34 32
39 16
19 27
48 58
3 38
96 7
66 43
31 9
25 63
50 79
11 43
97 53
38 79
8 2
99 51
94 98
37 89
62 12
31 20
78 83
26 31
15 79
8 27
60 14
19 39
14 65
31 70
42 81
37 90
53 70
63 19
49 87
73 35
4 99
69 40
26 90
70 26
70 31
93 2
3 82
86 94
46 15
1 45
14 67
54 77
73 14
21 19
5 15
19 56
57 78
95 72
34 75
70 97
95 31
71 2
72 43
54 15
91 38
70 75
48 64
62 5
58 7
26 16
42 97
22 93
52 11
87 5
72 23
22 37
9 57
1 6
64 62
66 93
29 22
29 47
17 94
25 12
78 21
20 52
3 88
64 35
6 6
67 66
33 31
45 80
86 62
35 96
40 91
81 75
59 48
16 18
67 43
18 45
18 69
26 89
79 41
73 85
63 68
93 6
5 59
90 50
58 73
78 68
39 77
87 92
62 75
16 44
19 51
79 92
88 3
60 16
88 46
90 72
57 59
90 20
14 60
38 69
19 24
62 65
69 65
6 48
31 90
92 66
10 43
89 9
30 73
7 48
52 37
67 29
9 3
70 70
9 60
98 29
44 31
14 84
90 23
4 30
98 18
59 43
34 8
51 54
72 3
59 97
33 58
60 26
53 6
49 92
37 71
18 91
38 15
16 19
67 51
16 6
56 44
41 4
74 61
89 59
55 98
55 2
82 32
10 89
43 0
38 6
58 59
5 25
41 2
45 94
42 70
77 45
53 18
28 3
47 87
58 76
96 68
12 65
73 31
59 10
56 13
21 49
99 11
8 58
72 77
65 84
22 64
86 10
95 61
53 60
58 34
75 42
20 54
96 34
54 83
52 95
96 32
52 16
14 2
80 3
20 73
60 12
9 44
15 95
32 63
98 57
6 69
22 2
61 3
11 42
24 83
20 36
6 81
6 89
26 15
47 19
32 3
27 28
78 92
15 68
44 78
85 7
38 63
71 25
81 62
77 11
75 24
20 67
7 53
44 12
61 0
52 43
17 34
56 96
13 20
8 4
70 71
99 85
98 71
0 84
67 32
3 87
19 53
89 22
78 86
75 17
52 35
39 56
93 71
88 22
92 21
71 59
7 49
85 31
99 32
68 68
41 24
45 32
83 20
43 90
73 43
37 30
19 31
28 97
51 5
43 16
25 21
80 32
96 85
9 98
35 15
79 87
69 75
68 47
50 47
21 52
41 51
97 34
72 12
44 80
34 58
77 62
38 91
8 89
19 93
99 73
8 93
46 66
40 20
81 85
5 57
32 48
0 86
33 45
82 45
19 40
59 36
28 64
96 74
10 36
82 68
62 32
29 26
45 93
87 31
15 28
2 24
48 60
2 38
98 27
30 80
51 43
84 45
24 9
33 23
12 88
53 43
22 45
83 37
15 72
52 79
69 78
91 67
50 1
77 1
10 56
15 26
69 29
19 32
23 14
12 16
18 31
81 77
18 71
69 16
6 52
47 10
9 88
97 7
7 73
6 82
84 24
60 61
70 91
97 76
64 50
22 86
29 83
3 47
4 76
13 33
44 87
12 98
71 42
93 19
18 49
93 72
3 39
15 22
2 73
63 21
68 60
26 9
76 46
81 78
75 25
92 33
59 92
94 94
64 20
52 59
58 90
77 72
56 53
79 61
28 89
11 35
21 93
70 18
53 28
70 7
15 99
20 15
46 56
1 94
4 47
62 27
83 8
97 41
10 51
11 34
90 63
41 84
21 21
69 5
4 5
7 21
89 40
28 91
39 98
17 5
35 9
16 50
12 36
1 78
86 55
37 34
89 88
73 79
98 50
64 47
23 51
92 75
1 84
18 60
97 1
78 52
67 62
59 47
17 23
11 44
6 95
24 89
18 5
58 44
76 8
13 31
4 1
96 4
10 78
86 9
47 9
67 25
73 71
26 20
47 63
18 59
74 69
36 20
16 0
13 92
40 79
0 61
87 25
15 88
93 15
88 44
36 10
25 31
68 11
84 90
23 38
21 81
66 52
12 30
51 62
89 81
68 27
19 83
96 35
85 17
38 13
86 7
18 23
50 63
45 71
54 85
70 24
88 73
34 14
71 36
78 70
57 35
9 66
40 18
31 87
53 82
27 52
85 74
68 40
96 41
98 31
14 16
76 2
3 7
63 92
47 44
31 24
99 69
63 10
46 71
13 80
18 70
12 8
24 78
93 97
60 99
35 91
53 32
63 26
23 54
59 64
39 18
32 19
90 96
28 11
54 47
58 42
10 68
37 24
2 10
43 14
85 83
43 47
12 85
47 91
68 76
48 49
47 54
95 29
37 59
6 3
58 6
18 55
47 84
6 61
87 90
56 2
19 71
72 32
25 47
39 55
44 2
62 59
6 58
65 58
17 36
41 15
24 21
66 73
60 23
79 28
33 10
32 2
96 80
67 6
34 43
36 16
93 40
48 28
69 66
67 60
2 46
43 38
48 40
86 51
91 20
92 85
93 99
82 97
93 39
84 31
71 99
30 51
80 82
48 73
76 39
27 23
25 28
33 40
57 84
57 9
57 24
81 19
99 39
80 92
80 62
10 93
34 6
74 43
28 78
18 61
90 41
99 66
95 2
83 17
9 48
16 22
25 57
42 89
83 88
26 21
43 93
59 39
31 57
54 71
17 60
0 68
22 72
68 10
31 55
33 38
35 85
83 31
16 21
98 9
86 30
39 86
8 76
39 27
59 81
86 60
11 11
28 82
55 20
27 44
47 34
52 93
61 27
66 28
83 99
87 42
8 87
10 69
53 51
48 76
52 14
48 83
32 40
52 22
72 13
4 51
98 95
63 1
46 78
84 87
61 20
63 6
87 34
81 81
33 15
41 81
39 69
48 81
95 89
49 98
40 80
5 62
65 36
73 20
96 97
54 45
97 51
48 9
32 9
15 58
62 58
84 92
13 11
36 41
90 61
87 54
14 17
77 37
33 69
80 1
51 61
90 9
61 52
1 10
28 15
24 42
41 94
6 87
83 87
96 78
87 9
73 91
68 16
21 43
8 46
16 39
50 22
68 66
62 52
19 92
39 92
62 79
70 51
89 57
13 89
68 81
68 77
8 71
95 78
38 96
60 69
76 18
69 38
38 14
13 77
41 5
51 23
91 30
15 80
73 75
5 11
14 58
72 74
10 24
8 81
89 50
28 39
17 56
70 82
15 12
37 9
60 71
9 9
26 43
19 35
50 17
46 64
75 4
6 68
55 18
89 42
28 60
94 49
87 51
86 36
54 0
56 77
88 84
93 73
21 69
29 84
61 29
91 52
85 26
20 76
76 87
90 98
43 50
56 12
40 90
38 9
24 33
59 85
95 80
90 44
76 70
84 43
85 67
9 90
68 26
51 24
97 24
99 62
55 32
40 59
72 35
57 50
33 59
70 11
42 37
80 90
8 40
43 83
74 91
6 64
42 67
39 88
12 53
10 99
5 19
5 32
24 43
76 12
5 83
34 59
65 18
97 5
59 82
75 1
33 28
4 46
76 97
82 99
26 42
87 84
30 32
49 89
64 66
20 29
74 51
85 57
9 39
36 49
4 85
42 51
7 11
14 78
84 21
24 92
42 30
18 48
96 45
24 95
40 67
32 93
22 25
46 98
39 30
59 9
65 15
13 12
43 27
85 10
13 0
91 93
53 81
82 19
57 64
12 17
58 40
66 9
39 49
4 12
69 30
48 94
69 74
90 85
18 72
1 47
42 6
61 62
33 5
21 97
73 97
40 32
72 88
79 0
21 16
93 96
61 7
48 99
65 63
23 7
94 87
42 32
84 38
24 98
46 19
22 32
34 66
37 88
12 80
13 21
46 49
48 75
57 7
81 54
60 25
10 39
48 77
67 81
24 97
70 0
45 61
5 92
89 19
43 33
12 97
61 13
97 22
62 10
21 34
36 59
97 36
25 22
2 19
91 97
34 94
91 96
72 59
98 98
57 47
69 64
13 73
31 94
96 28
38 97
9 61
94 67
58 24
47 46
33 89
84 96
98 13
49 35
54 78
18 43
75 99
33 48
99 30
75 69
80 45
61 70
47 7
67 19
57 60
40 49
84 91
94 29
39 97
76 23
70 83
18 62
87 52
80 18
92 5
2 95
11 59
95 11
4 20
7 75
1 4
42 18
68 45
50 73
52 55
50 87
75 46
14 21
71 64
54 17
51 98
94 66
40 16
2 34
24 39
60 32
57 36
88 50
2 12
47 4
76 64
55 8
92 95
44 19
55 80
57 5
29 18
14 11
82 1
8 75
12 10
21 83
92 84
45 50
29 56
68 65
54 23
46 13
39 22
43 1
36 24
69 72
37 6
54 42
96 43
79 30
16 17
15 25
10 44
5 88
88 25
12 9
71 13
51 56
11 50
65 7
90 3
65 41
78 93
78 74
3 85
51 44
93 78
98 43
21 96
99 24
54 60
8 98
52 28
78 6
50 97
30 8
15 53
98 5
99 35
25 62
11 4
75 41
62 49
33 42
16 66
73 10
81 52
71 74
70 57
83 19
29 7
23 31
36 7
9 80
7 37
21 3
22 85
51 81
61 96
88 69
71 5
25 52
78 64
80 9
95 96
52 97
20 66
4 34
46 95
31 42
5 22
28 23
69 69
28 81
77 95
0 25
87 40
23 85
8 64
97 9
25 81
27 29
56 14
93 81
52 4
50 52
83 49
15 14
20 46
11 94
75 66
77 84
1 65
47 14
53 50
84 12
23 48
16 30
19 76
87 7
8 67
82 41
67 84
77 71
58 93
6 43
11 60
83 97
98 19
27 25
85 43
46 35
87 4
47 86
34 42
15 45
61 38
42 29
69 51
11 2
6 20
82 24
10 38
52 49
97 12
99 93
7 23
2 3
59 20
9 41
29 59
23 15
29 53
45 57
1 43
49 15
76 82
34 1
27 98
60 47
65 17
46 30
23 10
93 9
62 47
20 51
28 34
89 2
54 48
13 39
66 32
5 21
29 82
31 69
55 53
60 21
74 95
21 76
42 41
11 90
16 26
6 60
53 24
84 4
33 61
85 94
92 22
67 85
13 84
98 38
55 86
36 34
95 34
44 89
67 76
38 8
59 49
4 28
16 77
96 17
11 22
26 96
92 3
45 75
51 53
64 41
96 18
38 33
29 3
4 82
2 47
5 82
40 82
6 98
89 33
77 32
74 82
16 62
77 4
81 71
58 75
24 2
65 75
6 35
3 89
2 96
30 47
11 24
84 35
53 65
89 21
42 54
52 54
59 2
66 6
0 40
17 47
22 56
84 28
30 46
0 72
64 54
51 28
68 96
86 35
51 71
60 46
35 77
17 7
86 93
13 40
16 63
87 33
18 90
62 86
32 27
7 84
87 22
43 19
17 25
27 90
63 16
68 62
27 66
91 55
79 25
8 37
1 48
90 26
62 82
71 1
51 97
65 4
38 59
6 32
60 48
14 27
20 62
77 34
81 4
62 99
74 42
65 12
83 47
25 83
29 45
50 43
13 27
85 53
67 27
82 10
85 85
40 94
12 33
97 28
38 34
15 63
91 80
94 59
25 96
6 97
18 37
42 14
72 99
71 26
5 40
34 77
74 65
60 77
90 4
53 72
24 56
83 98
94 62
80 48
81 79
93 28
27 91
22 77
79 74
40 42
96 48
36 60
19 20
43 11
91 73
56 6
92 91
78 32
78 63
98 55
26 71
77 42
66 89
82 73
59 59
56 9
45 67
69 44
54 68
5 87
46 5
8 54
66 39
65 60
36 78
23 11
91 76
32 86
4 55
53 62
23 12
32 36
40 99
76 67
46 84
82 13
99 2
78 56
30 99
69 90
47 49
91 4
89 27
53 27
5 13
36 54
88 55
31 27
56 27
91 95
46 4
75 9
47 22
2 0
29 37
43 82
82 96
37 19
18 86
91 23
74 73
38 20
28 49
60 57
30 34
8 30
32 82
5 81
51 36
36 30
66 11
37 93
54 14
26 91
71 48
21 54
13 28
33 94
87 68
75 53
63 35
83 48
54 44
63 23
46 24
48 71
93 26
66 95
15 0
79 14
79 98
16 47
5 14
75 98
71 91
31 22
99 23
25 51
28 41
51 91
43 29
56 84
43 45
71 34
0 22
4 23
61 90
41 18
37 47
44 84
92 32
76 95
43 15
41 7
50 30
78 8
95 6
26 13
44 83
73 0
99 6
93 68
17 97
23 62
76 98
75 59
12 1
40 36
95 60
60 52
26 64
0 16
38 88
91 28
84 36
86 4
6 50
52 72
1 96
83 43
22 60
17 62
15 71
83 63
4 33
53 74
50 4
87 29
19 42
78 28
75 7
0 48
50 53
75 20
83 0
97 42
57 27
1 52
71 41
37 31
15 46
64 13
87 12
12 4
85 65
29 6
28 36
36 90
65 94
20 85
96 96
5 89
18 14
88 68
29 17
24 94
28 75
44 39
9 52
0 95
65 78
86 84
65 40
50 77
29 40
17 44
65 16
81 40
84 26
26 2
13 94
98 40
26 38
76 1
73 69
41 25
87 1
58 83
7 82
74 99
31 47
38 23
98 51
84 95
27 65
32 45
31 41
46 38
53 48
97 52
18 42
31 31
90 86
30 39
87 75
98 1
18 24
0 59
10 96
34 9
42 75
39 96
83 7
81 89
63 38
87 2
88 85
23 26
88 65
3 41
52 23
86 50
72 55
2 69
3 25
86 90
79 84
96 94
26 33
92 93
96 14
53 5
4 79
82 4
81 37
24 81
53 83
66 61
57 89
36 77
72 53
26 45
17 65
88 78
6 4
5 52
27 15
46 52
41 52
31 29
9 76
73 93
90 22
50 51
9 58
12 78
15 61
33 35
68 1
69 18
86 45
1 12
5 75
85 73
42 69
26 63
16 55
90 83
76 7
33 98
59 34
82 11
5 74
14 87
86 21
74 36
22 35
65 31
24 99
91 86
30 9
33 41
48 46
95 1
77 81
35 50
7 50
42 95
73 90
53 95
74 4
26 26
34 10
0 67
58 13
80 91
33 84
62 74
66 62
5 34
21 45
57 44
31 16
1 18
63 24
19 17
72 19
73 48
0 78
14 15
57 55
14 24
69 3
26 53
78 98
76 73
22 41
96 12
92 54
68 6
79 1
76 86
17 84
53 91
28 50
62 6
84 1
50 59
85 4
15 34
30 89
70 21
77 29
2 82
91 12
42 84
57 58
52 74
7 61
4 97
43 44
96 6
78 5
91 68
88 93
27 64
28 44
69 84
91 0
97 8
17 27
34 26
65 24
1 81
94 32
66 49
54 97
96 27
26 44
63 94
23 6
94 92
97 54
67 47
42 23
81 83
99 43
78 2
34 36
55 85
69 17
75 15
61 24
24 60
37 35
48 70
86 13
78 57
80 58
3 83
34 44
39 45
95 21
19 69
9 96
33 75
92 69
11 18
6 24
84 11
77 46
97 15
30 95
88 71
9 94
79 81
65 68
8 50
55 40
32 78
85 21
95 52
47 61
73 45
36 69
93 5
92 79
37 28
40 97
93 34
31 73
69 10
80 15
37 20
79 9
50 45
14 77
34 65
98 8
77 52
89 0
87 96
87 15
15 44
76 45
7 39
30 36
83 5
64 80
62 53
6 18
1 68
21 90
14 4
73 34
38 89
7 12
56 59
75 32
28 69
32 49
39 95
49 9
60 97
16 15
84 53
86 16
47 62
33 37
90 76
23 27
7 32
80 44
45 23
24 52
35 86
11 7
65 1
6 8
30 75
44 72
29 77
52 50
91 82
98 89
33 6
26 86
95 65
9 25
21 77
17 2
83 57
44 14
78 18
71 70
35 27
39 38
74 23
15 78
74 31
32 72
58 85
40 51
38 99
38 30
66 4
42 20
13 70
98 25
85 62
52 40
17 9
10 31
66 77
63 41
82 0
82 48
98 3
3 53
26 49
42 19
48 88
37 55
51 99
12 48
29 73
79 79
44 57
32 12
36 44
21 80
31 43
63 98
52 67
46 51
66 13
68 43
51 78
43 64
14 5
15 43
90 24
9 95
32 64
35 29
32 89
3 80
28 31
86 20
34 84
74 11
30 28
1 33
77 21
65 85
8 49
71 24
53 85
13 53
53 15
51 95
67 61
81 67
16 97
24 18
50 40
10 9
23 60
13 93
73 65
57 63
8 31
8 57
13 66
34 86
23 70
72 24
17 52
47 1
28 86
9 74
72 6
69 45
24 84
73 28
95 75
21 94
3 34
85 46
15 81
6 80
53 79
16 11
38 67
74 63
66 21
43 58
3 73
24 28
55 16
25 54
0 77
0 34
75 19
76 30
31 89
40 92
84 80
41 43
62 38
14 13
14 72
76 5
75 84
46 80
65 19
34 38
93 93
25 38
99 41
59 14
89 85
13 1
17 87
51 20
80 50
73 51
35 95
20 56
88 41
89 84
3 68
97 83
94 63
55 74
40 65
71 46
56 43
6 1
98 75
50 57
44 48
88 17
29 4
36 38
59 76
24 11
47 65
68 4
17 72
61 8
36 56
74 3
48 32
51 82
68 99
26 3
20 5
57 74
30 44
15 70
40 75
2 77
96 90
64 43
90 46
87 86
6 14
49 31
27 70
18 47
52 60
63 43
95 43
24 5
25 17
79 32
27 45
64 88
15 89
33 99
1 74
8 63
91 60
35 75
30 29
84 22
17 92
54 36
22 7
26 73
37 29
41 60
47 41
50 56
94 23
43 7
6 2
95 62
37 7
57 56
17 77
79 13
2 55
30 60
54 87
27 53
16 84
60 5
97 17
65 11
41 33
7 9
36 88
47 16
75 16
72 40
38 70
42 65
23 80
4 61
23 4
37 99
28 85
11 51
19 22
45 65
7 5
82 9
62 64
61 80
42 31
8 51
41 61
64 3
98 74
15 83
48 11
26 72
45 73
6 47
40 9
13 78
28 68
89 5
90 28
15 8
82 39
80 87
74 50
26 74
62 94
89 3
54 27
80 12
46 88
43 41
97 56
57 90
83 65
79 15
93 63
69 41
10 14
19 30
5 58
8 78
32 70
94 80
68 53
10 2
42 56
80 94
89 65
10 83
56 94
45 12
27 73
62 44
17 68
71 92
1 79
42 93
13 52
26 7
72 71
46 79
2 71
20 31
84 48
35 70
9 21
91 63
79 65
94 31
86 31
35 22
20 34
15 13
96 61
19 90
64 9
56 91
37 50
5 68
2 99
60 88
74 32
79 85
61 43
49 65
91 71
50 12
54 88
65 98
9 29
10 3
89 4
5 65
22 68
34 28
6 65
85 33
72 72
45 85
6 26
33 97
46 14
57 15
50 13
72 93
97 92
30 31
39 29
22 90
26 29
33 21
45 10
57 61
1 54
34 16
1 51
6 40
63 86
68 20
5 98
76 31
82 23
33 46
44 5
83 41
51 74
5 10
70 98
7 64
81 92
60 31
20 23
62 45
76 88
37 76
64 10
24 62
94 74
14 73
14 44
12 99
91 40
61 53
29 87
92 6
58 32
35 73
10 64
48 34
75 64
45 53
34 79
64 77
76 26
39 3
91 36
64 57
61 85
17 99
3 52
84 20
89 95
98 77
78 77
87 79
81 17
70 94
67 56
77 0
38 82
79 47
35 56
35 32
40 66
7 78
49 16
53 21
61 91
96 71
65 54
67 98
54 75
42 99
89 58
89 10
0 87
76 76
99 1
0 17
62 42
54 81
31 40
85 84
77 69
4 35
31 45
87 37
77 75
60 53
22 78
5 1
40 87
10 13
61 57
89 26
66 1
77 58
73 86
20 8
38 16
16 16
34 96
69 33
16 25
48 55
83 81
89 98
20 6
0 65
66 97
18 75
64 94
98 67
5 12
82 44
84 89
55 72
51 51
31 12
98 44
4 26
87 14
85 51
39 58
22 51
84 3
30 86
75 18
1 0
12 93
25 40
2 17
44 42
77 22
31 72
80 36
99 63
27 31
36 82
81 60
88 20
65 30
25 78
31 63
31 17
16 83
58 74
69 97
73 9
96 13
13 81
17 69
0 53
98 17
22 99
37 65
47 81
93 70
28 79
83 38
24 55
52 42
46 87
6 63
55 69
89 70
28 62
48 10
60 43
94 18
90 16
70 96
50 66
54 63
6 23
56 99
21 60
20 38
56 26
87 99
61 15
44 49
8 95
8 33
16 38
88 70
65 44
14 30
78 27
86 41
18 95
20 94
71 61
24 36
0 94
81 47
73 8
21 66
25 36
72 0
68 59
0 64
89 89
27 17
0 58
0 66
1 41
41 92
95 19
2 21
94 39
93 77
17 49
24 66
76 56
95 39
55 37
84 52
59 37
19 33
60 67
57 42
49 22
88 1
31 11
49 73
83 58
80 68
2 26
22 3
65 21
12 28
23 39
15 97
36 2
85 8
33 30
50 42
15 65
15 42
33 64
48 4
19 5
91 44
72 26
9 2
24 85
89 86
84 57
76 54
57 75
55 62
91 90
44 75
37 16
95 40
35 2
34 73
94 6
93 84
1 99
26 56
63 57
12 56
48 45
67 42
91 84
39 65
56 95
63 47
2 67
84 98
88 33
99 31
66 56
28 27
74 21
5 36
78 16
99 61
80 6
13 83
79 6
39 52
60 7
16 64
6 37
37 92
46 44
58 46
84 85
74 26
4 93
51 65
49 18
29 28
62 3
14 57
22 96
69 62
4 2
87 13
87 32
50 10
76 55
8 84
97 19
85 90
7 86
55 58
98 70
2 52
88 74
10 71
20 70
66 33
52 56
43 97
97 46
42 86
99 27
86 76
21 35
60 64
20 55
89 94
8 47
95 82
56 15
52 27
88 72
96 81
67 30
53 36
66 72
85 25
12 5
41 29
87 11
50 62
78 14
88 23
82 56
1 60
53 89
52 77
94 48
81 58
53 12
60 55
45 44
91 17
35 42
31 4
95 36
30 26
23 64
34 45
67 64
23 8
72 76
75 82
55 27
83 16
16 57
0 7
55 15
70 34
42 55
91 45
83 35
78 75
2 6
23 17
70 43
4 11
77 65
77 49
36 84
79 45
70 92
95 48
89 75
51 13
29 12
4 96
6 70
99 52
46 53
53 33
84 74
28 77
15 32
19 91
14 90
32 61
64 38
68 98
94 13
21 1
54 72
75 22
76 14
11 56
72 30
49 26
2 57
35 18
84 19
26 83
15 31
61 94
29 42
44 90
28 18
38 42
29 20
25 14
34 29
70 66
28 40
28 32
4 39
42 11
49 2
75 73
50 74
80 95
56 7
43 8
72 98
47 36
39 31
38 81
71 14
81 34
56 78
93 32
57 51
20 79
67 89
33 56
43 34
78 3
23 23
76 79
21 65
87 10
2 28
23 86
11 3
30 12
92 43
78 96
32 0
74 85
80 31
70 42
92 34
85 1
48 56
95 3
58 69
8 22
18 17
46 67
46 74
86 46
41 93
34 5
68 67
39 70
1 62
81 33
83 14
64 4
25 15
35 48
77 44
32 17
43 2
72 31
66 34
54 61
98 37
53 98
58 96
29 80
66 22
30 24
51 41
7 95
56 3
75 52
84 42
96 51
69 76
97 71
65 65
18 38
44 91
58 72
68 37
72 81
49 91
22 9
17 79
17 1
10 53
32 54
39 9
42 80
68 71
90 79
24 50
79 22
14 99
93 48
46 47
0 75
83 33
91 57
40 70
50 86
75 95
69 81
35 37
24 57
58 14
39 66
56 58
82 74
55 97
55 54
52 85
19 34
28 28
85 47
48 97
76 21
87 95
6 75
79 71
64 24
17 63
97 44
33 91
51 75
96 69
15 35
76 22
29 43
3 14
43 61
56 66
71 58
5 29
24 17
46 57
64 67
76 33
15 52
45 83
72 92
96 47
34 0
66 59
99 22
41 83
97 49
25 65
38 54
25 8
95 63
97 31
65 77
56 86
10 1
2 81
65 71
24 72
87 39
73 66
6 30
32 32
22 53
76 62
74 53
30 97
11 6
51 49
39 71
16 3
63 61
80 64
34 83
76 78
76 44
44 81
44 67
6 67
36 98
25 3
27 7
20 69
79 55
11 83
28 48
54 89
17 16
21 98
98 97
2 93
42 63
85 72
55 92
60 33
2 36
68 74
62 14
77 30
90 80
97 21
2 53
34 61
56 28
4 24
32 85
17 13
22 39
67 50
52 45
82 33
67 78
12 82
52 36
13 82
88 87
72 2
63 15
0 14
82 89
53 4
52 57
56 65
27 69
91 59
20 98
92 89
2 84
7 22
19 7
80 59
22 22
69 35
47 23
76 35
87 93
19 75
6 44
60 82
67 83
0 28
62 73
3 2
56 55
23 66
15 3
54 94
74 19
84 41
99 65
45 45
29 51
25 95
37 79
76 25
27 62
13 76
29 54
78 25
37 12
66 14
13 54
70 2
88 62
2 91
3 90
5 26
48 8
25 67
34 68
82 61
73 50
25 87
94 79
76 89
58 18
3 33
89 62
94 11
91 61
72 29
93 4
89 31
36 23
81 80
24 70
67 11
63 48
56 24
61 97
11 81
38 53
3 96
86 42
77 92
54 43
84 10
99 98
77 14
12 83
62 91
66 44
67 96
36 48
71 43
40 38
86 43
86 72
13 29
88 9
64 65
67 34
89 54
61 71
37 75
41 54
90 17
59 62
58 3
32 75
93 13
82 62
55 94
61 6
84 34
93 62
69 91
71 98
24 77
37 21
27 38
26 19
77 63
45 33
40 81
62 63
36 97
18 54
36 86
85 16
92 12
95 88
65 3
29 70
49 72
93 82
83 62
38 2
64 0
5 5
18 1
33 20
92 94
23 19
48 3
9 27
5 50
2 94
20 1
81 42
50 11
50 15
78 80
72 79
72 61
72 51
1 32
50 31
14 54
64 97
53 97
37 23
67 67
10 60
72 45
16 23
22 34
77 99
9 97
98 90
44 18
44 92
22 66
13 37
1 19
26 22
35 17
25 91
0 45
47 53
42 35
45 74
86 3
84 23
46 63
73 7
36 42
8 55
77 98
11 53
64 30
66 63
11 13
47 57
96 53
94 16
95 33
21 57
48 85
14 31
42 64
12 54
66 87
75 0
99 40
8 25
71 82
56 49
67 65
38 5
92 10
18 8
28 73
10 91
75 65
17 20
82 55
11 71
94 95
82 83
84 25
23 46
26 69
47 6
54 26
80 76
49 75
63 9
78 76
23 16
78 88
13 95
10 95
74 17
82 3
0 15
7 36
51 27
70 13
40 19
42 5
6 91
59 5
51 63
42 33
69 46
69 43
44 70
24 12
87 47
19 60
50 72
57 14
52 90
37 8
30 81
4 88
0 30
23 34
40 45
84 32
47 93
29 61
86 22
78 39
55 1
62 97
24 91
10 72
73 74
65 20
15 82
48 24
10 79
71 31
72 4
46 43
43 30
50 0
89 68
52 51
94 2
89 39
28 5
66 25
53 57
97 33
42 83
49 60
49 34
36 66
81 23
32 99
38 25
38 18
52 73
53 39
54 67
25 66
43 22
9 89
52 61
26 58
27 56
36 46
23 58
87 24
44 55
25 97
51 76
36 22
31 35
70 33
46 40
41 26
17 33
24 48
22 81
71 45
33 1
11 23
15 30
26 35
59 84
56 52
27 20
99 10
2 75
48 57
13 15
40 26
68 0
80 65
36 17
1 91
56 31
58 80
98 94
47 71
40 62
61 77
34 52
38 26
13 44
77 20
48 31
37 36
7 35
19 18
99 17
31 65
27 21
82 81
65 10
3 16
29 38
70 35
22 17
12 70
2 11
93 60
0 6
20 77
58 65
84 71
1 24
63 0
92 44
62 23
73 4
78 65
71 15
72 8
78 55
22 52
34 18
38 65
3 61
79 40
36 3
12 81
29 81
51 64
71 97
27 34
1 28
45 58
61 12
46 91
66 71
28 25
7 76
39 67
50 2
66 46
20 64
94 43
27 46
75 10
59 70
12 51
34 93
8 60
97 70
78 17
17 45
71 4
3 72
88 66
95 18
76 68
62 35
58 36
11 82
55 34
12 95
59 23
20 44
48 44
69 14
36 18
40 93
24 0
73 33
82 21
35 26
80 42
73 19
42 47
56 11
23 98
71 71
83 55
2 86
70 25
99 75
92 82
31 85
53 19
18 40
44 69
43 51
37 68
78 1
99 9
34 40
78 23
78 46
4 66
23 45
81 13
36 31
45 40
66 15
21 50
8 24
82 16
68 73
89 73
51 1
13 90
36 63
44 93
67 68
70 6
52 1
49 47
30 71
80 21
84 75
76 75
87 6
91 99
58 98
3 91
22 84
49 12
35 92
18 12
22 27
83 95
71 94
17 31
33 7
30 41
99 0
98 80
28 20
21 0
9 67
42 2
78 82
84 67
29 68
33 93
7 88
73 83
8 56
33 47
41 95
64 76
11 14
72 97
60 8
35 58
20 61
6 7
2 90
50 61
48 54
75 96
64 36
27 97
90 39
57 11
6 92
77 6
48 52
96 67
57 94
51 42
80 51
9 1
1 63
92 57
85 30
12 50
71 10
42 43
91 89
86 18
11 57
67 1
35 62
28 76
30 0
81 26
19 85
88 8
83 6
93 88
27 37
99 97
92 47
21 26
40 88
70 79
3 4
46 60
47 64
30 70
25 37
27 81
47 59
10 82
67 63
75 43
35 90
60 84
19 45
61 48
73 15
8 9
5 42
84 50
21 32
80 41
64 2
80 7
86 57
39 93
63 13
54 90
17 82
26 40
31 86
31 10
27 60
84 60
60 28
78 51
1 86
56 48
8 23
18 81
83 30
63 71
1 67
31 60
79 26
23 25
48 35
49 70
74 24
42 98
55 30
77 85
79 90
77 91
86 68
76 36
97 43
46 33
10 12
97 63
37 15
22 89
11 19
0 91
64 17
35 30
44 33
71 73
47 12
31 80
6 29
46 36
9 55
66 69
68 95
35 74
89 18
54 13
23 28
92 0
34 92
31 32
44 9
64 63
9 33
41 65
21 2
25 76
70 90
98 49
94 55
47 3
79 44
23 32
51 89
83 54
51 19
5 7
31 30
22 16
38 58
76 40
37 74
83 83
82 90
18 74
65 56
99 76
75 47
65 28
4 3
88 31
41 27
96 49
98 64
65 23
8 21
79 57
65 25
54 3
74 54
45 19
15 33
94 50
28 10
67 88
12 46
97 50
34 69
99 47
1 85
61 16
86 61
80 85
15 96
67 53
24 59
48 12
7 45
86 25
77 67
75 31
34 3
29 14
65 29
71 28
75 85
62 83
96 37
74 79
80 10
63 89
45 21
91 49
82 77
81 3
4 57
35 80
29 55
93 23
35 12
14 35
30 54
11 38
13 55
1 22
70 37
16 71
84 8
79 75
24 87
56 16
32 60
45 2
41 96
83 59
88 24
72 10
63 73
80 4
9 59
67 16
68 42
43 23
64 74
23 36
15 47
50 21
10 90
67 15
5 78
92 50
94 4
26 51
18 10
75 33
32 77
54 33
35 47
55 19
33 77
4 91
89 35
68 75
78 41
18 11
94 8
33 26
5 69
11 99
11 17
96 2
20 17
63 34
69 7
16 88
35 55
1 30
12 61
61 33
37 60
69 9
63 70
15 64
30 6
64 81
12 32
69 59
28 22
14 20
66 29
30 72
20 25
4 49
58 52
44 8
24 49
10 58
36 64
88 10
88 82
37 48
41 38
12 22
46 10
64 98
95 38
71 86
95 9
85 77
70 73
94 91
46 82
67 46
14 59
91 51
12 66
74 22
64 44
22 19
69 54
94 53
10 86
3 65
81 39
51 22
90 47
75 90
64 25
86 99
59 27
18 93
55 35
18 15
70 84
30 55
97 61
86 81
76 0
38 50
60 72
13 61
99 81
49 61
53 17
12 69
56 19
26 81
9 43
73 27
14 46
58 45
87 26
77 23
20 59
79 96
3 63
35 84
1 5
11 0
90 87
48 16
69 12
35 31
87 87
14 76
83 94
39 8
39 60
2 64
87 78
82 26
87 57
41 90
41 69
93 10
24 14
9 81
33 25
8 38
93 75
63 80
98 28
28 47
92 31
48 92
8 62
45 41
21 51
71 22
70 30
2 31
11 92
60 41
49 58
25 92
10 46
14 81
6 76
5 95
57 4
93 57
28 70
41 58
96 44
68 69
13 14
71 95
99 46
49 78
79 39
2 74
32 98
67 45
2 32
62 72
53 14
74 9
38 77
63 3
99 45
91 92
28 59
38 1
90 57
42 82
71 27
27 43
29 93
28 37
14 12
11 5
21 18
66 94
44 26
8 3
59 51
91 5
64 85
17 93
23 97
64 75
44 74
5 66
74 46
3 64
95 66
64 45
7 97
10 10
89 51
40 25
75 67
26 98
83 89
56 5
56 71
66 45
53 93
94 82
92 56
81 2
38 19
50 25
94 78
85 18
8 59
98 14
72 49
62 48
97 4
24 29
52 34
62 22
60 4
31 61
50 24
40 14
47 94
10 26
59 45
20 40
68 57
73 24
24 64
11 86
11 40
92 70
10 22
63 63
30 76
12 3
92 40
70 5
23 22
46 83
71 8
54 12
53 10
51 17
82 65
36 73
78 33
89 13
62 11
91 42
80 30
58 4
7 94
16 60
6 77
88 35
14 37
54 62
19 64
33 4
29 23
27 82
94 41
16 99
22 23
49 14
31 59
27 39
71 67
69 47
86 12
51 16
12 57
83 91
9 77
63 62
22 97
26 84
50 82
72 83
65 43
3 98
73 52
9 92
25 98
71 39
96 99
71 38
95 55
36 67
36 61
55 4
0 81
36 79
49 43
35 69
9 26
42 10
3 13
61 40
83 51
88 57
50 95
64 56
39 32
75 50
41 3
57 69
50 60
81 16
80 8
85 32
58 28
59 94
75 29
85 6
24 68
62 54
64 7
87 8
20 88
67 41
32 69
98 53
29 35
13 32
96 5
27 95
31 39
3 10
21 38
71 85
64 19
78 69
92 74
93 1
36 91
32 62
61 21
15 98
5 54
7 91
54 56
51 68
33 17
19 0
24 46
34 31
69 20
33 62
94 88
13 17
75 55
39 82
45 66
70 88
73 39
11 73
77 35
45 43
56 34
25 2
1 87
28 38
80 71
77 16
52 58
77 9
68 29
49 62
83 86
41 28
14 70
64 87
1 59
52 64
10 62
62 0
37 61
9 46
38 56
90 58
51 12
45 47
46 48
19 37
88 39
9 51
35 5
44 47
85 44
27 85
63 33
22 18
52 94
17 3
7 81
69 60
86 69
31 2
67 97
36 71
50 41
29 25
16 20
37 63
92 49
53 46
20 35
29 29
55 76
5 47
63 64
88 48
10 88
77 57
35 34
49 21
54 82
59 33
7 51
40 47
59 98
19 89
45 15
98 0
39 24
28 52
38 44
12 24
50 91
80 84
86 56
1 3
70 12
23 82
28 65
38 76
96 0
49 1
30 11
3 50
93 21
26 77
67 12
93 18
37 81
73 41
18 96
78 58
21 31
14 6
5 85
42 3
84 56
50 65
1 39
68 91
43 46
91 10
26 10
79 53
45 4
24 32
51 0
75 88
61 35
42 26
80 69
25 7
59 4
8 86
34 4
78 0
3 42
47 32
11 63
58 66
69 94
65 53
43 89
5 6
89 55
61 60
25 75
40 37
45 18
85 41
31 97
56 56
97 27
8 14
87 50
31 83
18 28
97 62
0 18
93 37
28 71
91 34
44 95
51 77
65 66
11 8
68 61
34 85
24 74
67 37
37 53
2 30
60 66
20 30
10 21
80 97
71 66
91 18
76 29
58 19
41 88
12 63
98 30
20 50
63 77
38 27
61 64
27 63
26 18
29 57
33 43
54 9
0 63
53 63
59 21
10 23
12 52
61 54
98 4
72 67
57 77
15 18
87 69
68 83
96 3
39 76
12 90
79 27
18 34
66 8
7 28
45 79
29 32
25 13
18 97
38 72
41 40
1 40
51 39
99 26
49 63
73 46
28 96
14 98
33 92
2 39
22 13
31 67
4 13
37 66
88 13
79 66
0 43
85 86
54 59
69 79
97 35
22 40
56 62
72 86
58 47
45 28
6 99
74 57
59 78
42 87
56 30
17 90
31 95
53 20
68 55
62 57
70 15
38 85
48 69
21 48
15 4
16 45
73 77
29 74
87 73
85 13
60 68
77 36
87 16
5 79
83 10
90 13
94 27
52 63
89 48
91 48
95 57
61 10
29 5
24 4
57 22
32 51
53 26
51 83
68 18
64 14
67 58
37 14
85 9
10 47
89 24
80 88
0 55
43 4
81 5
94 56
22 94
3 29
27 83
45 5
99 50
15 23
95 95
44 96
45 63
84 47
3 15
79 58
54 8
97 6
29 78
70 28
73 67
23 91
69 98
18 27
70 65
39 36
32 95
25 49
48 29
84 83
47 21
35 72
60 65
80 56
47 25
74 78
8 12
7 71
53 34
56 32
66 66
82 7
74 25
85 29
5 39
56 92
21 78
3 28
62 61
13 34
88 64
79 36
24 22
64 39
33 76
5 31
35 39
33 34
14 74
52 83
67 39
58 2
53 41
71 60
20 60
77 39
60 6
2 61
0 51
57 8
90 36
33 86
16 12
78 91
67 5
3 86
32 80
49 4
40 73
49 44
49 77
59 96
73 61
81 12
90 33
35 24
45 69
7 62
99 88
61 14
47 33
35 44
45 68
3 79
72 7
92 88
12 77
59 30
82 15
50 34
55 89
94 72
91 15
39 99
22 26
62 8
61 78
34 80
85 96
55 93
20 24
25 53
31 66
97 57
22 46
45 9
13 3
43 87
55 12
44 4
47 78
46 73
0 23
4 74
1 50
2 1
79 60
19 15
78 50
75 63
50 69
30 5
69 42
95 25
99 20
31 75
83 36
30 23
37 67
54 93
9 79
85 58
60 79
70 32
81 44
31 1
82 35
6 39
1 9
72 33
74 27
53 94
62 21
29 34
76 41
4 0
85 81
35 21
96 65
90 78
17 22
67 82
20 91
31 71
81 95
11 85
41 30
37 2
56 90
55 39
11 39
62 90
72 80
14 52
6 62
90 55
76 28
31 58
66 83
3 48
43 86
15 17
4 52
42 7
48 74
41 64
75 56
31 88
81 36
17 85
3 70
62 30
40 76
50 16
83 61
39 44
95 53
5 67
87 62
36 74
74 87
27 58
81 66
82 14
29 19
81 48
29 58
78 53
87 80
95 5
13 62
17 24
17 8
64 40
5 18
74 84
25 45
63 40
37 97
19 63
41 11
71 87
65 37
91 14
99 92
1 20
70 17
64 78
3 84
27 4
83 96
49 99
62 55
17 38
45 38
81 22
86 97
51 57
27 8
73 96
43 32
75 60
55 52
32 73
52 91
24 30
66 40
86 28
33 68
84 0
57 88
85 52
70 41
20 65
83 74
46 90
59 12
65 5
53 55
32 81
71 84
5 38
77 54
95 23
33 71
14 26
46 54
29 15
43 96
95 83
79 37
62 89
13 45
17 73
10 73
40 60
66 24
35 98
90 48
91 69
11 77
99 89
73 81
18 79
12 44
22 59
61 66
35 66
44 52
38 78
82 63
68 46
16 94
25 48
53 35
71 55
74 13
34 30
43 62
22 98
94 60
33 67
18 19
59 79
20 48
67 72
33 60
83 52
95 15
85 97
81 9
63 28
26 67
32 71
17 4
61 72
72 52
57 18
1 16
