100 3
10 9
74 94
53 7
64 44
44 89
56 56
59 87
36 2
54 83
63 97
30 61
12 90
2 12
55 41
4 47
74 23
92 93
66 60
85 59
0 73
46 55
85 2
71 61
53 62
13 9
30 75
27 36
92 68
0 28
35 15
62 55
22 55
28 29
89 75
6 90
47 77
69 35
97 80
93 54
28 49
41 27
91 33
32 15
53 43
89 99
12 63
51 62
1 77
3 52
84 84
67 17
7 22
36 77
94 71
49 43
69 81
59 34
53 13
25 11
73 19
51 49
8 71
52 27
8 18
11 24
31 67
57 97
8 59
54 70
77 81
26 40
49 90
44 59
15 75
70 10
9 11
70 13
72 89
76 99
53 19
57 5
31 84
15 19
8 64
91 15
38 46
90 21
14 25
24 70
65 6
66 41
93 70
24 64
36 27
25 60
71 0
1 63
33 77
43 22
71 74
17 15
83 33
92 86
79 54
4 85
99 69
56 9
37 73
41 63
15 2
14 95
4 92
30 53
75 67
61 68
15 1
80 13
95 18
40 49
86 56
17 80
37 33
50 35
81 70
13 48
91 16
9 18
45 80
48 16
53 68
46 31
6 88
94 29
21 75
95 67
97 45
70 14
98 45
86 26
99 7
99 45
68 46
87 69
70 63
43 86
58 0
42 11
86 48
86 87
93 80
51 19
88 81
85 55
91 17
43 87
2 39
69 9
52 63
25 20
77 64
34 0
2 41
68 52
55 65
81 80
90 33
25 91
32 10
86 1
26 59
25 6
38 13
52 70
88 6
36 65
30 47
82 10
70 9
59 4
23 1
46 9
12 58
44 1
17 30
8 58
0 49
55 75
10 63
29 24
13 39
21 12
32 19
95 53
61 25
81 39
87 29
0 36
4 10
41 36
72 8
13 72
71 89
60 53
20 20
31 82
92 96
14 16
78 77
41 86
91 90
90 93
64 97
50 0
32 47
65 47
18 52
24 19
81 57
74 39
13 20
77 97
56 27
23 60
22 87
76 91
42 73
98 44
17 41
45 97
9 48
68 99
19 4
84 35
90 88
80 10
53 98
19 3
77 15
27 50
5 0
31 11
48 65
32 35
4 0
51 33
71 51
96 72
56 24
37 96
76 12
65 52
95 58
80 26
46 71
86 16
25 36
72 26
90 97
87 30
86 96
15 5
19 58
19 64
58 77
63 82
59 83
13 21
49 65
61 96
22 43
24 87
14 9
73 41
41 46
92 47
53 23
14 71
89 54
83 92
39 11
23 40
0 1
83 21
7 44
33 48
43 3
82 72
54 52
59 72
93 90
57 73
74 18
24 75
48 95
25 49
80 89
29 57
42 26
2 47
65 60
79 24
69 50
49 44
48 34
4 64
19 62
3 14
2 90
70 20
19 95
82 28
22 18
84 19
52 34
68 62
9 4
43 79
56 61
54 34
27 34
98 24
31 63
51 13
39 0
18 8
14 96
54 93
34 74
35 36
6 7
98 57
54 65
55 82
39 9
27 13
96 28
38 32
36 64
13 56
22 84
41 13
97 1
67 10
95 30
17 63
46 1
57 38
56 20
67 75
47 25
99 46
52 97
26 11
75 71
0 96
90 91
6 43
67 29
3 24
38 61
31 45
99 8
82 90
73 20
47 62
95 42
68 58
39 32
67 34
6 44
37 15
83 96
34 80
68 1
16 29
53 12
14 47
67 82
16 51
58 85
6 42
49 53
24 66
85 33
70 66
44 33
6 99
65 58
6 21
77 56
36 1
24 77
72 87
80 33
45 55
42 89
11 99
10 87
34 91
66 54
15 99
93 30
80 32
73 6
96 73
90 87
91 30
93 41
92 27
58 87
98 27
99 3
80 25
41 98
55 9
59 9
58 37
10 36
95 90
63 31
94 59
91 1
3 70
82 13
11 78
79 61
31 89
13 70
3 40
46 82
46 74
49 20
27 41
89 29
26 86
60 33
64 50
84 90
95 86
48 26
26 13
72 95
76 35
32 80
33 53
17 51
59 57
95 70
4 32
76 54
56 45
83 14
19 97
49 40
43 23
56 22
57 92
21 4
29 93
34 24
65 1
62 31
29 65
49 98
0 32
8 80
38 17
79 67
21 84
15 17
76 53
28 21
50 1
6 30
15 76
42 36
10 5
84 92
85 58
17 81
82 62
9 9
72 62
79 56
10 84
49 38
23 59
52 41
59 13
73 26
0 92
76 81
39 98
63 11
30 30
57 1
53 90
11 12
61 26
29 99
14 10
99 86
47 12
50 30
22 53
50 65
54 25
47 10
43 6
85 52
92 51
78 88
81 12
24 68
46 40
68 32
47 98
81 38
10 78
1 74
7 1
65 56
75 74
48 77
85 43
76 87
41 97
41 15
77 37
51 35
74 7
46 0
75 4
45 2
86 35
38 27
37 63
95 16
71 23
69 44
3 79
12 29
67 19
48 8
19 0
96 44
10 32
11 82
42 80
24 58
32 18
78 57
83 87
77 4
93 23
68 72
47 96
70 8
17 98
47 55
33 83
57 6
28 96
64 26
10 93
78 78
9 14
93 72
66 21
0 37
94 5
51 80
75 82
27 7
4 23
79 87
99 80
55 95
50 51
74 2
89 10
53 44
64 49
3 44
48 83
4 19
44 27
6 23
65 94
65 33
43 36
53 85
46 24
25 33
46 61
33 36
36 16
93 58
18 29
24 55
97 89
19 75
73 78
25 96
16 92
27 71
75 39
17 10
81 14
88 97
56 23
43 50
4 62
20 62
85 47
82 63
67 55
36 68
4 46
69 28
70 39
79 89
90 36
1 75
30 88
18 54
69 17
42 9
41 18
85 7
70 11
15 22
10 50
9 56
35 50
43 18
54 15
95 25
89 14
11 98
9 82
81 82
42 74
23 65
30 76
98 86
11 41
24 4
60 47
67 61
47 94
14 85
74 17
7 90
4 68
86 49
1 55
69 40
33 1
58 72
47 45
5 17
59 21
90 95
98 39
85 95
34 3
70 64
35 94
58 17
17 83
93 84
7 19
83 77
78 48
96 13
31 8
54 60
93 79
31 75
16 16
91 64
63 69
52 50
28 18
7 3
40 39
7 55
27 81
83 41
66 27
65 97
14 19
17 17
36 28
82 47
15 60
81 4
43 37
0 62
60 31
65 93
90 54
85 83
19 25
17 78
65 37
70 18
77 35
44 29
5 32
50 50
51 34
66 52
27 8
41 52
30 81
93 82
17 77
87 72
49 37
15 86
19 28
66 11
18 85
7 80
32 12
53 54
83 89
15 83
42 54
41 54
16 44
50 20
61 45
13 55
38 8
59 55
34 44
98 30
46 91
89 36
31 16
49 22
19 27
91 0
96 24
0 53
91 60
84 0
33 55
14 65
91 10
92 19
18 24
72 82
86 80
43 33
18 27
64 10
64 65
15 74
36 53
17 24
42 15
9 54
69 65
43 47
89 71
62 97
91 61
73 73
87 52
86 6
54 86
45 18
14 5
55 44
0 51
60 14
37 35
21 96
66 77
69 18
66 29
97 48
73 91
97 68
44 81
13 14
14 74
67 28
94 20
0 8
96 43
99 48
36 50
23 24
70 74
16 47
75 0
63 32
51 76
37 25
4 90
59 41
79 50
24 26
60 30
43 11
7 4
67 87
42 66
7 57
21 33
11 40
43 14
77 14
21 86
54 18
41 14
34 92
74 73
16 42
77 99
46 99
17 68
78 61
46 42
5 59
43 90
1 44
46 48
90 7
14 98
58 1
66 64
28 56
84 81
4 42
13 10
56 34
22 48
75 80
43 31
58 82
48 12
76 7
18 41
57 51
30 90
88 38
63 91
60 89
26 3
72 94
40 82
95 11
88 40
68 25
9 73
55 22
32 86
71 22
78 25
34 75
33 0
23 38
27 17
93 13
29 87
30 79
88 20
0 79
24 10
16 94
67 12
90 26
63 17
74 50
80 68
93 39
64 72
37 37
68 39
43 16
35 13
18 56
41 70
64 17
53 5
33 58
0 13
14 13
10 54
52 14
43 25
0 88
44 26
88 52
59 90
34 51
78 9
9 28
67 25
12 13
57 7
61 93
18 45
15 64
31 56
73 81
2 13
4 12
12 92
8 2
12 36
44 93
93 55
88 36
7 24
97 90
60 78
6 86
20 50
90 0
41 77
98 9
33 71
53 63
32 27
67 51
10 59
68 70
62 75
20 70
44 69
44 73
75 65
84 60
36 24
34 49
17 21
94 25
98 93
2 61
46 94
76 49
16 5
6 15
26 55
85 49
15 48
82 8
61 2
40 81
87 26
76 77
76 97
10 2
88 71
88 86
76 46
36 0
84 74
93 6
19 16
8 34
63 19
75 22
60 81
65 21
61 40
46 63
12 15
87 50
32 23
83 12
58 25
94 96
44 70
63 12
54 0
83 95
71 92
6 65
68 82
41 10
51 15
15 37
61 1
19 63
2 99
15 38
79 37
78 91
72 33
71 24
37 98
9 3
58 79
36 8
91 47
11 74
32 63
5 85
39 41
81 81
49 68
96 77
37 19
44 19
3 37
37 55
32 0
22 74
49 21
13 61
35 19
32 8
38 87
23 69
39 38
37 90
25 73
29 98
75 56
10 81
28 61
27 14
35 1
14 37
50 84
91 88
67 30
74 72
1 14
2 31
47 44
30 82
2 21
81 10
21 30
82 35
40 65
78 79
41 87
77 40
40 51
10 85
79 7
63 64
83 19
17 18
0 12
69 92
5 54
99 9
24 72
95 87
61 65
50 38
40 59
43 5
21 7
34 67
97 24
38 14
65 57
82 37
74 44
23 94
77 52
52 43
97 64
46 76
26 35
78 24
97 23
80 94
74 64
97 86
31 85
74 70
30 40
26 29
10 72
73 83
33 31
44 13
98 65
95 46
60 20
21 43
98 53
70 51
60 24
6 33
6 85
46 88
20 34
44 68
95 2
14 90
75 60
94 77
20 21
23 76
68 12
63 49
63 28
32 54
11 28
84 34
50 75
44 40
11 16
94 40
70 16
82 29
96 58
89 19
39 58
61 30
96 48
8 61
6 60
94 80
27 64
26 49
7 83
85 61
89 38
1 86
64 11
47 15
37 40
45 45
96 5
1 16
82 80
43 27
62 51
51 95
7 99
58 49
95 39
44 20
87 8
69 6
55 90
12 71
50 31
84 26
76 22
31 18
36 31
6 53
73 34
87 35
83 55
17 57
94 54
91 87
24 43
71 25
64 79
92 80
79 6
5 8
84 50
44 11
29 15
79 39
16 2
29 58
51 79
58 61
58 90
21 32
22 93
39 55
27 75
37 12
62 14
26 1
18 48
9 61
2 1
3 28
26 81
89 62
9 71
74 24
67 70
56 84
26 58
4 55
16 88
13 71
91 95
72 44
82 48
42 75
60 65
8 56
35 43
96 26
4 5
94 7
18 2
80 42
88 82
91 68
22 56
89 60
21 63
7 67
19 52
24 74
0 98
53 67
38 79
63 81
48 52
22 65
88 68
10 34
10 6
10 28
1 10
62 3
61 46
14 41
94 72
71 45
36 56
13 83
81 77
8 79
33 69
10 40
2 34
29 66
59 36
76 67
90 9
94 56
50 79
53 16
90 18
33 47
86 51
47 70
84 7
60 73
97 41
54 87
23 73
70 1
54 36
76 48
88 24
9 20
42 51
82 2
73 37
58 18
82 49
69 89
68 36
37 61
24 79
65 88
87 47
60 99
29 89
26 93
95 95
32 52
74 57
2 66
71 3
64 83
6 35
68 14
8 29
3 19
62 99
11 71
29 54
49 19
37 47
17 14
85 12
86 10
32 81
31 1
21 31
64 36
83 11
1 3
43 65
78 98
94 84
5 75
47 57
89 61
63 1
25 47
77 83
2 62
68 90
7 30
99 85
23 99
18 66
25 29
72 28
22 59
45 78
33 17
69 95
19 56
60 2
97 96
61 3
88 21
91 39
22 17
75 81
85 62
40 57
12 4
42 28
7 41
42 81
35 42
0 87
8 52
30 27
76 30
22 42
71 86
60 85
51 60
49 34
78 38
2 93
85 17
80 23
23 51
16 10
57 27
93 22
79 84
79 62
62 66
16 60
31 91
75 45
90 82
99 77
95 27
13 43
79 49
49 64
99 50
55 54
88 43
28 50
70 72
20 96
55 92
18 90
3 7
43 24
78 73
49 97
96 46
88 5
74 69
18 88
19 36
5 93
67 44
52 68
3 65
65 51
35 86
72 68
79 25
51 38
18 35
53 74
74 34
52 23
4 58
39 34
74 22
11 45
69 48
9 69
42 7
70 94
46 95
9 83
49 71
0 64
20 41
66 42
57 76
89 32
80 84
13 6
61 42
36 14
98 97
46 84
90 50
86 93
47 47
16 95
34 90
96 16
1 91
91 74
64 9
75 44
29 38
86 40
37 16
52 78
43 21
13 89
35 99
41 16
34 98
44 80
48 44
37 50
59 93
55 62
62 22
46 20
47 0
1 89
44 50
1 52
20 67
82 27
77 31
65 39
94 50
84 98
97 75
15 95
74 28
91 65
69 56
61 87
89 41
69 13
66 24
31 87
50 11
41 17
32 39
27 80
73 51
63 53
44 91
84 44
52 31
14 70
77 98
63 74
36 23
59 86
70 23
58 12
63 2
77 42
11 93
84 99
29 72
66 14
32 96
78 76
91 86
1 81
80 40
7 37
86 71
6 84
84 83
29 61
81 63
99 71
84 4
30 66
44 3
80 57
87 78
44 71
98 6
2 81
81 94
2 19
24 71
35 4
34 76
21 76
34 72
77 18
24 39
61 75
7 20
87 13
50 4
92 13
38 4
17 93
82 38
6 69
18 91
26 83
74 97
59 82
96 99
6 17
53 38
83 20
40 79
36 57
51 46
97 16
59 31
52 94
78 82
75 31
36 87
36 90
27 92
81 15
33 60
89 55
3 43
11 69
7 2
76 59
27 87
42 14
14 34
97 65
89 21
5 50
16 30
17 27
26 74
80 29
33 78
45 57
66 86
70 84
92 8
83 63
55 67
88 1
76 70
12 44
1 66
96 57
31 40
41 75
86 36
45 49
46 17
92 45
98 50
31 23
80 54
98 60
45 19
96 55
22 99
99 13
44 90
93 15
58 32
69 34
52 79
37 9
43 92
69 80
50 27
11 76
79 76
65 64
25 81
34 13
3 34
25 58
15 42
97 13
69 67
60 57
56 96
21 70
75 53
15 28
32 76
92 69
24 82
70 24
97 31
59 76
78 58
82 95
34 66
66 70
67 71
53 94
79 97
80 98
30 98
96 29
29 37
68 73
25 75
48 64
65 54
66 2
59 56
49 72
28 39
96 32
16 90
87 27
78 90
62 20
80 75
2 92
44 82
37 28
10 88
89 39
44 99
59 92
99 56
60 55
20 3
14 99
28 82
57 17
93 46
10 99
77 49
21 60
33 94
69 97
27 89
4 95
42 64
27 22
83 44
91 6
57 18
13 65
2 79
49 25
69 82
92 55
59 6
97 44
98 34
53 79
80 47
32 42
85 14
77 44
96 8
39 28
98 87
95 92
65 69
22 5
63 40
33 46
88 98
18 31
61 80
30 54
26 70
99 20
77 88
87 38
54 58
10 76
87 97
8 9
43 71
3 22
9 96
46 18
15 61
87 68
76 9
85 98
50 98
34 43
70 96
46 73
93 64
47 5
83 91
41 51
74 51
76 56
69 98
66 31
95 89
83 57
91 54
14 42
23 36
90 68
91 79
32 69
44 12
14 49
2 65
5 34
4 76
36 25
27 40
2 97
32 3
25 89
43 73
37 78
80 82
9 10
75 66
34 47
64 5
55 70
44 58
9 79
84 24
78 75
42 98
31 20
9 31
26 46
57 34
61 86
51 87
93 40
14 6
20 22
57 60
21 28
4 79
39 61
51 18
49 80
77 58
92 12
44 42
51 29
36 47
97 29
10 92
27 11
87 10
61 94
21 13
76 38
31 88
50 17
65 9
69 59
26 92
28 68
59 94
37 69
47 76
10 96
13 26
38 68
77 45
45 8
74 65
41 76
58 47
63 34
19 54
7 65
43 80
14 72
46 30
46 79
67 4
47 78
30 24
79 36
27 63
57 53
90 42
4 49
72 37
29 75
22 41
76 75
55 30
99 78
43 30
41 74
61 5
63 33
28 71
77 96
25 53
90 5
29 35
95 31
70 19
45 0
9 63
69 43
95 60
84 63
78 12
39 27
32 46
84 96
5 23
2 64
40 85
86 99
83 27
13 66
39 93
52 57
31 57
55 5
52 72
63 98
49 24
68 87
67 37
49 18
66 63
21 19
44 4
43 85
24 31
61 95
2 50
9 97
3 80
13 93
76 92
37 8
84 11
20 66
92 11
21 16
66 89
66 16
6 6
94 51
6 9
83 88
8 51
68 34
83 48
70 46
30 23
41 91
21 29
13 84
34 83
89 44
40 2
96 11
64 73
12 85
87 93
81 11
50 55
4 17
4 57
75 28
59 63
73 33
33 21
78 17
24 48
70 67
98 40
24 83
94 38
12 27
35 24
30 91
88 31
58 59
34 42
15 53
85 53
96 1
64 25
40 5
18 13
99 91
65 78
59 1
58 44
52 15
6 74
61 58
55 42
14 84
80 55
76 68
43 63
58 22
31 70
51 26
59 74
38 78
85 50
43 88
4 41
84 66
52 33
64 16
62 61
10 39
46 45
67 97
47 89
59 99
31 50
47 2
49 35
95 47
15 35
12 50
60 19
84 36
10 38
94 74
27 42
16 24
56 82
63 36
2 37
6 3
9 87
65 96
24 98
76 14
60 23
32 34
60 5
86 22
28 6
2 3
9 43
28 85
37 43
88 65
90 31
84 17
0 14
62 30
38 19
63 88
46 81
52 30
39 30
91 63
7 6
62 56
93 36
81 85
35 55
5 89
49 85
73 76
6 16
74 78
68 2
15 68
9 98
66 0
31 31
0 11
95 7
34 29
51 22
6 70
54 80
78 29
65 4
6 83
69 38
96 20
71 62
18 99
74 29
28 32
56 72
38 84
42 55
78 54
16 34
41 25
79 79
27 2
49 73
86 33
78 94
99 84
79 60
38 80
32 71
93 77
97 53
81 16
8 12
48 9
9 52
30 26
8 38
66 61
1 84
40 16
86 95
20 65
78 67
29 46
52 75
69 94
23 3
72 65
98 90
66 15
68 11
4 73
27 38
98 94
20 68
36 80
22 69
10 77
10 31
58 11
66 82
50 85
14 54
63 24
26 25
91 2
47 56
10 10
5 13
35 39
55 2
20 32
8 14
24 12
34 48
18 77
16 54
97 39
15 32
49 9
7 43
35 17
54 79
20 97
82 39
25 56
1 1
43 29
47 53
19 93
76 6
88 77
78 11
17 16
62 63
44 53
45 22
18 18
61 36
89 77
41 9
81 25
4 4
66 17
69 76
61 39
21 14
90 89
63 37
40 1
80 0
2 25
92 91
24 73
71 79
52 13
53 80
49 16
3 81
94 67
20 45
67 49
92 74
1 64
99 59
39 44
60 91
26 23
25 18
78 97
78 35
92 39
31 46
28 94
75 62
65 46
40 35
3 76
90 3
22 63
52 73
14 11
56 80
82 82
71 15
13 15
13 45
11 66
34 4
1 43
52 18
83 35
32 49
2 32
40 0
20 29
84 61
36 67
17 48
48 33
12 56
85 90
13 19
81 73
11 15
64 52
79 90
42 19
89 46
45 23
5 57
48 37
31 12
46 60
83 2
67 23
54 7
33 6
12 24
36 61
30 2
94 1
56 37
38 83
13 96
43 28
29 55
68 8
24 5
63 38
96 37
84 85
74 16
17 39
26 26
10 51
19 30
22 30
23 50
21 58
30 18
58 38
4 50
78 51
57 87
86 74
37 3
76 90
55 77
16 0
65 7
18 87
56 70
26 8
40 6
63 93
40 87
56 90
13 4
43 81
75 5
53 8
27 68
92 57
29 3
40 20
15 46
4 84
6 14
53 58
30 20
20 5
17 96
2 45
26 14
54 38
90 27
18 53
10 68
41 90
48 68
88 29
55 18
74 6
83 46
92 99
35 59
87 11
35 31
70 62
41 81
97 35
43 82
42 6
81 20
33 2
52 36
97 20
28 84
39 88
8 44
56 8
86 78
96 83
61 19
95 6
45 81
19 29
92 89
87 21
11 70
43 49
42 93
14 81
64 63
56 36
90 70
40 25
18 42
32 84
8 45
67 90
70 0
6 50
54 23
39 76
51 91
78 62
30 34
32 60
52 4
72 72
32 56
57 90
57 24
61 72
10 20
86 37
67 31
73 71
49 83
23 62
21 38
4 24
87 7
52 10
2 94
88 80
55 33
21 59
19 32
78 96
54 43
54 50
3 83
20 24
4 59
17 94
91 19
7 46
47 18
67 59
78 31
31 61
32 64
16 69
55 35
64 48
0 24
12 55
88 27
60 87
7 85
60 9
56 59
51 41
49 29
73 59
80 44
83 84
75 3
74 89
62 28
65 19
33 32
61 44
88 92
64 31
38 71
68 53
36 19
54 81
97 63
62 24
56 75
61 35
12 46
93 27
64 39
82 70
9 22
81 30
66 8
23 67
88 94
97 34
64 29
25 86
59 44
61 15
94 26
59 70
18 26
95 34
0 66
65 72
85 10
99 52
38 33
7 16
69 30
16 52
55 40
99 87
58 2
20 7
49 86
64 8
58 9
72 38
70 7
43 1
54 26
43 99
25 76
39 95
16 31
34 12
50 26
55 4
11 54
78 41
20 71
62 69
15 94
73 79
11 3
10 37
27 37
65 24
48 40
77 67
26 37
32 66
73 29
43 42
35 92
95 37
17 85
5 69
9 53
40 83
35 21
73 4
90 43
18 60
4 27
76 8
45 41
35 6
6 61
50 48
78 89
32 22
33 76
92 38
13 74
34 16
79 58
2 38
4 11
83 97
15 97
90 37
65 98
76 1
38 62
73 27
57 86
80 20
52 6
55 55
51 1
21 90
20 83
25 28
58 14
12 79
50 70
90 80
83 38
77 32
77 6
85 73
12 48
92 49
70 50
21 46
25 9
18 74
5 96
46 65
4 43
46 25
2 88
91 91
32 59
41 89
85 56
18 3
27 25
38 40
87 43
30 69
15 96
78 56
32 20
28 97
13 24
80 21
71 88
66 48
12 94
82 36
71 28
26 10
10 74
27 32
12 17
52 87
28 74
34 6
73 66
24 34
23 66
32 30
34 41
41 20
99 90
76 96
65 68
77 57
99 63
43 58
71 78
15 15
50 56
5 71
72 31
49 15
30 52
79 48
0 15
90 8
31 24
63 72
90 30
50 10
50 78
85 22
54 48
87 59
88 32
8 22
13 2
79 63
3 31
97 46
16 37
12 22
77 69
58 65
7 97
15 56
97 88
80 51
42 59
28 54
4 89
63 5
91 51
1 70
60 98
98 28
39 80
44 34
47 36
48 14
65 8
49 41
93 91
7 48
27 5
46 19
1 20
42 85
15 71
79 10
86 72
36 38
63 68
24 13
92 83
81 58
77 12
82 33
84 93
44 66
34 7
56 57
50 7
16 50
30 50
74 47
9 94
53 35
29 71
78 16
3 41
51 75
13 5
18 55
51 8
44 47
86 83
53 17
81 45
66 66
47 9
32 26
20 75
91 78
9 6
68 31
65 67
38 29
23 70
45 60
54 51
15 69
39 37
31 15
17 28
89 76
28 22
6 64
74 33
3 61
65 62
43 0
40 40
54 94
76 98
51 4
36 45
45 15
94 79
38 93
21 20
41 82
26 63
19 88
90 45
48 86
39 68
90 14
71 47
81 75
17 66
26 67
96 97
40 66
21 82
83 45
27 9
3 54
56 76
35 56
43 97
39 67
3 98
55 17
57 42
54 8
3 30
56 94
20 17
23 82
68 0
1 48
68 93
86 63
61 52
5 5
64 45
54 42
41 32
84 31
14 14
80 64
53 71
81 47
11 86
71 13
26 82
73 55
8 46
96 42
17 49
99 34
53 45
6 97
18 86
68 20
73 82
44 14
72 14
92 85
19 13
84 28
72 64
93 71
15 7
10 11
12 52
14 78
82 76
98 79
41 45
38 94
21 40
49 92
59 8
61 63
92 48
32 13
23 57
56 62
39 91
40 41
41 58
32 2
47 23
23 34
77 55
10 15
45 1
70 45
80 45
19 72
9 17
27 60
75 77
69 10
67 85
53 2
79 68
89 79
99 32
34 78
49 14
70 27
40 69
24 17
56 99
98 56
74 71
77 26
74 82
93 98
37 84
56 79
88 23
10 4
60 6
2 46
75 59
67 45
30 11
35 3
1 71
32 50
40 36
28 87
94 94
35 30
19 22
12 12
43 55
20 0
80 59
25 92
67 62
85 84
13 33
42 67
87 46
68 27
97 56
52 9
68 61
27 78
46 5
22 61
41 33
26 48
70 30
45 96
46 70
83 70
31 77
11 33
44 88
92 70
2 24
74 3
26 33
13 46
28 51
36 93
95 10
19 50
33 14
3 5
51 67
45 12
96 80
52 66
88 47
63 43
51 99
75 93
81 3
64 40
91 97
11 83
40 86
37 38
37 91
96 33
57 45
53 76
63 75
56 42
42 63
13 68
11 31
42 90
80 8
96 96
92 7
40 53
9 90
31 69
25 4
48 10
89 16
0 60
35 69
60 0
50 33
23 12
71 84
17 25
95 32
73 50
8 73
16 45
89 27
45 71
91 20
65 34
27 83
40 97
93 19
3 60
22 31
16 19
80 36
13 30
27 43
95 29
5 25
41 72
49 2
41 47
57 28
85 16
81 95
60 45
34 15
90 62
19 11
53 30
30 1
60 88
36 22
75 26
60 70
71 7
71 73
27 94
87 90
71 87
47 64
81 60
58 96
38 73
25 78
4 8
76 31
56 12
18 65
60 4
5 97
70 12
37 36
22 44
24 49
26 36
52 88
76 5
74 81
2 55
20 8
98 31
86 60
95 98
0 75
77 0
20 39
97 38
81 55
94 95
18 94
56 10
60 17
80 60
89 53
65 43
41 34
24 28
68 47
38 25
91 71
38 20
45 27
78 42
47 39
45 92
53 18
36 66
74 49
0 31
55 73
52 67
85 76
3 18
81 53
87 2
31 5
79 85
1 96
12 93
47 75
36 34
96 4
14 12
47 84
55 32
95 73
96 7
27 88
1 69
88 55
55 36
29 80
10 49
95 84
32 95
57 39
57 83
57 88
86 86
59 0
63 44
62 26
16 76
8 19
55 80
15 59
31 90
29 95
51 48
75 83
1 76
39 73
86 34
96 36
92 78
29 69
95 77
7 47
40 7
7 98
30 22
26 24
14 75
69 42
67 72
38 10
36 74
25 17
41 66
55 20
29 50
47 82
49 12
69 54
18 89
60 15
7 84
62 1
23 74
12 43
93 14
6 20
57 19
60 77
57 30
74 86
7 23
30 19
2 4
65 55
4 94
12 9
9 1
67 69
8 7
15 55
9 81
4 28
40 55
69 77
80 5
41 2
27 95
94 35
36 33
4 91
76 72
4 25
92 43
20 49
94 93
82 14
39 10
99 31
47 30
93 63
53 15
57 68
23 48
66 5
24 21
31 19
61 97
34 9
25 52
31 26
32 5
51 11
1 5
67 89
83 30
37 4
31 2
34 65
4 14
69 71
6 10
73 36
45 67
67 14
26 15
33 43
54 6
54 99
98 80
40 64
27 21
2 67
77 27
0 94
79 98
21 67
50 18
89 6
38 75
38 7
1 39
25 2
62 77
25 65
93 52
88 34
26 21
65 32
76 42
68 78
47 67
19 41
62 88
49 93
57 65
21 39
56 46
4 65
23 86
80 79
89 0
8 57
42 49
69 63
44 9
22 32
27 59
11 34
19 44
2 42
29 86
7 53
78 36
94 68
94 61
83 7
86 69
63 10
46 3
18 67
80 91
10 55
28 30
33 59
84 30
1 25
95 54
24 14
48 62
43 56
35 93
8 69
75 54
73 49
76 36
54 10
10 16
65 10
98 62
62 93
17 75
2 98
87 40
66 20
17 36
48 61
94 63
79 17
3 47
79 27
98 72
73 75
67 80
59 12
25 42
82 58
0 9
82 18
16 84
40 93
65 25
52 40
6 11
51 6
64 95
68 13
17 5
60 59
16 35
39 33
83 42
2 18
20 4
37 77
49 63
44 96
54 61
84 54
50 21
76 10
55 16
77 17
66 71
29 85
88 35
78 34
28 57
18 50
3 95
17 70
63 89
84 72
48 55
39 15
33 54
35 64
89 3
17 8
54 49
25 31
62 47
32 4
56 32
15 72
81 2
76 2
72 59
57 9
91 82
25 87
66 93
37 59
64 33
83 93
24 2
1 78
91 94
25 61
71 57
16 98
46 89
48 29
18 30
58 46
69 2
15 23
85 93
50 19
18 69
82 4
86 43
31 59
26 22
96 14
85 64
84 42
64 28
69 7
37 34
3 82
26 4
60 10
84 12
53 25
90 34
88 15
1 95
77 28
18 83
48 94
50 6
76 51
85 87
64 87
4 2
71 35
64 81
71 32
40 32
84 20
60 12
50 12
99 62
48 45
29 60
96 56
7 0
83 17
79 29
56 3
86 61
94 24
97 70
16 1
91 45
47 79
50 96
3 2
83 8
7 54
54 85
75 58
98 75
61 76
0 45
99 16
21 97
29 41
17 54
34 39
3 15
9 40
77 21
81 64
34 82
79 51
42 94
86 82
93 3
11 95
86 65
72 80
30 44
9 74
66 37
68 66
81 24
97 26
45 70
16 41
37 2
68 94
54 66
39 53
69 14
45 66
53 41
37 76
10 21
10 35
2 58
5 21
0 0
31 81
5 90
82 55
30 94
31 79
60 27
8 48
9 38
46 49
34 93
72 42
26 27
46 4
80 67
82 41
12 26
73 7
72 25
11 26
0 41
29 28
20 86
23 91
55 27
44 39
63 80
19 87
13 47
16 56
39 4
46 98
56 29
41 24
78 6
1 17
99 97
83 25
6 82
93 44
8 65
91 89
16 20
13 82
9 65
58 28
32 51
60 50
57 85
37 68
8 70
67 0
98 84
82 92
29 11
8 13
9 7
56 87
17 79
32 32
12 96
44 74
2 76
20 33
42 16
60 16
78 70
84 43
48 42
58 4
29 81
42 65
66 90
48 47
56 41
80 97
78 63
87 14
80 61
13 95
71 38
14 94
63 51
16 82
17 95
43 69
97 0
51 36
75 96
36 92
47 83
66 55
53 14
28 24
68 3
14 43
21 94
56 1
16 66
6 87
30 62
57 40
86 47
60 94
26 51
63 62
65 31
91 58
50 54
11 81
42 5
11 51
80 35
80 81
44 41
67 46
88 78
99 70
69 19
85 89
3 87
19 24
3 66
71 65
67 56
12 61
96 6
5 74
40 70
53 40
59 20
82 65
9 64
1 29
85 36
46 96
84 21
19 65
36 88
69 36
27 45
18 38
32 58
63 86
1 9
31 36
25 55
62 18
77 87
65 84
86 70
64 30
92 71
46 59
25 24
83 79
90 81
2 85
21 50
58 89
83 74
76 69
45 69
51 84
6 13
60 26
63 57
29 59
92 82
74 90
72 74
1 92
67 93
83 83
90 75
17 3
80 37
13 58
8 86
82 56
16 13
59 25
8 91
39 51
38 11
81 74
15 41
50 67
37 56
61 81
4 44
0 3
27 79
10 82
91 92
59 3
61 67
63 48
19 12
74 14
16 80
8 76
32 93
63 61
17 89
51 24
73 69
39 79
5 46
77 30
25 85
83 53
70 88
11 4
74 96
60 82
23 27
52 98
90 73
75 16
37 65
62 4
86 15
92 31
60 93
72 75
62 12
13 63
7 82
9 86
79 15
26 34
56 33
81 21
86 66
98 95
32 79
61 14
86 46
22 52
30 10
35 81
25 77
90 96
6 40
18 58
89 65
82 16
51 55
59 61
39 1
28 45
47 48
2 52
40 21
31 54
42 86
30 95
97 61
17 44
39 60
16 22
3 93
50 99
48 1
5 56
96 59
85 96
87 94
75 20
47 59
22 60
0 44
64 64
3 51
1 73
97 43
45 53
86 2
69 52
90 74
78 13
42 48
69 23
21 9
76 93
84 69
92 52
31 92
89 42
23 8
15 73
65 14
41 68
68 43
49 17
33 51
16 74
92 54
50 57
83 76
25 74
38 12
66 6
50 46
19 42
98 71
8 92
98 69
86 98
64 15
81 9
44 30
78 86
95 15
6 59
71 2
23 64
13 88
80 73
55 60
51 30
67 8
2 28
4 36
94 3
56 5
90 16
38 30
54 77
98 59
39 8
93 16
13 32
56 54
21 85
60 95
15 6
72 88
90 15
52 17
55 49
31 10
63 6
33 75
62 41
75 24
46 46
64 38
45 47
77 34
45 76
61 77
75 21
77 23
53 26
45 61
53 6
67 79
54 47
19 60
35 51
56 31
52 26
87 51
91 5
55 6
91 24
67 88
75 15
16 81
95 36
84 48
56 85
42 23
43 74
79 18
25 84
31 9
45 85
17 33
70 89
65 22
33 15
13 81
44 52
12 40
5 19
26 45
27 52
37 22
53 84
26 30
87 81
82 73
5 70
61 99
45 54
73 15
54 9
86 58
83 98
71 19
27 47
61 70
72 78
73 32
7 31
62 74
65 63
19 79
2 53
24 11
29 32
56 60
39 42
93 51
86 94
72 3
27 54
64 22
3 86
32 36
48 70
50 86
37 95
92 15
79 94
95 75
46 44
26 87
23 4
32 83
71 11
74 38
57 29
18 64
77 78
56 39
20 58
54 4
84 51
4 53
22 82
0 85
55 15
48 50
31 64
2 43
11 8
41 28
81 34
56 92
44 97
32 67
3 13
5 55
48 46
88 88
35 62
9 58
62 50
69 47
48 80
22 58
37 60
62 27
14 27
29 7
75 12
59 15
43 61
70 65
54 67
91 31
59 19
19 7
95 21
42 44
89 68
2 14
75 33
42 29
89 47
16 6
51 52
82 67
90 66
87 84
93 28
63 73
63 21
78 1
49 13
74 15
96 76
31 83
52 96
52 61
83 9
13 85
76 71
38 66
93 95
38 76
94 83
14 55
14 57
55 14
72 90
84 87
98 41
13 77
91 76
17 72
8 63
53 39
74 25
93 76
92 97
28 14
79 9
64 37
27 66
61 29
65 79
34 87
86 75
98 77
62 19
2 60
56 30
8 32
55 8
89 94
11 38
12 20
3 38
49 87
26 18
72 18
51 5
25 10
43 62
24 56
3 23
33 92
30 67
52 54
88 91
80 24
77 50
81 29
88 48
22 67
50 22
16 49
11 85
31 22
59 26
54 28
88 73
78 49
35 67
2 56
2 22
2 15
45 65
30 28
66 83
61 34
12 14
6 49
87 41
45 84
14 87
28 70
85 6
9 47
67 7
43 67
75 64
8 94
40 44
67 27
57 0
14 40
37 30
38 54
22 86
50 90
74 59
56 58
1 28
38 89
50 32
22 76
18 5
83 94
58 66
84 13
16 61
82 20
51 28
77 51
92 14
99 12
38 88
22 46
20 18
28 83
54 71
85 69
99 73
2 71
73 48
49 39
64 43
3 12
31 38
99 64
84 18
53 56
24 97
20 64
44 44
77 76
72 7
77 72
22 10
82 12
45 21
7 68
21 44
52 59
22 22
82 99
16 11
4 78
40 56
29 23
39 92
82 31
35 25
82 50
61 60
26 79
93 4
80 77
34 57
80 93
45 32
8 15
70 77
58 78
68 98
33 24
8 90
68 60
10 80
76 44
94 44
9 68
57 8
26 66
31 47
50 69
33 98
76 26
98 19
95 78
63 30
35 74
29 94
7 94
77 36
18 4
34 53
64 58
90 6
69 53
32 38
56 38
12 75
0 7
14 83
64 66
96 30
0 25
85 45
67 48
22 47
91 96
17 4
16 72
74 13
47 32
27 76
38 52
9 0
58 58
94 12
97 93
47 65
68 83
56 14
73 42
63 66
33 99
18 17
23 47
96 87
58 40
11 2
56 13
95 82
14 2
79 77
65 76
97 66
8 17
77 79
69 72
85 75
29 79
76 3
24 1
68 59
60 35
51 86
83 15
50 23
26 17
5 86
85 81
53 51
53 81
17 91
87 89
0 57
27 12
88 44
84 62
34 19
3 77
18 97
62 29
81 31
30 99
54 35
62 0
12 47
24 7
75 72
72 91
72 54
48 84
33 82
23 80
92 20
56 81
68 24
4 71
29 40
40 38
73 5
42 20
68 26
98 5
40 54
30 86
91 49
44 87
72 4
46 87
61 59
76 52
32 87
50 37
55 97
35 68
27 35
84 86
82 51
56 19
80 39
94 47
33 61
98 73
30 3
97 87
94 58
82 7
63 39
25 8
61 64
70 35
41 78
34 89
95 19
91 69
59 16
80 78
2 82
14 89
7 35
99 74
69 90
0 22
16 99
70 6
73 31
1 24
55 3
52 8
96 95
78 40
16 14
93 45
46 38
44 64
1 67
85 46
30 39
13 36
58 97
85 39
20 93
45 7
72 43
26 41
98 11
54 3
55 50
44 32
28 76
3 58
50 77
72 48
43 7
88 85
11 35
67 77
96 54
82 5
74 9
90 57
14 1
5 37
92 88
15 57
13 16
85 15
81 32
5 41
57 62
2 84
46 92
18 93
43 53
54 2
54 53
32 82
43 59
5 60
64 91
12 72
15 45
48 30
34 70
57 13
40 96
96 45
23 31
23 0
13 12
7 50
81 56
5 26
33 67
2 78
9 37
33 80
13 86
35 85
61 78
48 39
25 98
19 91
42 99
37 64
63 60
91 50
48 4
49 45
43 95
98 13
83 73
0 47
36 98
68 7
43 40
71 60
66 7
87 3
84 97
56 86
79 66
72 10
36 69
57 3
25 68
63 27
18 43
77 85
45 46
75 95
16 64
50 61
55 10
88 57
43 54
39 72
7 96
30 9
48 91
30 60
21 8
69 99
35 9
75 75
87 57
46 8
4 63
30 37
71 54
67 32
46 28
54 40
7 87
72 16
70 97
0 19
16 43
73 58
38 49
40 37
42 2
18 62
28 48
55 83
42 71
85 79
78 84
55 79
26 7
55 23
84 80
79 14
58 91
95 81
54 5
92 30
39 49
77 29
23 16
82 1
28 42
68 9
95 20
58 67
92 44
90 64
84 39
17 34
69 88
14 31
87 49
89 82
87 0
42 3
77 1
82 91
51 74
25 83
92 5
98 55
53 55
75 99
44 48
10 46
90 23
56 73
44 60
66 32
50 72
38 53
21 64
21 78
53 99
10 53
13 79
80 15
94 57
76 80
89 83
53 97
83 68
48 5
39 3
38 44
76 66
94 97
81 28
69 0
81 36
1 60
61 27
10 42
12 2
51 20
82 9
62 9
61 11
31 78
57 15
74 1
98 20
83 28
65 81
62 52
63 14
56 44
41 8
52 49
11 37
4 87
8 98
57 80
43 2
27 23
67 99
69 74
34 63
5 48
37 62
81 17
2 11
94 60
71 85
4 83
86 59
15 34
5 12
84 23
58 8
62 15
74 62
68 6
49 81
18 81
92 10
77 39
63 52
24 67
87 83
30 85
25 16
86 21
53 4
49 46
86 7
74 74
3 46
83 61
33 74
20 23
39 22
35 60
70 80
49 28
51 77
56 97
98 42
78 20
98 46
50 28
95 41
36 10
2 5
47 3
71 99
58 45
12 82
82 84
70 47
28 3
37 10
70 59
6 71
74 30
25 7
32 29
92 61
77 22
89 66
93 61
49 84
90 76
11 68
82 74
21 91
46 15
33 44
44 92
16 58
65 11
87 66
12 88
35 61
12 37
17 46
30 41
73 11
72 13
3 75
35 49
61 56
69 11
54 72
23 61
0 5
63 35
67 11
84 37
30 97
3 71
69 83
19 40
97 36
3 67
98 26
52 90
93 93
88 16
10 86
0 89
67 22
35 97
6 57
21 56
25 32
49 10
67 6
21 72
8 8
64 12
75 35
29 53
43 83
43 41
42 39
65 89
74 52
60 44
79 35
37 83
12 78
48 69
93 25
42 61
30 35
96 19
51 88
47 52
45 90
35 73
63 63
55 99
24 41
79 30
40 75
13 57
65 23
80 49
98 63
86 4
83 85
60 60
72 19
57 66
86 67
3 78
32 62
30 48
27 86
71 37
68 75
30 49
58 39
84 78
88 3
1 80
41 62
1 79
0 55
12 95
65 70
29 49
19 48
16 3
38 72
68 29
8 60
47 93
75 30
79 91
0 17
53 1
20 82
34 97
57 21
77 24
71 20
56 0
30 58
67 36
43 12
80 4
79 21
61 69
62 71
18 34
42 42
54 63
43 10
97 17
3 8
6 72
96 94
72 47
51 98
69 62
4 82
29 52
54 82
40 94
27 96
22 1
44 5
80 14
67 66
42 50
95 50
91 98
79 41
50 76
11 65
63 25
17 60
53 11
99 0
38 58
21 73
74 5
81 1
27 16
23 97
24 61
31 39
12 21
16 83
6 95
61 73
28 5
71 36
62 48
66 30
31 52
87 60
55 93
41 29
2 51
61 92
44 43
31 66
49 6
8 66
77 89
40 76
24 80
58 62
99 72
47 68
69 91
91 40
14 92
78 71
98 38
70 75
61 57
94 41
81 98
84 57
38 39
28 2
73 80
54 17
64 93
83 54
99 17
45 91
1 34
47 34
62 92
48 7
37 6
95 43
75 97
3 72
87 34
22 75
85 35
34 95
90 22
42 35
93 66
39 2
48 71
3 27
21 17
86 30
64 94
72 6
85 25
10 97
40 95
1 27
62 49
66 94
56 16
26 28
67 33
86 76
10 47
75 69
53 96
84 5
34 38
18 36
53 92
39 39
95 52
55 84
54 75
60 40
89 22
97 99
68 88
73 45
21 49
29 6
1 56
6 58
45 37
96 39
61 48
33 97
96 86
33 49
0 83
48 3
43 20
92 98
34 88
68 48
45 43
41 71
32 85
38 42
88 42
17 61
13 11
17 56
14 77
67 91
9 8
63 90
51 17
5 35
16 62
56 64
90 11
37 97
54 30
19 69
23 77
1 97
60 18
92 6
9 95
45 13
23 96
50 88
77 61
62 17
89 7
56 4
23 84
22 64
76 11
99 96
42 37
73 0
30 74
22 37
72 63
66 99
19 34
60 28
24 40
0 52
93 10
10 12
71 40
48 99
91 46
66 50
22 8
46 57
91 25
50 59
59 49
43 43
79 4
30 17
54 55
81 37
13 28
27 19
47 85
86 25
47 60
93 69
37 87
27 91
57 25
98 88
69 66
6 39
21 22
77 47
37 75
65 61
65 3
82 40
40 52
68 65
26 99
19 18
93 32
17 9
39 47
0 72
18 68
86 23
13 13
24 88
29 64
48 23
70 32
25 69
34 18
90 67
57 41
59 73
69 25
81 46
11 10
39 25
38 81
14 53
97 97
11 67
13 76
27 98
91 41
48 96
65 86
97 57
65 90
78 83
11 55
44 21
19 74
80 95
48 51
75 11
0 93
94 31
18 37
35 16
80 41
22 98
74 79
48 53
94 15
46 14
92 40
77 2
87 20
66 13
36 75
63 71
28 65
15 87
79 86
31 58
99 65
2 87
9 41
13 41
30 92
44 37
5 30
94 98
26 73
20 38
66 95
38 77
64 60
39 96
64 69
42 21
99 98
50 52
19 67
81 65
30 71
22 13
77 92
5 80
30 31
90 56
64 71
16 9
85 42
10 8
84 68
77 73
18 95
81 19
42 83
21 68
63 65
13 52
97 14
99 75
78 45
66 28
93 26
14 29
32 73
0 48
67 43
54 13
62 60
71 68
93 18
78 47
92 1
5 43
82 59
66 88
28 92
87 76
70 5
87 44
53 9
98 81
70 79
57 46
26 72
52 51
51 32
54 41
41 48
9 21
40 28
71 9
32 31
42 91
56 69
13 78
33 12
6 28
5 31
73 54
95 63
60 68
42 46
17 87
3 21
10 43
19 14
38 43
73 93
9 76
95 68
44 25
63 23
9 59
97 84
10 73
61 51
10 66
18 71
20 69
31 68
94 81
63 46
36 99
21 53
31 3
22 19
45 72
22 25
45 44
46 58
15 54
1 88
32 90
54 91
37 11
44 15
35 14
55 38
45 25
80 83
49 3
59 77
88 69
7 92
30 46
76 50
39 69
13 67
41 11
89 37
38 74
96 49
9 75
94 23
73 38
36 37
74 19
45 17
62 95
45 68
38 37
49 76
50 83
36 71
36 29
30 8
39 89
13 94
56 71
8 28
39 12
35 33
6 79
24 47
97 42
99 76
41 94
31 17
90 53
78 18
82 77
96 10
32 37
86 89
32 99
96 60
3 56
50 63
3 3
51 96
87 88
67 41
61 53
14 76
46 93
14 0
8 50
69 27
2 26
75 92
72 32
29 48
36 91
29 91
10 90
74 56
77 10
19 31
22 26
59 95
36 83
81 88
60 43
26 19
92 84
77 65
41 99
94 70
28 28
48 25
14 30
29 73
66 46
97 98
28 75
99 11
71 56
5 29
21 65
67 58
12 77
57 56
19 2
51 93
74 12
39 35
66 57
29 92
29 13
6 26
98 51
31 51
29 45
89 73
71 91
32 41
9 33
45 99
7 7
79 71
5 49
86 31
39 64
45 87
5 98
28 98
61 9
48 97
80 71
38 63
53 70
0 23
47 16
42 58
3 0
55 43
63 56
58 63
94 99
45 3
57 94
37 58
90 41
19 43
60 80
91 34
64 32
89 35
90 83
1 82
11 1
51 54
73 87
55 51
56 47
95 17
21 24
82 53
58 35
90 12
87 53
47 88
7 91
54 21
9 44
93 83
85 78
35 23
44 6
7 77
12 41
34 1
83 31
72 15
50 13
42 87
50 9
74 55
3 69
89 72
97 85
77 25
99 26
23 7
80 9
80 96
34 56
67 78
1 30
92 95
18 61
59 96
58 54
60 7
74 20
30 33
85 19
19 70
34 79
90 72
38 69
14 7
51 40
45 95
84 53
15 93
10 29
80 92
8 4
20 6
39 17
11 42
69 31
69 16
40 42
58 60
70 81
15 63
39 19
75 46
71 29
73 72
55 7
87 62
51 25
22 7
11 5
28 41
48 93
46 97
59 53
48 75
48 18
88 84
44 54
92 67
29 17
63 26
55 13
64 62
66 25
43 96
92 94
35 28
18 78
6 25
36 32
79 8
59 29
46 43
4 96
91 99
68 91
40 4
22 83
25 97
35 10
61 79
47 71
39 26
41 65
36 6
30 38
4 31
88 58
92 92
71 77
79 0
16 85
40 77
58 64
24 25
54 27
11 96
71 94
14 44
99 30
79 47
78 44
0 59
26 61
69 73
33 40
66 72
64 54
38 59
21 80
15 49
23 95
96 63
28 20
13 17
23 56
70 99
99 58
29 8
10 17
69 15
61 10
75 43
64 21
68 19
22 85
7 71
79 72
28 38
62 45
49 74
73 88
20 12
79 43
3 96
82 23
22 49
11 64
35 18
96 25
1 47
44 57
79 31
53 77
98 37
73 97
16 96
11 88
16 91
2 59
87 32
65 50
56 98
91 85
19 89
15 25
66 36
43 66
61 54
93 29
71 70
78 10
62 81
93 67
19 26
33 64
63 4
46 90
32 74
88 89
58 36
73 89
92 58
96 64
96 38
80 1
48 41
51 9
23 35
47 91
71 44
59 23
32 25
28 34
34 84
3 49
5 1
25 99
93 53
49 82
57 49
34 35
1 38
98 29
25 82
82 89
71 49
1 2
0 61
3 50
69 20
78 8
29 84
1 13
8 41
87 4
34 85
81 84
92 65
95 66
83 0
31 55
23 88
78 68
29 56
66 1
78 0
25 3
74 87
93 57
24 29
95 51
60 83
65 16
1 54
48 73
61 43
45 35
87 23
24 85
12 83
93 35
66 91
64 2
27 69
72 56
17 82
66 23
64 89
39 70
91 43
99 29
6 78
76 20
90 13
85 63
8 83
70 71
20 87
85 82
82 79
47 95
77 74
96 31
20 63
88 19
27 46
73 95
53 72
17 43
52 7
27 77
17 37
86 11
25 95
0 18
67 47
65 74
28 33
32 44
72 98
8 88
23 52
80 72
86 44
97 81
6 67
94 48
49 99
1 46
84 75
4 70
51 56
36 5
75 34
74 41
53 87
63 95
31 35
15 50
76 61
86 39
7 60
78 30
43 44
36 51
15 58
0 42
26 12
49 94
33 13
89 96
72 57
86 88
31 62
52 56
46 47
35 2
91 32
4 61
21 15
4 51
95 48
26 39
90 40
22 54
27 6
41 61
45 74
25 66
49 55
45 98
99 66
35 80
59 11
48 63
10 45
79 38
13 99
33 8
3 32
9 16
88 50
3 29
33 7
9 27
3 57
43 4
14 79
46 16
70 78
53 83
89 40
53 22
63 87
7 49
51 70
45 9
52 55
90 90
10 7
75 89
22 66
75 87
98 49
85 65
11 47
74 48
12 3
69 79
7 18
82 46
18 51
81 69
68 84
81 48
98 96
37 54
56 40
82 17
62 38
42 24
3 99
52 1
46 27
82 42
29 44
65 77
21 11
7 81
92 41
44 16
82 68
70 17
99 1
92 29
80 70
88 33
94 87
63 41
38 50
8 0
44 28
62 80
20 51
77 5
20 1
3 48
84 16
71 93
22 28
57 91
79 5
86 3
30 55
79 11
78 95
2 33
85 29
32 16
90 94
54 97
19 23
61 66
45 5
75 61
16 86
24 35
31 7
55 26
50 95
77 11
18 25
7 58
91 57
82 75
40 62
30 65
86 57
74 26
74 63
41 41
61 13
52 2
34 69
53 52
68 71
33 68
15 14
46 34
9 92
8 37
7 21
27 51
25 37
98 35
44 62
41 95
48 2
47 4
15 66
40 72
3 33
42 69
93 8
37 7
77 33
79 3
66 62
24 52
46 72
63 47
64 84
65 48
28 47
13 7
97 69
26 75
64 4
9 29
47 43
36 79
89 49
25 43
67 3
49 33
41 53
40 63
65 82
80 88
4 80
93 94
62 79
90 98
5 73
98 10
57 98
71 41
11 61
21 89
41 30
81 99
39 82
42 22
94 21
18 16
94 37
92 90
1 19
31 49
19 1
59 52
2 68
69 69
25 41
48 67
47 99
51 81
28 27
89 33
73 68
81 23
73 35
7 66
93 56
25 64
59 51
91 84
64 96
64 75
34 73
76 34
4 40
88 61
83 32
66 80
24 16
4 75
36 44
31 42
14 17
22 79
14 46
56 93
97 77
29 67
88 93
67 63
46 7
81 66
1 41
52 29
60 69
29 97
91 8
89 98
66 92
5 38
53 61
5 28
38 34
24 23
70 34
28 67
25 30
43 17
47 72
17 26
88 2
76 79
34 54
55 87
18 75
17 53
67 40
99 92
39 40
92 64
30 68
77 95
48 21
31 30
48 58
44 31
46 12
32 97
10 61
53 0
78 87
46 62
47 28
7 72
22 20
60 46
70 60
59 81
23 71
95 13
77 91
35 0
4 88
23 14
75 51
86 84
94 53
27 18
19 35
25 93
44 86
32 14
63 8
73 43
59 88
37 72
96 15
40 88
50 94
28 93
39 99
37 44
30 14
76 29
85 92
41 50
13 54
66 58
32 28
99 36
36 58
61 21
77 63
34 36
72 71
92 25
37 24
47 92
92 3
71 39
95 35
74 61
18 33
14 15
30 64
56 88
49 66
6 18
83 1
6 62
7 51
2 10
90 46
93 81
31 99
59 2
65 20
21 83
19 53
15 21
5 14
67 16
44 79
92 53
19 57
70 41
33 35
97 6
47 8
15 20
39 62
41 60
67 68
55 96
29 19
95 97
41 49
20 73
33 87
70 86
87 36
81 91
43 9
72 2
82 32
6 55
62 86
89 11
69 39
78 52
99 2
46 51
69 84
35 12
55 69
57 81
9 23
96 71
57 59
40 60
80 34
7 75
88 25
56 26
84 77
49 49
6 8
92 59
84 82
25 23
96 12
36 62
18 39
73 46
15 0
8 85
15 30
26 90
12 49
33 93
93 74
28 25
78 5
1 35
15 91
61 55
25 0
58 68
84 2
16 40
93 48
52 99
65 75
89 1
60 1
95 40
80 56
83 56
22 12
41 0
95 79
40 61
57 11
39 87
66 12
68 18
75 2
15 24
31 4
11 18
66 49
12 7
43 51
28 88
38 51
64 56
65 71
72 79
77 80
44 94
16 33
97 22
25 46
12 86
88 39
63 54
83 26
58 43
47 50
33 42
86 41
1 32
47 31
59 10
49 1
43 70
62 76
75 76
0 50
27 93
36 3
33 56
30 51
18 82
97 59
16 75
54 12
37 17
41 80
20 80
31 74
80 85
8 95
50 5
96 3
6 73
7 40
11 87
14 64
50 14
51 61
47 63
70 76
42 70
5 20
34 50
26 5
18 73
43 89
97 4
34 31
12 8
96 90
60 36
91 7
53 21
12 23
13 27
66 33
35 7
49 95
6 24
11 21
34 81
19 10
45 94
93 65
23 18
7 25
5 58
62 67
59 54
6 94
50 49
88 70
77 13
66 35
70 56
61 28
63 99
86 53
79 96
23 58
12 39
65 42
71 8
18 1
66 68
69 26
47 81
63 50
85 28
4 98
16 78
6 4
79 13
60 39
40 99
51 10
59 28
2 48
48 31
51 23
35 40
23 83
99 41
95 23
4 81
92 46
37 66
89 97
58 34
77 48
83 69
60 63
41 57
41 22
33 20
26 76
39 6
14 45
92 76
26 32
29 34
23 90
88 7
5 87
0 33
39 66
49 50
75 1
64 98
52 19
86 79
30 73
80 90
87 9
98 83
60 84
32 7
41 35
98 91
92 24
6 31
36 73
34 28
66 96
34 22
0 80
13 34
19 49
5 18
34 32
84 64
96 2
25 38
89 23
96 27
73 44
85 70
78 23
49 67
73 61
67 74
66 65
62 78
70 52
42 76
78 22
57 2
99 57
0 71
67 94
74 77
1 21
87 77
38 23
76 86
60 49
74 37
52 0
37 23
54 64
27 1
6 77
44 7
31 94
14 91
37 46
52 46
40 23
34 11
33 39
37 67
30 72
12 81
11 19
9 25
75 32
85 54
13 0
45 89
89 43
58 26
7 34
67 52
3 17
11 72
97 21
15 92
60 74
77 53
39 14
62 16
81 83
54 95
43 39
7 39
57 64
43 68
9 34
39 16
32 21
56 15
21 42
94 86
25 71
81 62
97 78
38 3
68 35
54 88
54 46
59 24
62 25
81 54
50 89
46 66
8 84
2 91
12 33
78 33
5 51
6 81
30 57
29 9
87 39
97 79
74 10
59 62
92 66
0 68
25 67
89 67
24 9
4 34
16 89
65 95
74 46
75 85
97 12
31 32
32 61
90 85
26 54
7 32
7 17
22 81
63 67
3 63
57 14
79 2
7 13
71 12
48 11
28 37
84 25
73 74
50 47
86 14
59 69
64 57
47 33
5 82
73 63
41 31
8 62
48 24
77 84
77 43
59 98
76 40
23 87
13 44
19 77
3 90
53 49
26 84
97 3
91 93
42 78
7 27
3 26
97 92
1 94
42 95
64 59
72 1
72 0
19 5
48 59
64 61
52 64
99 14
94 10
40 89
70 4
85 31
61 47
24 81
59 17
70 31
34 94
32 88
44 78
19 55
46 86
76 21
77 68
32 77
62 13
29 90
62 70
23 89
25 45
82 78
92 60
33 62
22 15
13 51
42 33
87 16
7 76
0 74
96 65
87 55
3 91
82 71
19 45
17 2
46 21
70 33
19 86
90 47
0 29
26 95
68 97
42 4
19 94
35 75
83 78
85 8
52 53
60 38
70 69
24 93
50 2
51 66
71 6
77 59
25 25
65 85
42 30
61 12
97 33
69 87
94 13
30 96
32 55
40 12
14 80
56 66
26 20
81 93
93 92
57 79
16 25
88 76
38 96
82 3
28 78
59 67
23 46
62 6
36 63
44 22
58 57
26 62
31 86
33 41
3 53
94 4
27 70
13 22
36 86
88 0
24 0
11 63
8 6
99 94
5 81
76 57
3 68
66 45
5 16
57 35
63 15
66 79
28 59
19 38
53 48
76 76
72 83
89 85
34 17
10 18
43 15
35 83
55 53
43 13
34 77
44 23
3 42
45 36
90 38
50 66
23 49
38 9
57 10
16 71
23 26
18 98
75 42
78 37
51 72
71 52
26 42
9 66
57 78
76 65
44 72
71 27
51 59
6 75
16 36
82 94
35 63
7 56
2 70
52 86
78 19
5 47
48 74
66 51
9 32
98 54
81 51
86 68
88 90
72 40
30 84
46 85
6 22
39 81
90 24
53 64
5 94
95 12
1 49
73 3
38 28
50 73
89 92
65 73
85 44
65 45
85 99
28 8
20 30
88 37
9 78
64 14
12 31
79 28
19 6
93 7
29 96
38 48
15 77
22 16
90 58
57 84
74 36
11 39
56 6
16 59
67 18
45 30
5 79
48 22
22 33
26 44
31 53
62 84
76 19
27 3
56 11
49 26
85 41
47 38
12 74
46 67
40 9
4 97
78 93
17 42
70 28
0 54
80 30
85 26
73 57
78 3
73 53
43 46
55 34
26 94
0 16
41 83
71 5
74 31
87 56
61 50
2 20
21 18
34 46
72 39
30 56
93 34
87 33
11 59
45 75
48 56
24 20
5 84
0 97
4 74
91 3
6 34
1 15
19 90
23 43
35 88
15 12
95 88
72 53
32 92
33 3
14 50
86 45
11 6
37 86
8 25
4 13
10 89
94 92
36 55
0 95
33 22
49 79
2 30
32 24
33 18
96 47
5 61
57 67
44 77
21 62
20 47
14 23
72 21
24 46
50 92
34 71
84 41
56 52
12 28
71 83
29 10
99 37
75 98
35 11
46 33
68 28
46 64
79 42
49 23
66 9
17 84
81 0
43 19
38 45
29 5
39 52
62 21
44 75
66 39
51 2
83 99
65 49
98 68
17 6
85 34
53 34
57 47
66 53
26 43
1 18
37 79
50 81
0 58
79 22
54 45
24 69
46 11
29 39
82 45
47 11
55 52
59 37
47 87
57 33
40 91
26 38
42 88
20 85
98 16
68 44
1 90
62 2
68 4
46 56
61 37
17 65
72 60
17 32
16 26
54 92
21 26
13 69
53 36
98 17
71 1
19 19
99 10
84 65
14 48
10 27
47 90
94 91
79 78
93 75
54 33
95 56
65 13
0 63
67 57
93 9
49 78
23 78
45 34
63 96
45 20
9 42
55 63
30 45
89 45
98 32
31 93
84 46
96 69
85 3
84 29
50 36
87 99
44 67
5 64
27 62
97 40
55 37
45 33
1 85
91 14
32 72
37 57
3 74
45 73
75 19
22 34
9 13
79 20
14 88
46 32
58 95
87 80
37 0
38 18
8 16
77 66
78 43
21 1
15 39
4 33
75 41
3 16
97 7
68 64
70 73
0 99
49 32
70 38
74 83
43 64
6 63
11 53
16 48
0 84
33 26
91 77
20 56
59 66
81 42
89 5
38 97
37 81
6 93
20 74
92 35
16 15
52 25
89 9
3 35
33 95
83 36
27 39
31 44
91 81
82 97
56 91
22 91
66 43
68 17
55 71
24 6
3 94
11 36
6 89
95 74
7 74
48 19
6 80
61 18
72 67
72 22
28 95
38 47
59 39
36 96
50 34
34 45
57 72
36 26
9 36
20 84
2 35
74 53
19 81
75 7
40 43
8 1
89 81
7 86
66 44
27 10
73 65
63 85
80 50
84 33
40 92
65 44
38 90
18 7
75 63
14 35
88 45
44 17
5 36
93 78
27 31
55 39
2 57
38 67
30 6
11 77
14 33
90 32
90 19
30 89
99 83
29 74
0 43
49 52
67 84
42 32
24 59
30 21
42 8
50 87
12 87
34 20
71 50
91 42
84 55
59 64
1 83
85 32
21 5
17 22
6 41
53 46
77 3
66 40
95 0
52 44
15 85
19 73
64 20
8 82
80 43
98 1
86 18
28 15
7 69
67 53
39 63
42 72
55 21
27 53
82 83
19 96
85 85
19 39
60 32
62 46
51 45
97 91
91 18
88 17
32 48
6 76
96 66
96 40
19 66
25 39
56 43
61 6
14 51
57 54
93 2
12 60
94 52
28 55
30 59
79 52
91 23
89 64
99 60
12 89
60 62
95 96
62 96
94 28
0 35
83 72
26 91
86 50
90 39
28 60
87 31
3 85
3 10
43 77
10 19
89 69
61 91
5 68
94 6
46 77
86 42
51 12
85 48
41 92
22 73
85 86
75 18
57 26
40 98
86 13
20 16
85 27
94 85
37 93
61 84
16 27
60 52
55 64
42 53
50 42
73 23
1 65
98 89
59 68
29 63
76 58
11 22
27 55
20 19
81 5
26 98
45 42
12 1
25 48
74 58
94 34
45 86
96 22
85 68
24 54
71 21
59 47
90 69
73 94
34 58
5 39
78 81
47 54
99 15
79 53
16 87
88 12
4 99
48 15
11 48
97 67
14 3
8 68
13 98
86 8
68 67
18 6
75 10
95 62
40 13
70 68
4 72
5 11
94 19
91 9
70 42
85 80
21 47
31 14
61 88
58 7
37 53
31 34
68 15
29 83
75 38
46 41
82 6
22 39
23 20
71 81
89 26
81 72
18 19
38 21
20 11
56 77
87 1
79 81
23 63
22 96
77 16
21 34
91 55
28 7
24 36
11 11
99 43
52 95
94 39
71 34
54 22
25 59
42 12
86 19
59 89
22 6
96 67
88 54
9 5
15 89
33 85
34 14
81 33
35 95
28 23
59 7
38 57
74 92
11 73
47 46
89 2
0 65
34 40
41 4
83 71
70 48
35 87
94 78
43 91
56 50
28 17
61 71
52 12
29 62
84 8
60 21
85 23
17 90
53 47
73 9
15 33
67 50
94 0
55 28
42 82
59 60
33 30
88 74
33 5
16 67
14 32
76 32
68 51
80 99
26 64
65 38
94 36
34 86
73 56
42 25
59 58
62 44
38 86
68 76
20 89
21 66
38 15
45 48
93 43
88 63
25 80
59 84
77 46
87 63
51 71
64 18
96 21
99 53
79 1
92 18
99 40
39 85
2 86
94 69
2 2
38 64
31 33
45 4
45 52
7 79
27 28
87 15
25 44
68 45
50 25
17 73
90 79
22 97
57 82
0 67
39 13
39 36
31 27
13 91
93 47
18 28
90 99
23 79
11 57
92 79
9 19
67 54
54 96
80 66
45 40
93 86
21 87
92 32
23 32
88 66
7 5
7 14
14 18
10 3
44 2
27 44
31 65
45 26
24 78
22 23
88 72
15 10
82 30
52 74
16 79
44 63
71 59
93 17
26 31
81 8
64 6
84 58
22 38
39 46
69 58
9 84
99 5
72 35
28 31
85 72
22 29
47 73
37 42
20 53
17 11
0 70
0 78
76 83
51 65
32 65
25 54
20 61
61 17
41 19
92 34
26 80
54 37
96 93
57 12
92 21
89 50
8 10
54 76
48 72
40 30
69 68
67 83
34 33
21 36
74 0
2 63
73 77
3 11
37 18
95 91
22 4
66 67
17 29
25 79
59 50
63 29
86 12
85 13
99 49
5 15
40 45
5 52
63 92
40 34
97 71
96 41
88 64
15 27
47 61
36 70
1 40
54 56
57 44
97 9
47 27
40 8
12 34
6 5
4 16
77 93
26 53
55 94
49 69
91 83
26 68
80 65
12 80
66 69
3 92
99 88
86 38
92 42
61 49
50 62
30 87
57 23
93 50
22 11
89 70
71 67
82 93
35 38
46 50
57 96
28 66
76 13
89 52
27 48
7 12
19 80
47 24
61 83
37 49
75 36
20 76
21 61
71 10
24 42
97 10
52 84
82 21
6 12
38 98
25 34
20 31
66 59
57 16
8 78
72 81
29 14
55 74
95 94
34 25
40 26
95 76
77 60
20 35
84 91
68 40
88 56
17 13
62 10
81 61
99 67
88 18
4 21
4 6
36 60
14 93
10 48
98 21
1 57
40 90
16 63
47 41
23 81
23 42
34 8
97 2
60 76
22 95
69 85
8 67
87 48
51 83
35 98
98 22
45 39
97 18
28 11
29 68
75 49
85 94
99 93
2 8
1 51
86 27
55 25
74 60
72 45
53 27
67 65
90 71
54 29
95 65
55 78
80 6
43 93
62 39
32 68
99 6
59 18
85 57
87 92
4 86
89 13
55 91
93 88
0 27
70 36
60 22
50 39
18 63
89 86
44 85
14 21
42 60
15 51
42 84
39 48
5 72
62 65
76 43
72 5
94 64
2 95
90 77
7 11
39 43
92 28
62 37
60 48
0 21
99 24
51 3
48 20
27 67
17 64
41 21
71 17
84 49
70 25
70 57
11 27
35 90
63 76
46 22
17 59
94 16
68 38
68 22
30 32
96 18
91 48
91 44
27 74
90 10
18 22
62 73
38 99
89 95
58 24
95 8
33 52
42 38
28 1
54 14
80 38
25 90
33 50
67 92
41 3
21 79
93 1
63 58
34 30
71 76
30 93
52 77
20 14
99 35
9 45
76 4
22 90
76 28
17 19
39 20
35 96
43 78
36 18
97 95
27 49
71 64
69 45
68 55
59 75
71 66
24 15
91 12
71 46
15 79
37 70
58 42
78 69
20 15
74 27
64 41
33 88
35 84
62 23
66 26
72 70
51 16
41 69
84 94
42 43
17 31
41 84
17 86
80 62
55 98
8 31
95 69
36 35
59 65
53 89
50 91
81 26
29 22
24 76
14 69
33 37
80 19
21 3
64 86
37 94
26 77
57 77
65 26
72 23
31 0
31 41
74 76
83 60
73 25
24 8
81 22
98 8
33 23
71 63
58 23
72 46
44 36
84 38
37 85
28 89
14 38
7 28
12 35
23 85
68 74
50 43
32 94
79 75
67 24
22 2
57 95
90 44
24 89
4 37
23 53
27 84
32 89
51 92
8 24
22 40
76 95
23 15
93 73
32 43
98 47
48 98
69 60
9 57
13 23
44 49
81 86
30 70
20 54
29 1
73 64
94 22
16 18
47 13
44 61
34 21
13 87
81 6
11 79
14 60
42 45
48 85
5 7
99 18
87 58
14 59
92 56
47 74
24 84
38 6
8 26
71 75
70 95
58 94
24 45
46 10
7 26
24 33
63 84
47 1
14 26
97 8
16 73
40 18
74 35
86 29
3 1
29 78
23 13
37 74
52 5
64 55
40 80
90 29
88 59
39 65
5 62
71 98
7 89
42 34
94 2
81 78
89 12
20 55
79 16
4 22
77 41
29 42
39 29
76 88
94 62
91 28
87 98
55 68
40 48
86 55
87 28
31 98
95 28
70 82
69 32
42 41
82 86
94 45
49 7
95 83
36 4
73 85
70 93
65 29
33 73
39 71
15 43
93 89
25 15
67 9
91 26
38 91
37 51
37 21
80 18
98 0
28 77
78 32
58 5
39 56
87 95
82 34
63 78
78 74
3 6
3 84
22 71
55 56
78 28
2 54
9 88
21 57
44 84
67 73
22 92
2 80
64 90
14 63
92 26
89 24
77 20
26 47
19 99
26 57
97 60
37 14
58 73
2 73
76 47
14 61
88 83
12 67
5 63
81 27
28 69
99 4
28 81
73 13
63 16
89 56
65 40
60 71
98 64
47 19
94 46
71 53
41 23
61 7
4 54
39 86
81 50
6 37
17 69
60 11
14 4
11 9
7 45
72 85
51 47
51 53
33 10
12 11
78 27
58 99
70 98
6 0
10 52
42 62
99 68
61 31
14 73
4 52
62 36
75 88
56 95
63 3
49 88
61 61
42 96
8 81
0 38
42 1
46 54
38 24
95 9
54 20
38 26
55 58
78 14
99 51
82 85
40 50
1 11
61 85
78 59
86 0
1 98
0 86
34 27
94 33
67 38
59 35
33 34
55 76
61 20
7 63
11 17
52 47
72 58
45 58
1 93
52 80
87 54
5 9
39 84
6 98
78 50
29 88
89 18
14 36
11 62
35 71
76 23
33 28
4 3
93 0
79 59
30 42
38 36
38 82
83 37
65 17
78 53
75 6
54 74
75 52
79 45
29 0
11 13
95 4
87 22
12 59
53 93
70 29
82 11
13 38
35 89
8 49
78 4
97 25
60 96
34 26
89 87
20 94
73 14
74 32
53 60
79 33
20 79
91 13
62 57
8 36
71 97
7 29
46 52
13 25
56 67
43 94
47 80
25 51
12 65
70 26
38 5
66 78
14 52
14 66
38 95
35 91
46 53
46 68
75 37
51 57
80 16
30 5
71 26
65 27
95 1
7 10
73 39
61 0
24 96
11 84
73 70
58 69
18 84
63 83
92 16
16 17
90 52
64 47
93 5
1 59
87 79
33 11
98 52
54 62
60 97
49 8
21 37
29 76
6 91
8 74
12 53
58 33
51 82
59 38
90 60
34 2
45 51
27 56
10 24
61 23
62 72
98 67
61 16
32 6
83 67
59 46
83 81
5 27
42 77
42 17
39 23
80 3
16 57
32 9
54 1
4 66
72 20
76 33
15 29
21 55
41 67
36 17
57 74
13 64
71 96
71 4
45 31
46 35
39 57
70 83
14 62
65 12
74 91
87 87
92 63
34 59
58 92
9 99
40 84
28 36
57 71
23 28
60 25
63 79
23 93
55 57
57 57
52 71
31 25
69 70
98 85
57 31
47 21
89 59
53 28
33 38
37 39
68 77
12 64
44 8
22 3
46 37
29 30
47 14
42 18
58 6
18 32
17 92
15 62
39 7
25 94
79 19
29 36
20 99
1 0
23 2
20 46
58 51
60 56
78 46
54 69
73 99
0 39
54 89
47 20
56 51
4 93
98 61
64 80
79 57
18 40
37 32
89 20
80 80
58 16
3 59
94 82
7 33
15 3
61 33
93 24
4 20
93 49
19 20
29 16
75 90
38 2
75 57
40 3
89 84
85 66
36 43
28 64
89 63
63 7
1 33
28 46
96 88
2 75
53 37
52 48
12 97
70 70
4 29
67 95
25 12
41 42
6 92
40 17
48 36
59 45
4 15
47 51
15 9
91 36
86 17
88 41
17 7
8 3
97 74
64 85
60 51
71 58
1 22
21 52
47 42
33 72
52 39
89 28
36 49
72 41
50 68
72 34
25 40
72 55
88 30
2 23
87 91
68 33
12 30
82 88
52 93
25 14
5 76
27 26
41 59
81 41
56 17
75 25
66 75
88 62
29 47
16 12
81 67
8 43
12 68
24 44
83 5
17 1
76 16
10 14
49 91
98 36
58 30
87 17
28 52
38 56
96 35
54 44
83 22
22 77
97 28
29 25
64 67
81 68
47 69
74 54
89 88
85 9
80 76
26 50
81 13
86 28
8 33
69 64
90 86
22 35
89 74
38 22
60 3
94 65
69 37
7 52
17 76
53 91
51 85
20 92
59 22
22 0
41 38
98 92
25 62
31 48
70 22
83 10
35 44
26 56
90 35
23 22
48 81
72 30
95 71
33 96
40 78
23 68
20 25
1 72
59 59
73 17
92 36
89 4
42 31
73 16
67 1
95 38
83 39
84 95
6 2
24 92
40 33
40 58
50 41
65 35
68 96
40 74
63 18
50 80
9 51
35 57
6 48
9 30
70 61
90 20
88 67
13 49
33 91
25 72
24 62
8 5
48 92
42 0
99 25
77 71
91 52
70 90
15 16
90 59
65 18
27 57
1 50
70 44
12 54
59 14
85 24
71 14
90 92
58 10
20 13
30 80
49 47
48 76
5 95
70 53
28 58
11 43
99 89
6 36
22 57
85 11
75 91
33 33
71 80
4 1
54 98
64 88
75 8
91 67
27 30
27 82
31 43
35 82
69 8
69 41
21 77
40 22
85 71
59 43
68 68
16 46
4 69
66 38
5 3
11 89
69 57
91 22
88 8
58 53
10 44
90 61
47 37
79 88
97 49
84 70
14 97
68 30
72 49
19 71
52 60
60 37
75 27
49 56
57 55
23 37
74 85
50 15
52 28
29 20
64 27
85 0
3 36
53 73
36 20
45 24
36 59
35 70
74 4
29 4
41 85
41 40
96 70
11 32
80 22
48 0
77 8
15 40
63 70
17 52
68 37
37 26
94 32
91 72
8 30
80 74
5 45
83 66
35 26
17 99
94 49
41 93
9 24
28 80
19 98
78 39
25 70
38 92
86 20
88 14
4 7
6 52
93 42
71 33
34 37
69 21
13 29
16 93
74 66
18 72
45 88
97 11
61 98
4 35
60 72
80 17
10 60
61 8
99 38
77 62
33 25
38 60
41 37
33 57
60 90
90 48
54 73
43 57
59 85
80 48
67 5
83 52
20 28
74 80
18 59
27 29
59 79
74 88
55 88
98 15
96 98
2 49
9 55
43 52
31 29
9 80
92 50
62 43
37 71
16 39
22 62
92 87
1 99
80 46
19 68
28 43
48 38
68 92
10 64
51 68
84 67
21 6
72 92
11 60
19 9
60 67
69 51
58 50
80 69
13 8
2 96
97 62
32 78
91 70
54 59
65 53
52 52
26 9
82 69
76 39
68 50
94 27
39 45
10 65
83 51
49 96
95 5
96 89
84 47
40 11
83 43
85 1
76 25
13 59
57 70
88 60
63 20
98 2
72 73
55 85
96 17
62 59
49 75
83 6
93 33
87 82
31 21
76 24
98 98
92 4
51 0
17 62
97 82
87 65
78 65
41 7
83 4
84 3
89 25
12 51
73 12
22 9
8 93
72 51
52 81
84 32
58 74
99 27
19 8
91 53
15 78
93 87
23 5
37 52
68 49
40 47
15 90
50 97
5 44
87 6
52 38
6 38
11 20
62 8
91 75
49 31
19 21
21 21
8 97
20 57
9 39
84 14
41 43
16 38
34 10
10 56
45 56
71 55
53 42
51 50
8 72
20 10
85 77
88 22
85 60
43 48
35 46
16 97
47 97
84 9
14 28
10 83
73 60
48 78
75 73
31 96
34 23
36 82
97 5
89 58
38 55
10 98
7 61
68 10
50 24
10 91
76 60
94 43
34 61
53 29
47 35
23 25
12 5
0 81
25 35
95 45
45 50
60 42
99 23
26 97
28 9
58 56
21 41
24 18
56 25
49 70
20 52
25 21
57 75
83 34
79 26
13 31
68 42
86 77
14 82
59 91
25 1
43 26
8 27
56 63
68 69
35 20
14 68
18 15
51 94
17 55
9 67
47 86
16 32
45 62
32 1
8 11
15 82
9 35
62 90
98 66
75 50
86 52
46 39
85 21
73 28
0 91
10 70
60 86
17 74
84 59
5 66
11 97
24 37
90 2
87 75
86 9
58 93
79 70
92 37
33 70
21 0
54 54
80 52
28 12
17 88
47 40
39 24
28 99
4 45
6 1
13 37
90 65
23 54
37 27
95 93
51 37
99 81
32 11
22 36
57 89
20 60
9 85
6 68
30 43
90 25
26 65
32 57
77 86
35 66
1 31
0 69
68 80
76 41
36 94
41 26
23 55
52 58
17 71
67 96
10 67
61 82
90 84
38 16
5 92
21 35
92 72
68 95
99 33
82 66
11 58
0 10
32 40
66 18
52 42
8 96
20 40
24 50
83 75
24 22
95 3
38 65
79 44
75 40
95 33
73 30
41 73
41 1
74 75
36 84
84 40
68 56
14 8
86 5
86 54
5 83
8 99
10 75
6 51
71 69
75 94
31 72
69 22
3 73
62 54
57 37
28 44
11 49
60 13
0 2
40 14
70 87
95 14
79 12
16 68
25 27
65 2
89 78
71 71
62 98
50 60
36 81
2 36
84 76
63 55
51 39
25 26
23 33
80 2
36 72
13 35
82 24
1 61
94 90
95 85
89 80
17 97
15 52
2 44
91 21
35 47
31 13
93 59
67 35
16 21
81 44
52 37
50 93
59 27
15 4
63 0
10 69
5 6
93 12
87 64
17 40
20 36
80 53
57 93
78 21
76 94
69 86
61 74
54 16
22 14
52 35
35 77
71 48
11 92
68 23
51 51
8 47
98 99
39 50
99 99
81 43
92 33
48 82
96 78
24 57
89 51
55 0
28 86
55 45
29 31
15 18
94 55
85 91
34 99
88 11
92 77
1 23
86 97
64 0
91 66
5 77
9 15
0 20
72 77
43 72
67 98
82 15
53 78
13 1
29 33
10 57
12 19
70 15
1 53
36 9
44 55
36 46
74 99
75 17
99 54
92 23
45 10
75 14
62 87
69 5
20 91
54 57
26 78
99 44
47 58
88 95
58 41
71 95
45 82
87 73
25 19
85 38
83 82
77 54
28 91
48 35
80 87
2 16
95 59
19 33
12 18
56 65
97 58
18 96
0 6
73 62
85 51
52 76
69 46
21 25
64 68
26 52
74 21
2 89
49 30
46 80
27 27
37 5
3 55
49 59
53 59
25 22
2 69
61 38
90 63
81 87
49 54
35 37
96 91
40 73
89 31
80 12
55 66
96 92
62 33
77 19
26 60
21 51
12 16
53 24
89 93
55 24
42 92
28 35
20 48
49 0
13 42
61 4
39 94
15 8
9 46
73 84
2 6
17 35
48 90
64 23
76 0
85 5
36 30
97 50
22 88
51 90
75 9
93 38
27 4
21 92
4 67
10 23
37 89
26 96
56 55
59 48
73 52
38 31
8 89
20 77
83 13
97 47
0 40
38 38
75 23
84 52
56 83
5 91
94 73
49 51
84 1
56 18
16 53
49 62
53 75
20 27
63 42
23 45
70 2
81 18
74 8
49 58
78 64
25 50
50 40
48 49
29 51
15 81
97 72
72 24
5 40
13 90
56 35
18 79
64 35
36 41
46 2
81 97
36 95
69 24
33 79
66 56
8 23
21 93
84 10
10 95
73 21
96 50
2 83
95 99
96 53
88 26
82 43
37 1
68 21
69 93
40 15
76 63
87 42
41 64
93 37
57 43
13 73
99 95
40 19
93 62
74 93
95 22
89 34
95 57
26 16
15 44
92 73
13 60
1 6
95 64
2 17
27 20
39 97
43 60
0 46
58 3
24 53
39 75
30 78
95 72
33 65
91 62
97 52
73 2
70 43
52 83
51 64
14 86
43 38
38 0
98 70
79 93
29 29
88 87
62 58
80 86
33 84
21 81
55 48
51 63
18 46
41 56
82 25
72 52
22 80
24 3
20 88
91 35
53 95
22 78
73 22
81 52
49 89
94 76
91 73
12 91
32 91
69 12
35 58
16 7
67 81
19 83
50 74
91 29
35 5
97 54
41 6
15 11
48 6
72 76
52 22
39 77
73 90
6 32
44 0
63 59
62 40
32 70
66 87
6 47
48 87
48 43
2 9
33 19
35 72
73 24
27 0
8 75
28 40
3 4
52 89
75 13
62 64
80 63
90 51
85 37
11 7
57 36
70 91
30 36
68 86
18 9
5 22
2 29
42 47
24 32
18 12
88 28
58 75
9 60
65 87
53 65
79 92
94 17
64 70
97 51
51 73
54 68
98 82
9 91
18 23
12 84
5 10
40 31
83 62
86 81
10 58
45 63
24 51
69 1
81 49
58 76
7 8
51 7
93 96
85 97
4 77
14 20
81 96
11 30
47 17
84 89
96 79
72 17
35 54
66 19
86 73
62 5
43 84
65 92
90 55
66 34
66 84
96 85
9 26
45 16
59 42
48 54
63 94
10 94
11 29
23 6
52 3
88 4
58 98
69 3
9 93
3 97
7 42
61 62
75 47
56 78
24 65
78 92
18 14
50 16
19 76
20 90
24 99
78 7
26 69
30 4
96 82
57 22
65 0
22 24
70 55
65 59
63 77
51 14
37 13
52 32
98 12
92 75
34 64
58 31
80 58
10 22
28 16
44 38
45 38
36 11
44 51
88 51
23 21
94 89
72 86
21 98
9 89
42 40
50 58
36 7
66 10
40 29
30 12
44 95
51 21
62 85
77 94
52 20
45 93
24 63
23 41
71 31
46 13
64 7
62 53
72 9
1 36
59 80
27 73
47 7
14 67
42 13
13 62
22 27
32 75
4 56
98 78
57 69
64 51
30 16
67 60
29 21
12 62
23 75
79 95
29 77
75 70
60 54
33 66
65 15
46 69
39 90
76 27
69 29
67 15
47 26
53 69
42 10
17 38
40 67
23 39
94 9
42 57
72 99
87 71
73 86
6 54
88 99
75 48
40 71
15 65
48 28
5 99
2 27
20 81
24 24
9 49
34 55
32 98
92 2
28 79
51 43
21 99
56 48
30 7
70 49
66 73
83 58
82 60
6 46
61 24
99 79
56 28
79 82
7 73
95 49
45 77
7 59
99 22
36 54
7 38
24 90
76 85
93 97
91 56
36 40
43 35
6 96
89 91
14 58
64 77
93 85
70 54
58 52
96 34
88 49
8 35
12 70
67 39
36 42
7 93
1 37
98 74
46 75
88 46
20 43
16 23
73 1
47 49
36 78
85 74
53 88
29 2
5 78
96 68
97 83
60 8
1 62
68 63
32 17
87 86
12 6
96 9
93 60
55 72
43 76
39 54
20 9
2 77
5 65
7 9
27 85
65 91
49 42
83 49
76 15
19 46
45 83
0 26
34 62
81 71
91 37
73 92
21 27
12 99
27 65
38 85
1 87
53 31
49 5
54 84
48 48
98 48
12 25
75 78
68 85
22 94
17 12
51 97
22 21
13 80
30 25
36 76
82 26
29 26
30 77
48 57
53 86
94 30
81 89
89 17
10 1
44 98
41 5
1 45
0 82
55 29
77 90
79 83
31 6
51 31
61 89
99 21
64 74
97 15
62 62
17 67
87 37
27 72
29 70
64 92
43 75
69 55
48 89
83 23
91 80
3 89
45 11
66 74
65 66
76 82
31 28
11 25
67 26
18 57
57 58
79 80
58 84
23 11
39 74
23 23
53 53
68 81
37 41
56 74
0 77
11 52
71 16
50 53
22 68
93 31
30 29
77 38
31 60
43 98
99 42
82 96
48 27
66 97
44 18
81 92
52 69
41 96
98 14
87 45
19 17
76 89
98 76
93 20
61 22
72 66
67 67
1 58
65 99
88 9
4 30
45 14
91 59
42 97
83 90
52 85
63 9
34 96
16 65
98 43
30 15
23 29
66 76
16 55
76 37
57 32
53 10
76 62
26 71
50 45
94 14
89 90
52 65
65 65
25 88
69 33
24 60
23 72
30 63
31 80
18 21
4 48
43 32
6 27
53 20
33 45
86 24
82 64
5 33
82 61
44 45
20 98
14 24
68 5
90 1
81 79
92 22
62 7
77 82
9 62
53 66
42 56
65 28
23 10
49 48
2 72
97 19
42 68
36 52
40 27
63 45
73 98
0 56
17 23
89 48
50 8
27 33
73 10
62 89
35 48
35 79
35 45
32 33
13 40
6 29
18 11
18 44
36 39
0 34
64 46
10 30
72 61
68 54
54 90
20 37
55 1
72 93
64 13
64 19
89 89
77 9
24 91
7 15
25 63
71 43
11 75
86 32
18 49
85 20
37 92
74 84
86 62
61 32
94 42
94 11
71 90
82 81
74 40
2 74
98 4
69 78
15 47
12 73
99 82
85 88
49 36
42 52
29 27
87 61
80 27
33 16
35 41
43 45
52 92
91 11
79 69
35 34
45 6
44 10
31 71
87 67
38 35
5 67
83 18
98 3
11 80
12 10
49 77
38 41
26 2
36 85
62 35
28 90
48 17
66 3
39 78
58 55
9 70
12 66
79 64
84 15
62 11
41 44
46 29
21 88
28 19
67 42
35 52
85 18
11 14
58 13
23 19
76 74
26 88
94 18
85 30
20 59
89 30
83 16
91 27
37 29
55 81
74 45
90 49
89 15
8 40
59 33
77 77
17 0
4 9
3 39
44 35
99 55
11 44
62 42
58 29
68 89
51 78
40 46
84 45
18 80
81 35
11 23
79 74
7 95
66 81
11 0
80 28
48 88
29 12
66 47
21 71
64 99
33 90
3 88
33 86
98 7
70 40
15 84
68 57
71 30
39 83
29 43
96 74
50 44
10 13
98 18
42 27
72 11
8 87
56 53
95 24
48 32
56 89
65 5
80 7
95 26
37 31
10 79
88 75
33 27
76 84
59 40
87 85
27 97
37 82
11 90
19 47
58 81
60 64
15 13
67 76
31 37
14 39
67 64
85 67
44 83
51 89
99 19
1 7
68 16
83 59
98 58
19 92
59 30
79 34
75 79
96 23
65 83
18 70
35 32
69 61
1 42
92 81
52 21
70 58
5 24
64 1
76 64
82 52
17 20
84 79
31 97
20 42
45 59
34 5
88 10
24 86
87 19
60 79
70 92
75 84
72 69
66 4
70 37
47 6
99 39
27 90
72 50
41 12
52 62
27 61
16 4
49 11
52 91
4 38
78 2
87 18
20 26
58 80
36 13
15 98
11 94
8 21
55 19
82 19
35 22
54 31
51 44
16 77
40 24
16 28
5 42
93 11
18 92
94 75
53 32
5 88
55 89
46 78
9 77
58 27
17 50
45 64
21 23
36 48
45 79
98 25
50 82
56 2
9 50
83 64
83 40
64 24
50 29
12 32
73 47
35 27
27 15
12 0
86 85
15 80
43 8
9 12
37 88
81 7
34 68
53 57
65 36
50 64
53 3
19 15
54 39
19 84
73 96
63 13
60 41
49 61
37 45
99 47
44 56
13 18
57 48
20 95
64 3
97 73
21 74
79 23
95 80
86 92
40 10
22 89
28 4
90 4
4 60
1 68
35 78
97 76
97 30
76 55
8 77
41 79
28 10
13 50
90 28
56 68
17 47
67 13
92 0
41 55
87 74
95 61
24 30
56 49
10 0
7 70
33 81
28 13
65 80
15 36
54 32
67 86
59 78
1 12
1 26
57 4
83 86
52 24
22 72
34 60
64 34
44 65
28 0
79 55
11 46
24 38
95 44
97 37
29 18
66 22
81 76
13 53
52 11
49 60
83 65
47 66
84 6
39 59
22 45
18 10
51 42
57 61
96 84
32 53
89 57
70 21
58 48
18 20
13 92
49 4
87 5
62 83
68 41
52 16
80 11
73 8
34 34
21 2
72 27
27 58
27 99
43 34
12 57
55 11
8 20
33 29
50 3
75 68
56 7
72 36
12 98
14 22
35 8
72 84
25 5
59 5
78 15
82 87
71 18
83 80
92 9
23 9
11 91
31 73
11 50
64 78
78 26
62 32
21 10
15 26
30 0
70 3
23 17
21 48
75 86
74 98
0 4
30 13
75 55
55 59
45 28
96 61
18 0
69 75
62 91
48 66
44 76
8 53
77 70
42 79
57 52
35 76
41 39
88 96
2 40
73 18
19 37
57 20
53 33
78 66
28 63
80 31
15 31
20 2
8 39
74 95
59 97
3 62
30 83
78 60
91 4
87 70
23 98
71 72
93 99
47 29
78 99
9 2
18 76
78 55
33 9
19 59
3 20
21 54
15 70
77 75
89 8
97 94
12 69
85 40
39 21
61 41
28 53
1 4
65 30
5 53
6 45
28 73
96 75
12 38
98 23
5 2
79 73
5 4
87 12
17 45
35 35
72 96
15 88
20 78
9 72
88 53
66 85
6 56
61 90
22 50
47 22
76 45
36 15
93 68
55 12
79 32
10 71
62 34
83 50
92 62
77 7
84 22
20 44
58 70
96 51
38 1
6 19
55 46
83 47
32 45
84 27
39 5
19 85
28 62
2 0
83 3
78 80
60 92
24 95
82 98
69 4
52 82
75 29
74 43
10 62
96 62
83 24
8 54
86 64
60 29
28 26
23 92
25 57
86 90
91 38
51 27
7 62
33 63
60 66
76 17
74 11
12 76
64 82
65 41
46 23
58 19
36 97
55 86
74 68
84 56
26 0
37 48
79 99
36 36
58 15
46 36
54 24
88 79
66 98
24 27
78 72
51 69
46 83
58 83
84 73
22 70
62 94
51 58
7 88
12 42
94 88
53 82
37 99
55 47
17 58
83 29
84 71
0 76
7 64
27 24
96 0
58 21
14 56
1 8
78 85
23 44
37 80
21 45
82 0
99 28
82 44
2 7
12 45
11 56
96 52
33 4
56 21
76 78
84 88
57 63
44 46
82 54
31 76
0 90
3 45
70 85
60 34
26 89
24 94
28 72
36 12
21 69
82 22
62 68
59 71
48 60
39 31
19 78
35 53
96 81
67 2
7 36
33 89
7 78
62 82
86 91
64 53
54 78
22 51
19 82
36 21
54 19
57 99
54 11
3 9
97 55
58 88
64 76
26 85
15 67
46 26
4 18
68 79
97 27
21 95
45 29
67 21
25 13
8 42
72 29
31 95
35 65
63 22
69 49
50 71
48 79
59 32
74 67
36 89
4 26
3 64
34 52
46 6
97 32
49 27
74 42
23 30
60 75
93 21
13 75
90 78
73 40
94 66
81 59
82 57
87 25
8 55
90 17
40 68
39 18
85 4
76 73
16 70
95 55
55 31
72 97
41 88
13 3
60 58
0 30
60 61
81 90
58 20
13 97
29 82
88 13
20 72
81 40
44 24
26 6
73 67
87 24
16 8
52 45
87 96
98 33
19 61
71 42
38 70
49 57
79 65
79 40
71 82
48 13
37 20
10 25
3 25
10 26
4 39
10 41
53 50
6 66
67 20
64 42
18 47
19 51
72 12
94 8
99 61
55 61
92 17
57 50
69 96
10 33
76 18
58 86
79 46
58 71
35 29
