100 3
31 0
83 76
73 95
39 56
90 77
14 41
53 6
71 3
34 93
21 26
43 46
19 5
59 0
23 41
24 40
97 28
32 83
52 19
4 55
75 38
33 33
60 81
21 96
45 42
93 5
48 42
39 40
10 38
88 71
96 86
65 21
92 29
82 48
27 79
68 47
12 90
9 14
29 62
9 1
68 6
12 87
78 83
37 67
58 98
70 92
74 10
90 93
31 30
71 95
82 60
58 15
86 24
89 64
17 76
22 21
69 59
80 82
11 50
98 82
55 25
84 43
80 24
24 61
16 15
40 0
87 85
0 59
30 71
76 33
83 57
49 95
90 96
98 25
72 96
5 81
81 12
64 70
95 14
32 31
62 65
27 89
77 8
24 80
85 88
76 36
87 10
9 49
2 68
36 99
29 91
8 48
99 83
41 61
67 51
26 94
1 13
78 70
11 33
29 40
54 44
54 19
75 61
53 92
5 78
18 57
0 95
26 49
66 26
90 39
93 95
96 34
93 1
59 42
66 46
35 82
69 24
30 20
15 6
45 5
12 76
12 9
75 55
23 32
72 90
47 29
9 17
3 94
42 93
58 95
97 13
69 70
10 66
30 31
25 79
20 45
99 74
73 88
14 35
36 62
93 35
13 97
45 6
76 2
36 41
48 90
3 75
72 36
18 93
3 28
13 75
87 33
2 42
96 20
40 90
98 59
79 54
9 47
17 81
0 84
73 28
79 69
3 30
47 78
96 98
65 51
85 63
45 13
26 55
42 49
35 66
37 57
62 55
21 51
58 54
47 50
92 17
20 74
22 88
20 88
63 78
91 9
87 98
36 86
3 46
59 49
32 53
82 93
73 98
55 44
17 75
74 16
12 73
92 74
49 92
29 66
56 85
16 98
75 87
92 31
13 69
58 18
65 9
15 82
81 90
25 82
67 31
32 68
71 54
41 6
35 63
46 1
95 37
11 84
95 72
3 85
6 1
97 14
93 59
12 32
16 87
82 22
32 79
69 58
15 46
59 19
34 36
48 20
26 14
65 35
68 43
92 25
79 64
10 37
92 98
29 95
85 65
20 23
71 4
2 3
15 57
47 60
60 79
52 79
23 45
9 0
42 80
28 64
76 15
84 67
25 41
18 19
38 95
59 32
0 80
76 82
49 20
36 90
75 11
57 18
23 22
11 68
15 77
7 26
78 47
46 23
94 49
66 98
46 9
74 17
53 52
61 68
97 46
60 17
33 46
80 54
42 21
70 5
24 24
47 52
37 46
95 61
4 47
60 18
92 62
52 47
43 19
78 24
88 52
39 81
9 94
33 14
78 14
86 15
53 64
55 59
77 25
32 32
86 29
75 96
14 14
52 46
45 4
13 48
5 48
78 74
26 74
86 36
64 28
90 23
52 0
88 66
31 47
33 58
50 60
16 25
83 14
78 75
49 76
36 10
75 57
57 32
14 73
32 44
7 12
63 74
18 44
71 73
64 8
21 36
53 12
90 80
41 93
97 16
64 44
19 68
26 76
55 43
25 32
99 36
40 12
79 38
49 67
83 20
2 61
75 71
83 8
15 95
9 96
28 11
37 1
59 16
71 25
45 74
49 97
39 87
1 51
44 83
95 78
50 76
94 10
56 51
34 81
36 3
51 95
19 93
89 80
45 41
27 7
77 10
36 74
18 74
99 52
42 36
14 80
50 77
27 72
33 20
16 28
37 91
4 97
32 85
81 48
41 30
11 55
44 64
78 11
53 4
61 47
8 94
45 9
36 79
53 69
81 84
86 75
37 16
28 51
55 89
74 66
64 35
29 31
0 72
83 16
66 84
67 87
13 66
95 12
76 72
52 18
17 95
21 40
86 82
7 57
74 9
11 13
76 10
32 17
99 78
8 20
31 40
80 26
49 86
13 65
72 66
1 39
33 64
64 83
20 0
68 4
4 14
91 74
42 79
35 27
34 52
95 6
7 56
87 55
84 86
30 38
8 88
8 76
78 81
63 15
88 54
90 64
20 38
81 6
9 67
85 27
91 0
2 65
67 11
73 85
99 72
21 24
65 36
68 30
14 12
13 58
4 63
8 45
40 77
40 94
57 78
89 71
44 52
16 45
36 83
64 72
90 51
48 58
70 51
81 64
11 21
28 18
55 50
67 21
36 8
57 43
98 47
0 57
1 53
87 59
42 22
73 62
83 86
91 32
34 76
90 35
65 99
31 16
37 3
59 1
24 29
21 5
51 75
16 68
9 28
95 67
24 83
62 4
31 22
13 37
19 94
73 44
26 65
28 72
76 56
47 81
47 8
55 39
84 32
67 96
80 95
41 57
73 77
78 99
10 84
30 32
29 12
19 84
26 5
24 46
80 23
78 2
35 90
61 94
81 14
38 8
30 15
89 86
33 86
61 29
5 37
65 27
8 66
59 22
73 8
21 92
23 21
89 7
83 42
70 82
2 11
82 49
27 23
55 33
45 55
3 52
71 5
10 50
52 13
99 17
96 39
50 71
53 53
72 72
51 77
69 4
12 65
75 83
82 52
75 3
48 8
3 3
96 90
16 62
8 61
12 39
6 25
7 11
81 44
19 13
26 13
48 41
20 70
97 7
40 60
44 47
19 28
92 81
93 45
30 5
55 82
31 13
29 78
60 44
41 28
46 91
10 34
91 28
23 64
88 74
35 73
26 64
69 55
87 41
51 51
39 29
71 15
77 71
61 37
18 4
66 61
23 17
11 8
23 68
93 77
71 13
61 54
49 37
50 42
4 58
16 72
24 79
64 85
58 57
18 75
69 14
52 27
43 91
35 94
81 58
30 95
27 80
76 87
89 41
27 34
51 27
29 44
61 22
33 82
3 42
93 22
38 29
95 30
57 33
9 87
83 67
98 63
63 95
74 53
4 49
47 35
61 36
32 11
25 86
29 29
25 69
54 43
17 45
11 34
94 84
97 27
14 10
41 83
76 40
81 1
12 93
38 65
75 81
43 57
88 53
84 44
28 76
86 72
80 47
4 78
15 1
93 70
56 29
12 48
89 14
18 21
80 99
38 23
75 68
33 45
10 46
58 90
78 46
64 45
49 66
46 53
92 52
62 60
7 14
59 97
74 2
37 34
47 72
80 0
26 50
45 86
35 70
92 89
44 2
64 18
39 3
31 74
31 78
99 91
98 89
51 43
51 30
93 48
8 8
31 8
40 27
99 26
60 3
57 19
39 57
18 76
6 69
88 25
21 84
70 50
4 20
64 82
55 88
70 24
30 22
38 15
82 0
40 29
22 18
78 1
79 93
40 55
7 60
6 17
22 57
16 60
5 73
16 69
62 68
94 58
85 7
30 96
53 39
12 25
77 67
46 50
2 1
38 42
43 69
44 53
57 23
36 60
14 24
4 19
51 14
40 33
59 90
72 88
28 42
47 2
98 87
74 50
9 80
58 99
87 28
25 90
71 96
30 87
56 57
52 38
34 32
24 7
47 9
79 77
4 52
61 72
92 21
69 87
42 66
95 41
94 42
55 31
67 22
81 59
36 35
6 38
26 40
96 6
98 7
34 88
56 13
46 30
67 86
11 11
45 94
19 57
95 35
61 9
91 56
71 46
10 6
54 96
33 16
11 97
97 59
68 77
45 47
89 19
43 86
74 77
60 36
86 70
40 14
40 51
46 42
98 49
34 46
92 59
74 22
66 62
96 45
39 10
88 85
35 35
27 13
63 0
19 36
94 4
96 54
15 27
5 31
1 47
3 80
3 8
33 66
55 95
10 93
51 13
11 53
16 14
82 18
27 42
25 43
67 15
14 78
97 39
73 87
75 26
89 90
29 2
85 51
99 85
87 78
50 81
74 55
92 2
96 56
10 64
24 50
61 17
96 68
15 37
94 98
64 97
91 52
74 97
45 45
92 47
84 8
94 78
2 92
68 66
70 59
48 27
36 73
90 57
23 37
97 35
4 99
70 89
28 60
34 53
15 30
61 55
26 21
41 88
7 72
50 51
49 58
78 89
66 37
51 15
95 62
1 55
4 61
65 57
98 41
49 35
81 32
32 77
13 6
69 77
14 20
55 36
14 6
63 77
48 94
54 17
27 2
89 87
92 76
98 10
66 42
4 57
38 37
61 5
19 72
5 62
68 91
18 9
17 67
15 51
59 66
13 82
24 9
29 50
54 70
86 9
42 45
48 81
51 46
97 82
87 64
69 99
17 55
17 4
69 92
93 50
22 32
83 78
87 34
93 23
12 58
72 94
85 67
99 86
13 16
49 53
9 92
83 90
22 39
22 62
10 62
6 32
12 41
50 59
57 42
41 42
64 53
61 78
52 67
26 8
12 10
70 41
8 96
82 90
19 49
11 61
76 45
39 20
19 4
57 25
63 65
82 23
85 55
73 32
75 92
66 96
48 64
59 79
0 90
45 34
2 4
2 12
3 32
56 42
89 27
1 4
91 77
38 6
7 47
4 13
44 4
49 68
9 70
43 66
19 39
45 91
6 5
60 66
20 83
52 41
34 54
35 37
59 89
22 5
31 25
71 50
32 41
99 9
7 30
58 49
13 1
32 70
34 56
99 29
87 45
67 60
47 85
2 63
32 21
63 99
5 59
47 71
65 40
82 12
73 84
54 48
55 74
1 95
53 7
89 24
64 51
29 11
30 54
71 72
63 82
7 6
10 47
41 37
41 54
99 88
66 50
43 49
86 11
97 94
45 11
94 67
7 43
41 1
49 73
39 15
99 79
92 6
10 4
99 75
92 94
36 59
24 41
53 90
96 99
67 24
15 58
0 79
75 66
29 20
58 89
81 92
77 34
90 81
45 56
50 61
5 84
39 82
26 18
73 82
99 69
8 30
32 28
68 35
72 12
26 48
72 85
25 38
43 38
9 31
98 93
59 71
56 46
5 52
92 3
67 5
83 7
15 79
9 95
25 4
22 34
15 83
63 59
80 20
61 12
80 56
99 48
77 6
30 16
54 65
61 66
75 29
30 89
32 82
63 86
47 11
46 22
29 86
67 55
94 44
42 26
65 47
15 67
21 31
66 9
91 58
75 97
14 40
89 85
69 37
87 68
6 52
59 62
49 51
55 1
10 59
77 88
24 86
66 94
33 57
9 59
87 89
93 28
75 23
80 86
42 6
85 17
64 88
28 6
65 78
17 73
65 61
72 82
45 50
74 52
22 80
17 5
5 1
11 45
49 99
67 80
42 92
4 91
76 39
25 70
15 96
98 58
0 31
73 6
1 40
61 26
28 41
84 94
36 84
77 47
11 43
50 29
68 13
1 17
28 46
81 87
45 96
69 12
89 72
55 10
2 2
3 95
69 89
84 36
18 40
57 62
18 91
1 76
17 44
93 6
5 54
87 53
65 48
34 27
94 13
37 32
41 19
96 8
85 84
68 81
26 30
37 33
53 19
89 49
13 43
83 83
19 61
4 84
23 23
76 30
78 63
59 51
12 64
48 34
70 73
34 6
70 74
64 74
63 27
31 45
74 61
92 7
77 37
52 56
33 61
69 71
40 79
51 81
72 37
97 58
45 92
80 16
34 77
49 47
93 29
1 50
11 30
97 88
64 98
47 76
13 62
71 71
42 50
13 84
96 16
48 39
71 88
43 36
71 22
48 87
38 17
57 71
1 56
9 53
61 81
67 33
53 65
91 91
3 2
33 49
15 66
2 27
83 73
4 72
14 39
41 89
3 22
50 32
93 84
32 13
32 4
33 12
67 9
60 68
0 86
74 7
9 56
65 29
85 99
78 93
5 2
91 83
16 11
11 70
15 15
2 43
25 84
92 90
1 30
8 40
49 64
11 79
69 11
11 29
32 54
43 11
70 80
68 82
84 28
98 95
67 18
7 10
65 98
39 95
85 5
62 80
81 26
90 28
42 43
67 58
44 34
37 30
75 17
96 83
28 62
90 41
62 16
45 62
76 26
51 99
11 73
44 70
87 11
62 73
16 63
9 63
8 36
19 73
57 28
22 35
44 23
43 16
24 93
60 38
3 24
58 40
39 67
0 14
62 95
69 61
57 65
1 3
67 48
52 83
69 67
84 31
10 95
23 59
50 2
34 69
91 38
83 19
10 40
41 84
57 37
91 57
43 92
24 77
20 50
83 0
28 25
74 98
97 2
86 6
54 45
41 7
4 4
42 4
47 55
12 4
77 30
57 80
94 83
48 29
21 17
78 68
71 56
88 30
77 81
44 90
8 21
7 29
67 88
18 82
40 43
14 75
53 56
6 58
76 42
64 33
43 4
39 94
97 95
86 39
39 30
15 21
32 73
43 47
49 26
90 20
65 54
38 69
48 79
87 35
82 99
28 95
72 91
71 21
69 10
3 92
25 78
36 96
36 2
1 25
47 30
42 14
63 24
40 32
42 68
56 39
39 64
10 96
9 18
92 35
5 15
54 90
35 9
59 86
13 63
65 31
17 80
87 16
98 27
21 32
4 59
69 15
40 95
30 74
52 26
92 63
33 40
90 27
16 32
77 65
84 75
10 8
2 74
91 5
82 68
42 24
60 91
82 42
77 39
29 93
72 23
90 18
72 52
18 53
33 90
55 13
47 15
91 66
47 6
65 84
47 59
26 56
76 75
14 91
18 47
94 86
65 63
92 9
57 31
28 83
18 80
66 40
8 51
36 81
31 21
64 86
16 75
22 30
75 95
62 61
20 87
68 15
88 88
82 4
3 64
93 27
17 6
65 8
20 59
79 5
64 87
49 90
41 22
68 3
42 3
65 34
88 84
4 69
89 8
24 52
81 33
7 67
59 50
95 76
84 55
91 78
9 62
30 69
36 95
77 97
88 41
51 65
57 20
55 23
57 3
48 91
25 12
77 83
27 62
87 44
87 9
21 78
74 33
70 61
51 42
40 67
31 53
51 19
51 17
56 55
34 99
72 98
38 13
49 48
93 69
83 29
37 56
6 84
14 64
23 31
65 83
84 83
15 48
63 9
62 75
2 94
69 3
65 77
20 64
5 47
70 40
47 99
80 62
64 3
54 93
46 88
50 50
86 92
13 60
24 98
34 49
9 88
24 59
63 28
16 8
39 59
55 30
28 67
30 52
36 76
93 17
52 87
72 28
4 7
14 90
95 83
33 65
62 17
17 31
84 98
44 7
56 60
73 73
13 71
32 9
47 74
65 92
44 57
83 24
55 57
82 76
52 14
47 28
30 82
77 87
64 19
82 53
39 71
89 95
41 41
68 87
82 58
72 35
57 5
29 42
47 39
65 41
78 50
4 46
43 2
16 3
37 38
89 44
42 31
78 66
51 39
56 61
38 75
43 32
32 25
53 5
10 31
44 49
64 69
11 22
53 74
67 70
16 57
46 21
81 7
89 55
68 58
62 48
23 69
17 87
19 95
2 85
5 43
63 87
89 93
63 2
74 80
39 23
80 9
17 77
88 27
42 7
6 67
34 94
97 91
50 53
64 32
71 83
8 75
16 13
20 71
95 54
39 1
12 2
8 81
97 71
14 15
1 19
48 11
20 54
66 8
89 70
70 0
26 3
68 94
14 47
59 94
88 76
38 60
50 87
92 84
66 35
76 54
32 89
20 16
46 6
53 70
96 84
58 51
21 48
99 10
79 33
7 92
66 39
35 77
10 2
39 61
52 80
60 95
14 16
32 1
8 5
16 30
74 54
52 2
84 84
4 83
14 98
51 97
77 38
35 72
32 78
10 5
6 49
82 29
3 33
83 74
92 19
81 55
82 78
64 64
31 20
0 63
3 37
84 39
37 45
18 52
30 8
4 94
38 72
53 45
59 92
45 7
30 81
88 99
78 72
60 75
98 23
52 16
8 68
74 93
1 31
79 96
62 32
64 66
86 32
79 12
91 10
75 0
14 32
33 76
4 48
21 80
27 8
51 84
38 58
55 14
10 19
2 78
67 49
44 99
54 85
32 48
4 40
5 75
1 89
39 76
99 63
92 14
25 60
98 51
26 41
34 42
91 72
57 64
3 11
59 93
23 40
43 17
52 52
64 77
55 90
58 82
76 99
45 65
42 67
92 77
14 3
71 32
3 59
71 31
36 82
35 83
68 63
93 56
35 64
66 93
7 49
13 54
42 9
45 76
82 54
7 68
7 90
22 60
73 25
8 85
83 64
39 31
71 65
0 83
76 88
0 33
29 51
56 59
32 94
7 88
46 96
24 37
57 8
31 66
60 1
70 15
68 68
66 44
82 30
98 97
53 43
61 4
47 7
89 12
94 9
4 53
88 80
63 21
37 25
72 57
50 26
96 38
9 58
55 48
0 51
80 45
61 96
84 46
70 52
98 60
6 98
99 93
51 70
89 57
21 88
38 46
15 20
13 18
6 68
86 0
85 15
4 60
62 2
40 61
97 41
70 83
53 80
76 21
39 24
54 95
6 3
74 27
31 58
63 39
68 48
16 26
84 37
80 21
41 87
7 37
23 60
66 21
48 13
84 53
84 9
32 84
82 95
77 18
94 93
96 13
16 79
99 53
26 93
24 78
55 83
85 42
16 82
94 25
42 53
3 21
72 49
39 36
99 35
22 61
33 27
83 31
27 31
81 41
80 13
96 37
77 60
97 30
28 45
9 38
7 61
9 32
24 72
99 70
69 84
36 91
40 98
12 15
84 92
36 43
0 73
41 39
25 49
85 26
48 98
38 88
8 2
80 11
3 73
81 70
33 47
1 28
40 45
22 2
2 17
85 49
47 54
72 25
66 7
89 69
85 85
49 85
89 31
89 4
34 67
79 94
39 5
18 63
98 77
54 33
72 92
64 41
75 98
34 1
40 19
30 64
85 9
20 69
43 34
39 73
35 95
45 80
1 8
37 43
23 12
65 3
83 88
49 74
78 95
3 49
33 81
49 24
93 90
94 61
41 32
88 3
77 14
72 6
84 64
77 20
46 49
40 86
64 90
46 86
79 22
45 18
78 90
58 77
51 60
2 30
66 97
46 51
60 21
56 45
66 58
83 11
5 30
34 72
10 82
74 31
75 36
13 70
68 62
86 86
25 92
58 31
78 9
14 97
91 16
61 39
99 54
81 95
12 82
5 22
23 33
96 15
75 43
84 82
14 94
11 2
10 89
43 18
4 12
50 86
3 13
88 1
95 3
75 85
65 23
62 91
10 44
1 90
67 4
66 92
45 17
83 69
68 73
7 63
46 97
57 67
19 56
21 12
75 73
79 83
28 63
65 11
68 88
46 29
97 29
58 9
77 5
21 35
40 87
42 60
47 82
62 90
93 24
16 7
44 28
22 36
34 75
84 19
79 10
38 51
43 84
23 76
3 61
61 64
29 90
36 19
48 77
21 70
71 94
5 83
66 11
36 22
17 32
45 58
90 67
86 10
12 40
31 17
72 20
48 54
57 77
84 7
26 81
88 51
32 0
48 15
87 27
97 20
60 94
21 89
74 37
40 9
7 22
67 74
44 65
55 64
72 80
3 66
28 73
64 20
89 77
90 44
58 52
45 79
19 59
17 57
87 17
34 20
8 78
68 27
25 85
78 57
3 16
91 70
2 29
68 86
82 36
15 76
72 89
9 29
58 88
86 67
32 66
71 98
85 36
39 34
19 76
86 85
37 87
24 14
1 99
57 51
87 83
50 95
89 65
86 71
95 18
37 73
2 73
69 95
39 35
42 57
54 81
21 1
79 44
91 87
48 7
55 19
30 34
83 5
25 75
28 48
49 7
48 26
69 54
97 92
31 62
81 73
11 16
28 91
68 5
20 46
33 23
39 93
66 86
82 67
65 56
10 27
98 52
84 35
46 15
71 42
26 69
20 49
14 27
73 27
72 21
76 25
80 59
52 30
27 50
99 77
67 46
41 23
16 53
9 54
42 74
20 24
60 89
74 40
76 9
60 4
50 12
94 69
50 0
62 56
85 57
66 16
58 27
25 56
41 68
16 65
74 62
41 48
69 18
12 98
68 75
10 20
19 2
90 78
50 38
99 81
69 94
49 88
73 18
22 85
18 27
80 6
93 72
48 47
46 3
48 72
33 3
24 70
45 3
35 96
37 17
82 7
11 59
10 71
94 36
52 73
35 50
99 51
10 78
98 18
84 78
46 8
65 38
80 38
0 12
40 82
80 1
24 25
96 1
67 57
56 97
27 15
7 24
22 20
63 49
33 44
17 34
71 80
95 53
35 78
53 50
66 0
88 12
6 2
34 61
57 45
75 25
88 44
10 45
81 36
0 27
73 24
37 7
11 6
35 47
78 35
48 37
90 58
14 17
40 15
43 5
47 20
0 22
73 78
90 82
46 4
39 66
23 73
38 18
54 4
55 28
95 58
54 24
88 97
25 73
82 92
39 92
84 77
11 81
79 53
15 73
28 21
28 9
24 3
68 28
47 12
50 55
95 23
38 55
40 4
15 8
23 10
33 24
1 46
88 6
43 68
66 66
4 15
28 39
23 98
83 6
79 72
49 34
82 87
98 80
19 30
10 97
50 11
23 90
19 62
6 6
0 43
7 77
24 87
95 63
41 92
68 39
91 40
19 8
81 37
23 44
10 79
74 44
95 57
75 65
48 67
97 76
38 20
62 7
7 76
65 64
42 25
39 69
36 32
44 68
45 2
84 89
39 90
7 53
60 78
85 74
26 12
30 53
8 65
53 67
37 9
23 84
44 50
35 1
77 13
95 70
61 85
80 27
49 82
82 19
50 15
90 59
86 28
48 50
23 1
97 17
43 54
32 15
37 12
47 1
97 15
7 78
26 25
13 12
95 28
48 60
52 65
98 2
13 38
66 13
79 81
38 49
97 54
62 63
72 4
99 24
29 3
24 58
44 46
57 68
80 28
69 33
8 69
87 42
55 46
84 52
27 22
6 15
63 92
14 0
65 66
30 11
55 15
90 31
89 53
9 93
43 97
36 38
81 28
23 91
44 9
60 26
38 28
83 30
69 9
91 59
62 5
77 98
41 70
59 28
14 2
58 46
17 40
52 76
39 62
56 49
88 98
79 29
11 42
0 10
11 72
71 74
93 96
23 67
21 81
41 36
28 29
62 54
84 65
33 8
37 5
85 39
62 26
58 93
87 62
99 59
0 66
79 16
50 73
43 30
4 75
67 32
70 32
1 7
72 47
4 29
94 74
90 66
73 3
75 47
25 45
24 44
41 43
31 94
73 83
44 51
17 68
18 73
26 96
40 89
95 20
65 76
17 70
92 45
0 1
90 46
73 23
35 92
35 30
81 39
32 71
6 48
4 31
8 55
93 43
13 90
54 98
82 82
94 23
60 37
9 91
12 28
79 49
21 53
83 60
86 26
55 55
46 0
59 77
81 56
8 12
64 52
17 78
18 56
71 77
80 39
43 65
80 78
86 37
59 38
68 41
7 41
71 2
22 65
14 38
63 48
52 25
36 67
53 88
87 99
27 74
60 54
43 56
57 91
23 42
56 2
70 23
57 88
75 91
27 73
13 10
62 86
25 99
62 46
38 34
88 18
53 13
89 59
86 56
52 85
50 97
31 98
74 92
53 77
13 64
97 81
2 57
14 28
10 36
98 14
83 91
46 76
51 69
42 78
81 4
15 59
58 63
66 4
50 30
28 52
1 11
5 23
18 83
23 74
88 86
58 71
41 52
56 94
64 62
47 79
42 51
53 36
62 12
71 27
84 10
64 75
52 62
57 76
94 80
45 59
69 19
29 14
93 26
24 34
15 62
62 67
12 50
45 39
33 63
1 36
60 65
11 94
8 92
95 82
2 10
98 66
79 23
28 88
17 49
48 44
25 61
77 26
34 50
78 16
53 98
20 1
49 18
45 69
24 99
51 38
57 10
25 7
26 62
55 40
88 19
52 97
31 55
71 66
0 40
8 42
16 86
42 87
7 59
72 50
95 27
49 33
19 41
5 86
42 19
31 4
96 30
21 50
52 31
90 84
63 85
42 52
79 95
19 45
40 78
61 86
96 96
32 62
70 22
91 61
45 40
22 86
30 65
80 66
27 19
47 33
17 46
41 21
21 52
27 58
53 32
89 66
34 65
30 7
50 8
9 20
92 32
47 18
20 17
5 12
39 38
55 72
90 97
40 34
20 34
72 71
32 51
55 92
33 70
21 82
27 6
61 10
12 34
67 41
35 39
66 87
24 91
39 79
97 37
91 69
40 70
69 79
52 81
73 35
48 95
55 20
99 32
38 24
85 3
4 33
21 59
0 87
10 55
90 52
54 88
45 78
33 97
34 16
51 48
29 15
11 66
24 36
55 0
91 15
14 76
87 81
19 47
22 19
16 50
13 31
54 25
0 49
59 67
91 14
21 38
58 13
58 59
66 22
36 68
28 57
52 58
69 38
95 4
63 80
43 96
3 68
49 96
76 6
23 53
54 18
48 9
91 41
98 53
11 44
22 93
79 89
57 14
37 54
8 90
99 90
88 55
71 14
95 79
58 97
57 39
86 44
25 68
6 77
32 19
30 13
84 15
81 54
39 22
42 28
63 46
0 53
33 73
27 25
66 76
80 55
79 15
18 84
48 52
67 10
63 33
78 61
13 29
10 29
44 72
15 7
94 90
4 65
22 37
98 86
69 32
72 26
17 62
82 3
28 68
29 73
31 81
18 38
8 53
2 81
30 18
79 99
9 45
1 38
90 33
59 8
73 75
64 34
82 5
5 79
62 97
48 96
82 33
28 17
75 7
30 49
29 97
29 38
87 38
69 51
0 81
88 28
74 0
17 33
75 86
3 99
54 61
35 65
95 84
34 23
69 20
2 44
28 50
93 51
52 20
74 59
40 71
38 0
1 21
19 3
56 96
9 84
73 5
1 6
89 25
23 80
13 47
74 73
12 68
33 13
70 60
94 34
48 10
61 83
67 91
70 88
90 47
56 38
1 69
68 64
1 23
98 12
67 7
30 28
84 22
25 87
30 43
25 22
79 67
81 42
37 63
98 54
85 41
94 45
54 23
31 73
9 77
18 90
48 55
38 79
35 71
41 86
51 21
99 8
85 24
53 30
2 19
87 54
89 28
17 39
58 68
77 50
84 30
2 23
6 91
40 99
40 5
0 20
3 65
18 55
25 15
23 55
93 87
73 59
6 61
97 93
41 98
76 71
74 90
19 85
51 41
11 32
54 99
23 43
26 4
13 15
60 99
12 60
65 4
14 87
78 6
23 83
81 61
6 71
68 57
55 56
4 93
84 50
70 66
41 58
2 70
57 54
75 13
45 60
83 68
36 16
84 85
39 9
98 45
70 1
2 53
9 15
29 35
40 30
83 26
50 78
75 10
41 79
15 55
10 81
94 50
30 50
91 45
48 86
85 12
42 94
89 92
67 34
73 37
25 96
35 99
92 23
97 72
54 63
11 91
50 58
80 50
13 78
4 37
12 81
85 2
16 9
85 82
52 1
70 26
36 27
87 29
32 38
56 16
61 98
22 23
81 65
49 31
98 11
65 43
36 39
36 98
37 31
57 16
73 90
92 24
57 44
20 66
58 66
79 79
31 43
42 70
43 89
22 58
23 35
25 88
73 50
5 96
86 50
16 71
83 92
67 62
74 30
75 49
54 89
35 61
26 29
67 17
87 69
91 1
76 65
67 20
53 11
0 69
55 69
66 1
43 26
68 67
98 48
24 43
78 12
11 86
67 26
5 68
36 46
98 30
15 33
69 81
56 17
76 20
26 83
26 36
2 31
77 16
86 52
97 6
84 71
78 82
78 88
70 78
10 69
24 54
31 29
13 30
28 4
97 45
91 62
58 23
58 20
56 78
45 32
48 61
12 43
19 81
68 26
62 25
37 14
24 64
18 86
77 70
87 87
76 24
76 60
23 47
13 42
89 74
93 14
86 66
53 24
35 43
39 6
12 11
25 52
87 94
67 90
51 23
94 88
49 21
61 13
56 66
75 80
98 22
73 89
39 70
45 83
27 59
41 13
53 0
10 88
77 41
91 67
54 7
8 15
91 99
70 7
97 78
18 41
5 56
74 57
6 82
85 45
63 88
66 10
57 90
67 73
57 4
55 76
82 32
81 71
51 4
35 15
72 3
47 56
98 96
75 6
78 53
98 40
5 95
2 86
97 65
31 10
11 5
58 37
17 8
17 83
83 23
32 69
50 82
84 93
49 45
29 8
20 18
66 73
64 80
98 90
68 99
35 45
64 48
18 87
84 81
37 51
18 24
40 6
28 61
43 70
31 61
92 46
72 8
98 5
41 65
61 35
34 44
95 97
67 69
50 70
14 71
83 40
91 60
2 28
40 59
90 6
54 41
37 36
71 16
25 36
9 37
79 48
31 99
70 29
44 94
86 84
37 49
86 69
61 70
83 17
56 34
95 1
40 68
13 73
29 4
60 60
42 72
68 50
37 76
33 98
49 40
41 29
12 84
22 90
45 23
8 10
84 69
6 8
48 22
96 14
13 14
45 8
85 14
9 64
99 25
62 18
84 20
86 30
90 14
44 92
5 66
67 83
52 36
73 60
5 99
28 37
29 5
77 61
43 80
76 34
53 23
15 19
13 5
67 43
92 16
4 22
63 56
23 65
78 7
41 95
5 3
3 74
86 94
33 69
31 57
98 91
79 84
41 50
24 18
1 57
74 60
34 41
0 38
36 66
90 79
5 92
42 96
86 1
60 53
41 15
65 94
61 34
61 50
95 8
80 51
20 4
90 26
30 84
48 1
73 39
64 13
50 35
7 25
89 47
84 96
94 48
31 90
86 99
84 24
73 42
46 60
77 92
47 17
71 43
5 63
68 25
44 86
74 63
58 85
15 87
70 76
79 46
41 81
9 68
20 79
7 40
60 80
48 24
93 19
56 9
29 71
84 27
44 66
87 75
96 21
77 99
58 53
71 47
57 24
12 66
64 39
67 23
42 58
21 97
31 41
89 5
32 10
45 29
73 97
3 31
46 25
56 23
1 59
51 0
3 14
24 35
38 27
46 13
27 49
48 36
80 7
22 40
65 17
43 8
49 23
97 99
80 49
91 85
55 86
39 46
93 8
99 23
82 59
37 39
50 68
51 37
99 57
35 74
16 88
21 8
79 60
90 91
40 22
24 47
25 44
43 50
38 2
76 43
70 67
36 57
66 30
21 87
46 19
43 81
51 88
95 45
95 81
12 23
16 22
20 43
18 70
40 37
39 25
72 33
4 71
29 88
6 41
28 24
93 7
14 65
22 55
44 69
23 24
30 91
21 74
56 65
38 98
12 88
84 26
65 90
69 5
13 51
45 30
78 25
63 11
91 7
6 86
39 49
58 44
89 23
3 69
61 63
55 63
69 42
74 25
90 75
73 22
1 62
47 73
18 51
90 87
75 89
89 51
3 90
55 16
66 33
88 10
43 20
70 55
7 21
73 52
74 49
45 98
98 28
71 52
22 14
34 47
59 17
87 58
70 47
11 65
82 44
27 93
19 77
41 8
9 57
56 72
18 97
52 3
97 90
8 80
44 89
55 61
48 65
88 50
58 64
22 28
22 17
46 80
22 31
69 80
96 3
15 22
93 73
40 39
42 5
51 35
26 61
36 36
71 48
84 14
62 70
22 52
0 96
28 47
67 92
17 1
63 23
69 48
88 9
73 45
57 82
58 7
30 80
0 78
80 79
92 1
48 14
39 14
25 10
22 68
10 7
99 92
10 60
7 94
86 8
62 47
14 95
94 65
80 93
42 32
80 31
25 65
1 98
79 6
79 17
95 94
72 87
29 57
5 42
95 9
82 13
53 51
72 84
3 36
33 62
79 62
58 11
97 84
50 74
35 25
12 36
40 10
71 34
52 49
9 86
96 78
42 81
4 87
72 16
72 24
89 60
9 72
31 5
4 10
14 44
82 34
76 29
85 34
85 52
2 40
72 48
8 17
90 63
90 40
43 44
65 52
84 68
58 92
61 31
29 9
42 62
34 90
71 19
62 30
43 33
10 74
52 95
12 67
10 72
71 68
11 47
20 98
1 54
75 46
57 2
35 53
93 94
78 40
82 26
41 80
83 56
49 2
8 4
66 75
2 8
82 65
92 78
90 10
30 45
86 4
35 34
45 44
9 74
51 98
19 32
54 37
40 26
22 51
71 26
77 49
48 19
54 12
68 37
80 98
64 67
51 12
64 47
57 97
51 56
73 72
87 72
82 16
43 58
79 56
52 70
88 87
8 33
0 13
16 78
40 66
94 7
20 57
20 62
77 90
76 86
22 59
97 10
16 94
98 21
6 27
65 22
93 49
22 8
61 1
22 56
22 83
68 21
13 24
18 36
62 28
5 6
86 61
54 86
94 43
40 81
66 64
42 16
46 7
13 2
58 76
68 0
16 48
55 2
70 75
94 12
27 57
34 96
19 15
65 81
55 45
42 91
74 48
30 23
24 67
86 59
30 1
17 36
92 44
95 75
28 93
51 74
66 89
47 34
27 30
24 45
56 11
19 63
34 33
58 42
8 71
38 74
84 3
46 39
78 85
8 13
12 21
59 46
62 77
92 34
4 67
3 53
43 52
75 56
19 7
63 20
41 35
91 18
46 41
43 23
28 32
65 67
42 98
58 14
4 98
60 6
57 27
68 11
18 7
49 87
30 77
53 85
70 90
48 99
46 75
59 40
53 63
0 6
16 42
24 12
21 99
98 8
43 79
38 78
19 43
29 68
46 33
23 13
88 67
96 10
97 97
61 51
16 52
70 27
71 41
95 19
82 25
10 25
49 11
99 14
47 83
31 39
29 7
1 73
27 11
74 38
52 8
39 32
48 69
64 21
11 12
26 59
39 51
13 17
24 66
99 5
71 58
0 45
76 66
4 44
3 78
1 61
20 99
28 38
54 16
5 21
71 85
5 39
65 1
25 19
59 55
54 91
31 68
86 3
88 47
17 7
33 71
43 98
56 99
95 85
18 69
43 28
20 78
37 74
77 66
94 85
17 18
78 3
27 69
89 43
69 13
27 75
93 10
67 13
64 5
13 26
32 7
54 50
61 62
35 86
21 19
39 96
13 49
43 93
16 34
99 2
36 23
52 69
27 98
67 97
59 80
16 61
32 72
38 44
97 47
77 33
91 8
42 76
27 41
18 2
0 16
93 3
55 51
47 92
33 52
13 59
55 18
99 89
26 1
76 84
69 65
0 28
7 4
29 76
75 52
20 53
13 50
73 43
24 20
39 41
34 11
27 97
7 16
4 42
91 22
48 51
4 21
62 45
99 50
5 19
54 59
33 28
63 32
45 43
18 8
17 26
33 68
74 78
77 74
38 83
67 44
92 43
34 55
63 34
35 14
14 70
88 64
75 62
5 40
60 9
87 26
85 53
43 88
21 73
72 67
58 70
23 99
91 26
65 71
39 13
83 58
44 3
73 81
61 45
65 42
72 2
93 66
81 53
0 7
89 34
2 54
87 2
6 74
94 96
14 13
32 92
87 84
93 34
49 81
50 34
82 40
21 20
84 87
75 90
49 3
95 49
90 2
44 24
85 50
86 20
81 27
39 52
56 54
83 55
40 73
9 22
18 29
65 59
60 39
38 77
96 74
79 19
42 48
5 14
78 64
76 59
10 22
5 74
18 17
84 18
36 47
61 88
91 42
60 57
86 89
36 88
54 8
64 24
40 2
29 54
83 1
32 3
68 61
63 72
34 3
39 17
37 47
81 72
48 12
26 43
13 3
54 66
10 77
77 35
54 82
86 81
32 46
15 85
52 60
3 19
20 55
82 21
45 75
71 97
89 18
83 22
45 73
57 96
65 86
24 75
69 82
79 41
75 72
21 63
47 58
73 80
17 3
93 44
32 95
94 17
28 33
17 59
10 26
37 97
69 27
98 44
64 63
69 66
56 88
50 72
98 6
58 38
6 33
23 89
22 72
80 96
38 91
71 69
47 48
81 5
84 42
31 85
25 21
3 83
39 68
87 91
30 4
6 65
52 11
29 75
32 6
67 19
63 61
83 18
15 40
49 44
64 94
45 72
74 81
40 49
2 20
5 0
73 7
26 95
73 0
39 39
5 9
37 26
97 67
27 87
46 72
3 7
22 9
12 30
93 98
84 72
48 40
49 78
54 51
73 63
77 93
39 88
80 35
54 84
60 85
85 90
11 90
16 56
31 38
4 76
86 2
22 53
76 0
81 79
71 90
13 11
5 77
27 0
35 51
33 11
42 40
24 8
26 11
17 27
90 65
28 75
20 90
88 23
74 13
38 82
93 39
79 7
14 57
66 25
30 99
44 32
43 83
21 64
36 26
56 47
80 64
0 24
36 4
36 18
76 67
3 57
17 28
34 35
81 11
91 75
77 85
49 15
78 44
94 14
76 12
26 57
27 68
75 2
96 70
3 40
56 58
54 79
59 81
39 86
35 31
89 99
56 12
80 34
34 14
43 85
37 18
95 13
91 92
54 83
58 16
85 91
37 21
62 85
82 73
50 99
35 22
35 13
19 9
11 39
61 19
63 54
71 75
35 91
21 69
28 49
86 34
22 49
53 37
33 6
19 78
29 72
37 44
2 13
63 64
22 47
92 97
61 65
22 10
33 80
24 56
28 82
95 52
48 62
27 37
38 5
94 94
69 93
77 2
1 87
62 84
9 19
79 43
97 73
82 66
10 94
54 14
38 92
62 19
48 88
88 96
16 31
75 15
20 44
86 54
41 25
37 50
92 80
59 24
49 9
5 57
68 54
22 78
58 47
51 49
86 42
95 40
28 0
17 63
45 66
78 77
67 67
42 2
67 56
68 24
56 71
72 34
2 97
56 41
70 9
86 79
15 71
53 38
92 95
61 92
33 43
87 12
20 80
69 46
60 7
88 57
92 15
84 4
2 0
6 87
39 8
35 36
21 30
6 4
78 59
7 54
4 30
12 8
58 94
72 7
17 22
46 71
51 3
98 42
46 81
18 60
80 32
55 21
52 96
19 20
76 38
19 21
93 71
69 21
84 49
38 66
65 2
5 33
48 84
71 37
44 59
51 34
80 94
34 85
59 43
5 64
93 52
68 33
49 22
20 95
78 0
60 93
87 77
11 54
32 50
9 23
49 0
93 89
62 92
19 31
95 38
66 43
44 1
96 17
7 46
31 11
63 55
12 26
47 44
6 44
22 79
30 86
94 33
11 40
71 38
82 80
41 71
83 9
0 29
67 6
23 15
83 53
38 87
91 37
66 69
60 83
98 32
64 30
87 67
74 83
51 53
16 37
73 51
88 90
58 75
79 42
75 45
1 43
49 32
44 11
4 8
29 37
54 46
78 18
52 93
59 53
74 26
57 61
10 39
6 56
49 39
4 0
10 23
41 97
56 6
89 76
50 31
60 42
97 83
94 70
82 79
77 15
82 70
22 46
35 28
63 96
75 70
32 34
6 78
84 59
16 49
41 5
25 94
20 89
99 61
75 32
56 64
53 82
5 20
76 78
34 59
67 14
82 38
47 84
7 44
81 30
8 39
85 76
18 98
15 68
70 71
86 23
15 13
79 91
73 26
98 31
78 60
32 91
19 50
64 60
86 27
8 3
36 51
0 60
44 8
53 18
64 89
17 20
35 7
48 59
89 35
7 91
40 58
4 86
88 15
60 29
95 39
16 17
67 37
36 87
61 2
17 72
87 40
66 99
62 10
57 40
59 57
64 23
31 56
28 10
77 45
90 5
2 35
94 59
64 1
12 99
92 10
66 51
92 26
39 50
87 6
43 63
65 10
55 80
97 96
90 88
69 83
88 70
31 59
90 92
69 91
5 97
20 63
62 93
18 72
44 78
89 82
60 45
82 55
88 48
7 65
72 83
10 76
62 22
3 84
38 93
48 0
26 84
45 49
25 93
79 34
81 22
31 69
44 29
54 1
95 74
99 19
13 89
28 2
62 57
20 72
42 35
52 88
12 22
82 96
85 64
5 11
94 6
65 70
50 1
11 77
2 90
56 76
79 18
52 42
22 12
84 17
16 36
88 0
87 37
10 18
27 35
80 85
99 13
53 76
79 25
77 1
32 58
16 23
97 69
88 65
18 34
41 82
87 73
50 41
33 7
91 21
22 82
33 48
83 93
94 39
65 82
1 64
79 63
50 93
65 88
30 66
99 1
63 76
61 90
31 96
96 49
71 6
87 47
83 51
97 33
42 61
30 83
19 74
9 79
60 5
50 43
49 84
26 35
53 68
91 79
73 57
39 99
35 58
25 3
56 75
27 95
92 56
56 48
75 20
22 75
32 43
46 57
98 43
71 61
96 19
18 15
90 55
7 42
3 4
45 15
27 88
63 25
1 15
33 39
6 81
2 50
69 41
78 30
99 28
83 28
55 41
90 34
16 24
2 39
51 86
32 33
10 0
70 64
35 23
41 56
92 75
75 28
18 1
35 6
70 97
87 97
33 93
10 3
46 37
76 16
92 20
60 8
92 40
14 4
24 62
17 24
1 81
65 18
57 85
47 23
43 6
11 63
83 66
80 30
15 99
4 74
3 29
12 18
78 42
76 18
89 54
72 55
28 79
31 72
68 72
46 62
67 0
96 26
21 34
52 86
5 49
68 89
64 37
68 9
84 48
21 6
15 2
42 86
25 48
70 2
47 94
22 71
95 80
41 85
50 5
72 40
25 35
9 5
77 19
32 67
63 26
61 43
51 64
34 30
38 59
59 99
53 31
61 49
52 21
47 77
35 79
21 58
78 55
36 75
38 45
1 49
71 18
77 23
95 26
36 5
34 92
16 67
48 17
36 33
6 13
30 75
61 82
54 34
13 25
6 95
21 2
85 66
77 27
37 29
46 43
6 99
42 75
76 35
61 8
12 20
7 85
19 11
51 82
2 25
69 72
76 96
68 16
72 58
68 19
36 24
94 55
82 98
7 58
37 85
65 69
67 52
52 50
50 94
54 0
25 46
83 63
69 90
31 64
85 33
29 53
25 39
6 37
64 25
18 42
11 83
29 96
77 56
63 12
78 5
38 52
11 20
83 32
13 61
50 69
71 39
21 61
47 46
58 48
18 20
14 49
80 63
54 62
99 7
18 0
19 17
67 85
91 27
66 23
39 47
46 85
64 9
27 17
21 46
79 14
36 65
75 39
79 45
93 32
11 38
61 24
47 67
5 61
3 25
40 23
39 28
8 86
81 85
83 62
13 85
69 43
52 4
34 70
97 68
86 7
12 42
88 8
51 20
19 99
62 43
71 63
85 92
70 14
68 79
16 5
6 92
32 16
90 7
23 88
75 50
10 70
70 70
51 61
9 89
96 60
79 36
62 83
82 64
14 43
73 64
7 19
31 77
54 42
12 80
62 41
87 56
81 8
90 42
77 57
37 82
61 84
73 67
38 89
20 47
43 59
17 38
14 26
99 95
33 38
52 75
85 59
53 57
82 17
12 95
48 4
75 4
33 50
72 70
66 59
48 73
99 39
81 40
95 96
43 13
99 99
9 7
84 97
2 24
51 59
25 77
34 86
86 14
89 13
49 42
93 91
5 60
22 11
93 21
96 43
30 36
92 41
11 48
11 37
41 0
63 62
17 16
71 7
52 5
95 32
81 46
33 89
73 76
72 78
93 55
7 81
46 44
3 55
32 60
72 79
59 37
50 98
12 54
71 89
18 89
60 48
56 62
55 5
64 56
9 25
32 81
68 38
90 73
62 3
53 54
98 98
26 63
46 11
88 20
22 69
51 78
12 89
15 78
22 87
51 10
29 94
76 58
19 80
46 94
54 52
88 43
94 8
41 34
59 20
29 99
63 79
72 99
78 96
60 51
10 54
18 50
72 32
60 96
78 98
95 36
96 23
56 56
79 50
14 25
33 96
52 78
22 84
17 96
87 49
39 85
75 67
8 24
92 4
70 36
7 64
83 33
85 22
1 91
8 64
78 17
0 56
87 19
41 60
26 97
68 29
84 41
31 71
86 33
31 44
3 98
19 16
49 60
51 11
32 55
72 77
95 50
17 60
26 33
44 98
53 46
74 91
51 54
40 69
49 70
1 97
86 77
2 46
66 74
8 25
88 81
41 55
50 7
99 37
52 34
25 29
71 76
83 46
76 98
84 70
90 62
36 0
68 65
12 86
92 88
8 9
93 13
52 24
25 83
67 93
94 81
88 42
79 82
14 21
69 23
54 39
68 52
1 27
36 12
51 62
70 42
41 40
19 34
3 41
99 80
66 15
47 96
66 88
73 54
5 87
75 78
11 58
60 84
96 93
82 77
31 82
24 82
84 16
30 51
72 42
27 91
70 10
30 21
81 0
43 67
94 24
47 69
32 29
86 13
17 51
97 75
89 63
39 7
41 53
97 43
21 15
80 83
94 82
8 32
4 45
83 97
42 55
43 39
52 23
67 30
53 48
14 85
20 84
60 33
17 37
92 73
98 64
58 28
70 33
60 71
27 10
46 74
50 65
78 33
33 35
86 48
42 38
73 20
68 31
73 40
60 86
24 23
73 29
16 10
25 11
21 60
62 34
61 42
23 27
88 16
59 18
58 86
88 91
58 12
52 94
71 81
8 82
63 84
65 58
75 75
69 31
0 88
59 9
52 44
76 17
45 68
99 55
57 92
75 1
77 3
21 0
14 61
83 94
62 39
96 53
32 39
86 55
18 23
94 63
60 47
64 92
58 10
44 58
29 1
8 91
68 40
35 29
68 7
32 93
2 47
53 44
28 3
18 33
24 2
51 76
62 33
12 92
96 61
83 80
66 56
70 16
77 12
40 16
6 89
44 10
15 86
28 97
30 2
1 58
59 29
53 15
72 86
40 44
7 15
80 88
51 33
22 6
69 78
49 38
0 74
34 98
58 4
36 50
69 40
11 93
15 36
69 34
36 56
40 17
80 73
61 91
56 4
89 26
67 42
65 26
91 89
59 61
75 93
44 80
79 37
34 79
12 71
87 71
36 52
98 55
67 72
14 67
68 84
61 93
37 95
37 93
65 96
20 81
42 29
30 41
92 82
52 66
19 51
50 17
70 48
91 47
49 12
16 21
11 14
67 50
3 43
38 96
20 37
90 37
37 20
31 76
85 21
73 36
43 77
57 47
61 3
12 55
72 65
74 89
4 96
95 93
48 70
6 28
9 98
80 48
74 94
94 87
40 83
79 39
54 58
29 56
49 65
18 88
37 40
58 22
55 68
99 94
87 18
22 97
58 5
7 7
62 78
86 25
28 78
44 88
82 35
83 99
42 97
36 94
19 53
82 11
42 15
95 22
85 23
40 42
43 41
26 53
68 22
12 72
37 6
75 53
56 84
17 94
29 47
46 93
6 46
18 48
9 99
21 79
14 81
45 53
23 7
20 58
91 23
18 32
83 96
50 63
31 7
1 71
88 21
59 54
1 68
36 77
39 54
96 32
53 25
87 46
24 30
73 30
7 8
53 58
9 69
40 53
38 56
6 51
80 81
55 66
55 9
70 49
50 16
10 17
25 31
82 2
61 0
11 49
9 71
94 22
19 70
68 44
85 54
78 13
66 63
39 77
73 91
58 55
65 28
61 21
17 43
85 10
11 27
78 26
11 69
6 79
8 7
6 63
81 16
52 84
80 71
54 54
49 17
28 55
22 16
69 45
45 99
5 94
89 36
20 6
41 18
69 64
21 62
86 21
4 18
58 19
91 81
22 7
95 55
87 1
11 60
84 29
25 16
14 77
25 14
99 42
31 80
36 93
73 31
64 96
25 1
4 54
20 77
40 13
48 57
36 97
99 22
28 7
54 87
3 17
7 20
0 97
61 38
59 82
60 88
73 49
49 69
42 41
81 68
19 69
11 80
37 23
36 61
31 3
47 64
95 2
39 63
38 26
2 5
50 21
97 61
93 83
74 46
60 52
79 73
93 80
45 36
50 37
81 60
38 50
14 18
45 64
98 46
28 31
59 15
67 36
74 96
86 97
13 55
70 77
33 78
41 46
16 55
40 18
96 92
52 64
46 95
57 41
29 79
20 40
72 60
79 92
42 47
69 6
2 22
50 3
26 32
75 8
17 25
52 82
53 20
41 26
6 10
23 39
64 46
76 1
33 54
28 15
55 26
56 30
19 19
55 97
30 70
27 21
39 98
85 19
9 44
76 97
94 75
2 48
77 17
89 37
68 18
35 88
36 48
4 68
47 38
39 16
92 60
16 12
94 92
64 6
76 19
99 65
90 16
54 75
77 78
11 52
55 3
4 38
85 83
38 35
89 61
62 11
91 11
88 31
51 93
91 49
27 63
82 71
18 54
95 21
2 59
16 6
60 32
77 31
16 83
99 6
56 90
27 94
37 77
77 86
8 19
76 57
24 76
53 41
47 26
48 76
95 44
16 89
28 96
18 64
25 25
9 46
12 78
5 76
93 38
95 69
53 29
59 85
99 16
79 32
35 67
16 29
78 97
80 70
76 4
82 81
96 97
47 87
29 81
65 60
16 95
36 45
26 38
61 18
49 10
63 83
20 86
48 2
72 27
62 38
11 4
58 65
64 4
54 28
58 3
94 91
5 8
50 92
25 63
62 72
85 1
43 48
81 17
70 37
39 11
19 35
16 47
72 30
51 25
83 2
81 62
75 12
25 98
91 84
26 15
27 86
67 98
70 87
19 83
42 39
53 22
1 34
63 19
79 88
30 72
28 22
60 56
34 51
91 31
73 46
86 88
46 38
50 57
10 53
77 0
78 31
24 48
56 10
39 12
21 76
87 3
1 75
67 16
71 20
82 56
74 8
59 98
19 75
63 53
74 75
49 62
8 98
50 96
67 12
12 16
2 38
28 71
96 0
34 64
62 51
4 73
98 29
37 58
32 26
34 4
90 13
49 93
93 15
37 75
86 64
96 59
43 61
99 66
83 48
25 33
85 38
89 97
70 68
61 80
87 61
93 74
73 79
22 33
93 82
63 36
9 43
33 19
21 27
19 48
67 95
27 24
92 27
91 65
33 21
17 2
56 3
61 89
56 7
60 58
71 36
1 82
12 57
62 8
94 2
96 36
79 27
19 54
27 26
33 22
76 64
29 10
47 0
99 73
70 8
96 41
94 99
80 57
13 56
75 88
37 28
4 70
37 66
16 4
90 9
13 20
83 44
94 68
10 33
5 80
24 71
64 49
68 1
89 78
17 52
98 81
66 54
36 63
94 52
51 79
56 98
72 14
5 10
44 55
68 76
13 99
43 24
59 6
62 20
85 0
41 27
60 35
80 61
46 55
10 13
39 4
16 19
25 40
5 24
92 39
3 76
50 83
43 27
72 53
12 85
87 48
13 13
21 91
79 55
74 45
17 84
38 48
84 95
66 67
27 83
6 39
3 62
77 40
88 63
86 35
16 2
89 15
64 40
93 54
92 33
98 33
21 28
31 18
76 53
41 62
23 57
65 55
29 6
24 90
74 4
67 29
22 76
57 29
63 50
29 24
51 83
1 37
37 27
58 81
83 34
41 38
71 87
82 97
41 17
85 68
96 18
93 62
8 60
57 36
35 24
74 28
99 44
6 54
79 28
47 25
36 7
62 1
1 2
82 45
76 94
38 11
39 83
10 99
39 0
86 62
33 56
46 82
48 97
83 52
73 65
86 22
72 11
10 28
9 48
92 99
2 82
14 33
93 99
71 1
66 70
63 6
23 78
71 53
18 43
93 36
29 77
34 2
69 62
27 29
21 83
98 75
50 80
38 81
74 85
12 0
60 20
99 18
51 72
78 41
46 66
13 83
94 3
21 25
27 45
0 46
95 71
21 54
7 35
50 39
47 16
42 73
36 69
11 35
19 90
98 56
47 14
53 17
29 23
76 7
77 43
0 0
16 40
60 16
38 32
69 30
29 98
64 99
22 45
68 10
67 65
18 58
17 90
49 43
6 36
89 10
32 47
36 31
97 49
70 99
35 52
73 34
87 36
60 41
61 20
94 20
45 38
49 5
52 15
80 18
10 1
44 63
59 64
9 42
99 68
83 79
54 3
34 38
50 84
47 27
1 77
35 98
7 5
6 83
12 33
8 37
5 72
6 59
59 70
92 83
94 19
22 4
7 39
58 79
21 44
29 85
20 27
78 10
33 51
30 73
33 53
52 54
49 52
73 68
89 30
18 85
99 43
8 23
97 38
53 60
86 60
33 15
18 68
62 42
26 87
51 57
80 44
93 20
68 14
56 35
53 78
15 31
39 2
24 13
14 99
26 24
75 48
5 5
87 50
63 35
61 15
19 18
95 15
24 19
36 21
20 2
4 90
23 75
71 78
56 22
48 75
90 48
74 41
58 60
95 91
59 88
74 21
82 83
20 93
49 54
45 67
23 2
53 27
47 36
37 48
27 38
60 61
97 87
52 61
45 71
29 18
40 8
40 40
75 51
7 89
78 58
87 96
70 19
32 14
42 30
82 27
21 66
18 96
57 95
80 60
4 51
38 57
64 54
26 79
9 66
87 82
42 11
9 85
20 73
78 36
5 17
29 89
96 88
43 25
19 92
16 96
53 91
70 98
26 98
57 73
79 40
61 7
50 23
85 93
23 92
94 76
20 30
89 91
70 91
48 18
65 68
94 51
95 7
55 96
84 1
15 11
75 54
89 88
78 51
40 74
88 7
44 97
89 11
70 18
46 2
7 17
60 72
86 19
45 1
11 19
99 33
45 63
55 81
43 94
58 84
85 18
1 93
39 44
12 70
95 17
27 3
54 10
80 65
34 43
40 75
81 24
74 88
88 38
48 71
9 34
15 56
71 70
51 7
38 86
58 8
18 49
77 32
97 0
45 93
2 45
88 68
74 64
7 31
29 48
73 17
18 81
24 6
5 88
41 69
93 11
26 54
77 4
57 56
86 95
47 43
64 84
49 30
62 14
45 16
21 37
82 43
0 89
93 63
30 59
71 99
80 52
81 91
26 75
0 67
75 21
55 71
67 63
26 60
77 62
13 39
96 33
68 70
97 9
60 82
79 47
64 0
10 41
88 34
68 46
26 66
22 92
81 75
37 41
37 62
0 32
26 0
47 13
27 33
44 18
63 17
61 28
21 57
43 87
89 1
96 81
54 35
79 87
97 36
98 3
71 8
3 39
94 56
99 97
58 67
37 88
53 93
34 26
16 44
34 82
17 86
45 51
57 50
41 2
44 15
64 91
16 64
92 65
35 55
96 27
93 64
88 17
55 42
37 0
85 37
96 48
65 39
73 70
36 30
89 96
50 89
5 26
23 19
2 18
42 33
69 49
29 33
18 37
35 10
46 56
55 34
46 59
10 65
85 87
67 94
1 52
50 90
87 57
29 74
40 76
93 41
23 28
13 91
15 94
37 71
75 19
32 59
81 23
29 61
91 93
3 15
52 98
60 22
70 58
19 79
37 61
25 37
21 75
65 97
20 65
3 23
8 29
53 49
18 39
13 0
96 25
46 47
15 4
51 1
44 22
2 34
53 83
88 69
60 76
20 85
55 98
30 17
83 61
60 87
15 41
65 49
35 57
80 2
82 37
33 32
99 64
14 63
26 27
3 6
20 8
14 83
73 56
82 1
5 91
46 73
10 63
77 69
92 5
96 62
15 69
54 57
73 99
27 55
31 23
59 2
39 75
36 42
84 11
66 48
35 48
16 18
43 73
58 80
46 54
66 81
29 22
8 63
78 71
73 55
99 47
74 11
33 77
90 50
69 17
2 7
66 34
37 99
32 42
24 84
55 52
92 57
37 65
94 15
87 30
29 69
16 81
81 97
86 57
3 63
51 28
35 60
14 68
74 12
19 97
79 35
88 61
20 56
4 43
95 25
28 34
94 89
81 43
49 75
53 42
38 16
58 62
64 59
53 86
18 10
90 72
19 55
24 31
45 97
64 65
61 76
37 94
42 64
49 49
69 53
26 42
52 77
47 66
38 80
24 38
72 61
95 95
18 67
47 89
41 90
4 81
45 27
27 12
96 46
32 36
59 47
67 64
82 41
13 19
7 13
80 22
45 25
46 87
54 6
12 91
39 42
35 38
20 60
24 97
21 77
73 12
3 79
64 55
62 21
43 71
22 96
17 88
49 91
82 88
85 97
39 58
91 98
62 88
59 59
14 36
31 86
40 93
77 11
90 29
21 65
98 69
61 16
45 54
94 47
25 20
91 64
94 31
21 45
68 23
27 81
19 96
40 36
2 9
74 6
17 21
82 94
37 13
52 45
50 46
74 20
73 14
57 35
38 67
51 96
92 38
81 81
2 96
94 66
77 68
50 67
81 18
63 81
88 22
85 29
80 19
59 69
56 79
83 71
0 39
47 47
45 89
79 51
32 8
72 81
11 67
46 70
94 21
70 20
2 87
98 37
76 28
2 37
67 78
27 84
50 4
69 86
36 37
80 80
29 39
84 40
21 86
18 11
14 42
14 30
33 74
63 41
65 6
3 86
84 79
92 0
20 32
28 26
4 23
37 79
93 78
54 74
73 66
70 25
49 89
67 71
26 52
75 77
98 72
28 66
4 79
58 21
78 20
64 71
40 46
14 22
14 88
24 15
32 75
24 65
41 4
99 21
49 63
11 95
97 12
68 53
69 63
51 71
87 8
58 24
56 20
80 87
89 52
12 77
15 65
5 71
32 90
80 97
72 69
14 69
63 45
88 26
75 5
75 94
78 15
38 43
27 78
50 85
92 53
27 54
12 45
68 55
43 37
49 56
44 37
52 39
65 74
63 47
73 16
51 29
67 89
68 56
34 28
81 29
92 18
15 91
15 50
14 96
45 57
45 0
12 38
87 5
24 1
35 46
82 6
97 80
40 20
79 78
37 52
86 91
87 22
56 40
85 28
31 37
6 76
18 13
37 22
67 68
5 65
10 43
87 15
35 89
91 63
55 75
78 28
51 31
57 59
96 55
99 34
19 87
29 28
43 31
65 12
96 44
22 81
80 10
25 57
85 95
62 0
39 89
34 97
12 13
68 98
41 59
13 67
40 80
37 86
68 32
10 21
12 53
9 3
11 92
69 88
8 93
63 90
43 99
82 47
48 6
66 60
30 12
3 48
49 55
43 10
23 85
96 64
49 4
58 78
25 9
6 31
19 33
75 69
28 43
5 89
28 65
15 42
73 33
78 23
42 13
41 78
55 54
75 18
33 1
22 77
65 32
78 84
89 94
8 56
73 94
18 16
84 6
47 68
98 0
58 34
31 67
14 1
88 60
32 80
30 88
62 36
9 50
2 77
31 27
55 38
3 67
75 24
4 32
95 59
17 48
20 5
53 10
3 72
81 52
64 50
54 49
73 21
92 67
41 91
63 97
2 32
22 42
14 54
88 13
57 55
59 7
45 22
7 96
41 64
35 54
91 68
74 19
75 64
55 47
98 50
52 28
5 32
66 72
67 40
0 98
54 15
43 45
68 8
12 14
45 46
36 92
96 24
47 57
25 8
90 3
16 77
10 16
40 7
27 90
53 9
38 62
56 95
1 60
90 60
37 70
62 71
90 83
9 12
78 94
3 96
58 83
78 78
49 61
99 12
79 86
94 0
35 93
43 76
78 56
63 1
34 68
28 81
65 24
29 34
8 22
90 43
69 39
84 12
34 71
17 0
31 79
32 86
8 84
63 89
67 8
23 38
58 72
57 98
37 81
28 54
26 39
26 89
29 83
33 26
10 11
9 39
4 9
41 49
57 69
66 77
1 78
37 59
30 76
11 99
21 13
15 53
66 71
81 66
88 82
63 7
53 1
97 51
52 51
87 86
81 82
64 57
3 38
49 46
82 85
19 40
79 61
52 74
96 66
57 99
94 29
18 6
63 69
17 17
33 72
53 3
9 2
30 30
13 52
42 37
24 53
98 71
84 73
1 24
67 77
6 80
71 91
10 12
60 13
17 97
43 82
48 63
88 40
9 9
83 15
85 61
28 80
2 98
77 28
15 47
60 98
50 62
60 43
94 27
23 50
22 27
13 22
19 66
10 68
99 98
51 5
99 71
56 63
31 15
66 6
31 32
52 89
95 10
7 9
29 27
33 84
82 14
13 77
11 31
35 18
55 73
41 33
0 68
10 32
96 73
48 32
54 73
93 57
51 68
97 24
42 18
12 47
45 77
25 95
37 80
61 32
33 95
96 95
87 92
94 73
65 79
59 11
39 43
93 18
87 14
61 6
76 85
20 91
80 90
62 87
53 40
61 79
40 25
37 53
70 72
52 90
30 10
38 3
52 53
23 18
41 3
53 33
87 21
23 79
27 43
97 89
65 50
24 28
91 96
26 9
97 21
32 57
55 49
49 72
1 67
30 24
11 96
97 18
38 76
69 29
57 9
88 29
28 53
14 53
15 63
23 8
29 26
44 76
29 43
53 96
56 68
60 69
98 15
81 96
22 99
88 93
56 43
85 71
68 97
99 30
28 74
47 41
23 93
72 95
92 85
73 61
94 11
57 74
37 68
77 72
74 74
25 89
38 31
69 56
80 74
12 12
30 63
29 46
77 75
34 0
10 48
35 49
65 80
50 20
6 96
48 33
95 89
41 20
84 74
95 24
96 82
96 42
38 1
56 81
60 97
47 62
34 24
63 60
27 56
22 13
36 34
79 98
46 10
45 95
57 46
60 62
20 36
86 5
38 97
27 76
25 18
81 80
57 11
94 64
2 36
85 16
48 68
74 79
71 10
8 1
34 25
20 41
98 99
33 88
38 99
26 45
65 45
97 53
57 60
32 76
76 90
73 47
41 63
48 92
20 82
62 24
59 12
42 69
0 4
20 22
54 31
77 95
30 46
66 5
46 79
61 58
44 85
7 84
7 48
62 15
38 90
66 17
14 37
50 66
65 85
2 64
74 82
56 92
84 60
40 92
94 62
92 50
67 79
17 74
86 87
72 9
97 1
81 15
9 11
44 79
62 6
6 64
65 44
49 80
36 25
26 80
13 57
3 47
46 31
38 63
77 29
27 71
21 72
79 76
61 53
77 73
87 95
66 90
19 24
75 76
5 82
86 83
14 51
51 36
34 5
82 24
15 60
95 60
85 25
82 8
63 57
48 89
98 38
88 92
8 0
17 61
10 87
6 62
61 52
85 78
0 82
41 9
90 61
79 2
45 61
80 41
91 3
23 66
85 40
55 79
54 69
92 72
8 77
50 64
9 52
98 85
29 52
89 68
58 30
8 47
7 34
0 34
80 72
1 9
20 75
32 18
57 79
84 88
81 67
76 37
35 2
33 99
82 46
34 31
44 17
72 62
41 24
10 24
7 36
77 82
34 45
12 52
95 5
22 89
38 4
51 32
91 19
74 36
99 84
43 42
52 55
6 97
47 49
58 26
23 77
21 29
91 36
98 1
36 72
69 96
74 99
94 35
79 1
82 57
57 15
57 57
84 33
18 22
63 58
80 4
38 68
74 95
93 37
52 17
61 61
72 44
45 24
23 52
0 37
66 38
7 80
60 12
28 13
15 90
32 2
16 35
10 35
72 22
94 53
90 11
18 46
57 6
21 90
26 6
3 34
36 55
78 79
87 93
30 14
38 22
94 16
46 48
18 95
21 22
45 31
24 73
39 55
29 30
85 94
15 89
44 16
8 44
57 17
94 40
90 71
23 61
64 22
1 80
57 84
55 17
98 65
88 58
23 49
40 64
61 87
25 30
91 24
78 45
42 83
31 31
57 58
90 49
33 18
45 14
60 63
84 90
86 40
64 43
14 23
81 50
12 5
32 20
2 69
90 89
80 69
65 14
48 48
61 71
96 9
0 54
76 5
94 79
21 10
74 23
90 4
35 16
59 45
22 22
15 75
28 40
80 43
50 47
39 26
85 4
35 42
36 13
85 70
36 9
31 1
8 59
66 20
98 94
22 70
97 63
97 31
93 75
66 3
80 33
53 59
63 91
64 12
81 25
39 21
62 58
95 31
26 58
30 39
6 75
86 46
13 36
7 23
35 12
47 10
39 27
5 93
58 87
98 20
8 79
89 22
40 84
38 61
33 10
38 14
25 47
66 53
65 53
68 85
0 52
72 1
36 6
32 96
93 68
95 0
41 12
57 86
27 5
73 71
81 20
2 91
8 6
96 63
29 63
30 37
97 70
11 82
73 92
32 99
35 26
81 3
85 60
35 20
53 16
51 63
33 67
73 93
10 67
44 54
8 74
12 79
78 80
1 66
18 30
94 28
8 43
44 35
25 23
84 54
7 55
78 86
95 29
82 9
23 81
72 54
68 45
87 74
43 75
69 73
81 57
26 26
95 43
24 57
23 95
92 58
13 80
75 42
90 0
54 40
7 27
71 92
98 88
24 27
76 83
75 9
81 34
19 38
61 56
9 90
54 2
59 27
6 57
89 9
1 92
12 94
89 73
30 68
37 83
21 7
0 21
17 56
52 71
15 35
43 7
25 13
42 46
14 9
79 65
44 77
62 94
55 58
2 41
71 17
7 66
30 58
29 82
55 6
66 80
28 92
23 56
31 92
0 99
43 53
45 81
78 22
6 73
90 70
91 2
30 93
40 54
33 92
0 11
1 1
77 76
81 35
21 56
39 37
2 55
73 19
71 64
7 70
85 56
85 77
66 27
3 54
56 19
51 92
35 5
15 54
1 42
40 3
11 10
91 88
65 15
27 60
6 26
39 60
87 0
88 56
90 12
72 75
64 15
14 50
36 29
75 16
67 45
84 63
60 24
37 10
8 52
4 26
46 99
79 30
98 74
63 71
54 22
47 21
13 9
17 54
23 26
64 95
34 13
42 85
70 85
21 16
50 10
2 49
77 55
83 65
93 12
37 37
55 93
29 55
43 0
88 39
41 10
15 26
26 46
61 99
29 16
88 2
64 68
43 29
25 74
15 80
17 19
28 77
81 21
48 5
92 66
76 50
7 62
50 9
59 30
75 37
92 54
38 53
53 14
6 47
2 66
45 84
46 67
27 77
54 92
54 32
61 97
54 72
83 85
81 2
97 85
64 58
53 94
22 67
30 42
7 87
94 41
84 99
50 54
2 51
15 0
1 16
37 42
1 85
62 44
14 62
36 70
51 58
70 86
70 34
18 79
91 13
16 92
69 7
20 14
98 92
3 77
20 9
82 20
72 43
87 90
57 7
59 4
46 18
51 66
93 46
22 94
71 93
66 65
54 53
12 51
50 14
79 11
37 2
46 40
83 3
52 72
46 63
93 86
5 4
77 77
27 64
97 52
52 7
62 62
42 77
52 12
56 5
13 33
44 36
9 60
70 31
28 8
64 16
14 72
36 54
60 73
76 79
61 67
96 94
48 80
44 71
13 44
81 78
44 12
68 96
58 91
89 38
87 39
0 19
47 4
14 92
76 11
16 93
82 89
68 71
19 27
92 70
49 8
89 67
76 3
64 2
33 79
4 85
30 62
68 93
46 36
27 96
44 45
26 72
2 67
73 58
12 24
48 49
68 60
67 27
35 3
37 24
5 18
47 19
55 11
67 84
63 63
70 17
25 72
11 74
40 97
33 36
83 95
91 17
60 49
16 97
86 63
54 60
27 70
80 42
51 80
96 85
23 51
55 53
53 97
54 38
4 39
43 62
17 92
35 11
60 77
42 8
3 91
31 70
28 90
13 8
64 81
69 97
69 25
74 71
20 20
52 43
4 6
43 40
24 22
5 27
27 99
84 45
30 61
88 83
70 28
64 10
49 29
12 37
76 13
53 35
50 79
48 83
33 4
38 25
64 29
32 64
64 31
14 31
80 89
47 5
80 37
28 70
74 68
30 35
44 42
42 84
59 73
3 44
57 13
86 58
2 62
13 23
52 91
59 87
11 23
1 44
4 66
90 86
74 43
79 3
29 19
31 75
91 12
30 47
35 41
92 61
11 41
95 88
45 87
90 85
96 40
18 18
79 52
26 16
78 4
95 42
53 61
17 30
57 38
8 38
21 23
44 61
11 87
14 19
97 56
92 69
4 62
34 9
1 22
13 72
71 84
16 66
1 20
30 55
59 56
4 92
41 31
22 29
63 42
92 30
70 81
99 11
30 97
76 52
98 36
15 5
67 66
24 49
91 25
3 20
72 74
39 80
61 44
47 31
2 56
23 11
12 74
89 2
67 35
70 96
21 68
50 22
96 57
17 11
75 60
90 98
55 84
88 75
91 34
21 47
81 77
26 51
7 28
73 11
75 30
77 7
89 0
5 29
55 8
96 72
31 60
13 87
33 29
40 28
17 9
38 12
76 31
90 76
31 50
3 9
46 98
76 44
83 47
65 16
13 40
70 38
56 24
7 95
93 42
75 33
46 83
16 73
66 12
18 78
15 72
8 41
59 26
40 96
60 31
67 39
58 17
8 31
2 21
11 76
89 81
44 30
99 49
85 79
27 85
46 65
87 60
60 64
70 63
34 8
15 64
75 79
82 84
15 43
49 41
94 72
64 14
19 37
72 73
16 51
14 89
15 38
56 74
44 62
0 77
71 44
59 75
57 94
91 35
31 19
0 55
72 51
40 65
6 14
86 73
5 41
96 87
48 3
98 4
89 50
60 30
47 95
61 75
75 99
44 75
1 10
87 80
40 48
40 88
71 24
72 59
7 50
14 82
85 96
86 31
80 8
26 68
20 61
0 3
71 55
10 80
96 76
4 88
67 2
75 22
3 88
25 51
23 25
37 96
88 72
35 56
60 40
19 10
11 62
11 3
41 44
6 34
30 40
0 44
91 94
37 98
51 55
88 89
94 46
16 39
68 12
66 29
17 98
35 59
34 91
66 45
9 33
38 84
15 25
35 32
5 7
62 40
20 96
3 87
74 72
87 32
63 68
88 32
96 28
67 61
71 23
24 39
66 68
59 13
25 26
57 49
44 14
83 89
8 54
26 37
86 93
2 15
97 22
94 30
53 62
43 12
44 39
35 84
42 20
16 38
77 22
88 24
94 5
24 11
3 81
97 57
56 73
51 8
18 94
15 84
6 53
44 0
15 98
71 28
33 75
59 36
93 9
0 76
80 46
70 30
74 5
21 95
85 75
8 14
61 69
32 5
69 76
91 86
42 95
47 86
95 48
74 76
63 44
77 84
69 28
83 21
10 56
35 68
46 52
7 45
20 33
97 26
12 62
30 3
27 46
48 56
52 33
81 63
72 97
46 78
7 99
42 82
1 29
82 69
85 46
89 40
56 89
27 27
10 91
80 12
45 82
34 40
96 71
88 79
27 9
70 94
30 27
80 29
96 12
70 6
40 11
7 51
77 64
46 27
0 35
54 64
98 61
15 23
25 2
16 33
43 95
34 18
19 44
32 45
89 48
78 8
51 18
53 66
87 63
18 5
72 17
2 93
37 55
44 60
78 87
28 16
20 92
43 60
48 30
41 51
34 39
90 53
72 19
10 58
33 41
61 33
42 17
18 62
4 64
64 93
34 60
56 27
20 97
6 42
64 42
25 67
35 80
4 80
65 75
91 50
32 88
5 70
92 48
84 66
93 88
81 88
50 52
17 14
18 92
19 60
22 66
24 96
26 70
72 41
10 52
65 65
48 45
9 21
10 86
28 94
34 57
31 33
26 99
32 30
74 67
36 20
6 29
74 58
82 75
43 74
21 9
47 45
59 91
86 65
51 16
72 46
54 77
57 89
45 28
28 19
17 12
7 97
26 23
28 28
54 67
1 63
7 86
86 16
84 51
27 36
98 19
86 12
87 23
60 46
3 26
81 99
88 14
23 4
21 3
56 28
16 74
11 98
82 61
82 62
56 91
24 4
4 1
27 44
97 62
62 82
59 41
95 86
99 82
55 32
40 62
83 38
79 68
62 49
21 93
88 73
0 94
61 27
29 80
57 12
65 19
97 3
48 23
31 12
4 11
90 54
15 93
46 12
42 23
25 27
63 93
9 41
17 91
29 92
49 19
65 33
49 94
92 37
69 60
47 37
75 63
58 6
23 9
63 52
59 10
88 37
59 63
80 53
50 27
49 28
67 3
14 58
86 76
31 49
55 24
96 80
2 88
55 60
55 94
21 4
89 98
7 83
39 65
46 84
48 21
4 41
7 2
55 91
45 52
20 3
15 45
42 12
47 88
18 99
42 0
90 45
7 1
38 41
44 26
84 91
14 34
96 4
70 39
76 63
51 91
54 71
76 95
89 32
10 75
69 47
21 39
0 17
35 44
84 38
16 20
63 16
27 66
26 2
44 43
79 57
25 24
67 1
87 13
2 80
40 56
41 11
89 29
5 35
17 35
0 5
8 89
6 9
79 31
50 36
47 91
96 35
37 72
45 90
15 17
64 76
99 96
92 86
22 3
85 20
76 62
35 21
20 51
0 62
18 61
89 46
36 28
17 89
32 12
27 32
24 88
26 88
98 35
20 25
55 35
14 74
37 78
3 82
12 19
41 67
23 58
97 42
13 86
69 75
82 51
57 93
28 14
95 47
84 34
1 96
8 70
27 65
90 15
20 29
65 30
57 63
63 3
6 19
47 70
66 55
77 42
92 55
95 73
12 6
28 85
81 76
24 17
60 67
78 54
2 79
98 62
62 31
64 73
16 90
75 59
99 3
46 92
31 48
23 6
81 93
93 53
77 54
33 34
60 23
62 9
59 34
48 38
33 31
38 73
88 78
4 34
67 53
33 30
67 81
11 57
58 25
13 35
34 83
29 70
66 47
0 26
59 52
43 14
83 72
78 73
84 62
88 35
21 42
53 28
17 50
23 46
12 44
84 2
74 84
51 47
0 92
1 88
78 21
13 53
61 57
1 72
1 12
88 46
54 5
95 68
15 88
73 48
72 13
17 71
42 99
59 44
11 25
41 72
56 18
63 66
59 48
48 82
35 17
15 81
59 5
62 37
7 79
58 56
27 14
87 76
95 98
32 63
85 11
56 82
18 31
36 64
56 53
75 14
11 26
64 38
78 92
40 24
33 83
22 64
72 18
11 9
96 77
45 19
8 34
47 97
34 73
19 89
89 20
81 45
16 0
93 40
38 64
81 69
83 13
43 64
44 40
24 89
58 2
24 74
65 87
18 14
46 24
0 8
48 16
11 46
27 18
8 50
92 36
95 77
29 84
73 13
84 23
39 91
15 92
57 22
5 13
53 34
3 35
65 0
51 44
8 27
5 28
11 17
4 89
57 70
49 27
59 3
45 21
76 61
92 11
76 41
68 17
79 66
11 64
59 31
37 11
76 48
13 32
5 69
21 18
55 62
82 10
19 29
94 71
61 59
40 52
38 21
28 99
31 24
24 0
11 75
34 95
13 34
91 46
81 13
77 80
86 45
90 68
16 70
15 39
76 77
79 0
37 19
94 57
89 21
93 33
18 59
86 98
21 55
52 68
98 9
26 47
2 60
96 22
97 66
76 93
91 54
54 97
63 40
37 69
74 3
19 22
23 3
22 50
53 8
8 72
22 98
59 33
42 10
99 60
66 41
56 36
28 98
90 36
13 68
56 33
25 6
27 39
16 58
74 87
19 65
80 40
47 3
76 89
92 87
94 26
3 60
9 78
48 43
47 42
6 20
72 0
0 41
44 84
79 90
62 35
76 27
32 27
35 62
69 69
66 83
92 92
50 19
84 61
46 46
1 0
68 80
91 30
44 41
9 4
23 72
11 56
59 14
48 31
26 31
92 79
43 51
40 35
89 39
2 33
35 97
76 81
24 85
49 79
32 35
12 56
17 13
61 40
29 25
80 15
52 59
9 40
66 31
47 53
96 11
56 86
0 23
87 88
6 45
5 50
25 59
3 45
14 93
55 77
78 27
1 5
14 60
5 53
92 12
59 65
58 32
64 7
33 42
32 98
31 95
11 18
86 90
48 93
69 0
3 10
27 48
14 48
46 34
36 78
32 24
65 89
95 16
28 56
14 84
17 58
61 77
32 74
6 18
6 93
55 4
46 68
0 70
69 8
19 67
43 35
79 59
31 54
63 18
80 67
60 55
61 46
90 8
82 74
0 91
10 85
44 82
1 18
87 51
63 29
35 85
64 79
9 55
38 39
4 35
41 75
60 0
72 45
93 47
75 44
71 57
18 45
75 27
65 95
43 43
29 41
75 82
35 40
30 98
74 1
54 26
88 94
40 57
11 88
16 91
33 25
56 83
94 1
75 41
25 71
18 66
63 4
71 0
10 30
99 41
66 91
44 93
79 70
54 36
42 27
51 26
31 65
68 20
29 13
91 73
45 20
57 48
55 70
15 9
4 77
68 59
39 48
46 64
77 52
30 19
25 54
54 78
63 22
91 55
70 11
67 99
26 7
4 82
42 88
30 9
93 30
28 35
34 12
2 14
75 34
5 45
90 25
1 74
41 74
59 23
89 17
22 43
71 45
30 79
42 1
81 47
40 1
58 0
40 72
9 82
79 71
59 83
9 81
2 83
6 12
16 43
19 42
44 25
6 88
12 46
70 43
73 96
40 41
91 76
29 67
93 92
95 56
6 66
46 69
44 81
28 23
92 68
52 63
22 63
70 84
24 94
10 98
20 13
96 89
39 84
35 4
73 2
70 46
83 84
41 14
34 58
29 58
7 98
56 52
64 78
38 7
58 61
61 14
55 65
83 59
74 18
62 53
17 64
8 97
9 13
24 81
56 77
29 32
72 56
60 70
18 25
44 19
58 96
33 87
7 93
69 35
73 53
82 15
53 99
39 53
10 57
41 66
22 15
19 71
33 2
65 7
12 59
13 94
96 67
14 79
78 91
36 1
62 13
38 30
9 73
80 68
40 47
90 24
18 26
16 41
69 36
62 69
20 76
20 26
33 5
88 95
58 58
0 36
76 74
0 65
8 73
33 0
91 97
10 83
11 24
27 53
17 15
4 50
44 96
65 20
70 45
23 14
19 23
94 60
75 74
21 67
29 45
4 56
90 94
61 25
84 0
10 73
15 32
35 19
80 36
52 29
70 65
57 81
0 61
12 63
48 66
27 82
19 82
61 23
54 47
32 22
86 49
25 76
37 64
41 99
11 0
35 0
91 43
71 33
28 36
41 16
29 0
74 39
15 24
16 99
12 17
59 76
97 77
70 21
20 15
96 7
1 32
24 69
94 38
1 70
11 7
36 11
82 86
21 94
19 26
19 86
13 41
50 44
43 22
13 21
6 55
33 37
17 93
93 16
68 42
85 31
37 35
43 55
84 21
99 76
58 45
60 34
59 95
20 11
40 63
95 87
39 18
63 38
99 46
78 65
82 63
74 29
1 45
8 16
4 24
23 0
20 48
17 99
60 50
56 21
71 29
0 93
66 32
78 67
95 33
2 99
98 13
91 51
66 78
76 51
34 89
19 46
51 94
91 33
60 15
96 65
7 0
73 86
73 69
50 88
40 50
19 12
87 65
57 30
15 49
28 27
60 92
3 0
86 51
51 52
78 37
51 87
38 9
6 90
11 89
96 31
46 14
25 28
23 96
83 54
23 94
64 36
28 1
82 39
23 30
88 59
37 4
54 9
45 10
80 75
3 50
34 15
0 48
22 95
6 60
27 4
32 52
23 63
24 68
78 38
78 43
56 70
44 33
23 36
87 70
87 24
56 31
81 49
57 52
11 36
10 49
59 60
36 14
7 18
46 35
78 62
25 62
56 32
97 50
59 58
93 65
70 69
79 24
7 82
44 5
3 70
43 1
68 90
32 37
26 86
26 77
98 57
87 7
21 49
19 25
72 63
69 44
44 74
25 58
6 23
71 67
68 95
98 84
25 50
59 96
18 12
99 62
81 31
93 81
22 48
99 20
56 44
60 27
36 49
98 26
92 51
49 36
93 25
28 5
95 65
36 89
12 29
98 78
58 29
50 75
44 21
92 28
9 30
3 58
97 60
27 40
86 43
28 12
59 39
39 19
15 61
65 93
24 16
22 91
93 76
24 63
85 30
44 73
9 83
6 21
4 3
96 29
74 42
14 8
6 43
31 46
24 33
58 43
69 1
6 85
50 91
29 49
6 0
65 72
30 48
14 7
74 14
96 5
38 38
6 94
28 84
14 46
92 49
72 39
87 20
90 69
4 27
70 54
32 56
0 18
89 56
25 34
72 5
2 72
34 48
26 28
98 17
59 21
23 97
21 43
71 30
88 4
22 26
20 12
58 1
97 5
33 85
79 8
78 29
31 84
66 24
47 98
77 9
94 32
30 44
52 40
17 23
5 34
90 22
38 10
33 17
38 40
30 26
93 4
88 49
20 10
66 28
55 87
15 70
15 52
43 9
22 73
80 84
97 8
66 79
48 78
77 59
50 6
32 61
58 73
34 84
50 48
85 6
97 79
69 52
2 6
54 80
95 90
31 51
42 56
86 74
94 37
6 24
98 24
86 96
31 28
12 97
70 95
0 30
76 46
76 92
49 13
27 28
83 25
23 70
1 26
95 51
42 34
80 58
29 60
64 11
71 51
92 64
63 14
61 73
92 91
34 22
69 98
31 35
54 11
77 89
8 35
12 83
39 33
35 76
81 83
12 35
27 16
38 19
96 47
41 94
37 84
90 74
46 90
60 11
85 13
28 44
79 9
51 89
0 64
44 31
47 80
70 3
56 69
36 85
10 90
77 58
83 36
53 2
52 35
50 13
64 26
31 6
34 66
68 2
20 67
51 85
37 92
46 77
36 53
43 72
42 42
44 87
66 82
80 17
29 59
51 9
9 26
80 14
12 1
64 61
59 74
7 3
1 35
24 32
3 1
46 17
11 15
12 96
66 14
48 74
31 14
69 50
26 78
77 63
56 26
95 34
69 26
19 64
13 79
9 27
12 27
26 90
71 40
99 15
22 24
99 40
37 89
36 40
91 44
9 61
64 27
72 68
10 9
96 50
97 64
86 18
12 69
98 70
25 66
13 76
45 12
54 76
70 13
87 25
9 97
74 65
99 31
18 71
92 22
56 93
97 32
27 20
31 42
62 79
8 26
49 1
19 14
53 81
33 94
69 74
26 73
68 69
70 56
84 47
9 35
21 14
45 85
3 56
71 60
58 33
11 1
8 87
92 8
30 29
14 5
40 38
1 84
55 29
39 72
34 29
50 28
74 24
60 25
82 72
14 66
23 20
31 34
31 63
63 43
25 80
0 75
47 65
53 26
56 37
97 23
7 38
85 48
19 88
8 67
56 25
45 26
53 73
67 38
86 47
70 44
49 57
0 85
85 80
8 18
24 51
56 15
76 68
46 20
76 69
30 6
52 37
13 92
14 55
94 97
60 59
49 77
98 83
89 16
12 75
31 2
1 83
94 77
5 58
49 50
79 80
90 21
32 87
55 67
76 80
73 41
72 15
15 44
96 52
83 77
7 69
28 30
36 80
58 69
11 78
49 71
97 86
15 3
8 58
63 67
85 47
48 85
24 92
69 2
51 90
30 94
31 87
71 49
35 87
18 35
97 44
56 14
24 95
53 21
63 51
9 10
98 16
93 60
13 74
65 62
22 41
50 33
56 80
22 38
60 90
39 97
51 45
63 13
66 36
98 34
42 59
61 95
55 99
76 70
15 28
95 11
54 55
43 15
42 54
23 86
25 81
30 33
72 93
37 60
87 52
21 41
78 34
81 86
38 36
87 4
59 84
32 97
71 82
42 63
53 87
7 71
10 61
73 1
0 25
52 9
15 12
39 78
25 55
46 5
63 8
49 98
73 74
96 51
76 76
90 56
96 69
6 50
45 35
44 91
34 10
77 51
73 10
56 87
65 37
60 14
63 73
77 94
51 22
13 98
91 4
35 75
14 59
38 54
73 15
54 27
58 74
88 33
83 82
45 70
31 83
59 68
83 37
84 13
95 99
91 95
23 87
98 76
13 46
47 93
96 75
71 86
79 97
77 79
15 74
16 59
85 35
78 39
90 95
74 34
34 62
61 48
89 89
74 69
27 52
0 71
5 16
47 75
93 67
26 92
6 40
76 55
31 91
37 8
99 38
16 46
27 92
25 0
65 46
86 38
59 25
65 13
0 9
93 61
20 19
32 65
51 67
31 52
21 11
72 31
48 53
68 34
54 13
8 99
9 16
2 84
36 15
53 55
92 13
59 72
88 77
42 44
15 18
45 33
77 48
17 41
26 20
13 95
83 43
18 28
22 1
13 81
67 28
41 73
13 28
26 17
33 55
97 11
51 50
40 85
20 21
90 19
95 64
16 80
27 67
32 49
5 85
62 52
31 26
2 89
4 28
77 24
16 85
26 34
88 5
84 76
75 40
4 16
82 91
55 85
4 17
97 48
78 19
30 67
7 52
89 3
97 40
26 82
71 59
34 78
62 66
48 46
29 21
71 9
51 73
3 89
87 43
90 38
74 56
23 71
76 22
99 4
84 25
44 56
60 28
75 58
46 89
42 65
83 98
16 54
9 6
53 89
26 71
79 75
26 10
93 97
7 32
28 58
86 80
16 76
55 27
50 49
58 35
17 10
71 35
49 6
77 21
38 33
30 92
69 68
31 9
6 70
44 6
16 27
13 7
89 62
85 8
73 4
63 94
38 71
28 20
13 27
83 81
44 44
65 73
9 75
85 86
99 45
17 29
24 42
52 57
93 0
14 56
7 73
48 28
8 62
38 47
70 57
12 49
42 90
18 65
48 35
66 49
81 38
1 86
45 48
4 5
89 6
75 84
77 36
90 90
1 41
3 18
83 49
76 91
67 75
9 36
34 7
65 5
62 59
67 54
47 90
6 7
76 47
53 71
43 78
30 57
25 97
0 58
29 64
97 34
5 67
39 74
89 58
73 38
70 4
90 1
2 95
34 74
59 78
44 95
75 35
55 37
38 85
63 30
5 51
23 62
44 67
92 93
12 7
19 58
60 10
19 6
28 87
81 94
76 23
83 45
91 29
20 68
70 93
92 42
1 79
7 75
15 29
5 25
3 71
61 60
66 19
25 91
1 65
62 81
83 10
54 29
96 2
28 59
77 44
63 37
76 49
6 11
54 94
81 89
57 83
61 74
85 73
31 36
69 57
84 80
56 0
94 54
57 34
80 92
52 48
48 25
34 21
24 26
81 9
85 62
57 1
30 78
34 80
4 2
5 36
2 76
53 47
6 22
30 0
26 19
71 79
10 14
83 87
47 32
19 98
74 35
62 99
42 89
49 83
26 44
77 53
15 10
17 53
8 83
81 74
53 75
27 51
99 0
73 9
17 65
68 36
77 46
35 81
33 9
17 42
61 41
98 67
36 17
26 91
95 66
20 42
99 27
49 16
63 5
23 54
91 71
74 15
43 3
98 79
91 6
52 32
26 22
76 73
53 84
83 70
8 95
2 58
83 27
29 36
63 31
12 61
86 78
86 17
43 90
68 78
72 10
54 20
55 22
13 4
79 21
6 16
34 37
12 3
41 77
62 98
78 48
8 49
85 98
2 16
83 12
22 44
66 52
5 55
80 91
18 77
29 87
35 8
27 1
33 91
14 11
26 67
51 6
98 73
57 0
47 40
93 31
72 29
11 51
36 44
63 98
74 51
89 83
68 51
97 25
79 20
28 86
6 35
95 46
78 76
50 25
93 79
24 21
23 82
63 70
58 50
50 24
1 48
46 28
17 82
45 37
11 71
80 25
97 55
55 12
62 29
42 71
54 68
4 36
23 48
79 26
74 86
22 74
44 27
82 31
25 53
56 50
20 94
54 21
69 85
1 94
99 58
85 32
81 10
20 31
10 51
30 85
0 42
99 87
70 12
51 2
25 42
28 89
22 54
51 40
60 2
66 95
32 40
9 24
78 49
89 42
57 66
43 21
23 16
3 27
34 17
59 35
62 50
79 58
17 66
54 56
50 56
5 90
41 45
66 18
57 26
13 93
63 10
28 69
27 47
9 65
6 30
74 32
21 85
3 93
19 1
93 2
7 74
14 45
91 53
8 57
97 4
80 77
74 47
68 49
51 24
71 62
5 98
14 52
60 19
79 74
85 58
53 72
13 88
35 33
98 68
61 11
90 32
22 25
90 17
47 63
95 92
91 20
55 7
20 7
68 92
2 52
24 55
99 67
63 75
83 4
19 0
40 31
77 91
91 48
1 14
85 69
86 53
10 15
58 39
49 25
88 62
72 64
46 58
85 72
89 33
24 5
40 21
84 56
81 51
16 16
35 69
88 36
13 45
65 25
24 10
85 43
81 19
49 59
24 60
0 2
31 93
15 14
89 79
10 42
81 98
47 51
36 58
87 31
15 34
40 91
65 91
36 71
54 30
46 16
71 12
83 50
20 52
47 22
29 65
67 82
62 74
71 11
56 67
64 17
97 98
31 88
72 76
25 64
67 59
86 68
4 25
69 22
80 3
61 30
68 74
67 76
76 32
46 45
39 45
52 6
85 89
69 16
30 90
37 15
34 63
53 79
20 28
25 17
15 16
3 51
62 64
57 87
5 44
76 8
97 74
41 47
33 60
44 48
23 29
57 53
83 39
4 95
52 10
96 91
12 31
87 66
82 50
2 26
17 69
67 47
93 58
46 32
27 61
58 36
20 39
70 35
13 96
19 91
50 45
66 2
37 90
67 25
70 62
44 38
84 57
62 96
20 35
62 76
89 75
58 41
16 1
92 96
0 47
99 56
9 76
50 40
3 12
53 95
21 71
97 19
78 52
23 5
79 4
49 14
33 59
9 51
47 24
44 13
47 61
84 5
41 76
17 79
22 0
8 28
50 18
31 89
91 39
34 34
75 31
91 80
38 70
32 23
1 33
96 79
80 76
80 5
21 21
60 74
41 96
57 75
77 96
70 53
14 29
56 8
17 85
74 70
11 85
46 26
90 99
34 87
18 3
19 52
21 33
15 97
93 93
62 89
11 28
85 44
7 33
79 13
83 75
96 58
90 30
16 84
66 85
57 72
25 5
30 56
88 11
68 83
5 46
76 14
0 50
5 38
82 28
85 81
78 32
79 85
62 27
83 41
26 85
45 88
30 25
93 85
52 99
56 1
62 23
10 10
2 75
57 21
94 18
38 94
10 92
2 71
91 82
94 95
9 8
92 71
98 39
31 97
44 20
88 45
66 57
21 98
8 46
72 38
0 15
34 19
91 90
46 61
89 45
30 60
86 41
8 11
17 47
23 34
14 86
83 35
3 5
89 84
87 79
6 72
52 22
55 78
29 17
84 58
70 79
78 69
3 97
52 92
