100 3
17 27
63 75
47 71
12 24
99 46
71 84
7 48
78 64
63 76
81 83
39 77
16 46
50 87
62 72
88 93
76 32
34 25
91 59
10 94
36 44
17 18
61 40
48 72
51 27
37 75
15 78
88 84
18 70
71 60
25 96
32 48
60 93
57 14
81 55
15 81
82 98
25 93
20 52
28 59
35 94
57 2
84 43
19 11
39 83
43 27
54 47
20 6
85 89
86 19
67 70
46 19
23 74
41 90
20 55
85 5
74 8
72 93
42 92
39 96
74 26
4 97
72 46
18 93
89 35
86 97
82 50
84 55
81 66
87 77
53 46
58 13
7 1
51 12
85 61
37 87
17 95
26 62
63 27
20 65
13 85
33 46
29 15
89 5
94 50
38 9
67 57
10 85
10 41
43 85
10 99
38 0
17 40
80 23
42 33
26 56
60 14
38 99
98 71
77 48
55 16
55 27
80 94
60 28
59 21
99 74
82 89
93 20
23 10
21 98
55 37
54 69
0 5
98 76
62 97
32 10
59 4
28 96
3 21
65 25
72 11
86 96
99 38
47 36
5 48
71 22
25 1
43 84
71 12
96 22
72 87
86 1
11 9
73 26
44 59
87 65
57 22
39 92
2 30
88 76
67 9
59 6
27 31
15 4
42 2
59 63
0 98
90 27
39 32
55 71
0 26
39 57
75 50
24 58
16 47
51 14
40 86
96 52
88 47
24 71
37 11
7 23
21 6
97 82
84 37
97 29
95 93
29 69
39 94
90 43
23 4
4 95
24 51
1 28
3 7
10 57
26 65
18 22
10 18
63 28
39 78
94 44
60 88
60 32
12 31
47 42
25 11
23 52
0 85
23 48
54 19
78 71
75 85
85 46
56 30
54 5
50 7
25 9
23 41
45 9
50 73
78 69
90 14
31 39
30 24
69 55
82 69
4 17
58 86
31 2
29 4
51 92
82 63
29 81
12 89
87 15
70 7
4 46
21 92
0 48
83 50
88 46
18 28
37 91
34 48
10 26
21 47
89 42
12 58
77 77
48 31
51 41
20 85
48 48
82 26
20 53
84 77
4 4
39 27
31 28
7 46
93 7
75 31
69 36
69 90
48 3
3 96
46 36
21 12
18 55
86 35
46 63
5 30
44 17
74 47
86 39
86 52
79 57
99 89
50 81
32 5
28 16
34 71
41 41
91 12
31 49
37 98
90 0
5 26
10 92
81 77
35 51
54 58
28 58
2 82
77 66
9 41
3 53
86 91
35 64
27 21
81 64
51 25
10 15
44 88
89 48
40 57
14 17
68 19
50 58
59 55
77 25
84 48
32 33
62 40
47 94
32 46
79 7
45 47
79 67
26 97
87 81
49 63
96 23
87 39
84 80
89 4
47 8
95 28
27 5
63 91
58 36
56 39
78 34
61 98
0 51
90 81
58 82
50 70
26 69
45 29
70 35
61 46
60 80
8 19
83 42
6 79
40 62
88 83
67 78
33 58
89 91
20 90
86 70
48 42
94 10
31 37
81 38
51 65
81 43
68 85
99 43
80 9
7 59
6 38
5 84
82 10
96 91
56 2
1 59
25 80
60 17
1 78
33 63
51 81
4 36
30 45
54 98
72 57
39 67
18 45
21 38
36 20
27 61
43 5
14 0
24 10
79 20
42 78
1 55
5 95
68 21
87 1
22 52
30 42
94 18
95 11
32 17
77 28
63 6
35 96
14 23
62 90
68 52
3 2
88 91
82 45
39 87
53 80
76 1
85 40
23 15
17 83
36 46
27 77
32 26
36 7
98 38
39 49
19 30
35 67
43 80
28 51
10 46
72 71
20 10
13 58
66 26
8 96
51 88
98 49
23 69
10 13
13 50
22 2
21 17
98 51
57 26
26 28
86 94
63 25
75 98
10 17
3 24
40 66
1 73
22 65
67 5
57 70
64 9
82 7
97 1
67 7
69 75
69 29
1 39
4 47
94 74
52 4
48 44
47 27
92 95
75 9
33 21
65 86
28 66
50 15
22 93
97 64
56 55
25 81
83 63
98 78
84 27
54 24
46 14
84 73
12 67
57 30
37 90
6 93
94 8
95 77
53 10
28 61
69 65
4 91
46 15
44 4
16 79
94 20
34 96
26 70
12 8
97 50
37 14
47 81
70 55
86 22
6 98
84 99
9 53
14 69
49 96
97 86
52 58
41 54
88 35
42 59
88 97
79 8
86 50
99 17
55 96
49 52
56 50
66 28
17 91
71 14
10 33
89 54
8 95
61 42
61 70
14 75
44 57
52 30
95 79
36 18
21 82
25 12
25 24
93 50
53 65
13 17
88 21
29 70
70 48
33 88
11 39
9 76
80 81
24 64
27 34
44 67
60 71
21 99
94 76
51 71
83 18
6 84
62 17
22 47
65 34
73 93
15 19
7 50
89 19
68 62
69 45
55 0
74 53
9 1
24 18
6 9
91 63
19 86
40 1
99 50
99 66
65 77
83 35
12 35
19 19
24 87
50 68
60 72
94 1
68 44
72 80
39 73
64 55
76 24
16 17
67 10
53 8
23 54
63 48
18 97
45 45
43 79
62 41
25 14
82 11
62 57
31 46
42 55
45 63
57 25
19 76
93 19
6 15
52 82
73 99
78 0
23 37
52 77
25 27
71 75
11 53
74 14
57 63
24 15
12 62
17 70
75 10
7 68
19 58
22 51
21 11
24 95
79 72
76 21
65 70
20 28
99 87
92 38
39 50
18 15
79 80
0 21
51 31
72 97
94 97
79 87
0 72
5 11
94 73
69 91
33 83
39 61
76 30
3 40
74 89
87 13
41 73
4 68
58 73
81 51
59 61
75 42
53 77
96 28
4 98
47 58
37 85
32 1
17 60
52 63
25 91
23 32
65 2
88 78
31 47
9 44
68 99
93 24
67 21
86 59
21 15
31 30
91 74
95 74
33 80
24 74
14 81
95 24
78 12
93 63
33 74
91 8
69 82
20 76
84 76
72 84
27 98
21 78
81 81
31 92
93 76
44 77
20 70
90 10
10 53
62 47
31 51
26 30
66 50
7 69
54 55
74 15
13 82
83 8
17 2
62 61
17 33
96 31
47 69
45 61
16 43
50 71
82 19
4 10
54 76
52 10
37 51
56 20
0 81
59 28
98 65
83 4
8 85
58 21
22 3
72 92
47 95
90 47
19 33
25 70
65 60
46 45
59 0
59 93
46 35
5 43
83 23
32 87
68 54
43 91
4 12
10 44
72 76
43 82
96 68
17 66
30 99
28 99
98 64
95 37
82 93
75 88
53 75
54 74
4 80
77 30
90 59
11 29
19 17
40 76
31 88
43 81
91 25
79 95
80 60
44 76
16 3
0 47
78 74
49 34
50 31
46 91
76 98
84 1
73 7
36 73
72 54
10 21
87 70
55 95
62 37
96 36
99 42
92 67
14 32
84 9
36 21
2 49
44 26
85 88
45 19
29 8
93 96
28 64
70 15
62 80
45 93
56 21
62 13
80 35
63 89
19 0
31 70
1 32
2 23
26 5
71 89
85 48
78 87
75 93
6 88
98 26
73 79
59 24
63 90
41 9
21 95
93 44
87 57
11 1
36 80
63 5
53 85
30 82
39 39
97 4
62 28
30 56
29 74
46 6
50 93
63 35
49 40
59 3
77 6
85 36
89 3
75 40
66 24
8 67
61 94
3 83
89 61
62 81
55 88
90 75
84 71
86 78
45 71
3 93
31 77
91 67
38 69
44 29
52 33
0 69
15 18
50 25
19 59
64 53
77 85
14 80
43 12
61 97
88 52
43 33
75 3
81 93
80 31
91 51
59 23
26 87
98 80
88 43
78 47
76 71
73 42
69 63
32 13
37 66
94 0
54 48
73 5
3 98
88 38
54 87
76 35
70 83
32 12
84 86
32 86
53 49
75 72
36 79
9 29
8 31
87 67
22 62
86 26
34 52
61 37
4 20
26 16
51 30
86 12
35 33
27 79
10 7
8 94
70 39
45 12
81 27
84 25
4 8
42 48
45 10
52 61
80 47
1 98
81 95
2 84
20 91
41 67
34 72
5 92
16 19
3 46
77 12
42 99
76 89
58 66
27 83
38 38
95 34
35 45
46 92
78 53
89 39
44 10
82 9
9 78
89 27
56 38
92 33
55 79
59 38
35 8
10 61
57 95
83 46
86 62
14 11
78 90
50 30
18 94
5 37
9 81
70 89
49 21
58 60
27 57
5 85
26 82
32 19
18 34
46 48
11 96
77 41
69 42
78 84
12 21
58 48
63 8
10 68
13 78
37 79
61 66
67 20
50 84
13 43
73 68
18 41
25 62
13 52
45 68
97 2
40 24
66 32
35 1
55 97
22 92
78 21
0 13
98 8
6 18
38 75
56 10
54 90
64 22
48 0
64 12
39 41
64 71
90 32
45 50
71 16
90 97
63 26
30 21
49 43
53 37
19 85
75 81
89 51
10 67
98 83
22 14
76 80
37 29
59 29
29 82
67 72
87 41
5 64
9 15
97 51
20 9
20 11
75 70
13 92
37 82
67 84
0 11
54 82
10 97
31 68
17 94
98 12
72 7
54 91
32 62
35 53
41 32
61 76
15 16
3 81
71 80
34 24
60 73
20 68
16 2
37 86
80 30
27 90
1 49
46 88
73 2
45 79
35 39
60 33
18 84
60 59
40 47
27 44
87 2
92 70
25 98
65 38
38 22
64 69
67 12
39 90
38 74
39 38
48 97
24 80
93 53
22 68
54 18
32 70
31 13
95 44
23 21
81 47
7 0
79 46
5 22
35 62
87 8
65 52
62 7
21 31
12 2
14 7
27 38
84 69
47 72
21 63
5 44
76 73
50 14
41 28
35 4
88 75
46 81
42 27
88 18
82 53
18 64
20 98
93 94
95 43
35 15
40 23
21 20
51 64
93 12
49 94
78 83
0 14
88 5
23 66
1 46
87 17
48 35
33 93
75 89
11 56
57 72
46 18
54 37
15 3
27 35
85 20
9 40
44 44
11 69
70 12
55 53
69 11
49 44
29 65
39 64
14 63
69 87
27 11
38 31
21 55
56 98
83 12
2 68
43 51
20 66
14 50
6 24
92 24
55 42
91 99
49 10
89 93
21 87
22 90
59 17
48 36
69 51
68 25
68 63
31 86
14 78
98 23
33 28
72 14
80 4
25 54
70 32
14 15
9 30
47 39
29 51
91 95
11 30
58 7
36 92
33 75
78 82
1 40
41 80
59 92
85 53
89 67
70 44
36 98
79 26
34 75
70 27
26 13
37 77
93 14
96 14
13 53
51 48
2 10
55 48
81 25
7 65
91 14
4 37
52 89
78 97
34 98
83 14
67 86
42 76
52 64
81 94
92 37
82 72
16 91
45 17
94 34
24 62
21 39
34 83
81 39
34 67
58 50
98 58
95 70
97 10
83 1
6 61
39 17
5 76
70 75
89 15
89 43
44 40
95 87
49 5
44 12
56 15
22 38
57 98
39 69
7 45
53 67
5 2
75 23
96 8
57 37
17 98
52 20
45 40
99 95
33 18
91 64
28 2
9 34
64 46
69 27
6 40
90 90
70 17
19 75
71 66
91 54
0 87
32 84
15 42
2 13
67 24
59 54
82 12
22 33
92 23
91 24
73 84
43 72
62 87
70 84
24 46
20 93
56 77
78 1
43 68
22 72
97 43
17 23
19 49
37 72
40 42
73 6
26 98
89 34
10 90
47 41
26 55
84 42
87 3
18 81
66 33
89 21
76 23
86 11
47 49
69 99
24 89
67 32
96 24
62 98
52 97
47 64
54 45
14 71
16 92
36 53
64 3
98 60
95 4
41 23
90 34
0 19
19 1
42 39
10 83
60 4
97 94
88 86
5 10
71 29
0 77
77 84
73 49
36 54
40 59
19 78
96 97
68 79
56 0
53 24
45 7
66 25
66 85
16 11
73 11
78 95
33 4
49 98
81 56
56 82
71 93
2 44
48 95
3 34
24 79
81 5
34 14
84 79
51 23
11 37
23 31
82 59
55 15
34 11
98 97
87 76
95 46
28 11
86 86
54 33
25 53
57 15
97 76
34 87
34 4
89 64
24 81
99 19
39 82
12 53
23 28
93 56
15 17
79 73
46 27
50 39
98 68
65 12
48 94
84 63
98 87
43 34
78 31
80 11
81 21
72 88
80 86
96 74
2 31
44 30
31 53
5 39
9 52
2 73
7 77
71 58
91 82
0 46
31 97
82 3
58 90
88 45
4 2
17 32
25 31
80 90
58 41
55 4
54 22
5 74
58 52
12 82
18 46
25 33
8 47
38 48
46 65
28 81
7 76
3 99
66 75
6 85
81 61
94 12
58 96
63 12
48 2
7 41
16 23
9 69
76 37
27 60
90 70
16 61
92 11
12 0
84 23
26 23
11 38
66 97
58 46
22 78
86 68
50 78
84 62
57 9
60 43
5 4
6 17
6 92
59 56
74 6
88 56
75 94
5 34
34 41
51 89
9 2
14 72
12 49
82 33
69 97
41 49
2 3
48 33
70 20
67 3
12 52
61 22
15 12
77 61
46 4
75 7
37 54
14 8
88 14
21 76
57 79
39 71
16 69
18 52
7 40
59 46
61 83
87 51
72 26
83 80
44 91
56 22
14 26
53 35
69 76
82 28
33 38
70 95
99 35
37 27
49 12
25 10
93 68
73 89
74 96
20 38
89 60
6 83
85 37
92 61
46 5
30 12
99 92
7 80
3 20
44 99
28 86
67 98
40 99
77 93
19 54
27 63
73 15
51 94
69 71
45 90
88 29
11 10
88 49
50 98
49 14
6 91
63 99
38 20
18 83
61 48
1 60
50 69
93 90
52 65
54 15
93 98
18 0
25 26
32 98
44 92
23 12
97 79
39 47
84 21
5 91
56 44
80 13
41 37
24 90
4 16
76 65
46 77
15 71
99 8
67 76
26 15
53 7
68 42
5 88
51 52
71 55
69 95
76 41
25 55
26 75
20 23
9 77
18 20
68 28
14 93
24 91
94 7
12 84
6 62
87 71
11 42
28 35
12 14
93 3
79 99
11 48
90 20
9 74
32 65
49 16
90 8
83 25
6 87
71 3
81 11
57 55
69 59
10 29
28 93
94 42
82 74
99 49
63 58
41 62
41 3
87 43
4 54
53 96
13 80
47 57
43 95
5 53
92 53
38 45
25 51
89 76
60 21
84 61
34 82
89 71
87 42
79 25
62 23
63 42
43 90
38 89
84 97
92 14
15 91
53 23
38 30
40 55
34 21
41 65
2 8
97 54
69 3
35 68
38 13
23 1
54 64
32 74
35 78
26 88
66 2
99 82
67 28
83 64
83 2
91 87
77 72
57 20
6 55
6 10
33 97
28 56
28 72
31 81
55 66
56 74
14 36
95 20
36 5
28 79
87 14
52 47
26 80
93 43
96 19
65 85
79 82
54 99
4 21
7 33
50 41
11 7
4 79
55 40
30 20
52 60
16 1
27 45
90 15
19 88
33 2
49 90
36 72
80 41
64 81
47 83
91 31
17 52
81 86
65 48
48 39
31 40
89 62
94 53
49 89
40 6
18 21
91 78
33 16
54 30
62 77
71 57
83 89
49 65
12 88
75 99
97 74
71 70
67 27
22 99
98 30
52 90
59 82
62 32
35 61
69 9
45 37
84 13
44 32
7 5
61 47
11 33
66 21
9 36
57 7
29 16
48 11
77 16
43 70
19 29
77 73
64 31
53 57
79 83
74 56
78 38
61 53
60 24
69 43
92 54
4 49
63 61
82 31
4 90
25 8
25 0
33 73
63 79
19 77
54 13
81 15
1 18
78 9
30 13
18 5
59 88
71 88
35 59
74 17
36 82
91 98
46 16
81 18
86 58
60 96
26 81
80 92
47 28
30 95
26 0
64 16
83 77
11 46
30 4
27 69
56 64
92 48
39 68
23 60
6 59
51 15
68 94
32 9
24 75
23 30
50 10
8 10
17 69
46 30
68 9
32 90
68 33
36 65
43 87
78 2
25 97
19 62
55 32
60 82
17 76
49 11
33 11
94 37
13 5
85 17
21 77
34 12
0 76
12 95
47 40
34 43
72 96
41 13
78 5
57 0
17 11
52 80
28 76
26 53
94 2
59 10
45 32
8 52
82 94
96 59
4 6
95 47
18 4
44 49
74 63
0 97
62 18
38 83
55 56
75 1
46 24
85 97
79 1
14 5
42 75
8 74
59 7
97 56
33 64
8 12
56 91
82 1
36 40
70 74
59 70
60 58
41 60
25 86
35 40
30 63
77 43
37 52
9 6
25 69
74 60
96 17
38 58
91 19
79 28
99 69
34 95
62 65
39 95
25 48
93 16
8 64
54 10
26 68
42 43
56 72
5 98
7 90
39 53
22 24
22 53
48 19
32 21
28 14
43 75
42 88
23 11
82 65
34 66
20 12
15 60
57 74
31 9
22 50
95 5
60 7
9 19
41 26
81 68
16 26
15 10
94 95
19 66
11 11
73 12
33 3
82 40
24 24
50 61
8 0
17 42
86 65
91 58
71 9
13 90
97 42
44 53
19 26
4 3
80 62
24 93
2 60
52 48
53 15
76 25
79 61
40 49
75 2
42 34
91 16
25 88
28 68
76 88
55 98
30 7
52 6
57 51
24 61
30 49
75 11
31 60
12 80
38 63
10 11
49 76
35 2
89 31
12 70
98 48
64 80
62 4
61 86
58 59
18 63
89 82
0 45
91 97
44 96
37 92
89 12
10 70
77 23
88 32
30 47
42 22
25 29
68 24
91 4
62 16
92 94
78 16
19 32
15 28
31 0
30 23
55 61
71 34
32 45
2 67
14 89
14 14
96 34
39 52
28 77
12 10
90 91
75 55
92 43
3 85
10 98
79 86
75 15
85 57
51 16
10 35
64 79
23 95
28 67
35 79
94 28
73 19
81 59
40 50
84 58
72 16
0 70
85 80
18 58
30 70
8 43
81 84
32 89
96 43
11 67
37 78
20 86
66 5
1 44
72 1
86 83
4 87
79 85
9 25
50 27
23 20
69 24
58 93
39 16
93 34
71 5
10 27
96 5
84 93
62 82
48 22
93 85
43 44
45 16
89 1
52 35
69 40
67 71
49 88
98 22
52 71
68 11
27 84
77 55
28 87
54 95
80 43
53 13
15 31
23 27
36 99
43 52
71 19
58 99
50 4
28 80
39 4
20 40
79 29
75 75
0 8
22 23
1 83
97 0
53 51
63 34
68 48
47 61
62 31
5 1
0 71
19 46
97 30
29 53
54 94
74 58
77 87
87 79
28 39
83 59
34 56
37 59
36 19
10 93
10 45
53 99
65 89
30 85
29 17
20 32
78 89
38 84
23 24
87 63
31 31
36 91
24 39
33 47
46 11
87 20
84 59
37 64
13 36
4 60
69 48
9 64
14 18
10 23
12 15
2 90
92 8
21 93
2 43
54 83
1 71
67 17
7 17
30 97
66 29
55 35
29 48
32 57
23 61
92 9
28 88
19 56
96 92
2 6
57 91
2 64
19 23
6 13
78 27
83 56
65 84
77 33
61 1
29 54
83 95
35 42
48 21
15 38
26 47
78 45
5 8
42 37
20 56
21 32
88 69
49 8
38 51
5 66
20 49
51 62
4 99
13 25
5 20
16 64
6 70
69 44
76 16
80 71
61 78
41 70
78 81
58 69
94 36
76 26
65 56
73 55
23 72
37 47
84 74
75 35
67 74
0 27
55 41
98 52
2 66
9 89
84 83
6 64
62 43
72 55
3 15
78 99
63 54
47 84
94 99
45 66
91 36
59 52
68 64
21 64
6 52
58 80
47 38
48 87
41 51
19 80
64 99
62 6
77 79
27 82
57 41
23 36
69 89
83 96
94 49
23 35
27 25
39 79
50 96
78 94
42 71
99 5
89 73
92 2
61 32
46 46
18 80
21 8
36 27
84 34
42 67
51 47
28 4
53 73
49 67
92 82
23 44
7 34
32 4
74 41
73 28
87 94
24 69
21 97
98 88
0 73
51 83
48 27
20 21
24 92
27 85
74 38
26 11
97 3
44 6
55 81
30 15
14 73
32 11
14 20
34 33
61 25
70 45
82 67
65 6
64 92
46 95
82 38
49 84
8 34
45 46
96 51
35 77
43 73
2 91
0 44
79 35
41 59
68 66
18 62
8 75
35 47
72 56
20 95
49 73
72 24
86 84
11 84
19 35
2 16
2 12
76 22
26 41
74 4
78 65
11 17
18 39
92 64
89 70
74 91
46 58
96 4
22 58
54 67
40 88
7 16
99 39
84 14
25 25
10 84
47 52
47 47
70 26
3 73
48 89
85 16
93 39
24 11
24 49
99 61
26 17
25 5
27 32
44 14
44 7
28 6
85 3
18 16
48 85
9 23
77 3
82 97
67 54
17 87
49 47
87 36
86 69
99 94
44 23
94 32
38 35
95 90
49 78
14 90
92 78
80 29
87 69
21 49
52 83
69 93
64 37
69 85
0 90
26 77
77 20
12 18
43 25
20 45
19 13
85 95
45 5
95 21
53 88
93 69
46 25
42 24
98 21
6 71
76 39
99 26
18 12
34 79
60 84
55 89
40 83
33 61
32 53
48 12
62 64
80 84
11 32
33 17
42 5
88 22
56 90
76 40
51 46
89 55
14 30
69 35
84 38
92 41
9 12
33 0
12 28
18 1
73 56
10 77
48 58
4 31
53 38
35 75
67 30
71 51
65 50
2 50
38 11
7 15
22 29
31 27
63 82
78 41
36 61
23 3
96 62
92 35
75 43
70 43
66 96
36 45
13 2
85 70
52 84
41 82
12 4
7 54
3 10
69 88
95 60
97 45
35 21
35 82
3 90
9 42
38 76
86 30
59 91
48 64
4 73
18 53
34 8
44 69
65 66
12 61
50 86
14 84
59 5
46 51
23 25
30 38
68 78
4 9
56 95
76 55
11 51
37 3
23 26
28 78
31 65
27 67
14 58
89 77
99 13
12 97
32 31
11 36
17 63
24 86
49 26
32 91
3 45
87 12
51 54
30 9
7 57
45 20
15 88
59 74
20 75
35 66
49 38
15 84
72 83
87 82
70 36
79 30
25 45
87 22
53 98
92 18
88 36
7 21
88 40
68 69
11 72
2 87
34 74
96 7
21 50
71 67
37 23
38 93
35 91
47 46
38 73
59 19
27 64
79 64
98 0
31 55
21 5
18 27
24 56
26 40
98 42
28 31
58 31
78 54
86 88
86 31
20 37
3 0
46 87
9 5
8 13
17 41
72 38
0 62
64 63
64 65
15 80
10 54
41 93
36 89
72 2
83 15
0 57
28 44
33 31
90 35
48 32
67 62
7 37
11 59
84 47
11 57
0 78
76 67
13 95
13 51
25 22
17 61
59 89
55 86
89 89
91 69
36 66
3 23
36 33
93 0
1 37
19 37
0 28
87 19
16 59
12 13
88 41
89 94
54 34
88 12
63 50
29 44
42 65
50 18
37 1
93 84
39 99
78 72
89 99
41 79
2 9
74 51
42 35
11 63
12 16
94 90
41 68
52 0
2 45
5 63
40 18
86 16
13 57
57 89
37 9
18 3
15 48
82 24
66 71
69 26
55 36
82 5
62 38
12 43
48 24
26 94
74 80
1 16
72 13
74 45
8 70
6 51
92 13
59 58
64 73
74 71
93 32
96 18
6 57
47 32
32 93
88 28
88 37
16 45
18 88
33 91
13 67
62 0
7 95
94 64
73 47
36 87
33 8
52 19
70 37
63 18
46 73
22 76
47 90
35 69
71 81
0 6
72 65
36 60
43 76
74 74
22 86
37 12
32 30
40 48
88 82
18 59
8 5
83 17
22 37
38 67
30 84
98 55
75 86
50 67
90 12
22 59
38 10
97 53
35 93
99 32
40 38
4 77
78 73
6 50
96 6
71 73
99 70
10 64
40 89
2 74
33 5
96 76
65 53
31 89
19 50
93 9
56 87
48 62
16 53
95 30
25 38
81 41
41 53
50 88
81 28
87 28
1 69
25 57
81 24
69 77
53 60
33 81
36 31
78 46
62 66
10 86
36 23
26 12
17 20
66 31
39 31
0 58
52 56
98 59
3 41
16 62
24 42
36 34
64 48
35 0
18 2
31 42
38 25
8 46
40 45
24 96
69 5
33 99
40 84
6 76
79 93
8 88
32 27
88 77
72 29
32 77
92 91
99 20
18 51
32 23
47 78
83 72
76 58
70 8
34 80
35 17
8 79
26 74
41 48
73 92
66 55
9 7
43 88
7 60
48 66
94 55
85 33
27 47
36 64
78 30
16 56
88 61
87 62
2 37
85 25
6 72
16 41
98 4
3 84
75 20
59 47
97 78
18 37
30 76
68 65
40 31
29 64
41 46
97 26
98 61
99 24
98 6
41 14
58 15
34 73
91 5
91 15
78 55
57 17
42 31
62 42
92 74
47 15
61 82
59 31
98 91
65 96
66 61
23 79
91 21
91 0
18 68
94 6
77 46
80 89
52 50
24 97
28 55
36 14
48 67
67 46
12 7
51 90
98 31
29 76
7 9
38 79
63 71
18 29
44 11
56 19
5 79
56 70
51 61
46 34
75 64
88 7
75 95
62 48
26 79
29 87
86 42
20 19
0 88
46 31
75 91
24 84
25 40
35 76
43 36
59 84
26 92
59 64
98 90
79 45
1 31
64 60
74 90
99 90
62 21
23 43
2 7
20 87
25 71
17 6
30 26
72 18
9 16
61 87
63 96
13 27
76 7
41 2
79 60
10 81
77 50
53 94
11 58
44 68
32 63
25 46
16 72
76 77
37 18
30 52
93 86
97 85
75 41
88 23
44 78
59 20
9 86
39 40
30 30
39 9
45 51
7 71
86 8
83 37
12 83
17 73
65 20
18 91
69 13
22 10
49 71
37 71
88 94
2 54
58 95
7 22
75 61
21 29
91 45
41 31
37 58
78 70
10 38
70 77
51 3
40 69
21 46
57 54
92 16
67 92
92 66
38 43
61 9
32 42
44 33
57 68
0 84
41 17
53 89
54 97
33 70
72 64
35 55
67 2
70 25
9 4
84 95
53 42
30 37
0 55
57 58
31 83
67 59
78 14
44 31
29 32
13 45
37 2
58 68
93 30
82 57
38 40
44 58
38 1
15 23
15 76
96 75
27 1
76 76
68 7
29 6
83 90
6 30
71 99
26 1
55 13
49 39
13 73
97 93
21 60
22 95
81 32
60 16
54 4
91 30
97 27
71 52
96 70
96 27
14 94
50 51
52 75
68 22
29 71
37 39
9 3
94 56
99 7
93 89
49 31
72 74
89 50
0 32
13 10
33 59
74 81
28 49
16 5
57 59
62 71
58 94
42 4
33 96
89 23
75 71
50 9
44 62
63 84
85 63
22 20
2 99
45 58
57 76
38 4
21 79
1 79
21 14
91 65
97 88
20 16
39 18
26 51
18 25
20 27
53 68
41 38
78 60
17 35
68 37
31 23
64 2
15 75
5 94
72 53
57 44
98 9
32 72
17 56
63 55
44 20
96 87
73 69
80 44
43 61
22 61
79 12
81 23
93 59
98 3
61 89
91 43
17 85
70 3
34 30
15 61
89 83
97 96
37 43
52 53
48 46
5 75
34 77
33 69
18 47
61 17
21 91
5 28
56 52
66 1
6 11
11 6
40 9
86 34
19 87
78 93
61 52
78 32
14 25
26 20
83 19
97 22
17 72
90 78
20 44
7 49
41 72
54 57
93 92
81 16
15 44
63 14
35 25
69 20
65 47
60 69
19 39
8 61
96 85
76 31
16 68
10 9
74 29
34 55
0 86
37 32
11 99
6 32
77 62
93 67
58 37
40 71
48 92
62 76
25 42
74 5
11 2
4 18
11 0
90 99
36 49
13 77
57 69
76 60
74 30
73 32
99 80
6 81
34 35
39 24
16 21
31 25
83 29
31 38
51 20
83 32
83 88
55 10
80 39
66 52
39 20
54 65
91 60
40 17
0 74
39 80
79 47
90 22
50 33
70 42
39 89
2 38
21 57
30 0
62 84
98 92
6 33
37 70
25 65
75 38
51 63
65 29
68 5
13 48
1 77
15 22
31 93
13 21
73 40
2 2
51 19
72 0
50 17
87 92
87 18
74 1
42 77
3 82
3 95
30 22
18 35
94 65
5 67
83 83
61 91
52 94
77 96
6 23
92 42
42 66
44 41
91 37
26 54
61 45
88 65
22 25
4 51
22 41
67 29
3 74
26 18
26 19
98 75
71 38
38 64
34 68
63 46
16 31
22 48
33 98
77 86
8 76
17 50
59 41
92 36
93 41
23 46
32 41
79 79
57 3
87 83
36 88
74 66
56 92
45 76
53 76
23 56
58 39
11 8
66 48
72 32
64 39
0 23
7 18
43 64
22 34
1 90
13 91
51 21
79 84
45 85
16 16
84 90
60 18
53 41
98 24
60 34
16 4
49 57
30 79
17 13
47 62
54 39
12 77
35 11
22 13
92 40
54 27
52 41
91 70
98 89
57 47
76 87
79 76
3 36
51 97
13 31
96 33
45 28
1 41
72 81
91 77
46 54
51 26
77 80
36 6
4 92
70 57
95 81
59 73
58 12
77 58
66 73
62 14
39 63
49 6
30 41
72 59
18 10
39 70
16 99
77 15
43 16
40 19
67 26
6 73
14 44
77 2
7 92
86 72
19 43
53 78
32 2
93 88
46 40
92 57
31 56
18 50
70 78
34 32
71 59
1 75
90 98
37 53
67 66
52 38
41 30
16 60
68 72
62 15
68 76
28 70
66 63
62 3
0 68
72 30
19 69
0 33
36 75
8 3
9 48
33 19
56 45
26 64
35 37
16 42
28 36
89 14
91 11
46 69
82 0
60 46
4 81
43 89
93 82
18 74
14 96
51 18
8 91
79 14
52 68
26 14
18 44
90 18
66 99
72 72
74 50
12 41
7 62
18 14
84 85
64 43
92 30
84 51
13 96
21 73
93 29
27 65
17 26
49 87
82 64
51 1
29 23
53 55
5 16
84 56
90 39
55 83
22 43
38 5
99 59
67 75
87 47
31 43
56 67
6 4
31 11
50 2
74 22
57 78
76 51
1 50
79 77
47 88
59 53
76 3
55 70
77 94
10 0
46 33
40 73
27 24
16 36
49 99
1 30
56 1
70 81
34 57
92 65
88 85
73 57
12 30
92 59
68 4
45 49
80 8
18 79
76 97
21 71
8 73
73 20
71 11
62 11
99 73
40 29
16 22
43 0
43 83
20 26
43 42
64 35
17 79
93 27
68 15
55 3
8 25
97 98
3 79
99 77
30 64
81 40
84 82
15 50
49 42
37 69
80 50
2 20
93 11
71 24
64 28
46 93
22 84
94 29
11 90
82 78
46 61
2 21
56 46
2 29
82 84
65 46
33 30
52 28
79 15
62 19
46 96
75 33
38 18
74 73
46 80
73 74
37 44
64 49
47 6
76 28
69 73
8 22
65 74
47 97
31 16
13 76
16 28
49 80
42 96
52 52
34 39
5 46
80 87
40 54
52 2
15 57
97 24
24 37
85 60
98 34
67 4
84 94
34 86
90 62
35 99
70 2
63 69
56 79
84 50
82 83
97 9
43 17
78 68
6 77
67 79
42 3
28 25
91 73
47 55
93 40
42 62
25 34
10 12
52 12
6 20
2 0
95 50
40 30
84 33
77 37
93 18
89 90
1 43
29 19
42 63
38 7
87 40
96 47
67 53
45 24
25 20
19 91
27 26
73 62
54 84
53 25
38 6
68 16
93 83
93 42
13 23
89 47
40 43
20 88
85 47
11 44
94 80
31 14
26 59
47 29
73 43
86 38
79 65
30 74
47 9
92 97
16 51
60 29
43 58
40 68
47 51
69 78
30 18
48 14
13 29
87 37
97 39
9 73
68 41
73 88
34 1
13 13
4 5
37 37
82 99
2 97
2 69
2 25
64 59
80 99
58 74
9 13
27 15
19 89
72 10
36 17
53 21
92 3
47 75
72 15
7 88
33 90
11 20
27 22
46 41
69 66
45 4
8 51
40 56
38 47
19 22
57 87
42 89
31 45
51 39
77 59
14 27
39 0
36 70
51 58
66 58
0 96
99 29
31 71
4 74
42 32
57 39
41 56
49 51
3 92
8 27
96 73
20 79
53 12
51 99
43 31
84 84
44 37
56 23
45 43
88 31
33 51
31 41
44 3
90 83
87 7
72 91
20 5
26 3
50 34
9 47
83 71
51 45
83 62
14 46
69 74
40 46
95 66
91 35
23 8
66 47
33 72
74 23
40 87
54 44
20 15
41 95
26 86
69 41
28 22
37 84
94 35
80 34
86 61
2 19
77 53
1 61
89 37
67 45
66 94
19 92
28 94
17 17
92 4
10 3
73 96
48 90
56 47
34 94
90 42
54 54
48 93
47 23
89 41
77 74
60 6
5 71
71 65
93 10
69 60
40 92
72 21
70 62
61 14
48 40
39 34
56 93
92 10
92 25
17 31
30 16
89 85
7 83
77 24
85 6
18 89
73 76
98 79
97 55
1 66
30 75
84 67
6 60
65 42
37 30
88 9
98 70
70 86
54 40
26 31
86 4
30 11
73 97
14 49
71 28
11 82
1 95
46 22
63 64
86 40
94 58
38 81
57 23
5 25
30 73
80 72
83 36
93 52
27 9
58 14
14 77
40 94
49 61
56 85
25 2
75 83
4 96
87 25
94 31
31 61
21 1
5 58
57 43
94 30
11 88
9 68
83 87
21 65
33 65
82 54
0 41
49 95
61 95
77 56
22 81
16 8
21 59
67 14
35 49
27 10
70 68
38 82
64 87
18 24
79 27
28 29
24 22
19 55
63 3
14 65
62 26
31 34
80 25
36 71
30 10
91 61
32 54
55 75
38 33
9 58
44 39
48 7
80 55
84 32
86 7
79 3
82 18
51 79
78 98
53 69
15 32
30 32
38 85
7 93
4 56
40 28
28 19
64 84
6 0
18 11
12 39
85 21
92 89
15 49
56 73
63 40
57 96
34 45
81 6
19 14
10 87
93 21
90 92
76 75
68 56
99 45
19 24
22 8
74 31
31 84
31 22
31 35
64 75
97 97
70 93
95 42
5 69
18 9
63 38
76 5
23 86
58 6
46 12
59 22
65 1
13 38
60 83
53 83
47 31
13 72
22 79
5 60
8 9
15 85
98 85
97 12
99 97
28 52
58 3
18 95
30 33
1 88
52 44
57 92
10 76
91 49
11 68
13 65
59 86
53 48
72 89
85 71
43 46
45 67
38 78
48 88
53 43
43 26
23 39
82 21
80 70
74 21
71 90
15 64
32 25
38 95
43 50
58 84
94 22
91 83
54 11
20 82
64 47
56 5
64 4
13 70
38 16
7 38
92 75
55 20
24 30
88 8
66 59
20 43
71 31
56 51
99 93
93 38
26 67
43 2
44 73
34 19
53 81
27 30
39 97
59 49
80 3
19 45
24 38
92 20
61 68
30 43
53 61
50 64
6 27
25 99
85 64
92 0
47 53
10 52
95 36
21 44
14 60
58 47
82 52
87 61
99 64
67 99
49 50
21 3
97 15
94 13
60 12
44 87
1 10
27 53
5 86
27 4
9 92
37 95
81 87
5 81
74 48
62 86
76 62
43 20
18 40
35 60
34 31
57 6
69 50
8 81
73 54
2 94
61 99
96 55
57 65
17 84
97 11
15 65
65 87
30 29
79 40
98 81
86 15
27 12
94 89
13 59
99 10
34 54
55 69
81 48
4 62
92 84
84 26
48 65
71 47
29 46
99 37
5 41
73 59
87 34
67 11
87 72
11 92
72 51
93 35
25 74
65 92
44 16
29 97
80 56
76 42
13 71
48 79
23 92
40 58
68 12
79 53
70 22
80 0
53 29
89 81
66 40
8 87
69 68
35 12
69 83
75 67
8 57
82 17
40 10
19 73
53 54
11 40
69 4
1 91
70 76
86 28
82 8
55 87
85 98
31 15
72 47
27 55
59 50
50 23
23 71
81 78
52 9
4 43
2 47
39 76
1 97
45 94
86 75
84 96
2 18
60 13
60 67
31 82
49 66
87 78
23 18
78 13
38 27
25 16
79 69
64 88
67 8
99 63
51 33
31 26
11 79
39 33
65 21
22 5
99 34
27 41
20 7
77 90
54 50
71 95
98 44
4 66
0 66
16 73
68 80
71 68
23 89
13 62
3 8
91 42
87 11
52 55
78 80
91 2
67 37
34 64
33 15
96 39
92 79
27 51
53 26
99 67
60 47
88 89
80 51
18 71
74 82
56 56
64 15
25 77
49 19
90 54
15 62
36 68
4 32
20 13
83 13
15 15
0 4
6 99
81 60
90 17
41 92
83 31
28 47
8 39
10 49
56 83
94 78
22 9
45 59
47 59
87 4
45 25
69 96
80 57
99 3
61 93
95 69
99 71
40 51
62 53
52 29
59 60
81 50
94 51
53 5
41 29
57 57
72 60
79 49
47 5
25 21
95 97
5 97
64 18
19 74
3 9
45 75
16 7
25 87
89 78
17 59
36 59
48 43
66 9
51 69
79 5
15 92
38 49
27 68
68 87
48 91
20 96
67 49
64 29
12 5
20 50
33 68
83 28
10 10
31 64
25 32
99 75
52 93
1 51
60 95
80 64
73 66
75 30
87 97
53 56
80 36
46 1
26 33
34 46
74 34
55 67
55 22
81 20
33 95
82 39
22 73
22 6
57 35
61 39
37 88
57 75
60 89
33 7
91 41
81 31
28 37
11 83
63 77
94 75
95 41
50 52
52 40
90 25
48 34
89 29
82 55
12 44
19 61
36 84
51 60
32 3
74 11
38 54
30 98
42 64
96 20
44 21
66 69
96 45
22 56
48 96
78 20
23 23
98 41
94 23
52 3
42 90
55 2
50 37
38 41
61 90
66 36
70 72
57 29
69 49
44 64
82 16
47 13
95 1
50 89
86 82
9 85
45 1
26 42
92 96
32 6
24 73
47 86
58 92
84 29
32 40
6 12
94 46
97 69
21 19
86 44
33 82
71 92
70 34
94 87
10 16
60 87
17 75
17 3
27 37
72 66
79 90
83 60
55 76
10 65
2 88
65 32
67 64
24 54
30 83
4 45
89 96
37 96
38 71
47 12
83 44
27 13
67 15
80 85
43 94
6 43
16 85
75 29
97 52
25 37
87 86
39 75
43 93
55 93
22 27
83 21
83 47
32 94
41 96
51 37
54 56
84 35
96 11
57 24
74 83
12 9
76 33
52 76
18 76
85 26
91 56
69 94
15 20
16 90
25 28
1 26
33 54
61 10
75 97
51 72
32 43
56 25
32 52
64 41
51 17
41 15
59 42
43 97
40 33
64 27
90 48
96 57
27 40
95 63
41 11
19 18
41 71
27 20
67 33
47 56
49 36
63 7
31 58
43 60
80 67
79 78
18 7
87 55
82 62
0 59
96 96
28 38
24 68
65 67
10 50
65 65
75 13
30 69
36 28
86 73
18 75
39 93
19 98
23 2
11 73
7 64
53 92
18 43
88 2
83 76
23 17
83 34
47 10
16 6
5 93
69 64
5 27
43 35
95 25
42 1
71 48
43 37
68 30
55 1
90 96
25 73
5 29
36 55
50 20
51 78
20 39
28 89
56 97
86 6
88 73
80 6
41 10
8 55
41 83
85 65
19 79
42 85
97 87
61 41
88 74
16 18
95 83
14 9
72 98
47 65
25 52
13 94
43 74
99 62
69 47
94 4
29 95
80 75
72 44
57 53
32 78
51 24
4 70
82 44
66 14
68 91
61 2
19 47
3 19
4 69
24 72
42 20
57 80
39 25
66 90
39 42
51 11
55 84
13 86
91 71
88 10
14 83
3 78
36 69
12 71
22 89
68 73
90 1
93 97
26 78
44 28
63 57
73 1
64 17
26 96
12 36
30 94
3 44
70 4
58 40
2 1
8 63
42 23
92 80
14 12
44 93
60 78
92 88
21 27
72 17
31 20
80 98
64 76
10 40
62 75
69 1
0 92
8 62
89 95
79 51
44 22
15 35
99 48
42 80
37 26
52 22
21 34
45 96
4 93
17 57
28 97
20 51
51 10
96 65
50 40
67 25
57 21
21 83
33 26
12 27
0 56
78 91
46 68
4 48
90 13
72 78
72 58
75 34
52 81
33 56
44 86
89 13
30 58
7 61
37 35
64 1
43 57
21 42
20 22
75 79
82 22
18 32
8 99
22 97
85 69
28 20
44 95
70 91
37 25
96 41
37 8
91 20
6 22
75 48
43 45
81 12
65 27
20 71
15 86
63 19
77 9
74 42
9 24
27 42
95 19
89 57
20 73
64 19
81 71
20 42
1 93
12 92
29 77
67 35
42 47
14 98
16 35
87 56
59 43
49 97
55 23
45 56
66 35
71 6
54 26
17 38
86 49
26 44
99 14
95 22
58 57
34 99
73 91
91 92
30 3
16 30
25 23
22 91
50 22
51 87
75 66
29 45
22 30
44 81
96 56
74 0
91 22
61 29
8 45
95 35
83 70
22 4
12 69
47 66
98 69
66 23
17 55
86 45
0 24
33 67
97 61
75 45
42 94
93 66
77 32
76 66
85 15
21 40
13 56
11 64
16 93
13 33
19 28
15 14
82 92
28 54
40 82
45 44
60 3
65 71
87 60
2 59
46 60
80 78
65 83
12 25
24 28
70 82
77 22
77 70
0 12
98 29
99 56
23 91
45 92
12 60
67 90
13 40
41 81
15 72
41 35
57 90
1 3
99 0
77 64
78 39
23 16
52 39
47 70
85 11
93 37
48 61
20 81
95 51
85 51
88 48
90 2
61 3
19 70
28 5
51 85
51 74
24 98
80 12
85 85
83 91
36 95
36 83
28 28
74 94
38 86
89 7
36 41
14 99
78 48
8 2
94 38
66 70
20 99
66 82
32 75
44 63
10 66
78 40
5 59
22 22
49 93
85 84
23 68
94 71
7 24
80 58
61 28
43 19
9 43
90 40
92 81
83 33
4 29
17 62
8 16
39 54
27 81
26 27
76 14
81 0
9 66
58 64
13 61
95 58
30 86
63 65
76 17
84 66
27 75
93 33
1 5
58 81
19 57
97 58
45 84
73 77
73 35
54 77
82 43
77 14
65 81
12 46
53 14
37 46
27 97
55 65
95 53
98 62
13 83
95 3
30 46
1 52
49 68
47 33
68 29
38 34
40 65
94 93
90 87
90 84
28 9
26 2
52 23
22 0
31 4
37 34
18 69
93 93
93 75
78 18
65 69
23 51
60 91
21 22
34 37
64 33
40 80
10 91
65 23
64 94
27 91
31 95
92 34
82 37
16 14
38 39
9 45
63 49
35 72
13 16
44 90
57 83
81 49
95 55
56 58
56 88
93 13
59 67
50 36
25 7
79 33
50 24
17 44
66 88
47 93
30 50
80 46
22 45
38 14
1 19
43 71
20 77
11 71
19 7
2 79
21 84
48 86
69 81
38 36
91 34
81 74
8 59
27 8
74 37
84 64
85 77
73 90
76 27
16 97
19 83
21 54
65 30
18 67
24 88
22 60
48 84
92 86
45 36
96 77
32 96
40 91
30 72
64 36
6 74
63 24
45 3
41 86
37 83
91 55
50 83
14 2
58 23
34 18
46 32
50 6
9 55
60 55
89 72
33 49
83 6
86 85
99 78
97 81
97 65
72 43
55 6
79 58
70 21
38 72
83 82
74 69
6 35
56 43
85 58
51 7
63 67
79 18
64 62
58 32
71 36
94 40
62 29
38 88
20 97
7 2
7 6
57 36
85 72
74 78
19 15
33 94
42 12
95 82
90 44
13 32
99 53
22 39
79 50
38 94
10 8
2 14
3 80
56 40
60 74
60 44
31 78
72 77
0 34
25 72
46 85
37 0
60 60
51 9
87 46
79 63
76 81
78 86
69 56
31 91
89 74
85 43
61 13
11 3
66 72
77 69
61 54
90 55
88 0
17 16
39 55
22 66
18 17
76 6
11 65
62 20
21 30
4 1
15 56
68 67
77 34
13 9
52 62
14 57
52 91
54 85
62 78
77 65
30 89
6 42
77 99
78 92
74 70
5 19
14 43
75 80
60 42
51 49
92 52
9 94
11 81
88 30
58 54
99 52
28 45
16 15
26 24
98 54
6 1
71 41
16 40
28 33
89 24
84 11
14 54
6 58
36 10
32 58
68 36
27 16
34 88
71 62
98 50
62 46
36 43
74 87
37 22
95 61
65 37
60 1
75 19
85 96
34 20
65 8
1 7
93 61
76 61
51 73
63 59
97 91
48 99
30 36
82 42
75 54
6 65
69 19
94 21
73 4
94 92
54 42
89 17
11 98
83 67
72 37
66 38
25 15
59 85
82 79
34 62
94 16
49 29
13 54
26 83
16 12
55 33
85 87
65 61
41 88
29 99
90 69
67 85
15 98
8 32
40 34
86 53
31 8
88 17
17 47
4 82
13 41
95 80
87 96
6 21
45 55
62 74
14 95
21 86
74 93
93 57
99 6
97 83
93 49
19 51
79 21
71 69
39 30
68 3
94 54
52 98
37 38
35 84
91 7
8 24
33 24
76 29
87 0
51 34
13 88
19 90
17 67
35 52
67 43
8 48
99 55
26 9
85 28
23 47
65 54
55 38
19 31
12 91
54 75
53 6
67 19
35 58
72 86
99 33
87 50
36 32
61 72
61 96
78 76
62 24
74 9
2 75
8 33
10 30
77 67
42 57
87 89
84 24
89 49
62 49
68 51
60 63
57 8
0 3
7 91
39 19
49 24
19 99
27 71
61 81
14 82
83 73
29 67
29 35
25 76
43 47
6 49
77 75
49 85
32 50
89 40
37 99
42 60
11 76
93 26
82 49
1 65
97 20
66 66
9 46
27 86
19 36
66 65
84 91
49 18
22 74
36 13
54 80
43 9
12 56
22 17
46 83
71 15
35 70
47 60
76 53
76 70
92 5
20 84
95 95
34 40
10 37
60 20
38 8
23 0
42 87
13 0
69 54
44 72
23 65
90 5
52 34
38 56
83 86
66 91
82 48
70 79
91 53
68 82
37 93
11 14
23 57
40 25
25 43
34 78
20 63
6 31
89 38
63 93
0 7
59 98
46 94
83 16
76 2
32 0
7 10
60 57
17 4
77 27
58 34
41 42
52 69
48 81
31 50
59 76
54 43
24 20
42 50
61 64
10 88
21 18
10 48
32 68
15 59
36 24
63 85
50 47
57 27
91 33
45 95
61 0
60 79
32 85
20 46
17 19
6 46
49 45
98 20
52 86
58 91
84 65
74 57
14 21
32 83
20 94
95 16
90 36
29 28
56 24
62 88
82 41
26 71
13 93
42 91
93 25
12 29
58 97
59 59
5 23
62 50
45 53
84 28
2 51
61 67
87 33
2 72
61 4
95 39
34 47
88 96
53 36
57 71
94 84
48 50
75 36
76 0
44 54
45 70
52 11
18 96
78 59
81 75
86 43
83 84
46 29
56 33
1 2
91 6
16 70
30 31
34 81
52 37
72 41
37 68
50 56
80 40
59 30
68 2
17 88
7 4
53 97
35 41
66 83
84 44
93 28
93 5
21 89
75 78
69 31
39 1
21 24
42 82
46 84
67 18
11 21
40 75
40 77
67 51
30 81
55 11
83 38
95 2
13 60
68 84
12 63
31 52
79 22
73 23
90 24
83 65
47 11
97 41
51 53
40 20
81 14
48 82
70 33
97 67
81 73
36 4
93 64
45 88
6 6
82 86
7 67
4 22
39 7
53 9
93 31
47 85
73 85
77 11
2 4
59 78
55 17
76 34
50 1
45 89
37 57
73 98
20 59
53 20
52 85
28 10
98 15
99 47
79 43
40 74
39 60
80 45
65 94
93 23
79 56
69 32
35 73
47 63
46 75
65 99
34 29
33 45
85 54
16 33
95 84
81 44
84 20
63 62
62 99
87 58
54 8
98 13
23 77
59 25
21 85
45 77
6 3
69 70
16 9
3 77
5 49
43 55
79 89
66 92
42 0
34 15
95 86
27 70
16 75
65 5
43 59
45 81
94 96
57 64
84 31
36 77
76 54
77 82
76 99
81 96
7 63
39 45
68 17
34 59
35 56
22 98
70 47
39 86
27 66
68 13
33 50
86 98
92 77
24 3
58 53
12 26
79 88
6 48
62 79
66 13
1 64
27 89
51 5
93 2
80 77
16 49
11 43
28 30
4 85
70 13
10 22
82 14
1 99
41 36
90 9
36 39
86 63
74 64
67 77
67 34
92 12
93 36
40 72
82 46
41 45
73 46
61 38
83 98
40 60
19 8
53 58
97 70
51 68
64 0
53 44
76 45
57 97
34 90
6 94
80 2
61 6
77 18
48 9
60 41
69 18
28 74
65 10
65 36
62 54
32 97
15 29
64 86
13 1
19 25
21 74
44 55
70 58
49 28
45 23
52 42
81 89
86 3
0 64
43 29
59 18
72 61
47 80
52 26
33 34
25 89
10 79
51 56
49 37
20 18
15 30
42 25
90 93
97 73
42 81
95 48
90 88
27 59
43 6
9 31
36 51
81 97
46 97
32 35
14 87
41 16
84 5
8 93
77 38
73 25
23 83
65 3
71 94
15 24
15 53
14 62
60 52
79 13
0 2
80 26
23 5
87 29
9 80
60 9
24 94
19 10
19 64
24 83
91 57
0 60
14 6
8 38
76 84
95 92
41 87
61 5
50 62
55 24
89 97
67 91
69 92
6 28
43 99
25 95
50 29
1 17
3 49
43 63
30 35
78 37
8 49
25 66
70 65
85 9
27 3
52 66
22 82
90 41
92 90
58 67
0 20
26 32
61 34
13 46
32 28
2 81
83 69
10 28
61 50
1 80
88 63
82 15
27 92
79 11
40 41
27 43
6 78
28 40
22 83
85 49
5 15
86 56
79 48
78 62
39 59
12 47
48 18
62 2
69 16
2 65
64 82
43 13
34 60
10 71
10 31
75 16
16 44
70 87
66 20
19 63
19 52
32 95
51 66
28 98
19 67
52 67
97 8
67 50
66 12
2 95
90 49
87 85
15 96
87 21
65 39
68 50
85 75
36 74
99 36
93 91
37 63
61 75
46 79
74 10
72 33
55 90
48 70
77 97
40 0
2 53
90 46
36 3
1 24
7 39
68 0
68 77
65 24
29 94
46 7
75 0
85 12
92 44
18 26
25 13
83 57
29 98
98 77
88 4
88 13
17 14
99 91
10 73
97 63
34 6
8 7
54 61
64 51
66 17
76 96
64 38
50 59
42 53
11 54
8 8
56 66
70 52
55 18
95 32
75 22
51 93
81 91
23 87
96 95
58 61
49 62
16 96
23 99
61 85
35 24
20 34
80 5
24 36
77 51
3 6
21 36
15 89
99 98
83 40
12 78
53 71
96 3
64 70
15 7
64 77
90 65
72 85
16 58
87 80
87 24
9 75
52 99
58 33
62 5
30 59
23 94
12 3
85 45
48 26
65 73
9 33
75 49
31 1
61 23
12 42
62 95
70 63
58 88
89 45
35 34
76 13
19 48
52 87
86 9
16 20
90 79
27 28
10 95
5 7
33 13
16 74
70 40
39 66
46 28
3 72
77 10
57 52
87 52
2 42
77 63
1 87
89 56
50 13
38 53
79 32
66 44
11 60
34 76
73 61
20 57
15 34
64 58
97 46
83 11
56 80
42 41
45 33
20 60
39 43
18 19
41 75
38 98
40 36
38 46
23 85
51 82
70 51
46 53
98 45
24 8
13 4
61 30
4 26
28 69
0 52
58 44
65 79
20 24
73 37
0 67
28 27
29 88
12 11
64 50
21 75
39 21
45 52
17 34
27 52
48 17
27 88
49 1
43 96
94 47
50 90
43 65
91 50
40 13
52 5
38 17
24 33
75 77
63 45
24 48
60 70
97 34
11 89
69 57
11 47
41 6
6 86
80 22
97 44
24 34
1 70
80 52
64 23
64 7
13 98
88 88
47 19
29 39
3 55
85 78
5 72
48 4
95 33
5 73
17 74
88 3
31 66
35 57
4 7
37 28
63 52
91 32
31 75
58 20
13 79
71 8
42 46
89 65
54 41
97 28
80 49
81 19
53 62
49 92
57 56
78 10
95 18
36 62
85 4
36 50
40 39
12 99
10 1
98 18
82 36
89 68
57 99
32 20
11 78
10 72
73 3
55 78
37 15
30 93
99 65
91 52
78 96
8 29
96 12
50 28
86 10
87 87
92 45
12 33
4 41
15 37
60 98
60 94
98 63
79 19
69 98
91 81
6 39
53 4
25 78
40 95
35 92
46 39
41 99
65 91
70 70
69 37
48 55
86 66
27 74
33 37
89 6
0 37
58 72
70 96
45 86
60 36
96 66
13 66
40 22
54 1
8 54
50 11
40 4
51 0
18 92
29 14
3 67
26 21
23 13
89 9
30 1
86 2
93 77
22 54
18 36
6 5
5 80
86 92
79 70
38 55
47 44
59 8
48 53
59 66
0 9
95 49
96 48
65 28
29 43
60 49
15 63
26 84
3 86
80 61
59 71
59 27
96 64
26 85
0 43
32 55
5 83
24 85
98 36
88 33
68 53
6 96
83 45
43 54
31 21
21 7
47 43
37 50
38 29
71 63
8 60
52 95
26 95
76 36
8 69
55 8
48 13
42 54
21 4
12 22
36 35
27 7
35 5
11 91
53 90
15 26
95 7
28 42
40 98
36 93
82 91
55 51
52 45
43 38
74 86
29 21
3 13
58 4
5 40
93 6
63 53
15 74
60 85
1 11
3 48
92 32
10 75
11 77
41 18
90 58
34 22
27 78
98 7
96 63
77 81
63 23
16 0
15 66
70 10
86 80
38 80
88 79
62 69
80 37
8 53
82 35
61 79
42 7
19 16
62 94
22 18
46 23
89 88
15 90
39 2
96 26
86 76
67 47
9 38
76 57
16 54
1 92
55 73
76 92
96 2
2 86
89 28
76 93
74 95
93 17
35 13
47 16
12 19
48 83
9 67
79 24
40 79
20 72
62 36
88 26
83 51
5 18
32 38
90 29
54 62
55 94
71 23
69 7
38 52
93 78
6 53
84 15
5 38
55 91
68 90
5 90
5 65
49 0
99 25
42 98
65 82
50 35
14 38
53 31
23 98
26 25
10 19
95 15
58 1
37 6
86 36
50 21
22 94
83 58
50 46
2 77
80 97
29 36
23 75
89 36
1 23
82 81
8 30
31 94
8 78
36 86
66 43
50 63
85 35
70 92
53 47
56 96
84 46
54 60
14 56
68 39
21 61
47 37
67 6
44 82
20 80
1 29
58 25
84 87
27 94
26 43
4 76
26 8
75 32
74 2
94 27
40 61
33 76
75 90
79 0
89 75
21 43
3 62
41 98
94 62
42 73
9 56
52 73
23 59
14 61
75 87
97 84
64 67
76 44
30 2
86 93
20 20
91 91
56 59
56 28
16 10
73 78
88 51
60 8
5 13
60 37
47 67
9 87
3 42
59 94
31 36
19 94
24 31
72 95
72 75
53 34
53 39
42 56
72 50
56 13
63 98
26 6
86 90
40 64
48 41
85 39
69 72
5 89
85 18
77 40
66 6
90 19
76 15
91 85
69 30
64 93
55 44
69 14
73 71
63 15
12 34
82 73
4 30
58 17
0 93
51 95
90 77
14 33
46 62
52 18
3 38
66 15
26 58
65 0
35 38
18 85
62 1
57 16
33 12
22 88
89 59
75 25
52 32
92 58
52 92
52 21
72 73
47 2
30 53
55 99
68 47
1 68
18 98
8 44
97 71
20 64
53 84
61 84
61 60
92 6
99 9
14 97
11 62
99 68
52 27
33 66
20 8
65 19
55 50
56 78
19 44
74 79
88 19
41 66
1 27
72 68
69 22
23 64
16 57
58 11
15 1
30 19
11 80
73 72
68 40
14 64
87 99
11 23
2 78
6 29
64 95
70 64
17 71
64 64
16 71
7 89
29 47
29 68
99 1
62 25
45 0
1 67
3 61
26 63
73 17
99 16
33 78
6 16
35 10
47 87
32 60
76 85
96 25
93 1
60 15
12 90
7 56
96 21
24 29
74 88
70 0
48 30
71 76
1 8
31 33
79 42
21 9
17 10
25 35
88 90
50 75
35 22
22 77
80 82
9 51
20 89
95 26
23 90
43 40
60 27
95 6
65 33
19 20
26 72
74 36
35 87
24 6
85 19
99 60
72 49
35 3
3 16
49 69
87 30
98 2
26 10
16 87
87 27
44 98
40 26
67 67
80 54
35 31
58 22
29 41
45 64
15 43
31 6
70 94
67 65
28 46
10 96
8 82
96 46
97 92
99 99
57 28
39 10
7 25
43 18
67 58
91 62
41 19
77 1
24 14
33 43
13 14
24 59
19 41
84 2
24 45
70 69
97 60
63 97
70 85
82 6
22 1
4 15
88 42
28 0
64 85
85 93
99 96
57 66
23 88
55 63
95 98
56 71
43 21
32 88
33 33
39 88
70 19
8 72
77 8
91 93
68 81
52 51
38 65
23 81
2 57
28 43
32 79
79 94
7 3
48 75
42 95
6 67
90 38
59 62
83 78
97 23
7 78
26 91
99 44
29 90
49 13
17 78
53 93
59 16
36 2
14 74
21 88
54 78
39 15
23 6
40 40
21 23
65 57
38 68
36 22
94 25
27 49
19 38
11 41
38 57
91 72
89 63
60 62
29 26
17 28
21 56
73 83
20 30
96 1
98 17
8 83
64 90
31 59
97 89
0 31
69 84
72 25
13 74
85 50
65 45
48 74
67 69
52 8
39 23
19 53
76 82
12 94
10 82
49 3
61 59
22 69
35 65
31 57
3 27
88 39
7 20
21 90
99 86
50 5
95 96
15 47
86 27
44 51
39 11
72 8
74 25
27 14
58 9
92 85
40 8
79 6
92 62
42 15
60 54
70 29
83 61
3 56
88 67
9 63
45 14
98 40
44 52
9 84
72 45
3 30
14 22
31 7
32 14
62 51
97 77
13 28
55 82
32 15
41 21
75 46
3 64
29 66
17 36
69 15
42 21
57 10
92 76
12 55
30 5
73 63
47 89
73 58
61 58
19 93
71 32
92 56
87 74
39 14
88 99
62 27
26 57
86 37
14 92
20 47
60 5
70 6
71 13
75 51
41 1
85 55
32 44
77 39
58 65
2 32
36 0
81 13
36 9
80 83
61 92
61 56
5 36
64 68
15 93
32 99
63 87
90 33
36 94
42 40
11 35
47 82
62 59
60 51
27 2
71 53
30 62
49 54
94 91
75 52
3 18
42 17
76 43
61 19
47 25
63 31
64 10
2 22
12 54
74 16
72 3
71 42
17 5
46 70
64 5
4 83
53 95
62 8
70 61
92 7
9 22
33 87
67 44
6 90
5 55
64 98
24 67
72 67
17 77
43 98
85 52
45 62
49 20
55 57
42 13
58 63
20 31
24 78
94 17
78 61
74 46
42 52
84 72
44 24
73 10
48 77
86 5
20 41
70 14
84 7
53 19
52 43
24 70
73 36
36 48
73 9
81 72
69 61
43 24
61 73
88 6
75 96
96 88
20 69
45 26
71 71
79 2
98 14
0 22
64 61
22 36
76 50
11 86
67 22
26 76
8 14
42 49
27 48
73 51
9 27
13 3
17 46
77 83
38 44
46 37
61 55
27 6
97 62
96 29
21 66
99 83
88 60
30 71
56 62
80 27
22 16
40 5
49 59
71 97
8 50
54 93
47 54
1 84
78 50
75 28
96 37
9 11
85 8
64 54
13 11
79 81
81 53
88 50
53 28
9 95
95 94
1 12
60 38
78 23
60 19
3 68
66 51
41 0
58 75
63 86
92 92
67 60
70 28
79 75
1 22
30 6
14 13
80 14
69 28
19 5
79 66
56 7
69 33
45 54
8 90
81 62
45 69
85 62
39 91
30 68
12 96
49 30
3 66
32 32
31 76
32 56
7 36
90 73
90 52
4 11
73 41
47 30
88 20
79 9
69 53
11 34
71 61
67 97
61 74
95 72
16 81
36 25
13 44
60 86
87 68
52 17
24 9
76 94
83 68
9 57
2 76
44 75
87 88
14 76
38 21
56 3
66 79
14 29
55 12
56 35
15 82
98 82
96 80
36 85
35 71
30 88
18 54
2 85
25 49
97 7
52 31
60 22
77 78
59 69
5 47
45 39
6 75
81 52
63 94
41 63
12 37
76 20
1 62
80 42
3 43
57 67
33 53
76 68
32 34
59 37
48 37
90 86
35 48
86 46
73 27
57 31
85 38
91 96
22 31
68 88
63 1
10 63
41 94
99 23
23 82
82 29
3 5
63 20
10 14
86 57
22 87
34 16
57 50
86 95
73 60
21 68
15 5
76 49
2 80
63 60
58 42
2 17
42 83
69 86
43 56
22 63
56 49
68 23
53 53
59 87
86 21
36 47
60 50
4 34
59 79
68 10
79 17
9 79
86 17
3 91
93 73
55 92
53 22
20 14
39 62
41 76
16 98
55 64
59 33
25 79
65 40
50 95
17 15
3 11
33 71
35 43
12 73
60 25
56 42
1 53
14 68
95 8
99 84
45 11
2 52
72 48
62 9
81 30
14 31
95 89
95 62
90 23
33 85
40 53
36 63
51 75
83 93
34 44
85 66
18 73
80 21
51 77
15 99
57 45
7 7
66 60
11 66
27 80
19 34
10 6
99 27
7 8
92 46
25 30
25 17
9 70
67 42
81 45
3 22
39 44
35 27
89 86
94 43
74 72
68 32
48 60
73 95
22 46
28 83
9 21
74 32
75 14
94 69
39 72
34 51
98 11
65 72
68 59
56 94
94 85
90 57
4 89
12 17
44 74
29 61
50 72
69 58
63 43
75 73
42 70
27 39
47 77
16 83
13 64
16 29
61 7
11 52
79 91
0 91
32 73
53 87
65 16
29 10
7 29
64 74
41 7
68 98
51 40
80 96
5 51
95 75
95 14
22 44
80 88
73 80
29 63
67 31
4 94
31 67
46 26
71 26
94 77
47 91
40 12
56 29
17 51
96 44
54 28
74 7
44 66
68 95
28 90
98 47
58 16
49 77
62 12
37 81
94 9
59 68
61 24
46 90
55 60
61 65
84 6
76 90
84 4
72 20
1 15
15 45
97 13
45 13
75 18
47 45
34 3
88 87
46 71
14 91
80 73
5 52
74 20
90 60
21 16
34 92
26 26
43 92
88 62
50 60
86 14
70 23
78 79
41 39
85 44
55 55
50 26
70 50
16 39
98 33
73 31
4 35
42 18
36 38
7 44
67 81
77 98
8 18
28 62
28 23
11 4
98 1
7 55
95 76
20 48
57 13
44 1
83 10
75 58
86 89
48 49
2 93
42 45
31 44
12 66
63 21
46 13
55 80
89 46
91 84
1 14
99 76
41 25
50 94
41 24
31 63
27 19
9 61
21 2
18 49
31 62
85 1
51 76
81 63
0 30
73 34
26 52
71 83
47 18
13 30
29 18
50 50
84 8
83 0
41 50
95 67
55 21
55 77
68 60
90 72
62 35
88 55
10 5
46 98
13 47
14 55
56 17
67 1
27 17
46 99
88 58
77 68
15 46
38 19
74 18
91 94
66 30
26 45
48 16
62 85
94 94
16 88
65 90
21 13
13 63
5 56
9 17
68 49
0 99
20 58
47 96
77 35
0 38
71 4
66 93
91 26
20 61
29 93
58 19
73 94
98 35
65 9
93 60
94 72
22 70
1 57
72 5
36 56
13 49
48 68
39 56
67 94
3 58
30 67
7 53
92 50
8 42
30 91
40 14
60 64
46 89
32 18
92 19
48 57
33 35
31 29
66 98
95 31
31 74
4 63
7 94
10 4
74 76
29 22
47 17
47 20
98 39
55 72
3 57
44 89
26 93
52 36
27 58
65 75
1 96
88 68
34 0
29 13
56 26
49 25
65 43
59 99
2 56
59 81
46 64
25 18
14 19
77 17
91 40
3 50
28 65
78 63
72 31
16 55
48 38
38 59
55 28
93 95
48 59
36 16
2 46
7 30
60 66
37 40
56 75
79 41
4 13
63 74
51 28
38 60
81 54
87 5
96 99
4 40
70 16
5 54
91 9
79 16
79 38
82 77
58 89
54 63
80 18
45 8
64 34
22 7
26 7
30 78
7 87
41 58
60 40
29 9
58 83
85 56
65 7
56 11
83 52
62 56
71 54
38 62
7 99
24 12
73 45
5 5
21 67
50 97
98 99
63 41
42 93
31 96
29 52
94 60
58 5
10 2
4 71
71 96
35 30
91 13
67 40
35 36
85 83
76 59
73 44
71 10
96 84
94 11
64 66
9 39
84 78
17 82
74 75
85 94
51 43
51 6
24 35
34 65
8 89
33 57
78 3
4 24
19 9
24 63
82 27
70 11
9 20
18 33
56 76
47 26
90 85
92 68
54 21
64 8
24 0
59 57
8 20
74 39
91 48
9 83
43 15
5 62
69 80
86 33
91 3
92 60
90 89
1 47
42 30
96 16
81 82
80 32
41 22
58 24
15 13
69 39
57 32
28 92
6 37
15 70
16 89
33 52
83 94
35 32
83 41
91 68
96 32
60 30
22 26
83 26
4 23
24 27
43 4
57 48
84 30
55 85
96 53
32 37
27 99
62 91
9 99
22 96
12 40
58 45
26 29
64 6
29 78
41 12
35 88
7 96
53 30
85 76
93 4
59 13
3 31
96 98
75 12
72 23
72 70
85 23
30 48
87 64
8 15
28 91
90 76
40 63
98 73
63 13
32 82
69 25
70 24
95 10
78 28
42 14
44 27
7 19
34 36
73 53
61 80
72 6
51 2
11 95
15 97
85 41
37 21
33 6
10 43
63 2
97 95
27 0
19 72
78 19
87 90
48 8
23 40
50 38
18 61
74 49
41 69
56 65
66 34
64 25
5 82
59 44
56 48
77 49
37 56
85 14
23 50
48 28
30 25
44 43
57 46
42 11
35 23
1 0
86 0
96 38
52 79
61 20
84 52
4 67
14 52
14 47
29 55
9 82
54 49
6 7
8 21
18 72
34 89
74 28
78 7
15 69
98 57
83 22
7 27
73 13
20 78
2 28
35 54
81 80
28 15
51 29
66 8
89 98
0 40
17 45
10 69
36 26
4 58
54 66
31 24
20 36
85 34
47 0
63 88
60 26
21 25
62 33
72 94
51 4
66 56
96 79
96 35
54 25
71 82
34 34
85 81
93 8
36 30
29 72
78 4
48 5
99 2
16 63
68 34
81 1
58 27
58 10
21 96
94 82
94 63
4 55
96 93
80 69
87 45
84 36
90 37
74 98
17 12
44 0
96 71
54 89
21 94
90 30
57 11
57 33
73 52
94 88
61 33
12 74
34 53
88 66
62 63
60 68
12 98
29 29
4 78
62 58
95 45
15 39
43 49
43 23
6 34
16 48
69 67
0 53
48 56
81 92
27 73
4 0
40 52
82 68
30 14
44 35
89 20
84 75
78 22
80 10
17 68
59 96
69 62
0 10
56 84
6 25
87 6
7 74
99 79
12 45
6 36
4 42
43 3
97 32
88 11
73 67
40 78
29 79
73 24
17 37
49 74
40 21
63 68
66 37
14 59
97 16
70 73
59 65
84 81
56 53
33 23
98 95
32 71
3 39
69 12
81 85
90 11
95 52
24 13
68 14
90 61
63 37
91 17
40 27
35 95
29 60
7 42
31 17
71 35
72 90
96 13
3 33
49 35
37 36
95 85
8 92
60 99
54 72
56 81
96 89
59 40
37 16
10 80
79 59
40 97
80 48
17 8
66 86
25 64
34 38
5 17
86 25
63 70
39 84
73 65
41 43
28 73
18 38
29 58
93 48
9 18
10 47
72 35
18 86
91 10
89 92
2 70
37 48
19 81
75 56
79 36
30 28
25 59
68 74
64 14
75 68
28 41
91 27
75 53
69 8
99 11
68 97
52 88
14 85
99 85
87 44
25 19
95 88
13 20
13 68
25 47
80 66
57 4
5 45
59 39
72 22
0 54
90 28
20 67
7 85
17 48
17 49
6 69
37 49
99 58
97 6
69 23
20 1
89 87
30 77
84 40
46 9
30 61
52 7
53 33
62 83
5 32
18 48
25 6
24 40
71 56
40 93
63 32
60 76
92 17
42 16
79 71
77 31
37 65
38 70
97 48
63 17
85 82
99 51
95 23
94 3
80 20
51 98
26 22
23 33
9 10
73 87
45 18
25 39
46 38
42 69
91 38
90 80
95 56
47 98
29 37
60 31
11 19
89 10
84 53
78 35
59 97
50 99
52 15
32 66
18 82
88 54
15 77
62 92
68 26
62 45
42 44
22 40
68 55
37 17
65 58
41 97
55 45
25 60
37 41
67 68
5 0
44 15
91 1
84 3
75 84
44 18
94 33
9 9
68 18
19 27
58 8
81 36
28 7
76 46
97 57
26 4
80 93
0 65
73 8
84 88
53 91
42 68
52 74
40 67
88 70
11 15
14 16
34 50
22 67
30 40
54 20
43 66
82 56
69 46
76 69
31 80
39 3
64 32
21 41
20 74
78 88
41 5
83 66
42 19
65 41
6 26
94 15
83 27
16 65
14 10
68 96
73 64
74 52
16 95
54 46
30 90
65 31
94 79
86 47
45 57
66 41
44 46
65 93
41 74
14 24
23 80
49 70
10 36
92 15
17 25
27 46
3 94
19 2
30 54
59 36
46 3
61 31
70 60
76 86
99 31
68 27
71 87
77 13
54 59
11 97
98 86
84 17
33 27
92 83
31 48
55 34
78 78
33 44
67 96
26 39
19 97
98 74
24 52
17 24
74 44
53 45
88 25
44 25
53 59
14 28
0 39
5 50
11 74
41 57
35 26
72 62
7 73
16 80
90 21
82 66
91 80
45 21
78 66
15 11
95 68
8 97
81 29
50 92
12 87
85 67
64 96
65 35
25 61
58 87
58 35
45 98
39 36
44 80
41 40
94 98
53 66
95 99
2 35
20 29
2 40
19 4
54 70
84 89
78 44
43 69
21 21
96 0
65 78
63 11
71 98
46 82
45 83
99 28
60 0
80 59
94 67
46 78
11 24
75 57
89 66
56 57
80 79
1 89
87 59
73 22
83 9
0 49
32 81
2 33
23 55
11 70
1 48
87 66
46 57
7 66
56 4
11 75
58 58
29 34
19 21
69 10
34 17
16 86
18 42
50 80
9 32
53 63
97 36
68 38
51 35
48 80
29 92
74 3
35 63
42 28
18 78
85 10
18 90
57 12
45 72
34 27
25 44
63 44
51 50
9 0
49 23
80 15
15 95
59 9
92 27
77 95
29 42
3 88
59 26
44 94
83 7
45 73
22 71
42 61
76 48
3 14
81 88
9 98
34 70
36 29
73 33
71 18
68 58
40 32
98 96
17 21
1 13
67 48
24 41
13 99
45 42
47 7
23 73
40 85
74 12
8 35
13 34
17 22
98 67
46 44
3 59
3 76
58 55
61 88
94 66
94 14
6 66
47 50
2 34
23 70
8 80
50 57
35 90
97 38
31 19
43 1
46 2
15 27
39 13
97 14
84 12
7 70
47 24
30 92
11 26
23 78
22 35
2 63
25 3
81 26
42 86
33 1
19 6
3 71
60 39
6 8
78 49
51 96
76 11
12 59
40 3
16 67
55 47
37 45
82 34
59 75
82 90
16 27
82 13
92 1
85 74
15 87
24 66
77 19
45 35
61 26
6 82
42 6
29 25
14 4
71 1
94 59
46 43
66 0
67 13
57 81
98 98
29 49
37 89
3 75
78 51
85 31
50 19
26 35
87 48
30 57
11 94
44 36
75 65
30 65
60 61
64 97
14 41
0 1
13 6
53 18
0 61
77 52
57 93
45 48
96 72
47 4
21 35
16 78
52 25
93 65
57 77
39 85
83 54
36 78
51 57
73 21
49 58
20 17
15 6
87 75
51 59
32 80
84 98
46 52
20 83
1 72
94 81
81 42
33 60
38 32
81 10
67 83
71 7
24 50
40 37
17 89
45 31
92 21
44 85
36 90
77 26
69 17
11 31
74 13
86 20
44 70
53 11
39 6
83 48
38 87
35 74
33 86
99 12
38 26
14 1
77 60
42 29
2 61
66 89
33 79
85 91
74 85
97 37
35 18
73 18
3 51
78 42
69 52
33 14
25 41
4 28
17 90
38 61
57 62
35 80
90 71
20 62
51 22
83 43
71 27
16 13
4 57
83 20
49 56
25 83
56 8
89 79
63 39
59 14
21 10
57 60
52 49
97 17
61 44
9 93
81 98
13 55
14 48
90 50
85 79
28 24
7 28
28 32
0 95
51 70
83 5
81 37
61 69
42 74
97 31
92 39
84 54
63 81
87 16
94 57
37 33
0 15
42 26
96 78
67 63
15 94
23 29
44 48
40 35
96 81
54 38
28 75
8 11
1 33
4 53
15 21
0 63
57 88
28 12
87 10
47 34
74 35
89 30
5 42
68 83
62 62
14 66
89 22
92 63
31 99
22 55
85 90
56 32
44 19
75 17
97 49
23 76
48 1
25 63
68 6
61 61
94 19
96 40
85 29
57 34
47 74
83 99
83 24
54 53
1 94
19 65
26 66
15 9
92 49
18 66
44 84
75 60
82 60
56 63
8 77
14 3
85 42
33 25
93 55
56 27
28 3
94 5
8 98
58 26
4 86
27 62
90 7
74 54
54 51
39 35
10 25
0 16
58 43
24 32
75 4
61 51
11 22
53 1
35 19
90 51
17 29
81 2
98 46
63 29
37 80
22 42
36 36
30 44
98 25
67 80
17 39
6 47
17 64
86 81
23 93
41 4
53 82
71 86
13 81
37 4
5 3
64 72
46 66
81 76
88 98
46 21
29 73
50 49
82 71
38 66
34 9
10 56
5 21
41 55
47 73
41 77
56 54
99 4
23 38
86 67
84 16
76 83
44 34
88 1
4 59
62 52
5 14
58 28
29 40
86 24
28 95
61 36
51 80
70 30
98 10
18 30
95 59
76 18
77 92
63 80
98 43
17 80
24 43
45 91
55 30
1 25
58 30
97 47
45 41
95 17
12 48
34 85
12 86
34 28
64 11
85 24
65 51
83 81
54 29
86 32
59 80
6 80
3 87
92 51
85 30
55 68
41 44
53 86
39 81
73 70
24 26
92 99
37 73
45 2
33 39
11 49
67 39
34 93
82 30
1 58
81 79
46 50
84 19
90 4
3 26
57 40
47 76
98 37
65 18
17 86
79 4
71 91
48 45
10 60
88 27
67 93
88 72
40 7
66 18
76 9
26 34
16 34
83 74
63 33
36 57
49 48
46 47
24 1
62 60
14 67
17 97
44 79
3 63
71 49
22 85
38 91
70 38
25 68
78 85
46 49
1 35
76 52
1 9
68 70
93 15
77 5
79 55
17 7
50 85
70 1
41 52
25 56
77 89
92 55
71 64
96 82
8 65
86 54
7 79
74 19
83 75
8 66
7 43
37 97
33 29
51 32
63 10
54 9
86 18
90 74
11 5
37 62
79 31
76 64
14 70
52 78
49 53
39 51
15 58
98 19
6 2
97 18
86 13
77 21
95 54
19 71
10 89
82 70
33 36
70 56
12 72
82 87
23 34
54 73
72 9
29 1
59 51
21 33
69 79
48 23
95 29
9 88
75 37
28 34
81 33
32 36
20 2
59 2
94 24
43 77
84 57
74 43
16 50
50 44
40 2
94 45
48 71
15 73
44 42
59 15
2 62
18 18
1 36
76 63
93 46
15 0
92 73
43 62
63 78
26 48
72 63
80 16
70 67
33 9
37 7
66 16
88 16
60 10
58 49
28 53
55 49
52 54
39 74
17 1
77 7
14 37
31 69
61 77
41 64
99 81
57 73
49 33
91 39
24 4
96 61
48 25
40 11
7 97
53 72
15 51
72 19
74 27
30 8
1 38
12 12
86 74
38 23
82 20
3 25
80 33
66 76
67 56
97 40
13 69
7 11
74 55
35 7
6 63
71 44
0 35
95 13
68 43
56 89
24 57
66 67
5 31
54 23
36 58
32 16
46 55
18 99
21 37
16 38
35 20
40 15
68 57
80 53
58 77
97 25
24 44
39 37
15 36
60 45
53 27
47 68
17 58
23 67
82 25
6 97
6 95
42 8
19 95
54 17
25 92
34 7
29 12
30 17
11 50
13 87
73 16
54 71
8 1
13 15
57 86
3 4
50 3
33 48
94 41
23 7
14 42
26 36
88 71
81 99
88 15
86 48
29 57
35 29
95 12
57 19
32 69
56 9
69 2
9 90
50 65
48 76
74 68
17 43
9 59
32 67
19 82
15 54
41 33
87 84
92 22
13 8
69 0
52 57
8 17
99 57
28 26
8 84
86 23
3 35
56 41
31 72
72 27
17 96
52 1
88 95
94 68
93 99
47 21
53 32
86 51
27 54
49 79
68 68
78 57
68 31
18 6
12 51
66 54
71 0
85 73
36 8
74 61
36 42
74 24
99 22
87 38
10 55
1 34
22 80
6 68
93 47
75 92
55 9
80 7
75 24
55 43
41 89
2 92
95 78
71 25
56 18
55 5
27 18
33 62
56 34
3 29
95 64
7 12
24 99
87 49
38 50
92 29
92 28
31 90
60 75
22 57
19 96
87 91
55 74
14 86
9 54
33 84
13 39
80 19
47 35
88 57
65 17
85 27
22 15
54 96
80 80
75 63
24 21
59 45
33 77
87 32
45 99
63 4
66 3
82 85
32 59
16 24
22 28
12 81
79 74
12 38
89 11
57 82
31 85
66 81
42 72
81 3
34 5
0 42
15 55
50 79
8 37
89 32
0 29
41 34
71 33
41 20
75 21
68 8
11 87
35 85
26 37
64 45
93 72
93 45
23 84
84 39
33 92
30 80
5 78
56 60
63 36
14 39
99 21
96 10
18 87
17 53
49 17
74 92
68 45
6 14
2 96
56 61
59 32
18 57
49 86
82 2
95 71
46 20
57 5
24 53
1 21
66 19
79 54
30 27
45 6
49 4
46 59
1 6
22 11
76 8
50 77
29 83
38 28
54 6
27 87
52 59
89 16
72 36
25 67
71 78
43 48
21 0
58 76
70 18
20 25
35 86
50 76
96 54
26 38
37 20
29 38
10 78
35 97
80 17
3 37
87 95
15 33
83 92
87 9
61 27
23 45
45 30
42 97
38 42
45 22
55 19
4 33
30 51
7 13
11 25
23 42
77 4
0 17
23 62
55 46
19 60
10 32
22 75
56 86
39 5
93 79
7 72
66 68
78 15
63 66
29 5
75 82
64 91
68 75
33 89
73 29
63 0
60 2
64 20
99 40
77 29
98 56
79 23
1 74
38 77
73 73
76 56
34 63
78 52
55 39
43 14
62 44
60 92
67 0
17 30
98 32
27 96
57 42
2 5
29 91
2 58
31 79
92 26
98 66
50 66
63 63
43 86
62 34
48 54
58 78
54 32
37 19
53 50
34 61
3 89
61 21
81 34
89 44
18 60
44 60
95 38
30 66
2 48
40 96
51 84
63 83
84 18
54 7
54 3
23 96
16 94
24 19
64 40
89 33
37 76
18 56
91 89
50 48
31 98
76 95
92 72
3 52
95 40
8 4
77 42
21 58
29 3
71 50
28 60
54 0
85 92
64 42
9 60
98 16
6 54
98 28
79 96
99 88
3 69
83 49
64 44
1 81
59 95
58 70
44 56
24 17
75 5
5 12
16 76
75 47
88 92
80 91
66 80
74 33
62 67
49 2
42 84
26 49
68 86
1 82
52 13
23 63
90 3
66 77
91 90
48 20
52 46
48 10
2 11
27 50
80 24
48 69
34 23
66 45
86 29
24 82
83 85
72 99
48 63
35 89
68 71
91 76
28 82
72 12
91 79
43 7
11 12
96 67
41 91
38 2
21 45
36 12
16 77
67 23
3 3
74 62
98 72
45 78
70 99
56 36
61 62
30 87
2 27
96 83
65 14
65 22
21 69
13 42
70 46
60 11
53 74
83 53
1 42
61 18
87 31
32 39
39 48
7 47
8 36
38 24
55 25
1 76
64 13
29 20
29 56
3 12
46 76
27 95
71 77
48 51
74 65
36 1
24 16
43 39
23 97
83 30
59 35
0 18
65 95
59 83
18 13
56 14
37 61
60 90
98 53
85 86
41 84
45 15
97 80
27 27
84 68
1 85
73 14
51 36
89 18
66 39
30 39
91 88
15 41
28 1
84 22
99 18
38 12
98 94
65 80
23 14
87 93
68 46
73 38
35 35
66 64
75 39
46 42
91 46
17 81
58 71
26 73
13 97
25 50
58 98
87 54
72 4
0 0
88 34
94 26
17 9
46 8
70 54
58 0
1 4
36 96
2 71
32 47
61 15
65 68
96 94
59 1
65 26
88 64
7 81
73 75
21 48
68 61
32 61
13 37
51 91
63 56
31 12
37 10
71 46
75 69
47 48
78 67
27 36
0 94
35 9
78 58
69 34
80 63
71 2
65 49
31 3
41 85
75 26
12 23
16 32
51 51
7 86
18 23
78 56
54 12
31 32
62 30
21 51
84 41
92 69
50 54
48 47
32 49
89 84
78 26
20 33
33 42
41 8
66 74
30 60
76 19
97 75
94 39
82 32
21 80
7 75
8 71
82 23
65 44
66 11
61 11
29 30
76 10
47 99
68 89
9 14
8 26
31 73
25 82
63 92
2 26
99 30
49 27
49 32
46 74
50 45
51 13
12 85
47 1
12 76
66 57
70 9
40 90
74 97
78 11
50 91
90 56
81 9
4 52
55 29
7 26
29 50
98 84
2 55
24 77
18 65
64 52
77 44
67 89
0 36
60 65
4 72
34 97
70 41
75 27
10 34
9 28
7 84
75 76
26 60
15 83
73 0
5 9
29 86
24 65
68 93
56 31
5 33
72 82
25 75
82 4
45 65
13 7
58 29
69 6
64 21
13 26
26 90
81 90
41 27
29 2
58 62
45 80
39 12
12 20
72 79
13 19
90 66
9 96
5 68
80 68
72 40
26 99
38 97
47 92
97 59
81 17
59 11
77 36
5 24
41 47
85 22
82 88
12 1
73 82
50 8
74 84
51 67
49 7
88 81
33 41
36 67
67 87
71 74
96 49
59 34
91 66
33 55
87 98
36 97
37 31
94 70
7 35
4 27
79 34
50 42
67 88
34 2
43 78
14 45
67 38
15 68
61 63
90 95
10 74
96 15
75 8
27 76
38 15
38 92
29 80
45 87
72 52
63 9
9 62
82 61
9 91
94 61
8 41
70 71
28 84
53 40
12 65
54 79
37 42
59 90
56 99
24 60
74 77
31 87
60 56
79 97
81 22
21 53
67 16
99 72
76 91
63 95
77 76
70 66
93 81
0 80
4 61
58 56
59 48
49 46
92 87
3 1
45 27
66 49
13 22
33 20
63 30
35 16
54 86
10 62
95 57
90 53
9 49
44 13
61 16
67 55
13 18
97 21
39 98
89 52
50 74
89 0
49 15
2 89
12 64
85 0
14 35
62 10
26 89
97 99
47 22
10 59
28 21
62 89
57 49
64 78
65 11
44 50
26 46
64 26
90 45
87 73
43 28
48 15
52 14
65 64
17 92
9 97
66 53
44 2
49 91
5 77
3 17
55 59
86 77
80 38
4 88
8 86
36 52
82 80
0 25
4 19
94 83
80 95
95 0
40 70
11 45
55 26
95 91
17 65
42 51
70 49
89 26
99 15
86 71
69 69
92 31
57 84
76 74
32 29
42 58
86 79
36 76
81 70
51 42
46 17
53 79
55 31
91 23
81 58
57 85
71 21
39 58
27 72
29 85
42 9
60 23
12 75
74 40
53 16
28 85
78 17
99 54
79 62
42 42
58 85
29 89
4 44
45 34
86 41
84 60
11 93
8 56
64 30
32 64
39 8
61 49
66 42
49 83
66 10
15 25
19 68
56 6
7 58
7 52
16 84
52 70
82 82
29 96
29 59
2 98
66 4
18 77
58 79
32 24
90 31
95 9
93 51
46 56
89 25
54 92
75 74
46 10
15 8
98 27
93 87
58 2
43 30
93 71
28 71
16 52
66 87
3 65
71 39
9 37
29 84
76 78
81 4
66 22
1 1
77 47
11 28
23 53
95 27
28 17
59 12
65 62
97 68
24 76
3 97
91 29
53 52
83 79
90 67
46 67
83 39
29 0
37 5
35 14
14 40
44 61
0 82
61 8
15 52
55 7
5 99
51 8
96 69
39 65
75 59
47 3
96 60
37 67
97 5
37 94
34 49
80 76
5 96
92 47
96 58
97 19
48 98
48 29
88 24
71 85
28 13
76 4
82 47
95 65
0 79
49 49
85 2
87 23
49 9
71 43
51 44
8 40
29 27
1 86
49 82
9 72
45 82
31 10
62 68
61 35
34 84
42 38
18 31
3 60
58 38
70 80
85 59
14 34
11 18
57 61
10 58
3 32
66 78
91 86
78 6
24 23
55 54
44 71
27 33
54 14
94 48
8 68
4 64
38 90
49 64
3 47
2 24
92 71
45 97
55 52
64 24
78 29
21 72
20 4
63 51
81 46
6 89
77 88
64 57
79 68
91 18
75 6
70 90
10 20
65 15
13 75
76 79
96 50
22 12
74 99
9 71
78 33
64 89
50 53
6 45
91 44
62 39
3 54
93 70
34 10
85 7
25 36
50 16
92 98
82 96
8 23
8 6
56 12
43 11
11 27
88 53
29 31
12 79
81 7
63 22
69 38
89 53
26 50
98 93
66 46
79 37
17 93
93 80
94 86
34 69
81 69
25 84
72 42
82 76
86 55
39 22
44 5
52 96
54 16
65 97
44 38
74 59
82 75
24 2
40 81
39 26
55 62
46 86
56 37
7 82
35 28
0 83
82 58
24 25
84 49
10 39
16 82
9 65
37 13
75 62
35 50
90 82
80 65
59 77
79 52
25 4
60 53
42 36
66 27
86 87
97 72
54 36
20 92
29 75
66 62
62 22
2 36
66 84
35 46
12 57
87 26
73 50
5 61
90 63
36 11
53 70
10 24
73 86
49 41
62 73
48 52
37 55
73 81
84 70
15 67
44 8
72 39
70 53
62 96
86 99
73 30
81 8
88 80
28 8
53 17
96 90
27 56
34 58
4 38
48 73
25 94
29 11
57 18
36 81
54 88
60 97
84 45
1 20
23 58
63 16
27 29
7 51
50 82
63 47
39 46
83 97
90 26
51 38
9 35
72 28
95 73
45 38
62 55
2 41
9 8
91 28
20 35
60 77
37 60
30 96
11 85
71 17
32 92
12 93
22 49
0 89
43 43
80 74
24 7
19 40
57 1
77 71
70 31
1 45
13 89
99 41
49 72
96 9
96 30
50 32
35 81
43 32
6 41
41 78
0 75
48 6
79 10
79 44
60 35
76 12
14 51
11 13
17 99
72 34
36 37
35 98
35 83
53 3
34 42
71 20
36 15
86 64
55 14
20 3
81 57
66 95
85 68
4 14
50 0
81 35
21 26
70 98
44 9
25 85
43 67
77 57
68 92
50 43
33 22
11 61
71 72
67 41
73 39
84 0
45 60
56 69
32 7
39 28
25 90
59 72
21 62
17 54
92 93
63 72
22 21
50 55
67 52
93 62
82 95
83 55
35 6
65 55
23 9
8 28
4 39
24 5
54 35
16 66
14 88
60 81
89 80
67 82
39 29
44 83
70 97
52 72
90 16
97 33
42 10
73 48
67 73
97 35
54 31
47 14
28 63
6 56
91 47
78 36
11 55
71 45
34 91
64 56
33 32
77 0
49 55
69 21
27 23
67 36
65 59
44 45
14 79
89 8
90 94
64 83
21 52
97 90
67 61
21 81
32 22
61 43
62 70
62 93
4 75
29 24
98 5
49 60
89 69
7 98
60 48
80 1
4 65
56 68
11 16
9 50
56 16
12 32
28 18
86 60
34 26
91 75
31 54
44 47
93 74
43 53
80 28
29 62
77 91
84 10
9 26
8 58
49 81
21 70
1 54
13 24
79 98
16 37
29 7
81 65
76 72
93 54
78 24
10 42
18 8
46 0
49 22
13 35
83 3
81 67
44 65
61 57
1 56
58 51
84 92
94 52
3 28
21 28
43 10
0 50
52 16
38 96
96 42
37 24
24 47
70 88
7 32
6 19
25 58
19 84
57 94
93 22
65 98
87 53
32 51
2 15
5 70
75 44
23 19
23 22
93 58
32 8
40 16
57 38
12 6
51 86
74 67
30 34
23 49
35 44
89 2
34 13
44 97
76 38
48 78
38 37
22 32
77 54
13 84
87 35
32 76
85 32
68 35
90 64
16 25
67 95
5 87
12 68
19 3
88 44
97 66
15 79
43 22
65 4
5 57
24 55
30 55
54 2
43 41
38 3
14 53
29 33
7 14
37 74
52 24
31 18
26 61
49 75
55 58
63 73
2 83
65 88
51 55
28 57
20 0
17 0
1 63
40 44
7 31
78 77
43 8
85 99
53 0
4 84
78 25
19 42
54 68
4 25
71 40
19 12
5 6
71 30
22 64
61 12
85 13
27 93
65 13
70 5
2 39
61 71
68 20
88 59
77 45
53 2
53 64
66 7
82 51
79 39
42 79
71 79
96 86
72 69
15 2
54 81
3 70
78 43
6 44
58 18
50 12
22 19
33 40
68 1
78 8
90 68
46 72
4 50
10 51
15 40
90 6
79 92
33 10
13 12
20 54
41 61
28 50
71 37
78 75
47 79
5 35
54 52
45 74
76 47
89 58
65 76
12 50
65 63
28 48
31 5
70 59
