100 3
86 2
97 97
41 81
57 76
73 43
64 76
42 65
54 88
24 57
58 50
3 87
11 19
53 59
64 57
20 62
18 82
29 54
63 96
50 71
36 92
80 96
78 0
32 23
16 90
34 59
41 42
88 69
43 65
10 78
42 95
60 9
32 78
93 75
58 62
62 28
7 0
65 80
23 3
42 36
53 12
52 1
22 7
77 2
0 46
76 32
97 60
7 64
25 17
3 94
50 41
23 50
84 83
73 66
1 31
51 82
25 13
8 86
32 9
25 10
68 66
20 92
98 19
77 7
8 84
89 73
57 70
93 56
69 97
73 18
99 44
57 84
36 97
99 86
46 26
70 28
42 80
97 49
57 32
15 75
66 29
16 74
49 47
80 71
94 20
83 31
46 1
58 17
24 29
18 12
26 21
85 91
51 85
97 92
85 39
91 88
3 28
15 23
80 75
10 82
30 70
2 61
59 17
76 0
36 13
3 53
26 44
4 19
31 6
28 36
80 52
34 5
87 34
13 7
59 53
43 81
24 59
72 81
99 59
9 74
41 75
29 95
96 70
59 72
51 14
91 33
34 39
56 57
55 80
68 59
14 35
1 83
13 12
6 0
21 75
22 42
27 92
86 30
91 99
31 69
23 4
24 54
50 12
67 20
6 62
81 64
56 38
14 19
72 5
57 46
48 2
59 75
86 95
53 56
76 75
0 9
12 62
50 33
31 22
15 28
59 76
62 32
82 50
25 25
91 92
20 3
44 10
63 25
78 5
58 68
91 9
94 28
16 91
34 3
37 92
24 80
39 56
93 95
23 74
54 24
62 92
48 77
26 5
37 77
78 96
83 14
66 27
80 2
90 17
70 44
33 71
69 13
85 6
57 12
10 88
70 95
5 31
13 94
57 0
86 61
36 33
26 91
97 10
46 70
33 64
11 17
63 80
12 63
6 5
55 97
0 92
98 8
16 38
5 96
70 13
97 81
89 9
82 77
28 28
49 7
81 57
2 87
11 83
92 71
9 9
69 33
60 19
0 95
18 80
61 47
70 96
39 41
66 87
82 83
52 33
7 99
36 47
4 45
61 92
72 90
9 49
14 1
80 82
8 57
96 82
20 24
66 98
45 67
96 10
57 92
3 65
94 12
77 96
86 6
77 92
47 71
6 56
80 6
24 92
61 50
38 77
97 56
27 90
50 67
42 25
34 26
16 99
68 5
2 18
52 12
51 47
52 85
11 88
8 30
96 15
4 78
31 34
14 21
8 99
7 49
44 14
97 32
18 71
91 60
20 10
49 6
45 7
27 93
54 86
32 47
48 70
28 30
42 37
14 96
61 87
66 51
19 27
46 24
10 70
26 50
86 4
30 53
47 8
45 52
69 9
71 1
61 23
71 5
84 7
25 67
26 10
98 40
37 94
18 49
76 96
67 55
59 67
23 49
50 90
23 24
10 7
93 38
94 21
45 24
68 15
59 85
29 34
85 35
70 81
54 56
56 55
97 9
47 10
74 6
43 70
0 7
17 38
15 46
34 4
0 45
81 19
67 60
40 82
27 46
98 52
59 28
66 16
86 59
10 36
78 20
18 18
38 67
76 13
41 95
89 15
82 72
39 74
57 40
14 67
40 45
23 78
24 7
82 86
94 38
21 44
6 55
23 67
67 98
25 12
95 16
10 66
29 26
20 59
3 59
82 24
98 1
62 56
51 16
58 53
18 97
6 11
65 31
73 96
7 82
39 30
26 62
2 25
72 17
97 34
83 91
40 9
97 65
99 56
29 67
50 81
51 50
95 80
95 59
91 43
64 70
33 32
50 48
85 47
40 28
35 9
20 48
83 65
92 64
9 14
90 27
74 76
67 80
95 95
39 21
64 39
61 67
74 94
49 27
10 75
41 91
78 82
64 53
36 64
5 28
26 94
73 97
86 54
92 29
9 64
15 96
46 7
11 64
13 10
84 19
72 87
41 88
19 88
94 90
77 97
89 47
1 77
24 2
34 93
59 26
21 81
14 79
49 88
75 72
42 81
33 62
37 54
15 39
34 50
79 97
37 50
71 4
6 97
61 85
74 84
52 23
35 35
82 57
22 73
35 99
86 87
44 65
54 5
89 39
92 35
38 10
4 43
20 15
54 49
18 65
37 19
70 3
60 28
79 19
77 67
40 0
16 78
63 56
51 53
79 91
75 36
85 67
58 82
11 73
0 90
27 28
2 76
63 8
71 23
32 58
66 14
3 10
70 59
28 2
29 72
89 19
44 70
96 67
30 2
64 21
51 13
38 4
25 96
94 97
43 51
73 50
36 35
84 91
91 73
50 59
50 35
71 48
78 45
24 45
0 15
42 41
54 80
23 7
0 85
69 70
80 94
22 20
29 71
69 44
21 93
29 23
80 66
28 62
0 33
67 33
84 33
17 41
14 47
70 48
23 92
53 55
30 75
89 77
38 68
49 93
31 32
24 38
4 28
76 11
87 14
65 58
32 29
62 94
7 45
78 33
77 46
65 32
9 66
71 56
50 89
97 36
41 86
19 49
53 80
42 17
17 1
70 47
79 94
14 9
80 13
29 66
21 66
97 12
6 77
64 46
91 74
33 72
77 93
10 14
64 45
12 43
6 12
30 81
40 35
2 75
14 53
69 11
63 23
32 43
74 89
26 55
83 36
54 20
95 58
8 17
64 51
7 65
68 69
50 78
73 84
96 72
86 80
47 94
61 80
60 53
25 8
27 99
97 21
76 48
85 16
60 30
14 18
44 69
34 53
78 31
39 23
66 84
71 43
88 22
73 41
44 20
68 26
8 79
35 91
81 46
78 35
6 64
10 6
67 28
16 32
38 86
75 68
66 17
11 80
97 95
47 62
33 75
83 37
54 54
16 93
15 3
17 27
85 32
86 22
48 83
80 45
45 80
67 36
78 53
36 76
44 94
75 7
82 6
26 6
1 97
23 25
70 90
0 43
14 98
35 37
37 44
29 36
89 20
94 55
43 56
59 92
17 20
75 88
30 64
48 47
68 95
55 51
12 69
53 41
34 43
88 6
9 73
54 74
4 42
74 36
98 23
31 16
39 67
0 60
82 20
91 53
99 71
33 1
92 98
97 29
83 95
11 52
74 49
12 80
65 16
81 10
26 23
38 89
5 42
99 34
12 16
98 64
24 6
81 73
48 37
11 3
12 58
34 49
3 75
72 52
51 77
57 72
39 9
68 78
18 43
43 99
85 42
51 54
28 14
27 73
15 7
37 39
81 53
61 28
5 72
3 52
5 16
56 69
96 30
19 42
66 63
70 23
11 75
1 93
18 47
54 69
36 42
74 20
75 46
64 58
28 51
81 58
34 48
83 89
63 7
46 57
31 21
12 54
73 79
3 81
1 3
7 97
95 61
39 50
2 90
22 21
89 56
93 20
11 34
26 0
93 9
59 94
62 60
22 58
73 32
71 25
99 35
99 80
23 69
92 47
2 27
26 73
29 57
27 1
43 36
94 56
82 92
84 52
53 45
69 34
94 65
27 21
91 84
48 71
84 26
20 2
59 57
23 58
38 97
3 73
9 34
41 61
33 6
86 55
77 47
26 9
24 85
68 87
27 19
41 89
63 15
52 41
58 99
4 46
47 98
26 86
2 84
47 24
80 27
39 98
60 87
39 47
28 58
86 77
27 72
47 19
62 93
28 31
6 19
59 25
27 18
89 85
13 90
59 46
7 6
38 84
6 79
84 85
57 5
20 95
16 46
4 51
28 40
27 87
59 58
11 72
92 15
50 73
15 43
10 62
91 38
93 31
64 56
98 66
90 77
43 12
17 73
2 11
60 64
73 55
70 26
69 78
21 87
15 4
17 28
70 50
18 87
69 37
84 59
33 25
91 48
72 68
64 55
81 89
86 73
64 81
1 57
94 80
8 18
83 90
29 13
92 85
58 51
46 86
33 99
65 67
49 17
80 42
8 40
82 43
63 74
54 25
89 44
19 34
59 73
46 68
51 9
17 18
74 38
36 41
0 91
90 89
72 56
34 15
5 86
15 25
39 29
14 46
87 67
26 63
85 52
31 35
52 88
77 98
22 71
8 31
18 33
35 21
87 1
67 96
85 18
5 58
81 84
80 38
23 84
71 44
62 38
56 8
22 48
96 32
11 65
85 9
78 83
65 90
91 1
9 27
25 23
84 93
30 37
99 95
47 22
61 25
33 51
78 84
42 61
83 23
10 41
72 60
9 87
32 68
4 67
65 55
34 68
58 84
66 35
14 90
44 82
18 17
64 1
18 62
68 45
40 5
78 19
69 53
12 26
60 78
42 4
55 47
53 63
24 81
72 63
57 62
94 88
17 71
50 16
48 74
5 41
60 74
6 87
48 24
4 17
83 52
16 54
83 96
72 65
54 83
40 92
58 5
47 2
19 47
50 86
3 58
45 50
3 86
23 10
37 15
65 39
22 41
28 21
8 55
52 87
23 38
52 13
60 57
17 92
31 80
65 5
91 36
32 86
52 39
9 96
52 56
67 9
32 38
38 80
36 72
74 47
51 3
56 39
99 14
98 16
84 1
21 51
50 58
36 49
76 9
28 33
57 41
53 29
77 35
40 94
55 75
64 84
72 21
87 9
89 75
58 39
45 81
55 96
64 17
22 34
10 42
73 13
74 74
94 30
7 5
66 64
74 43
11 74
48 54
52 84
91 58
2 33
50 56
93 40
94 27
75 50
56 43
52 64
18 91
20 38
46 55
6 9
69 77
17 76
14 26
49 1
58 47
1 82
96 0
5 52
73 5
82 90
70 15
58 80
64 77
77 81
33 79
37 30
86 20
29 41
80 20
60 80
74 52
65 40
37 78
74 82
71 81
50 6
13 77
29 30
26 41
12 87
37 40
96 56
52 59
63 49
59 40
67 4
50 0
6 61
23 71
69 66
78 60
67 13
83 18
69 43
14 29
35 60
48 93
82 54
17 49
13 70
35 96
5 18
69 1
96 81
39 54
31 47
20 56
63 19
27 34
50 5
45 39
42 86
30 36
9 61
63 73
85 28
17 58
60 36
11 48
34 71
43 53
89 26
83 44
1 13
50 24
39 95
41 44
48 92
12 37
69 28
64 11
99 21
7 1
19 95
87 23
84 32
74 77
21 26
80 79
93 41
82 93
98 87
33 42
13 25
65 37
73 39
24 35
89 81
21 71
0 64
52 79
47 55
16 8
68 24
76 47
1 28
10 12
41 37
79 20
83 97
5 54
85 31
63 60
56 85
51 95
58 43
62 71
42 54
18 93
66 54
66 91
60 11
43 43
86 13
0 79
62 10
42 93
38 14
32 18
26 87
61 68
20 29
99 28
84 97
88 13
79 73
63 31
36 88
24 70
74 22
88 41
10 21
98 46
10 93
23 97
10 26
67 90
68 10
29 83
46 89
2 6
13 21
25 6
36 12
96 80
36 23
2 28
45 99
78 2
43 24
47 1
46 38
32 6
2 41
8 77
39 24
75 28
97 43
16 23
61 1
15 73
18 59
24 22
52 40
86 49
7 98
59 68
60 88
55 38
61 66
71 82
77 55
79 60
6 67
15 0
10 33
93 87
44 35
81 48
39 77
0 2
28 84
31 97
14 38
49 87
51 57
79 16
9 33
13 50
11 66
79 21
75 56
8 69
95 41
87 24
73 35
59 59
34 17
80 29
82 27
78 39
76 99
96 58
70 4
85 54
35 20
51 21
6 38
50 83
20 89
22 5
96 14
22 55
67 8
38 88
7 58
72 20
31 3
92 18
96 75
53 8
80 72
38 1
68 96
95 70
15 14
98 53
99 41
22 8
20 40
69 95
14 54
13 38
60 77
32 81
13 2
99 97
6 42
37 11
22 61
63 9
46 62
42 3
34 36
65 4
50 75
57 90
67 95
43 55
30 72
63 94
29 40
10 91
44 56
41 76
21 33
4 27
7 33
61 82
71 94
71 78
31 17
67 89
49 32
58 4
55 67
94 94
46 73
88 56
40 63
6 99
79 74
6 18
53 94
41 64
53 33
15 62
95 76
31 90
87 72
71 29
77 74
23 73
87 0
17 79
90 54
18 92
97 19
98 57
87 20
74 7
29 33
99 9
20 77
18 64
96 69
47 45
80 4
49 5
16 16
13 59
86 66
20 42
61 42
32 98
10 59
85 95
9 88
2 23
34 29
37 34
57 82
46 97
44 78
66 1
18 90
89 55
77 86
58 46
81 62
50 20
71 6
61 99
93 33
88 23
57 89
82 94
67 51
55 35
48 28
76 64
75 82
39 59
49 15
62 74
93 0
37 10
15 65
2 82
74 81
51 67
41 22
57 27
94 42
67 21
99 17
66 40
38 5
64 93
55 9
66 93
26 64
72 76
76 49
23 23
10 18
7 14
79 61
26 52
54 31
49 21
70 38
5 48
81 75
28 35
53 14
41 70
34 73
69 10
10 19
24 9
77 4
88 31
67 39
80 68
65 12
19 46
39 1
83 42
91 87
41 30
74 83
76 92
3 68
60 23
71 8
18 29
8 8
15 93
28 46
11 21
47 49
1 41
98 25
38 31
38 22
92 24
75 41
47 54
36 62
41 3
73 45
58 27
76 12
87 30
51 33
38 48
33 29
47 70
98 88
61 20
33 48
20 23
29 80
47 26
24 52
66 82
82 29
24 98
30 87
36 68
38 25
4 82
5 17
96 5
10 46
59 36
42 59
3 82
44 29
88 79
95 30
89 23
8 13
54 4
9 99
42 46
65 92
34 67
67 11
28 88
85 50
5 84
68 20
5 83
29 16
48 78
27 64
91 56
29 15
35 85
11 43
52 3
56 37
49 48
48 73
76 51
72 31
60 91
66 88
66 94
84 90
79 44
60 84
56 91
14 65
89 57
87 26
64 63
20 19
33 2
28 55
36 61
16 58
18 51
76 61
70 0
46 54
7 28
15 18
88 64
77 88
27 29
90 20
10 90
5 0
45 22
71 58
70 7
86 48
38 46
50 60
45 6
19 56
8 32
29 70
26 97
69 24
27 25
0 44
98 17
55 70
58 34
91 55
86 88
64 38
82 34
42 47
82 79
9 21
33 40
35 49
47 39
71 11
65 62
22 68
24 20
19 19
72 0
59 2
6 17
13 23
36 80
99 68
78 43
85 65
28 0
57 34
79 24
28 42
21 43
6 78
7 96
93 65
37 65
89 22
13 52
30 99
51 90
77 3
92 43
75 17
54 34
95 13
67 45
46 15
32 20
85 80
52 22
47 5
34 98
65 47
25 76
10 67
60 8
99 40
75 60
46 45
53 68
7 73
2 17
59 78
78 65
47 40
30 48
41 7
26 32
67 74
56 50
96 64
61 98
58 48
54 45
84 4
60 39
51 48
88 66
56 89
16 21
24 88
6 23
28 34
43 89
52 97
51 81
31 70
32 70
29 98
56 26
15 50
81 35
7 39
27 10
92 16
87 21
53 2
70 32
62 98
53 90
4 98
68 9
71 14
50 42
29 12
67 75
8 25
63 36
21 14
33 27
4 34
74 80
84 87
43 11
79 90
38 8
74 98
45 19
57 77
21 55
42 71
50 43
34 92
15 54
69 85
86 99
53 30
99 57
97 45
14 20
3 6
10 17
15 77
61 83
2 91
11 40
27 39
94 32
25 7
92 21
59 50
22 82
96 83
79 45
34 81
79 62
32 3
52 10
22 83
32 17
14 86
66 41
87 32
17 89
41 99
23 76
84 65
5 69
87 40
3 33
17 13
54 76
43 61
17 81
2 52
62 51
60 79
21 40
10 84
24 71
73 88
65 65
23 46
95 50
49 51
98 83
19 51
32 94
17 42
52 70
60 67
56 23
70 33
92 1
92 94
21 59
18 0
23 81
45 78
40 39
55 95
62 18
74 16
42 88
21 18
98 68
97 72
59 41
75 16
30 14
77 38
55 87
9 54
65 87
49 66
69 82
70 63
88 59
1 20
85 20
15 70
25 47
64 89
7 34
39 43
7 29
0 98
6 89
11 92
55 76
85 56
81 81
85 49
62 42
6 85
53 71
23 96
73 94
14 91
68 18
76 25
24 96
48 84
14 87
35 83
52 45
24 69
94 74
61 22
83 19
68 22
1 46
49 28
53 53
17 75
61 29
14 92
12 79
62 59
77 78
42 72
7 21
65 94
39 52
21 34
76 56
57 9
43 84
18 94
12 86
60 21
62 27
40 8
63 99
9 83
10 95
6 46
52 94
24 56
1 68
35 67
97 84
68 63
3 84
4 70
33 87
10 9
13 18
14 7
5 23
9 60
84 76
19 72
20 69
2 7
25 71
60 62
46 59
56 9
55 73
39 22
30 24
9 65
38 71
42 77
29 59
67 46
79 43
86 7
6 98
72 99
95 48
97 28
91 4
83 56
25 37
13 71
43 78
93 63
9 51
1 51
65 49
77 58
40 62
71 83
65 97
37 56
8 70
62 14
26 27
75 70
33 14
76 34
15 32
72 23
50 74
55 46
97 0
69 55
33 91
27 67
35 53
6 4
73 38
64 12
11 23
18 81
60 59
3 23
2 98
82 65
69 99
82 58
49 12
61 75
45 31
95 69
89 93
56 16
91 90
24 24
73 61
54 9
21 3
42 8
16 73
8 90
24 5
96 3
17 32
61 19
17 57
15 63
48 57
23 33
29 89
43 10
9 10
98 61
5 20
76 15
93 85
73 30
55 8
84 54
83 2
42 55
90 4
54 16
47 3
56 92
25 68
1 71
30 84
88 12
57 47
62 76
76 30
62 13
12 9
99 45
10 48
99 0
87 55
61 31
51 72
78 25
97 42
43 57
38 19
24 76
15 24
35 29
55 13
19 69
87 44
43 97
50 57
32 75
90 35
13 67
78 58
40 33
2 85
43 39
76 65
87 27
43 62
66 59
75 67
6 58
49 4
20 47
92 28
30 6
31 86
20 65
32 24
80 62
67 29
66 71
71 53
7 19
12 88
95 83
9 79
35 93
94 59
47 89
5 15
16 12
29 35
38 61
87 38
23 45
56 76
94 33
9 36
7 18
22 44
88 52
57 53
16 56
59 4
40 16
70 31
84 16
5 12
28 25
44 37
79 75
31 60
35 74
65 99
26 14
41 80
23 16
94 23
5 24
86 62
35 2
61 86
52 31
70 92
44 41
20 28
83 78
18 36
75 21
9 93
66 72
24 43
20 68
38 92
95 56
87 90
30 68
37 64
34 75
54 14
28 71
29 2
88 0
33 61
54 59
62 77
17 56
20 96
40 4
81 28
84 42
42 20
25 92
15 87
46 81
76 76
36 81
72 85
80 57
54 90
31 10
81 78
49 82
20 78
70 16
48 41
99 73
48 46
11 22
12 77
10 74
5 10
27 83
82 37
41 32
91 57
93 35
79 50
44 31
19 73
55 28
1 30
9 7
22 29
19 97
64 43
15 21
41 4
42 23
77 12
50 28
99 66
26 3
12 72
49 64
87 17
58 22
69 40
70 74
39 76
72 82
91 0
38 34
57 87
52 48
63 55
27 59
46 83
77 82
36 56
78 49
1 86
33 70
56 60
62 67
11 25
92 14
50 69
70 46
20 64
6 76
49 36
35 43
0 76
7 8
98 84
9 19
16 98
41 36
65 78
31 4
44 72
21 69
79 95
42 18
32 31
91 3
33 41
67 65
34 2
16 92
97 24
43 87
17 98
93 15
6 43
92 7
84 8
72 58
75 11
43 2
89 32
32 2
12 17
19 20
22 25
13 83
30 16
74 92
52 78
1 21
68 94
76 33
28 8
65 15
55 23
57 45
48 48
60 40
81 17
93 94
43 31
74 88
54 75
31 85
13 79
3 27
91 18
40 10
44 55
29 22
58 42
88 89
97 46
75 9
0 28
16 9
56 75
16 13
87 10
38 9
69 73
13 13
76 21
97 53
21 47
70 88
76 54
30 58
59 61
29 28
80 65
71 92
32 96
18 57
35 5
61 9
50 2
86 60
57 73
50 10
19 35
67 10
75 84
53 16
95 45
8 24
96 89
27 50
5 94
13 99
57 11
12 3
35 19
56 46
40 59
96 37
99 1
24 39
56 59
19 22
53 72
83 9
76 28
73 24
91 24
0 93
57 25
48 10
62 85
79 83
84 45
29 10
85 76
44 24
39 88
62 23
5 4
28 1
52 4
4 88
40 27
48 18
7 37
63 71
17 43
13 81
90 63
37 87
14 68
35 23
19 98
15 38
99 75
95 98
93 7
87 50
87 87
18 44
42 31
90 87
96 8
69 86
29 5
21 90
14 99
55 55
3 80
74 57
72 61
16 6
79 36
72 4
87 43
68 6
32 35
15 49
6 7
83 60
47 42
88 61
71 50
96 22
60 34
35 81
8 33
75 6
86 93
75 20
97 55
30 94
61 90
71 96
87 16
36 73
2 5
85 92
11 71
62 62
52 36
97 73
13 76
31 95
47 63
33 21
66 78
16 35
58 54
83 25
19 36
32 52
2 16
19 78
24 60
75 66
90 52
16 27
23 15
54 84
92 82
2 69
89 90
32 28
17 54
18 40
69 76
4 87
65 68
9 82
83 24
82 73
64 73
51 88
19 37
83 12
39 63
0 77
73 56
80 81
20 66
86 74
70 52
11 87
54 12
80 92
22 98
89 46
17 55
84 39
98 86
48 7
53 69
48 79
93 97
32 54
29 32
60 7
94 67
71 91
79 3
20 30
83 34
70 56
79 22
78 18
72 43
23 86
22 96
87 56
90 98
62 25
82 8
31 13
56 84
19 26
55 65
37 63
0 66
80 61
91 37
96 50
4 89
83 17
8 98
71 49
6 74
37 62
16 48
82 15
35 87
70 17
32 65
22 18
80 55
44 48
4 11
55 98
50 92
56 32
19 9
41 69
21 54
82 53
62 99
58 0
25 99
19 79
54 73
3 9
86 47
90 41
60 66
35 58
58 77
76 14
19 24
68 52
13 43
26 47
73 68
19 80
74 25
17 70
62 79
17 72
30 52
34 99
24 90
51 15
89 1
6 14
93 60
85 30
32 21
53 42
82 80
2 65
53 52
5 45
93 4
32 40
77 14
74 15
29 55
3 12
51 4
51 42
26 57
86 23
20 33
46 33
5 56
59 70
75 31
89 42
97 79
30 90
29 8
57 15
58 88
13 26
83 48
34 22
1 1
10 35
22 28
1 55
71 90
11 11
73 52
31 74
4 80
83 11
40 24
19 10
29 78
36 44
99 33
81 6
28 16
79 93
56 96
29 6
70 71
23 26
61 61
44 39
55 58
35 78
56 0
63 86
17 17
48 25
55 27
32 77
53 61
69 5
34 79
23 1
70 40
17 90
24 68
53 9
47 43
52 71
64 34
23 52
51 1
67 76
59 24
57 20
2 89
48 90
78 77
98 34
7 36
43 19
37 86
35 25
19 44
6 60
18 69
36 4
44 87
32 19
3 47
58 55
77 77
83 21
83 77
40 71
41 62
26 53
19 21
37 97
65 51
67 63
99 46
67 44
19 32
54 94
51 45
68 70
9 37
20 55
56 70
47 6
19 8
94 34
64 54
94 31
65 7
0 75
84 20
12 68
35 13
31 93
55 39
30 79
42 0
74 41
21 78
13 3
2 3
83 51
14 72
47 56
79 67
95 57
16 81
74 9
77 41
96 24
53 18
23 47
72 34
78 38
35 22
80 70
91 45
77 45
21 41
67 97
61 8
55 69
2 64
43 41
96 87
86 42
45 37
84 92
62 48
75 73
95 53
89 98
93 71
25 19
56 35
99 52
2 62
11 58
21 73
57 2
64 7
42 27
73 73
63 79
94 54
57 57
17 36
21 95
11 4
39 86
1 6
34 54
75 65
74 66
21 37
51 22
21 97
90 42
20 83
38 51
95 51
45 11
8 9
23 32
46 9
82 11
27 65
47 82
18 76
75 33
9 72
40 58
85 85
36 57
24 94
61 6
83 57
52 72
72 35
61 52
63 18
75 15
72 49
85 3
61 15
57 26
45 95
3 0
11 82
61 45
97 83
16 36
83 32
56 30
84 18
89 14
69 18
11 95
99 76
65 9
4 77
34 74
9 78
18 74
83 68
60 69
26 45
3 85
81 47
15 15
4 60
8 93
73 67
25 20
99 62
25 53
28 76
87 77
97 94
89 49
74 72
63 26
45 28
44 89
83 98
96 45
83 26
0 62
93 96
26 40
58 79
26 13
99 94
6 68
15 61
61 54
65 18
56 87
25 82
38 43
40 32
84 43
17 14
75 19
81 36
14 11
76 17
41 52
60 97
92 91
53 87
97 11
38 29
11 70
94 16
20 13
11 86
32 99
51 91
12 99
12 35
30 57
59 81
52 75
25 49
76 31
25 84
71 16
27 40
85 13
62 82
31 87
66 86
93 83
15 95
3 63
40 15
12 56
38 15
23 53
51 70
50 93
30 59
47 81
66 75
66 30
51 59
66 90
98 43
59 30
85 86
9 69
17 24
5 79
4 94
80 7
78 24
88 91
37 58
15 16
10 51
91 2
6 10
75 99
80 99
33 58
36 59
69 19
36 14
73 20
7 93
98 33
39 44
83 47
17 8
66 44
65 29
65 38
93 2
32 33
2 36
78 59
26 66
21 76
6 20
89 51
57 4
40 55
76 63
97 23
46 87
57 43
75 44
51 23
75 37
50 21
18 48
58 90
37 45
28 66
80 50
25 81
19 28
92 51
93 3
16 53
29 94
77 90
25 24
96 60
73 47
60 96
48 96
31 33
63 20
51 64
65 30
15 78
38 40
49 74
71 9
48 9
74 10
66 36
83 58
78 34
50 45
92 37
8 39
34 63
15 92
19 76
38 60
92 34
96 11
81 50
57 67
22 91
85 38
7 86
92 36
16 76
73 72
81 66
29 64
84 46
89 18
78 69
90 88
55 24
13 11
72 27
94 40
68 80
77 18
41 96
75 53
71 28
35 57
23 85
28 90
7 16
26 58
16 2
11 16
71 30
37 38
50 98
45 5
47 74
74 75
40 20
32 26
2 70
96 38
50 54
89 0
72 75
78 67
93 50
71 17
13 32
12 34
19 64
35 0
39 69
66 99
48 19
12 38
31 1
26 81
59 18
35 89
64 27
53 81
36 58
19 40
2 56
37 5
28 93
20 9
65 79
88 77
94 83
4 23
4 29
57 28
13 84
0 8
54 44
81 4
55 66
85 2
25 15
53 5
57 69
38 52
80 69
59 22
43 30
13 46
28 94
59 91
65 64
1 23
6 80
75 30
6 27
31 75
6 30
49 58
64 95
32 12
44 76
72 78
35 6
83 6
53 17
19 50
17 88
10 15
53 77
7 77
95 42
12 2
83 54
45 9
79 12
80 80
48 97
5 74
71 20
48 64
28 83
30 17
68 41
62 90
28 37
60 15
39 18
46 92
41 83
44 60
9 20
94 29
25 50
92 38
10 34
8 61
19 13
14 5
84 61
22 49
26 17
84 73
65 75
86 31
95 68
8 76
5 32
0 51
22 38
5 57
3 30
9 47
26 96
10 87
77 75
57 3
69 69
20 99
18 30
39 11
51 69
22 32
88 36
43 26
39 15
44 0
63 16
75 78
52 21
23 0
49 79
22 43
11 32
91 64
52 17
26 1
73 60
24 75
63 12
55 29
71 62
11 30
20 32
52 43
60 81
39 34
43 91
94 62
93 78
23 37
11 77
29 20
37 74
73 81
57 99
47 41
72 44
45 96
23 70
98 90
62 29
16 28
75 1
15 37
29 93
13 15
83 16
75 95
28 6
18 66
56 74
78 46
0 0
52 19
55 19
3 74
90 32
74 86
54 19
84 0
62 17
3 93
9 31
33 9
43 16
72 91
89 72
58 25
77 22
57 48
4 52
76 88
17 52
94 39
90 12
46 36
94 5
61 91
50 40
87 83
38 33
60 49
21 32
66 18
68 55
92 61
15 71
44 26
62 66
72 12
68 53
19 58
58 31
61 14
61 60
47 91
80 5
97 30
12 55
56 20
74 96
36 2
49 9
1 29
45 55
30 63
87 15
90 19
57 35
55 53
64 62
58 2
57 44
16 72
66 52
27 36
5 97
0 82
27 41
32 82
13 34
93 84
69 38
64 78
28 24
34 1
72 11
11 93
27 74
45 17
83 0
22 40
39 89
95 87
56 66
92 80
39 31
54 62
5 9
17 85
62 40
24 86
49 39
66 23
12 51
37 12
29 11
88 37
94 41
65 86
19 86
38 26
10 22
38 95
77 63
19 96
75 27
43 47
97 27
16 14
59 0
72 83
84 95
21 24
83 76
85 98
66 53
93 19
4 69
35 52
41 48
64 87
95 93
26 35
65 35
80 51
97 2
31 66
70 43
72 79
4 59
83 30
92 5
80 21
75 69
73 31
41 2
48 0
81 34
94 19
2 4
25 93
61 44
45 77
62 55
1 27
4 31
19 2
87 62
49 56
44 75
40 85
49 89
74 68
38 62
21 2
31 26
67 71
79 55
62 8
43 48
38 54
17 44
84 57
14 57
8 20
43 29
1 67
84 2
36 67
13 30
11 84
57 38
71 86
39 4
60 13
49 94
41 54
69 41
70 35
41 19
4 63
4 64
47 0
10 83
17 94
91 63
96 27
55 45
27 95
72 37
61 7
4 76
42 68
9 59
22 3
49 45
46 31
30 0
64 2
7 30
36 30
60 27
67 17
71 37
94 92
44 81
48 61
63 14
87 66
35 56
39 5
43 74
66 25
39 10
61 41
80 28
16 3
47 75
55 1
20 87
32 13
60 58
29 45
22 80
34 0
77 87
70 72
83 74
79 89
58 59
10 56
55 61
58 36
26 85
91 83
36 16
46 2
16 85
91 69
65 28
59 32
73 28
56 17
84 40
65 50
66 42
32 15
94 18
50 77
32 76
90 95
55 81
16 34
16 18
7 81
17 60
79 80
47 90
80 78
24 25
35 68
5 1
0 68
83 3
78 70
93 1
48 15
40 47
11 94
52 93
37 8
29 50
41 31
88 17
49 77
50 19
74 31
56 48
86 83
35 1
36 87
95 34
21 72
35 26
52 46
38 24
68 73
99 88
66 97
38 23
17 37
18 54
69 96
64 90
58 69
96 40
31 77
77 79
47 58
65 23
99 5
38 58
90 82
48 88
99 11
76 19
72 77
47 85
44 53
98 45
37 76
43 27
54 21
0 47
25 21
62 36
74 4
31 43
45 40
31 5
33 83
81 85
46 27
89 74
42 45
30 34
58 64
36 70
56 58
43 44
85 68
99 83
63 4
86 5
53 46
74 1
22 50
16 0
86 25
65 52
60 25
71 99
52 32
96 20
27 43
86 9
52 9
46 22
45 92
11 98
2 21
1 94
88 14
89 16
52 65
85 53
33 7
56 4
70 6
53 47
92 73
49 80
32 5
36 11
0 94
11 89
28 57
52 81
42 52
8 28
80 77
29 37
33 30
81 55
16 20
6 22
93 91
39 83
49 75
93 17
64 25
31 28
38 76
70 49
39 84
78 3
69 67
21 84
80 56
32 73
11 0
2 74
40 78
11 60
21 38
27 53
18 19
19 38
36 79
1 15
8 48
67 79
24 95
5 80
64 20
95 27
16 62
8 15
12 57
77 19
79 72
92 55
22 31
56 11
48 4
48 16
11 18
26 49
68 65
91 34
8 58
7 72
60 35
71 73
87 57
80 22
42 44
48 62
80 89
88 21
50 4
46 65
33 28
40 13
45 68
57 52
89 53
70 82
27 57
5 27
37 17
8 94
4 36
79 70
20 86
67 3
12 45
56 67
31 84
63 98
2 51
96 9
81 71
4 20
55 57
55 62
55 79
10 47
43 54
3 16
63 11
15 17
22 66
9 41
29 96
88 9
95 73
5 60
42 11
86 0
26 84
89 82
99 27
50 79
28 81
36 34
56 97
11 97
69 25
16 60
6 72
79 42
31 8
95 67
81 45
93 62
48 59
1 49
39 80
84 77
28 19
24 84
94 37
76 22
57 10
79 31
34 32
1 4
57 56
86 27
10 3
55 32
78 92
42 2
76 43
28 48
68 21
90 22
30 1
27 84
76 97
22 45
24 28
29 29
80 0
8 49
45 59
32 11
54 7
76 27
26 67
70 1
13 68
38 99
89 2
73 6
25 69
11 53
85 74
79 63
33 98
87 18
53 31
31 19
79 29
54 0
41 53
64 98
53 15
56 21
95 79
92 70
95 39
56 82
4 68
75 0
23 61
29 65
85 62
56 25
94 69
18 88
16 82
7 51
65 91
20 22
51 38
78 56
86 98
23 43
52 18
91 23
12 41
97 87
58 66
77 84
62 7
48 89
48 23
47 73
12 10
30 78
48 52
25 72
73 54
37 14
67 77
78 91
46 25
83 39
24 82
20 26
14 41
12 32
26 42
12 78
69 39
51 83
45 29
92 57
51 62
58 41
37 61
68 68
3 49
1 0
4 5
17 64
81 8
23 31
43 86
92 54
8 67
46 40
54 8
27 69
3 46
6 75
51 41
50 9
68 84
47 52
47 64
72 30
88 73
79 58
36 18
81 56
56 44
25 36
99 77
42 50
46 19
57 22
8 83
34 83
81 80
64 16
47 11
64 99
94 9
54 47
68 32
45 26
65 88
16 96
22 87
66 0
24 83
42 28
69 48
29 87
3 91
84 29
42 9
31 78
25 33
88 20
85 5
59 7
17 25
52 54
94 95
52 11
48 12
67 38
80 47
81 12
90 11
39 79
8 63
21 50
55 15
67 35
16 89
59 97
20 70
34 90
15 98
96 86
85 93
26 51
33 38
40 86
82 81
75 98
12 49
97 47
23 9
77 33
79 11
34 89
82 62
51 71
22 90
96 94
91 72
59 27
56 13
70 12
3 66
76 71
59 80
25 4
61 24
28 79
99 65
32 51
68 36
5 37
12 23
37 0
66 6
59 10
49 24
46 30
59 15
41 17
27 80
54 72
43 21
21 70
96 12
92 10
61 81
33 69
44 95
80 23
19 87
12 91
53 13
58 86
7 20
39 87
99 98
8 89
60 83
37 66
29 18
68 50
43 69
0 21
17 29
9 5
69 50
90 24
63 97
48 55
85 36
16 51
41 26
53 70
21 74
17 4
63 29
9 68
79 30
30 86
33 93
56 61
49 49
41 47
18 70
98 79
52 34
97 54
19 59
87 88
42 39
32 88
9 15
16 64
66 58
42 74
23 88
21 83
39 82
85 58
52 69
97 26
0 74
5 34
83 10
83 81
64 35
91 76
13 17
11 96
86 36
61 59
89 99
10 0
83 43
51 24
54 55
62 46
71 45
43 90
40 61
80 95
94 70
25 14
32 27
75 81
53 91
94 73
89 40
82 97
33 33
46 61
54 26
87 58
48 21
67 14
76 72
35 50
54 28
34 47
23 14
83 59
47 27
14 60
81 14
20 85
49 68
65 10
13 39
93 37
46 64
93 64
18 39
93 47
97 38
64 92
24 51
10 72
69 49
21 64
43 17
70 25
78 66
15 86
45 34
95 4
90 92
38 36
17 9
80 39
5 36
40 73
96 93
6 84
19 54
4 85
50 22
51 19
43 7
15 99
48 6
19 68
54 64
98 67
26 7
49 30
59 84
15 58
60 6
99 49
34 30
28 7
45 75
40 17
7 11
35 82
76 87
15 45
39 13
2 29
6 24
11 68
1 79
41 43
35 47
95 32
89 97
13 14
93 98
78 68
4 54
37 70
23 59
62 2
73 27
14 10
90 2
86 53
1 42
41 10
30 55
75 94
51 43
85 33
52 37
67 58
54 37
36 91
5 75
19 60
30 11
75 42
75 55
46 91
18 75
93 23
60 10
21 91
29 49
96 84
10 5
99 25
90 40
43 73
22 4
3 45
53 11
10 30
44 96
4 84
78 57
78 64
31 58
89 7
43 3
34 9
91 77
99 13
45 54
1 58
53 28
20 5
85 94
37 24
39 42
11 2
32 36
11 29
44 77
34 57
67 66
88 25
24 26
34 27
79 84
4 99
2 57
76 73
96 47
25 95
81 37
79 87
9 80
68 3
47 16
47 12
1 2
22 63
97 86
34 25
72 66
73 14
82 4
98 13
34 87
45 46
9 28
41 90
22 23
54 63
59 95
90 34
93 81
77 49
3 25
88 60
54 70
91 17
53 27
44 38
44 47
84 71
64 79
4 61
99 18
23 66
74 85
68 90
49 76
57 23
26 99
3 32
14 49
18 35
3 90
84 9
65 24
22 86
42 34
0 99
28 43
28 92
4 71
59 93
9 30
88 84
39 19
17 86
67 34
59 90
10 40
60 48
35 11
91 41
92 17
51 44
22 93
25 64
58 35
55 94
59 19
35 72
49 37
3 95
73 12
62 91
32 53
32 0
54 40
72 50
91 97
50 97
54 89
10 86
80 76
32 49
29 3
57 61
62 88
91 10
60 14
95 90
16 63
11 47
96 90
93 59
28 13
97 61
17 10
18 37
2 32
47 50
69 36
82 69
95 71
14 44
76 80
72 33
75 91
17 39
89 87
91 93
40 96
94 68
85 60
82 87
31 54
12 44
21 62
81 9
92 86
85 90
74 35
43 46
26 60
31 64
2 59
82 68
16 55
37 89
27 52
99 4
91 20
58 20
73 74
36 45
59 88
79 65
64 28
64 85
38 47
27 5
18 67
5 90
87 64
85 17
12 48
41 73
4 62
37 84
71 88
60 29
64 15
70 78
56 40
7 17
45 42
97 70
15 85
62 15
70 98
63 13
94 22
6 81
16 47
6 53
17 40
7 83
8 4
87 13
94 46
79 34
2 68
49 72
93 58
29 91
95 3
3 40
43 75
19 82
63 91
56 2
54 78
81 38
54 17
76 52
87 45
5 51
82 9
81 40
99 87
20 11
12 84
46 23
19 91
99 84
78 75
43 67
58 85
40 97
84 34
43 33
27 38
25 57
67 47
29 84
27 48
79 69
16 24
92 30
88 47
67 43
5 40
35 33
7 4
70 66
74 33
61 35
9 48
64 33
79 59
51 27
62 19
28 4
48 27
89 6
35 98
40 75
12 12
29 39
1 92
5 88
35 90
90 21
79 56
87 6
16 67
91 16
96 61
39 48
87 95
8 42
84 86
38 75
13 4
47 60
68 43
58 73
24 61
97 50
21 19
94 96
49 16
42 76
20 50
60 33
34 88
73 8
43 94
70 67
18 77
28 11
16 87
96 78
21 12
23 11
80 67
16 59
81 20
51 68
26 93
96 92
11 35
17 50
12 28
7 62
84 47
26 71
9 76
11 67
21 27
49 67
12 25
75 76
15 51
13 42
0 35
95 1
5 62
28 91
21 30
53 37
29 73
0 31
29 77
58 18
1 59
64 8
62 69
95 35
82 78
68 49
69 27
79 33
9 8
10 28
60 32
51 49
43 38
96 53
72 3
90 83
71 2
73 86
26 11
73 0
85 45
85 29
42 97
98 9
49 40
85 66
90 38
25 31
2 10
64 6
76 79
86 69
68 34
91 8
32 90
35 77
95 25
99 74
58 91
84 53
35 4
49 44
92 93
22 85
97 91
54 60
23 19
21 21
73 93
55 77
66 79
87 76
87 11
14 48
63 62
85 97
93 42
27 6
37 22
79 64
4 83
9 45
77 43
23 68
45 33
78 12
59 79
91 11
82 1
37 90
51 34
65 26
81 51
72 40
55 99
91 50
53 43
88 4
37 69
73 53
4 15
57 54
65 53
96 99
64 31
23 55
21 67
83 62
70 20
39 2
60 47
6 50
69 0
25 89
40 57
35 40
69 7
32 32
57 42
77 94
12 13
68 39
75 23
36 66
92 31
33 26
33 80
75 54
93 88
54 38
67 2
30 56
94 61
70 36
95 44
67 64
0 6
89 60
84 6
74 2
0 23
46 37
26 2
35 48
82 12
48 35
9 13
39 72
56 28
83 93
42 49
50 29
43 28
66 66
82 55
33 37
2 58
64 10
71 63
91 39
79 41
79 39
98 69
67 93
61 34
89 52
78 52
78 90
2 15
67 42
85 24
9 11
61 51
80 31
64 4
15 11
88 29
69 35
21 68
43 59
42 99
26 72
73 98
5 26
8 26
58 40
17 30
70 9
28 23
65 41
7 13
68 33
28 56
28 5
69 16
25 59
60 98
68 1
58 14
40 60
72 22
1 65
59 54
6 37
41 39
54 77
36 86
18 84
44 57
87 2
21 63
46 17
73 48
37 31
88 1
92 95
87 96
2 37
58 9
39 49
18 2
43 23
46 85
51 94
95 84
71 76
92 60
22 84
55 56
72 26
92 40
93 82
89 62
3 11
41 79
38 70
90 16
47 30
46 14
65 0
63 83
81 70
14 13
26 90
0 37
28 52
64 36
76 69
83 92
37 80
19 71
12 75
97 63
37 26
5 99
8 54
24 93
27 62
4 35
5 64
47 14
55 91
30 8
62 30
25 43
83 46
0 32
99 38
90 78
48 75
93 49
18 25
29 25
16 43
20 39
47 9
42 6
71 85
52 0
51 98
37 1
41 49
33 31
20 41
89 58
69 22
29 74
93 14
10 54
71 55
77 62
70 14
94 4
87 35
12 83
73 82
63 81
5 76
61 18
96 65
35 18
31 76
34 91
32 37
66 45
73 58
26 83
85 44
15 52
67 92
3 2
59 87
12 92
55 64
38 12
22 64
81 60
39 65
66 15
26 28
82 59
72 1
16 1
34 60
31 37
93 24
9 86
75 26
59 51
4 16
27 54
7 63
69 94
31 15
74 71
70 99
22 2
51 28
56 1
34 45
77 0
77 95
61 49
63 53
54 85
77 53
8 46
25 1
48 26
3 39
16 69
26 31
8 87
75 80
18 52
38 82
48 50
31 39
86 86
0 53
32 44
80 46
26 68
69 71
17 51
79 54
28 53
31 82
98 78
35 41
8 53
43 40
7 80
56 90
97 59
63 27
44 6
99 90
71 7
14 14
66 3
30 89
18 10
33 96
88 30
62 34
7 2
63 1
38 98
75 96
84 5
82 76
38 18
50 55
8 5
32 84
93 39
18 20
3 56
14 27
46 44
78 44
6 16
4 4
15 34
7 24
43 5
15 5
75 75
80 10
98 56
81 41
38 53
43 58
97 64
75 2
14 28
78 27
84 64
32 7
46 72
11 36
33 15
27 51
51 63
96 34
0 17
67 67
63 46
81 23
84 41
47 15
66 96
35 61
69 79
37 33
85 71
39 58
50 7
66 31
3 55
19 99
26 80
10 85
87 39
68 17
31 59
11 33
85 61
84 80
40 68
1 40
36 0
33 67
66 70
1 74
33 68
42 83
74 91
98 30
25 74
18 1
22 39
8 10
91 21
72 62
21 39
41 97
63 32
87 37
96 68
77 61
42 22
28 73
28 27
40 72
11 50
70 58
45 70
85 63
85 73
88 65
47 78
87 85
69 57
95 78
63 68
10 65
12 96
66 32
81 27
46 76
56 3
62 96
36 15
57 85
4 1
71 22
93 48
29 9
12 5
53 0
47 31
93 79
27 32
9 24
49 42
87 70
80 44
31 81
99 30
29 63
42 19
19 4
36 36
92 45
85 8
55 93
1 22
82 46
39 62
94 26
30 27
2 1
40 40
56 12
41 71
3 35
49 91
90 70
41 9
79 68
87 92
31 88
75 5
76 62
28 86
34 58
77 89
31 72
50 15
32 87
37 85
46 58
6 8
54 35
67 69
2 66
0 87
43 22
98 6
19 23
20 6
78 32
57 98
19 5
48 82
72 32
0 34
51 20
45 32
46 16
70 30
11 54
5 68
53 35
96 29
16 52
69 92
52 50
86 15
41 67
80 63
30 7
45 27
46 11
51 10
40 42
10 50
58 15
63 10
53 21
1 78
27 79
49 62
89 89
76 59
17 48
8 47
78 16
80 26
34 70
0 4
60 54
52 68
56 71
21 94
71 64
68 77
66 34
45 53
83 79
34 82
17 22
66 65
82 40
86 17
44 2
72 10
4 90
65 60
20 31
84 94
70 45
87 81
9 39
70 62
1 99
65 36
59 21
32 8
39 94
2 0
61 62
77 71
9 4
66 56
39 55
60 71
93 86
71 26
31 63
16 45
3 41
65 66
30 88
21 92
9 26
57 80
87 63
57 8
41 1
65 54
40 6
28 70
64 50
2 19
23 30
97 90
92 67
2 99
33 19
88 42
13 20
53 38
63 48
92 72
84 51
13 8
18 38
28 29
20 1
61 88
58 72
64 47
5 70
86 38
87 46
21 36
54 99
69 31
39 91
18 96
43 80
56 29
94 48
33 90
13 45
92 88
68 27
91 12
12 18
45 85
38 39
57 18
4 97
5 71
25 60
43 15
6 1
16 30
87 78
71 18
13 29
58 28
27 23
24 32
98 3
48 49
31 62
68 83
64 88
30 92
24 47
8 27
58 95
21 45
89 13
30 65
79 96
10 71
42 70
58 98
85 82
77 37
99 39
61 48
88 18
43 4
14 0
60 92
60 46
10 94
99 54
27 96
67 0
0 97
21 16
63 5
81 25
88 53
27 61
62 22
66 24
9 17
11 31
46 80
30 82
75 49
34 42
30 46
81 33
60 63
71 80
16 19
76 84
97 51
65 63
37 7
15 12
5 8
51 6
42 53
13 1
99 99
94 44
91 28
18 3
71 38
29 86
83 82
15 89
90 71
54 18
91 71
72 46
75 25
54 97
46 0
17 46
38 56
67 73
44 80
6 40
54 96
41 5
17 63
48 60
3 13
71 57
0 22
43 95
7 60
37 4
51 58
85 1
59 99
67 7
11 24
6 83
80 19
75 18
8 96
37 29
21 10
65 33
7 31
79 77
35 14
1 60
2 9
68 11
87 97
76 4
72 29
86 97
98 5
28 74
14 37
88 26
83 40
94 63
91 96
46 13
75 90
23 36
29 31
72 59
48 14
27 37
44 67
97 76
14 52
92 81
63 65
37 21
59 96
12 29
45 10
92 69
23 35
29 14
9 95
71 97
13 82
71 3
51 79
13 58
0 24
80 24
15 90
85 75
95 7
19 41
66 73
30 97
99 50
72 96
66 37
33 3
22 36
53 60
59 39
20 71
65 44
49 22
92 12
96 49
95 55
99 96
84 74
86 94
64 68
47 97
60 73
20 58
41 57
4 2
66 76
30 32
79 10
43 9
12 90
14 64
46 32
55 20
47 86
35 88
11 1
20 82
21 42
64 97
27 78
31 20
63 33
81 92
16 95
29 61
5 73
14 24
85 40
94 57
29 58
56 83
37 51
41 23
90 31
22 94
92 59
99 93
35 38
85 87
20 54
31 79
22 75
18 8
60 2
71 24
11 38
83 8
0 19
6 35
81 22
46 84
26 46
46 20
81 15
12 7
86 70
25 83
14 59
99 89
16 39
45 94
82 99
52 66
62 64
18 89
98 99
63 85
75 43
89 91
52 90
83 5
87 22
34 44
74 32
49 55
60 90
44 62
18 34
92 9
95 64
65 13
48 39
87 75
58 12
75 79
86 84
5 14
47 61
90 5
4 6
14 76
58 37
56 64
70 70
29 62
95 28
14 81
88 99
31 40
20 12
21 23
42 10
78 4
75 58
34 10
58 8
71 66
82 63
12 20
31 61
59 29
15 88
33 5
47 7
68 64
54 57
44 91
50 84
66 7
22 95
23 6
25 16
13 80
89 88
77 28
49 0
90 94
86 40
82 36
58 92
13 47
73 65
36 75
47 33
33 55
91 86
97 88
13 97
67 12
87 36
75 93
50 26
93 10
39 37
8 91
54 41
61 36
76 39
33 65
34 94
25 66
74 5
69 83
98 22
88 54
26 20
35 97
5 87
16 97
53 4
6 45
47 79
88 87
22 16
84 81
19 1
89 43
38 81
73 7
29 48
60 93
96 52
87 28
85 72
98 36
32 80
21 98
54 3
60 55
71 40
54 66
91 30
18 27
12 82
26 15
78 97
41 20
76 40
19 67
97 77
62 37
1 75
12 59
99 6
68 16
79 78
86 58
58 1
79 14
84 78
35 44
76 89
69 54
37 57
84 84
80 34
88 38
90 72
97 57
42 14
32 62
51 35
65 56
57 83
25 70
85 14
31 7
80 58
87 59
74 30
5 65
40 12
27 44
88 5
87 51
41 85
81 90
15 30
54 91
40 79
22 19
54 2
46 52
30 51
57 66
50 8
27 9
84 88
94 51
7 46
83 71
82 30
88 62
87 93
50 99
94 86
6 26
47 47
98 47
71 31
33 18
64 61
85 22
7 43
59 60
67 31
99 51
55 12
28 63
82 96
41 87
64 71
82 98
11 62
58 60
59 45
81 54
3 71
48 66
12 24
92 33
97 98
44 18
56 65
68 99
74 55
86 14
30 13
63 40
17 80
52 53
0 3
4 25
62 47
61 21
98 27
6 65
52 38
76 94
50 61
72 24
84 70
78 87
86 43
58 97
54 68
66 9
70 91
76 57
90 58
60 38
1 36
95 63
86 10
76 44
92 22
94 50
82 5
46 67
12 31
22 74
97 35
48 11
80 25
95 86
48 53
96 79
13 69
39 85
78 74
39 26
39 90
43 45
21 5
42 40
42 98
44 21
57 59
25 56
82 14
54 98
87 65
58 19
35 66
6 71
12 15
81 42
48 32
73 37
62 45
45 0
46 35
65 8
72 53
41 35
63 59
21 46
6 52
30 74
98 14
14 31
5 67
36 24
22 12
90 39
86 81
63 41
29 82
87 41
17 12
79 48
63 28
42 7
45 36
19 48
64 0
96 77
9 77
93 90
61 65
95 96
94 64
4 0
63 90
2 96
56 27
14 39
93 27
16 80
18 53
98 96
23 48
68 97
62 35
37 20
11 69
33 52
51 76
83 29
17 5
32 34
74 97
6 44
2 39
23 98
77 40
77 99
29 81
14 2
63 82
47 99
61 57
16 65
63 51
7 26
13 36
84 60
14 23
61 73
87 52
89 94
56 80
54 93
84 44
19 66
95 5
79 35
65 2
64 94
60 50
47 44
76 67
39 46
54 61
62 33
45 83
99 37
92 50
53 97
57 14
30 30
51 87
71 87
53 6
89 66
57 74
49 41
81 32
56 41
80 59
45 91
40 89
20 20
5 85
92 65
92 46
74 53
91 80
86 56
69 47
52 62
33 95
68 74
62 84
26 12
37 93
29 17
20 63
80 98
95 2
10 60
4 92
25 28
0 1
6 54
57 64
48 40
1 26
35 30
62 12
95 14
64 52
84 24
57 78
34 61
64 41
47 67
8 12
69 93
48 22
21 60
66 85
36 48
45 76
27 98
15 9
36 43
84 27
40 1
44 73
6 21
61 4
15 40
99 47
21 61
2 95
34 8
37 53
37 95
8 23
0 70
75 71
87 19
89 31
71 61
98 10
62 75
13 65
65 89
51 18
70 86
9 97
54 32
41 78
63 6
55 72
10 11
0 10
38 90
88 58
77 66
33 78
69 42
83 55
28 3
25 41
13 48
29 69
55 50
13 73
52 16
71 34
0 26
79 28
9 56
88 3
7 27
22 59
10 92
73 10
39 35
9 43
68 62
16 25
12 50
37 23
79 4
67 53
95 99
35 80
30 95
84 63
10 55
46 39
76 58
41 94
33 53
52 58
43 35
67 91
88 82
88 74
43 85
65 27
5 35
72 54
72 84
77 39
44 68
30 98
58 71
79 71
26 95
38 83
77 13
23 5
45 56
45 84
81 93
90 59
1 18
23 63
48 98
63 64
27 3
36 63
79 52
5 29
87 82
30 39
87 80
25 51
80 85
91 54
64 26
15 47
6 25
89 33
84 72
65 84
79 13
70 94
42 79
17 78
41 27
95 47
24 40
67 37
40 56
85 81
2 8
93 46
68 79
62 68
4 3
59 6
70 87
51 40
50 1
24 1
82 44
76 10
9 12
69 8
5 44
93 52
41 84
27 16
45 86
83 94
2 80
38 6
15 67
41 93
44 58
45 73
96 6
34 76
60 12
13 87
66 62
7 10
73 92
43 83
19 43
40 69
99 29
51 92
2 12
7 7
75 48
72 28
50 36
52 77
11 13
57 50
87 98
29 51
23 56
15 35
0 81
80 3
86 71
59 47
36 28
31 49
85 23
18 15
54 52
1 5
13 6
2 93
62 0
73 26
39 81
73 44
58 58
87 4
86 33
12 47
51 31
22 81
27 86
56 93
29 4
34 13
55 89
12 0
34 31
89 64
87 89
20 8
77 83
89 25
70 5
53 73
26 54
74 3
12 67
23 57
3 42
96 36
79 40
66 95
44 19
63 35
92 53
26 25
39 6
53 62
93 73
97 89
73 80
57 81
19 74
16 75
25 97
65 74
50 39
57 75
21 57
90 62
50 46
8 88
89 29
57 88
39 61
75 32
81 49
69 60
13 60
3 78
56 51
40 80
24 62
57 49
68 54
43 0
90 7
90 6
20 7
46 51
98 15
99 16
82 52
40 98
47 34
5 33
71 79
80 48
74 58
64 67
52 76
68 89
36 90
92 13
62 9
72 7
26 26
3 18
90 85
23 83
45 14
78 95
51 99
31 89
94 77
19 25
37 48
23 62
85 70
18 73
45 69
70 93
98 54
34 6
38 41
29 53
34 84
40 3
41 28
7 23
75 4
39 38
48 13
11 99
48 69
30 61
31 67
54 82
51 89
4 47
1 35
16 77
27 31
30 44
13 96
19 94
77 8
24 48
21 35
57 24
75 85
1 39
15 48
52 28
78 63
22 22
68 57
90 36
35 10
11 76
8 78
39 64
2 2
14 70
68 31
65 45
78 40
27 76
50 17
74 37
1 11
52 51
49 86
36 93
60 37
27 4
1 66
2 63
29 85
8 60
66 5
80 60
42 92
19 89
40 70
76 26
95 62
48 86
2 94
32 61
69 32
79 37
14 89
31 83
93 93
64 44
21 52
82 67
37 9
89 69
60 31
88 78
27 11
23 64
8 52
35 17
96 42
8 81
62 97
25 0
68 30
30 28
85 79
42 29
70 60
61 11
9 25
9 2
38 87
73 36
49 46
61 63
70 55
43 60
79 23
94 93
80 1
34 38
23 77
95 52
6 93
11 85
64 80
62 86
8 1
83 1
46 93
35 15
3 31
23 21
61 16
42 73
20 61
23 75
12 61
29 38
79 18
97 85
17 31
15 2
55 31
62 49
41 66
98 94
82 89
16 40
98 12
5 95
37 59
98 29
83 83
40 67
21 7
90 76
90 56
68 14
99 43
14 25
51 32
58 38
86 18
24 4
50 62
90 86
47 83
63 78
71 77
95 24
4 7
39 99
12 1
45 30
59 48
64 19
41 72
88 71
40 64
74 27
96 41
82 32
85 10
47 29
59 14
74 42
1 48
39 51
99 92
97 66
96 33
97 75
29 52
23 91
32 57
28 17
90 68
38 21
24 15
84 96
83 41
90 93
2 86
65 98
73 16
48 91
96 62
38 73
49 50
10 8
97 52
83 38
50 63
29 76
75 34
42 89
1 16
11 78
8 74
30 23
11 7
32 30
62 54
92 84
40 14
13 9
62 57
66 28
33 17
1 54
20 49
59 42
86 44
3 96
43 63
75 61
33 20
22 99
77 32
8 22
70 22
51 46
78 98
58 67
97 68
94 76
98 0
56 86
1 45
4 81
15 69
12 33
97 74
48 38
95 33
16 33
9 57
34 7
44 17
32 85
98 76
65 70
66 8
74 59
29 97
96 96
33 77
57 19
3 44
6 31
43 76
71 36
89 92
82 33
86 41
55 5
77 5
6 36
87 33
76 41
4 38
53 48
25 34
50 88
46 5
3 89
78 81
85 78
93 57
42 12
50 13
85 15
90 29
67 68
13 62
62 53
6 48
74 44
24 65
90 91
96 54
20 57
76 66
15 74
77 70
98 20
99 58
7 70
65 3
15 82
71 70
5 46
43 92
1 8
8 92
27 82
32 89
24 63
61 32
13 41
40 41
42 26
83 28
29 75
24 30
72 94
49 69
12 60
89 8
51 0
12 19
80 91
75 83
37 3
65 19
86 26
62 21
82 88
50 25
53 49
16 50
73 64
92 49
67 81
66 60
11 41
61 39
37 49
47 93
14 32
68 25
69 4
79 85
34 97
47 21
57 96
95 12
3 77
20 72
77 50
4 26
49 95
67 18
78 30
88 57
1 62
58 11
67 62
58 61
20 4
35 54
20 43
88 8
70 54
96 25
4 49
88 43
17 33
97 22
88 32
68 76
45 8
78 28
34 51
77 68
50 82
31 25
20 27
81 31
22 67
35 79
27 30
83 67
10 68
2 22
52 8
71 47
13 55
18 13
36 84
77 1
18 58
23 65
27 56
88 28
59 34
63 44
30 93
98 50
12 65
20 44
1 81
82 45
82 75
34 86
15 31
75 92
86 85
48 33
77 65
71 32
88 39
83 49
38 7
97 39
53 26
68 2
92 42
65 1
28 61
76 45
13 98
24 78
79 0
93 26
62 26
60 89
3 79
98 38
19 45
74 17
78 8
66 81
98 92
36 25
86 78
14 30
4 50
35 3
48 3
4 24
44 44
95 10
2 72
68 91
36 3
7 71
2 53
43 6
46 48
95 37
52 5
93 92
6 91
42 15
81 72
53 64
64 42
45 89
64 82
62 81
80 17
59 55
46 47
31 53
74 45
32 22
45 72
54 15
36 38
83 85
12 30
98 31
44 66
48 20
39 7
15 1
68 37
63 57
32 91
82 25
36 31
97 3
91 67
77 64
17 47
14 95
41 92
45 82
20 21
93 51
45 4
78 29
52 74
8 71
61 26
58 7
92 32
72 95
92 26
15 81
47 80
27 66
33 89
92 75
66 55
49 34
0 57
82 39
58 63
91 26
82 84
72 14
12 46
93 80
11 46
32 83
91 91
91 46
26 61
14 88
31 51
45 64
95 8
3 60
28 20
69 56
43 72
46 63
35 76
66 22
4 30
69 51
22 88
81 63
5 82
43 37
28 9
66 68
76 70
0 88
87 99
17 69
78 93
40 83
42 56
49 54
82 74
53 92
95 49
17 61
1 61
86 63
51 73
60 86
69 80
53 19
42 66
21 28
42 33
67 78
54 10
12 64
36 20
7 48
96 26
13 33
66 19
12 71
6 33
74 18
90 74
48 1
34 18
16 5
76 42
48 56
73 77
61 53
35 86
52 25
76 1
49 31
48 99
98 95
58 29
28 22
42 43
10 1
77 60
32 4
96 88
98 28
71 12
58 96
55 44
99 2
36 29
21 11
6 96
29 68
48 94
68 7
65 95
23 41
5 81
56 78
84 56
67 50
51 26
55 59
15 91
6 92
82 7
2 26
84 49
49 3
30 77
58 83
15 42
56 10
3 3
81 68
56 5
7 90
3 97
22 51
94 53
44 16
35 63
4 48
53 54
55 60
40 11
15 10
41 29
73 95
31 44
85 46
27 14
53 89
83 27
69 65
58 32
12 98
7 15
66 69
42 1
13 40
89 38
66 80
18 21
10 89
18 63
45 38
63 43
12 40
13 53
76 3
1 10
12 6
21 15
96 1
20 88
56 81
45 66
84 89
36 69
14 36
5 19
55 48
3 76
62 73
24 23
47 36
91 25
55 71
93 30
71 41
87 60
66 92
22 70
94 0
59 1
18 83
30 10
37 36
4 93
46 50
71 93
51 37
53 79
18 61
16 4
21 82
43 66
2 77
64 18
77 76
84 48
21 85
11 6
97 67
51 80
77 20
94 84
24 8
47 92
62 44
52 83
19 17
72 67
26 38
68 23
51 7
64 24
33 49
57 55
60 70
9 44
45 45
78 1
1 25
49 13
86 34
22 14
26 82
45 47
72 80
96 91
27 45
21 99
62 89
82 48
14 61
81 1
44 49
46 60
74 39
92 87
42 30
54 29
60 76
5 13
84 82
29 42
68 48
89 35
5 39
89 3
79 98
45 87
74 56
64 3
77 59
6 90
70 53
47 32
95 85
79 1
81 26
50 38
3 29
86 89
65 43
82 91
26 78
18 24
32 64
88 48
89 21
50 34
67 49
95 88
8 66
94 82
41 38
73 99
52 44
74 93
91 49
48 43
73 40
40 43
55 4
60 60
42 60
57 95
5 50
14 45
46 56
10 81
95 94
58 74
69 29
60 52
19 31
63 66
15 44
54 36
2 38
37 75
2 30
80 90
16 84
79 26
15 36
22 26
91 27
94 58
56 42
92 76
26 75
18 22
10 31
74 78
31 0
32 72
11 79
1 7
4 21
72 19
51 66
49 98
61 76
14 33
17 2
0 30
14 58
77 36
4 65
41 74
67 70
40 29
22 46
34 20
9 40
54 79
47 69
32 25
82 82
44 27
31 11
34 33
70 57
58 24
67 83
35 24
88 51
24 67
52 63
10 37
42 75
24 37
45 35
6 15
11 59
12 27
21 0
66 89
81 69
61 97
87 69
91 44
92 89
1 52
67 22
76 24
69 62
71 59
44 13
25 2
65 76
65 11
40 91
41 55
63 63
96 28
17 11
56 34
70 11
98 58
63 0
77 91
14 66
82 70
32 10
65 17
25 32
67 23
33 76
36 46
32 66
60 99
57 36
49 97
78 61
19 62
24 77
83 88
89 10
56 77
16 44
98 71
38 79
19 81
8 72
93 28
7 25
19 65
58 3
53 67
35 92
4 44
45 61
91 78
55 88
87 12
0 41
38 57
79 8
10 61
67 59
3 5
38 66
50 11
0 36
18 14
83 53
85 21
13 89
14 51
20 84
14 74
19 77
29 90
1 14
53 93
65 42
52 52
34 95
29 88
63 72
46 78
69 75
53 96
17 91
58 52
79 57
97 7
7 84
32 63
81 86
31 94
39 97
61 12
12 42
33 35
8 19
41 6
79 15
52 35
85 26
82 23
18 42
87 61
36 96
0 39
73 91
58 94
81 44
42 21
8 41
34 85
81 16
4 55
96 4
5 47
0 50
93 34
74 50
31 96
77 17
45 21
80 41
21 4
75 38
94 78
46 43
98 70
0 69
62 5
42 58
24 17
15 68
92 92
7 54
30 40
67 6
89 59
61 96
74 48
50 91
63 76
46 10
7 94
71 74
21 65
50 72
91 89
98 2
19 52
39 78
81 88
3 72
52 6
81 97
40 7
74 67
71 68
77 24
98 75
98 37
67 24
10 32
14 12
43 68
24 97
89 50
94 91
72 69
11 9
86 1
53 99
33 0
46 96
94 66
63 17
6 28
5 30
35 32
8 35
26 69
20 97
62 20
41 51
59 82
44 43
30 80
75 22
69 74
73 21
19 33
74 65
93 74
67 26
48 51
45 44
32 39
75 63
51 29
70 79
81 29
83 35
68 12
4 73
90 53
10 97
80 32
52 49
5 38
15 76
75 35
4 56
88 83
20 25
88 46
16 15
86 75
48 85
71 75
89 96
0 40
8 34
79 86
93 55
84 12
27 35
74 23
54 58
35 34
61 40
34 55
14 78
90 30
80 18
44 11
44 5
79 27
92 39
85 27
20 17
94 15
23 34
12 14
79 76
59 49
90 73
9 91
75 39
18 72
67 72
74 26
30 22
24 99
88 16
57 71
41 25
89 48
37 27
97 4
31 41
76 93
85 64
28 50
77 16
61 84
24 44
42 42
60 51
93 43
49 11
13 93
11 15
74 11
72 48
40 74
84 66
98 39
67 15
81 52
41 77
95 9
97 16
93 5
65 72
87 68
1 64
50 3
22 9
68 42
16 71
72 70
66 2
28 26
73 63
72 92
13 16
65 46
33 8
47 4
96 95
99 42
10 45
6 32
9 42
7 68
54 92
36 54
17 66
80 33
44 74
8 43
67 56
5 11
93 29
17 84
64 9
40 52
30 43
58 75
78 62
25 44
67 57
72 93
29 19
49 70
87 8
67 99
73 59
29 47
33 82
15 79
51 65
48 81
91 51
79 88
42 35
55 78
66 11
19 55
86 45
36 53
46 8
39 66
39 16
8 29
64 37
88 76
67 32
74 34
58 65
14 93
42 16
56 19
11 81
77 11
72 45
37 41
73 62
35 27
87 5
31 48
95 40
83 80
1 33
74 73
25 52
93 21
15 22
12 4
67 16
39 71
79 47
40 31
68 93
47 28
4 10
63 54
95 19
55 49
93 22
40 30
2 24
33 34
38 11
69 68
42 5
25 42
29 56
73 9
47 18
1 32
90 97
94 36
65 96
1 17
56 22
88 40
0 59
84 68
47 95
4 95
44 79
95 65
84 3
11 90
79 92
7 79
82 38
22 35
94 35
59 77
23 13
6 39
15 27
21 9
51 61
99 53
8 65
70 27
7 74
64 59
38 93
96 18
68 92
22 1
82 28
28 49
96 46
12 53
86 29
45 16
34 23
48 44
85 99
40 21
63 21
18 45
69 26
92 66
40 77
88 95
64 23
82 60
76 86
28 54
45 23
0 14
86 32
25 85
88 34
2 67
15 60
31 65
3 1
12 97
53 3
95 74
15 6
61 55
61 30
4 91
63 92
14 63
88 70
82 31
24 3
70 76
92 0
63 45
90 45
6 49
2 31
63 2
56 62
80 36
22 52
33 13
35 75
50 65
7 22
38 74
56 33
43 42
74 46
91 42
47 38
57 86
96 43
47 65
58 93
28 68
50 18
98 42
33 84
96 19
44 28
25 29
9 89
53 66
78 42
98 82
2 13
10 4
21 53
19 29
19 12
44 36
55 54
66 20
99 70
44 88
26 4
24 0
95 89
80 83
50 30
45 13
35 46
24 79
22 56
89 83
8 38
26 39
75 12
20 74
7 95
94 60
20 51
72 25
38 85
13 24
9 3
6 63
28 18
3 54
20 14
55 18
52 60
31 52
36 37
40 44
91 14
23 60
41 50
93 61
76 20
55 6
86 92
23 29
73 49
60 72
9 22
13 56
94 79
7 12
41 0
95 81
97 78
56 72
95 17
18 41
9 92
54 22
99 48
82 42
75 62
11 5
94 98
33 36
45 62
78 11
76 38
56 95
44 30
91 61
77 80
8 14
82 66
58 13
59 56
41 11
87 3
25 45
31 50
4 86
72 41
74 60
61 64
46 28
22 78
78 48
29 99
84 36
18 78
62 43
74 51
76 29
35 12
13 95
93 54
34 37
85 25
37 67
71 71
98 77
34 65
85 77
40 51
60 20
99 60
73 4
35 70
17 77
67 5
56 18
59 13
69 15
14 62
11 20
54 27
89 63
10 53
86 46
12 89
40 46
97 20
52 95
19 11
37 6
5 89
36 95
63 39
43 64
10 27
97 44
49 52
16 70
45 3
75 14
93 44
0 16
90 15
40 2
57 30
79 5
22 0
13 0
13 88
21 77
76 55
36 51
82 64
25 18
13 63
89 24
37 82
35 36
18 32
58 44
86 21
28 75
32 46
50 52
72 18
50 37
8 97
86 11
48 65
63 84
90 8
51 96
49 26
45 57
37 55
60 42
48 76
88 68
55 41
29 60
70 18
69 21
28 69
7 3
12 70
93 67
92 62
40 54
39 75
5 25
22 60
52 42
3 61
52 26
14 75
20 52
17 96
65 48
39 28
56 54
33 88
33 11
51 97
36 83
22 79
27 58
0 67
47 35
92 56
22 37
40 50
47 37
90 25
32 95
9 63
49 60
72 13
76 74
73 1
39 96
27 22
68 51
55 63
84 21
16 94
62 50
61 13
22 54
49 96
70 24
45 90
46 75
74 90
43 50
28 12
26 43
53 83
76 77
4 66
38 96
47 72
97 14
36 39
70 73
45 60
57 16
72 47
20 16
37 2
94 72
7 92
41 16
30 5
89 71
5 66
33 24
28 99
3 7
50 70
25 78
95 6
40 81
9 0
92 48
95 18
47 46
53 51
5 59
22 13
86 28
31 30
82 71
58 45
2 48
42 51
56 98
37 79
3 98
60 3
2 55
61 43
36 98
46 6
87 86
38 13
50 64
93 53
70 83
14 73
91 32
44 51
68 75
38 59
75 57
58 10
57 6
17 67
77 9
3 37
25 11
71 27
17 65
84 67
9 81
87 79
61 33
88 86
28 47
91 22
64 66
70 84
0 58
52 24
88 81
58 49
63 70
26 30
46 53
49 33
99 72
28 59
45 15
46 46
62 31
29 79
8 36
69 72
82 41
1 70
11 14
20 81
8 16
97 69
72 8
23 17
72 97
65 73
37 28
76 50
42 63
7 32
10 80
43 18
27 94
33 45
48 8
5 7
25 30
62 95
88 19
57 63
28 77
60 61
82 18
26 88
94 13
37 42
1 63
86 79
26 79
7 42
36 52
0 42
1 43
56 14
82 17
74 69
81 94
34 78
33 50
84 25
93 13
55 43
95 66
83 7
46 3
10 13
25 63
40 95
85 69
43 96
49 99
13 27
72 88
52 92
7 56
67 61
27 89
24 73
59 11
76 53
25 58
55 83
56 94
41 63
30 50
42 94
60 1
30 3
86 90
61 0
25 48
77 44
61 58
70 89
69 91
68 82
45 98
56 56
90 69
35 16
48 87
24 89
46 98
91 79
83 84
59 35
85 41
98 26
34 12
62 6
77 10
74 28
51 60
53 39
27 49
81 7
41 18
10 38
66 61
85 55
99 3
79 53
52 80
90 9
44 4
26 74
60 22
31 18
88 72
90 1
35 73
61 27
92 97
88 75
9 84
6 70
36 65
64 30
60 82
90 51
54 48
49 73
76 5
95 29
82 35
78 85
50 96
62 1
23 12
34 77
0 80
40 93
50 49
31 92
32 48
72 71
2 50
87 29
2 92
47 59
62 63
90 13
28 72
42 24
85 88
74 8
52 47
37 91
85 0
30 25
54 30
92 41
61 71
30 26
99 67
73 23
26 77
7 47
78 71
76 23
75 89
90 50
37 99
35 65
52 57
39 27
9 90
82 3
13 57
97 13
18 55
44 8
0 56
18 56
55 85
6 13
67 85
0 5
98 63
3 69
1 50
13 51
31 68
27 20
50 80
69 90
13 35
11 61
58 26
17 26
58 16
5 3
64 5
51 51
83 86
90 96
76 83
57 68
35 69
83 99
96 39
63 47
61 2
62 41
33 74
52 73
18 4
33 86
91 82
70 64
36 9
78 86
15 41
85 59
24 46
44 12
89 37
12 74
73 15
3 21
71 52
34 56
97 96
13 31
66 57
7 38
73 3
84 30
0 55
60 41
74 0
40 34
27 8
26 65
39 40
71 42
78 88
10 73
96 13
32 16
37 96
43 82
64 72
25 40
63 75
80 8
12 22
68 60
81 3
77 52
90 90
24 10
36 7
48 31
94 49
77 54
69 87
22 72
41 8
70 10
88 45
74 19
6 94
31 42
31 73
3 36
39 70
36 26
40 19
60 65
2 34
19 57
67 19
69 58
54 65
61 70
60 18
16 29
70 75
32 50
30 45
62 83
56 63
7 66
27 12
48 29
48 68
39 17
6 2
23 28
62 39
96 21
47 13
4 53
96 17
88 94
58 57
34 66
42 57
50 76
11 39
63 58
57 13
24 31
27 71
78 9
72 73
69 89
22 11
64 74
74 64
80 30
47 84
65 69
35 64
92 78
92 63
81 91
7 53
54 23
46 41
4 96
40 90
20 76
0 27
10 58
6 34
49 65
29 92
59 63
46 18
77 48
20 93
14 94
36 19
27 70
6 41
65 83
77 85
21 25
53 85
18 16
74 21
8 95
6 3
14 6
68 61
90 3
80 35
6 57
81 5
94 87
81 24
4 13
86 50
84 62
47 68
73 69
7 75
16 66
44 25
36 55
60 68
84 98
19 15
32 55
6 6
59 31
49 90
90 67
49 14
8 64
3 8
69 59
33 46
9 55
0 25
59 69
33 59
38 63
68 71
31 55
51 30
13 78
15 33
15 8
32 69
74 95
97 80
56 52
90 26
9 98
37 88
44 15
85 12
67 25
24 14
18 23
73 76
47 66
92 11
68 4
66 13
42 13
44 86
77 25
64 64
61 77
41 59
57 65
56 45
38 38
92 52
86 39
55 14
20 79
53 32
33 73
32 93
94 6
3 22
13 86
89 5
98 93
84 10
39 45
84 69
38 27
74 99
74 61
88 44
90 99
19 7
71 19
80 12
60 75
97 6
63 89
0 73
6 29
98 48
95 91
59 12
44 54
39 36
24 41
90 81
39 53
5 98
44 99
9 53
82 56
67 48
99 64
47 76
96 44
12 76
87 7
68 56
64 60
84 13
55 34
17 99
10 69
97 58
56 79
85 37
63 52
30 12
16 22
91 59
51 56
20 45
19 3
31 38
56 15
15 29
26 92
27 97
57 93
24 16
21 89
53 76
19 6
89 86
16 31
51 8
79 66
33 44
38 45
75 97
30 62
72 98
98 72
1 88
84 31
18 5
79 46
10 96
23 20
55 30
36 8
76 2
11 44
25 5
19 70
46 66
89 78
67 41
45 65
54 95
60 56
23 90
77 56
69 52
61 95
94 43
72 2
25 54
32 1
23 40
72 6
80 74
8 59
86 64
58 81
31 46
95 0
93 45
1 34
22 30
55 26
19 39
92 19
38 2
81 18
2 54
54 11
71 39
67 82
28 44
73 89
54 53
78 14
5 22
5 49
37 18
17 68
3 24
10 24
77 27
16 10
90 48
80 14
32 60
54 13
13 72
16 83
91 13
9 18
86 57
66 47
84 38
95 26
68 28
52 86
80 49
51 78
90 23
36 71
81 99
87 48
20 67
81 61
11 91
24 27
23 95
26 19
13 75
21 56
99 85
74 14
19 18
54 6
53 23
13 91
33 22
47 25
34 21
45 48
72 74
70 51
88 90
71 65
81 83
14 42
92 74
38 50
39 93
63 38
93 8
78 79
57 29
74 70
91 65
8 56
37 16
70 42
39 3
95 92
57 94
16 79
46 79
89 76
59 52
5 2
6 73
19 14
31 71
52 30
9 35
85 83
14 34
25 80
97 18
16 86
23 2
92 2
49 53
52 96
7 69
14 77
35 39
23 54
67 52
23 72
33 92
31 29
11 57
10 16
90 44
24 34
25 38
90 28
57 31
16 49
23 82
95 72
30 47
96 7
99 15
61 78
67 54
54 81
37 13
90 10
38 94
61 74
17 97
50 23
1 24
84 75
73 25
36 94
63 93
42 64
82 51
17 45
57 97
38 72
78 80
40 26
96 31
98 62
43 13
15 20
68 46
24 66
58 30
88 50
83 61
95 54
76 78
79 79
45 41
56 24
26 34
98 65
17 87
51 86
28 97
4 79
45 88
22 10
63 67
36 6
36 78
82 26
23 87
75 40
11 42
97 8
25 88
81 11
46 49
68 13
19 85
40 88
36 21
91 66
57 39
61 69
50 50
54 42
29 0
34 62
51 36
90 43
6 88
22 97
76 7
68 98
13 19
64 49
66 43
98 80
1 96
20 94
90 61
81 79
98 24
5 78
17 83
10 99
72 72
10 23
91 68
30 18
80 54
89 70
40 36
90 33
0 65
47 96
27 17
27 15
67 84
30 15
75 86
22 6
56 73
99 8
88 98
52 27
51 17
1 38
35 94
92 6
38 37
73 78
49 43
53 74
14 82
50 87
37 73
44 45
27 42
57 37
37 25
89 36
60 94
93 25
24 53
3 57
16 57
88 15
69 98
4 18
32 56
14 15
40 99
21 8
0 84
99 78
69 2
64 65
39 32
13 64
30 19
12 39
0 63
51 93
25 62
55 40
56 31
50 14
20 37
48 80
25 55
35 28
83 72
77 72
95 77
74 24
84 50
75 59
98 91
95 31
53 78
4 12
24 42
37 68
86 37
53 1
95 60
96 66
3 14
85 11
71 54
41 24
13 44
88 80
94 71
45 43
41 65
30 85
79 81
2 20
16 26
76 8
29 1
90 0
5 21
90 80
92 23
9 58
76 85
47 57
43 71
60 95
55 21
4 72
86 8
82 49
60 24
7 89
36 60
14 69
1 19
48 95
4 74
21 80
81 67
45 63
68 85
0 89
27 26
17 82
33 47
80 88
35 51
2 81
52 82
90 64
12 93
25 79
3 20
32 92
15 72
22 53
40 87
91 19
13 74
41 15
9 1
44 84
74 29
28 95
82 22
20 98
21 79
92 20
44 33
20 73
75 87
71 51
18 6
5 91
68 29
2 42
84 35
48 58
38 30
28 96
6 59
16 37
49 85
82 2
38 65
21 96
53 82
55 17
45 71
8 62
94 7
33 57
88 11
65 59
53 84
99 61
55 52
78 54
27 77
22 76
19 61
13 37
34 34
54 87
34 11
73 17
26 36
15 13
67 40
16 41
94 81
48 5
91 5
79 2
1 56
67 94
35 31
26 89
63 24
41 45
30 33
47 53
66 26
41 34
30 41
99 36
42 48
10 43
27 2
71 69
25 35
26 59
12 36
73 2
77 26
60 5
98 18
53 36
43 1
83 63
51 12
7 50
29 46
81 87
38 17
44 50
5 77
26 48
34 35
77 21
15 59
51 74
22 15
96 23
73 87
22 24
61 38
87 84
46 4
89 17
28 10
41 40
40 49
6 82
84 17
85 89
3 15
44 64
27 63
30 35
9 46
56 49
94 45
11 27
25 61
96 71
8 21
35 8
31 12
83 50
87 91
10 52
55 42
26 37
46 69
18 46
13 49
55 36
29 44
78 37
33 94
12 8
24 12
88 96
19 53
53 25
25 86
13 5
91 62
40 38
82 13
67 87
9 50
99 91
93 66
32 59
8 50
71 95
91 6
36 89
18 26
13 66
44 32
18 28
33 10
34 46
31 9
30 66
41 14
1 12
59 83
82 85
32 14
44 61
49 2
68 19
91 35
70 39
18 95
55 16
81 21
8 6
39 25
55 92
57 7
69 14
27 55
30 60
76 35
91 31
90 79
34 96
59 37
23 93
59 9
0 18
22 77
49 81
79 6
63 30
44 40
65 81
75 52
76 91
79 32
84 58
9 16
71 33
99 69
80 40
73 83
13 54
4 40
26 18
44 71
83 33
18 7
65 82
25 65
53 40
60 16
19 93
28 41
89 54
14 50
25 87
82 61
12 85
90 84
34 80
87 71
65 25
52 29
97 25
83 70
61 10
20 35
92 8
99 79
0 52
57 21
92 58
25 9
0 72
48 45
15 97
93 32
54 71
45 51
98 98
65 6
34 24
97 33
25 3
75 45
87 42
64 22
16 11
46 94
1 87
1 44
41 33
33 12
64 91
31 2
93 36
50 27
43 79
14 4
20 0
86 65
57 1
12 21
25 75
98 7
98 97
55 84
79 7
73 22
43 93
87 74
32 74
64 40
24 19
28 15
92 3
62 11
81 96
85 7
27 75
76 82
97 40
30 76
10 20
12 95
0 61
90 37
80 16
7 91
62 65
90 14
69 88
49 59
50 66
66 83
52 15
73 75
37 37
6 47
26 76
87 73
44 9
49 84
79 38
83 73
35 71
97 31
46 21
27 7
0 13
71 67
22 69
96 55
28 64
50 31
15 80
90 49
55 11
38 20
94 52
95 36
31 23
2 47
39 12
99 55
63 88
55 2
75 3
10 98
23 18
12 94
96 97
49 61
19 92
65 85
89 68
77 69
42 32
37 35
93 11
81 74
57 51
92 96
81 43
36 22
37 60
35 42
79 9
92 79
63 77
98 49
0 96
88 35
90 66
59 38
56 36
46 90
38 69
1 69
44 92
53 57
52 2
70 19
3 99
10 76
84 99
78 15
91 98
98 35
22 57
38 49
64 14
58 23
96 63
94 25
38 16
39 60
89 11
30 20
84 28
88 2
66 33
51 84
14 22
62 24
87 31
10 2
6 51
14 85
63 42
21 86
73 11
54 1
33 4
7 57
73 85
99 31
2 40
88 93
99 82
84 11
41 21
89 4
93 72
14 8
80 93
81 0
8 68
75 24
37 83
45 20
20 60
9 94
66 38
62 58
11 55
21 22
38 44
60 43
86 51
85 48
53 22
89 65
38 28
21 58
62 87
90 47
32 79
24 72
34 19
78 13
20 34
43 52
26 29
44 1
86 52
50 32
10 39
78 47
68 38
82 0
11 49
33 16
29 24
41 41
91 29
70 29
74 87
73 34
23 42
78 51
35 95
24 58
15 84
4 9
56 47
6 66
89 27
63 61
65 57
3 50
79 49
45 1
75 29
67 1
49 78
64 29
66 74
95 15
86 35
99 26
92 4
74 63
11 12
85 19
59 20
55 10
59 74
45 79
27 27
55 3
54 50
78 89
39 0
85 96
98 81
80 11
24 49
0 29
78 94
28 89
2 60
62 4
34 16
68 40
49 71
86 96
27 81
30 42
63 3
52 7
9 23
92 68
30 69
81 59
77 51
53 7
8 44
7 59
28 38
19 90
43 32
66 12
17 21
70 34
94 99
95 82
8 45
11 26
97 82
14 84
17 74
32 41
59 44
22 89
6 69
69 46
17 34
34 72
83 66
8 2
9 85
2 44
7 88
47 88
71 10
72 89
77 73
20 36
62 16
0 49
43 98
51 25
14 40
98 44
48 17
76 81
46 82
24 55
25 90
49 57
55 74
58 89
22 27
14 97
91 75
60 44
73 46
75 51
52 89
14 16
85 51
11 37
51 39
43 88
37 71
75 13
56 7
87 25
48 34
49 8
61 5
65 93
26 16
21 13
97 17
59 86
73 90
64 48
24 18
18 60
98 60
3 19
24 11
47 17
35 62
93 99
69 84
4 37
5 92
48 63
42 84
91 85
32 42
0 48
78 73
21 48
25 73
70 8
64 13
34 28
88 7
2 49
83 13
8 51
58 87
31 31
1 37
93 76
74 40
77 30
46 29
78 6
86 16
42 82
79 25
52 20
84 37
82 10
44 59
71 60
31 36
55 90
96 59
18 9
44 98
14 71
0 11
68 0
44 63
13 85
38 55
3 70
27 13
72 15
81 76
5 63
10 29
63 22
25 27
48 72
52 14
7 9
37 98
3 26
59 66
68 44
56 88
40 48
17 95
30 71
75 10
59 62
70 2
34 40
45 2
37 47
39 68
98 74
89 30
35 84
75 64
44 34
11 51
50 51
58 21
69 61
68 72
78 41
24 13
14 80
59 71
26 33
20 46
40 18
24 91
70 65
2 45
35 7
36 32
52 61
61 79
3 64
69 81
31 14
62 3
30 29
24 36
55 82
78 7
94 1
51 75
88 55
57 17
72 51
99 22
8 11
77 57
83 22
74 62
50 47
19 63
36 77
72 55
86 24
94 24
70 69
43 34
67 30
29 27
40 23
10 57
83 15
88 97
23 44
33 39
72 38
3 92
73 70
66 46
59 8
15 83
39 92
3 62
7 52
89 80
6 86
59 65
46 99
61 37
17 59
47 77
12 81
45 97
45 74
36 1
41 56
36 74
53 75
33 60
46 42
89 79
38 42
42 96
88 67
11 28
60 45
33 43
59 43
17 23
95 20
95 11
40 37
86 67
40 66
25 26
53 10
16 17
12 11
95 23
69 17
41 60
68 58
3 4
36 85
65 21
78 36
97 5
42 78
99 19
49 20
90 57
22 92
7 87
89 12
50 68
47 87
62 80
98 85
59 98
88 24
53 88
61 46
42 91
72 57
14 56
8 3
15 64
92 44
86 3
20 80
25 91
53 24
39 14
70 41
8 7
97 37
78 99
99 24
69 3
10 49
85 34
68 86
28 60
27 88
11 8
19 16
38 0
6 95
74 54
1 90
80 73
57 91
25 39
94 2
28 98
13 92
88 27
89 61
21 31
27 24
54 39
15 19
80 87
44 90
24 64
86 82
73 42
39 39
94 89
44 93
36 17
46 95
31 99
76 90
58 6
21 1
31 24
87 49
55 25
45 49
55 86
84 23
9 38
2 46
76 18
43 49
54 67
98 89
96 74
22 65
32 67
44 85
46 12
98 73
89 34
59 5
96 2
46 74
33 81
27 68
24 21
48 42
0 12
11 56
30 91
18 79
65 77
94 8
99 7
92 83
97 48
44 7
37 32
72 16
70 85
78 72
21 88
21 6
94 3
95 43
71 72
14 55
20 75
49 25
2 14
78 50
9 32
64 32
88 10
43 25
27 85
65 14
93 12
87 94
96 35
72 86
17 0
7 78
69 12
33 54
97 41
41 13
91 40
7 61
78 22
83 69
92 25
61 89
54 51
76 37
91 47
58 70
22 17
97 15
38 32
63 69
32 45
66 4
30 38
36 27
42 69
4 33
82 95
12 66
94 10
80 97
8 85
1 73
38 91
15 66
70 21
93 77
16 7
53 34
14 83
0 86
10 64
42 90
72 42
95 97
64 69
44 22
3 48
79 17
45 58
18 99
89 95
95 22
4 39
19 0
52 99
13 22
3 17
63 50
74 79
60 85
36 40
61 17
31 27
39 33
76 16
21 17
66 48
36 50
24 74
7 76
2 78
96 85
46 88
18 86
69 30
37 46
39 57
10 25
16 42
66 77
7 44
98 11
98 59
50 94
82 47
10 10
49 92
17 93
21 29
97 71
70 80
84 14
92 99
55 22
93 16
44 97
1 72
2 88
60 26
5 6
95 75
33 85
62 70
28 32
15 56
4 41
69 64
17 62
80 9
55 0
19 84
59 3
71 0
97 62
36 10
24 87
7 35
98 32
49 23
0 78
28 65
0 54
53 58
47 48
4 75
10 44
77 23
99 32
8 80
25 94
93 18
91 70
18 68
29 21
62 72
55 33
37 81
52 91
33 66
86 12
49 10
71 84
77 42
95 46
34 41
4 32
28 39
70 37
99 10
99 12
97 93
83 64
88 88
51 11
30 31
55 7
31 45
63 34
66 10
25 22
71 46
49 83
30 54
55 37
16 88
77 15
68 88
1 9
47 20
34 69
21 20
42 87
78 23
58 78
83 87
23 94
51 52
88 63
30 49
18 85
84 79
84 22
76 6
44 83
54 43
21 49
61 93
30 96
31 91
9 62
92 77
53 20
90 46
19 83
94 47
27 60
76 36
46 71
71 13
52 55
17 3
1 47
20 91
49 63
71 35
45 18
56 68
4 57
1 89
26 22
24 33
23 27
1 98
79 51
89 45
67 88
82 16
86 72
28 82
24 50
96 98
3 67
66 67
93 6
68 47
3 88
18 11
92 27
41 98
4 8
61 3
13 61
9 52
17 35
17 19
28 80
44 23
30 21
88 33
64 86
15 55
78 76
4 58
20 53
9 29
4 22
37 43
41 46
5 43
59 33
40 76
20 90
39 20
62 52
63 95
53 98
5 55
40 65
49 19
56 99
20 18
81 39
12 52
72 9
80 64
77 29
2 35
39 8
85 84
43 77
69 63
28 85
93 69
78 55
53 44
14 43
77 34
40 22
91 15
72 36
26 24
9 71
16 68
83 45
9 67
30 83
97 99
31 57
73 33
86 76
78 17
29 43
5 61
44 42
98 4
74 12
41 12
5 93
34 64
23 39
96 73
23 89
60 4
78 21
3 34
59 16
2 83
64 75
54 46
5 5
93 89
66 39
67 86
9 70
49 18
87 54
46 34
29 7
71 89
93 68
36 5
26 98
55 68
91 94
8 0
59 64
81 98
15 57
70 61
96 16
73 57
9 75
90 75
85 57
63 87
75 77
19 75
38 64
77 6
30 67
80 84
10 79
91 81
32 97
11 63
90 18
76 46
84 55
1 80
14 3
98 41
70 68
66 49
25 77
45 12
61 72
80 53
23 8
98 55
3 43
7 41
3 38
80 43
48 36
40 25
10 77
76 95
78 26
59 23
98 51
73 29
95 38
94 17
87 47
72 39
60 0
13 28
81 95
88 92
52 67
99 63
81 77
76 68
69 23
81 30
68 67
81 13
1 85
96 51
83 4
41 68
25 98
48 30
36 82
25 46
18 31
51 2
81 82
57 60
31 98
44 46
44 52
95 21
99 20
49 38
65 22
1 76
93 70
8 82
47 51
57 58
49 29
2 43
84 15
28 45
41 58
96 57
83 75
61 94
22 33
5 53
3 51
35 59
30 73
0 38
26 70
43 14
26 56
81 65
68 81
8 75
7 67
38 78
15 53
86 19
42 62
62 78
94 14
23 79
19 30
31 56
22 47
73 71
41 82
68 35
89 41
82 21
75 8
45 25
62 61
34 52
75 47
7 85
7 40
85 43
34 14
17 15
18 50
78 10
89 84
0 20
82 19
71 21
53 50
42 38
67 27
57 33
1 53
46 77
35 55
4 14
22 62
40 84
0 71
28 78
90 55
64 83
26 8
15 94
58 33
17 7
80 15
51 55
1 95
70 77
61 56
75 74
77 31
85 4
23 51
38 35
38 3
66 50
65 71
99 23
16 61
37 52
2 97
8 73
39 73
80 86
92 90
45 93
79 82
9 6
86 91
73 51
94 11
91 95
65 20
87 53
94 85
98 21
17 16
2 79
79 99
68 8
99 81
76 60
90 65
56 6
37 72
30 4
88 49
23 22
12 73
71 15
10 63
51 5
96 48
47 23
36 99
15 26
57 79
27 0
2 71
89 28
43 20
50 85
72 64
69 6
65 61
18 98
58 76
50 95
69 20
27 47
7 55
44 3
65 34
53 86
58 56
81 2
40 53
63 37
94 75
11 10
66 21
33 23
52 98
83 20
50 53
71 98
23 80
76 98
50 44
89 67
49 35
64 96
43 8
42 85
86 68
17 6
88 85
80 37
8 37
53 95
33 63
27 91
96 76
17 53
69 45
11 45
60 17
70 97
97 1
74 13
1 91
30 9
2 73
91 52
90 60
54 33
56 53
33 56
27 33
28 67
3 83
78 78
0 83
53 65
48 67
1 84
33 97
23 99
14 17
28 87
73 19
35 45
42 67
91 7
32 71
59 89
