100 3
42 32
66 23
81 46
36 9
16 78
34 31
31 86
6 84
9 47
71 34
43 53
98 88
49 13
65 3
98 10
84 21
48 80
91 19
89 30
91 90
43 29
69 52
77 98
4 73
35 26
22 47
8 31
86 97
23 89
35 7
60 32
29 37
89 9
73 10
98 26
44 50
98 64
10 91
65 0
49 34
80 0
50 43
15 5
21 24
56 35
18 28
57 50
52 51
13 6
8 6
74 77
13 97
49 49
71 7
28 36
91 32
30 0
91 60
9 57
13 17
25 66
73 85
58 75
91 68
9 22
89 74
4 44
4 27
54 20
76 12
24 56
9 24
87 43
7 50
5 98
66 34
37 51
89 56
17 67
31 61
76 4
48 99
37 97
87 30
86 52
33 82
42 4
1 96
35 30
23 85
29 36
71 16
96 36
2 75
25 4
22 68
58 41
85 79
42 79
56 11
69 53
29 75
32 13
24 19
32 28
16 61
59 36
51 7
7 3
21 53
35 66
96 94
95 57
90 93
46 13
65 16
93 0
64 42
28 72
67 28
65 68
40 96
20 53
4 77
22 38
53 28
80 95
97 51
94 18
85 11
83 38
16 52
26 35
76 10
81 83
70 13
19 49
1 74
17 27
22 23
60 25
17 59
7 24
8 40
38 51
25 32
23 71
17 79
26 66
13 19
20 46
30 76
91 42
15 70
42 96
70 95
5 44
80 45
93 67
8 60
4 95
8 87
17 34
12 56
22 87
30 68
91 1
91 15
15 74
70 48
18 40
4 26
3 63
15 63
15 40
89 31
59 18
1 90
14 95
81 97
77 81
30 13
81 93
11 72
60 97
27 40
98 13
10 86
43 2
45 36
76 50
49 75
63 84
44 59
19 46
31 17
78 31
97 75
93 12
48 98
24 6
30 87
9 65
72 29
3 68
67 23
87 26
19 30
99 2
1 66
27 35
3 88
44 9
27 61
26 86
12 58
24 14
74 18
62 98
66 47
62 41
92 19
66 6
95 3
16 65
34 4
55 67
82 41
14 92
1 30
55 89
29 7
54 93
37 83
0 19
53 3
73 5
61 81
8 25
94 78
93 62
37 58
97 28
46 66
0 40
43 13
95 40
64 72
89 86
34 37
22 88
42 43
83 13
10 67
78 49
55 5
14 43
16 23
12 4
83 28
76 48
26 63
83 43
63 41
70 93
79 16
44 74
79 43
30 50
45 10
8 51
49 91
55 85
79 98
47 25
40 37
56 44
80 25
11 70
82 88
11 59
86 16
4 91
93 73
15 68
93 76
45 53
97 77
29 88
96 66
23 83
53 9
44 87
83 56
31 37
95 43
6 45
13 44
3 66
54 25
63 13
58 46
8 2
56 10
84 57
68 25
35 24
9 68
85 34
64 82
78 26
16 19
76 52
48 83
82 4
65 65
90 54
34 26
71 32
8 43
61 32
65 74
73 58
70 91
27 82
99 35
52 17
1 16
48 40
21 65
59 60
0 27
27 5
71 75
71 51
50 52
8 96
17 97
33 61
44 40
66 56
77 23
35 9
30 29
66 93
55 4
11 9
53 91
42 53
94 2
54 29
22 27
90 90
11 0
92 95
74 64
35 39
86 38
97 54
26 62
73 30
34 7
54 51
82 51
58 42
99 1
99 36
47 40
18 82
53 35
33 35
78 39
33 95
53 45
67 44
92 73
14 87
71 23
93 94
96 34
66 30
71 84
72 7
78 81
13 87
36 63
23 23
64 50
27 7
48 97
99 70
71 43
89 57
77 37
35 40
72 85
99 43
64 25
28 6
99 60
96 32
30 86
36 16
69 71
76 25
34 50
31 59
9 73
15 18
21 11
70 82
84 65
31 62
38 19
10 40
56 26
35 67
64 81
91 39
26 84
43 22
19 1
33 73
54 81
14 99
82 39
95 55
65 93
88 14
96 60
86 55
15 11
20 61
12 93
63 37
50 50
91 75
17 50
96 25
79 42
63 4
98 22
58 55
66 63
86 74
21 8
70 96
50 97
35 52
80 69
8 53
39 7
35 8
58 17
65 21
93 58
32 24
39 62
75 80
56 81
8 97
31 0
31 18
53 86
4 15
55 33
85 43
42 25
14 18
38 16
88 13
50 70
17 23
87 66
80 23
58 33
35 69
38 78
21 48
8 50
66 83
66 3
18 42
67 87
32 76
58 65
47 47
95 80
96 96
38 8
13 0
49 32
38 83
79 14
48 43
71 12
13 21
41 49
87 79
89 25
50 65
39 14
62 9
36 62
13 49
55 82
53 70
71 92
62 12
28 34
92 68
82 99
90 21
59 52
23 28
7 20
79 74
39 4
48 31
88 20
42 23
22 1
37 87
5 20
30 49
29 87
0 76
5 49
7 95
8 24
88 2
35 85
83 3
68 39
77 47
33 18
58 70
38 53
0 55
32 15
67 74
86 65
33 93
89 50
86 60
95 93
21 2
84 38
84 93
77 64
96 80
78 37
90 56
68 17
11 14
16 17
89 69
76 49
33 14
32 27
43 47
7 21
69 64
57 77
2 96
4 23
47 90
13 46
53 61
49 31
0 37
68 50
44 45
36 0
69 66
84 97
27 24
63 98
71 30
75 3
45 72
0 90
69 69
56 99
91 3
33 88
7 37
50 51
63 3
39 76
65 18
27 85
34 13
49 43
75 29
94 55
64 0
98 20
47 92
93 51
81 11
58 68
21 9
44 46
98 67
44 41
41 50
59 27
14 55
26 31
35 76
61 58
34 30
41 96
53 32
53 31
19 8
59 58
5 99
14 0
57 23
24 75
29 78
86 11
33 12
85 32
96 35
52 67
98 53
73 65
27 36
58 7
72 47
20 5
16 82
37 78
67 49
5 81
69 81
55 62
55 3
35 1
35 91
5 7
9 92
35 23
6 3
65 19
12 42
80 10
45 81
93 83
20 49
78 95
81 31
71 14
62 66
93 16
12 82
64 40
98 49
5 66
91 34
72 52
83 95
31 82
98 23
60 51
49 18
61 77
37 76
98 89
51 99
81 26
42 59
94 74
45 23
70 3
68 76
10 90
56 94
5 11
49 16
43 92
68 83
5 79
58 93
92 22
67 38
75 42
47 20
93 50
48 92
14 45
18 81
33 49
58 13
81 5
58 6
32 98
76 84
83 0
94 99
12 83
4 94
53 43
85 55
60 42
69 51
15 49
8 73
21 22
40 10
0 53
58 94
27 97
99 20
35 28
42 64
77 4
34 69
26 37
41 4
33 80
3 91
64 60
86 68
27 17
68 18
80 68
92 74
65 78
14 25
58 3
12 89
36 58
76 31
27 0
68 61
60 39
6 58
4 37
94 9
32 53
82 9
56 47
44 15
93 40
0 1
82 38
6 66
20 26
58 77
5 48
71 88
62 91
77 22
41 32
19 85
6 96
47 3
34 36
62 27
9 15
46 51
90 94
31 92
42 6
79 46
43 25
30 36
5 74
39 67
2 45
36 55
3 3
59 11
55 22
9 87
64 4
98 54
41 13
56 13
72 30
86 70
12 34
16 70
39 85
3 73
82 50
40 76
59 29
97 73
62 34
52 76
13 41
29 14
89 14
24 29
40 26
29 32
31 63
14 31
51 23
13 66
2 86
47 27
38 11
85 48
36 54
58 0
45 94
41 63
78 86
99 93
4 65
71 98
53 5
9 23
4 68
78 74
71 6
7 44
18 89
53 0
88 51
67 62
44 92
17 89
43 90
55 90
3 86
96 23
12 12
61 73
35 82
56 45
38 27
42 61
62 82
34 48
30 37
48 94
9 25
70 85
19 22
20 37
45 7
86 88
96 9
9 80
30 15
4 21
46 65
0 6
16 45
18 47
56 59
24 44
92 60
56 93
58 80
64 46
96 62
95 68
35 77
12 67
16 34
74 98
58 2
80 22
76 18
19 70
57 61
15 78
93 8
71 41
84 58
8 30
1 68
16 57
20 73
85 7
69 22
55 29
93 56
6 67
3 97
9 93
26 9
19 39
82 18
35 59
25 23
91 33
18 93
45 95
13 10
30 63
12 96
40 28
12 88
9 2
22 13
34 57
67 81
16 24
40 88
88 64
84 80
87 99
53 42
85 39
20 36
34 44
60 17
98 30
0 64
51 0
40 29
28 86
9 67
24 46
12 9
15 90
84 61
37 47
59 35
31 1
85 90
38 9
90 38
87 12
45 92
46 95
98 82
23 98
29 49
36 84
3 76
16 86
51 84
26 67
46 88
33 72
56 36
86 51
5 56
98 96
1 86
11 12
37 79
13 26
95 17
79 76
39 41
12 98
29 20
91 69
62 40
99 40
39 9
57 42
34 22
24 5
52 41
45 89
44 60
33 98
11 42
10 23
29 44
47 52
68 82
76 53
50 8
8 58
88 61
17 13
33 26
74 87
87 21
13 67
45 63
82 3
78 12
65 88
78 29
30 33
97 33
37 60
19 90
62 96
40 47
54 38
22 86
58 51
68 31
27 23
62 85
55 24
95 6
5 39
62 14
90 37
69 5
81 44
92 91
17 24
48 17
28 20
62 23
64 56
68 86
73 37
25 29
52 57
63 6
99 4
69 8
15 95
50 80
99 63
15 80
90 23
25 87
28 98
3 89
2 65
50 73
28 35
25 3
2 39
61 9
27 63
21 82
3 45
63 99
46 17
79 80
35 60
38 90
86 36
70 51
23 43
10 29
37 44
83 20
84 50
59 26
70 27
7 69
57 33
35 88
64 70
82 35
44 91
70 78
33 3
44 49
83 21
98 94
33 78
95 11
62 7
62 31
74 56
60 27
88 5
33 52
17 45
92 33
11 48
67 40
64 94
25 8
55 30
77 6
20 6
3 43
39 47
80 81
12 38
5 84
9 33
66 42
81 47
84 37
91 41
52 86
88 82
50 63
80 91
14 23
23 99
99 85
82 93
40 16
83 15
49 42
37 61
48 61
58 74
85 38
20 8
78 9
83 94
68 98
57 40
42 37
63 52
57 31
87 82
46 4
47 26
81 57
41 24
26 90
15 14
48 82
62 30
74 16
99 26
35 92
68 96
57 62
76 45
2 76
43 19
60 41
65 11
51 22
69 85
44 13
48 76
20 70
89 62
65 79
45 84
25 84
86 21
77 15
75 14
5 46
59 57
66 11
15 92
34 21
66 96
17 22
24 36
60 86
21 49
42 80
22 48
16 67
67 35
74 35
90 17
66 66
63 51
44 66
29 26
23 91
32 21
52 56
21 89
64 18
70 98
74 33
55 36
23 63
23 75
81 6
84 23
53 56
68 6
79 45
75 47
26 96
39 43
19 71
9 19
93 10
67 98
35 27
98 99
33 47
78 33
32 67
7 61
24 13
89 66
76 15
50 49
70 4
45 8
73 39
38 25
94 4
98 34
16 95
76 24
49 90
89 12
10 47
94 84
47 63
18 96
95 56
60 15
37 70
40 84
9 32
54 83
59 62
36 74
20 51
41 67
23 20
43 56
49 6
26 75
7 10
9 63
54 66
82 68
27 75
33 13
13 81
59 53
48 18
9 75
74 38
45 61
71 77
73 23
47 66
94 54
35 18
12 32
49 93
24 17
87 75
80 63
65 96
59 33
45 91
86 81
64 57
45 40
5 31
53 17
62 4
49 54
42 93
18 2
16 96
53 64
22 96
56 92
66 88
91 12
2 49
70 37
52 93
5 87
38 81
16 33
54 70
61 25
7 53
77 63
76 93
10 28
86 87
56 9
27 54
83 47
90 47
47 39
15 87
79 54
24 78
65 77
98 55
82 43
96 83
53 76
22 80
49 17
88 28
45 83
65 62
87 93
88 30
55 98
95 67
10 63
2 20
73 84
23 39
86 62
48 14
75 91
3 64
79 50
19 80
38 59
28 55
62 60
94 48
24 95
62 1
31 28
56 57
62 73
61 79
91 76
97 39
82 83
41 19
78 1
21 42
19 42
97 29
41 68
88 34
78 80
26 18
67 31
55 47
43 97
43 98
70 94
36 96
27 21
14 66
98 98
78 91
12 11
93 6
94 81
68 43
17 30
74 12
72 33
40 68
57 85
53 50
78 55
18 60
45 17
33 27
23 50
91 40
72 17
2 8
78 34
2 85
62 49
57 34
48 86
45 62
39 64
67 37
96 6
88 62
28 45
89 71
31 89
2 94
73 97
71 73
43 75
48 91
22 33
47 88
89 49
15 60
49 77
39 99
2 34
54 26
80 21
23 32
72 23
11 16
58 85
45 78
39 71
97 19
36 85
19 87
79 35
6 33
33 99
35 36
85 18
57 92
81 37
77 53
72 9
39 74
70 38
61 78
85 53
64 17
32 33
82 55
46 40
41 20
93 75
66 72
26 58
14 78
74 19
33 28
5 62
34 64
8 11
54 3
42 99
6 61
71 64
16 42
66 16
64 66
23 52
69 32
5 42
76 42
36 5
14 71
33 84
90 91
26 97
80 27
96 74
77 16
25 95
83 32
93 54
34 1
69 25
96 85
67 71
56 49
53 33
95 65
65 5
2 47
18 79
19 36
0 57
57 9
39 38
43 3
16 51
17 62
17 15
10 68
24 60
58 8
95 62
13 64
36 2
1 52
89 24
67 66
38 74
69 47
65 73
67 61
64 26
44 39
46 24
50 15
37 64
92 49
41 90
53 68
24 51
97 46
89 32
68 38
85 5
59 22
76 13
78 83
91 83
61 85
5 93
95 36
39 66
27 70
6 70
1 55
71 8
64 3
32 14
7 89
71 61
25 42
92 35
52 49
63 27
96 24
34 51
96 79
53 82
52 89
13 86
69 26
23 5
69 59
44 2
82 64
33 60
72 20
75 73
78 42
63 55
33 63
20 33
48 96
36 94
18 39
44 71
67 75
22 79
86 76
75 26
78 15
7 99
0 96
71 60
46 15
4 62
27 43
91 23
52 90
52 48
75 8
27 80
47 28
61 75
89 93
93 29
99 64
15 43
13 99
33 8
26 48
13 20
51 86
57 97
51 85
58 12
71 15
44 7
22 30
93 52
23 0
69 62
47 29
19 40
41 45
61 28
7 93
14 82
20 34
82 49
9 13
10 74
42 85
2 70
48 11
37 37
31 31
59 7
27 31
8 89
42 16
51 37
45 99
43 9
36 37
54 13
52 98
48 8
54 27
97 89
53 20
24 1
23 93
47 24
46 83
74 81
89 39
30 95
94 0
70 47
30 51
82 81
8 83
13 34
93 91
58 40
33 50
54 84
25 51
62 68
6 19
88 48
64 91
7 68
66 24
25 89
55 93
71 10
83 63
85 8
37 80
40 67
20 84
72 44
72 21
4 89
77 69
85 47
58 27
77 25
48 12
36 75
42 3
34 59
68 47
51 51
36 52
70 90
76 98
60 81
92 85
20 22
62 51
56 97
29 73
57 22
85 49
82 10
35 56
24 61
38 86
47 4
76 36
49 96
86 31
20 54
93 98
37 99
24 63
74 93
97 1
57 3
79 70
80 79
95 63
29 6
44 64
9 81
20 7
86 86
19 45
21 41
58 97
39 32
79 64
7 16
58 20
51 20
84 72
95 98
47 93
29 16
59 21
45 18
41 43
1 59
64 8
81 4
4 52
30 65
66 87
42 74
38 30
5 63
14 80
91 14
59 3
70 83
11 8
52 19
25 93
56 56
83 64
53 67
86 84
86 45
95 31
78 68
54 69
22 71
77 30
2 52
50 91
76 96
64 43
37 55
88 8
10 6
3 34
88 35
28 77
4 48
81 95
38 35
39 50
26 94
80 61
29 79
53 29
41 11
83 55
91 70
31 51
59 41
18 98
64 77
90 75
87 52
61 64
88 94
35 75
54 79
94 88
79 40
17 49
61 94
55 66
19 62
13 90
17 88
5 89
18 41
11 28
54 77
88 11
68 55
86 79
44 58
48 28
0 74
46 47
82 52
91 64
85 44
63 58
71 17
18 55
9 99
51 88
1 35
71 57
81 59
5 10
96 88
53 7
86 90
86 23
48 6
97 10
72 86
56 96
78 59
72 76
64 89
74 17
1 92
16 79
51 2
89 26
32 59
67 25
95 59
6 40
34 88
76 90
47 32
40 35
57 54
77 58
46 93
21 54
96 42
83 48
50 53
29 0
17 39
89 28
10 54
69 34
26 15
84 3
82 31
55 1
6 98
54 47
33 39
79 89
67 99
94 5
58 58
37 27
69 88
15 8
1 4
49 5
94 53
27 92
47 54
61 17
86 25
82 21
56 69
71 45
34 86
71 50
4 2
50 86
0 13
47 94
88 69
21 16
52 7
18 32
72 19
29 39
57 46
72 65
66 58
78 16
91 38
7 27
69 84
7 46
90 11
80 97
68 0
67 18
8 80
82 2
95 13
37 10
96 7
39 6
65 7
36 65
91 51
11 23
34 65
17 74
63 61
47 59
89 6
56 27
55 40
16 60
35 29
61 45
95 26
91 65
78 2
28 59
47 89
88 97
95 77
66 45
90 42
29 91
18 38
12 20
84 76
55 76
11 40
83 5
55 83
48 81
67 67
65 31
32 99
51 45
21 79
32 30
81 49
46 34
82 12
62 5
48 35
37 88
74 58
93 23
72 11
42 95
73 96
80 46
97 5
71 90
7 67
12 36
20 68
42 9
92 16
77 54
60 62
12 92
29 11
81 87
87 41
77 71
78 64
94 50
7 6
69 37
15 57
77 94
65 38
66 8
22 85
83 86
34 74
73 24
58 81
48 20
0 89
89 21
4 97
32 63
64 86
30 60
55 43
56 72
7 80
71 74
38 20
18 71
9 28
96 33
45 69
5 54
58 50
75 31
24 0
74 49
14 2
22 2
54 71
2 26
30 54
63 19
62 86
70 56
37 67
10 75
50 28
1 2
13 56
65 32
56 76
82 44
63 96
39 20
95 14
72 79
87 31
14 84
88 65
4 54
73 95
17 98
13 71
8 79
65 97
77 89
94 32
39 80
55 45
55 32
67 47
67 0
24 25
33 21
42 77
87 64
11 46
93 24
0 77
71 87
92 98
15 9
34 41
43 32
73 64
6 74
76 51
55 91
42 45
85 57
8 7
31 74
41 35
59 17
30 48
9 83
49 71
92 52
56 51
10 15
63 45
17 72
23 82
94 40
6 50
56 73
66 52
62 87
26 46
60 29
85 76
12 69
1 17
86 30
55 87
93 61
0 87
10 52
27 59
31 98
36 15
46 53
67 5
88 24
97 36
77 91
91 55
88 89
10 71
32 38
97 55
23 15
76 66
99 92
91 72
67 12
78 40
90 15
21 23
72 41
54 75
92 78
89 8
94 8
25 21
33 56
3 16
79 63
26 21
24 10
83 1
52 36
8 74
16 72
25 61
23 88
72 15
16 80
52 0
65 63
12 31
77 48
4 80
4 59
32 19
14 24
29 70
28 24
69 89
40 3
73 32
73 80
79 78
45 66
1 29
35 96
30 61
33 15
63 56
44 51
31 88
85 84
86 96
74 14
29 23
52 80
69 46
84 12
8 16
22 58
43 57
8 54
32 55
55 38
90 6
90 8
31 38
55 94
37 53
90 44
58 15
8 82
10 34
69 23
8 1
49 68
19 95
34 8
0 60
63 92
91 2
10 12
48 62
41 97
5 8
40 5
94 97
94 57
76 64
63 11
24 54
10 99
47 79
21 39
5 65
93 71
57 44
45 96
90 29
69 87
84 90
6 21
94 47
96 2
53 19
50 42
19 89
46 27
53 69
90 53
75 78
86 41
23 17
20 77
51 56
93 63
40 30
13 23
59 49
19 78
76 63
75 52
48 66
94 37
54 37
50 76
90 31
46 69
3 32
65 24
61 76
49 58
19 72
90 87
83 69
7 63
21 85
41 84
20 42
67 55
3 38
22 73
39 86
12 1
92 40
37 2
78 43
78 20
97 70
7 97
79 93
20 35
89 47
93 13
14 8
79 99
2 97
88 81
65 57
30 93
41 29
32 57
55 55
63 44
35 35
27 55
49 37
37 20
3 7
98 56
23 68
99 96
72 61
63 33
97 4
80 70
88 58
10 38
65 95
66 70
34 35
82 53
50 37
53 27
46 25
97 45
77 52
24 90
84 60
52 33
48 4
90 55
14 72
10 5
11 95
68 16
29 29
35 11
50 46
79 82
65 43
56 37
1 49
52 12
45 2
3 65
22 51
26 49
40 36
74 57
1 10
0 41
71 0
87 5
57 14
97 16
57 84
5 33
31 32
81 72
92 58
38 14
77 39
91 86
60 58
81 50
68 36
0 4
75 60
80 98
88 91
58 18
16 69
5 40
70 15
69 10
70 77
53 62
56 48
11 29
3 84
1 67
24 35
64 83
42 56
29 40
77 49
59 88
30 18
32 36
76 71
5 9
89 80
86 66
49 38
88 71
87 67
76 1
36 79
5 16
34 91
57 20
54 91
76 11
52 39
34 47
34 20
1 77
48 44
47 67
94 12
24 12
41 23
46 52
45 4
49 80
53 1
7 14
60 36
77 8
94 98
31 7
2 1
57 83
82 46
48 29
93 15
44 32
35 80
49 73
3 21
66 18
9 95
8 35
70 19
9 94
0 9
76 14
47 42
65 50
14 47
14 14
62 65
46 37
17 94
37 82
1 43
73 15
42 67
88 83
75 21
80 12
62 52
41 34
62 80
51 89
67 90
31 91
33 92
17 51
54 48
21 56
31 9
91 52
8 67
87 29
48 90
76 39
48 72
18 90
80 52
85 81
78 0
78 79
21 99
48 87
51 13
92 29
17 91
27 78
13 1
63 18
26 40
42 20
94 30
52 38
57 79
44 28
96 89
59 0
87 35
82 16
38 77
96 84
29 4
39 22
18 58
72 95
73 71
8 15
8 33
42 76
66 31
32 69
41 80
41 38
44 73
33 43
92 14
1 36
62 18
80 99
94 94
95 73
9 97
52 1
24 28
69 93
32 51
26 92
39 73
27 12
28 43
57 11
61 93
83 96
2 80
62 69
34 9
99 32
84 24
99 69
18 73
31 66
42 65
25 28
35 98
12 48
9 74
22 81
79 1
30 69
73 3
9 42
27 39
15 66
45 20
55 84
8 88
19 74
82 58
34 79
32 3
68 35
75 65
66 14
13 95
25 26
32 73
79 38
45 39
66 5
18 24
61 49
43 36
28 69
67 7
2 4
23 14
50 17
23 6
43 86
51 61
98 43
13 5
20 16
96 21
39 97
96 37
2 35
3 19
19 83
40 81
5 70
97 27
68 34
54 60
51 59
28 47
16 5
61 34
79 6
30 28
25 43
89 83
61 0
2 93
94 56
81 27
59 82
92 20
3 82
52 61
0 65
92 4
80 11
50 71
62 37
6 1
74 41
66 4
40 41
86 83
27 27
97 72
81 7
35 95
99 54
56 8
10 4
9 43
52 70
22 29
11 61
39 29
46 86
84 83
10 43
8 65
11 5
46 30
32 79
29 60
86 12
55 9
60 40
46 2
79 48
71 31
94 66
15 23
5 91
3 90
31 53
56 65
23 97
99 79
7 62
22 32
95 33
3 15
11 1
11 92
81 34
15 51
24 83
39 31
77 96
65 35
73 81
23 24
3 5
90 48
0 93
89 44
49 72
98 58
20 19
51 17
26 45
80 62
28 10
75 56
17 99
73 93
18 64
77 77
11 94
23 34
73 42
56 16
42 42
85 22
89 88
89 54
6 26
90 60
20 12
61 52
76 3
68 19
12 59
34 67
27 71
80 29
55 16
87 71
59 79
75 70
86 57
97 79
1 5
40 90
50 38
25 50
86 50
23 25
64 95
12 22
8 68
61 69
14 73
83 29
52 91
13 8
81 85
87 16
12 62
54 11
3 25
84 69
59 65
77 75
57 88
10 20
63 76
45 55
0 70
27 76
21 40
30 44
48 59
49 98
65 39
41 66
91 85
47 76
13 63
79 8
42 2
49 27
52 95
8 39
89 22
22 53
20 67
99 47
63 14
67 19
42 69
9 44
56 38
4 31
13 33
20 71
42 71
30 9
97 3
48 69
83 27
18 8
11 19
75 71
96 64
63 10
26 54
14 20
68 51
91 91
29 80
20 20
42 39
6 60
87 96
45 21
32 8
88 37
94 79
20 44
56 28
20 52
71 49
76 62
58 72
94 95
67 63
31 96
56 32
97 80
59 1
5 28
20 89
37 65
81 30
63 7
39 79
46 94
50 82
0 88
42 70
38 15
31 95
72 40
92 34
60 72
58 5
85 4
56 33
4 74
54 23
90 12
89 35
95 38
76 82
28 41
40 85
53 89
98 91
4 47
50 60
84 14
65 98
75 15
99 0
40 18
5 13
53 16
76 55
60 21
94 71
69 65
73 8
50 83
22 69
43 8
15 29
19 48
77 62
87 78
14 40
25 69
4 35
18 23
10 25
95 7
37 48
25 96
90 69
1 34
76 73
16 11
78 36
64 80
8 86
97 52
62 75
0 83
53 81
5 21
89 37
44 6
29 55
0 75
49 46
75 28
88 80
63 60
56 21
25 72
87 32
64 78
95 24
13 58
40 23
6 73
36 21
6 55
69 50
45 25
96 78
23 78
84 47
90 67
86 28
35 62
66 41
40 86
72 91
97 85
72 70
47 65
19 24
89 45
47 14
69 90
99 94
70 71
3 95
56 67
2 74
9 56
15 13
96 99
58 59
2 81
59 38
74 44
27 44
20 30
79 49
16 91
12 77
38 40
1 81
57 51
3 14
76 54
24 33
37 6
61 24
85 54
2 3
5 86
87 36
61 82
60 50
15 53
11 35
65 55
41 88
85 95
46 39
48 56
3 85
98 60
81 66
72 4
75 85
89 38
60 96
16 92
69 44
71 27
19 12
65 83
77 57
71 62
71 78
85 50
53 39
43 83
2 2
89 97
10 48
18 6
42 26
51 27
57 82
85 16
29 95
32 84
17 73
97 56
79 44
80 71
99 25
17 54
49 61
72 66
49 92
96 20
37 54
10 24
9 89
39 30
35 16
98 72
29 50
57 60
84 56
39 35
79 37
9 1
81 20
31 85
28 2
52 84
70 63
64 47
14 32
29 35
3 70
2 66
80 40
9 17
30 56
96 31
0 44
62 47
87 9
50 39
45 37
11 60
87 3
93 30
4 34
92 76
83 79
43 44
83 33
81 81
26 20
81 90
3 52
31 93
27 3
60 4
46 91
26 16
51 78
66 36
91 44
75 92
48 70
31 52
8 44
81 51
85 41
85 63
25 16
4 67
7 77
72 14
60 76
24 18
12 95
22 84
3 33
70 22
71 70
61 19
88 63
71 29
47 11
93 86
64 22
57 27
16 81
63 29
56 22
68 93
87 81
17 43
9 36
54 9
22 10
21 59
45 3
76 72
60 89
34 87
77 84
17 53
91 22
91 35
87 83
63 54
14 94
64 9
17 10
25 99
47 84
10 77
35 4
51 54
16 35
69 55
4 6
29 74
63 85
64 93
75 94
95 87
18 30
97 23
44 83
51 57
48 9
18 19
72 67
88 33
89 23
37 31
70 43
34 92
79 60
7 5
23 49
82 23
87 13
83 60
91 95
70 18
78 25
63 66
73 20
83 89
61 54
81 8
19 15
49 95
79 73
83 88
79 87
36 70
70 62
66 32
58 43
55 81
81 91
12 44
46 67
79 9
45 1
87 77
58 39
92 53
24 3
2 69
61 7
2 32
3 27
23 56
95 99
39 68
77 29
48 5
25 65
97 15
74 8
6 9
37 98
54 18
78 45
20 1
84 17
32 74
70 61
16 1
48 71
88 54
57 75
63 50
99 91
97 48
9 9
11 24
25 46
11 34
84 79
62 83
10 32
76 67
49 3
44 53
10 0
86 78
37 3
31 72
72 37
52 52
85 17
15 88
38 71
75 38
10 98
36 1
33 70
82 63
12 0
64 90
36 60
41 69
8 55
74 7
24 92
74 61
27 99
27 90
16 26
74 60
34 45
14 26
10 66
1 56
16 14
62 99
52 30
42 82
43 70
84 62
84 48
96 72
5 18
88 95
22 92
3 8
95 4
47 82
56 78
97 74
97 96
68 66
71 56
26 99
41 72
11 54
85 13
92 81
11 49
90 63
4 42
73 16
99 65
86 91
66 46
75 90
89 29
50 34
62 93
41 10
96 95
20 97
10 9
77 2
13 70
87 68
67 43
59 78
23 69
89 64
66 53
88 74
58 98
3 92
36 99
76 6
51 62
14 35
27 72
64 51
52 92
76 37
94 67
17 41
14 89
14 88
9 0
68 74
8 38
69 67
1 98
22 59
63 97
10 88
83 23
60 83
51 18
24 20
1 89
20 65
7 1
76 61
69 79
74 24
47 38
92 63
44 33
41 15
48 1
48 57
83 10
36 29
6 99
59 2
75 87
43 73
85 21
1 44
55 51
13 14
17 6
17 66
79 31
22 9
16 43
73 12
38 12
69 57
5 2
83 51
95 97
41 59
43 27
3 54
27 41
71 80
21 1
16 0
74 30
0 2
50 22
90 68
12 99
41 74
62 94
53 66
9 76
98 76
94 68
93 64
77 92
77 24
82 33
46 3
44 93
31 14
49 55
70 97
95 27
93 42
34 89
77 31
5 82
72 69
77 56
84 70
99 19
28 84
12 41
83 8
6 80
79 97
17 1
70 20
11 41
96 87
28 54
20 40
26 7
27 47
43 82
23 79
53 59
9 11
69 1
14 97
4 24
9 77
1 58
84 42
97 58
26 91
48 85
26 57
20 87
52 24
48 89
19 97
92 46
28 11
88 15
11 26
21 6
6 46
0 86
54 52
66 76
40 25
60 75
31 90
1 32
68 37
71 28
10 56
15 89
60 69
2 79
82 72
16 63
83 74
89 36
16 10
14 28
42 89
41 82
99 3
13 39
89 81
47 33
1 37
50 47
70 67
57 80
96 40
73 25
64 55
99 81
78 73
21 33
81 89
8 23
80 8
69 21
63 16
18 31
71 38
84 88
58 23
67 24
73 70
2 40
45 31
41 81
57 72
24 69
1 26
6 56
81 41
19 10
24 45
32 20
3 49
73 43
61 21
19 86
81 10
97 78
47 86
49 81
21 58
25 44
25 85
29 92
41 8
23 94
67 60
97 98
68 94
89 90
58 57
70 53
1 6
55 27
93 34
92 99
91 92
34 97
67 85
73 17
38 61
22 98
22 43
82 60
60 9
44 17
47 91
29 77
19 75
33 90
17 77
11 63
5 95
87 46
46 98
68 32
96 71
87 69
13 24
67 9
26 80
15 55
45 59
42 27
68 40
48 50
52 60
76 44
68 73
51 10
22 14
56 75
80 78
50 25
49 23
59 71
37 96
81 70
94 90
90 78
89 20
20 56
13 35
10 7
78 51
57 98
43 33
33 79
62 72
6 0
80 26
72 88
96 70
34 61
75 39
3 74
57 28
93 48
65 20
62 57
81 39
42 97
65 56
32 23
27 18
44 88
20 72
19 57
73 11
90 71
49 87
97 34
81 88
17 96
27 2
20 76
9 12
85 23
59 74
10 19
10 3
52 79
35 74
25 71
26 53
94 17
6 41
20 3
63 75
59 9
78 8
34 68
54 1
78 4
46 90
69 30
47 19
38 73
91 36
61 44
62 67
0 67
44 99
14 52
98 46
50 9
7 0
61 14
2 51
31 27
28 76
34 72
9 49
38 32
38 89
49 65
66 59
62 74
58 19
39 51
97 66
0 63
67 14
64 61
51 46
41 60
52 29
28 25
4 28
93 92
99 50
82 82
20 81
74 55
94 24
47 31
67 51
85 74
77 51
22 65
91 31
20 59
65 30
14 90
23 58
32 68
83 19
66 55
71 95
15 72
93 65
30 22
36 46
66 86
24 26
17 40
54 6
95 10
40 9
14 62
13 25
38 1
89 4
97 68
79 53
63 72
12 14
67 1
81 77
72 35
84 86
38 57
3 13
94 69
25 22
34 32
83 85
90 10
61 67
6 89
60 93
25 67
60 77
38 63
58 67
61 99
45 56
88 50
79 11
31 99
79 18
11 96
57 37
4 88
46 42
79 17
47 97
31 47
62 26
88 18
38 55
51 53
72 63
70 28
72 97
8 66
71 47
81 13
5 19
1 82
13 50
51 80
99 30
67 30
43 87
25 49
56 6
55 54
8 8
58 87
53 83
56 89
41 37
63 57
3 22
95 71
63 49
96 15
56 17
3 51
64 64
53 25
22 77
67 76
95 30
56 95
28 71
32 54
42 60
74 31
7 2
63 95
43 76
86 8
84 94
14 39
80 77
94 29
13 12
56 40
68 56
70 86
74 43
10 55
67 86
96 51
77 18
98 47
25 77
86 14
96 29
27 20
24 24
84 67
68 9
30 41
35 32
59 45
79 72
34 27
73 82
24 8
60 68
68 85
59 98
65 53
58 64
87 53
14 13
8 20
44 84
11 90
41 95
40 92
22 12
34 93
28 53
63 47
52 77
37 13
64 14
83 78
32 47
42 90
81 15
96 5
7 13
13 52
21 51
84 85
6 77
98 39
87 37
6 94
67 65
56 30
37 93
0 91
99 17
51 58
37 74
50 64
27 30
18 91
6 83
89 60
12 46
40 55
73 55
94 73
33 30
21 15
46 80
27 62
53 84
25 33
39 57
4 8
79 85
65 33
6 17
50 90
30 1
99 52
97 2
5 90
0 7
13 68
5 3
62 35
78 89
67 42
76 26
92 23
32 4
62 59
70 24
6 97
45 60
43 45
46 76
7 72
87 40
30 20
62 95
10 46
66 48
94 33
68 21
1 50
45 11
82 69
25 75
62 78
46 33
54 95
78 48
25 10
55 28
98 90
44 69
45 24
4 64
46 84
52 31
43 74
52 68
30 99
14 9
13 18
92 13
31 44
86 7
15 38
33 7
16 75
5 17
95 61
79 25
44 77
7 9
61 13
6 29
49 59
95 1
90 14
72 3
83 87
42 38
65 4
31 26
70 60
28 83
22 67
76 75
3 50
26 43
51 9
6 48
17 68
57 66
48 23
64 12
99 11
9 58
17 83
84 0
97 31
33 45
31 42
46 97
43 51
55 13
73 92
18 52
54 46
38 69
3 30
59 83
59 55
55 57
99 44
11 15
25 5
57 93
98 21
67 84
57 64
77 78
95 83
26 95
39 10
27 34
59 14
11 97
41 46
54 73
76 86
42 19
37 39
98 36
89 52
15 98
67 54
11 93
23 65
88 67
4 84
57 41
66 21
3 12
15 41
31 79
39 37
37 77
64 11
3 0
55 72
21 77
19 29
22 93
88 98
13 83
26 87
43 96
69 14
62 58
81 96
71 79
21 98
78 61
74 91
27 84
10 31
73 34
25 36
40 12
13 72
72 5
39 96
65 72
71 71
20 50
5 58
27 15
37 14
81 21
96 41
28 68
59 86
52 66
22 52
74 66
37 17
88 75
52 20
74 71
28 8
71 96
10 8
34 80
45 67
24 98
47 34
86 94
33 53
43 49
80 90
7 30
40 61
16 13
53 75
23 72
2 22
76 80
39 58
45 51
76 40
43 15
70 92
15 47
74 46
26 71
41 26
98 78
31 6
45 75
13 13
50 6
68 8
75 27
99 31
47 10
92 97
38 91
42 47
25 83
42 50
10 89
71 3
26 2
63 46
61 16
97 25
51 35
31 40
21 83
59 95
87 22
50 18
78 47
57 58
6 68
73 18
35 21
13 91
0 80
2 58
74 69
14 7
45 57
37 16
42 11
59 54
61 59
60 92
77 55
92 64
46 12
62 50
4 41
18 92
61 18
80 24
96 22
51 32
66 67
74 51
98 4
84 96
1 42
25 20
6 18
52 75
44 8
12 23
47 60
60 98
75 43
47 2
66 13
77 46
57 53
0 28
62 21
88 26
78 96
60 99
70 74
16 22
48 15
22 82
20 91
74 53
53 4
14 27
46 50
45 68
83 36
92 45
56 14
32 81
56 55
98 45
61 11
64 75
95 91
65 49
64 37
46 38
14 75
59 48
37 69
39 42
38 18
19 50
3 55
61 20
47 9
9 50
37 49
25 68
15 82
86 89
34 62
45 87
69 15
21 27
94 82
39 65
21 62
23 26
69 99
77 17
93 14
26 33
30 5
71 97
39 54
17 44
84 15
11 53
32 83
38 95
38 80
39 55
99 38
25 63
10 85
14 12
52 45
21 25
80 76
58 48
60 5
78 10
89 78
58 69
36 45
85 28
26 44
76 19
21 95
97 57
93 93
14 48
77 36
63 22
31 97
59 77
28 80
22 54
45 98
90 66
46 18
6 10
93 99
62 84
62 43
4 25
75 30
16 27
54 17
60 71
60 52
50 7
18 4
95 88
46 60
99 33
47 13
62 20
6 72
10 70
33 9
20 28
24 23
82 85
71 35
29 94
13 78
8 98
52 10
25 74
29 38
68 75
73 36
38 43
28 90
78 75
16 84
33 58
44 10
95 86
69 39
63 63
42 0
32 44
70 72
67 73
94 35
8 81
66 44
40 60
83 84
99 15
50 87
21 80
21 87
28 30
1 14
57 45
65 91
52 13
68 15
0 69
61 61
94 20
8 37
26 61
12 54
78 32
66 75
93 26
6 14
77 93
28 66
98 74
21 88
71 91
89 73
59 4
84 32
67 3
15 59
40 87
34 29
98 6
63 9
86 82
90 39
31 70
54 90
61 70
53 38
64 44
75 98
7 36
39 70
30 85
74 79
78 71
97 71
42 5
93 2
16 55
46 61
3 80
46 36
45 34
24 39
27 60
94 83
18 53
49 21
70 99
22 89
86 49
32 71
99 97
30 43
69 92
14 19
76 57
78 30
2 23
45 45
92 42
53 88
27 81
90 24
28 78
72 32
26 89
99 49
21 38
64 5
51 15
61 10
36 98
35 90
17 52
7 25
47 0
46 77
58 83
0 18
6 6
61 71
20 41
57 65
40 95
43 88
67 45
51 21
3 9
61 33
3 67
41 1
23 55
40 24
26 6
36 27
19 76
14 22
10 18
15 12
90 22
0 0
45 48
93 17
28 96
28 22
97 24
1 69
10 78
10 64
13 30
66 81
41 79
92 31
97 18
28 93
13 88
65 6
24 79
13 38
39 15
17 36
14 33
60 1
41 77
25 70
72 38
58 76
29 93
98 44
1 87
33 86
35 65
47 8
15 37
19 44
50 96
68 24
22 5
69 80
42 44
40 20
49 51
78 17
82 26
85 46
34 49
1 91
44 90
2 5
59 66
84 45
63 1
33 51
91 4
48 47
12 84
55 71
51 66
86 24
61 68
67 79
81 56
17 93
62 92
66 12
58 62
43 94
61 72
21 76
84 68
45 52
92 48
60 11
10 82
39 12
23 10
64 53
73 1
97 41
82 98
78 6
28 37
50 69
41 71
26 68
32 86
39 40
39 75
91 80
55 75
69 94
40 43
29 19
50 16
34 83
88 6
2 55
13 22
89 18
77 40
87 72
58 63
21 20
18 5
77 26
83 52
7 86
89 16
1 57
1 84
28 0
77 79
93 70
29 64
89 67
21 67
94 65
38 45
31 41
12 19
27 68
37 45
70 40
43 0
89 87
33 77
6 88
74 28
38 58
30 57
25 39
76 85
11 38
37 19
87 7
41 14
16 66
98 42
99 34
34 60
29 82
44 61
36 78
64 67
84 5
2 37
21 5
84 77
31 19
94 34
4 61
72 18
82 97
50 23
93 1
70 42
20 66
39 16
99 13
88 31
19 21
62 0
21 47
48 3
68 68
73 79
80 66
45 97
38 50
25 54
26 85
87 85
4 96
10 59
89 79
59 56
40 63
73 76
37 72
65 15
34 10
24 88
43 48
72 50
96 65
53 23
53 99
18 12
99 45
80 36
64 92
82 80
65 45
15 19
35 49
76 46
59 30
73 27
47 41
14 15
55 95
86 15
16 30
97 84
31 94
21 10
55 42
13 42
22 24
19 17
35 38
38 47
86 39
30 73
4 79
20 2
47 22
15 28
38 62
81 64
17 14
47 96
14 79
96 98
81 68
15 45
59 94
50 27
83 92
62 6
80 6
14 70
6 64
83 35
33 32
5 41
51 41
31 64
75 49
4 36
50 78
78 98
20 86
43 80
0 20
21 29
73 38
0 52
42 40
71 5
83 39
45 38
52 87
62 71
9 34
65 52
87 63
4 7
88 85
94 61
29 3
50 2
27 33
58 25
83 25
98 71
66 60
76 65
48 7
15 99
63 90
95 47
76 88
26 14
28 42
95 42
9 46
19 54
44 35
38 68
48 33
35 55
75 81
40 53
16 93
7 84
45 76
84 29
33 24
54 89
39 17
28 92
56 53
37 22
19 91
1 65
47 56
40 93
28 49
16 54
91 71
75 2
1 97
77 76
44 78
6 36
32 70
45 19
54 21
16 97
46 72
29 47
61 1
53 72
11 6
58 30
50 88
46 11
6 47
43 28
11 69
18 59
37 23
87 60
52 40
51 50
75 54
37 8
44 29
79 88
22 62
19 79
51 38
35 54
17 35
23 90
35 2
94 91
21 44
79 23
31 5
7 90
27 9
68 14
93 69
27 67
76 33
47 15
84 1
93 89
53 47
44 55
53 58
68 22
96 4
71 39
66 17
55 74
94 59
77 0
12 33
32 45
15 65
9 82
19 26
95 89
19 20
13 47
44 80
82 5
53 21
44 54
97 21
13 62
57 52
74 85
29 57
68 45
78 53
63 68
44 16
66 25
22 18
61 55
58 82
83 14
18 18
56 18
56 19
36 95
12 74
47 58
0 24
99 78
96 56
70 79
81 52
71 54
90 79
13 36
27 89
92 61
20 13
45 6
63 24
21 64
31 46
50 40
22 74
27 52
57 57
14 36
22 39
74 2
56 98
72 60
15 52
0 5
1 53
73 73
32 22
52 25
80 28
17 38
70 33
97 94
54 4
63 39
78 78
90 19
8 28
35 64
41 73
54 14
89 75
73 29
51 71
86 59
92 32
94 22
26 25
61 47
96 81
12 43
10 39
31 78
92 3
29 53
62 16
95 29
3 42
86 71
13 73
15 76
23 12
65 69
40 62
52 62
51 19
98 12
43 30
12 76
13 74
90 2
61 4
75 25
38 34
40 77
96 8
55 58
61 5
73 53
57 91
31 87
18 74
28 57
49 48
60 91
49 10
39 21
97 17
63 35
97 81
27 65
58 45
16 7
2 78
36 41
72 72
86 54
94 39
47 16
36 97
10 61
76 89
4 33
43 78
55 25
14 37
45 86
17 29
7 78
87 47
26 70
35 42
48 77
3 28
46 62
91 7
57 76
29 43
87 92
93 66
28 56
50 32
59 90
8 71
54 58
22 50
13 65
29 24
71 82
38 33
8 61
56 58
88 42
2 54
93 95
26 32
92 84
46 10
69 70
28 50
8 0
69 78
82 1
78 87
55 31
63 89
80 75
22 55
1 21
99 51
89 19
38 2
51 43
12 68
4 87
41 16
40 46
55 0
30 70
99 89
10 16
25 57
38 4
40 71
99 55
76 47
39 27
90 97
26 65
12 51
97 92
32 6
71 94
65 36
59 67
0 50
80 59
93 37
7 71
60 43
41 40
19 43
32 95
75 40
75 6
11 17
19 4
2 9
89 10
78 88
34 99
90 43
73 89
98 16
4 13
72 12
17 69
50 5
38 5
31 24
58 88
39 60
88 93
53 87
49 45
50 21
70 50
19 38
98 77
49 7
28 3
36 38
30 14
93 20
16 73
85 42
82 19
67 2
43 79
81 3
49 66
17 9
17 64
40 32
69 13
18 45
51 31
44 68
81 35
56 79
29 5
69 41
18 72
55 97
28 51
25 79
60 19
86 22
52 8
90 7
70 6
99 98
97 90
99 42
80 7
50 0
98 38
80 80
51 40
44 5
78 90
21 70
39 23
90 85
32 97
30 92
74 83
1 19
26 47
56 5
57 94
41 83
77 20
95 81
85 37
93 4
38 46
85 69
7 94
34 52
17 61
45 16
23 80
25 27
74 39
65 23
17 70
10 94
72 2
23 48
59 23
52 34
64 24
60 2
87 50
24 32
77 99
36 28
40 98
79 41
72 48
36 51
36 59
68 11
42 34
4 75
55 68
27 91
97 7
3 40
52 78
11 65
83 80
95 44
4 11
49 88
97 86
76 35
63 86
5 14
36 40
73 40
78 19
7 81
22 20
44 20
3 83
98 8
37 34
87 11
93 74
36 80
84 33
18 69
44 98
52 6
51 49
86 47
51 67
43 72
90 4
5 83
52 37
25 58
72 55
38 37
66 69
73 69
51 87
14 50
75 62
22 28
99 28
79 32
93 31
72 74
1 40
30 34
55 12
47 87
78 13
84 81
53 65
50 36
61 90
61 56
74 86
29 89
73 57
44 65
62 77
78 5
25 19
2 92
85 15
19 68
72 13
26 22
50 98
88 60
48 84
58 10
36 93
89 65
29 28
15 97
9 72
66 94
53 54
30 67
43 50
23 18
80 54
21 18
40 48
18 46
17 82
65 60
9 71
98 14
82 48
22 49
33 71
20 38
38 96
88 43
22 16
87 86
9 64
13 93
92 79
82 86
4 81
72 87
12 3
20 64
40 27
13 29
54 63
8 14
57 78
95 79
63 8
47 61
60 3
7 75
8 42
46 26
32 48
88 57
9 96
48 32
74 47
33 0
78 84
55 80
38 29
0 17
85 35
44 36
89 40
87 70
13 55
36 92
32 50
5 55
28 73
90 40
72 96
67 80
19 94
49 97
13 92
6 15
9 98
54 56
93 22
68 72
90 5
70 21
65 40
60 10
85 80
56 91
55 60
36 83
31 35
21 57
73 7
75 11
41 52
67 10
76 9
93 85
48 48
12 55
7 66
81 61
86 69
69 36
34 94
12 72
73 52
74 5
58 36
39 69
95 0
33 57
93 45
52 59
77 87
85 10
22 94
50 10
88 79
76 99
53 24
67 82
72 90
59 50
83 24
86 43
67 77
70 7
21 74
81 62
43 20
37 28
64 99
27 96
18 35
53 52
62 53
79 81
80 43
62 81
71 63
63 62
74 50
59 24
15 35
92 2
93 41
90 96
32 39
95 19
97 87
18 85
75 34
20 75
38 99
5 52
80 92
78 11
15 56
10 30
71 55
94 52
98 17
71 52
76 68
64 2
28 48
45 58
18 88
53 95
15 62
92 1
37 68
48 68
65 37
40 69
62 61
36 17
24 47
44 67
40 14
18 68
59 5
24 30
18 56
37 35
14 53
12 13
88 9
71 36
70 68
46 16
31 12
98 68
38 31
36 44
53 77
24 49
92 54
6 16
86 35
19 25
50 24
94 86
80 32
51 5
89 77
74 65
59 34
41 27
29 98
40 80
22 34
78 57
54 5
49 76
85 29
10 84
8 19
12 80
73 63
61 41
56 29
44 21
29 85
39 0
65 70
73 13
85 71
79 36
20 11
69 17
23 46
35 15
48 21
0 38
25 47
17 65
54 50
50 19
28 81
72 28
34 42
22 76
90 36
13 43
16 39
37 15
16 28
45 44
16 62
29 13
90 89
18 43
55 64
0 11
1 70
23 30
75 63
14 17
71 21
92 89
50 14
53 49
35 12
43 4
61 12
71 24
98 57
22 35
2 83
12 15
92 27
62 54
81 28
37 32
34 75
75 36
39 81
41 3
67 8
91 79
15 16
36 31
16 32
46 44
51 14
86 75
92 50
89 34
52 4
44 85
95 28
73 0
80 58
66 2
38 17
92 96
48 55
0 62
31 83
51 96
86 92
9 86
51 74
72 80
81 2
79 15
90 86
87 58
19 82
61 98
58 92
82 95
60 94
25 2
72 26
79 96
54 82
17 47
30 42
1 99
84 9
61 37
46 9
73 41
6 86
0 81
36 34
8 32
53 98
56 41
95 96
37 57
59 63
51 29
63 5
31 68
19 28
29 65
11 31
92 93
34 11
12 57
82 32
40 97
8 41
70 87
24 41
9 20
15 91
12 90
96 47
14 60
59 8
78 22
28 12
75 45
7 73
78 41
50 94
36 22
0 25
66 92
82 34
67 58
0 84
2 84
21 81
3 58
88 41
25 37
14 58
30 7
90 99
7 39
64 68
27 13
32 17
13 61
76 8
2 95
57 55
89 91
60 33
68 54
72 64
53 11
92 67
31 45
36 7
5 71
12 75
90 0
31 84
5 64
15 25
66 62
85 86
98 85
91 26
68 81
28 26
14 68
72 54
14 65
15 36
87 57
24 53
6 93
64 36
38 42
16 71
90 13
43 71
3 75
21 66
12 79
40 52
33 23
47 51
33 54
22 83
54 94
2 91
13 15
27 94
81 48
6 38
94 13
32 5
94 43
98 40
39 26
30 53
32 37
49 52
46 55
84 73
11 45
20 31
80 37
12 10
11 20
67 88
32 46
54 16
13 37
32 64
5 4
27 19
26 29
96 57
33 1
6 42
42 31
14 61
44 89
82 77
80 44
85 24
87 51
55 69
92 39
91 89
45 28
37 40
29 9
74 90
59 59
95 48
16 18
69 2
75 68
70 16
75 99
42 84
8 46
35 78
28 16
60 55
26 76
87 6
53 34
56 25
41 7
24 81
25 53
97 59
74 67
92 25
34 18
45 13
54 53
62 62
40 2
34 16
60 24
51 91
57 4
8 78
55 23
18 83
37 43
3 20
22 95
12 8
57 68
71 18
26 56
85 73
85 70
32 93
18 48
23 96
11 76
62 48
30 98
25 78
63 32
78 58
44 24
96 67
88 32
34 53
85 92
19 3
21 93
35 14
56 12
12 28
1 15
69 24
10 97
2 0
31 23
91 30
14 85
98 83
25 18
48 52
70 80
62 22
24 97
46 5
84 43
99 99
42 75
35 34
18 1
15 61
54 31
62 19
19 31
90 58
54 45
86 56
12 21
61 80
19 93
39 98
41 5
54 78
31 48
15 22
99 37
28 28
86 95
20 90
26 69
6 13
60 61
88 23
17 18
24 74
80 16
34 39
44 3
65 61
30 82
45 47
43 42
80 94
1 72
11 84
2 67
73 60
47 21
26 10
25 52
7 29
64 87
76 5
63 67
11 87
48 64
28 85
94 3
1 78
83 81
23 8
76 38
93 28
76 2
80 33
77 9
9 18
39 89
19 41
5 1
14 77
26 1
72 49
36 66
32 11
20 58
3 53
81 42
52 21
65 46
40 22
19 34
79 20
43 62
76 58
79 75
80 57
26 28
4 83
59 19
97 43
43 66
29 51
58 90
0 58
42 88
61 31
8 29
72 0
74 68
17 81
2 14
19 19
28 74
82 24
55 14
25 62
97 88
56 68
27 56
31 56
30 24
76 77
35 73
85 75
17 31
2 13
80 18
72 6
83 37
49 99
2 16
54 12
94 93
10 42
39 34
15 71
89 11
9 14
15 58
91 58
35 72
72 75
41 33
88 25
3 61
44 14
1 38
59 46
58 29
36 12
57 35
49 24
70 0
84 6
39 61
47 64
20 80
66 68
99 67
52 9
80 73
37 85
65 99
65 26
6 25
81 65
49 70
11 99
47 37
78 63
46 64
23 76
48 51
48 41
99 7
42 63
33 75
51 92
72 92
36 49
29 71
20 32
19 66
98 50
61 30
48 16
66 57
96 14
60 47
70 49
16 48
36 81
30 72
83 68
91 25
39 28
64 15
0 42
90 70
61 88
24 4
3 47
67 46
98 19
44 56
94 41
69 61
59 61
15 79
65 76
2 6
55 61
73 87
34 90
29 48
52 22
76 43
55 46
23 86
92 75
2 42
3 57
37 75
52 65
42 29
25 98
80 31
91 56
74 95
1 48
96 97
96 30
87 10
92 88
74 82
9 90
80 88
59 72
97 99
95 70
44 37
7 74
27 93
92 51
42 68
95 41
33 67
90 72
12 94
84 22
47 77
72 77
37 36
75 22
58 96
75 16
64 41
4 50
25 34
12 47
23 61
59 31
35 61
53 18
22 37
44 25
39 95
0 71
85 31
56 88
26 3
47 1
87 65
28 65
93 36
8 70
33 25
55 6
49 41
88 27
50 35
38 6
59 44
25 17
45 85
33 22
31 22
17 92
73 68
15 42
11 50
43 11
63 15
13 75
14 41
87 55
76 21
50 56
2 88
83 93
42 48
32 1
39 92
87 80
72 62
24 94
1 61
59 32
27 37
99 12
31 3
63 87
40 42
57 5
7 38
73 98
50 48
67 94
42 83
22 41
28 33
32 89
39 25
10 57
75 24
33 33
38 72
40 7
10 10
70 26
40 82
98 31
91 54
10 95
25 97
4 49
92 17
40 13
28 15
98 80
41 41
32 31
46 48
69 18
54 68
46 28
82 54
33 91
6 65
68 71
20 74
14 49
19 77
23 41
51 83
12 73
79 12
22 56
17 78
26 79
15 84
37 52
89 43
19 7
24 38
64 71
4 69
40 65
95 49
55 56
63 53
55 11
58 44
69 86
3 17
92 82
83 6
2 7
58 34
5 50
16 15
86 67
7 70
41 48
97 69
10 11
97 26
48 19
85 52
46 45
80 65
22 25
33 2
4 32
27 4
95 69
36 56
97 37
59 37
63 77
85 83
27 42
37 29
57 1
8 94
65 89
90 98
9 29
76 83
60 6
73 22
30 59
75 18
74 89
79 90
0 14
86 44
92 12
98 32
68 99
31 57
21 7
47 73
53 40
59 40
83 76
38 48
76 81
26 26
24 62
33 74
34 15
10 96
16 29
18 84
66 20
14 67
70 14
78 38
37 46
27 50
56 4
36 32
79 4
69 31
56 87
12 18
43 93
96 28
96 13
47 57
6 4
17 7
68 59
20 21
65 9
31 10
99 59
87 91
64 88
46 57
68 30
27 28
10 65
59 70
49 40
22 31
7 12
15 67
14 96
18 61
16 20
81 17
18 11
36 33
30 77
23 73
48 26
1 25
39 8
23 4
35 0
10 51
98 35
76 87
41 78
42 12
65 28
31 11
49 47
54 15
41 22
43 64
34 33
82 40
16 49
37 90
74 3
92 21
9 52
50 59
77 5
16 58
11 43
16 74
38 49
10 87
45 33
82 62
44 19
28 38
30 12
78 93
91 45
52 53
5 38
99 83
33 83
4 40
99 39
0 26
33 20
51 55
36 25
30 79
49 56
26 81
75 5
95 5
11 98
13 16
56 0
69 76
61 60
89 84
65 34
76 27
8 13
95 64
17 20
57 63
95 76
0 47
89 41
94 31
12 49
52 32
7 23
85 61
44 11
50 20
61 53
15 26
39 94
51 39
53 12
2 15
1 11
43 26
85 2
75 77
37 24
1 80
40 17
50 26
45 9
19 13
68 60
86 20
16 16
50 3
79 94
61 91
27 57
90 1
97 60
31 55
83 97
61 50
99 71
85 9
2 56
84 87
19 92
21 19
15 7
25 64
47 49
71 99
49 8
4 1
5 47
11 81
62 24
82 22
0 94
21 26
86 42
66 26
93 82
58 1
67 4
16 38
24 27
50 55
47 44
97 35
12 24
32 94
8 21
84 35
35 37
14 91
91 8
68 52
6 22
88 73
70 73
7 32
2 28
85 93
98 65
37 0
75 66
42 49
5 15
19 73
69 68
67 15
9 38
88 72
77 13
80 1
35 63
69 35
93 25
60 13
54 55
46 20
35 43
94 26
97 95
58 53
86 26
7 98
63 30
30 17
25 15
15 1
99 75
4 12
3 60
80 87
51 72
64 27
7 7
32 18
60 48
7 56
97 38
8 75
89 89
40 21
98 37
11 58
2 90
80 15
0 45
63 64
70 17
78 54
90 81
89 58
87 2
50 81
75 97
17 2
15 2
3 56
29 45
71 1
29 99
69 58
96 59
86 85
62 38
24 87
21 21
56 85
92 8
25 38
44 23
2 19
42 46
80 9
25 91
18 67
92 5
16 31
66 33
6 51
63 78
83 58
69 16
81 16
4 93
1 41
86 1
28 99
40 4
43 14
85 72
89 0
7 91
24 15
29 17
68 7
97 42
3 2
42 94
37 12
91 94
70 88
5 6
52 85
4 98
81 18
77 32
60 28
36 4
19 35
57 95
20 78
20 29
41 17
82 47
82 87
90 64
83 9
7 52
17 48
92 7
2 63
64 1
77 73
4 72
90 52
90 61
34 77
38 52
29 68
39 2
97 13
93 44
78 92
81 55
95 45
2 17
94 77
97 61
34 98
1 39
14 30
88 68
9 30
65 84
3 46
92 69
96 49
72 27
6 20
4 51
29 27
4 20
90 80
40 31
76 20
26 98
91 46
10 76
2 36
95 52
64 63
97 11
22 8
49 63
3 78
82 90
93 59
88 88
20 83
84 63
42 30
6 11
59 87
16 77
65 14
4 14
87 39
60 74
49 33
75 69
61 66
32 16
34 38
31 67
66 51
74 92
18 75
77 83
23 11
73 33
80 96
28 29
18 76
78 27
81 63
39 91
81 12
25 1
8 34
47 18
27 6
43 46
38 0
21 61
25 9
93 11
52 88
96 10
38 22
17 28
92 6
71 48
29 30
29 62
62 88
53 92
49 79
80 89
89 94
96 75
8 4
0 56
26 41
31 71
65 41
88 0
82 30
12 64
89 33
42 81
35 33
13 9
88 22
26 88
53 97
41 39
25 81
54 99
87 59
21 28
8 9
83 62
78 97
11 33
78 18
49 74
41 70
98 61
14 34
34 40
15 86
94 70
68 26
18 0
23 2
1 60
52 14
93 53
39 88
57 49
41 93
70 35
96 52
0 51
81 19
58 84
91 98
28 70
27 11
24 55
69 43
24 93
30 81
78 69
83 30
2 38
70 55
4 5
39 59
80 86
65 82
3 72
86 77
60 26
68 4
45 73
27 1
8 93
29 42
16 99
54 2
26 38
33 97
76 79
98 95
32 60
51 68
46 63
28 62
64 7
99 22
95 9
22 61
89 98
36 48
49 94
89 99
27 25
90 76
24 37
4 63
81 38
2 30
75 1
29 58
59 93
55 48
32 72
26 19
23 35
54 28
99 84
68 48
21 35
29 34
38 97
28 39
8 27
64 62
66 9
94 92
47 7
25 82
67 93
87 8
54 61
73 88
82 15
26 60
25 14
85 66
39 39
18 50
19 32
84 30
70 32
86 72
53 78
20 60
85 0
71 44
65 12
91 84
63 91
94 62
64 84
65 22
37 50
94 46
69 40
14 64
91 88
21 34
57 18
44 1
81 22
30 10
48 54
12 66
17 55
68 90
89 72
93 21
98 75
61 29
20 92
6 90
11 51
63 36
85 65
96 39
14 56
74 6
21 30
66 74
85 97
24 67
61 89
81 24
18 22
86 33
82 7
95 39
69 7
82 74
69 95
90 50
29 8
59 76
98 41
86 73
6 2
8 91
66 79
50 11
54 76
0 92
11 30
30 3
74 23
67 20
64 31
26 36
19 98
62 29
95 46
79 7
53 37
24 77
77 61
54 32
79 59
90 34
49 9
7 4
37 73
49 28
62 2
19 88
98 18
93 3
43 91
45 93
88 49
97 65
80 64
35 3
78 67
14 42
29 2
28 5
7 34
82 56
18 63
47 45
84 18
53 74
27 74
5 57
93 96
42 62
24 85
46 82
97 64
8 63
88 96
55 50
92 59
21 97
39 3
22 91
95 8
74 84
72 31
94 42
53 51
62 55
48 58
17 63
1 64
21 86
4 70
17 0
94 60
49 83
37 91
22 36
52 47
89 63
93 39
71 22
65 87
98 81
35 45
91 78
56 7
36 64
32 41
20 18
33 29
43 35
45 74
10 72
36 67
30 84
72 36
50 61
80 5
77 42
1 83
26 51
13 40
13 4
59 68
20 93
51 12
83 98
12 2
48 10
34 58
55 63
21 92
53 55
0 22
98 70
92 44
53 22
24 57
90 45
81 14
56 54
49 53
88 46
49 50
73 26
25 88
56 50
33 96
53 80
75 13
30 26
18 34
71 46
56 1
99 62
13 77
88 70
43 16
52 94
7 19
50 89
66 37
58 28
40 19
54 19
31 15
46 68
56 52
74 10
33 10
40 0
51 97
3 23
70 76
57 59
18 87
28 32
87 14
46 73
61 35
68 89
94 11
18 54
97 67
0 78
63 28
80 35
73 49
91 63
22 46
35 93
23 64
84 99
11 78
24 80
41 28
58 14
28 27
16 59
55 88
56 63
9 48
1 20
5 35
12 45
54 74
0 98
92 83
45 0
85 77
9 4
68 87
22 4
37 30
31 50
7 55
44 43
10 79
64 97
32 62
52 73
77 97
91 27
96 45
43 31
98 29
52 42
27 26
60 64
98 59
23 36
41 64
78 23
36 82
83 40
85 1
4 16
80 51
67 16
67 56
83 90
76 16
93 43
74 13
76 69
74 20
74 74
67 13
93 84
3 79
71 9
53 6
31 39
65 17
86 32
61 57
86 34
77 50
69 4
90 83
99 90
7 87
65 67
39 63
85 6
19 37
51 63
15 33
58 4
53 15
31 25
0 48
7 96
94 1
18 3
73 75
5 88
59 42
40 45
34 2
92 56
43 89
85 20
55 79
33 59
51 42
23 47
76 32
94 15
12 26
39 13
23 77
65 75
26 4
60 82
26 83
60 53
21 45
92 0
84 4
93 33
94 49
20 85
34 78
35 99
95 21
29 69
62 90
79 47
71 53
87 44
91 9
60 65
74 76
46 71
3 11
48 93
26 42
43 12
23 31
30 19
82 78
3 87
58 91
13 3
79 65
82 96
6 37
71 67
73 44
35 5
78 62
43 55
96 63
45 50
13 80
88 40
61 51
19 53
85 36
19 60
96 93
66 15
32 88
75 46
74 21
45 42
89 2
37 56
15 93
26 13
1 3
59 97
75 7
75 44
24 71
72 42
4 90
54 67
10 53
95 95
28 97
80 50
10 81
72 57
66 82
30 23
56 90
61 22
65 80
6 35
52 81
88 87
76 56
85 62
86 17
49 86
34 0
66 10
18 57
82 89
89 85
39 33
41 44
67 69
79 0
6 27
59 13
51 4
51 28
67 41
51 11
9 10
97 9
88 4
29 97
61 27
58 71
29 56
64 21
45 30
98 66
31 80
24 40
96 48
50 93
23 29
75 4
55 15
84 78
7 88
21 84
35 22
59 12
70 23
38 98
89 53
62 63
91 53
77 70
54 72
76 60
36 10
21 96
69 83
30 83
68 62
91 16
57 19
64 45
70 36
8 47
59 10
69 19
5 36
62 8
64 13
68 69
85 85
55 41
74 26
73 6
26 34
32 12
8 92
45 26
72 46
58 95
85 12
32 65
75 95
65 85
9 27
36 53
54 59
28 91
55 10
51 81
57 81
36 24
42 92
7 42
77 35
3 4
1 75
40 83
87 48
58 61
75 59
41 58
79 2
82 20
8 5
70 31
99 87
98 79
61 23
92 71
31 43
71 68
38 54
66 90
49 0
68 49
29 21
59 81
89 27
13 59
70 89
0 31
79 69
41 31
54 34
81 58
16 46
32 58
90 32
30 88
66 43
81 40
71 19
38 60
2 44
33 31
88 12
3 93
13 96
87 20
21 73
58 35
70 57
33 38
55 18
61 62
38 13
7 54
27 58
91 49
64 16
93 77
90 18
30 90
78 94
47 99
91 93
46 78
85 87
45 71
87 90
67 26
96 19
19 14
1 8
28 94
9 88
3 10
76 41
69 49
83 2
45 41
67 11
38 92
80 39
86 29
41 47
54 33
72 16
50 41
66 85
74 36
57 29
65 47
9 79
17 84
75 55
25 7
6 87
49 69
51 94
86 2
6 28
44 38
62 42
59 92
50 29
58 37
24 50
34 71
61 86
26 11
26 82
7 79
24 76
93 88
6 62
14 29
53 60
40 91
4 60
35 79
13 28
20 82
9 3
19 27
19 69
88 16
4 82
52 96
12 35
43 59
80 56
12 78
51 34
78 56
13 54
14 5
34 54
24 58
32 26
3 26
10 21
66 7
54 39
27 45
43 95
57 67
82 91
57 70
58 78
97 82
16 9
24 43
63 83
62 13
54 87
93 79
29 86
60 67
93 97
65 59
52 5
56 15
71 42
70 81
70 84
78 46
49 85
55 49
37 92
97 50
1 0
20 63
44 18
84 66
6 12
59 51
24 34
91 29
30 75
77 67
95 78
93 81
43 60
96 43
26 59
26 77
36 90
44 22
49 89
54 62
63 43
4 53
92 66
12 97
95 84
31 21
13 53
70 39
24 91
3 31
43 6
2 53
76 74
67 59
0 23
35 25
23 21
52 16
49 67
32 90
14 3
74 45
65 29
46 35
47 83
91 66
34 81
49 11
28 21
22 22
6 85
69 91
79 22
11 66
9 78
96 54
74 52
57 43
64 39
98 86
88 59
65 42
20 99
27 73
22 6
48 73
10 83
10 17
70 29
11 18
7 11
23 44
73 74
20 47
43 21
67 95
49 1
92 77
25 86
33 34
94 45
62 97
47 71
28 46
50 1
81 36
33 64
2 10
6 5
57 36
52 99
87 34
76 59
40 78
28 82
49 12
15 32
45 88
56 74
29 25
40 6
7 33
29 54
95 35
68 33
90 51
48 74
84 41
5 61
62 64
34 19
6 43
90 3
39 1
83 70
44 81
16 94
35 87
40 8
87 73
95 82
89 55
16 85
38 93
44 79
40 59
22 17
18 20
71 11
73 9
5 0
52 72
12 25
61 40
43 77
59 15
57 74
63 71
74 78
35 46
71 58
87 15
39 44
66 1
75 79
23 74
40 72
55 26
99 41
80 60
21 3
74 15
75 76
18 29
60 18
17 86
27 86
73 35
17 4
19 56
12 50
26 74
79 29
55 20
30 78
11 88
77 85
16 68
62 10
19 59
86 64
67 89
22 21
1 63
66 95
37 59
83 91
74 75
11 7
42 87
16 12
86 19
52 27
91 37
33 11
74 42
55 39
50 57
19 63
76 94
54 41
3 99
62 36
86 3
52 58
67 22
60 14
89 17
28 7
23 37
48 95
17 16
20 55
29 52
27 10
59 20
49 60
69 42
72 68
46 58
71 65
35 6
12 63
90 74
79 5
28 19
91 97
0 34
91 73
83 17
27 46
97 62
21 50
21 90
67 78
5 24
67 34
63 88
1 24
78 3
92 90
67 83
60 35
89 68
56 86
41 62
64 34
96 16
47 46
53 46
14 69
64 96
11 4
83 72
77 95
1 23
94 25
47 68
68 2
4 3
2 33
87 74
34 82
32 56
27 29
87 33
29 31
56 80
69 97
13 2
40 50
63 59
49 15
72 56
42 72
10 93
71 25
68 67
30 35
46 74
2 27
90 46
1 95
99 10
8 64
1 1
32 96
69 20
73 46
13 32
15 10
98 93
31 4
25 73
25 11
39 56
79 95
20 88
89 48
0 97
74 99
48 38
19 81
13 48
95 20
40 75
54 35
6 78
80 14
95 37
47 55
74 1
0 43
40 64
11 11
78 76
0 73
39 87
40 70
36 19
58 66
12 27
19 84
81 33
90 95
33 42
51 1
96 86
54 57
72 1
6 79
37 89
25 6
32 40
78 50
90 28
20 25
25 24
42 21
79 10
47 53
4 18
56 46
95 25
77 72
44 52
84 46
63 69
20 9
17 58
27 14
13 7
68 80
81 71
81 82
71 13
41 0
7 82
89 13
87 62
23 59
81 67
84 52
42 66
49 44
92 47
71 40
1 27
6 32
49 57
12 37
60 34
87 76
50 95
46 14
73 47
34 5
12 87
76 23
7 49
69 96
10 69
19 16
13 89
31 2
9 16
42 8
3 37
35 94
53 41
5 60
3 24
68 53
5 96
54 30
75 93
44 82
27 66
80 49
87 17
14 38
17 42
64 49
64 6
75 20
11 36
95 66
30 46
9 51
94 85
24 9
9 21
28 14
50 84
5 92
40 58
16 89
84 98
39 45
68 1
39 82
97 32
7 48
50 74
38 3
43 81
74 48
11 52
82 76
65 44
39 52
21 91
39 48
82 57
7 22
75 72
99 95
2 18
18 25
41 21
79 68
3 69
91 82
22 90
75 84
52 15
75 12
52 44
67 68
15 85
51 47
16 3
83 57
47 12
8 49
2 60
14 11
81 54
88 21
69 27
80 83
49 62
68 29
66 84
20 96
94 38
49 2
28 17
15 15
92 11
92 94
60 73
65 71
11 32
75 74
20 79
72 22
15 54
54 85
7 59
2 31
7 51
36 11
36 43
84 8
28 44
42 57
80 93
47 95
27 77
77 44
17 32
12 6
64 65
85 59
24 48
51 33
56 82
33 36
73 59
36 61
14 57
36 72
2 12
83 77
33 55
68 63
5 53
77 27
98 5
74 27
42 58
96 50
5 26
15 69
40 57
38 64
72 24
40 15
11 67
5 45
80 2
54 54
85 3
40 33
58 73
64 73
24 84
34 85
67 72
95 18
93 35
28 67
97 44
70 59
32 43
4 57
21 68
88 53
4 38
69 98
39 49
58 38
5 97
30 55
64 10
32 61
73 50
23 42
54 49
4 9
14 1
21 14
43 67
40 56
19 64
29 84
36 87
81 43
60 95
45 29
69 73
23 54
57 87
54 96
7 15
55 99
2 21
24 59
50 68
2 59
26 24
0 12
22 11
88 90
96 0
44 26
45 80
14 16
32 49
34 34
23 87
23 66
94 36
24 42
8 22
74 29
35 97
53 14
54 22
36 8
10 45
33 89
71 83
16 88
2 68
38 41
21 46
96 27
85 40
95 54
72 73
12 40
50 79
63 20
45 35
30 39
73 72
66 64
55 96
0 10
18 26
22 66
40 38
13 79
4 86
9 62
44 57
29 66
1 9
29 12
11 39
92 92
84 89
45 5
75 23
54 80
25 45
9 59
1 7
84 74
83 61
71 76
90 88
37 7
43 1
59 47
50 75
69 54
0 35
68 10
92 62
26 39
62 46
75 67
35 41
73 90
72 43
92 26
17 25
6 49
59 84
57 71
91 28
13 60
14 63
59 39
61 42
43 37
48 79
96 11
23 95
17 80
27 69
21 4
79 92
76 30
80 85
23 70
0 8
51 90
77 45
78 24
83 49
66 29
57 6
41 61
7 83
16 21
8 57
33 17
9 70
66 61
1 88
67 17
80 82
18 80
27 49
41 89
54 88
81 25
49 14
62 3
17 87
36 86
57 30
88 38
44 75
82 73
90 73
74 22
14 44
28 40
5 76
52 11
54 0
5 29
3 94
99 86
4 71
1 28
86 13
29 59
31 30
94 44
37 86
68 41
45 70
6 82
68 5
33 4
23 81
74 34
53 8
56 71
23 67
15 46
40 73
78 99
51 76
88 99
21 78
92 10
87 89
99 66
85 96
51 95
79 91
59 25
21 12
80 4
24 99
95 51
16 25
5 80
38 76
12 29
67 33
38 65
55 21
4 10
75 50
2 57
55 34
34 96
86 4
83 73
45 77
24 64
84 13
73 48
20 24
93 57
66 78
60 0
38 94
67 52
52 97
87 28
32 52
95 92
24 70
6 8
79 56
52 55
31 69
88 76
52 23
15 4
19 18
8 84
68 92
82 71
98 69
87 45
0 49
98 84
62 17
75 48
35 58
75 32
48 42
91 81
41 76
69 11
39 36
70 69
13 45
27 38
44 95
84 26
51 24
51 64
19 47
61 38
11 80
62 45
60 23
1 85
56 62
49 25
54 43
84 10
97 53
53 36
56 83
26 0
17 46
95 15
25 80
19 2
21 69
44 94
17 5
78 44
44 44
9 41
81 76
84 27
28 52
96 76
30 8
91 59
77 65
2 29
85 60
21 0
24 86
59 43
63 17
24 21
5 72
30 52
35 70
75 41
29 67
58 11
15 50
42 10
90 16
61 15
87 56
40 39
20 10
93 55
68 84
45 49
53 57
4 19
60 38
75 64
29 22
47 78
26 27
76 76
76 22
77 41
82 84
57 73
62 33
12 17
12 71
89 1
43 58
63 0
92 87
99 80
82 67
35 47
43 39
73 54
11 25
99 27
23 16
88 3
46 81
82 17
20 27
23 84
47 72
79 84
43 85
89 15
22 19
60 46
36 35
68 42
43 40
3 6
87 38
67 32
74 37
70 12
4 30
48 65
88 7
46 1
89 82
50 30
72 10
77 80
43 84
94 64
73 77
3 36
62 56
15 81
40 74
39 84
92 65
22 75
82 6
22 40
83 67
85 91
21 17
47 69
71 86
21 32
51 93
75 82
15 24
24 22
38 10
9 39
73 99
21 52
48 24
78 52
2 98
96 69
0 46
48 22
34 43
47 85
74 0
89 5
57 21
27 16
64 30
8 69
73 21
15 83
18 94
92 28
83 99
60 70
75 86
60 90
43 34
7 76
35 13
35 51
8 52
66 49
71 59
66 73
2 41
75 19
14 74
41 86
20 94
87 87
91 18
36 39
45 15
20 95
42 35
2 64
73 19
77 12
31 20
55 78
83 66
93 32
47 81
55 53
91 67
43 7
3 81
1 73
58 52
77 34
59 99
32 7
70 44
40 49
12 81
16 83
91 5
5 69
87 42
73 45
37 81
77 1
16 98
65 94
56 2
70 45
98 15
72 39
72 53
46 41
89 42
28 79
45 22
12 53
97 93
45 64
86 40
73 83
38 84
5 25
82 42
24 96
37 21
53 10
14 86
79 83
73 62
47 62
17 11
15 17
89 70
64 98
56 43
47 23
47 48
52 82
46 56
63 70
37 71
56 20
4 22
88 19
61 96
85 30
16 41
55 35
9 5
92 38
7 18
44 12
56 23
56 77
90 82
95 58
33 40
4 76
12 52
46 96
64 54
2 99
39 78
76 29
5 75
18 65
92 72
58 99
92 41
46 0
55 8
94 87
5 23
92 15
91 21
30 94
36 77
22 3
60 87
21 63
2 89
35 19
34 95
76 28
73 78
60 66
31 8
61 8
78 72
70 65
65 92
3 35
57 90
99 58
13 69
65 64
56 66
33 62
90 59
39 77
68 77
33 16
82 14
2 46
90 62
45 79
9 66
11 85
71 33
3 18
64 28
45 54
29 10
91 62
51 73
58 21
42 52
67 29
70 58
91 47
80 74
25 0
59 73
70 66
54 98
41 55
79 26
6 7
88 92
45 90
22 7
46 22
78 77
2 25
90 35
80 47
31 16
35 81
79 71
11 37
89 92
41 2
18 17
1 51
38 39
67 21
46 43
6 69
26 72
26 78
3 62
11 57
87 95
19 0
27 98
87 98
67 97
32 80
6 53
52 54
80 17
26 8
77 33
8 26
73 51
87 1
82 27
94 19
39 18
66 54
45 82
49 78
11 44
8 72
49 20
15 21
37 95
44 27
53 79
51 52
23 27
66 22
60 85
65 10
73 14
79 19
54 40
0 3
63 21
74 32
70 52
89 95
96 12
48 30
0 15
80 48
7 41
16 76
97 63
29 61
79 62
77 86
54 97
76 70
18 9
44 34
44 63
10 49
1 31
33 85
85 19
8 77
99 77
38 88
92 9
25 12
9 8
51 6
2 43
14 98
44 30
61 97
35 20
34 24
93 68
81 79
14 59
30 6
34 12
71 66
57 32
14 46
75 35
23 13
0 33
60 54
17 8
91 6
23 7
88 45
1 46
71 26
87 24
73 2
88 36
96 90
50 33
56 70
52 63
85 51
51 3
71 81
18 99
23 22
6 63
11 91
4 29
56 61
8 59
96 55
44 47
52 83
54 92
11 75
25 48
18 97
88 17
68 28
91 10
10 50
35 17
4 39
30 62
25 25
70 9
68 20
73 94
97 49
9 37
71 4
46 59
75 89
84 34
95 12
61 95
96 46
92 70
80 53
99 48
18 27
34 70
9 45
38 26
25 31
37 66
20 14
30 27
12 65
60 63
48 88
84 28
32 2
76 97
87 19
23 62
10 35
69 38
90 84
37 26
98 25
92 57
0 36
59 96
54 24
47 70
65 58
97 8
17 33
92 80
43 41
27 51
46 49
48 53
24 2
24 11
25 92
31 76
41 18
75 33
64 74
74 88
51 69
89 51
41 91
37 5
42 13
97 91
28 63
47 98
99 57
65 1
23 53
52 69
72 82
41 56
17 71
60 22
57 15
54 7
28 31
65 8
60 30
81 75
25 94
83 75
98 1
0 68
10 41
46 7
78 7
5 5
19 6
63 65
87 0
95 60
51 30
21 94
5 37
42 7
49 36
17 76
37 38
75 17
30 47
81 1
46 21
68 79
40 44
20 48
12 7
98 28
86 10
56 24
14 83
4 4
26 73
18 10
36 42
30 38
83 54
74 96
66 77
43 65
68 95
57 47
25 35
66 65
49 35
95 22
36 13
6 31
6 54
88 66
16 53
41 12
93 38
9 55
94 16
71 85
21 43
92 43
53 48
90 49
73 31
30 64
32 10
91 77
22 72
9 31
68 97
62 79
58 22
20 98
50 45
74 73
35 44
80 3
94 96
89 96
36 68
67 6
15 20
23 51
54 65
51 75
17 19
72 59
33 94
48 49
50 12
78 35
94 28
29 72
39 5
62 39
11 13
97 97
82 79
53 94
68 12
46 54
69 0
46 19
67 48
77 38
49 82
55 19
33 87
29 41
72 93
29 1
14 81
51 25
57 89
76 95
3 59
33 19
81 53
8 3
35 57
53 73
23 57
6 81
17 60
98 7
85 88
0 32
86 93
71 93
82 13
77 66
93 5
25 55
32 85
41 57
13 27
84 44
13 51
61 63
91 50
19 61
58 9
57 7
97 12
67 27
28 13
1 33
40 54
29 18
16 87
32 66
88 84
53 71
33 37
70 11
91 96
14 51
42 86
74 11
93 7
75 88
60 84
98 87
42 54
21 37
69 33
96 18
5 51
15 48
20 45
24 72
36 18
57 17
44 72
3 44
46 29
25 59
1 13
73 28
83 71
23 38
83 59
14 6
41 92
40 94
57 0
14 21
61 83
29 46
60 20
96 3
33 5
52 64
20 39
61 2
11 21
9 91
4 66
57 56
66 35
86 48
82 92
24 68
80 67
81 84
18 33
81 99
69 45
34 3
57 38
80 13
70 46
7 43
83 50
12 5
9 60
85 78
74 80
61 26
42 51
60 12
49 84
91 24
59 64
43 17
84 91
70 10
16 56
35 53
43 69
7 31
42 33
91 0
16 4
36 36
83 82
2 48
18 78
35 84
1 93
85 99
98 0
68 78
49 4
88 44
99 23
21 36
38 36
77 3
33 76
64 29
9 26
58 89
8 76
49 19
10 14
67 39
66 80
27 8
32 91
34 46
88 86
16 2
32 25
23 33
58 60
81 92
75 51
25 76
28 1
82 29
24 65
98 3
75 96
76 0
67 36
43 43
16 37
32 34
21 55
22 97
82 28
22 60
79 33
21 75
63 38
67 92
20 4
11 74
2 72
85 94
2 62
23 40
1 18
53 30
78 65
94 7
70 75
30 58
35 86
9 7
40 79
5 43
4 43
7 57
88 47
59 89
90 57
86 53
22 64
10 22
52 35
5 30
64 19
88 78
15 73
32 87
62 25
40 40
9 85
63 79
86 99
73 66
76 91
87 54
33 48
42 1
88 10
73 56
36 20
87 27
34 55
60 79
34 6
69 12
32 82
99 76
95 50
25 90
63 42
6 34
16 6
83 83
65 27
7 65
8 12
17 26
32 77
56 84
26 55
13 11
99 68
57 39
15 96
50 62
66 38
70 64
94 80
99 9
39 93
74 94
19 58
90 9
15 44
79 61
17 56
79 79
69 60
32 0
18 36
30 32
60 78
94 23
53 96
97 20
68 57
32 32
55 73
85 82
56 60
82 70
75 57
84 40
72 34
23 45
98 62
33 65
37 41
36 69
12 39
34 28
15 34
4 55
25 60
20 23
19 52
31 58
34 63
70 30
84 2
46 87
57 69
36 14
40 66
33 44
89 46
36 88
79 58
33 81
43 61
94 21
36 6
83 12
76 7
54 42
5 22
93 19
18 95
84 36
13 94
77 28
68 3
87 97
32 42
38 67
44 70
49 22
48 45
88 77
3 98
84 75
72 89
26 64
68 91
84 39
72 51
49 29
2 71
21 31
18 37
67 64
46 23
80 38
62 11
31 81
18 49
55 86
88 39
13 31
96 92
87 18
82 61
61 36
43 54
57 99
42 17
27 88
48 34
73 61
46 89
0 21
12 86
63 26
69 28
49 64
53 44
46 79
96 1
77 14
65 48
5 32
74 63
0 95
62 70
97 83
46 6
29 83
34 14
45 43
59 16
59 6
14 54
20 43
99 8
27 53
13 84
57 12
0 54
77 88
7 17
49 39
63 40
65 51
33 68
29 96
15 39
81 86
90 65
82 66
38 70
35 83
92 24
69 75
70 54
48 36
97 0
66 0
82 36
42 91
0 66
72 84
53 2
16 90
83 42
64 52
63 48
70 70
69 29
36 23
84 25
47 36
84 16
46 99
36 30
18 77
67 70
86 18
26 23
55 37
16 8
85 89
78 60
0 29
6 57
55 92
82 37
3 77
77 10
35 50
36 50
60 60
20 69
1 54
35 89
11 79
47 35
59 91
41 25
2 87
55 77
7 28
50 13
72 94
30 2
37 11
14 93
98 33
74 62
38 85
17 12
65 54
22 78
20 17
11 10
38 56
42 24
11 56
50 67
37 62
71 69
64 58
39 83
79 3
73 67
36 3
19 23
0 72
38 28
27 95
85 26
64 69
6 52
12 61
90 26
6 39
8 36
28 18
45 14
54 10
4 46
31 36
83 34
79 67
85 33
58 24
86 61
53 53
72 25
84 54
10 36
45 65
81 69
91 13
60 8
56 34
96 53
36 91
41 53
39 90
24 73
93 49
38 82
32 78
80 30
62 89
51 98
51 60
84 31
74 9
79 66
22 44
24 16
7 60
75 0
45 46
53 13
94 58
78 14
69 77
32 35
41 98
30 91
77 60
70 5
51 36
33 69
60 31
28 9
66 50
61 74
42 98
97 40
30 30
31 75
61 84
3 41
55 17
0 61
28 61
77 21
6 59
94 10
61 87
44 62
64 33
64 38
66 98
96 82
30 66
21 72
52 46
51 65
73 4
28 64
95 2
11 83
81 78
26 12
14 10
95 16
48 63
78 70
30 45
70 25
81 45
65 13
51 8
1 76
62 15
65 25
26 17
7 8
98 52
83 26
36 89
48 0
60 59
99 24
28 60
59 28
60 7
22 45
40 1
76 17
35 48
98 2
96 26
23 19
80 42
18 66
92 55
83 45
12 30
24 52
34 56
83 22
36 73
19 33
57 96
13 98
76 92
5 77
22 99
75 9
19 67
46 85
48 75
37 33
34 73
86 80
84 49
11 71
49 30
2 77
5 85
97 14
59 75
64 48
89 7
90 77
85 27
74 70
19 51
44 42
81 0
48 67
37 18
86 37
80 72
55 2
83 4
21 60
22 70
1 47
98 48
42 78
52 43
25 13
28 58
94 72
29 15
13 82
10 33
92 86
85 68
77 82
50 85
40 99
82 8
97 6
19 99
48 78
23 92
59 85
87 61
37 94
48 46
19 55
50 77
57 26
54 64
17 75
44 4
35 31
64 85
84 55
70 1
72 45
99 82
50 58
82 25
19 65
0 39
18 14
1 79
78 21
43 38
89 61
85 98
55 52
25 30
22 63
82 45
18 70
3 39
34 23
81 32
8 99
34 17
52 50
6 91
96 91
40 34
36 71
11 82
44 76
10 58
99 74
27 64
79 39
84 53
75 58
93 72
90 92
83 11
63 25
4 78
86 58
93 9
15 3
7 85
63 82
39 11
90 27
47 43
84 20
35 10
51 77
30 16
95 74
90 33
45 27
79 51
57 25
33 46
90 20
37 1
41 85
64 79
17 3
57 16
76 78
83 65
8 45
77 7
4 17
11 89
20 57
57 8
34 25
69 6
99 53
4 85
97 76
11 55
50 44
31 49
17 37
54 86
96 77
8 17
41 54
89 59
40 11
8 62
72 8
75 53
56 31
83 31
24 89
16 64
66 39
35 71
22 42
63 31
50 72
97 30
11 64
68 65
43 52
25 41
60 45
78 28
27 32
84 19
1 22
74 40
12 16
64 59
48 2
98 73
30 74
63 73
67 57
91 99
69 82
70 34
44 97
41 9
18 21
47 74
3 71
47 80
24 82
98 11
73 91
93 87
52 3
53 85
11 2
64 76
13 57
67 96
98 9
61 46
24 66
27 87
8 95
30 71
69 56
99 73
91 87
42 14
49 26
68 64
38 66
97 22
5 12
3 29
15 30
15 75
48 39
63 12
41 51
51 26
52 2
95 34
79 27
27 48
17 57
42 22
85 64
99 46
53 90
96 58
85 45
77 19
29 76
69 74
61 65
72 81
60 57
52 71
99 18
81 94
11 86
85 56
16 36
24 7
10 37
84 51
31 34
29 90
43 5
66 99
0 79
90 25
16 44
99 56
92 37
30 21
84 11
15 27
19 9
99 72
33 41
98 51
99 14
64 20
61 48
41 36
72 71
85 14
9 84
81 74
32 29
5 34
29 81
57 24
11 62
32 92
93 46
37 84
91 20
28 23
89 76
77 68
77 59
26 93
45 12
51 82
54 8
12 70
34 76
64 23
64 35
56 3
43 18
98 97
47 50
42 36
38 87
7 58
6 71
38 79
20 0
74 59
81 29
29 33
51 48
43 23
48 37
54 36
54 44
16 50
66 19
87 88
74 97
63 80
7 35
63 94
26 5
79 57
30 96
96 68
26 52
63 23
63 74
94 76
95 94
75 37
39 24
0 99
31 29
95 32
9 6
86 27
50 54
85 25
51 16
57 13
72 98
22 57
73 86
75 10
12 91
16 40
5 94
79 55
94 6
44 96
68 13
65 2
34 66
70 41
96 17
31 60
6 75
36 26
31 77
10 73
68 46
90 30
2 82
27 79
46 31
59 69
52 26
63 93
4 58
98 27
42 18
47 75
30 89
74 4
87 84
89 3
37 9
38 75
8 85
43 10
35 68
80 20
82 94
0 82
97 47
87 23
7 26
39 19
55 70
79 77
82 59
46 75
88 1
58 56
12 60
66 28
39 53
91 61
8 90
53 93
69 48
18 13
57 48
56 64
84 7
42 55
48 60
93 78
84 64
25 40
48 25
53 26
84 95
37 63
61 39
37 42
17 21
60 80
30 4
81 98
0 30
52 28
78 82
10 2
96 38
84 82
66 91
43 68
41 42
41 99
69 72
36 57
3 96
17 85
14 76
29 63
75 61
30 11
46 32
67 91
48 27
91 17
79 21
88 55
11 68
20 15
30 97
41 87
68 88
63 34
6 23
98 63
80 55
98 92
81 23
85 67
87 49
74 72
41 6
10 44
83 7
41 94
58 26
57 86
99 61
68 58
88 29
60 88
9 35
99 16
68 44
95 23
43 24
15 6
13 76
2 61
31 54
82 75
83 18
30 31
47 6
37 25
55 59
96 73
62 32
1 45
66 97
34 84
91 74
95 72
69 3
45 32
65 66
7 92
15 77
78 85
11 73
61 92
23 1
28 95
0 16
27 22
93 18
82 11
55 65
77 74
4 92
99 21
18 7
71 72
93 27
39 46
86 46
3 48
55 7
50 92
9 54
83 53
94 14
5 59
1 62
18 51
28 88
79 86
81 9
60 44
53 63
58 79
2 50
81 80
5 68
17 90
79 52
5 27
50 31
14 4
6 24
67 53
86 63
7 47
84 71
41 65
58 31
31 73
25 56
58 86
82 0
98 24
44 48
38 7
47 17
83 41
66 71
47 5
33 6
65 86
31 13
67 50
6 44
23 9
21 13
28 89
41 30
2 73
61 43
9 53
40 51
38 38
50 4
72 78
12 85
16 47
1 94
28 87
50 66
44 0
52 18
27 83
61 3
94 27
48 13
60 16
90 41
32 75
96 44
92 30
26 50
87 25
2 11
41 75
50 99
58 54
38 21
66 89
7 45
72 58
46 8
86 98
75 75
60 56
80 19
68 27
80 84
8 18
86 0
36 47
32 9
46 46
93 47
46 92
72 99
87 94
93 80
6 30
10 92
94 75
83 44
30 80
40 89
79 13
66 27
43 63
60 49
69 9
55 44
72 83
15 64
17 95
62 28
9 69
58 32
80 41
88 56
99 29
56 42
86 5
8 48
62 44
91 43
63 81
11 47
15 0
57 10
28 4
6 95
96 61
74 25
94 89
86 6
59 80
95 53
66 40
5 67
4 56
18 44
91 57
19 5
1 12
65 81
19 11
65 90
71 2
99 6
52 74
93 90
82 65
10 27
68 23
23 60
71 37
79 34
60 37
18 16
58 47
18 15
83 46
71 20
10 13
77 43
71 89
79 28
7 64
23 3
86 9
33 66
94 51
51 44
46 70
6 92
51 79
4 45
9 40
95 85
10 62
5 73
63 2
79 30
31 33
42 73
11 27
8 10
0 59
6 76
22 0
0 85
36 76
11 22
9 61
81 73
43 99
76 34
74 54
11 77
70 2
84 92
42 41
80 34
77 90
26 30
57 2
4 0
10 80
2 24
92 36
91 48
22 26
17 17
38 44
1 71
64 32
20 62
30 25
13 85
24 31
84 59
10 26
75 83
7 40
28 75
94 63
11 3
69 63
70 8
83 16
42 28
31 65
79 24
4 99
42 15
3 1
38 24
91 11
77 11
95 90
51 70
38 23
22 15
62 76
18 62
47 30
30 40
95 75
84 84
99 88
61 6
21 71
88 52
78 66
19 96
18 86
58 16
5 78
44 31
99 5
39 72
44 86
15 31
85 58
15 94
68 70
10 60
58 49
56 39
87 4
8 56
37 4
81 60
10 1
92 18
93 60
