100 3
14 51
64 8
61 24
39 81
28 6
10 29
61 91
40 22
95 51
37 40
37 19
25 38
50 65
39 71
25 73
74 43
17 5
99 29
92 22
60 14
50 66
64 70
79 9
81 5
7 24
51 86
29 37
76 30
65 5
79 44
95 28
37 99
73 56
58 60
96 51
10 85
0 4
52 55
89 57
83 62
7 77
38 19
75 98
42 28
59 22
98 79
34 14
47 24
19 12
46 35
57 65
5 57
77 53
77 95
70 8
50 78
54 42
63 81
88 99
2 85
1 30
99 90
89 79
80 57
19 44
21 2
78 81
19 38
80 38
55 52
39 16
12 79
30 57
0 72
4 43
37 67
41 71
24 8
66 55
1 0
74 38
89 73
14 60
50 0
94 82
41 0
70 1
78 2
96 29
40 69
4 73
54 34
26 71
36 90
43 95
6 50
84 79
95 9
35 8
85 68
26 2
57 13
44 32
84 12
43 32
2 53
10 99
45 21
20 95
96 81
4 24
73 88
89 66
92 66
90 28
15 60
66 86
47 95
83 41
81 10
14 17
57 68
37 21
54 0
74 63
4 81
53 90
98 11
47 48
73 9
20 68
11 82
68 40
74 85
47 42
53 39
28 58
9 37
94 71
54 43
28 60
66 15
86 81
19 17
51 2
23 9
59 47
55 67
49 5
12 95
35 27
72 6
30 0
59 6
94 46
49 17
88 0
86 18
47 55
92 15
6 15
21 47
64 79
23 36
33 30
69 42
31 58
92 78
79 56
73 17
45 39
19 90
43 58
72 24
61 43
94 8
29 83
68 34
17 22
41 99
99 69
7 41
35 74
94 36
84 1
11 95
20 71
52 53
66 4
66 85
27 27
26 97
44 68
57 55
84 10
1 89
64 42
52 12
5 0
29 7
35 88
18 70
98 39
47 76
99 35
19 2
10 14
41 61
41 66
51 0
82 91
17 79
71 92
82 51
35 49
56 43
33 37
49 33
4 62
44 42
70 62
0 13
6 87
76 58
33 44
94 61
32 81
38 40
82 45
24 50
92 16
67 58
13 35
6 45
20 22
43 22
7 1
33 95
82 99
67 18
29 87
61 69
54 40
23 68
93 38
98 52
45 68
54 53
50 38
53 56
81 62
30 31
98 66
60 51
26 83
22 5
98 24
6 44
88 97
64 10
29 91
9 12
3 61
18 94
49 65
76 26
51 45
23 66
21 0
80 93
98 16
81 15
60 96
24 64
11 76
12 0
66 59
59 51
14 7
12 62
26 69
88 14
88 76
93 46
52 90
40 74
18 74
89 91
74 53
12 86
45 62
81 24
5 19
46 57
62 16
47 82
16 11
69 18
30 65
38 31
40 21
95 54
28 19
45 71
38 8
47 53
74 54
12 46
66 25
38 29
30 45
42 67
72 90
63 95
90 12
44 7
11 63
26 18
17 19
47 77
71 71
11 18
59 14
31 4
31 61
45 56
20 61
13 86
60 90
45 60
99 50
24 32
84 11
55 92
95 36
89 87
70 29
84 5
54 22
23 38
5 33
24 25
94 62
7 96
0 71
22 46
35 55
53 84
40 52
27 1
37 39
70 31
10 69
72 67
12 92
59 93
74 90
60 56
88 34
70 48
62 28
9 79
1 36
58 25
34 99
53 85
90 80
92 36
91 32
15 48
52 49
19 14
95 27
14 83
91 2
57 31
35 44
54 16
90 97
18 44
23 77
8 54
99 83
33 22
28 22
98 7
5 95
29 89
74 81
21 90
60 39
88 69
76 90
11 62
93 69
58 22
78 64
7 28
43 46
38 66
93 0
8 93
51 75
42 51
46 42
44 38
27 31
48 75
29 13
89 14
87 52
89 5
85 41
68 9
85 85
63 82
25 55
38 59
48 22
39 26
30 15
70 4
1 79
86 64
62 33
42 9
57 12
91 55
53 69
96 87
46 22
22 49
53 65
35 15
51 38
95 41
28 26
12 20
40 26
51 22
87 86
27 24
19 39
95 97
65 71
96 69
92 59
56 34
41 20
79 82
21 45
74 77
52 61
59 82
88 61
89 7
48 54
84 2
12 35
99 53
78 77
67 27
12 71
44 35
10 61
62 24
9 94
34 5
24 87
69 76
83 88
46 25
79 66
95 80
99 2
0 63
54 97
58 44
95 7
57 34
83 3
12 4
93 68
0 90
86 85
73 67
8 85
30 46
22 59
1 47
63 50
84 35
51 89
86 75
8 74
73 77
44 99
42 38
92 29
49 0
49 15
35 58
76 78
2 78
11 67
8 8
68 11
22 10
41 27
64 67
92 10
86 47
93 96
33 62
11 59
65 45
37 43
83 92
43 75
94 87
44 87
76 93
55 48
17 95
5 90
35 34
13 82
47 52
65 18
20 70
56 32
61 40
80 83
73 93
21 39
18 80
26 56
95 29
18 52
98 88
90 63
21 24
4 76
12 28
81 70
46 79
46 38
59 60
48 58
58 35
20 94
49 64
96 73
20 37
7 29
85 83
79 5
6 17
18 67
44 33
22 3
42 2
51 68
49 22
90 60
95 2
77 1
34 77
62 4
4 99
16 79
88 60
30 67
14 20
10 2
63 10
15 23
36 39
77 36
95 44
56 0
36 35
16 6
49 70
50 58
26 33
59 37
4 49
83 23
65 3
62 46
34 29
15 65
38 55
44 86
21 50
33 53
73 45
90 58
49 86
69 31
21 37
77 79
76 86
44 88
48 15
97 85
40 56
14 58
28 83
7 74
43 91
29 40
34 35
84 27
26 75
91 54
37 7
34 95
78 35
74 35
16 50
72 10
54 89
80 5
86 87
49 48
40 60
55 10
41 16
3 3
73 53
43 90
17 74
62 87
61 17
12 8
86 3
99 17
63 58
18 63
13 94
16 62
94 45
49 50
98 94
16 16
14 62
52 64
67 70
63 75
19 94
90 55
69 45
4 33
36 56
32 51
35 71
91 97
99 56
90 44
78 34
77 37
31 55
81 19
35 33
26 59
45 42
55 68
19 62
21 30
98 93
81 68
97 81
92 60
64 47
36 62
3 29
84 85
15 10
64 49
25 75
5 20
56 16
97 24
27 28
68 53
39 85
72 4
22 71
82 86
2 92
17 58
59 57
38 85
19 72
97 6
50 63
69 43
23 6
60 74
76 28
74 88
62 41
37 85
35 2
6 7
2 24
23 95
54 9
4 55
49 6
95 94
81 39
14 2
47 3
3 27
12 43
88 28
11 58
27 11
99 3
27 34
53 8
47 41
97 27
3 9
96 39
88 7
67 74
40 42
76 44
57 35
22 15
70 3
39 25
18 13
87 81
94 53
20 33
54 83
89 52
60 21
49 95
38 30
42 92
62 60
62 7
50 26
99 49
4 48
25 23
7 22
50 53
38 74
20 28
0 5
45 99
46 55
18 23
23 22
8 57
2 79
80 75
65 20
69 13
89 56
41 82
40 58
73 84
2 0
49 82
5 61
41 26
51 33
37 31
99 76
73 64
15 94
67 5
84 32
90 15
83 14
46 70
31 47
45 93
65 74
4 70
48 93
27 46
30 38
44 13
95 34
39 89
45 1
61 76
46 74
61 28
30 74
3 34
91 86
62 75
28 17
24 79
71 21
57 62
81 25
38 84
29 42
30 12
12 38
50 88
46 93
8 17
1 39
4 51
57 71
98 57
25 48
85 48
22 47
70 43
54 17
83 8
77 2
85 69
75 46
78 76
30 34
23 80
10 82
83 33
98 13
79 60
16 28
35 62
37 23
2 63
86 11
89 33
76 37
89 16
97 96
10 24
83 13
92 64
59 24
9 73
92 52
15 28
17 20
1 85
92 17
29 31
59 81
8 22
43 94
43 35
52 85
42 55
53 52
76 80
12 63
72 66
87 24
27 54
3 13
49 71
87 54
0 57
82 94
91 88
76 67
57 25
67 93
49 28
35 37
15 80
74 21
75 21
17 38
68 96
79 54
6 55
95 82
79 46
22 94
3 30
46 96
66 35
93 48
4 92
56 61
7 8
54 96
84 39
85 66
77 7
55 91
89 25
72 69
8 19
42 19
20 67
16 36
11 97
79 39
94 97
12 32
57 97
20 79
23 35
54 1
51 34
92 89
78 46
30 7
76 29
78 79
21 87
0 50
48 16
21 66
51 93
69 3
70 30
71 26
16 95
68 85
69 84
39 93
96 28
3 45
91 7
75 83
27 90
41 89
26 74
43 34
86 28
99 25
3 20
82 22
96 6
60 73
76 49
56 2
26 60
37 54
74 23
88 53
1 42
68 87
97 21
37 16
44 31
66 38
70 83
0 30
57 26
24 97
21 93
93 59
52 77
88 36
23 86
23 91
61 3
24 19
66 58
30 9
10 59
97 17
36 13
72 54
89 67
22 74
63 49
61 50
9 55
44 73
76 9
71 52
94 33
74 20
97 39
84 56
64 37
4 37
33 82
51 95
70 11
18 1
59 72
30 97
27 70
64 6
96 66
81 75
11 43
0 8
67 28
51 52
84 65
10 74
1 72
47 19
91 50
71 46
21 98
61 55
35 32
36 11
19 78
44 39
84 3
3 93
56 38
24 12
74 4
13 8
67 82
41 95
97 77
66 65
87 59
52 1
88 63
72 25
44 64
32 27
99 32
73 51
27 18
44 20
26 70
63 33
59 73
86 49
67 13
47 59
3 26
59 56
98 62
95 23
58 73
87 4
5 62
71 19
75 43
60 92
39 70
45 33
27 33
15 99
88 31
71 90
34 55
19 18
93 61
59 33
77 14
68 60
89 41
62 35
44 17
4 30
22 65
53 34
77 46
92 51
13 44
59 17
6 56
31 37
75 13
22 28
59 16
94 6
75 9
28 40
15 7
92 4
2 56
22 22
75 33
83 80
48 62
33 28
70 60
57 63
55 82
14 90
7 91
6 84
59 34
11 40
91 22
44 54
79 33
52 14
2 26
47 47
29 67
36 73
65 9
12 89
51 3
36 58
94 22
29 30
40 17
93 65
86 71
61 7
80 64
99 88
80 39
23 78
62 71
45 28
57 76
53 98
73 72
60 98
40 40
43 28
96 91
40 16
4 88
46 10
41 96
36 42
42 59
79 42
17 4
36 95
17 49
79 80
47 51
15 67
37 46
27 43
75 11
88 26
60 4
49 99
33 84
76 84
68 18
73 63
8 69
54 36
68 6
71 95
70 33
25 52
49 56
52 78
40 80
11 93
51 12
63 11
96 46
26 38
12 10
99 63
80 81
6 77
61 62
93 8
78 11
34 19
57 92
71 22
9 91
74 65
15 43
35 52
50 83
41 36
54 21
44 60
29 68
81 13
27 77
24 16
95 24
0 69
38 69
56 65
21 34
53 28
93 35
75 99
14 85
53 76
8 51
64 98
19 74
92 73
43 38
71 84
30 99
74 44
88 93
54 91
34 45
58 58
29 72
56 75
91 21
95 89
6 8
21 69
43 82
39 22
84 84
12 56
73 78
77 44
75 80
51 51
59 38
62 74
41 47
31 95
87 29
24 68
58 41
88 12
66 61
9 40
34 18
78 55
72 51
5 12
33 32
64 28
22 55
65 16
52 23
82 9
67 80
95 62
54 49
90 26
75 5
27 51
72 5
64 55
34 58
48 8
64 24
30 60
39 6
86 62
43 68
12 18
30 75
52 62
69 11
56 92
47 56
19 4
61 31
6 4
64 3
78 48
14 61
98 33
96 13
79 97
6 99
19 19
81 28
73 59
76 31
70 17
81 65
13 66
20 42
99 58
30 8
49 74
74 34
12 1
44 61
52 5
34 1
26 30
12 77
4 42
33 86
13 80
94 75
25 42
76 19
67 37
91 78
85 49
52 76
39 86
90 82
16 25
50 13
51 79
69 29
73 66
49 40
91 94
77 20
28 57
24 69
26 27
70 27
5 50
24 56
0 76
80 44
99 28
96 56
15 50
2 97
32 65
80 53
87 56
82 24
83 45
38 57
34 61
90 41
43 24
13 77
92 21
89 18
84 25
69 86
44 83
93 55
41 12
99 40
55 17
69 69
68 42
44 65
58 59
50 73
43 5
2 4
58 10
63 57
39 43
87 96
96 54
68 27
87 62
22 70
70 9
92 75
82 79
87 2
47 1
53 94
57 24
20 82
84 87
23 15
20 15
11 30
79 41
25 46
78 68
2 13
99 84
66 12
43 67
31 54
46 8
10 83
60 53
69 38
69 26
82 27
34 69
69 50
15 20
96 7
15 49
45 41
28 20
16 1
35 13
96 67
81 44
54 27
6 72
29 61
80 85
42 44
62 77
70 68
46 49
95 53
39 8
13 28
79 31
67 42
99 68
27 93
22 16
18 28
58 40
32 26
68 94
40 83
39 82
74 57
3 76
18 14
7 60
78 87
46 43
70 59
34 66
68 71
73 98
78 67
84 62
61 9
4 45
71 15
14 81
46 33
74 59
13 88
95 31
76 62
90 46
92 53
20 45
87 25
40 76
93 50
1 5
99 55
3 98
99 38
3 73
65 17
51 18
12 50
53 53
62 40
27 13
68 63
56 67
12 88
19 3
2 5
77 65
96 18
44 36
30 41
76 50
77 75
50 50
90 27
47 49
29 75
95 71
22 20
68 55
64 75
41 86
5 73
72 8
16 54
56 54
90 83
78 62
24 71
36 29
88 92
70 23
92 25
83 76
25 60
48 60
49 58
46 84
60 6
59 2
97 62
64 77
51 40
11 38
80 23
45 84
82 16
71 88
4 44
25 97
21 8
55 45
59 66
93 58
70 78
65 1
67 23
58 39
20 76
51 35
27 85
65 6
66 89
61 70
60 97
34 86
99 33
51 87
0 31
94 31
35 41
9 60
60 58
0 96
49 54
25 82
3 38
78 92
42 20
65 85
6 54
1 77
75 63
73 2
7 78
35 42
97 37
17 50
5 22
51 32
20 96
65 60
28 89
88 11
86 72
61 56
11 96
4 85
64 93
80 95
58 23
85 0
62 20
53 73
11 78
62 36
28 24
63 5
58 68
96 71
22 43
52 93
88 25
24 85
36 26
27 32
40 34
76 40
59 31
65 33
56 74
81 59
75 73
5 94
31 30
81 57
75 27
72 15
28 35
93 90
46 28
97 47
51 91
30 48
38 45
76 89
7 65
33 10
1 34
99 43
27 7
67 66
89 17
13 85
46 82
21 23
78 20
19 77
59 26
80 66
67 9
11 48
80 82
62 21
76 32
85 28
87 68
11 66
6 59
55 9
48 96
66 48
18 30
0 7
87 64
40 55
73 44
95 42
76 94
18 25
1 65
65 40
82 89
52 42
78 18
11 27
13 45
38 44
73 8
42 73
11 44
72 47
65 8
24 3
36 93
98 41
50 74
10 3
29 57
60 26
32 46
2 47
13 62
35 20
30 59
54 60
2 37
45 52
15 30
13 54
83 19
5 81
76 36
41 23
15 83
46 45
91 30
31 77
21 31
77 87
64 30
0 18
45 88
55 94
81 90
22 44
6 65
15 29
23 29
89 3
99 62
48 45
78 83
59 29
16 21
47 87
83 70
76 16
90 42
21 97
88 46
1 52
27 29
79 84
86 70
59 62
25 2
84 78
28 21
45 69
85 18
85 98
33 69
83 2
63 40
41 22
35 78
96 80
8 70
91 27
52 3
15 26
36 34
49 84
28 53
54 99
41 68
28 74
51 17
72 31
60 34
30 37
53 62
58 29
58 90
99 74
83 81
79 26
22 82
92 65
76 98
26 51
11 87
55 76
43 13
31 1
68 13
81 92
45 80
97 42
54 46
60 23
52 31
73 27
47 97
35 29
59 76
7 89
97 67
52 0
51 26
28 27
41 9
3 56
80 62
52 59
19 66
38 68
72 28
59 88
84 9
32 11
4 5
49 89
66 20
20 39
66 90
71 0
28 8
7 35
38 6
72 63
13 90
26 22
8 42
45 77
81 6
5 66
69 36
54 87
1 14
43 7
69 74
47 25
73 0
14 89
60 59
48 76
9 43
12 53
60 60
84 44
61 65
61 30
9 10
97 86
59 90
80 45
47 65
58 85
94 93
34 89
39 80
18 91
30 49
87 37
75 15
81 33
0 66
27 49
73 7
22 67
15 44
93 98
69 0
92 30
80 76
37 41
9 32
97 74
18 54
64 17
0 62
71 33
11 6
67 64
34 9
67 78
71 30
54 59
67 14
82 21
44 92
27 83
59 96
19 97
4 56
14 24
67 1
13 98
7 31
39 9
2 1
31 87
49 91
18 27
74 46
31 50
63 83
45 98
11 81
14 53
81 0
13 41
96 74
71 79
87 85
13 91
42 32
21 54
67 61
63 41
60 91
16 82
61 58
99 64
7 2
35 7
43 73
65 2
55 77
14 56
90 39
37 73
61 71
16 35
76 3
37 59
86 25
36 17
90 22
35 51
37 56
53 67
51 57
40 86
84 88
25 56
77 78
71 41
5 72
80 33
66 64
85 78
18 11
10 28
90 45
39 92
65 81
18 19
99 65
61 81
72 84
39 62
28 0
61 15
55 36
1 86
35 76
22 62
31 59
42 69
3 80
41 93
79 92
37 14
75 95
42 36
25 24
77 81
36 94
41 70
80 27
26 25
71 54
26 91
88 15
38 20
61 97
48 72
19 29
11 57
41 74
10 8
94 90
18 78
74 7
23 94
39 47
65 67
58 30
0 70
95 30
3 35
70 10
85 92
31 19
59 5
1 94
0 28
41 75
1 57
99 24
80 24
69 52
67 75
8 97
65 76
48 27
52 67
90 10
55 0
48 0
3 31
54 20
58 67
68 78
0 79
85 29
48 65
43 23
35 86
15 64
60 95
14 37
44 94
6 14
29 21
26 76
76 57
3 58
11 23
15 3
58 20
59 42
97 14
79 98
98 73
50 47
8 7
91 84
7 50
15 24
20 44
96 62
93 18
66 19
13 0
48 87
84 48
82 96
35 46
0 29
58 65
68 35
74 37
77 48
4 47
48 20
49 24
24 52
29 65
0 94
10 51
89 58
80 36
7 68
14 44
44 24
53 37
28 94
55 80
70 79
46 64
78 16
83 21
4 41
75 38
28 32
51 10
50 52
45 94
66 73
62 15
26 39
59 92
27 26
63 76
64 76
72 79
37 11
2 84
80 74
1 40
62 34
86 40
41 31
20 59
80 22
84 55
45 11
36 74
99 48
57 52
25 1
73 95
33 65
68 8
59 20
32 98
4 29
78 71
34 76
70 96
16 2
98 9
44 49
97 55
50 1
12 21
31 32
67 69
5 37
85 4
3 54
11 46
93 45
30 91
14 80
47 23
63 25
48 41
90 31
59 87
74 55
31 92
71 80
0 67
56 73
87 5
31 18
46 37
15 75
65 87
19 37
4 57
82 59
0 51
17 29
50 7
21 83
28 13
80 14
98 29
32 52
22 40
12 12
22 12
41 46
72 82
7 67
56 7
71 60
30 22
98 90
78 30
46 3
36 41
82 48
26 45
60 75
89 23
36 70
10 64
53 1
50 8
10 67
40 62
75 51
38 80
31 20
11 80
32 47
65 90
21 29
43 10
38 4
32 39
62 9
63 71
97 66
26 95
43 54
21 72
97 12
68 21
55 49
87 7
23 74
24 14
80 10
19 35
45 55
70 93
33 19
54 65
47 32
52 86
1 11
52 57
18 59
75 85
89 8
67 32
32 63
30 26
57 29
82 0
77 28
5 32
53 20
61 14
22 50
10 81
75 35
0 39
6 1
57 7
57 38
27 35
94 59
85 90
19 20
25 12
15 70
71 91
2 73
42 56
78 26
61 82
47 90
12 58
45 66
43 9
94 17
76 96
82 15
5 98
77 30
96 30
4 78
68 70
74 26
36 45
44 8
92 87
47 54
76 59
19 70
34 73
17 33
31 74
66 47
67 26
29 25
63 90
77 61
85 23
20 69
10 37
85 20
27 92
55 1
15 14
71 40
21 13
93 99
6 90
22 64
76 47
36 66
71 4
46 85
51 39
16 76
58 98
56 24
94 69
41 87
47 86
37 68
15 97
31 64
16 88
88 24
75 87
25 85
26 54
16 0
27 81
60 40
58 64
15 41
43 72
25 43
6 80
31 98
24 95
23 41
44 57
39 73
34 43
34 64
27 91
45 43
69 65
23 71
80 91
88 37
17 91
6 39
38 15
40 36
75 78
29 27
36 69
7 38
82 83
15 71
1 46
56 19
27 72
62 80
29 94
84 52
32 79
74 78
66 1
95 92
62 42
80 96
45 87
13 75
5 75
38 61
1 56
14 72
96 24
6 43
28 56
5 71
2 39
4 60
76 53
7 70
82 30
56 28
59 15
74 94
16 69
48 61
59 40
66 97
74 95
34 54
97 40
43 33
44 72
91 18
11 55
50 20
56 76
35 82
92 92
88 59
0 10
99 80
24 92
73 31
42 77
62 8
2 99
30 25
45 25
52 60
26 13
90 99
47 15
35 9
28 82
23 81
64 54
24 39
46 44
12 6
53 89
20 34
13 68
95 0
35 54
51 76
33 4
40 63
12 70
98 38
22 51
98 10
25 77
70 54
48 51
22 39
26 47
17 94
35 45
6 16
8 16
65 32
37 45
35 67
81 85
33 63
12 78
18 45
59 85
87 87
94 19
92 98
92 18
86 5
19 83
33 64
35 92
14 77
82 60
37 2
53 91
12 61
89 36
48 17
59 30
95 95
57 48
13 95
63 48
15 35
76 5
70 91
5 74
39 30
63 47
86 12
87 65
50 61
41 81
33 79
94 16
49 61
50 77
86 43
76 18
91 99
99 81
29 98
92 88
42 33
56 50
65 59
95 12
84 95
26 77
59 78
60 37
45 19
2 88
93 4
19 27
8 62
17 96
50 11
51 81
60 89
9 52
60 2
8 67
79 86
90 49
26 32
5 9
10 0
16 74
90 77
78 93
3 52
49 53
18 72
47 73
59 43
79 90
27 87
4 89
81 98
9 85
63 56
30 18
56 83
24 84
85 24
86 4
13 40
90 72
75 77
75 26
12 36
3 15
82 20
8 13
77 24
56 47
65 66
78 22
96 61
38 81
77 55
77 50
68 69
62 88
63 12
76 55
64 59
85 60
69 73
86 53
65 31
28 37
44 4
27 52
73 80
10 71
92 81
63 80
22 89
1 97
46 1
83 85
44 97
4 67
37 37
29 82
80 31
99 82
83 74
93 73
0 33
9 76
73 22
27 8
35 87
61 35
10 98
26 92
43 26
48 37
92 27
13 59
3 53
33 55
11 39
52 69
73 54
44 93
39 4
18 61
50 85
21 11
16 24
9 25
35 11
91 39
46 75
38 0
60 16
59 89
97 51
60 72
90 47
97 11
41 13
47 85
43 59
92 82
16 52
13 16
52 36
99 15
48 32
79 16
67 72
70 90
21 53
7 5
77 42
90 25
1 27
75 23
58 62
28 99
74 48
90 84
42 25
26 1
49 25
7 55
66 54
71 7
58 38
28 11
14 69
33 94
21 22
87 53
13 71
64 26
6 38
47 69
93 1
22 19
6 82
2 91
28 65
95 67
24 29
42 99
70 28
8 45
83 56
49 11
25 95
72 49
57 73
14 27
99 85
48 69
81 94
2 38
76 6
93 27
6 85
13 14
50 87
41 65
23 84
65 7
61 46
95 72
67 71
10 4
13 25
63 87
52 45
3 59
13 52
53 80
18 7
40 87
29 23
46 23
79 73
97 5
10 7
98 15
0 99
19 25
56 46
12 14
84 19
11 20
95 96
75 4
13 32
5 56
18 3
58 16
85 74
89 84
48 53
68 50
27 76
55 35
65 89
77 72
8 47
51 58
42 52
17 41
67 51
89 40
4 69
38 89
26 88
26 16
21 77
38 58
74 84
32 78
0 98
97 97
31 60
78 13
22 13
10 84
7 71
23 47
66 10
24 2
0 74
70 64
91 62
24 61
91 65
93 82
78 21
19 76
54 77
66 13
56 57
41 41
14 32
0 34
91 44
57 18
98 8
38 23
17 3
9 68
9 7
19 47
10 47
33 34
27 19
89 13
27 56
73 34
41 59
72 23
81 43
66 60
36 40
65 94
30 33
56 49
61 39
54 86
79 74
1 10
70 32
86 66
70 47
92 28
30 76
23 89
64 20
30 16
20 46
96 0
99 22
63 24
31 80
36 68
58 77
96 64
86 10
0 42
6 86
90 0
8 86
39 24
96 82
73 62
50 30
2 82
74 67
86 31
26 68
77 68
17 97
92 97
23 54
74 64
42 1
34 31
42 29
90 48
75 57
56 44
17 48
28 25
95 69
54 81
18 6
87 51
51 8
41 42
74 1
78 33
88 72
10 19
77 43
41 60
69 88
52 32
23 13
19 73
49 21
41 15
5 8
73 81
22 68
2 65
54 88
71 76
15 88
67 89
46 19
79 36
87 43
57 2
94 51
14 78
61 78
91 15
4 97
16 64
99 1
54 82
80 56
39 60
14 92
42 78
20 52
3 28
78 57
87 63
17 76
29 18
9 78
48 85
55 23
56 95
38 26
67 99
46 16
65 21
2 77
97 54
80 60
51 64
47 18
32 95
55 97
96 37
71 57
43 11
30 78
7 47
7 64
63 35
50 31
91 16
59 83
22 83
75 16
58 5
36 28
54 76
68 31
94 29
17 6
16 75
82 87
45 82
62 82
88 5
20 49
39 98
23 21
39 66
12 13
56 53
27 22
15 34
26 73
90 93
66 52
28 71
55 42
61 26
49 38
74 80
29 90
36 99
1 3
57 79
42 74
73 65
15 42
98 53
81 53
47 84
16 96
91 90
66 51
5 97
24 33
88 89
47 62
7 26
50 94
53 26
64 15
14 26
91 12
88 57
90 66
53 51
11 89
2 58
47 21
8 50
39 3
91 19
87 84
36 25
76 99
43 77
34 71
60 15
76 75
47 67
79 45
78 0
3 55
55 78
40 77
31 3
11 54
29 58
52 96
5 3
36 32
42 39
26 35
13 17
43 76
45 75
14 86
14 4
84 58
66 23
65 70
22 72
68 10
30 77
71 74
25 36
11 9
80 58
16 40
79 27
93 75
98 0
48 33
41 91
95 13
26 50
63 37
59 74
0 89
21 76
83 46
33 13
10 6
10 54
60 86
69 25
70 84
44 91
59 63
38 14
52 91
21 7
67 48
71 87
10 87
52 73
78 86
57 14
16 14
18 97
73 13
87 20
54 61
44 50
93 9
54 7
57 61
64 86
32 83
46 50
47 17
20 7
89 32
90 57
2 42
69 92
36 1
14 49
69 2
11 42
12 26
66 80
81 31
74 31
70 66
99 86
94 1
85 6
55 22
68 29
40 70
43 98
31 15
70 21
15 36
5 60
54 70
43 47
82 61
17 82
14 8
92 26
48 95
74 32
74 83
60 80
80 79
12 90
10 22
37 72
89 64
70 74
31 83
88 66
13 31
15 87
35 0
36 55
56 93
4 22
45 5
2 3
31 76
79 53
22 97
17 57
95 74
52 39
82 78
49 14
89 10
63 93
92 83
82 28
0 80
24 63
35 84
54 95
66 40
98 82
31 96
25 67
14 22
6 33
21 80
5 1
91 45
37 80
66 87
41 63
59 70
50 10
57 83
96 75
51 99
29 74
12 97
70 12
65 47
0 26
95 91
81 78
7 75
83 95
34 87
57 70
81 63
84 7
98 17
40 48
60 10
60 33
85 91
90 91
62 45
43 17
40 15
57 3
17 75
77 56
15 77
57 33
44 74
42 88
4 50
62 31
40 54
31 86
60 50
18 20
71 56
21 33
88 19
15 21
34 17
49 41
19 50
15 91
7 94
13 42
23 90
76 68
44 27
91 40
9 65
3 90
98 43
91 33
80 89
22 80
29 56
26 24
89 30
3 49
71 97
10 31
28 87
64 97
43 52
85 93
37 77
1 87
74 6
31 67
61 23
83 63
6 24
21 10
77 83
89 77
98 64
81 29
28 84
31 91
48 84
62 91
78 78
55 63
48 52
94 63
50 27
59 97
95 38
36 43
50 76
90 67
95 39
30 70
58 37
57 88
40 78
53 44
70 2
46 27
77 52
66 39
72 13
2 59
62 11
99 8
33 38
48 44
26 17
13 92
66 46
12 44
39 52
33 74
22 79
54 12
24 27
4 19
27 82
26 46
70 73
94 21
49 2
97 10
62 48
66 62
42 0
54 15
46 66
14 45
33 73
24 94
71 62
65 82
76 2
27 6
16 81
22 99
78 42
11 5
0 47
8 55
57 23
8 82
1 38
98 77
62 70
12 37
19 75
56 56
86 57
10 1
73 21
77 8
26 14
91 10
5 7
99 20
25 80
22 54
48 36
79 95
67 65
93 3
60 47
42 18
10 95
79 75
7 36
64 21
90 71
36 72
81 61
97 2
1 74
59 3
32 60
88 91
67 38
47 71
44 9
80 69
98 1
74 13
81 47
11 84
69 23
78 52
97 30
35 56
89 53
77 94
5 82
9 34
71 9
95 8
91 14
51 55
95 52
32 96
49 55
24 9
2 22
7 86
98 5
66 32
97 91
94 91
7 88
4 71
81 51
97 64
37 58
95 78
33 8
29 78
1 99
94 48
14 31
95 76
10 96
32 61
85 2
69 17
40 71
57 41
61 98
2 30
20 6
14 19
76 56
5 78
51 23
80 13
6 88
66 82
71 23
18 95
73 49
33 92
85 87
45 16
34 90
3 46
42 66
92 46
62 86
35 6
95 19
31 93
34 79
43 18
67 81
84 14
23 1
24 55
78 27
71 59
64 92
94 55
91 0
72 7
71 75
53 97
71 77
10 38
21 46
31 31
41 40
80 12
8 58
83 89
49 73
39 61
51 11
65 24
81 14
62 73
93 34
49 3
51 27
30 72
68 43
61 27
36 30
37 97
6 49
79 91
27 58
58 63
27 20
63 91
77 11
85 9
93 57
0 68
16 46
86 94
53 72
77 45
62 54
50 91
79 34
10 57
61 93
63 53
52 92
25 25
4 14
94 79
65 36
12 67
4 16
61 64
12 30
43 30
37 5
63 84
87 18
14 99
33 54
80 63
97 25
26 37
51 20
32 42
92 69
70 52
52 54
67 41
35 65
26 87
46 40
64 81
58 57
6 81
62 90
21 48
94 3
63 22
50 69
35 98
87 36
84 94
64 4
43 96
8 83
78 85
29 5
16 86
74 96
17 0
9 51
70 24
80 18
12 40
12 52
49 4
56 21
85 46
86 7
0 53
23 50
83 40
50 80
84 47
48 74
3 57
4 63
37 60
78 75
49 37
11 32
77 70
56 97
85 95
77 41
57 27
10 97
88 22
57 40
96 32
37 34
85 25
93 83
11 21
99 6
89 15
26 15
4 83
78 47
83 37
68 97
84 92
49 59
0 3
97 61
26 67
25 41
81 97
22 98
22 52
91 34
91 63
25 44
32 8
15 11
95 35
43 15
15 32
87 94
16 66
28 96
53 10
65 95
43 89
28 93
70 80
58 46
10 30
59 71
11 79
24 24
8 40
33 5
59 75
56 96
88 29
4 4
89 43
69 1
50 62
78 66
44 21
84 22
94 56
64 22
55 59
75 58
22 91
40 97
3 68
11 3
69 53
65 12
36 81
71 29
64 84
62 1
61 21
14 96
96 58
91 68
9 8
32 41
28 81
34 60
91 91
56 10
18 82
33 26
18 48
68 41
37 22
14 50
43 62
49 52
89 37
3 94
62 72
76 70
50 25
65 75
35 21
28 4
66 37
26 49
35 3
56 13
74 33
78 40
12 48
4 64
14 16
87 98
50 24
38 79
49 16
71 65
99 73
79 30
88 94
47 37
3 89
1 90
89 21
31 13
19 55
2 46
86 59
23 58
30 56
90 61
30 54
61 86
76 85
28 43
0 45
52 21
39 56
61 41
50 70
36 23
28 31
76 76
84 26
0 65
80 80
91 26
8 0
68 44
67 60
10 90
36 53
87 90
64 80
2 93
66 36
88 79
77 40
56 94
2 6
47 33
82 76
5 85
58 94
49 69
46 13
70 0
14 95
91 74
12 29
23 49
98 35
79 8
47 96
71 8
98 71
54 13
28 77
96 35
63 46
10 58
3 96
50 67
14 73
61 54
44 98
14 97
99 30
67 59
10 25
34 51
14 6
81 16
37 28
12 31
36 7
65 57
53 46
29 59
88 84
32 13
58 93
26 53
17 68
18 84
82 95
98 50
87 6
98 45
20 12
20 30
34 80
25 83
78 82
27 38
14 41
34 83
89 71
1 49
39 88
88 41
95 18
5 58
58 91
97 23
83 36
66 30
13 47
57 10
20 74
53 61
40 96
7 92
42 21
37 51
94 9
0 58
17 60
15 47
86 32
9 86
69 16
69 34
84 50
20 87
19 86
40 4
57 81
76 95
78 43
79 43
23 62
57 32
67 83
45 83
47 92
69 70
43 29
67 88
18 73
30 51
76 92
70 50
38 16
28 54
9 81
79 6
26 62
77 29
74 99
75 93
33 24
59 94
31 33
66 14
26 82
37 35
42 45
20 84
37 96
0 82
33 45
3 14
84 99
52 40
82 63
66 33
97 84
0 55
84 28
60 29
71 86
97 68
8 52
82 50
5 76
80 34
41 90
19 87
58 49
85 77
76 54
82 19
93 78
92 45
95 43
80 48
17 10
53 60
2 19
53 87
12 49
58 36
14 39
45 70
93 52
35 79
6 23
83 24
71 96
4 0
85 62
31 0
65 50
39 45
32 5
60 36
34 15
18 8
89 61
19 93
6 19
40 98
52 65
50 45
13 6
84 17
85 17
98 72
1 60
79 22
4 79
62 97
12 94
33 88
84 64
87 0
92 24
8 84
47 11
31 66
85 19
86 15
69 19
52 70
54 37
94 83
51 36
51 72
62 3
1 70
11 88
64 45
11 83
15 6
27 41
67 86
97 32
85 71
54 11
38 72
74 36
35 91
99 39
65 27
99 93
24 96
52 99
73 1
13 9
41 85
85 75
80 84
18 35
69 59
67 30
38 63
16 77
1 93
70 35
37 95
51 63
14 91
58 2
64 46
31 73
2 75
64 56
25 81
38 65
48 67
39 96
25 54
8 88
50 28
17 43
19 58
41 17
23 16
67 6
27 64
6 61
33 36
60 11
4 11
22 30
83 49
34 3
85 8
64 83
91 96
91 38
16 98
50 59
93 88
69 54
52 80
33 96
9 56
6 35
0 91
73 19
49 72
69 96
80 9
43 83
29 17
75 69
72 39
79 51
26 90
62 96
29 10
99 31
48 24
3 86
25 51
18 21
95 65
93 81
28 55
36 47
65 96
25 70
81 83
9 33
98 36
79 63
14 55
72 60
12 33
41 88
40 46
51 14
52 15
56 52
16 80
30 61
74 12
17 25
67 91
84 0
12 99
61 34
39 40
79 29
99 37
51 59
83 78
36 86
79 81
34 81
32 69
94 98
47 43
28 95
37 29
90 11
97 38
86 16
87 88
93 47
99 87
0 48
16 61
98 58
70 82
70 39
1 20
10 66
53 14
31 8
0 15
5 87
89 47
78 63
65 64
8 61
48 21
97 1
49 97
36 76
78 38
2 21
11 73
88 96
58 95
36 21
40 92
12 87
42 65
23 63
15 89
68 0
47 29
63 86
86 93
69 99
58 96
62 62
8 91
31 97
48 5
53 19
64 78
97 95
2 98
14 10
71 34
60 20
76 39
41 98
10 10
93 56
96 55
44 59
72 43
43 64
35 83
31 44
53 3
31 81
41 35
1 17
24 89
98 83
18 34
69 47
12 84
40 79
69 71
64 38
61 37
46 73
1 55
72 26
30 98
33 23
20 57
8 11
24 86
87 78
18 56
24 51
22 6
52 6
99 96
83 5
16 3
55 2
92 50
46 58
77 27
59 49
20 66
44 28
40 91
58 99
99 18
59 44
49 30
51 9
43 78
93 44
21 68
46 94
89 68
28 75
89 83
77 3
83 58
88 85
41 78
38 1
1 26
89 85
55 21
46 72
6 83
50 2
50 46
53 70
91 76
7 30
26 81
53 27
46 31
85 45
90 2
88 17
67 62
22 1
71 17
76 83
15 12
8 9
1 67
41 14
77 60
16 59
25 99
17 8
42 68
58 52
83 32
34 70
41 19
64 0
96 88
55 70
24 38
33 20
20 9
16 58
62 17
84 93
68 80
50 81
17 86
84 38
96 31
20 80
4 82
26 41
54 52
18 75
63 23
44 75
93 95
59 7
85 39
19 49
18 38
26 84
37 13
62 32
84 74
76 63
15 8
87 19
23 96
8 60
34 57
92 91
75 94
78 12
48 88
5 39
5 93
3 1
24 10
3 33
90 95
97 16
60 88
52 38
42 70
0 40
30 30
98 74
21 67
26 7
22 17
5 83
83 72
91 46
81 72
12 98
77 92
92 1
25 90
50 41
63 30
20 48
65 30
98 97
57 59
72 14
5 11
30 69
27 80
88 30
19 46
96 36
52 30
40 31
43 93
38 46
6 92
59 8
42 86
55 93
35 75
10 42
79 85
49 18
51 44
83 79
16 12
6 40
14 74
74 9
53 71
70 57
24 62
36 37
30 80
72 96
45 32
64 1
4 38
79 4
19 98
82 41
20 18
90 33
56 91
99 23
9 38
61 87
99 45
55 34
18 26
31 6
63 78
31 21
22 48
0 64
29 33
62 61
3 10
95 79
0 0
54 73
67 46
0 23
90 4
30 66
93 67
34 22
41 34
13 18
3 4
16 83
42 16
64 18
59 18
90 35
26 42
77 91
65 84
80 59
82 17
60 81
42 40
82 65
7 14
10 27
21 43
64 23
84 6
47 72
13 4
97 7
75 29
58 51
69 80
80 55
70 49
57 1
96 43
38 91
83 54
55 32
60 55
59 13
77 71
71 28
96 16
69 20
72 29
26 64
11 31
71 82
86 88
76 0
11 61
92 57
87 67
93 15
54 93
34 62
91 75
22 24
55 15
4 58
63 21
89 89
22 4
57 36
13 43
80 7
91 98
2 68
86 37
82 77
55 19
13 19
78 5
70 76
79 50
65 73
81 18
11 70
70 69
45 35
5 2
12 75
35 30
10 43
58 56
31 49
89 2
45 74
75 32
67 33
2 20
13 57
79 59
62 23
23 52
59 91
21 9
42 75
94 81
5 68
97 52
19 51
49 66
72 99
7 7
90 18
27 50
36 60
11 13
13 22
15 84
82 29
53 41
61 75
39 34
60 83
46 6
85 56
70 89
17 89
92 76
19 15
71 44
50 51
52 9
60 93
42 57
69 6
2 66
76 38
53 95
66 71
74 76
33 75
28 88
69 75
56 22
84 54
57 17
26 43
0 14
32 29
21 56
94 94
19 63
74 91
26 12
44 10
13 24
43 41
55 95
59 25
85 11
71 72
4 31
69 51
39 95
38 11
16 68
16 70
96 47
35 69
19 36
73 61
96 2
9 49
19 8
37 17
38 41
3 65
75 17
78 8
95 61
8 31
92 8
65 37
72 3
11 51
61 94
68 30
31 12
1 12
91 72
91 28
69 91
52 22
97 90
70 22
79 67
73 91
82 5
12 72
92 95
9 77
99 19
40 84
11 99
28 48
77 51
74 50
9 30
38 93
13 29
87 38
77 35
86 67
31 14
51 70
83 20
88 71
18 88
17 69
18 17
66 18
49 46
58 31
15 22
30 92
9 28
44 67
60 85
13 79
27 39
94 78
34 37
22 96
55 55
65 46
17 16
22 32
54 55
10 75
48 29
12 82
17 13
40 81
29 48
85 10
29 71
50 6
85 86
44 29
18 60
56 63
34 40
9 84
73 11
56 69
60 94
27 73
23 92
75 97
80 37
60 45
30 44
17 98
51 71
7 11
28 92
7 12
76 66
72 16
56 86
58 32
21 14
36 65
19 84
34 56
41 92
15 85
1 88
19 67
95 26
26 66
93 42
32 10
91 83
30 88
81 7
85 27
55 5
48 49
62 67
17 93
5 21
99 70
92 3
60 63
49 1
48 99
89 60
9 3
70 41
84 75
54 68
29 28
73 15
19 59
48 25
13 72
36 57
20 91
46 90
0 36
61 13
10 45
29 60
63 52
72 42
93 11
50 55
99 44
12 68
38 60
89 46
43 57
55 24
99 9
80 17
94 39
98 25
26 19
75 90
41 8
51 82
56 12
24 7
8 30
49 39
51 84
84 30
31 78
42 3
13 74
6 60
81 30
2 50
1 81
30 53
10 32
84 15
6 34
55 53
40 28
74 28
86 21
67 4
37 57
76 79
58 28
93 26
72 68
56 60
90 76
74 87
53 7
38 38
75 2
50 33
71 70
24 36
48 83
94 92
66 9
23 33
69 9
6 53
56 31
48 30
13 97
42 49
79 3
78 99
56 11
46 53
46 71
9 90
91 61
80 11
93 21
27 16
47 81
42 17
3 84
38 50
88 23
90 20
97 65
37 36
17 59
47 10
71 5
50 34
68 91
37 49
46 39
97 76
93 31
24 40
75 41
11 74
93 14
57 85
75 40
70 98
64 9
77 6
67 96
33 43
59 36
20 92
18 98
44 6
77 22
37 82
43 21
63 97
31 62
81 26
97 13
3 60
50 56
30 64
44 45
73 68
21 17
29 99
37 86
99 13
44 58
26 93
5 29
82 70
58 79
22 66
92 90
67 50
64 52
33 56
89 9
29 50
84 96
67 52
16 90
20 32
4 36
1 43
85 80
55 7
8 36
19 0
74 75
64 7
53 49
77 54
32 3
30 14
16 26
23 25
43 51
69 27
31 68
81 87
87 93
85 21
22 29
27 5
86 60
19 81
19 79
23 32
28 47
29 38
8 2
8 23
28 41
90 30
82 71
0 16
92 43
43 60
27 99
55 40
5 4
33 58
39 36
96 41
65 61
31 2
57 51
18 37
72 20
80 67
34 46
44 16
98 78
3 6
83 50
82 55
82 81
62 98
36 89
81 36
90 51
63 68
57 93
32 38
74 68
4 66
56 64
50 57
78 29
97 19
38 77
89 1
12 41
68 17
70 7
16 41
4 86
30 96
17 34
25 3
6 91
16 45
76 27
91 3
15 79
93 20
93 70
77 57
26 34
25 58
94 24
23 57
74 52
54 80
46 97
92 9
39 29
81 27
96 90
32 90
48 3
72 91
97 87
60 82
89 63
77 33
99 57
34 4
55 31
31 72
39 75
88 52
85 35
89 49
96 45
82 90
86 50
19 99
69 30
55 84
38 97
63 38
84 8
88 2
3 24
46 11
40 43
81 37
5 47
95 46
30 81
19 21
28 97
32 57
38 82
54 56
62 38
52 95
61 12
60 66
74 51
35 28
97 28
97 33
83 68
88 70
7 93
23 44
63 85
76 34
97 26
66 42
39 97
30 87
68 75
38 52
74 0
74 14
8 66
33 77
4 87
47 89
39 7
75 67
51 1
5 63
68 93
67 10
26 8
45 67
61 90
87 44
10 79
92 68
42 91
63 51
37 81
9 92
46 2
26 52
43 48
38 96
96 57
51 47
47 63
60 41
59 39
75 56
99 75
97 36
83 53
8 63
70 18
84 91
11 28
29 53
30 36
40 37
86 9
15 66
15 2
99 71
39 5
19 5
9 63
26 21
88 40
46 24
95 37
39 19
94 43
98 21
84 51
61 0
63 88
87 60
22 36
44 41
35 60
65 44
72 2
10 9
28 9
29 49
20 86
70 92
50 4
79 13
90 16
27 84
32 80
51 80
4 59
31 10
61 99
25 45
23 61
40 33
78 3
85 31
26 3
7 44
24 83
76 1
29 26
34 91
78 54
0 92
11 94
68 37
2 57
32 33
15 86
45 14
58 24
87 50
55 81
48 39
73 90
80 52
66 2
63 15
90 3
26 44
54 66
75 28
8 95
98 19
37 1
48 79
63 55
35 26
18 68
94 76
95 90
68 83
60 77
10 44
7 95
94 99
76 8
26 5
36 52
56 48
31 24
22 18
89 99
29 92
51 53
64 64
52 29
34 44
1 45
2 33
65 72
62 58
37 33
34 98
85 54
81 66
84 83
72 74
49 57
80 8
66 79
75 76
98 44
89 74
87 49
53 21
98 6
3 79
17 30
58 88
59 50
39 99
33 2
14 82
44 63
18 55
7 25
73 47
71 81
87 58
63 74
66 11
87 31
24 21
12 83
22 0
71 49
64 72
18 66
52 8
61 57
33 83
65 43
25 84
54 3
34 50
42 95
0 41
61 1
86 1
88 77
37 0
4 68
83 48
56 55
9 98
14 23
95 86
47 5
10 86
77 96
16 4
10 39
32 49
55 96
31 56
4 80
54 6
92 31
80 4
60 28
22 76
60 17
21 92
18 76
20 47
61 32
26 4
43 92
90 34
4 65
99 97
7 99
87 95
74 70
45 61
56 42
87 69
92 70
36 46
33 12
37 88
23 0
53 68
75 0
64 13
77 16
65 29
38 10
41 48
55 44
45 97
81 91
95 10
36 31
32 70
85 33
62 99
34 68
6 2
25 79
99 11
22 88
20 4
40 5
82 85
30 17
9 11
51 46
66 96
30 93
7 69
7 76
56 84
62 55
32 24
65 48
54 41
36 63
7 34
62 30
26 57
6 93
3 99
91 57
58 55
51 5
96 89
43 81
48 56
97 98
31 63
60 68
58 81
67 16
63 42
87 48
78 95
55 38
25 71
97 71
87 99
9 16
15 69
43 4
38 17
98 59
71 51
42 80
3 74
77 13
12 23
88 95
88 87
94 4
92 63
78 17
18 18
38 39
15 53
38 78
13 1
29 64
25 32
89 76
65 19
34 13
28 5
42 93
61 18
1 21
81 9
93 33
60 35
62 47
18 0
97 53
95 17
72 11
11 37
52 13
52 89
11 53
23 19
96 97
57 0
97 49
0 20
2 51
97 69
1 62
44 14
39 28
90 94
81 77
64 32
35 4
45 6
44 62
33 11
79 32
23 8
48 81
63 31
86 95
11 8
4 3
37 61
24 49
34 85
73 20
80 0
25 78
52 20
46 51
37 48
4 28
49 9
86 46
60 84
47 20
86 0
25 17
81 54
98 67
40 3
23 65
72 62
45 65
78 53
20 72
58 13
7 73
2 17
99 98
59 79
5 80
83 15
80 43
38 22
52 43
33 16
53 32
53 17
87 30
43 86
91 79
82 69
35 25
27 48
36 83
42 30
77 69
66 93
87 16
40 41
6 74
36 9
85 81
23 82
78 7
99 7
6 52
73 75
21 3
56 37
88 13
41 97
4 23
45 29
74 2
7 27
17 70
98 49
60 18
17 23
85 13
20 78
86 22
98 80
88 9
85 70
66 3
98 84
24 11
85 88
8 77
27 88
96 52
86 82
53 77
18 22
24 78
34 27
28 42
89 26
49 79
32 64
58 83
8 53
20 24
68 14
98 87
22 73
2 9
69 81
67 40
97 35
46 14
48 59
66 28
24 0
27 65
14 28
87 72
69 46
85 14
64 69
24 28
92 55
82 39
44 25
17 45
87 1
46 29
44 84
3 91
6 3
77 4
75 31
28 1
2 14
64 90
64 43
63 18
46 52
28 15
42 12
74 41
13 15
56 17
96 99
32 86
17 26
13 93
36 75
33 80
60 52
94 0
28 52
16 63
29 46
51 92
34 88
32 66
17 99
25 49
84 81
37 44
91 23
0 83
72 57
86 13
68 39
98 81
9 20
82 62
86 44
45 58
50 15
34 26
53 22
38 98
1 78
31 79
9 62
31 45
76 82
4 93
32 68
18 53
47 74
68 86
81 42
7 59
61 85
72 98
99 52
28 46
62 39
36 59
44 40
17 90
71 66
68 61
16 57
10 48
39 35
43 31
1 69
10 15
54 29
58 0
61 16
35 1
2 76
63 27
66 88
22 85
89 45
45 64
41 56
59 99
46 60
4 10
82 23
87 75
9 59
45 59
1 48
34 23
20 56
63 20
2 25
8 15
64 19
12 34
96 25
31 52
87 23
56 80
12 80
86 78
79 55
72 46
8 21
35 80
92 11
60 46
44 95
27 45
98 99
54 45
83 87
33 25
31 41
83 97
33 59
80 61
24 13
78 69
2 95
38 27
55 87
64 36
96 22
83 39
66 66
27 2
19 28
57 8
73 52
39 79
82 18
51 7
27 78
55 20
64 87
39 50
82 64
96 53
28 7
19 42
70 86
96 98
75 47
21 70
6 62
23 27
39 1
89 19
17 17
85 89
52 19
6 48
39 41
29 44
67 34
3 92
67 44
95 68
50 21
2 15
89 59
96 76
69 94
79 58
70 14
64 65
96 83
32 92
60 70
45 30
6 5
24 4
39 90
52 7
91 64
71 64
1 7
53 63
55 89
48 40
89 88
33 0
30 73
98 40
86 73
22 42
54 67
57 82
99 41
74 93
41 3
53 93
9 57
49 42
3 66
25 11
31 82
14 0
5 36
26 9
31 26
78 98
41 49
61 22
76 17
81 79
63 7
19 30
53 64
56 41
44 23
69 48
42 82
44 48
34 25
39 27
6 30
23 34
73 23
78 31
87 27
43 45
81 17
20 62
28 44
37 38
71 89
45 78
45 53
22 2
30 90
78 6
5 46
31 22
86 36
35 59
60 48
75 65
61 38
16 32
95 63
72 75
3 83
25 76
34 63
69 5
70 25
47 38
47 88
60 24
54 10
56 77
40 89
11 90
41 2
28 68
58 15
59 9
95 22
34 78
65 53
40 19
54 5
77 49
59 19
91 69
67 55
5 15
78 74
90 40
81 11
86 51
83 66
62 83
29 14
46 77
86 52
66 84
99 99
77 66
8 44
71 68
29 45
58 1
67 87
41 57
85 53
14 18
60 7
67 95
49 20
85 3
94 86
99 34
79 48
49 49
58 34
21 99
20 14
13 13
64 39
22 26
68 36
65 68
65 10
38 95
29 69
60 38
95 21
39 51
3 25
9 83
40 88
40 35
98 18
95 98
77 23
89 50
47 12
86 91
30 79
58 19
52 16
82 74
19 91
66 77
13 33
8 96
11 72
8 94
2 87
39 21
45 24
0 77
88 58
53 74
28 61
58 7
82 2
61 45
98 31
91 93
43 85
48 66
71 50
5 34
65 39
45 89
36 0
75 19
51 25
9 47
64 33
4 75
87 55
76 97
99 92
6 37
13 11
81 8
32 87
92 58
92 71
87 83
56 98
54 75
21 85
73 79
19 54
28 72
65 4
96 40
9 29
42 61
27 55
47 31
49 67
67 67
8 27
21 59
86 68
21 40
2 43
82 56
44 1
44 81
29 73
74 3
90 81
46 41
50 12
88 39
6 58
6 41
32 19
77 34
86 33
43 80
22 9
28 76
53 31
72 50
10 94
8 89
55 72
8 14
28 73
82 49
68 20
8 49
66 6
84 41
48 35
61 67
8 81
60 54
72 36
97 18
30 71
16 9
29 95
35 68
18 47
45 72
58 82
88 62
24 54
55 90
51 30
27 21
40 32
68 3
33 33
47 99
67 17
98 47
9 35
20 35
37 8
91 53
73 97
39 64
93 84
96 27
3 7
36 6
15 93
15 15
72 53
62 13
70 99
87 91
40 72
85 72
70 51
21 27
64 62
8 56
15 33
77 86
31 39
77 82
72 86
1 83
81 45
21 1
80 70
51 6
24 75
74 82
70 15
3 67
88 32
85 15
84 40
46 76
90 89
40 13
42 31
77 85
87 41
98 91
3 72
19 89
54 90
22 38
36 14
52 4
11 60
64 50
71 93
52 37
5 48
32 50
8 6
69 33
99 54
24 81
11 10
68 68
81 4
84 66
40 38
55 98
44 37
97 20
7 51
93 16
2 11
12 55
84 37
14 94
20 54
1 59
63 29
39 54
41 37
88 43
25 92
13 49
31 53
29 41
40 20
74 29
4 12
10 76
96 50
19 96
77 76
81 69
24 45
72 76
15 0
11 1
27 75
13 20
45 81
9 99
50 98
83 35
95 64
56 1
44 53
90 56
0 17
86 65
17 83
72 72
62 12
21 49
41 72
70 45
68 72
89 65
73 74
46 91
38 28
69 85
77 0
70 58
68 58
11 92
16 8
16 72
13 87
1 51
79 2
45 90
68 47
72 71
89 29
24 22
21 18
37 4
10 36
33 15
57 86
68 26
58 11
75 71
33 67
36 2
81 46
53 50
5 27
80 26
24 5
82 25
4 94
23 88
80 19
18 93
50 71
50 18
66 31
76 87
72 33
36 48
7 63
66 70
23 26
74 47
52 97
37 30
23 79
9 80
42 50
36 5
98 20
89 38
35 89
58 70
70 38
77 89
5 41
57 15
17 28
75 20
95 77
5 13
52 87
0 2
31 48
82 82
93 77
97 41
34 42
57 49
90 36
75 3
90 59
86 14
66 21
30 21
98 30
94 96
60 62
84 49
87 34
67 8
49 23
85 58
64 99
52 71
48 23
95 93
70 72
17 51
96 8
50 68
10 41
21 63
74 69
70 75
3 64
43 27
81 52
6 27
93 2
97 94
7 17
19 57
88 55
0 81
40 27
83 59
37 12
82 58
38 83
36 33
26 20
41 52
92 44
50 82
25 19
27 47
78 88
20 60
47 58
23 11
81 34
42 42
88 54
86 6
40 8
56 87
20 88
77 32
19 52
57 16
41 50
53 78
81 64
68 48
45 57
54 19
51 28
1 64
23 4
12 3
30 4
21 89
31 40
50 90
43 25
32 82
76 77
51 90
58 12
44 15
25 86
80 2
70 46
15 16
19 33
64 16
54 92
69 28
65 63
16 18
5 17
18 90
43 43
66 29
52 35
18 89
55 11
42 5
40 45
38 21
23 5
86 30
69 4
28 64
37 75
70 36
67 76
18 57
90 88
33 42
40 18
64 96
28 3
59 45
57 98
10 78
54 18
16 23
60 25
34 33
7 39
56 25
9 13
15 31
20 36
56 39
25 68
57 5
42 43
19 11
20 50
52 18
37 69
98 89
76 20
59 23
91 80
73 55
71 94
38 34
43 6
79 37
87 42
40 47
66 41
45 50
47 27
68 7
54 39
2 12
68 62
5 43
73 76
1 76
52 24
62 19
0 19
21 21
66 81
46 95
19 82
64 95
33 51
16 91
24 57
62 76
59 68
90 52
0 52
82 43
65 28
97 92
92 6
61 29
85 16
83 99
19 64
82 12
94 77
81 67
28 36
7 57
37 52
13 63
18 99
92 84
65 98
70 67
88 51
71 10
24 20
54 58
58 26
32 4
56 26
37 10
69 79
62 92
93 37
29 80
57 39
77 63
94 50
61 80
59 86
48 91
9 14
62 50
57 90
89 90
39 11
5 30
24 67
96 14
58 61
92 62
63 99
21 91
97 83
60 3
46 4
39 15
83 22
75 18
27 57
98 28
94 52
74 72
16 37
64 14
10 50
6 46
73 38
75 55
91 70
57 78
8 90
83 94
77 59
96 59
1 33
58 69
13 36
33 47
78 25
10 70
68 25
62 79
36 44
72 22
90 87
58 71
54 79
76 14
80 3
73 92
38 56
81 99
18 62
83 52
97 31
16 13
96 49
24 60
89 95
40 25
63 1
5 35
86 99
97 46
52 26
78 80
99 10
7 66
59 41
55 13
66 91
75 96
79 93
59 65
28 80
61 68
17 46
18 16
9 24
60 79
97 70
84 59
19 13
25 20
29 15
2 80
15 76
41 21
99 5
96 96
79 72
16 15
16 20
30 29
13 76
18 49
38 53
87 10
88 48
22 41
93 23
42 41
36 80
5 49
22 95
52 81
77 88
58 66
94 89
80 86
70 34
83 55
24 23
75 64
97 29
54 51
96 19
46 81
37 32
66 83
28 66
73 14
43 50
82 3
76 65
48 98
23 69
32 94
28 98
71 58
11 25
43 42
53 99
74 42
63 26
83 28
98 12
63 54
36 38
53 86
77 80
52 17
18 69
83 84
47 30
73 69
57 75
21 52
43 39
98 54
23 14
24 93
38 92
52 74
1 63
63 19
97 9
48 97
66 34
62 81
57 72
88 1
23 60
29 35
28 69
7 56
21 42
39 32
39 55
42 58
65 38
36 64
61 36
75 82
79 83
17 66
69 90
15 5
64 51
6 0
11 47
22 8
71 2
12 91
7 19
93 94
10 63
12 47
76 7
4 17
99 60
56 89
49 87
69 37
61 60
8 87
18 12
39 68
53 15
85 36
7 82
48 68
79 87
84 72
95 11
5 59
88 10
37 91
98 26
29 97
30 58
94 84
74 19
6 25
14 59
82 35
58 84
68 16
73 71
25 35
38 25
90 14
16 55
34 34
46 63
73 96
20 65
22 86
63 36
40 11
44 2
49 96
4 9
60 64
44 56
13 89
49 12
94 54
16 10
82 11
61 95
73 70
17 61
43 20
30 27
75 34
27 94
59 69
83 73
75 42
24 26
4 25
98 76
33 68
59 46
76 60
49 36
50 96
40 0
21 65
97 78
28 51
11 75
50 97
62 94
25 69
90 62
52 11
57 69
86 80
25 7
45 34
15 58
66 45
89 72
97 8
84 43
18 42
2 8
40 50
10 26
75 6
85 63
97 60
51 97
11 11
59 64
79 28
41 69
71 39
60 61
99 21
87 57
72 45
69 98
30 43
45 10
10 62
70 61
59 95
3 37
93 87
66 92
50 14
83 18
56 6
91 67
43 19
22 23
96 78
67 25
45 37
95 1
2 74
31 7
0 78
24 44
8 1
78 24
79 0
1 37
0 22
92 86
62 22
52 2
25 10
31 71
38 47
57 21
17 9
17 44
80 42
46 62
38 54
0 32
53 12
76 64
81 60
80 71
72 32
17 73
84 46
97 72
41 29
98 14
79 69
70 5
12 5
6 71
22 93
36 84
49 13
37 90
86 29
48 1
20 11
16 38
80 92
68 54
75 48
55 69
68 90
1 15
70 71
13 39
41 5
0 56
48 6
72 55
87 26
69 32
1 95
44 82
72 65
23 37
77 90
19 16
16 39
66 67
16 56
79 62
44 18
88 82
21 20
19 9
21 51
79 52
29 19
31 35
70 55
98 95
25 29
73 57
67 57
96 95
56 70
91 42
6 21
92 33
52 34
76 43
24 73
14 15
41 43
34 65
77 39
1 24
82 84
70 94
87 15
2 29
5 77
9 44
6 96
9 39
7 90
15 61
15 72
1 25
63 14
12 45
27 63
45 2
67 39
72 94
56 68
91 6
23 97
68 38
93 19
57 22
95 66
95 84
76 25
68 33
9 53
68 49
38 24
25 4
84 21
39 12
1 2
9 69
51 50
66 26
17 81
63 79
35 53
65 23
24 17
98 86
51 54
83 7
60 22
56 66
43 49
12 51
77 98
73 73
79 12
34 52
14 57
12 93
94 23
62 66
7 33
69 15
65 51
96 42
67 63
15 52
24 72
75 79
82 75
69 21
99 42
17 2
38 2
55 83
68 89
26 48
35 31
6 97
55 18
71 12
63 2
42 26
90 6
1 41
53 54
91 17
34 97
80 73
79 10
10 89
78 28
88 35
54 24
5 44
23 30
53 48
25 30
59 21
38 3
86 8
14 87
19 6
71 99
36 24
47 75
42 4
34 94
53 42
63 59
87 21
74 49
36 97
86 34
88 49
25 39
28 38
38 87
17 24
33 6
8 12
72 77
41 11
13 53
89 6
76 61
73 18
12 11
78 39
50 48
0 21
95 40
99 14
13 55
45 47
62 27
93 28
36 77
65 69
33 78
79 21
81 32
31 57
87 82
63 98
64 60
52 83
1 61
37 76
60 71
21 96
31 65
78 10
3 8
1 19
55 79
95 33
12 19
6 64
33 18
63 4
86 48
93 63
73 26
78 4
94 65
14 54
48 9
84 67
25 6
54 4
51 98
41 25
71 78
2 2
84 36
21 12
6 57
33 17
0 87
85 99
67 20
63 77
7 81
74 66
95 59
98 32
12 22
52 52
66 53
67 54
4 77
76 91
63 62
4 15
49 29
84 60
46 99
45 79
19 48
8 46
76 13
33 97
47 40
48 64
34 96
80 20
34 39
3 42
27 12
29 1
3 11
35 94
86 23
9 58
91 66
25 5
97 57
5 89
55 60
42 46
24 80
57 57
84 86
97 88
41 73
11 24
5 18
7 97
91 89
84 68
50 19
47 26
91 56
35 90
27 67
14 46
14 36
19 61
6 6
21 86
31 9
23 93
75 74
17 88
0 12
60 1
18 64
61 74
36 50
69 35
25 28
30 94
52 47
61 42
34 36
97 3
88 80
80 54
80 21
89 24
37 78
85 57
15 4
0 54
38 88
10 33
33 72
11 56
42 79
5 45
98 2
52 33
1 23
6 76
47 57
68 12
57 4
82 40
61 84
10 34
59 61
14 9
55 30
8 10
7 53
54 28
23 64
32 71
80 28
30 23
43 16
82 7
42 83
92 79
92 47
67 98
34 48
75 61
75 1
20 29
39 13
39 58
32 55
32 67
46 20
40 93
69 78
72 93
93 25
37 50
13 69
63 9
94 10
32 58
5 26
68 67
68 4
55 85
3 44
35 73
3 16
62 26
77 12
32 35
94 35
35 39
48 43
36 4
42 63
68 88
18 43
85 61
83 11
7 46
89 80
84 20
74 60
43 74
54 72
32 2
66 95
69 14
19 45
51 19
39 42
88 47
19 68
79 89
75 52
39 39
78 59
94 12
70 6
49 35
9 9
28 18
51 41
22 90
91 8
30 24
33 52
94 5
7 83
2 61
87 11
61 20
32 36
45 92
99 27
53 2
86 55
73 24
7 61
10 80
69 41
24 43
14 29
31 34
56 59
86 17
61 49
25 72
36 67
51 15
98 65
36 22
34 72
6 98
53 36
12 42
23 55
53 30
21 81
58 87
12 24
31 94
82 42
31 25
22 87
0 59
6 18
93 7
46 21
36 82
96 84
32 99
47 28
9 26
57 9
59 11
46 15
91 59
28 67
49 63
2 83
90 7
55 75
67 12
85 1
47 60
87 80
49 92
90 43
84 61
91 81
59 28
68 24
55 3
84 16
2 40
95 87
3 5
31 75
4 34
81 95
43 40
40 14
93 43
80 30
65 88
25 50
83 10
83 93
61 2
61 66
12 85
57 11
89 69
13 38
80 65
8 78
38 90
15 92
63 61
13 7
85 12
85 30
18 58
14 30
33 29
86 42
25 21
0 95
90 70
67 29
17 11
33 70
45 36
43 0
92 99
98 63
10 18
22 81
27 68
65 91
70 26
40 1
9 54
42 76
82 52
43 61
25 14
79 15
83 60
33 46
5 40
47 83
90 65
76 21
33 71
39 37
3 95
85 22
70 53
48 34
45 4
33 9
41 7
25 53
20 93
34 47
77 21
5 70
15 45
91 73
25 37
62 95
34 92
10 53
0 73
95 55
69 83
22 45
15 63
63 44
91 25
73 6
49 51
96 77
74 10
79 49
80 6
50 64
85 37
7 42
75 49
57 50
34 16
18 96
60 67
64 34
1 44
82 37
98 48
84 13
33 81
50 42
90 78
89 31
9 2
38 42
84 97
79 14
30 62
82 10
41 32
59 10
81 55
84 29
89 22
22 7
8 37
73 41
80 50
26 36
17 18
96 20
47 8
73 36
85 5
75 24
63 94
38 33
77 31
96 33
90 68
29 20
65 92
91 29
13 83
58 42
78 90
92 77
52 10
89 86
63 92
8 4
18 24
71 98
81 80
68 45
79 57
17 72
18 39
7 62
39 17
26 63
62 84
0 27
57 77
71 31
84 24
32 21
78 72
98 4
47 61
5 51
67 92
32 54
0 44
83 30
2 55
39 20
63 65
71 45
69 68
54 25
23 72
65 49
43 53
64 74
84 42
41 6
32 56
99 59
73 32
41 83
36 96
68 1
43 69
87 70
45 3
82 80
0 9
62 0
7 23
38 99
66 75
75 25
18 46
37 87
14 52
93 22
13 65
70 70
20 77
1 32
38 9
74 74
12 2
51 96
67 56
25 22
4 72
42 97
9 89
21 16
66 99
38 86
88 68
73 46
63 17
59 52
1 98
85 73
10 77
17 14
52 50
29 8
40 99
15 81
54 8
21 73
12 9
8 34
26 58
96 23
98 27
82 57
78 23
90 96
46 89
8 72
5 65
73 33
99 91
73 37
23 28
72 48
73 35
70 40
42 87
75 75
32 15
75 37
44 11
96 21
56 15
30 28
32 40
48 42
42 14
55 99
90 90
39 87
88 65
96 11
51 13
6 63
53 16
79 38
50 79
55 46
67 84
87 92
87 61
78 37
39 38
32 1
13 5
69 39
61 73
10 60
84 89
21 4
93 89
23 43
57 43
97 50
90 13
69 89
12 69
31 16
38 73
49 93
42 48
51 37
45 8
42 13
65 35
17 32
55 50
41 1
52 79
12 81
18 29
21 82
31 99
30 3
29 4
47 45
54 74
58 45
39 10
10 68
67 94
77 38
87 17
76 22
94 34
4 84
94 30
3 0
15 90
35 66
30 11
60 65
9 41
94 7
98 85
43 14
12 66
38 35
91 20
20 73
8 68
17 71
55 29
34 30
13 46
84 23
73 83
2 72
37 3
24 47
49 45
19 95
31 84
91 52
47 14
45 7
51 16
69 57
27 62
51 24
4 52
92 74
57 60
12 65
92 38
89 92
60 8
61 33
28 49
32 25
32 0
83 43
71 32
70 16
89 97
92 19
28 78
6 78
46 59
68 82
27 15
76 52
34 28
30 63
62 69
47 70
0 86
20 23
49 19
33 76
48 77
20 55
93 51
27 25
21 28
28 90
75 22
75 72
81 82
1 66
70 88
79 99
43 8
52 63
11 45
80 68
90 23
82 13
68 46
68 73
32 28
31 88
71 35
55 54
14 88
95 75
41 24
28 30
19 56
81 50
45 18
56 14
66 78
49 83
7 9
18 2
74 56
55 43
49 94
92 20
88 8
58 4
29 76
92 14
68 99
72 1
86 98
82 36
93 12
99 51
51 21
2 32
58 92
67 45
16 34
46 56
79 96
32 12
76 42
20 83
40 95
28 29
9 22
35 70
45 45
82 34
48 4
94 25
22 14
15 68
41 55
33 27
59 32
3 36
91 4
19 26
33 89
33 61
55 58
22 56
40 85
17 42
81 73
36 88
96 70
57 54
80 46
49 78
53 38
78 14
58 17
12 64
40 57
94 20
46 7
66 63
96 17
54 98
56 78
11 71
54 64
10 13
17 77
46 36
6 67
91 92
51 78
56 9
68 15
55 61
73 58
95 83
19 32
60 57
11 91
15 40
95 70
65 0
10 20
87 73
77 10
12 39
46 48
71 16
91 36
35 63
52 84
47 22
74 62
58 72
97 44
8 64
82 88
84 82
54 31
53 47
27 9
5 91
61 11
29 32
92 34
89 12
96 44
85 94
55 65
56 81
86 86
42 54
94 68
80 78
57 53
26 85
44 76
73 89
78 65
53 57
79 18
55 74
61 92
95 25
53 79
13 27
96 4
42 24
8 43
1 58
9 88
87 13
79 78
87 33
95 57
64 91
73 99
4 53
48 70
29 36
96 63
98 69
29 85
25 98
2 27
24 70
49 27
43 71
94 72
44 78
65 93
40 53
58 6
40 61
32 76
37 20
80 90
4 27
8 3
31 46
84 98
35 99
19 40
47 0
25 64
10 73
42 90
37 89
34 41
39 91
60 32
63 63
23 46
16 53
49 68
31 90
2 89
51 62
42 84
5 88
50 84
25 47
33 50
93 10
81 40
80 51
43 36
32 44
4 90
63 73
7 6
25 91
88 42
80 87
72 89
41 44
98 23
95 58
47 94
37 62
42 96
68 65
65 79
41 54
64 35
86 90
21 74
93 60
69 62
65 11
71 6
17 52
78 9
96 72
31 36
40 39
28 85
40 29
92 42
50 54
35 43
34 38
84 34
42 71
5 31
54 2
45 49
5 96
11 14
87 32
82 73
72 80
40 59
97 34
31 38
17 21
45 54
6 26
54 48
53 92
94 80
22 11
74 79
95 73
22 53
64 25
46 68
89 11
49 88
62 18
10 21
24 15
14 34
5 38
46 5
91 77
53 75
63 28
79 17
39 31
68 79
63 8
27 59
36 54
37 18
45 51
6 28
20 17
73 28
65 78
7 87
83 47
40 23
96 79
24 66
66 0
79 7
1 50
35 93
71 24
50 72
47 4
64 57
32 16
13 34
66 68
26 55
20 38
82 1
20 43
75 68
88 73
96 48
52 28
30 5
5 6
16 71
73 3
95 99
95 48
13 50
8 5
11 0
56 8
76 72
79 70
86 69
50 44
80 1
48 13
98 60
27 30
75 88
49 26
3 97
87 8
66 49
29 51
95 32
28 45
83 71
22 61
39 46
14 93
0 35
95 85
27 0
63 34
97 80
58 76
17 40
44 46
5 53
29 2
85 59
94 60
7 15
97 4
56 5
38 5
71 20
20 16
70 77
35 19
25 18
32 77
33 87
28 14
84 63
64 29
49 76
7 98
44 30
55 25
44 96
70 95
8 33
25 0
93 39
66 24
17 35
0 1
15 1
25 89
98 34
29 88
80 49
53 4
92 39
56 88
69 7
39 57
6 10
65 58
2 45
93 72
38 67
50 60
57 66
5 14
88 45
21 36
17 65
51 49
1 13
75 62
3 70
53 88
25 96
17 62
98 51
11 36
49 75
27 89
62 44
28 50
16 97
20 89
99 78
5 24
55 86
69 10
45 13
85 44
17 15
28 91
11 50
56 99
49 44
26 23
21 95
38 32
72 0
38 64
89 4
67 36
6 66
36 20
67 85
80 77
27 40
83 57
51 48
10 11
16 51
76 24
63 16
83 69
77 84
14 33
80 16
32 9
88 18
27 10
32 93
31 43
90 1
23 31
44 85
18 83
89 0
19 92
75 59
8 28
97 56
18 51
88 4
79 47
22 57
90 8
88 81
90 29
31 29
74 15
78 19
28 39
56 20
45 86
51 73
87 45
73 16
72 12
61 8
60 99
32 75
94 15
28 70
17 12
30 1
78 15
20 64
43 99
19 85
63 70
37 25
83 77
88 50
33 40
23 83
84 71
55 27
24 46
20 19
11 35
53 13
87 71
25 61
24 58
45 46
24 77
97 22
32 17
13 21
91 43
93 36
26 29
48 31
61 88
83 42
78 84
76 81
32 34
80 25
32 72
79 23
78 50
16 44
37 94
77 58
17 92
15 56
53 43
43 87
49 47
16 30
93 6
26 79
45 22
96 12
91 41
33 49
21 41
15 55
90 69
96 92
28 86
5 79
85 26
75 14
33 35
40 82
77 64
84 4
83 91
20 3
40 66
24 41
43 66
23 7
94 64
5 25
42 37
41 53
62 49
90 73
3 19
67 43
3 47
14 47
82 4
41 80
53 81
71 63
18 77
64 48
54 32
73 29
78 61
52 75
60 13
99 66
69 93
98 46
30 55
35 10
42 27
80 32
6 9
8 20
18 65
22 33
66 17
42 23
86 35
36 49
9 48
25 66
29 66
29 55
43 70
15 27
89 42
72 52
34 49
62 53
45 17
12 17
35 57
20 8
34 74
42 10
3 39
26 80
10 56
35 81
48 90
94 13
7 21
93 85
45 20
94 2
79 68
87 47
72 56
80 35
21 61
33 21
85 34
21 71
76 45
70 81
35 47
19 10
12 16
62 51
33 98
11 64
92 7
70 85
2 69
76 88
34 20
39 67
30 40
49 32
62 93
56 27
74 17
41 18
35 17
80 88
56 45
53 29
65 55
76 69
90 9
98 96
79 77
20 13
18 86
60 31
5 10
54 30
45 63
94 67
64 94
27 14
48 55
60 19
55 6
91 5
26 26
14 12
39 33
16 92
22 84
74 39
94 73
72 19
60 49
70 63
23 12
1 73
7 54
14 65
68 5
94 85
19 31
28 34
19 80
66 22
22 58
38 12
3 88
39 2
74 40
82 46
4 32
57 91
87 22
82 72
91 9
16 19
34 7
62 59
48 14
68 19
16 7
0 75
59 54
35 14
25 16
19 41
9 75
55 71
35 96
59 80
72 88
14 68
65 97
26 10
50 5
60 87
78 89
7 45
69 56
22 27
2 81
95 56
82 47
92 13
64 68
31 28
36 18
42 15
14 84
17 47
47 93
34 10
64 44
31 27
38 71
76 11
50 95
27 66
37 84
22 60
65 56
86 54
71 27
33 7
13 58
75 60
83 83
34 12
56 90
0 84
34 8
46 18
94 38
61 77
92 48
10 35
58 43
54 35
8 35
94 58
54 69
69 58
53 6
41 30
47 78
45 12
79 25
64 61
61 53
9 93
6 89
13 78
1 1
62 64
21 94
23 56
81 71
73 25
42 64
26 96
37 98
79 76
58 3
48 10
67 35
6 68
31 69
77 74
48 2
59 77
46 61
12 76
95 14
99 95
79 35
64 53
94 32
9 74
6 95
50 93
3 22
87 74
46 87
26 99
92 37
13 73
89 81
57 67
46 30
86 79
55 47
44 19
87 76
8 92
48 47
9 1
62 89
94 27
68 28
57 45
29 77
26 98
85 79
21 57
57 58
83 12
13 70
51 29
66 8
35 24
92 72
9 17
71 37
25 13
75 8
66 57
42 34
26 89
92 0
47 44
88 90
39 78
39 23
44 69
40 73
20 10
90 19
85 96
15 59
53 66
67 79
82 54
86 20
16 47
54 50
65 52
12 57
89 98
88 20
81 49
30 6
87 66
90 17
55 56
43 3
24 74
77 18
13 23
97 63
81 12
55 51
44 52
47 46
46 9
85 52
20 25
42 85
21 5
69 97
6 42
90 50
89 35
37 55
77 99
22 92
23 73
1 91
86 2
6 51
8 41
32 97
57 80
72 35
43 84
48 7
99 47
56 62
40 67
88 56
29 93
17 37
71 69
7 40
97 15
32 14
78 70
9 4
37 71
61 96
45 31
46 92
11 15
32 84
29 84
90 74
54 63
85 84
4 61
84 80
66 94
4 8
64 88
62 78
48 78
43 79
34 82
1 71
65 83
53 58
83 86
7 80
39 72
96 94
72 38
54 26
97 75
91 85
2 49
35 50
39 44
9 71
7 3
9 42
52 66
61 5
19 65
18 31
20 26
38 49
99 61
50 16
21 78
74 73
18 32
44 55
97 99
82 14
54 47
75 89
24 53
51 66
96 85
96 10
62 52
8 76
17 84
48 57
81 96
23 45
69 61
86 97
21 58
84 77
9 64
71 47
74 16
57 64
28 23
72 21
76 35
27 53
43 55
1 75
27 3
12 25
36 16
52 88
99 89
42 62
94 57
69 64
30 68
2 35
76 33
39 84
60 43
1 18
52 46
6 79
39 65
64 58
62 10
69 12
2 60
1 54
16 33
81 84
50 89
30 20
32 73
28 62
57 74
77 5
47 35
9 21
3 12
16 48
37 63
29 81
64 27
84 57
55 57
5 28
49 8
88 78
48 26
93 74
53 5
38 70
86 83
8 25
71 43
78 91
83 6
36 19
86 41
92 80
30 85
14 67
5 16
99 46
92 32
66 16
21 35
95 6
16 67
76 74
37 15
13 56
78 97
57 6
0 97
29 54
33 41
42 81
58 8
99 0
61 79
93 71
35 72
82 26
94 28
11 16
81 23
50 17
35 95
75 91
74 92
23 85
48 71
24 37
59 1
94 40
48 18
88 21
86 92
19 69
0 61
68 77
66 72
64 82
18 40
77 62
23 75
79 11
87 12
57 28
75 44
5 92
57 20
43 2
75 81
77 73
74 25
20 53
88 74
50 9
35 12
4 18
85 40
30 82
47 16
21 62
1 6
57 99
44 79
99 26
38 62
49 10
11 86
98 42
80 72
11 7
71 36
38 13
67 73
47 6
58 21
4 46
75 86
48 63
58 54
6 32
3 75
45 38
50 23
45 40
89 55
68 81
16 60
53 23
2 94
25 26
44 47
3 77
91 31
53 25
25 15
43 65
79 20
38 7
26 94
0 43
54 23
57 94
96 38
56 3
57 56
9 36
56 18
0 60
90 92
71 61
92 96
54 54
15 73
75 45
87 77
16 89
7 37
48 19
32 7
37 27
20 31
42 11
0 88
44 66
88 67
49 34
72 87
32 53
13 84
83 0
33 48
46 0
74 30
55 26
99 4
64 63
49 77
3 82
6 12
47 36
22 77
21 15
63 45
46 83
84 53
61 63
26 78
46 86
89 51
43 88
36 91
90 54
9 15
34 67
16 78
0 85
74 22
26 65
44 3
4 54
63 69
69 8
58 75
25 65
77 97
42 98
78 96
17 27
44 0
42 60
38 51
47 34
11 98
55 66
93 40
93 62
37 92
68 56
7 72
52 48
67 90
93 5
26 40
10 40
14 98
93 97
30 42
17 54
69 87
74 5
34 32
82 93
90 38
86 61
63 32
44 77
89 34
24 1
3 62
36 36
3 63
45 48
14 71
65 41
22 63
91 58
91 13
32 43
93 64
32 45
15 74
73 10
36 27
3 18
84 45
50 39
61 83
59 48
64 40
72 44
9 67
9 19
18 85
12 96
98 56
29 43
56 71
7 4
54 38
85 51
97 59
70 19
79 1
67 31
14 75
24 65
1 68
41 10
63 3
16 99
57 19
56 82
99 36
66 44
13 37
48 94
89 27
10 91
27 17
4 7
41 45
47 50
7 0
93 91
73 85
32 6
29 39
52 58
37 83
6 22
45 9
0 93
2 18
74 89
60 30
51 77
39 74
44 51
40 51
93 41
91 87
73 39
16 43
51 60
78 94
58 50
6 13
14 25
96 15
60 27
34 21
94 18
26 28
98 55
19 60
93 66
75 92
68 95
56 51
31 23
73 40
19 34
2 48
57 87
29 62
52 82
72 64
91 24
41 79
78 58
90 5
38 36
19 88
60 5
29 9
11 2
72 30
87 89
49 98
86 96
67 11
68 76
23 24
89 78
39 69
91 37
75 36
55 39
2 52
61 19
41 33
77 77
42 8
92 67
22 75
52 68
30 35
43 37
20 99
8 79
30 83
73 30
85 82
3 23
21 64
29 12
65 25
32 32
23 3
16 65
27 95
5 42
27 69
84 70
48 50
83 16
75 50
21 19
83 1
3 21
4 1
67 49
60 42
87 40
23 87
56 4
88 86
67 22
61 51
15 51
95 20
0 46
46 65
72 17
4 74
46 98
16 5
65 13
11 19
35 5
42 53
69 77
83 65
8 75
64 31
12 7
67 53
67 3
5 23
10 12
79 88
58 47
4 96
77 15
88 27
76 12
93 29
7 10
81 81
28 59
44 80
54 78
69 22
23 18
13 60
8 65
15 39
0 25
62 56
86 26
94 41
30 19
25 62
39 14
41 84
1 28
71 85
40 6
39 83
24 48
70 87
71 18
53 82
79 61
86 58
7 58
15 78
19 1
93 76
73 94
29 22
46 12
62 5
72 78
16 94
35 23
94 49
48 38
99 12
14 1
57 47
46 80
76 48
28 79
62 63
46 69
86 19
86 84
74 18
33 90
63 43
15 46
36 51
86 27
83 9
41 77
39 0
66 76
90 85
92 35
81 88
64 5
6 94
63 72
2 36
65 14
85 50
94 95
94 44
69 63
52 98
86 38
96 34
24 88
13 61
53 45
24 82
44 70
45 96
28 33
53 59
91 82
17 31
95 81
97 43
2 23
99 72
56 35
25 63
51 43
31 11
37 93
21 79
80 97
10 55
59 67
2 64
60 69
54 57
23 40
80 40
73 48
6 73
36 61
60 9
70 20
15 13
0 11
40 94
34 24
7 52
99 94
61 44
40 90
88 38
67 24
62 25
51 94
43 56
72 9
13 26
75 84
17 1
17 55
20 85
98 98
21 6
15 98
14 42
44 44
31 89
86 45
84 33
56 36
49 90
90 53
61 10
20 63
18 9
29 29
15 9
61 89
2 7
86 77
83 75
4 20
3 87
20 21
79 79
27 60
88 83
64 41
96 65
0 49
55 28
14 70
33 3
3 51
49 80
85 76
32 30
48 73
65 22
40 10
88 16
88 33
58 53
76 71
78 44
52 41
64 85
18 50
25 93
41 28
21 26
9 96
48 28
15 96
3 41
33 91
1 29
80 41
12 59
11 22
55 73
21 60
24 59
82 8
92 54
74 97
31 42
82 31
90 24
10 49
57 95
32 62
98 75
59 12
29 3
99 77
95 45
24 34
23 53
40 30
62 57
76 51
71 11
53 33
8 18
2 90
67 19
11 29
85 7
50 40
23 48
29 52
14 43
42 7
48 12
55 41
5 69
14 11
7 84
89 39
14 21
78 1
11 68
65 86
94 37
65 15
7 20
69 60
84 73
2 86
56 58
60 44
45 73
73 42
20 20
13 99
89 96
18 10
50 99
2 96
76 46
41 67
29 96
23 70
20 75
47 13
4 35
25 74
81 86
98 68
89 28
58 80
68 51
25 40
93 30
69 55
0 38
74 27
69 82
6 47
25 34
82 6
18 33
1 31
24 31
24 18
83 25
97 0
65 54
51 83
71 53
43 63
6 20
11 85
19 71
43 97
16 31
9 23
78 60
53 24
79 19
5 67
58 27
85 43
27 44
36 10
79 64
78 73
24 76
11 52
86 39
5 64
12 54
24 90
44 34
2 62
45 95
66 56
53 18
55 64
34 0
62 14
54 84
35 77
11 17
94 14
22 35
9 45
49 7
19 22
36 87
88 98
25 31
75 39
38 75
8 98
86 63
47 64
25 27
72 95
60 12
95 4
81 21
18 4
54 14
27 96
53 0
75 12
24 35
48 92
59 0
73 82
34 6
46 88
30 10
27 86
81 35
26 0
18 87
86 24
8 24
15 25
3 2
99 79
4 21
74 8
32 59
64 89
4 26
29 34
98 3
72 34
63 60
84 31
37 6
84 18
1 8
0 6
97 73
30 13
15 82
20 98
7 49
68 32
91 1
24 99
2 44
39 59
96 93
81 20
65 65
54 71
12 60
56 30
17 78
19 23
53 55
78 51
81 2
41 51
20 0
90 86
39 49
11 77
42 6
77 67
77 47
96 26
2 31
46 67
69 95
53 83
42 47
35 16
9 97
31 70
69 44
31 5
55 12
50 75
90 32
5 84
33 57
27 23
6 36
3 48
65 26
90 79
10 93
76 15
61 4
42 89
30 50
40 2
91 47
69 24
58 14
83 27
27 71
24 98
92 41
87 14
5 52
87 28
59 35
48 11
81 48
4 98
55 8
66 74
42 94
67 68
39 77
77 9
39 94
21 88
23 39
51 42
59 53
80 98
40 65
35 61
25 33
74 24
6 69
21 38
13 12
7 18
44 5
86 56
58 18
16 29
13 10
93 13
92 93
55 37
54 62
10 52
27 61
74 58
56 72
8 32
3 81
45 91
50 3
95 88
13 48
82 32
31 85
59 98
33 99
91 71
4 2
16 49
44 26
38 37
77 26
85 42
25 88
98 92
78 41
63 0
97 48
40 7
34 84
32 74
43 1
69 40
93 53
94 47
50 22
51 61
36 98
18 41
1 4
48 80
15 37
72 92
57 30
89 54
80 47
79 71
10 5
79 40
56 85
21 32
60 0
82 44
85 55
63 6
49 81
37 79
7 32
41 94
9 50
98 37
95 5
32 37
83 29
58 89
81 1
35 97
11 34
1 53
41 76
65 80
55 4
37 47
83 82
94 42
70 37
37 65
74 98
33 31
61 6
12 27
2 34
40 24
27 4
14 76
17 87
40 68
83 61
49 31
93 92
46 34
81 41
2 28
73 50
92 5
67 77
16 27
48 82
40 64
3 40
75 70
96 68
69 66
3 17
71 48
84 90
30 95
7 16
16 73
21 84
41 39
56 79
70 44
37 42
47 2
14 79
1 96
23 59
68 74
13 51
48 48
82 66
88 64
37 66
19 43
91 35
81 74
26 72
38 94
14 3
15 54
83 44
92 49
50 43
80 99
2 67
89 82
13 96
87 46
17 56
94 74
30 32
61 47
46 17
18 71
13 2
5 55
9 82
16 22
4 40
72 40
25 87
88 88
4 91
3 50
23 17
11 65
85 64
71 13
7 48
73 87
59 59
87 35
23 99
83 38
28 16
80 15
37 64
82 68
21 25
58 86
35 22
36 12
91 48
25 8
40 12
20 2
60 78
58 33
32 18
63 39
43 44
19 7
0 37
79 94
67 97
66 98
60 76
27 79
24 91
27 74
92 40
33 66
12 74
16 85
85 67
85 65
83 67
11 26
48 86
36 79
72 83
95 15
17 39
93 24
69 49
18 92
83 51
73 5
62 43
62 85
3 43
10 65
35 40
45 23
53 35
37 70
13 67
50 37
9 61
76 73
1 35
59 58
57 44
72 85
36 85
39 76
21 44
83 98
22 31
14 40
9 46
78 32
48 46
29 47
76 4
92 2
92 23
81 38
83 96
51 74
54 85
74 86
29 79
76 41
66 43
42 35
71 38
56 33
73 43
20 1
92 85
41 38
17 67
9 0
18 15
68 57
10 23
92 56
68 59
32 48
96 1
95 50
70 42
34 53
68 66
17 80
14 64
71 67
23 51
93 86
99 16
19 53
61 61
33 85
6 29
0 24
8 39
36 92
64 11
15 95
37 9
85 47
16 93
15 38
57 37
71 55
20 51
73 4
9 27
13 3
85 97
65 34
21 75
58 48
2 54
87 9
91 60
96 60
70 97
59 55
25 94
89 94
45 76
88 6
49 60
65 42
39 48
13 81
71 25
18 5
56 23
57 96
19 24
75 10
90 21
97 93
6 70
3 32
68 22
45 44
20 58
71 83
97 79
28 2
14 5
92 94
40 44
27 97
17 36
51 56
58 9
30 84
24 42
75 53
8 73
11 4
96 5
10 17
72 27
49 43
55 16
34 93
87 79
77 93
29 24
34 2
89 44
29 6
30 89
69 67
81 56
90 37
14 66
29 70
11 33
45 85
34 59
16 17
65 77
32 22
85 32
89 48
38 48
64 12
81 89
42 72
22 21
50 92
47 39
37 74
77 25
78 49
20 5
10 46
16 84
50 29
63 67
72 37
40 75
14 13
68 84
66 5
67 7
81 3
83 64
78 36
30 39
55 88
93 80
52 72
65 99
48 89
44 71
23 10
15 62
14 38
10 88
93 32
53 11
63 13
3 69
84 69
98 22
14 35
33 60
52 94
8 99
35 48
87 97
2 71
9 5
66 27
17 63
88 44
20 40
74 45
79 24
86 76
3 71
20 41
45 26
37 26
82 67
72 70
32 88
95 47
52 44
44 43
7 85
32 31
75 66
47 68
74 71
77 17
26 61
51 85
36 78
73 86
84 76
70 13
88 3
10 72
8 26
9 70
78 45
61 59
63 64
18 36
73 60
73 12
72 73
29 63
26 31
87 3
36 15
58 78
25 59
72 81
72 18
68 23
37 24
57 84
65 62
34 75
22 34
23 76
77 19
55 14
38 18
51 88
72 97
16 87
6 31
87 39
52 27
71 73
64 66
9 6
67 47
2 16
82 92
44 22
8 48
9 87
23 23
40 9
62 37
24 30
83 90
90 64
58 74
9 18
93 54
33 93
90 98
47 98
4 95
17 85
51 65
41 58
23 67
53 96
7 79
1 82
33 14
33 39
59 84
71 14
28 63
32 91
88 75
38 76
64 71
52 25
94 26
17 64
82 97
61 52
20 90
71 42
54 33
21 55
36 71
35 85
28 12
89 20
14 48
1 92
1 16
23 98
83 34
15 18
70 65
17 53
16 42
36 8
15 17
42 22
39 63
46 78
94 66
63 89
51 69
22 25
28 28
32 85
4 39
26 11
30 52
8 59
6 11
76 10
43 12
9 95
76 23
3 78
25 9
15 57
72 41
11 41
74 11
56 29
32 20
37 53
35 36
86 74
7 43
23 20
10 16
35 64
89 70
47 80
7 13
56 40
27 98
39 18
12 73
98 61
36 3
98 70
29 86
31 17
5 86
50 86
4 13
9 72
11 69
64 2
47 9
72 58
9 66
22 37
45 27
96 86
32 89
46 47
51 31
8 29
57 46
50 35
49 85
50 36
54 44
9 31
89 62
25 57
28 10
44 12
57 42
17 7
97 58
31 51
82 38
27 37
80 94
95 60
15 19
63 66
72 59
66 7
45 0
35 35
67 2
95 49
27 36
66 69
64 73
12 15
47 79
41 62
1 84
20 97
3 85
95 16
55 62
59 27
26 6
97 45
79 65
90 75
30 86
81 76
82 33
30 47
89 93
62 65
82 53
93 17
47 7
44 89
93 93
83 31
61 72
13 64
81 93
47 66
83 4
68 92
94 70
18 81
53 9
83 26
1 9
1 22
33 1
34 11
29 0
27 42
62 68
46 46
94 88
58 97
41 64
89 75
1 80
30 2
70 56
62 29
52 56
67 0
29 16
29 11
52 51
86 89
11 12
45 15
82 98
8 38
68 64
94 11
22 69
23 2
47 91
78 56
6 75
50 49
8 80
13 30
92 12
91 95
75 7
32 23
72 61
68 2
24 6
5 99
40 49
68 52
8 71
53 40
22 78
80 29
62 6
75 30
91 11
99 67
5 5
81 58
23 42
20 81
50 32
49 62
51 4
46 32
2 10
41 4
4 6
44 90
46 54
46 26
2 70
35 38
61 48
2 41
67 21
83 17
91 49
81 22
20 27
5 54
14 14
39 53
71 3
75 54
10 92
61 25
74 61
63 96
35 18
67 15
38 43
11 49
91 51
96 3
26 86
55 33
51 67
93 49
59 4
85 38
14 63
68 98
97 89
57 89
95 3
92 61
66 50
96 9
97 82
93 79
69 72
62 2
54 94
71 1
18 79
