100 3
76 23
87 82
50 83
33 86
8 87
58 5
81 23
66 74
55 15
27 4
51 77
94 38
38 27
74 50
4 50
98 99
78 39
66 12
6 82
55 40
40 55
14 21
28 82
83 9
7 42
75 67
9 65
95 86
71 82
85 42
49 56
11 99
98 47
43 69
19 17
32 51
69 30
10 2
48 27
91 70
4 5
56 69
71 14
31 5
75 73
5 50
64 30
16 22
7 4
71 22
29 10
75 78
23 14
84 26
10 10
53 68
6 94
22 98
16 69
43 52
57 87
47 52
14 43
2 54
54 75
83 20
0 35
66 36
26 53
26 12
85 49
87 76
16 27
85 50
55 58
41 42
87 97
60 5
99 71
27 2
88 80
72 25
88 40
60 83
35 54
6 76
7 27
40 78
33 35
11 0
11 37
13 63
44 50
24 12
46 96
16 16
58 32
81 68
71 23
17 71
46 1
32 45
15 34
78 58
47 60
3 62
41 36
45 20
78 9
60 82
56 75
9 99
78 79
58 18
51 22
12 86
88 38
11 96
45 29
41 1
94 32
32 53
6 85
29 65
31 27
79 53
85 25
41 27
13 81
87 63
8 91
79 12
27 53
63 44
32 13
81 74
74 30
90 62
88 50
61 80
77 92
14 88
29 3
48 44
77 0
51 65
15 11
93 10
12 9
57 42
10 92
91 73
71 95
34 41
69 42
61 76
13 97
16 58
95 82
76 91
67 94
58 67
59 70
87 22
29 76
18 62
53 23
19 53
68 69
87 34
45 80
5 83
83 46
98 96
43 85
22 22
0 0
55 23
85 45
97 51
34 55
10 14
37 67
13 19
34 58
16 61
86 7
3 71
19 62
79 96
92 1
87 77
6 29
62 34
77 87
63 24
50 18
14 0
10 74
24 70
27 67
60 46
93 28
36 87
77 1
57 90
61 45
27 91
40 81
64 17
85 82
73 4
86 59
12 50
29 99
91 85
22 67
73 3
53 72
93 57
84 22
58 50
83 31
55 53
46 57
38 33
78 26
91 48
88 88
56 15
85 29
79 64
2 94
57 83
6 49
22 37
66 96
86 13
94 63
36 60
73 21
27 10
12 79
13 38
37 11
30 43
73 41
24 84
29 28
22 63
50 23
56 0
83 60
45 89
50 77
35 23
96 83
78 89
55 30
1 82
45 33
54 48
24 46
42 16
41 5
90 14
11 18
30 87
56 80
32 32
3 22
92 88
30 34
25 37
90 64
71 7
91 50
22 87
78 93
78 73
45 95
19 94
84 24
51 69
76 71
8 78
3 53
43 19
2 80
27 19
76 26
41 72
92 85
15 52
60 49
13 67
98 36
60 7
19 9
67 85
78 16
98 67
44 76
65 17
59 42
75 55
20 27
87 86
37 79
57 38
79 2
79 25
62 66
1 56
3 35
84 14
71 34
42 38
11 7
60 71
54 71
15 41
68 13
56 43
20 20
58 55
29 21
61 36
68 59
22 19
7 69
10 43
3 73
99 4
72 27
6 46
92 18
4 15
54 5
94 24
39 72
9 48
11 91
66 79
27 11
33 21
31 34
9 54
1 29
78 56
63 84
82 44
50 55
55 92
97 18
59 16
85 90
87 55
27 60
3 49
83 22
53 85
34 43
63 53
48 24
63 33
94 52
98 91
79 22
71 51
41 81
53 14
49 40
62 94
56 70
15 70
83 89
79 59
0 22
73 2
45 96
21 53
12 27
74 66
53 9
51 32
12 61
68 58
68 80
81 48
77 64
31 20
8 7
60 13
48 54
49 81
95 78
39 76
91 69
57 60
96 33
79 42
32 81
50 92
27 29
72 73
24 89
91 75
90 18
85 3
65 85
28 99
43 5
58 74
2 3
58 30
47 75
93 88
30 11
84 66
28 9
40 76
30 90
78 86
56 8
44 0
55 51
94 9
41 88
27 38
75 81
79 15
62 38
8 81
89 46
33 25
5 80
36 19
61 72
20 60
2 17
9 17
36 82
36 94
51 87
70 72
93 66
47 69
81 37
53 86
80 55
39 0
53 54
17 84
12 76
66 97
24 33
99 97
85 95
22 92
75 90
3 46
77 22
78 30
61 83
20 12
52 69
53 66
10 99
97 26
98 69
10 65
11 27
30 20
53 79
46 65
82 65
36 46
10 97
4 25
78 5
46 52
43 43
8 3
49 72
33 50
51 29
42 33
60 92
3 48
0 82
44 61
80 7
16 85
30 22
47 48
59 26
82 1
96 59
51 53
63 95
88 22
50 94
49 60
71 46
70 84
29 54
9 19
98 30
49 50
58 61
97 64
88 72
48 33
58 41
80 80
55 97
96 69
70 92
14 20
74 52
43 77
90 19
83 94
66 25
38 37
33 20
36 31
4 20
69 27
57 31
99 82
84 1
5 5
71 74
47 40
91 20
25 49
17 50
92 19
60 66
29 46
56 4
59 77
17 51
46 74
74 98
42 72
57 43
50 11
69 32
61 47
31 19
0 42
0 41
14 19
50 21
19 4
60 25
67 86
88 65
49 9
39 20
52 7
38 19
6 99
50 15
95 26
26 64
35 94
64 25
30 29
21 65
8 9
74 63
39 27
55 68
67 43
6 81
19 75
4 88
46 94
45 27
60 15
98 68
99 6
31 18
41 0
66 59
1 17
14 15
6 26
27 25
44 68
16 57
76 29
38 20
9 76
97 11
48 84
25 12
39 30
5 4
13 59
15 82
55 87
79 14
3 51
96 45
47 67
21 55
30 52
73 87
44 88
69 72
24 42
36 21
20 1
56 73
59 66
22 46
12 3
23 3
33 54
13 1
98 87
37 69
81 28
32 36
14 64
93 15
67 64
45 21
93 20
65 48
86 88
54 8
64 40
89 94
17 33
42 6
59 92
60 89
21 88
52 47
26 96
57 77
6 92
22 81
94 90
82 91
89 97
31 91
28 45
58 84
9 42
2 49
23 67
46 3
69 12
60 91
67 14
34 71
11 4
83 4
89 6
94 17
50 46
4 78
61 82
18 18
19 23
67 71
37 26
11 81
0 53
41 11
80 31
90 61
25 79
89 28
38 65
43 67
71 31
71 30
38 83
80 12
24 29
49 35
7 24
86 70
82 30
57 58
26 86
12 59
94 97
18 78
86 20
2 20
63 94
23 31
2 13
8 65
77 83
57 80
12 85
99 94
77 40
48 81
6 37
61 27
62 71
97 80
57 4
13 4
22 96
37 29
59 90
73 32
52 15
99 37
49 74
26 73
30 99
16 31
26 59
42 56
37 33
38 54
37 83
36 33
2 53
7 71
2 97
36 55
26 88
12 56
9 87
63 85
69 50
98 5
33 28
52 65
44 10
87 37
33 7
50 12
80 9
72 88
45 52
72 47
17 79
70 93
9 73
91 6
32 58
99 49
68 30
21 63
51 39
39 67
91 33
59 53
34 87
3 78
27 3
30 60
66 23
41 56
14 55
1 21
63 91
62 43
50 51
52 13
32 41
80 92
93 74
56 19
64 55
8 95
83 6
15 78
8 97
3 31
77 75
64 13
96 60
6 91
26 97
57 76
28 80
59 20
2 58
64 49
71 2
86 84
2 32
89 23
7 22
46 24
98 4
79 20
9 84
4 62
35 83
19 54
66 30
12 80
22 39
63 70
84 37
73 79
70 52
19 86
67 0
23 27
99 88
37 57
79 93
49 62
48 97
45 87
32 43
53 7
51 64
82 15
99 52
25 28
27 61
94 92
95 93
91 25
13 11
36 34
52 79
85 88
33 34
55 20
70 14
90 13
8 14
6 20
12 93
12 2
97 46
47 15
66 73
16 90
97 93
46 87
68 47
1 53
63 38
21 9
44 46
99 87
30 57
45 17
3 5
54 6
38 67
19 80
15 80
82 39
60 98
34 95
0 37
0 88
17 68
95 28
6 47
62 47
94 91
13 71
46 38
77 11
70 69
12 42
25 77
21 54
75 74
66 17
25 38
53 99
65 39
46 30
56 40
1 3
90 16
15 6
89 92
91 36
4 61
28 79
98 41
76 5
84 27
63 32
24 61
60 31
23 68
21 62
4 56
85 72
69 64
98 37
40 12
91 35
48 77
28 59
61 62
35 35
53 45
34 8
69 51
29 7
32 85
54 11
65 70
78 97
44 24
28 28
72 31
1 24
77 19
61 99
3 81
55 25
17 46
91 42
12 40
38 74
44 65
24 58
12 28
53 27
33 11
55 72
93 19
5 10
43 22
35 63
39 41
24 18
99 33
0 24
59 85
62 69
54 99
60 59
43 88
91 97
86 6
26 90
44 3
40 42
88 48
22 9
15 92
41 10
53 94
62 1
53 49
22 62
65 36
16 7
27 88
86 35
75 83
27 22
49 85
44 72
79 71
45 79
4 96
28 49
5 3
68 68
87 73
87 88
67 49
70 55
27 81
72 75
13 84
25 73
1 39
70 67
41 44
98 61
23 44
26 11
77 44
60 86
8 12
6 2
73 67
96 27
1 57
68 63
66 69
2 60
86 39
41 76
97 1
3 6
48 16
23 64
50 50
84 50
19 3
37 74
30 26
90 91
56 35
77 10
15 27
25 44
63 47
24 87
83 77
46 77
31 39
61 32
87 39
94 33
97 16
41 41
19 11
72 58
93 54
37 72
88 77
91 28
21 29
14 7
95 62
55 79
50 28
70 74
74 44
26 72
73 42
15 94
1 89
89 16
28 11
64 50
42 99
74 83
45 49
20 40
66 5
71 45
4 44
0 46
32 5
71 87
61 84
28 53
5 32
61 24
83 57
78 71
58 78
61 34
34 38
20 11
5 96
66 52
56 7
24 79
85 15
16 55
69 65
7 14
55 83
54 19
55 93
51 15
59 35
36 42
45 75
51 60
69 35
54 53
17 38
82 22
21 73
72 15
13 28
27 89
13 13
5 92
86 29
49 84
70 29
82 29
59 14
92 87
35 55
7 7
36 68
21 72
95 49
54 95
31 92
97 31
7 35
1 8
91 77
14 8
17 37
44 64
52 12
70 90
25 52
31 3
89 29
27 80
50 61
95 85
32 6
16 46
67 9
46 85
92 9
76 39
80 63
15 43
42 23
74 38
61 88
49 32
69 49
85 68
5 75
29 29
20 34
80 88
60 61
96 82
43 12
85 21
35 86
79 27
96 2
19 77
87 96
54 27
89 71
58 15
31 50
90 88
97 34
66 70
38 61
79 32
55 9
98 52
40 71
43 72
33 53
78 37
20 7
79 41
76 4
0 36
43 34
48 64
67 25
74 25
26 25
40 86
63 12
92 33
67 91
91 89
15 95
51 58
3 10
55 49
87 7
68 1
21 86
60 76
20 13
75 69
55 6
24 72
86 89
14 95
39 62
81 14
30 4
15 44
92 3
88 2
69 10
30 56
89 66
3 54
73 19
81 89
73 46
60 53
94 61
96 84
77 71
24 45
92 89
32 24
15 35
43 0
1 30
80 67
88 60
64 45
46 47
24 53
9 4
83 21
49 89
62 89
37 30
89 70
11 46
2 89
73 84
52 58
14 59
25 67
77 76
17 23
73 47
13 23
69 20
0 74
35 45
87 40
59 30
72 9
58 58
29 40
46 13
0 86
28 42
87 31
31 71
45 98
17 81
64 57
29 52
91 56
80 89
58 82
86 76
46 14
96 91
43 44
23 37
53 19
31 6
45 31
61 50
42 9
15 68
62 5
86 30
71 40
46 68
52 45
42 25
96 73
80 49
48 38
3 40
83 28
36 59
76 78
6 84
8 31
34 13
50 69
5 2
53 46
4 53
28 71
86 27
93 9
19 42
60 75
39 3
95 32
10 28
68 79
93 29
0 90
98 2
5 15
81 50
61 38
4 43
47 8
85 13
66 89
59 25
45 70
32 64
45 2
42 61
92 29
25 39
52 86
39 95
97 81
61 21
71 50
99 11
14 57
25 23
65 40
22 78
18 90
24 82
72 79
15 56
21 21
58 88
94 58
7 25
62 61
67 27
70 94
3 59
64 42
52 63
78 40
14 23
31 11
26 35
12 74
43 14
28 91
83 99
61 68
37 48
85 36
90 24
51 66
61 58
76 58
81 13
37 85
69 45
73 15
57 3
53 83
45 78
50 54
27 27
77 41
58 68
56 96
49 66
99 96
63 11
15 33
78 88
31 88
34 63
52 9
86 42
76 89
10 89
88 15
65 94
99 81
47 10
57 9
33 80
2 5
65 25
93 82
40 17
33 26
25 59
85 86
41 6
10 69
4 65
57 85
45 97
96 67
53 3
13 88
47 12
40 48
18 76
30 58
49 20
95 89
36 77
13 78
21 60
62 74
13 99
11 15
49 2
17 5
66 75
84 45
30 74
44 79
18 2
77 80
52 93
8 15
26 8
8 63
21 33
41 40
50 75
74 49
91 29
32 26
80 87
44 32
23 15
15 39
82 89
83 52
26 17
9 10
42 69
42 39
4 55
31 76
18 58
3 56
3 94
6 32
31 65
58 22
63 18
69 26
82 84
25 81
83 33
11 17
3 84
41 80
86 45
18 53
32 16
68 52
74 28
68 82
36 30
58 46
24 30
82 94
7 45
63 83
34 20
72 55
42 36
40 20
15 53
37 92
72 24
23 34
38 1
77 56
0 72
16 50
1 63
73 68
96 41
25 36
89 77
10 13
33 2
75 1
2 12
32 71
98 88
12 71
39 85
46 72
83 32
65 61
47 88
54 2
13 7
18 72
53 11
79 66
30 32
54 10
32 39
85 40
37 73
64 32
67 48
88 29
10 57
28 44
24 9
99 23
66 55
8 33
50 26
64 35
67 99
81 41
92 74
68 42
42 32
51 84
99 60
1 35
74 23
8 69
58 21
81 4
56 68
66 91
60 88
71 57
7 93
98 66
82 97
96 62
71 55
64 98
77 6
53 67
76 98
74 62
75 37
73 75
2 38
32 3
61 5
76 49
54 90
39 45
60 97
51 63
47 66
61 64
30 49
86 60
51 12
73 82
84 46
48 47
87 49
79 5
11 67
41 3
11 23
40 15
56 89
68 45
96 40
37 10
2 52
27 12
38 66
43 59
74 11
95 45
84 86
17 18
0 62
24 38
20 80
4 81
19 61
74 64
20 96
88 27
32 14
45 85
64 64
50 78
56 9
86 55
25 3
16 98
20 26
83 27
68 20
50 7
62 76
13 15
16 13
70 12
66 29
48 78
99 18
24 27
92 0
20 83
97 86
82 31
45 48
80 20
98 10
6 12
20 36
74 53
99 65
21 43
26 48
5 27
33 57
72 26
4 22
86 92
25 30
53 78
21 49
27 18
35 92
57 62
44 48
87 59
74 12
42 46
59 46
51 23
55 75
87 38
21 51
88 86
71 18
80 60
67 97
51 99
73 63
24 77
74 29
46 78
12 98
78 55
87 92
49 0
6 51
32 34
29 14
72 83
0 39
8 62
29 59
66 7
74 87
24 16
95 23
79 50
92 72
15 65
67 55
84 28
60 77
6 45
31 58
25 86
65 10
60 45
5 34
40 60
13 24
41 18
39 21
28 33
57 18
61 4
26 76
3 52
77 62
90 49
1 25
56 32
84 74
17 21
83 84
28 50
91 0
38 70
27 92
82 66
75 38
34 16
63 3
99 2
42 41
79 80
76 96
10 15
41 15
72 89
82 28
59 47
37 3
57 88
65 75
23 51
91 3
69 33
79 88
36 38
74 6
26 50
68 86
53 40
56 59
73 99
44 80
66 38
9 38
77 32
48 68
14 97
9 61
13 90
34 2
2 93
23 60
86 21
35 73
38 42
78 51
92 36
21 93
66 16
39 44
29 66
54 43
54 96
87 98
16 53
61 7
41 39
21 71
90 3
13 91
50 70
32 66
55 10
18 1
45 84
30 83
94 40
75 56
30 61
74 4
39 56
53 43
1 43
50 0
8 82
97 58
76 66
92 30
11 69
79 78
64 96
98 80
46 27
71 49
37 32
98 49
0 10
57 33
38 31
83 71
81 36
86 5
10 29
40 98
40 22
68 32
18 85
62 98
77 36
32 91
26 20
5 42
53 22
64 22
24 78
90 7
78 42
91 82
76 59
22 64
87 1
18 65
27 0
80 1
81 46
74 92
38 87
96 44
66 34
50 90
51 24
52 1
17 40
75 92
2 78
71 91
70 70
0 70
25 9
99 78
95 94
79 1
29 39
53 15
91 87
11 34
69 38
51 97
59 45
7 5
42 37
30 7
0 97
48 59
52 16
34 94
38 77
0 23
22 31
51 38
90 25
68 53
63 5
48 17
19 49
67 39
29 8
99 1
49 92
40 64
6 64
80 6
58 23
74 33
42 2
93 45
4 41
12 83
25 21
99 54
57 13
35 1
78 92
12 47
29 45
12 43
96 86
28 40
68 90
21 89
18 19
96 11
23 22
99 10
89 57
2 7
19 14
58 43
25 20
27 51
63 39
41 14
47 47
16 38
17 67
46 50
0 7
44 74
17 44
16 37
15 50
46 16
62 12
83 48
86 87
18 45
27 76
27 17
67 46
68 44
1 91
96 22
72 98
19 87
86 95
7 37
94 4
35 28
35 51
47 95
53 8
89 64
53 31
46 71
20 57
59 62
56 88
36 73
54 12
10 37
26 65
42 42
34 52
60 24
58 24
13 42
80 97
0 18
54 4
77 42
51 89
25 25
5 99
78 13
88 55
70 20
19 8
88 89
95 8
43 65
33 89
34 80
22 1
33 74
63 98
30 54
17 94
13 58
30 95
82 0
24 20
27 98
23 98
2 88
54 26
58 64
79 62
39 99
7 11
96 7
79 86
97 50
86 64
91 93
25 40
46 48
49 93
67 35
33 56
40 82
55 2
11 9
97 71
46 23
19 96
50 16
86 50
14 14
42 40
23 61
68 3
30 25
41 90
24 99
72 63
44 45
76 2
17 73
20 74
96 5
98 95
21 77
31 69
37 82
54 76
2 75
77 13
47 7
24 7
46 46
40 67
34 68
79 46
21 85
55 21
67 31
44 30
13 16
26 92
44 38
22 83
23 73
91 51
71 38
12 91
57 64
59 8
89 14
59 23
80 76
81 40
95 92
90 2
13 87
39 6
73 16
76 74
87 14
82 77
51 25
34 32
46 62
81 31
14 32
44 23
63 0
5 40
47 78
38 99
16 60
46 2
67 78
98 56
2 82
88 82
48 83
98 13
89 37
85 58
80 50
14 68
0 60
46 83
22 48
91 68
58 66
57 25
47 79
53 74
61 35
90 72
16 36
11 79
23 33
85 6
1 72
8 25
7 30
67 61
59 31
45 38
54 52
74 46
49 7
29 55
75 88
53 39
45 25
20 9
66 84
19 24
89 38
56 54
77 88
40 25
96 92
1 15
4 28
8 4
32 72
63 78
93 40
93 6
34 82
70 81
95 74
96 28
52 39
27 64
34 79
87 57
13 64
70 36
29 94
27 49
45 45
88 34
82 74
63 27
17 58
43 9
15 37
23 11
60 3
91 95
32 67
60 68
60 8
39 51
79 76
86 28
35 93
90 41
15 81
60 35
70 30
21 19
14 79
22 35
24 93
47 20
44 89
28 39
94 30
28 51
22 50
8 28
5 52
81 12
78 57
37 52
90 54
31 31
74 57
40 79
68 65
22 33
51 52
88 62
37 63
30 10
71 64
15 66
75 95
75 20
1 27
8 48
89 68
73 64
94 55
76 95
51 93
77 89
46 69
43 10
35 61
48 57
46 21
55 32
56 28
18 11
65 20
16 75
36 81
72 13
68 31
11 22
62 75
64 60
58 95
5 84
54 28
33 13
73 81
25 34
46 63
16 96
78 76
62 36
74 35
2 8
33 47
5 81
58 49
24 0
1 74
71 83
90 77
99 58
59 76
55 41
16 51
55 70
49 52
71 88
48 60
40 47
3 20
11 56
25 54
62 35
56 81
21 25
49 23
52 23
11 89
77 29
18 39
79 39
47 49
37 42
25 85
26 78
24 71
50 57
17 80
70 8
56 82
7 75
9 75
32 35
56 92
35 56
41 8
7 21
28 43
27 68
37 45
17 35
32 60
38 98
55 14
0 4
61 9
67 47
41 55
18 29
14 16
57 15
88 66
51 7
72 8
59 64
21 66
59 63
50 91
0 79
40 77
96 71
36 14
15 87
80 82
63 52
65 24
35 24
0 44
4 7
33 68
3 2
52 72
13 94
44 47
42 0
68 16
55 24
33 55
92 31
2 42
66 13
34 81
43 30
55 71
85 91
30 67
0 28
13 34
39 11
59 83
36 17
36 61
65 43
20 92
62 27
97 78
44 56
62 41
13 53
31 42
50 96
62 30
13 50
71 29
9 27
27 95
95 56
69 91
70 73
59 67
92 81
85 70
84 17
55 45
54 83
62 40
45 44
40 37
21 81
20 24
5 68
88 71
27 84
47 13
89 82
80 19
70 5
46 86
15 57
27 83
58 73
69 66
58 26
90 37
81 95
79 55
64 8
42 76
92 80
50 32
1 47
28 94
78 52
84 61
60 23
36 35
7 84
53 82
13 49
46 42
24 24
3 18
4 58
66 67
48 9
42 82
62 87
62 83
0 11
49 29
45 12
99 79
68 8
6 57
50 74
54 46
22 41
1 77
97 48
2 87
14 76
3 17
66 15
31 77
49 30
17 25
12 67
80 57
95 13
74 94
16 43
14 46
74 54
19 58
65 65
10 49
0 61
17 75
43 45
84 12
1 73
47 71
66 51
94 21
95 75
17 65
84 41
38 68
9 60
46 84
12 95
63 1
40 62
49 5
58 71
81 94
68 27
84 71
78 20
53 64
2 21
4 26
5 70
52 83
12 77
37 90
60 51
18 92
66 98
2 63
91 27
77 24
6 79
34 97
18 50
75 39
44 19
36 67
65 44
68 96
36 6
51 67
54 15
33 78
34 36
97 27
81 77
82 80
33 59
81 67
17 11
6 39
28 4
9 89
18 8
95 55
43 83
57 34
95 34
99 48
93 3
16 44
0 49
45 39
46 39
30 68
52 71
54 62
95 59
39 79
54 37
72 21
71 77
64 19
22 2
44 22
12 45
10 60
98 17
33 82
58 2
38 58
61 28
75 77
67 54
72 56
45 50
59 82
20 32
12 4
73 10
32 88
75 87
31 63
39 81
87 53
16 11
21 74
13 69
72 68
94 29
19 66
84 5
95 88
73 66
81 79
91 23
17 57
60 36
17 66
13 57
29 20
30 71
71 48
31 78
98 7
85 31
53 25
54 88
4 24
30 62
17 45
56 38
43 75
84 57
35 38
75 48
35 2
10 24
68 2
35 40
57 73
65 76
67 22
60 27
30 93
41 87
27 35
81 81
7 68
56 67
33 45
5 72
82 7
30 35
8 30
51 73
56 86
48 29
65 7
57 6
86 12
85 52
48 51
82 17
65 28
18 7
42 29
41 23
71 85
67 70
67 8
45 24
32 95
56 93
90 73
84 93
39 43
51 51
29 34
86 69
20 50
49 33
3 96
47 28
30 33
94 85
72 7
9 58
59 2
0 25
17 34
89 73
80 95
10 0
89 91
25 29
25 60
84 51
37 87
30 59
51 37
87 36
71 72
35 5
65 33
60 11
73 50
37 78
96 29
73 71
55 74
82 23
34 60
31 93
31 80
19 72
44 27
38 24
55 69
92 83
14 63
77 7
98 32
71 54
71 16
34 74
25 92
68 92
15 47
82 3
66 24
52 81
48 80
32 25
59 19
91 15
8 59
46 99
84 20
50 98
13 31
86 91
85 24
47 65
51 1
4 84
33 8
85 54
90 59
47 97
64 65
88 10
99 16
38 35
50 25
22 15
28 88
1 13
61 41
35 48
73 74
37 68
20 39
24 10
38 16
55 52
65 11
82 88
39 36
14 90
51 59
60 57
28 62
89 43
39 96
34 7
59 91
6 34
84 87
17 16
10 96
89 55
34 88
27 41
48 43
13 3
63 51
21 17
7 47
30 36
28 25
83 11
33 15
8 94
40 39
98 92
87 10
51 28
98 86
52 76
62 31
74 72
24 55
49 51
38 5
98 77
92 91
70 3
46 76
77 85
93 56
69 86
41 60
36 75
1 6
64 14
74 43
6 17
6 68
83 30
85 51
31 26
81 17
90 70
29 18
68 88
67 33
50 76
63 71
95 98
31 45
23 25
36 56
18 10
95 58
11 42
7 62
22 24
35 21
82 68
69 70
32 28
83 90
41 19
65 80
87 9
63 43
61 8
93 72
39 53
71 10
93 17
61 23
54 16
37 12
86 2
71 33
33 36
72 86
28 10
52 62
46 17
43 35
8 22
53 41
37 37
45 46
8 53
87 50
8 42
59 79
75 93
78 59
41 30
91 54
46 64
46 66
87 17
52 56
48 66
61 37
53 6
0 77
98 89
37 17
80 34
27 73
49 47
69 69
16 86
97 28
38 91
73 55
89 79
5 38
90 97
46 56
42 59
78 21
66 54
72 41
91 74
23 50
0 34
97 35
65 26
17 42
53 5
87 89
0 64
40 38
84 91
51 42
68 38
72 72
79 57
95 24
44 66
98 34
23 36
75 97
7 6
50 56
38 78
95 7
10 85
60 39
55 63
4 33
64 83
61 90
40 10
92 65
51 71
44 1
76 65
75 85
42 18
25 13
80 41
87 33
45 22
58 51
61 22
47 55
26 57
68 23
59 74
44 13
63 58
57 97
61 15
44 52
96 61
97 94
26 4
37 93
29 13
98 39
15 5
45 8
8 93
44 33
68 91
79 24
31 64
99 20
3 42
49 75
73 77
21 40
84 85
52 96
12 46
71 27
75 8
63 7
73 43
68 49
68 98
79 23
77 81
38 23
28 20
70 50
55 62
78 80
30 39
61 43
40 19
63 35
80 40
43 98
67 92
79 83
18 38
92 12
30 15
19 55
61 2
37 51
87 3
46 7
34 85
26 0
76 15
56 83
31 52
82 38
37 55
60 37
3 82
71 96
1 65
92 21
84 0
82 24
89 3
38 14
0 75
76 77
12 13
64 4
67 95
50 8
81 56
83 55
60 63
43 76
64 41
3 50
50 48
60 94
94 67
40 63
83 54
71 20
68 19
3 9
79 10
37 25
94 87
10 39
76 40
35 4
91 79
20 19
22 16
14 26
32 99
72 45
55 86
51 4
69 34
10 40
24 37
88 19
66 93
48 53
64 67
73 1
52 57
59 97
41 57
74 61
17 9
97 69
28 16
91 17
57 68
96 88
58 3
46 9
40 73
89 78
85 5
84 43
75 53
71 35
49 90
38 52
24 90
95 4
57 29
21 79
10 38
96 31
89 25
42 73
80 91
81 58
58 25
4 70
48 76
62 18
45 63
49 14
13 93
89 72
81 15
67 6
66 28
94 94
27 1
43 32
93 48
78 31
68 99
46 28
20 6
46 22
50 38
15 8
7 49
42 95
88 23
92 26
32 31
6 25
0 15
31 84
64 23
62 20
57 86
52 3
56 29
34 4
79 52
90 85
83 17
8 85
20 78
67 88
43 54
83 35
36 63
68 81
29 89
33 46
65 37
59 28
92 50
93 55
45 61
94 56
50 45
89 65
32 65
20 0
44 91
48 46
4 47
48 71
88 44
62 8
81 82
6 75
7 56
74 1
75 25
92 71
66 43
76 11
45 53
71 15
2 90
19 69
78 11
62 14
51 72
36 95
95 10
21 30
62 4
74 93
11 98
12 64
98 35
69 59
64 15
1 95
77 95
32 23
40 52
7 51
35 12
12 72
24 49
12 65
92 59
98 19
17 31
11 88
92 60
81 53
97 96
90 80
23 21
96 79
63 9
27 86
96 56
95 91
81 2
9 14
29 53
16 42
43 8
19 44
63 28
74 79
22 25
33 23
87 70
76 64
26 26
36 89
53 4
22 14
52 41
13 25
33 6
14 62
77 70
41 69
30 40
90 48
42 74
40 46
99 12
19 22
58 72
27 20
95 0
59 10
43 28
5 22
30 8
39 89
51 20
61 10
4 21
28 83
74 45
61 0
53 57
90 11
46 98
87 19
78 12
83 81
28 18
16 82
86 1
28 52
58 90
5 82
14 27
28 27
90 1
68 29
27 21
55 55
61 81
33 96
14 38
63 15
26 67
80 25
41 47
77 9
81 5
93 77
75 6
6 1
81 25
70 99
51 76
81 92
32 15
71 56
27 39
47 36
75 2
57 67
95 48
69 89
98 50
2 67
12 31
47 92
17 26
27 44
84 49
87 8
13 26
61 30
56 33
74 77
45 3
3 23
22 43
93 64
45 0
59 50
63 87
10 47
11 14
80 71
26 58
28 72
4 67
11 87
40 5
2 39
9 50
29 48
55 18
34 15
3 92
25 56
97 19
0 3
35 82
68 10
47 41
95 6
65 3
42 89
69 85
3 58
67 66
98 9
28 34
0 78
92 22
26 44
41 46
14 22
66 9
71 37
8 32
94 15
75 76
18 77
37 16
3 41
31 46
61 92
53 63
3 0
59 69
86 53
65 5
77 73
95 31
1 36
13 55
52 67
45 81
80 66
19 50
11 12
68 39
40 1
30 63
57 75
51 13
65 72
88 98
69 24
9 63
26 30
27 15
47 6
63 76
8 36
11 30
29 86
0 83
67 56
19 83
34 90
90 92
36 28
84 52
50 34
50 20
18 27
34 53
17 64
66 57
82 46
75 11
5 26
36 36
25 69
54 24
79 40
13 40
5 13
61 65
23 1
7 15
42 20
79 37
42 93
73 98
69 87
76 21
6 38
99 3
96 4
44 39
37 54
77 53
75 31
79 68
64 99
86 54
22 85
68 50
47 62
39 31
39 24
95 2
9 7
35 97
76 6
67 52
39 87
72 53
47 51
51 85
97 5
46 91
39 91
34 6
69 53
76 12
67 90
52 97
57 51
80 70
30 94
5 29
11 64
13 18
26 61
39 19
29 72
22 51
94 59
60 69
66 10
48 90
59 51
87 30
94 7
7 3
44 78
98 48
70 31
43 47
47 81
37 56
99 67
85 22
3 11
30 66
31 4
49 67
23 38
69 90
19 99
96 34
37 22
74 24
43 74
87 91
84 56
44 85
45 66
78 18
50 68
99 40
7 61
1 78
16 93
47 46
12 10
70 44
15 15
39 28
94 76
24 14
50 22
56 6
4 31
89 33
69 21
92 32
41 13
64 11
64 28
22 65
99 98
96 93
89 98
54 40
71 76
69 2
69 99
23 99
88 7
29 15
12 41
60 81
6 73
40 68
99 5
16 81
86 14
7 85
2 66
6 95
25 27
10 52
45 69
99 28
7 34
23 47
61 12
81 63
32 18
63 74
84 48
99 43
2 44
60 33
60 78
79 75
66 41
40 61
70 2
2 95
25 2
71 4
28 93
18 54
54 36
14 44
94 3
62 13
79 54
42 14
35 3
12 48
45 4
50 42
23 91
84 15
29 35
10 42
98 90
68 64
40 44
87 12
72 90
94 36
57 95
21 97
10 84
34 5
56 98
26 45
13 62
85 33
88 11
29 91
5 14
92 46
22 80
29 47
30 17
52 98
34 34
5 93
47 85
47 22
6 42
32 30
6 63
18 34
57 98
6 40
81 59
5 0
4 99
35 90
90 28
82 75
8 90
2 79
75 36
34 0
86 63
78 91
72 0
84 7
31 85
53 90
62 72
29 87
43 56
32 42
12 30
55 48
20 15
68 0
66 90
14 52
39 63
90 87
64 16
41 71
89 63
48 62
43 6
47 96
57 72
88 37
92 42
27 42
50 73
60 38
63 64
59 13
71 63
98 40
56 74
91 18
73 65
15 38
35 14
32 55
98 3
1 20
1 62
78 74
27 72
98 82
56 2
84 63
62 2
79 45
35 68
48 23
86 18
7 65
9 85
87 68
62 80
73 80
11 86
36 53
31 68
86 52
89 18
8 13
21 38
52 84
11 59
97 75
62 37
10 93
14 35
8 67
20 14
69 8
18 16
13 56
8 10
46 58
89 45
11 90
74 9
21 83
72 23
99 22
39 70
86 11
72 22
79 58
87 6
46 89
21 18
39 98
50 35
67 17
55 94
68 48
50 64
33 98
30 75
89 67
90 29
68 7
42 7
95 53
57 0
76 92
71 9
80 17
53 81
55 73
5 73
62 22
25 53
64 63
31 55
88 67
22 97
60 41
64 81
81 9
74 7
9 40
20 2
10 66
38 25
65 34
20 70
83 12
87 83
28 98
22 79
8 61
68 9
43 93
36 37
72 5
41 49
10 53
4 57
84 23
24 28
85 75
91 57
31 8
48 28
11 1
38 12
4 34
86 85
82 72
43 21
29 19
12 16
35 13
68 6
55 96
60 20
43 96
95 96
93 61
89 15
13 77
68 83
9 46
69 55
86 23
73 14
88 70
6 74
34 78
75 64
6 66
31 90
90 4
80 77
55 7
81 99
74 27
41 97
44 51
66 49
7 72
28 95
32 78
83 41
17 87
81 55
26 36
78 65
34 17
93 60
86 41
37 36
94 18
10 94
21 59
14 85
46 8
9 13
94 14
17 4
28 58
97 42
94 69
78 70
40 7
68 37
52 34
51 56
79 90
70 86
6 33
49 76
10 45
51 46
72 48
6 13
19 97
12 11
28 14
99 76
9 55
79 92
15 72
68 14
95 39
98 93
27 99
29 38
33 19
72 99
80 59
79 85
93 95
12 54
40 24
13 32
90 98
2 51
36 93
74 91
20 25
90 93
78 17
87 79
76 27
25 55
11 54
1 87
56 21
67 57
34 69
17 2
87 45
62 57
71 42
68 24
29 4
33 32
13 75
97 67
41 65
84 39
11 48
29 95
58 1
93 46
64 48
41 84
53 20
69 16
42 60
68 35
39 4
80 18
74 70
88 96
14 18
18 46
80 15
23 41
30 24
93 43
23 2
22 77
41 25
7 70
22 30
84 11
95 18
24 98
49 12
16 64
84 90
76 63
65 2
92 25
8 71
7 66
78 50
15 98
88 87
85 56
97 12
75 26
37 66
38 39
80 78
5 54
53 24
69 3
24 83
75 61
92 23
50 72
61 60
81 24
12 81
39 7
75 57
7 59
37 21
42 4
3 25
52 85
56 61
45 91
17 28
62 62
15 96
42 64
16 78
13 21
74 97
8 80
72 42
77 35
97 79
21 14
96 18
4 64
37 31
54 86
60 72
19 10
76 52
78 23
67 75
70 65
67 1
50 87
10 86
65 32
25 50
21 7
68 85
84 88
46 54
6 43
33 12
80 58
89 36
19 39
7 95
98 59
6 89
75 41
41 2
7 32
37 19
82 5
93 5
30 86
63 10
21 70
0 27
13 68
33 81
37 75
75 17
18 26
30 80
36 25
13 65
90 95
87 42
79 89
71 12
80 16
75 63
17 69
82 63
65 87
67 51
24 57
18 56
80 61
72 17
1 2
84 29
0 30
21 98
45 37
36 13
52 36
7 67
79 18
3 27
14 82
93 65
85 55
74 60
14 75
73 13
87 52
72 95
14 81
94 64
32 82
10 35
92 67
32 46
85 83
67 67
42 83
86 66
73 48
91 13
87 99
44 14
95 27
89 74
87 24
17 54
25 58
7 40
3 64
32 38
90 52
72 84
92 35
1 14
85 94
54 65
54 3
61 20
9 0
66 6
40 72
19 13
98 75
84 84
79 91
68 41
6 18
85 37
41 98
83 95
54 0
26 28
77 15
16 87
9 31
19 60
36 85
81 30
35 6
90 55
13 92
15 63
33 10
53 52
58 10
56 91
15 45
69 78
90 33
28 35
53 29
73 7
20 37
45 51
10 5
98 65
65 52
93 53
4 94
16 3
78 34
67 7
73 72
47 9
24 67
9 47
36 76
26 70
20 29
42 94
23 58
81 33
77 23
76 50
82 61
51 0
31 33
94 93
54 70
39 18
64 86
16 76
98 0
7 8
40 51
9 72
32 83
61 13
76 73
78 72
2 2
79 34
17 17
43 82
28 55
41 63
34 50
82 56
83 34
3 74
78 49
56 23
31 98
8 5
27 62
66 27
78 25
69 37
51 54
57 21
30 82
10 71
7 33
47 87
84 25
72 97
20 79
35 64
22 32
31 25
59 49
6 90
23 42
35 99
62 44
77 72
7 81
8 58
84 47
67 59
56 94
4 32
6 80
92 7
85 26
7 29
91 61
83 51
11 33
65 45
71 13
1 34
91 9
83 96
97 84
19 41
97 53
75 13
42 34
91 60
35 43
83 7
9 71
57 52
94 48
78 43
32 68
25 1
42 1
25 19
12 18
99 7
85 35
18 66
15 59
83 25
37 34
63 77
2 41
99 56
65 86
24 68
83 37
97 83
28 61
65 53
20 21
66 44
17 47
55 59
56 41
22 88
31 82
37 24
75 68
98 94
58 31
99 70
52 5
22 17
98 84
25 78
71 0
95 60
13 44
25 64
51 16
72 94
13 45
43 90
48 40
7 58
94 31
47 44
6 87
79 47
0 89
19 27
74 78
99 91
96 49
15 64
73 88
14 73
64 46
82 53
93 13
48 73
15 9
98 22
8 88
35 59
55 66
83 5
56 62
85 27
12 53
0 66
36 72
48 26
3 21
63 22
14 37
17 93
69 7
18 14
94 22
25 45
84 98
59 96
19 91
57 32
77 34
37 84
42 51
44 73
50 86
42 49
92 96
55 60
18 28
92 40
88 76
36 1
10 22
40 8
30 98
39 54
20 35
16 34
21 0
18 67
65 96
65 57
23 88
92 41
84 4
70 89
78 36
8 51
3 24
7 86
70 21
35 33
85 7
15 3
69 60
55 78
8 41
35 7
70 24
63 26
24 21
75 44
58 53
10 19
84 77
76 9
4 39
56 84
20 97
13 14
93 75
1 7
53 96
18 93
91 26
30 73
6 98
7 41
79 69
6 86
40 49
26 7
55 37
90 26
98 83
20 63
45 43
97 2
53 73
47 34
26 79
79 73
31 47
77 27
47 1
16 10
64 38
41 29
57 50
16 41
7 48
6 28
20 93
41 38
71 86
93 27
3 43
36 12
72 82
33 33
7 64
10 67
64 76
32 44
42 57
64 7
14 72
40 69
39 8
51 80
92 55
89 19
90 90
93 8
81 61
18 35
5 55
0 91
15 36
39 57
95 30
9 86
47 43
33 27
26 52
49 53
98 23
84 65
92 15
67 87
9 57
8 11
7 99
89 35
15 42
36 52
15 17
88 12
19 93
56 16
54 1
88 57
21 26
75 54
2 68
30 89
71 90
13 46
2 92
32 50
77 17
50 66
6 70
95 99
27 46
36 11
62 24
30 1
4 71
48 10
56 5
12 14
72 74
53 97
67 62
4 91
35 76
10 7
76 97
64 47
39 10
39 74
30 13
41 64
56 76
70 13
47 84
77 96
21 28
60 40
20 46
98 43
69 43
95 65
60 47
18 64
75 32
2 16
3 87
21 39
34 14
94 77
1 71
12 12
76 60
73 36
45 11
12 20
55 36
64 73
5 28
69 97
76 7
60 99
26 77
70 22
35 47
63 57
45 40
88 16
45 90
90 66
55 42
39 75
16 28
6 83
33 37
11 94
77 69
83 62
86 25
51 86
76 41
98 98
0 76
3 4
47 23
99 44
7 80
7 96
86 90
6 55
87 87
65 81
0 5
40 11
26 49
79 63
43 18
82 85
6 11
10 63
75 16
71 84
94 81
37 99
64 72
43 25
49 97
9 56
10 33
33 94
23 55
34 21
90 51
19 92
69 82
57 70
81 60
22 5
68 93
73 18
62 79
82 26
50 62
67 79
76 35
19 68
14 34
82 55
10 46
24 35
49 82
42 10
32 59
51 62
4 90
65 18
55 77
94 78
30 19
98 53
70 42
92 13
19 74
82 98
59 72
56 1
99 31
88 46
23 19
88 91
69 88
58 14
37 6
19 16
40 89
74 74
63 66
97 66
31 36
45 88
83 42
12 36
44 11
10 56
10 20
5 64
67 93
94 83
59 99
9 37
73 51
84 80
18 75
3 65
23 70
94 71
44 26
25 8
82 71
37 46
25 46
46 51
48 50
96 12
36 66
70 48
16 5
95 50
70 1
32 77
61 75
24 51
83 75
3 99
38 56
47 11
63 79
73 70
78 10
93 7
91 92
19 78
77 66
34 24
42 65
2 4
81 44
72 43
61 96
7 74
63 48
12 39
20 91
58 29
52 21
60 73
93 2
63 6
84 55
71 92
9 97
31 43
31 28
36 23
77 18
59 22
59 80
2 65
88 31
61 93
40 23
74 67
42 92
47 50
75 7
26 55
37 97
9 49
92 90
24 1
99 9
10 36
88 32
19 46
18 63
45 30
16 66
37 61
91 31
50 10
83 64
31 56
87 44
54 94
21 32
63 31
32 61
80 39
82 34
47 21
57 37
86 8
49 45
55 31
15 29
59 71
4 63
96 94
27 16
17 98
0 14
16 63
92 78
6 58
0 95
80 29
29 9
77 30
1 38
15 30
97 52
6 9
38 85
47 76
6 65
80 48
47 74
53 36
62 10
78 84
7 98
31 74
43 71
70 53
62 32
33 52
83 80
96 0
84 3
4 19
51 36
58 34
99 99
83 3
93 79
3 76
63 60
40 31
7 90
91 19
34 29
41 92
39 32
81 54
84 13
45 6
50 17
99 92
20 88
70 19
95 57
93 86
20 75
31 73
15 20
29 74
58 20
65 30
38 94
58 65
9 78
89 40
47 19
37 35
32 92
72 50
61 66
59 58
12 8
64 52
49 88
26 89
1 10
37 65
1 28
94 98
70 95
84 2
58 77
18 57
68 78
64 87
20 99
62 99
43 87
71 81
61 31
16 52
61 25
27 24
65 19
31 23
53 48
8 52
64 33
69 25
73 85
5 71
86 40
98 58
98 71
68 54
29 78
18 5
23 30
42 53
41 70
24 41
84 75
86 77
52 6
20 77
11 45
16 26
63 30
66 4
65 99
41 32
70 18
29 5
4 38
63 90
75 19
48 74
3 33
6 4
5 6
47 98
11 32
52 8
71 65
38 92
78 44
71 78
30 70
38 72
16 15
35 11
20 42
96 74
91 67
22 36
39 50
4 4
45 73
93 30
32 97
93 0
22 74
75 10
13 29
11 97
75 28
23 29
66 66
20 98
47 32
8 44
70 71
61 87
62 92
63 14
55 47
30 41
88 8
20 65
75 21
4 16
12 52
99 41
83 43
3 95
3 69
86 74
85 67
71 75
83 13
43 64
68 84
15 86
93 16
67 98
74 55
14 28
42 81
99 39
20 56
50 59
44 8
66 14
85 12
11 36
15 28
25 88
21 6
12 68
37 43
83 2
95 5
17 27
1 69
77 51
73 52
87 81
24 26
33 73
55 26
4 87
73 76
38 21
84 31
64 20
81 3
74 41
83 38
92 38
5 74
22 58
77 67
89 85
37 53
77 98
48 65
69 94
7 73
18 36
3 30
36 9
43 1
80 26
48 21
49 49
22 11
63 65
31 75
54 74
94 13
93 51
34 84
32 10
68 74
90 17
3 1
53 38
8 83
94 54
21 69
39 40
59 36
67 12
24 34
51 41
6 67
52 35
89 50
8 77
60 93
55 84
46 15
3 88
9 88
0 96
72 4
86 46
31 44
40 40
43 53
63 21
51 8
48 18
94 79
52 92
31 10
63 54
27 40
85 73
7 18
77 79
32 47
57 96
2 33
96 1
34 66
11 3
17 74
48 91
49 48
96 19
25 82
35 0
76 51
59 65
57 66
5 43
34 35
93 99
13 72
28 21
57 54
58 76
86 57
26 62
37 94
92 14
47 4
84 19
56 26
14 98
23 4
88 51
49 80
12 51
73 20
23 54
78 75
41 52
10 88
70 98
44 17
76 54
47 77
41 4
55 91
4 79
2 11
22 18
16 65
54 29
61 18
48 87
55 50
81 98
72 57
59 41
21 37
92 10
41 89
58 16
80 10
39 78
42 19
22 57
4 59
50 1
38 62
82 54
11 43
35 62
9 33
21 45
38 38
54 50
95 25
0 99
65 0
77 25
5 97
5 67
75 27
22 27
49 10
31 41
83 61
33 4
98 18
66 62
59 88
86 3
3 29
97 89
69 19
43 39
55 64
60 9
26 51
89 4
80 13
60 1
18 24
79 26
96 65
88 3
18 37
47 18
15 7
77 77
53 62
38 32
75 15
40 3
4 23
93 14
32 52
34 30
97 95
9 68
68 36
40 9
79 87
49 70
29 30
54 9
50 53
86 4
80 11
78 54
95 3
66 71
19 73
57 17
88 59
10 48
69 0
50 43
93 32
96 15
10 72
4 8
15 88
50 4
69 56
62 58
44 15
44 5
69 18
52 80
8 76
38 36
23 71
58 4
40 30
32 37
15 31
6 88
96 9
31 49
36 5
19 82
56 39
0 51
95 16
38 34
27 30
36 74
82 36
75 52
81 72
16 33
41 45
64 58
30 30
78 32
93 58
37 23
28 24
24 92
64 68
39 73
82 8
21 31
12 99
45 71
9 91
17 22
43 97
62 55
95 9
1 86
92 84
0 68
35 29
45 93
76 16
4 40
8 68
5 60
20 86
75 40
35 89
14 93
35 57
68 25
31 61
50 81
2 98
60 34
85 99
1 49
19 52
18 44
6 0
13 98
86 32
95 19
66 68
65 15
38 81
31 83
56 17
52 17
16 99
36 54
37 13
14 86
98 28
5 37
78 62
52 33
88 93
29 84
36 84
75 18
84 92
54 60
80 21
57 78
68 18
40 28
96 20
67 50
84 34
27 97
85 41
24 74
88 0
53 77
59 27
44 99
42 30
59 9
92 43
22 7
82 57
12 60
97 70
15 99
40 54
20 59
81 51
58 27
4 76
41 86
94 60
17 39
5 41
57 22
63 88
86 82
76 34
46 88
66 19
79 19
41 22
68 46
0 6
62 50
74 34
7 23
81 0
99 50
53 0
6 21
3 77
26 56
27 74
3 75
85 47
99 15
49 4
33 79
60 17
88 43
73 56
72 12
52 77
21 11
30 9
63 62
41 96
51 11
86 93
95 22
80 47
48 45
8 92
45 1
36 58
76 31
20 17
35 31
46 0
57 55
18 96
33 42
65 89
46 97
40 0
93 68
9 5
85 61
91 91
45 99
61 3
81 78
80 32
63 99
50 49
22 26
77 50
2 70
33 14
38 55
22 8
55 67
5 85
26 93
63 69
44 90
31 40
6 72
97 74
86 36
10 59
95 61
57 48
62 91
14 1
44 96
34 59
42 87
39 47
51 49
0 94
26 1
26 41
11 78
53 13
75 60
82 67
42 85
36 16
90 20
93 47
62 65
54 72
74 99
97 30
72 71
97 14
37 71
19 15
68 57
98 81
91 4
99 30
89 95
89 9
31 51
79 33
4 9
73 8
83 53
56 53
38 11
88 36
78 66
89 76
31 97
95 21
47 99
7 0
78 38
84 72
54 7
24 31
20 28
92 57
70 15
84 67
95 37
16 70
37 14
31 21
9 12
23 53
72 40
85 96
85 97
10 30
14 66
85 18
17 72
16 48
62 93
52 60
54 33
51 92
27 50
53 51
11 93
99 55
45 36
65 46
0 1
25 17
52 87
96 39
14 89
87 29
64 53
90 99
99 64
22 86
55 82
34 99
4 86
57 20
65 73
79 97
11 39
65 31
98 97
91 72
20 64
35 84
12 32
46 12
55 8
43 81
17 7
48 95
65 51
78 63
89 81
80 22
89 51
82 62
22 13
26 29
42 45
6 61
69 58
95 63
92 98
65 68
87 13
62 33
41 99
70 77
75 72
26 91
25 89
89 47
42 91
59 95
28 75
41 28
86 72
72 11
37 70
63 72
59 93
52 94
5 9
80 94
84 38
67 34
71 1
31 48
32 94
83 85
97 85
50 85
58 80
57 57
9 20
62 77
6 56
86 58
36 78
93 63
61 33
67 10
23 86
36 65
81 93
9 15
11 8
34 93
72 6
63 56
9 16
55 17
32 33
78 29
58 89
45 64
52 32
20 69
51 90
58 7
85 87
62 97
70 38
78 94
51 34
32 19
32 62
20 51
66 2
69 15
49 17
90 0
27 9
2 62
18 55
63 36
55 11
17 63
9 22
36 62
91 2
60 4
28 31
1 76
58 94
92 79
63 89
21 58
29 1
34 10
26 19
20 82
31 79
33 0
40 35
97 57
57 99
84 44
18 13
5 90
28 63
10 16
53 53
81 88
39 60
26 81
16 54
23 92
64 12
64 18
42 17
73 53
72 85
85 32
13 0
31 30
17 41
47 70
60 42
57 47
33 84
90 60
70 25
21 99
42 63
6 35
57 14
67 13
87 84
76 28
18 94
13 73
66 35
93 38
86 75
35 20
46 82
44 55
70 51
19 32
76 25
23 93
77 31
92 68
25 91
33 92
22 12
96 16
47 27
78 35
72 52
76 56
88 1
21 82
77 58
53 42
54 41
71 73
25 35
47 37
25 97
12 88
87 18
15 76
26 69
21 44
67 45
63 75
61 16
5 56
22 90
35 49
57 39
49 83
49 94
45 47
15 10
89 62
30 88
23 59
28 38
23 87
67 42
30 72
27 43
25 63
17 82
13 96
64 93
76 62
99 32
23 75
39 93
30 85
23 12
70 28
66 88
44 86
9 26
79 9
17 6
33 31
95 15
24 50
15 21
45 9
53 34
88 94
67 53
22 34
7 82
21 87
43 57
94 11
71 68
44 42
58 40
32 57
26 82
56 46
34 76
21 15
67 16
94 12
96 50
62 29
80 28
62 70
5 53
28 76
87 21
92 37
28 86
24 76
94 6
34 12
84 81
88 83
43 89
94 42
19 59
97 60
3 44
35 34
19 1
62 6
87 74
82 73
96 8
34 64
32 86
45 32
49 54
85 28
69 48
61 57
38 4
28 92
70 37
93 87
43 4
43 80
61 17
71 21
53 50
17 13
40 29
23 63
32 87
36 29
0 48
78 2
67 81
4 49
18 17
21 47
55 22
70 11
55 33
94 10
94 34
62 21
29 22
33 39
57 71
81 38
51 14
38 49
25 70
76 37
74 2
96 6
67 26
5 49
38 90
8 8
78 47
38 63
74 21
49 68
20 67
77 86
90 79
31 16
87 75
5 88
52 89
13 79
67 15
68 4
93 18
24 44
12 35
7 94
81 7
6 30
72 32
89 32
1 44
17 20
48 52
45 28
61 98
60 84
44 82
89 84
71 98
29 85
79 95
0 93
90 82
81 87
68 73
57 89
4 37
40 74
19 90
16 49
74 88
33 88
93 80
31 87
44 18
28 73
68 70
30 14
38 71
40 96
79 98
27 48
22 59
90 84
55 5
76 88
44 71
27 66
64 70
11 24
10 91
39 39
94 28
9 24
0 55
5 24
48 14
87 65
5 78
3 13
63 55
28 84
26 66
57 92
89 75
97 77
69 67
27 69
89 87
5 65
86 83
9 36
56 48
11 71
53 95
91 55
33 1
21 50
69 79
90 9
91 86
44 28
96 85
59 17
73 54
44 81
96 30
80 30
67 2
48 39
99 57
20 84
75 30
26 42
15 46
22 21
75 49
95 36
25 48
12 97
79 38
13 66
5 30
43 48
83 56
85 34
95 14
42 52
17 62
20 5
92 62
18 42
19 63
5 76
70 6
27 5
49 73
63 4
34 37
75 34
94 70
14 84
77 78
78 24
20 43
13 30
36 45
28 3
78 78
26 21
85 62
95 95
62 82
35 32
91 49
7 53
47 14
81 27
61 49
76 85
61 95
48 67
90 34
52 46
8 16
16 32
81 52
50 41
73 23
59 24
83 24
27 34
86 34
1 46
96 42
8 18
2 31
99 51
16 24
1 0
63 68
78 99
69 84
56 34
2 10
77 49
83 19
86 10
50 36
21 84
98 72
25 0
60 26
66 37
74 36
69 81
18 71
21 80
38 53
42 5
68 15
38 17
99 42
15 61
19 6
65 14
82 90
41 78
9 93
49 64
26 63
1 59
39 49
88 69
91 45
9 32
87 67
28 7
49 28
49 11
77 20
65 84
49 36
54 22
17 56
14 2
42 97
2 6
23 28
46 29
63 19
95 66
8 37
13 86
42 96
33 22
78 87
98 78
17 55
1 42
48 70
22 38
58 17
22 70
75 75
70 9
11 82
95 20
77 59
18 20
78 27
76 33
76 94
13 76
44 7
69 5
63 20
34 61
65 71
37 91
50 97
43 99
62 64
17 76
92 2
11 53
81 69
96 17
47 72
13 85
18 15
98 38
1 52
76 76
12 96
70 87
83 72
56 85
97 41
57 65
6 6
22 40
81 96
80 3
39 94
92 73
94 26
74 86
51 18
89 21
65 13
97 72
93 37
79 51
51 79
97 15
34 26
81 71
99 26
12 78
21 20
31 22
88 14
96 13
58 86
36 2
23 35
34 1
42 13
68 77
28 97
47 39
48 37
73 94
43 55
45 26
52 43
88 20
98 33
39 34
18 33
47 89
78 69
14 41
79 94
14 94
54 69
87 72
57 16
40 59
60 19
44 53
71 5
52 88
44 49
16 12
26 46
87 35
57 8
64 27
91 39
8 64
82 12
69 54
23 57
55 76
5 63
27 13
90 75
47 94
80 5
0 57
50 65
78 7
95 47
33 3
7 83
82 83
71 69
28 15
18 60
35 88
96 36
97 32
1 33
60 14
88 81
80 98
2 56
59 29
50 5
20 90
13 12
53 92
85 80
89 42
64 54
0 32
11 28
14 61
9 23
69 14
46 61
20 23
50 99
49 87
49 44
15 85
34 40
44 35
84 33
41 75
40 27
58 38
48 98
32 69
62 9
25 31
35 81
29 32
78 14
11 16
8 75
2 30
0 33
37 98
33 51
41 51
82 81
96 68
85 46
86 56
93 69
34 28
86 9
70 39
89 13
52 28
44 98
25 16
0 50
49 41
59 33
62 95
25 4
18 84
72 44
82 41
34 56
81 85
17 70
65 22
35 39
70 35
7 55
52 61
8 84
56 18
84 8
14 69
36 26
56 44
2 43
61 71
2 57
13 47
65 90
80 56
31 53
9 79
41 33
75 59
64 91
71 43
50 37
11 58
53 70
46 55
5 69
47 25
69 96
59 39
80 14
26 3
91 43
57 1
39 33
34 57
19 64
51 55
13 61
2 46
64 37
10 87
49 21
49 91
94 51
81 62
85 9
43 66
8 19
46 81
61 63
51 83
58 60
26 54
34 44
29 69
45 58
67 21
37 40
23 18
19 84
30 23
29 81
35 85
77 60
99 36
12 1
57 79
38 13
56 65
79 6
78 28
37 59
19 12
92 45
47 0
63 40
41 95
26 39
19 65
98 11
24 95
86 94
97 21
7 87
77 16
74 89
50 84
25 22
97 40
62 17
40 33
25 10
91 88
8 50
80 64
4 51
33 70
54 45
52 82
26 13
19 95
38 30
65 56
65 8
94 2
58 97
62 51
83 86
82 37
19 57
70 10
63 63
84 96
73 5
91 40
81 10
74 76
21 96
94 1
60 74
95 33
46 53
38 44
88 25
82 59
35 74
10 27
19 38
71 66
36 43
96 26
56 87
20 89
78 22
29 64
29 17
97 61
85 20
4 2
38 2
50 40
29 57
63 16
86 96
99 53
22 69
26 22
42 66
33 65
66 40
43 68
27 94
26 32
73 28
81 97
70 16
13 27
65 91
88 13
92 47
25 41
97 20
75 51
75 9
73 93
92 44
91 10
89 90
62 86
41 16
97 73
4 72
83 29
50 80
83 82
34 98
20 72
81 26
51 74
16 39
82 25
49 8
51 96
65 21
36 7
39 97
26 38
14 65
97 0
38 22
51 27
36 86
58 91
24 11
63 67
10 90
25 42
67 74
94 43
45 13
89 59
27 87
46 44
73 26
37 58
82 4
75 4
10 44
16 8
39 15
5 66
29 68
70 32
9 39
54 25
11 92
20 76
90 50
88 28
92 66
66 3
1 18
42 26
45 55
97 98
94 74
51 31
86 17
90 43
40 95
70 78
55 57
10 80
96 24
80 36
59 60
9 43
83 91
33 83
20 45
22 3
78 83
25 84
9 21
28 69
9 77
16 45
91 41
58 44
96 38
99 75
82 42
93 98
85 93
54 38
79 77
58 11
10 23
92 58
96 37
14 47
84 53
1 61
40 66
62 88
22 10
58 9
24 63
51 61
38 51
48 34
14 29
14 87
84 89
61 77
81 39
60 90
92 95
72 35
21 16
65 58
81 35
30 38
98 20
67 18
60 50
34 11
52 4
63 23
70 79
59 4
74 8
53 28
88 26
66 85
10 70
47 45
18 82
88 61
98 6
9 29
14 45
97 17
57 40
43 41
61 56
62 49
42 27
14 70
57 2
92 34
70 76
3 57
84 36
2 73
38 75
38 88
55 0
59 1
96 89
10 50
17 96
2 18
64 3
75 99
31 99
71 67
2 84
99 13
87 26
60 65
77 54
16 30
23 6
58 48
22 56
72 77
48 49
12 38
78 68
59 32
83 15
86 99
93 50
88 54
57 74
16 0
70 68
77 12
49 15
8 43
99 77
71 44
67 76
74 37
49 99
33 71
48 30
69 39
41 43
68 87
25 76
19 56
60 60
56 30
17 32
71 79
29 63
40 84
93 89
81 64
14 60
21 68
36 64
59 7
87 56
0 47
75 33
38 10
22 54
2 25
19 43
7 36
41 91
48 11
43 40
51 33
18 47
0 29
81 43
14 12
32 96
41 83
62 25
36 0
40 58
22 23
71 53
47 29
5 47
41 62
57 81
86 73
90 68
49 1
14 40
71 71
27 45
95 12
54 49
89 10
9 82
8 57
88 99
66 56
60 2
59 59
7 76
17 59
8 23
76 20
39 26
26 75
97 92
47 59
94 62
26 98
52 24
29 37
60 55
51 47
61 40
40 16
61 26
65 6
83 23
17 49
82 99
23 20
36 39
27 7
72 1
6 69
23 65
60 95
16 84
12 26
74 42
50 31
92 99
35 91
9 67
87 62
42 86
22 4
7 63
87 16
24 54
43 13
23 52
44 92
45 57
7 26
55 13
34 39
99 19
4 10
80 86
91 90
3 63
55 65
27 6
2 61
24 43
86 68
81 84
78 64
44 93
14 99
38 89
16 47
56 77
2 37
43 79
72 3
6 3
83 74
98 57
24 32
97 36
60 10
93 34
28 66
24 40
43 29
43 37
45 59
18 59
59 94
92 39
41 50
85 98
35 87
25 80
62 0
80 83
82 60
10 62
64 56
70 49
98 73
54 42
28 32
66 42
4 69
12 58
77 38
85 16
50 2
43 2
19 5
67 38
59 43
53 91
36 71
98 79
27 23
66 77
82 43
24 56
39 69
38 95
57 53
21 92
38 45
69 47
85 11
45 94
84 21
31 60
20 71
59 11
6 16
97 39
4 18
90 30
29 79
50 52
90 45
3 80
21 23
17 14
58 0
16 92
74 16
65 35
10 82
0 9
74 47
85 17
43 38
74 58
43 78
12 24
62 26
62 15
70 7
20 41
9 92
13 6
53 65
73 95
25 18
43 27
9 80
86 31
21 12
95 46
19 48
25 15
78 8
18 41
32 9
85 74
85 14
1 75
91 98
84 42
24 6
59 48
54 97
94 75
0 45
2 26
28 46
2 48
45 19
58 70
68 17
15 74
56 78
11 6
75 29
1 99
73 96
1 22
60 58
13 54
50 89
49 18
31 66
87 69
32 90
34 73
89 7
96 80
95 41
88 64
97 56
51 68
14 5
43 51
51 30
81 1
22 20
82 40
29 0
46 67
79 82
55 39
80 85
87 60
66 64
69 77
2 35
18 70
37 5
31 72
80 68
60 87
83 39
49 96
92 8
15 23
27 33
58 54
76 1
1 11
23 72
57 24
29 2
51 5
49 16
87 90
31 29
10 11
54 89
16 59
6 23
90 47
89 93
73 57
57 61
73 22
59 18
40 94
15 48
62 85
44 63
63 25
89 39
41 93
83 76
84 59
79 28
11 80
52 29
90 10
52 22
68 22
59 34
4 36
72 67
56 57
9 95
43 33
45 68
88 52
70 4
87 95
53 35
86 78
14 39
28 19
42 90
7 17
97 88
35 72
52 95
97 97
34 45
41 35
74 32
10 98
91 65
50 33
97 29
64 78
27 85
6 27
95 17
20 55
17 29
75 23
23 16
49 61
67 37
36 15
5 36
92 16
50 39
87 47
70 0
34 33
7 20
26 80
48 48
98 62
23 8
85 66
9 64
10 31
17 43
80 46
40 57
16 97
44 54
61 44
76 38
37 41
54 78
63 37
34 89
5 18
4 80
80 90
61 6
55 81
72 19
98 46
93 91
86 51
28 36
69 73
93 93
20 16
23 62
47 64
29 36
15 32
9 25
92 69
7 77
2 86
88 73
58 87
90 53
75 3
28 13
53 58
29 92
99 86
83 44
49 34
37 62
83 14
71 24
87 66
51 94
60 28
14 24
76 36
43 24
36 98
40 43
94 37
70 91
2 40
81 11
78 48
25 93
2 81
4 52
66 80
98 31
78 53
48 96
18 12
5 59
22 82
49 98
73 0
42 43
29 23
42 67
53 21
82 48
35 53
26 84
51 78
52 64
45 54
89 80
6 59
62 59
47 93
79 31
8 21
25 95
6 36
5 39
23 79
72 93
3 68
4 42
39 17
8 6
67 4
29 58
8 46
59 15
90 32
37 9
31 89
92 97
7 57
48 35
97 55
40 53
54 39
90 40
22 6
36 44
40 14
43 62
8 96
92 24
44 62
77 74
12 15
10 6
71 61
15 90
98 8
68 61
15 4
67 44
53 10
42 21
44 2
14 54
84 82
76 61
11 60
53 37
76 17
65 50
13 52
63 81
19 35
79 16
85 78
38 40
69 17
28 41
48 79
61 61
77 46
52 2
1 92
36 48
89 2
29 56
62 68
39 13
73 86
59 55
67 65
10 61
45 67
71 26
22 66
82 50
62 45
94 50
95 81
21 52
1 70
99 63
36 10
83 79
25 26
45 14
93 84
39 83
15 69
28 68
68 26
59 54
50 13
60 64
3 72
79 0
53 47
23 77
31 14
47 56
96 81
24 23
23 56
16 89
87 48
82 78
55 27
15 12
82 64
90 94
18 74
30 50
44 34
54 92
12 63
67 20
66 86
24 65
68 97
58 79
69 28
1 81
4 66
5 7
34 3
58 57
46 79
90 89
88 85
91 46
89 34
84 69
70 88
22 61
58 75
53 76
46 90
95 90
59 75
73 73
72 30
39 84
83 26
40 2
12 92
44 97
29 80
30 42
77 48
45 35
10 55
76 22
77 43
15 40
31 0
46 43
39 1
91 1
99 17
7 38
97 44
53 17
19 81
58 33
19 26
37 47
80 33
54 23
93 23
20 33
13 80
86 0
92 70
48 88
36 96
75 50
34 22
15 73
16 9
82 96
49 79
97 47
24 69
90 83
60 18
71 60
38 97
37 18
20 87
50 44
99 46
52 38
35 78
79 44
82 79
3 28
96 70
67 69
29 82
29 96
5 33
24 4
67 84
19 47
38 86
79 56
5 91
65 66
50 93
82 27
0 17
9 30
98 54
13 8
86 65
27 90
17 77
22 29
51 35
34 18
44 87
23 17
69 83
39 65
42 8
85 81
54 93
39 9
30 44
51 26
57 27
61 11
83 88
65 79
14 48
12 22
54 91
93 92
66 60
12 89
39 68
46 49
51 45
9 45
36 20
82 93
64 75
74 39
35 10
52 75
49 38
2 15
54 85
31 1
90 81
57 45
99 93
44 40
96 72
36 90
98 14
46 41
0 58
87 80
25 51
77 65
0 73
30 28
35 9
73 45
11 75
2 14
88 75
90 96
82 2
53 2
90 63
54 56
2 29
39 48
42 75
58 13
15 54
73 62
48 61
89 11
98 60
2 9
54 20
74 10
93 36
38 46
34 31
23 82
2 69
56 31
79 79
87 64
67 23
30 81
35 41
17 19
99 84
76 53
55 46
13 37
64 6
8 60
79 36
42 84
51 9
33 29
10 4
35 37
18 99
54 31
43 50
66 21
27 36
72 34
57 56
25 24
85 38
91 99
12 25
50 71
7 10
49 42
64 29
30 91
63 45
31 94
56 63
8 1
48 4
32 84
42 11
8 17
8 55
83 18
7 50
18 61
14 31
64 36
52 74
82 19
8 49
90 56
87 20
89 0
48 8
98 45
46 80
14 25
29 27
33 85
97 25
90 36
47 16
50 27
62 73
34 25
83 67
38 47
53 75
18 48
43 7
24 91
77 5
29 44
66 83
13 2
23 81
93 26
61 91
95 73
64 59
19 76
56 42
46 26
84 35
35 98
45 34
40 45
90 78
32 76
61 78
65 38
58 59
27 79
68 51
49 77
67 11
7 52
36 99
62 16
26 74
64 88
97 59
73 33
57 35
47 58
84 95
8 38
82 9
40 65
50 3
75 62
80 37
29 61
32 54
11 70
72 33
19 51
13 41
73 40
14 58
75 80
52 90
10 83
6 31
12 62
4 98
89 5
14 17
90 15
67 28
0 71
25 43
15 26
76 68
59 98
99 27
70 64
31 62
32 12
73 38
75 82
19 70
22 28
73 17
72 87
54 47
99 80
33 97
30 97
15 51
21 2
5 21
56 60
96 35
8 74
10 81
5 86
22 60
34 42
20 30
39 52
78 15
7 31
57 23
93 96
60 56
90 42
88 9
11 95
59 84
25 83
7 43
83 8
69 44
45 76
33 91
66 92
77 47
48 13
19 25
89 30
44 59
88 35
66 99
51 6
55 80
57 44
19 20
71 8
73 11
88 49
76 82
69 75
28 12
75 91
14 30
71 89
94 66
74 18
38 59
57 30
8 70
87 41
90 67
16 25
40 56
37 64
79 29
73 39
62 46
70 60
83 66
8 72
47 61
70 96
83 36
42 80
39 92
18 9
93 67
93 25
37 76
16 1
5 77
28 1
8 40
1 68
65 54
26 9
11 77
26 60
66 18
8 89
60 22
86 37
96 32
23 96
7 12
79 35
80 2
55 98
95 52
46 18
30 48
68 62
23 85
99 21
33 61
29 88
18 95
5 98
93 42
64 24
64 92
19 98
60 48
95 69
37 15
58 28
97 43
21 35
38 8
91 16
22 84
13 51
36 40
45 5
33 77
64 61
63 73
20 66
55 34
1 26
95 84
47 80
70 80
29 25
68 12
94 82
36 4
89 1
48 15
73 61
49 3
59 81
75 58
94 72
53 71
70 56
26 95
26 34
24 47
83 10
64 2
13 9
32 22
33 30
83 97
13 74
79 61
71 25
37 77
80 54
26 47
44 41
93 11
90 35
24 80
66 26
25 66
90 23
94 80
37 89
67 73
52 18
93 97
37 20
0 13
22 91
64 90
76 67
8 27
37 96
26 37
98 21
67 89
85 84
65 98
32 11
0 16
17 15
34 92
95 44
65 97
1 66
77 91
27 26
97 10
91 21
28 96
10 54
75 70
69 40
91 38
51 91
26 43
42 70
92 5
30 27
38 26
72 69
82 87
4 95
29 43
23 5
80 62
84 40
76 90
40 93
17 99
51 2
67 19
82 10
54 21
76 72
64 26
60 67
80 52
5 8
96 14
16 95
6 97
30 16
33 9
47 53
40 97
44 25
48 72
91 78
39 16
20 22
63 61
94 20
72 61
47 38
97 87
78 1
92 93
12 57
61 51
35 36
31 59
16 14
24 73
46 73
28 30
4 35
76 47
57 41
47 35
16 21
95 11
32 93
32 2
11 65
16 67
64 79
48 89
27 58
67 5
23 23
85 65
31 9
72 16
95 80
8 73
91 76
49 78
94 23
5 89
97 37
58 39
52 52
77 52
82 32
9 62
0 54
45 15
18 23
82 69
58 81
89 88
45 23
44 37
0 59
94 84
10 41
17 60
19 88
41 31
16 83
88 84
21 64
53 55
88 90
65 69
19 28
71 17
86 48
29 93
35 66
95 79
58 45
92 75
39 88
5 23
72 37
39 82
30 37
51 44
50 29
77 14
59 68
27 54
94 39
82 18
12 55
80 65
17 53
21 22
72 39
26 10
90 12
42 24
27 55
47 86
43 95
21 13
16 35
26 27
52 59
96 96
48 58
33 40
98 44
82 6
98 63
90 38
66 33
68 60
4 83
36 8
56 49
65 74
27 75
45 77
49 27
43 84
32 80
72 81
35 52
66 50
49 65
14 10
71 32
68 55
91 47
70 46
56 71
92 49
37 38
42 31
95 54
55 54
6 54
20 68
37 27
52 0
0 52
41 85
29 70
96 63
61 54
22 55
11 41
21 36
97 45
89 44
43 36
30 2
75 89
93 49
40 99
53 12
33 18
41 21
71 70
4 82
88 5
76 80
8 99
65 49
72 91
75 71
62 11
88 24
51 82
22 49
80 99
39 35
45 86
24 15
47 26
77 33
37 44
82 47
51 50
54 58
67 82
12 21
14 92
40 18
6 22
96 57
30 3
83 45
18 31
52 66
77 90
76 0
30 77
11 10
10 18
75 94
1 90
63 49
14 49
75 47
25 94
85 60
53 59
65 23
45 60
53 93
21 42
24 86
66 45
52 55
43 16
64 34
42 71
21 3
9 74
84 64
76 87
74 81
84 54
92 52
25 96
69 76
51 75
72 54
44 75
20 8
69 62
13 33
28 67
26 5
46 93
15 89
8 2
69 95
27 8
87 94
60 16
73 25
12 19
19 36
46 92
23 46
97 24
18 32
89 89
41 58
81 16
68 28
52 49
11 62
51 57
13 39
52 26
76 10
5 35
74 69
0 43
1 60
29 42
88 47
86 97
40 80
11 57
87 25
72 36
63 8
74 31
43 91
27 31
45 92
81 70
99 68
1 32
35 16
16 29
10 75
81 75
37 0
65 82
18 98
90 69
1 67
67 24
17 90
59 0
14 91
75 12
67 96
44 77
38 60
19 85
99 73
9 2
23 97
66 0
10 9
50 24
95 1
26 83
48 0
46 19
2 50
94 95
96 66
77 68
17 83
62 60
40 6
51 70
75 22
7 92
21 91
17 12
6 41
30 55
87 11
76 3
87 28
64 74
65 1
18 91
84 79
16 68
20 4
99 69
74 20
28 56
21 57
91 24
4 17
85 10
49 6
99 61
72 38
20 10
58 8
74 96
43 3
69 23
79 74
36 50
98 70
36 18
2 1
87 78
96 78
49 58
21 4
89 56
86 80
71 11
47 42
10 73
49 46
63 2
39 25
23 66
78 98
70 59
39 55
31 35
7 97
24 52
37 95
28 6
65 16
39 80
81 6
2 76
55 43
68 94
54 35
81 8
12 34
46 25
38 6
53 89
99 38
56 55
44 94
38 29
40 50
18 43
75 46
30 84
33 75
41 82
3 90
30 64
31 37
55 1
71 80
44 16
38 96
98 55
53 69
0 20
76 81
37 8
66 81
23 26
92 76
88 63
45 62
62 90
8 54
11 5
8 86
18 49
33 16
89 52
5 48
24 97
79 70
17 86
55 12
46 37
80 93
81 90
56 25
37 4
41 61
40 75
72 49
12 7
11 76
87 61
73 58
40 32
83 65
60 30
10 78
26 68
26 16
7 54
55 38
82 70
6 7
34 70
18 87
80 42
94 47
80 23
96 97
5 1
10 58
79 30
83 63
59 12
66 78
88 95
3 98
78 41
93 1
86 16
77 26
64 10
42 77
39 38
99 85
1 37
84 58
85 39
64 51
15 60
89 12
11 63
70 43
75 96
73 44
17 95
11 68
32 29
28 89
22 45
46 32
53 32
4 85
30 65
25 7
94 65
48 20
3 37
56 58
80 74
20 18
74 80
77 93
62 52
15 18
55 61
11 2
83 59
60 54
32 17
51 95
40 34
3 19
9 35
10 21
44 20
41 79
56 20
83 49
54 61
70 82
24 48
84 10
2 99
96 95
60 12
2 77
3 97
9 59
11 19
68 95
49 13
94 25
39 5
87 51
84 97
24 81
23 74
35 22
28 77
80 35
57 49
70 41
12 23
38 9
92 20
15 14
61 46
99 95
29 33
49 59
2 36
93 4
27 47
83 40
61 74
25 14
81 18
17 85
59 56
33 95
62 84
61 59
71 3
2 83
38 0
64 62
93 35
9 98
20 3
24 64
48 25
91 7
4 54
1 96
15 49
76 8
69 93
67 58
79 43
94 88
19 7
8 47
15 91
41 54
89 49
96 90
80 44
16 2
52 44
30 45
63 86
1 23
61 70
98 16
2 23
91 96
62 53
92 27
81 83
35 60
35 25
24 5
77 55
92 51
36 32
82 49
14 74
75 66
27 56
40 36
73 12
25 6
20 54
10 76
18 25
60 44
87 15
97 8
40 85
73 97
24 25
41 12
48 82
29 12
62 81
23 9
4 27
54 63
94 89
60 85
80 43
5 16
82 20
95 42
47 24
43 20
24 3
39 61
50 60
85 79
87 46
72 28
50 30
39 90
48 22
23 48
35 42
85 69
14 96
58 85
91 58
36 80
36 27
38 28
28 22
61 86
20 85
52 30
71 47
76 19
18 30
27 96
46 70
22 89
72 64
59 78
39 66
89 41
15 25
9 34
66 46
64 66
80 81
65 41
84 76
16 17
27 14
7 2
78 33
15 79
31 57
92 54
62 23
68 67
64 71
92 28
37 80
72 80
10 77
91 8
86 26
3 39
25 75
42 47
52 50
56 52
28 47
64 85
14 77
17 36
53 26
82 76
71 62
59 73
17 24
2 24
89 20
46 75
43 86
13 89
70 34
28 85
87 58
78 60
69 71
38 93
16 23
2 85
5 57
0 63
55 99
33 48
48 55
2 27
28 17
67 40
76 99
41 94
7 16
76 83
46 11
22 76
32 8
96 64
36 69
67 80
26 24
91 94
60 21
9 53
74 71
15 83
94 53
40 88
49 31
11 83
51 17
36 24
87 32
3 12
33 87
30 18
28 65
29 75
92 48
52 78
96 51
44 69
88 4
93 83
17 91
81 86
95 35
58 37
78 85
15 19
4 0
79 13
96 75
81 34
56 90
2 72
53 84
15 2
73 29
62 28
63 82
29 11
85 44
48 99
15 58
4 11
96 87
25 11
31 67
21 46
56 56
96 53
47 82
14 78
74 22
1 51
53 33
56 24
23 80
11 51
89 27
77 63
5 44
70 75
65 47
54 30
13 35
34 51
12 37
33 5
74 75
66 47
9 81
39 22
99 90
38 80
67 72
43 94
24 62
52 51
69 74
9 1
59 44
5 79
12 75
54 32
77 3
93 22
81 80
90 74
85 92
92 94
13 48
53 80
99 34
18 52
5 11
92 92
95 68
99 47
76 24
12 33
20 73
84 18
82 33
35 79
93 31
65 63
42 98
77 57
75 14
90 5
86 61
62 42
72 78
22 71
45 82
60 62
14 6
10 34
52 42
31 24
73 9
17 88
3 15
94 35
77 4
69 22
63 93
82 58
19 18
20 44
54 66
59 61
93 24
53 60
80 79
29 67
47 57
65 55
14 11
42 35
7 91
65 42
81 76
52 40
72 10
47 30
69 61
79 72
66 95
38 18
44 36
27 93
18 81
93 21
11 35
67 30
65 62
66 31
38 82
8 34
97 76
46 60
66 63
91 84
30 47
23 39
1 19
9 96
68 34
85 85
1 31
65 77
0 26
54 80
69 41
70 85
66 53
10 32
28 81
9 83
13 17
44 67
7 89
48 63
34 27
1 79
35 17
39 71
54 81
24 39
39 29
93 39
31 7
7 88
10 8
85 8
32 74
77 2
31 81
95 71
91 66
64 89
86 24
74 5
37 81
77 97
47 2
14 83
23 7
97 13
80 96
58 62
6 71
71 99
57 91
12 5
11 49
38 76
57 59
0 31
69 4
41 67
14 3
66 76
85 19
68 56
91 34
57 93
32 7
61 19
72 18
73 78
56 72
69 68
20 38
0 65
62 48
17 8
7 1
68 75
54 82
21 1
69 31
59 57
72 60
22 44
8 26
56 97
57 63
23 76
40 41
52 20
91 5
66 48
19 0
26 14
57 10
35 71
76 55
35 8
32 40
11 38
21 8
34 62
97 82
52 14
90 65
6 44
57 46
61 52
34 23
34 75
80 53
48 75
86 38
83 92
3 91
18 73
9 69
47 5
5 12
89 8
45 10
54 64
19 40
93 52
62 19
64 95
30 79
77 45
75 5
93 81
11 26
99 45
91 81
78 3
23 13
11 55
72 59
94 99
97 6
20 53
83 70
64 82
5 61
73 60
63 17
99 14
67 32
56 11
30 31
49 39
52 54
22 72
56 10
22 52
55 85
79 48
11 11
74 17
40 87
83 68
11 72
42 48
96 3
39 58
96 43
56 14
47 83
70 40
48 2
73 35
34 91
41 26
48 92
30 92
21 24
4 13
88 79
64 97
36 41
87 71
21 94
44 83
91 32
16 40
3 85
55 89
48 31
35 96
69 11
45 56
1 45
30 96
63 41
10 17
64 0
19 29
80 4
23 78
72 92
75 35
12 94
90 57
79 65
24 94
80 38
43 15
62 7
85 4
84 16
93 12
80 27
78 4
36 57
36 83
10 64
46 36
25 32
72 76
6 52
85 63
74 85
28 8
88 39
14 71
39 46
33 44
52 48
18 69
58 36
81 45
68 33
46 33
73 90
90 39
96 47
27 78
66 72
54 13
67 68
45 16
9 8
70 47
63 13
15 16
14 51
1 1
66 39
23 45
50 6
25 90
77 28
91 11
89 61
76 32
4 30
22 93
79 7
51 81
26 6
11 74
92 6
33 64
76 18
31 13
39 12
97 49
35 58
98 1
4 46
59 40
70 97
91 30
66 87
41 73
88 45
81 19
84 30
79 11
11 20
82 21
60 96
11 44
29 31
2 96
72 51
48 36
25 71
61 85
33 76
98 51
4 92
19 37
27 59
25 5
14 56
89 69
71 93
6 62
12 17
94 46
64 69
46 35
65 4
80 69
5 95
78 82
46 5
48 19
89 17
23 43
74 90
89 54
16 72
16 73
19 89
44 6
44 57
76 30
63 96
21 75
57 12
62 3
32 98
85 53
19 71
69 1
42 44
93 41
55 19
48 6
95 72
56 36
77 99
33 60
0 12
29 16
51 43
41 74
15 75
58 93
59 5
11 73
50 14
65 92
72 2
74 82
35 27
31 32
76 93
77 61
10 68
5 31
97 90
10 26
45 72
55 90
98 64
20 47
71 97
25 72
93 73
96 77
62 39
82 86
58 83
93 59
17 1
13 60
31 12
33 99
51 88
1 94
78 45
67 60
53 1
46 59
38 84
69 36
70 45
35 15
42 62
57 26
11 31
15 84
96 23
21 56
31 15
43 17
64 31
36 51
32 89
15 93
34 19
72 29
21 41
66 32
51 40
36 70
14 13
37 1
29 97
90 22
14 36
55 3
97 54
30 78
69 9
33 43
75 43
34 65
16 56
61 42
45 74
25 99
11 52
88 74
82 92
97 23
76 86
50 9
66 1
12 44
61 89
60 70
97 99
5 19
16 74
24 59
47 68
67 41
7 60
61 55
33 49
80 8
58 47
58 98
4 97
43 70
52 10
81 65
29 41
53 44
95 70
28 26
43 23
79 67
55 16
89 22
48 3
50 79
13 83
25 47
32 0
19 19
9 94
65 88
25 33
49 63
0 56
17 78
74 51
77 82
81 47
36 49
21 78
49 57
22 95
64 43
41 48
9 18
89 48
74 59
27 82
85 48
88 41
94 44
96 99
20 48
2 34
1 48
28 37
67 3
44 31
49 26
72 96
2 91
3 83
29 50
20 95
43 42
92 61
4 12
25 61
78 67
8 20
1 9
88 17
79 99
56 50
12 69
8 29
16 4
25 62
64 9
59 37
14 33
45 65
29 90
29 73
52 31
76 44
28 29
70 61
63 42
53 16
4 74
58 52
23 69
79 17
0 69
31 38
54 55
60 0
72 65
76 42
86 81
35 44
24 60
11 40
99 25
28 74
18 6
65 67
98 85
88 18
74 56
92 86
98 25
57 36
49 69
94 86
70 58
57 94
83 93
75 84
11 25
70 57
23 32
92 17
8 98
54 87
91 12
13 95
10 3
32 56
38 7
18 80
68 21
34 96
26 94
82 14
1 50
5 51
1 58
4 73
30 0
38 48
78 81
17 0
86 22
1 85
65 64
0 98
99 35
35 70
21 34
25 87
36 88
91 53
10 51
16 19
54 79
94 16
26 71
93 33
81 32
83 87
68 71
61 69
2 55
45 41
56 45
22 73
73 59
63 92
3 79
71 41
90 76
28 57
36 92
21 67
4 60
42 15
70 23
23 83
55 88
35 77
58 69
9 28
80 75
76 13
24 75
88 56
90 58
31 17
88 53
92 64
44 84
6 24
44 70
96 21
12 84
0 84
12 87
43 26
76 69
87 4
96 46
94 27
96 98
55 35
35 75
56 66
4 68
16 79
27 65
12 73
57 11
80 73
88 6
46 40
3 55
89 99
30 53
38 64
2 59
0 8
77 94
15 24
63 80
58 96
42 55
57 7
62 67
64 1
96 52
3 67
51 98
27 37
70 17
78 61
52 25
41 77
86 47
3 86
64 84
66 58
3 47
24 66
54 18
12 90
31 70
33 72
74 0
37 50
19 34
33 90
20 58
18 22
95 40
20 61
48 69
47 54
85 1
40 4
52 99
14 50
63 46
71 94
47 17
86 15
23 10
84 62
0 81
91 64
73 31
3 61
89 60
95 51
88 78
58 12
49 43
26 40
94 57
20 52
80 84
57 69
3 8
22 68
0 85
95 87
89 58
91 37
67 29
86 79
18 21
43 11
5 46
6 96
6 10
46 95
5 87
50 63
75 0
64 44
53 18
12 70
82 82
70 63
0 67
41 59
56 64
83 0
34 72
3 89
5 20
97 68
16 6
54 84
47 73
78 96
61 29
8 0
73 92
71 19
61 97
42 88
11 84
87 27
53 61
36 22
7 28
51 10
58 19
1 16
1 64
84 32
78 46
1 12
15 1
89 26
75 79
33 69
46 20
94 41
66 22
94 73
19 79
45 18
49 86
90 86
83 78
39 14
26 99
48 32
65 60
33 38
59 21
87 85
22 0
34 83
29 60
26 18
57 84
93 94
52 68
79 49
55 4
94 8
54 51
39 64
98 27
60 29
52 91
17 10
86 19
79 60
71 6
70 62
22 75
48 5
3 3
1 54
60 80
14 53
84 60
12 82
95 97
11 61
8 66
16 18
14 42
11 29
14 9
74 73
87 2
63 50
43 49
73 91
85 77
50 82
15 13
3 16
64 5
25 65
30 5
92 77
48 56
98 24
52 27
90 6
49 19
60 52
61 73
69 52
35 95
17 89
97 63
64 21
24 2
1 40
74 26
68 66
57 5
41 20
77 39
42 28
74 3
41 53
95 38
64 94
86 98
99 8
26 31
47 33
91 80
4 48
63 59
93 62
4 89
72 14
58 56
95 76
65 27
89 53
50 95
28 54
66 61
96 54
95 83
73 34
23 24
7 46
14 4
56 47
32 27
64 77
4 77
88 33
2 47
6 93
74 65
56 13
84 70
72 46
71 39
9 70
92 11
54 77
36 91
7 79
99 83
29 62
19 33
6 53
29 77
9 44
77 37
78 90
42 3
30 6
71 58
84 94
17 92
30 21
99 89
84 68
81 57
89 86
80 24
74 14
91 44
20 31
68 72
43 61
91 62
17 48
85 23
28 23
82 95
52 37
98 42
32 70
59 3
39 59
38 3
47 91
92 53
77 84
1 84
94 45
44 60
11 85
35 18
72 70
84 99
32 63
93 78
0 21
1 88
30 69
76 14
3 60
12 49
27 77
16 91
60 6
81 22
46 4
34 46
35 80
10 12
80 51
59 87
61 94
21 5
6 50
52 70
21 27
8 39
12 6
67 77
81 29
1 98
56 37
79 8
93 76
0 92
48 12
34 48
15 77
4 29
28 60
72 66
62 54
67 63
54 54
37 49
82 35
30 12
45 83
5 62
19 2
16 62
36 79
28 78
61 1
69 63
78 95
26 85
3 93
42 58
50 19
11 50
3 38
1 4
82 13
49 55
15 67
32 49
91 22
69 57
2 19
73 6
36 3
1 97
96 25
28 5
66 20
45 42
34 77
58 92
85 30
43 73
16 71
85 64
92 56
9 11
47 3
43 58
76 57
68 43
54 59
60 79
98 74
7 44
27 32
30 46
52 53
4 1
54 57
38 41
44 12
10 25
88 97
40 91
4 45
96 76
96 55
34 49
50 58
82 51
87 54
13 70
46 31
29 71
37 2
28 87
50 88
18 0
97 9
99 29
85 76
49 25
73 30
90 27
21 95
18 3
9 52
23 40
65 95
78 0
86 33
40 21
69 6
58 63
40 70
39 86
31 96
89 31
38 69
47 31
13 36
32 48
89 83
94 0
99 0
37 28
93 70
32 1
35 26
55 56
3 36
51 21
79 84
5 94
23 89
46 34
41 66
4 3
61 79
54 34
54 67
88 68
44 4
41 17
26 15
94 5
13 10
2 22
36 97
73 83
40 83
33 17
59 38
7 78
71 52
54 14
5 58
91 71
82 16
79 4
0 38
21 61
57 19
22 47
53 98
28 0
58 6
53 30
27 57
47 90
56 3
31 95
93 44
96 48
27 63
4 6
75 65
79 21
41 37
75 24
2 64
3 66
85 89
34 86
85 57
69 98
92 63
80 45
42 54
81 21
70 66
62 78
87 43
37 39
63 29
54 68
13 20
4 75
8 24
10 79
9 6
76 84
82 45
39 2
3 70
77 8
32 4
24 88
88 42
4 14
17 30
19 21
1 41
3 32
29 51
41 34
27 70
99 59
29 98
59 86
81 20
13 5
70 83
6 15
63 34
95 29
96 10
40 26
79 81
75 86
24 17
1 80
46 10
81 42
2 45
98 12
0 2
80 72
38 50
95 67
68 5
18 89
48 85
70 33
83 69
78 19
35 65
68 11
87 5
24 13
33 66
44 9
4 93
0 19
28 70
54 73
86 44
33 24
59 6
35 46
81 49
20 94
76 48
74 95
83 1
65 93
76 43
81 73
3 7
74 40
41 9
66 8
30 51
48 7
22 99
61 48
78 77
29 24
48 42
16 94
8 45
74 19
56 99
39 37
68 89
25 98
68 76
7 9
12 0
49 24
76 46
39 42
16 20
11 13
66 82
28 90
28 64
85 0
53 56
94 49
42 78
35 19
81 91
1 55
0 87
10 1
48 86
69 92
24 96
90 71
76 45
54 44
58 42
6 77
51 19
97 38
17 61
83 73
17 52
43 92
86 71
65 9
71 28
98 76
39 77
88 21
86 49
38 79
94 19
9 51
44 43
73 69
26 23
37 88
23 95
76 79
24 85
11 66
1 93
57 28
80 0
6 48
26 87
93 71
34 54
21 90
48 41
13 22
25 57
46 6
64 39
16 80
59 52
5 45
60 43
84 83
95 43
16 77
74 48
2 0
69 46
39 23
65 83
43 63
0 40
96 58
18 86
22 53
83 47
10 95
43 46
23 90
23 0
72 20
6 5
40 13
92 4
49 71
24 36
6 60
44 58
91 52
75 42
23 49
86 62
49 37
81 66
71 59
90 46
97 33
19 30
37 60
74 68
66 11
67 36
51 3
56 51
70 54
28 2
1 83
25 74
14 67
29 83
38 57
88 92
82 11
67 83
99 72
32 79
9 90
23 94
12 29
66 65
49 22
9 3
61 53
84 73
17 97
1 5
8 56
84 6
31 86
61 14
2 74
20 49
99 74
87 0
86 86
15 97
97 62
3 45
87 23
65 12
85 2
55 29
91 83
42 79
56 22
74 15
62 63
71 36
23 84
21 76
94 68
77 21
18 83
54 98
26 33
82 52
40 90
85 59
19 45
7 13
49 95
24 8
42 22
63 97
94 96
34 47
31 2
68 40
29 6
22 94
55 44
52 73
6 19
3 26
69 29
70 27
33 62
56 27
43 31
93 90
97 4
29 49
15 22
6 8
32 21
61 67
18 68
2 71
20 62
84 78
38 15
61 39
8 79
90 31
21 48
42 50
2 28
13 43
7 39
55 28
44 29
19 31
47 63
72 62
54 17
83 50
9 66
37 86
42 68
53 88
0 80
26 2
18 4
44 44
60 32
15 55
73 24
8 35
89 96
18 88
28 48
11 47
90 44
95 64
86 43
53 87
50 47
73 37
48 93
97 65
62 56
27 71
12 66
44 95
69 80
73 49
38 73
35 50
16 88
32 73
57 82
65 78
48 1
36 47
97 3
90 8
22 42
93 85
25 68
90 21
35 69
65 29
33 93
56 95
32 20
85 43
83 16
52 11
86 67
33 63
33 58
83 83
32 75
59 89
76 70
95 77
5 17
99 62
38 43
6 78
14 80
97 7
27 28
78 6
91 59
34 67
88 30
7 19
42 12
18 40
52 19
18 51
48 94
31 54
83 98
75 45
98 15
70 26
33 67
62 96
84 9
73 27
9 41
88 58
20 81
30 76
37 7
18 79
19 67
24 19
44 21
21 10
50 67
41 68
24 22
11 21
91 14
51 48
69 13
35 67
40 92
99 24
33 41
97 22
73 89
3 14
41 7
15 71
45 7
83 58
34 9
17 3
91 63
76 75
6 14
56 79
58 99
66 94
89 24
74 84
13 82
29 26
27 52
55 95
79 3
46 45
99 66
98 26
15 0
15 62
65 59
5 25
18 97
85 71
74 13
87 93
98 29
41 24
3 34
9 9
64 80
35 30
75 98
56 12
58 35
43 60
92 82
97 91
