100 3
65 24
10 91
48 40
56 50
75 56
84 85
59 22
56 47
17 14
42 90
78 28
88 70
76 88
81 0
40 55
73 68
39 74
92 95
27 88
55 7
35 73
2 87
7 17
98 59
79 29
38 44
11 60
18 37
61 86
72 32
50 2
24 24
57 43
57 48
68 48
31 5
10 73
26 1
7 73
71 38
15 95
24 16
37 93
85 46
2 11
47 80
59 84
11 64
92 20
40 79
94 58
11 89
33 22
52 75
54 77
81 10
68 77
83 32
90 99
75 5
19 3
7 76
96 45
44 63
28 37
24 51
23 37
60 79
78 92
98 34
54 34
72 10
61 57
89 78
26 17
28 74
85 89
52 15
24 78
3 59
52 41
1 23
75 39
14 34
66 42
77 97
43 90
39 24
13 90
32 87
3 78
60 50
31 4
60 70
64 38
54 12
66 30
26 68
2 29
82 8
32 28
87 79
69 32
30 18
39 44
89 89
84 43
0 81
30 19
89 24
92 4
58 11
76 14
65 83
2 73
71 90
90 1
23 6
32 6
26 42
45 8
50 94
75 55
7 77
94 40
6 98
70 80
46 38
69 7
79 93
49 80
88 78
29 30
76 45
81 34
82 20
94 73
42 55
87 52
49 3
6 82
84 8
74 31
45 23
77 92
30 24
32 65
22 95
86 17
40 57
73 43
90 7
21 80
92 34
11 36
85 58
55 17
62 82
4 88
3 56
83 76
58 33
83 10
82 19
42 50
35 45
51 95
80 30
18 76
94 30
28 38
68 50
19 76
51 37
55 6
59 65
20 58
47 86
19 26
2 79
4 19
99 71
82 10
85 30
39 82
73 46
9 51
56 19
56 2
45 36
56 32
11 27
12 4
32 9
55 79
84 59
87 20
56 52
3 45
10 43
52 20
49 13
71 47
16 94
44 56
70 95
66 50
2 99
46 92
6 87
91 66
38 23
23 46
13 81
88 17
3 17
84 16
11 5
1 6
87 70
64 98
95 49
93 56
31 89
58 86
56 37
74 48
69 42
36 3
86 8
60 39
24 26
34 87
37 95
22 61
75 34
2 38
93 33
96 98
40 94
14 54
4 44
43 27
19 86
34 53
11 55
36 27
30 12
70 51
15 63
78 59
6 85
15 53
38 71
67 90
64 39
82 7
37 45
69 74
22 35
95 71
41 65
16 86
51 8
27 78
39 77
41 16
41 89
65 80
56 23
31 76
83 6
0 28
21 76
19 52
21 16
36 39
36 96
29 79
33 83
57 87
48 0
77 62
8 76
48 55
84 37
70 58
18 64
20 75
72 48
11 21
74 63
51 36
64 32
88 96
2 85
83 65
12 69
41 12
62 96
25 58
92 79
99 87
35 25
14 95
54 41
69 61
2 7
84 94
21 8
40 71
68 79
77 25
69 26
71 66
82 72
69 39
17 27
79 62
50 23
70 92
71 74
75 44
53 63
97 72
91 24
29 90
36 98
80 91
96 93
40 65
84 9
99 82
32 68
29 10
25 72
25 80
36 43
59 16
76 97
9 34
27 25
24 54
86 81
11 9
74 80
19 34
19 59
62 81
98 94
25 46
7 48
72 63
9 88
99 47
71 28
2 71
42 56
58 42
52 5
83 77
62 41
88 43
71 26
1 38
94 44
89 22
6 24
5 33
26 71
2 37
82 37
8 62
94 56
31 72
89 76
61 89
78 12
24 25
44 7
71 21
30 28
11 17
92 9
66 65
51 52
28 18
92 19
82 69
91 79
22 13
71 23
44 43
40 49
7 86
6 41
35 16
0 23
87 73
24 79
41 38
96 22
65 16
68 4
92 25
66 97
23 4
85 31
8 60
92 59
65 48
53 7
77 77
56 46
85 9
44 90
42 36
33 45
27 23
3 44
7 58
83 90
85 82
62 92
67 0
0 85
67 54
12 23
29 72
40 97
24 41
71 86
28 91
78 33
16 2
56 9
5 55
69 37
78 64
98 96
42 23
40 81
93 9
45 68
70 53
25 18
95 44
61 15
49 27
10 67
2 55
72 90
84 74
22 47
39 21
75 59
21 99
23 41
65 32
15 74
4 78
8 26
94 95
15 70
84 75
86 80
41 48
13 15
25 20
56 64
57 52
77 79
53 91
85 65
18 74
65 19
50 39
79 90
25 94
29 91
95 34
82 83
83 82
90 34
33 0
48 68
91 96
78 90
15 11
32 8
29 78
84 2
31 7
70 99
26 91
34 55
58 31
10 64
79 85
10 79
35 12
53 18
62 63
64 96
50 17
52 67
35 19
8 38
72 86
5 49
79 46
3 47
18 27
60 46
54 11
43 75
89 21
85 80
42 5
43 22
88 25
46 34
74 46
72 2
89 66
44 0
76 86
27 36
17 48
8 29
76 93
37 90
15 35
65 71
34 33
55 50
37 92
33 20
85 39
82 64
20 65
79 66
97 57
55 3
60 89
80 36
54 85
70 13
13 63
29 31
44 66
76 69
52 80
86 24
90 73
37 76
64 99
91 76
7 63
65 20
56 41
42 70
43 18
41 1
99 29
76 11
17 11
34 38
65 29
69 75
65 65
27 77
47 97
53 43
8 69
18 39
90 20
18 93
67 18
86 51
37 49
39 97
47 76
80 56
35 89
99 48
5 84
26 14
59 80
41 71
18 53
70 12
38 55
3 68
41 95
22 91
9 9
95 10
25 47
20 43
50 46
12 67
89 63
91 57
45 69
5 54
1 92
28 87
61 50
26 67
49 61
39 52
44 92
2 65
77 83
19 19
26 9
69 10
34 67
95 87
55 42
75 33
7 75
68 38
88 24
24 35
15 98
95 97
39 35
27 94
98 30
35 40
23 49
49 11
56 95
12 16
14 94
16 12
6 47
29 89
78 79
12 43
41 69
90 23
93 64
22 50
45 74
37 41
28 13
2 44
30 85
14 0
34 21
50 53
50 82
46 46
25 61
26 58
58 72
49 14
6 20
33 53
85 41
94 70
60 12
24 55
39 31
17 51
40 80
13 39
12 19
0 10
72 92
70 21
11 34
26 29
31 67
29 63
49 58
81 19
95 85
4 99
91 22
94 15
55 38
7 0
83 47
83 97
1 52
82 62
8 90
64 23
11 37
6 64
24 69
78 43
28 54
54 31
53 20
88 62
40 5
58 79
75 63
78 9
99 83
10 75
73 41
80 93
99 96
79 41
74 20
41 8
20 86
10 42
5 88
7 41
13 29
33 38
94 91
31 37
23 99
27 91
94 62
67 93
57 82
69 14
78 18
34 45
95 13
87 57
16 73
71 42
97 40
81 94
9 50
28 59
96 20
8 98
78 13
38 42
18 98
38 29
41 91
52 68
16 20
15 73
96 2
90 17
96 69
84 38
31 83
64 89
19 2
33 84
14 81
79 20
89 96
25 48
8 12
16 32
60 58
81 38
56 20
90 9
86 0
1 43
86 78
77 73
17 57
61 51
83 25
7 1
92 33
96 55
79 65
69 23
76 7
77 90
1 27
75 14
82 9
2 9
18 94
69 98
19 32
57 4
35 41
52 74
99 31
9 94
46 47
63 74
89 2
14 71
73 95
67 23
79 77
78 15
48 96
63 25
93 82
35 57
63 95
85 56
81 61
13 41
49 15
30 86
47 7
4 18
40 41
57 11
88 3
84 49
17 58
21 48
95 65
72 21
95 43
43 28
25 79
90 88
74 72
5 24
78 69
69 72
70 25
96 68
57 0
49 90
98 82
51 67
54 67
76 81
39 26
17 1
89 18
81 32
3 30
30 88
58 43
5 26
36 85
45 13
11 38
35 1
5 39
56 87
24 82
60 22
93 51
13 46
90 63
77 95
39 65
31 63
22 34
86 59
20 40
61 0
58 81
55 0
43 17
22 20
98 36
81 14
60 81
17 99
30 46
25 63
43 51
8 68
81 21
51 74
76 32
43 48
59 94
97 49
49 78
76 22
13 72
42 85
24 70
24 10
58 97
96 52
9 37
78 65
5 40
61 75
71 17
38 63
20 48
89 56
96 19
59 36
30 32
4 83
91 40
64 51
56 57
14 23
86 40
47 20
47 10
74 37
78 11
6 17
17 8
42 95
86 74
91 84
71 63
73 12
25 2
86 62
97 19
79 39
38 58
1 3
46 45
68 28
98 81
18 86
22 52
30 93
0 32
74 50
61 60
29 23
79 56
11 54
15 13
60 45
70 1
2 76
69 63
16 87
75 51
64 18
6 43
36 20
12 99
39 95
7 96
34 93
25 84
49 46
74 58
50 65
84 91
16 82
27 51
64 62
40 92
80 23
13 83
93 36
99 97
25 30
66 73
88 40
72 72
76 55
62 20
65 98
95 33
34 11
69 85
5 44
83 86
65 51
78 84
45 76
78 57
76 77
28 83
48 91
32 63
20 24
99 4
55 31
11 96
29 92
54 92
81 70
64 12
74 67
93 53
89 25
90 5
42 35
91 47
26 98
64 7
68 22
68 58
37 20
93 1
29 94
94 77
96 96
74 51
69 9
0 66
34 37
94 10
30 44
43 78
37 78
65 97
23 23
76 51
69 18
16 98
59 72
78 89
61 28
94 42
30 33
3 89
39 47
5 72
71 4
73 50
59 75
3 38
79 88
85 10
48 10
63 43
4 25
31 78
57 10
65 90
26 46
56 98
54 54
67 8
28 8
74 66
49 55
94 3
32 64
16 64
33 19
92 62
55 53
82 99
51 14
96 12
74 75
65 1
96 97
91 9
30 87
63 26
40 32
53 17
53 34
72 13
96 66
60 32
79 51
48 76
48 2
72 56
64 9
61 64
8 93
77 45
18 92
81 96
24 73
5 8
81 6
49 35
77 66
9 99
7 65
10 26
94 20
8 24
59 49
53 15
5 23
34 64
32 27
49 70
56 51
13 52
13 67
21 88
83 31
51 66
14 28
65 52
26 41
5 50
15 93
49 19
87 35
89 47
75 82
48 23
33 68
66 0
46 70
99 73
65 37
6 97
46 51
4 9
31 36
99 91
94 68
94 17
89 54
73 90
67 88
58 47
27 89
13 32
13 53
46 68
25 31
99 77
53 22
82 98
9 42
18 70
37 8
37 68
85 43
40 46
46 0
18 28
1 1
27 49
2 51
79 91
35 82
23 89
11 0
48 27
24 42
10 8
5 27
36 35
50 20
97 29
50 96
92 38
36 67
83 96
55 8
6 13
31 51
68 19
56 96
98 8
82 79
53 33
94 16
45 71
10 74
29 98
10 69
29 33
96 49
22 22
10 56
48 90
91 44
54 59
10 65
42 26
20 73
23 17
90 83
52 98
64 66
50 40
88 54
20 11
23 77
97 79
46 20
75 10
88 37
80 87
77 69
70 20
50 54
52 23
93 20
50 21
14 83
74 57
2 68
22 19
12 91
37 62
45 59
16 23
98 41
47 12
90 66
93 65
2 84
48 45
7 23
21 42
56 26
88 44
37 66
75 16
38 22
39 66
55 78
26 88
79 36
93 13
44 42
27 34
83 71
54 2
80 89
79 37
85 66
30 8
65 63
61 37
73 48
43 19
68 54
43 25
75 18
80 26
24 11
73 58
36 56
19 4
77 41
57 28
48 52
93 49
98 2
0 70
75 95
25 44
93 59
19 51
27 5
33 72
95 63
63 85
38 33
57 15
52 9
70 77
71 44
85 85
50 79
69 87
34 90
48 57
58 1
64 34
97 60
82 1
82 56
26 94
51 53
92 31
55 59
27 64
46 31
31 62
0 2
69 97
89 93
84 65
13 91
35 42
70 69
29 68
19 71
64 92
85 90
26 34
62 2
32 89
9 90
90 47
88 69
14 8
23 7
22 66
59 28
25 50
20 49
84 24
68 26
67 57
2 36
1 59
6 25
53 44
86 84
34 92
99 90
31 52
83 4
62 44
78 52
38 11
40 69
39 19
33 61
44 77
74 24
9 15
39 48
15 32
83 85
10 21
16 19
35 47
58 49
82 49
68 49
22 44
8 31
52 93
63 80
10 92
54 53
41 64
92 92
85 21
9 8
40 40
80 67
81 82
96 54
17 63
91 20
69 34
89 97
54 96
30 29
94 22
51 51
5 20
27 14
49 57
69 55
53 60
27 38
90 58
8 20
10 55
33 33
24 53
12 49
50 74
27 46
2 80
61 22
80 55
70 87
38 53
62 33
2 62
45 79
38 89
16 81
45 24
54 84
42 68
88 29
25 24
56 27
81 86
11 23
71 88
46 19
34 82
39 6
77 94
78 62
48 61
62 47
8 37
89 8
21 27
10 41
84 99
24 58
26 50
54 49
86 10
89 73
91 51
3 73
54 74
53 74
7 3
3 46
6 8
71 82
57 60
49 51
67 29
17 38
28 32
8 46
77 22
72 19
78 41
97 77
15 42
59 66
88 18
16 72
24 61
20 99
52 85
1 45
98 14
83 27
97 94
30 78
96 11
44 34
0 97
7 56
46 37
75 32
93 66
67 68
17 2
66 21
12 76
15 2
23 47
1 18
61 24
0 34
96 46
81 50
47 94
75 12
87 21
43 40
16 62
22 12
64 2
29 80
29 88
79 28
82 38
86 18
99 7
70 18
87 42
45 50
61 36
94 88
60 48
78 82
73 20
20 29
45 7
45 80
26 24
14 30
48 86
19 0
97 56
83 59
4 22
58 54
40 28
53 8
45 53
64 19
37 17
66 49
64 43
52 62
52 27
91 61
86 47
27 70
14 19
90 96
18 48
10 39
55 5
68 68
77 3
43 31
59 20
95 94
29 93
14 75
39 75
14 91
83 12
70 65
81 1
61 3
63 8
59 59
28 35
56 72
61 4
55 49
0 19
70 98
5 2
96 99
83 28
11 70
10 57
15 69
35 22
96 90
32 10
84 30
79 63
20 74
44 32
52 36
41 93
94 47
99 34
74 5
8 84
69 56
63 48
92 74
1 99
2 15
90 16
37 53
12 0
60 96
71 81
94 65
30 72
35 95
21 60
72 70
5 7
33 25
50 93
78 32
24 89
0 33
79 34
82 33
68 64
55 66
27 48
59 0
44 99
54 5
48 60
2 61
78 6
26 99
34 75
33 78
47 54
78 14
81 68
70 93
18 16
40 8
57 7
11 86
6 18
57 58
55 13
94 36
51 75
42 40
38 59
13 84
91 8
59 42
43 45
95 26
58 38
70 84
14 14
65 18
94 29
76 92
62 51
16 49
16 36
72 7
57 91
33 21
60 88
60 73
97 80
99 98
90 26
90 29
5 82
31 65
11 35
0 53
40 42
91 14
34 30
46 63
33 24
38 5
15 64
4 20
46 15
19 62
17 47
36 44
38 0
75 91
99 44
32 76
18 23
7 84
44 65
90 24
28 96
58 93
44 89
50 55
26 11
46 89
12 38
65 15
99 63
71 12
46 94
82 25
77 72
1 67
92 61
22 36
5 42
95 7
65 64
86 88
59 15
74 60
68 57
89 65
46 16
2 63
83 58
11 95
73 81
66 83
66 68
93 75
90 65
90 54
67 69
91 98
93 90
40 78
26 40
96 42
20 62
15 55
33 48
29 70
45 41
85 32
42 24
44 69
22 5
73 94
39 14
98 56
93 60
64 61
15 41
98 66
19 8
47 35
69 58
34 57
48 30
39 78
7 21
55 51
64 60
12 37
35 85
20 77
45 93
5 34
70 27
89 74
21 95
9 21
0 60
32 80
80 16
41 27
60 29
31 33
28 16
48 72
67 41
6 40
19 45
81 99
3 55
63 14
69 69
33 66
17 35
13 79
77 57
87 27
21 73
85 98
58 9
47 43
55 25
42 14
17 43
58 57
40 43
67 7
47 11
54 69
9 57
51 79
27 67
52 34
97 14
87 9
0 61
99 68
40 89
0 92
76 83
99 59
26 5
14 35
62 12
97 10
63 36
93 24
31 91
89 41
52 45
79 92
59 64
9 17
58 95
27 32
92 56
50 34
36 51
73 85
92 73
13 16
11 79
49 50
68 23
91 5
23 30
48 97
25 85
80 95
1 79
1 47
78 58
86 46
66 24
69 30
30 10
28 77
58 68
57 36
48 17
16 78
65 69
26 74
58 24
12 60
65 70
68 72
52 59
79 42
60 82
93 18
20 18
0 59
79 59
57 75
84 5
25 6
78 54
59 57
90 37
37 18
16 11
31 57
7 4
21 68
1 33
31 3
52 72
45 87
45 84
24 12
12 44
17 96
91 91
89 23
41 34
73 9
56 45
96 14
86 75
22 40
40 26
97 92
76 47
6 81
83 41
0 38
38 95
16 14
44 76
56 77
56 59
90 50
85 5
36 50
72 84
32 54
65 49
56 33
24 27
9 84
89 88
9 56
16 1
68 2
53 38
61 2
72 25
32 98
53 10
89 36
92 57
46 83
33 88
94 12
13 4
5 80
40 7
60 68
42 7
33 87
50 5
30 71
44 8
70 41
30 77
3 8
24 21
17 93
50 47
17 86
66 52
93 58
41 28
21 59
27 15
25 57
91 1
75 72
97 44
95 77
67 94
98 11
77 68
3 3
37 64
98 77
66 23
13 22
81 27
44 64
22 37
16 22
32 43
55 98
5 83
41 33
55 94
90 87
19 36
65 25
34 68
18 17
71 93
62 45
50 15
48 39
40 56
57 74
36 30
1 21
21 22
60 86
46 30
53 62
94 2
62 74
3 43
19 49
40 6
36 99
90 71
25 9
39 80
82 68
10 99
33 99
82 77
63 27
61 1
28 82
21 55
15 37
3 63
22 60
30 20
4 69
8 63
54 46
54 88
8 88
36 65
60 21
6 7
8 23
51 73
36 69
76 70
62 5
41 10
19 90
44 52
90 77
24 93
35 6
31 6
4 34
42 84
38 86
73 57
23 32
14 21
91 95
11 85
17 56
17 9
1 80
35 17
99 15
92 87
96 91
60 6
58 96
53 73
94 80
80 7
43 5
36 77
66 66
23 95
19 94
41 52
10 66
46 76
43 96
41 70
35 51
6 56
64 11
28 90
60 67
42 67
87 58
46 26
13 49
69 8
72 60
3 67
21 20
54 23
45 86
78 93
69 29
75 11
96 36
17 85
50 11
20 27
24 66
82 57
75 43
96 39
98 52
71 58
76 82
69 81
93 7
17 46
33 28
3 54
93 72
50 8
43 65
7 14
14 15
12 58
99 72
32 84
90 38
67 78
36 93
43 61
92 24
50 73
42 69
10 96
61 91
77 71
49 18
29 21
56 80
25 90
6 22
26 65
94 52
75 2
64 68
42 42
98 16
72 3
35 61
14 82
41 32
45 61
46 10
3 15
50 80
8 53
67 39
16 44
87 6
94 60
41 53
74 85
97 32
44 59
8 14
69 78
43 44
83 16
56 28
27 83
94 69
50 63
44 14
87 43
71 77
95 95
61 47
64 21
81 59
3 26
36 81
96 43
41 3
86 93
1 98
28 97
60 60
17 26
92 85
46 23
10 61
27 62
4 24
78 68
85 95
95 15
93 26
43 76
47 62
30 6
88 68
93 46
43 56
75 40
26 92
32 47
15 34
83 80
71 25
35 72
96 61
59 95
3 22
39 60
79 15
59 81
53 48
3 84
37 87
80 37
71 7
43 63
62 99
11 87
75 57
66 27
21 93
67 40
96 16
26 93
33 9
88 35
79 64
58 56
58 62
93 76
34 86
22 92
73 80
31 32
31 28
80 39
2 97
44 22
26 77
41 41
49 44
44 4
9 46
79 97
83 26
80 9
62 83
59 82
1 48
0 3
15 16
46 35
74 47
67 64
53 40
13 24
54 50
66 98
28 36
16 18
11 46
67 1
9 91
88 19
52 63
15 3
95 11
84 13
73 79
14 6
47 49
99 51
14 76
63 79
16 93
45 17
70 36
84 47
59 3
42 64
36 59
12 13
45 15
93 22
55 52
20 47
8 57
30 53
82 16
8 36
10 24
98 10
63 45
16 96
15 14
90 91
6 73
49 71
26 13
69 24
8 48
83 63
90 30
16 34
63 92
98 45
59 51
7 33
71 22
80 84
43 93
51 39
29 47
73 34
52 11
35 36
68 62
49 0
39 39
91 74
45 31
96 95
67 91
8 55
87 92
24 49
44 96
92 7
17 17
63 64
73 36
13 80
94 61
64 17
19 18
61 85
89 94
81 31
49 56
76 73
63 7
89 34
90 51
60 77
86 26
32 86
48 46
40 73
73 7
76 87
5 25
36 22
6 4
51 83
2 57
59 37
86 96
94 84
71 80
96 56
74 4
34 23
14 37
49 43
48 1
6 32
69 89
67 24
92 81
82 82
93 29
93 94
48 5
54 90
47 63
25 74
31 81
32 22
67 36
96 79
33 76
15 71
72 6
19 17
24 30
87 61
15 24
44 51
34 63
14 69
71 30
42 30
14 22
88 66
80 61
77 58
40 75
50 92
19 88
31 95
11 10
17 75
78 91
44 35
12 74
23 25
37 75
18 29
32 93
33 3
24 76
68 86
98 21
79 53
24 1
98 35
89 81
24 67
59 2
62 16
24 13
16 58
44 28
18 60
4 97
35 14
58 35
23 64
29 44
98 50
15 82
29 66
97 89
33 5
61 35
4 58
20 71
80 74
52 57
35 43
13 47
95 30
63 76
28 73
45 97
38 96
63 87
63 4
67 2
97 2
87 59
67 22
52 30
71 13
24 15
27 44
82 58
99 42
72 59
55 44
79 69
4 13
51 99
68 43
74 81
7 66
50 33
47 95
65 27
48 26
88 86
47 58
71 65
34 71
77 55
87 36
58 19
93 48
87 1
7 34
58 80
10 89
53 11
31 11
0 76
70 72
13 33
11 66
21 10
94 85
52 47
32 12
79 68
92 49
97 53
71 51
80 43
48 13
70 97
63 91
34 89
68 69
19 35
22 23
32 60
14 90
91 60
83 69
99 52
42 93
19 30
0 94
40 34
76 27
10 33
45 89
77 23
65 23
39 54
67 53
13 38
15 45
72 44
13 51
52 55
60 24
15 46
18 41
50 22
81 39
33 13
88 30
4 41
45 3
72 42
84 78
81 97
96 13
43 89
97 7
34 12
11 41
14 92
25 0
21 92
64 46
27 86
46 57
80 5
75 62
12 1
45 45
60 61
99 11
18 56
33 92
87 11
52 4
54 55
92 60
95 84
73 33
41 88
63 94
32 37
49 40
14 42
81 47
80 47
78 5
79 9
95 98
87 83
50 41
66 4
34 95
63 28
22 82
3 69
52 90
92 82
64 44
21 12
58 41
92 41
59 48
27 3
22 88
22 48
62 46
4 38
93 0
21 40
4 51
14 17
73 69
10 54
62 77
71 45
86 89
40 12
17 15
15 54
14 80
71 18
75 93
16 66
29 13
48 49
19 68
77 33
25 36
47 64
92 80
45 25
5 47
48 18
37 69
66 22
84 22
66 84
32 33
40 3
30 7
1 78
67 99
1 68
79 60
52 21
7 59
48 37
39 42
52 32
68 42
5 77
35 84
34 70
13 65
76 36
50 6
89 40
66 41
57 88
2 17
69 59
36 87
49 49
71 53
47 6
25 1
1 66
14 36
90 53
4 40
98 64
2 72
1 55
20 23
55 23
31 13
15 5
70 0
90 60
81 5
49 48
47 27
41 67
71 50
81 78
27 35
61 18
85 87
71 9
68 7
98 19
94 53
5 85
7 74
9 28
95 72
57 25
75 19
15 78
34 77
59 52
86 45
90 33
44 79
68 36
21 84
49 33
34 74
20 92
10 37
46 7
0 44
4 37
70 86
51 29
76 3
34 28
85 73
11 98
96 86
35 53
45 88
0 75
64 41
78 0
24 81
69 6
67 79
14 74
12 6
8 16
88 14
49 17
92 43
47 29
62 87
47 5
83 99
49 97
37 65
47 23
32 7
63 70
1 77
91 70
86 50
32 99
12 63
82 27
76 17
8 49
14 65
17 62
17 36
78 98
38 21
27 72
32 49
26 51
12 40
48 79
67 75
39 91
55 33
57 38
24 9
17 98
55 54
19 58
74 77
98 70
30 56
90 15
60 9
75 78
38 4
96 15
61 20
88 50
95 81
22 17
69 4
44 74
65 99
20 98
23 42
41 21
5 38
15 31
70 24
6 58
77 18
3 31
72 20
65 81
98 26
73 28
99 69
32 44
23 13
84 77
2 50
72 27
47 55
86 79
0 79
54 35
49 73
69 25
34 84
14 44
88 97
28 19
51 10
17 90
9 68
55 28
2 6
63 56
86 20
68 74
76 12
82 78
82 75
22 62
30 41
77 17
66 45
17 42
30 67
58 14
71 6
57 97
41 37
18 73
54 56
91 77
44 94
23 84
50 69
85 76
56 90
37 38
28 27
88 13
75 90
33 7
7 45
21 78
76 61
66 32
74 0
38 28
29 26
21 4
13 71
60 57
52 13
48 73
76 18
36 31
94 96
86 48
83 92
65 92
39 83
19 47
81 25
19 67
39 5
50 18
13 45
86 92
39 79
53 1
51 6
7 90
21 44
81 37
9 64
36 71
68 75
77 11
57 23
18 35
68 37
10 19
18 47
3 48
88 89
41 74
43 37
67 14
22 71
11 58
9 66
37 4
67 65
54 76
87 8
83 1
21 1
32 26
47 69
63 78
61 46
28 4
8 70
32 32
48 36
28 2
34 60
93 43
53 95
84 68
42 54
52 33
36 95
26 36
63 67
42 98
61 30
42 61
89 61
14 16
42 9
7 93
27 66
55 26
79 96
12 68
4 85
53 56
27 19
55 20
67 46
73 98
5 93
68 61
74 33
34 14
60 31
69 36
52 8
55 77
40 24
18 82
30 38
92 2
21 72
13 99
92 48
35 74
21 94
38 32
35 81
6 59
32 55
19 46
68 17
31 31
61 32
7 95
25 14
6 52
32 81
35 13
97 78
37 11
0 0
78 73
41 84
69 16
4 91
11 45
81 40
62 3
73 30
75 70
44 31
7 99
70 94
3 24
8 2
38 15
32 52
52 19
17 21
20 19
12 21
49 39
77 0
72 8
98 9
90 31
30 95
22 89
98 39
70 68
45 40
44 47
62 29
96 1
93 39
11 13
96 77
93 70
85 14
7 12
48 31
74 52
48 8
39 50
63 40
6 88
89 45
78 76
91 64
52 44
7 97
1 90
53 30
19 5
72 98
92 69
59 13
66 29
84 60
76 67
60 37
76 31
1 17
77 19
22 33
21 36
77 2
46 5
48 70
64 97
59 58
93 81
69 62
93 45
63 29
78 3
29 77
87 49
54 6
16 41
49 37
87 30
21 3
77 75
45 77
43 32
19 69
32 11
27 85
64 50
81 85
59 33
20 39
6 10
68 12
29 3
99 55
17 34
52 79
43 84
85 27
78 36
90 70
77 29
77 21
42 38
68 0
26 10
85 48
32 41
39 34
38 97
12 97
14 98
93 87
24 65
82 85
76 57
15 62
50 3
32 85
86 58
20 60
36 72
98 60
37 6
35 29
74 87
66 75
20 6
46 50
86 71
32 69
37 94
22 53
74 32
13 26
6 49
89 80
2 47
55 18
41 54
81 41
41 5
22 85
56 74
20 12
82 63
57 69
72 89
87 32
42 96
9 63
20 55
36 1
50 78
39 49
80 17
89 49
81 92
50 7
29 65
9 75
33 11
33 62
15 47
26 95
90 61
58 61
54 52
10 98
15 36
25 77
25 93
30 36
19 65
40 67
58 37
23 20
37 82
13 82
94 38
22 46
81 45
40 82
41 72
48 11
76 21
11 50
66 35
31 17
89 11
11 3
5 92
8 58
41 56
55 85
63 39
44 83
84 7
30 35
68 66
11 47
86 68
44 26
44 81
18 54
50 61
50 4
82 88
34 34
80 94
20 51
7 67
83 5
81 95
52 14
95 92
4 96
30 80
53 19
77 84
61 77
86 16
75 13
89 58
40 36
49 47
10 2
71 5
93 35
89 32
8 91
55 90
42 51
16 85
27 18
35 71
45 96
26 96
40 19
48 99
23 73
42 58
43 9
69 99
21 91
28 70
67 59
75 42
66 58
88 77
88 21
75 69
43 42
39 38
41 94
81 84
61 40
47 14
80 15
69 13
37 80
28 0
26 0
10 49
97 74
70 90
99 23
98 71
43 68
45 99
49 38
97 11
59 34
14 64
30 17
52 66
22 84
39 73
87 2
75 75
24 96
77 64
84 92
77 10
81 16
35 26
3 80
22 98
99 13
13 36
73 92
93 61
84 88
21 98
97 59
33 79
37 71
2 49
34 94
27 59
96 4
47 78
23 67
4 81
44 17
72 24
16 84
11 6
33 2
5 17
65 13
3 49
2 48
77 80
32 59
6 93
0 62
53 83
0 57
96 60
51 13
32 88
88 80
47 77
21 82
31 93
91 53
38 80
11 32
82 4
54 28
72 0
43 50
38 78
73 45
24 22
5 21
81 87
0 36
22 75
35 86
13 98
11 2
97 58
8 65
51 45
4 12
36 47
48 87
16 28
46 56
19 16
5 89
1 70
99 74
87 37
22 78
84 15
12 88
23 82
40 27
8 17
30 97
22 80
21 65
12 36
4 36
67 73
28 12
3 72
66 16
18 0
12 73
60 98
26 83
78 94
41 11
60 4
28 7
47 47
33 35
80 57
28 51
16 88
8 15
87 50
57 32
18 7
98 75
18 11
9 36
48 53
94 1
49 41
31 10
80 71
1 95
47 83
23 22
3 81
19 60
43 29
64 35
71 67
98 98
36 49
58 58
63 73
14 45
90 0
2 14
9 85
94 4
98 4
11 7
70 38
27 30
3 0
78 27
68 83
57 39
28 41
34 65
97 69
45 48
55 14
75 45
91 23
0 46
67 84
83 49
91 34
21 51
38 17
57 95
66 60
82 23
55 39
81 58
31 26
6 36
22 7
31 82
39 64
59 53
38 50
81 51
38 35
5 30
72 55
80 41
4 50
16 91
62 26
61 69
51 65
47 51
24 17
42 1
84 86
53 99
51 40
31 55
89 60
23 29
70 46
63 65
35 76
15 12
73 74
35 99
31 84
25 68
23 2
30 49
7 19
15 92
52 38
88 56
66 79
47 16
36 46
33 98
90 67
52 81
71 48
86 44
34 85
64 64
10 17
70 76
13 56
35 98
57 67
81 35
90 62
11 99
58 76
42 0
77 35
20 91
46 28
1 24
50 42
68 6
35 79
61 21
86 82
55 47
85 55
46 61
5 37
62 88
22 99
68 35
91 82
88 72
41 90
30 55
26 33
78 97
33 37
46 95
24 2
40 66
70 60
1 32
49 53
18 63
29 12
68 18
10 62
64 85
13 34
10 18
92 18
22 54
19 75
16 95
13 60
16 68
84 19
8 21
64 76
29 52
39 15
70 26
56 29
66 43
69 91
81 9
50 98
96 64
80 82
46 55
23 27
54 21
98 32
57 86
53 82
75 99
65 91
54 83
86 37
95 90
99 92
33 52
98 87
15 4
18 36
20 57
73 4
95 1
25 53
63 62
43 72
8 39
40 10
2 82
10 5
64 75
6 75
28 86
63 69
50 76
46 52
83 0
68 15
37 44
43 53
26 59
49 76
81 13
90 55
46 99
75 6
97 42
25 65
5 81
51 92
20 63
94 74
31 44
78 25
36 23
70 81
3 96
30 91
91 65
11 11
39 87
54 71
57 62
46 14
44 6
74 95
63 20
29 82
71 8
52 16
53 6
38 68
71 72
44 38
21 2
96 73
24 37
17 0
29 58
6 19
47 88
44 23
1 53
87 18
84 42
6 31
67 83
60 78
4 94
4 27
4 7
9 5
58 15
99 5
53 45
95 60
94 25
35 58
86 35
60 1
37 36
19 54
0 95
51 87
68 99
73 44
45 73
67 30
93 25
24 57
85 54
28 6
53 69
5 48
21 49
65 54
66 86
91 30
23 62
85 6
88 52
1 83
66 18
91 87
50 84
84 46
88 4
68 93
85 26
51 7
12 82
16 6
82 71
4 71
68 1
29 76
46 97
37 91
2 83
56 14
29 24
44 48
56 5
65 6
73 89
77 14
20 10
18 6
50 1
90 48
99 79
26 62
51 24
38 13
50 85
31 56
21 46
1 11
21 90
72 18
20 89
69 2
77 59
15 10
41 36
82 39
16 69
82 45
25 75
97 35
52 31
84 67
64 49
79 48
17 65
65 47
19 21
70 5
96 25
20 17
30 39
58 52
21 32
16 60
20 78
97 48
81 55
0 71
4 21
22 43
19 93
46 6
36 91
83 62
84 82
99 12
18 87
12 45
97 5
69 83
32 20
63 47
68 45
98 49
62 52
78 99
29 50
32 51
91 38
7 70
55 29
51 0
36 4
55 11
73 53
73 87
30 76
1 36
38 64
70 22
25 37
50 35
29 0
55 21
72 38
63 55
31 39
44 2
12 61
28 88
52 82
54 86
99 9
3 51
83 89
3 66
28 71
43 15
96 32
22 79
61 56
63 12
56 17
12 32
81 22
69 96
94 9
49 9
78 87
66 87
35 67
8 1
12 2
16 74
72 93
44 10
19 41
16 71
0 5
0 99
76 74
43 79
32 23
62 36
55 67
38 30
65 28
55 99
52 69
98 88
52 84
43 23
43 39
97 8
69 3
41 68
50 45
6 2
87 69
72 57
83 34
84 4
23 81
80 0
99 50
86 36
34 79
36 26
88 1
72 43
15 91
62 9
98 90
64 15
49 62
12 92
33 74
34 73
4 14
16 92
54 42
69 60
72 79
40 77
78 56
97 24
26 66
3 65
47 38
51 86
37 43
66 94
22 94
72 97
20 50
30 94
37 34
55 56
62 58
11 31
3 88
31 45
19 23
33 8
31 35
32 96
75 96
75 64
96 70
72 4
53 94
65 22
43 0
76 43
2 64
95 75
84 3
90 35
41 24
75 79
11 73
31 8
11 22
16 21
23 52
91 2
53 4
62 54
44 3
79 33
91 13
24 3
3 91
11 75
40 22
76 46
27 71
31 90
0 9
66 85
23 71
80 83
62 34
64 57
54 18
67 37
0 16
10 50
74 96
78 71
70 35
95 74
37 2
72 66
77 99
57 24
42 73
14 79
14 11
17 77
44 39
48 51
36 89
98 15
68 25
44 53
43 54
16 24
7 55
1 75
62 48
32 19
24 95
87 4
68 9
28 78
55 89
55 95
89 42
63 72
36 66
39 37
31 40
48 16
18 5
77 13
10 86
53 97
88 82
3 10
39 57
71 15
94 63
80 78
47 57
80 33
3 75
39 96
60 26
95 12
82 44
71 60
25 33
5 97
74 39
34 83
88 88
72 58
53 32
23 57
63 30
23 87
15 27
91 59
50 50
60 97
35 66
74 6
42 87
72 33
51 64
3 87
0 56
1 71
14 27
79 30
61 42
24 98
77 5
93 47
16 16
85 92
66 48
39 71
83 93
68 39
34 1
41 20
69 71
37 47
30 5
84 48
11 40
88 32
21 23
25 35
40 88
58 28
27 26
35 54
29 37
15 87
9 52
20 5
46 98
55 36
72 51
35 38
43 59
69 90
6 11
39 67
32 13
10 14
14 85
80 46
87 98
12 26
90 98
66 31
14 57
80 4
8 59
50 29
72 54
10 51
48 33
22 72
29 27
89 5
56 1
66 36
65 2
38 62
80 98
13 55
82 97
92 71
36 7
0 63
71 75
38 76
33 94
30 40
53 37
7 64
95 47
47 45
48 62
37 27
34 91
46 62
21 37
48 14
25 4
85 70
96 10
25 38
72 71
16 77
65 8
28 39
82 96
22 65
77 53
93 12
33 82
57 9
51 44
23 56
18 57
14 33
26 39
55 91
1 60
2 1
98 12
70 28
17 91
38 2
6 55
85 61
31 59
8 41
84 89
92 28
78 21
5 28
92 75
32 36
68 14
26 30
95 66
14 72
35 49
63 98
56 65
90 52
71 97
5 31
22 69
3 62
21 57
78 60
88 5
52 26
79 87
60 90
69 76
58 16
1 41
1 85
15 97
26 27
17 10
42 16
84 80
87 38
16 15
21 66
43 16
94 39
3 94
74 29
53 31
49 82
49 45
57 76
84 39
51 33
36 80
10 48
68 10
57 61
83 33
80 8
2 46
54 68
13 94
62 30
26 57
79 1
33 1
76 24
84 87
2 91
92 17
68 91
49 60
86 73
18 84
99 46
45 37
18 24
85 60
19 10
16 52
19 78
57 92
97 15
20 61
33 10
46 66
36 18
31 54
98 67
51 46
57 90
2 58
79 40
3 32
30 37
55 24
24 34
28 21
70 16
19 85
73 86
5 75
13 37
66 64
40 35
20 79
68 55
52 60
54 98
21 33
34 15
88 2
68 51
8 28
69 79
91 45
0 17
83 7
29 19
0 15
1 22
49 83
97 67
88 67
60 47
24 7
96 37
21 24
9 7
19 13
38 81
32 62
68 87
30 70
20 44
94 26
74 44
3 5
92 76
71 59
79 3
15 67
54 73
5 69
24 74
64 95
71 31
14 47
1 61
98 97
64 25
66 7
31 27
32 70
82 84
53 42
74 40
97 28
43 74
69 52
52 52
4 80
50 52
69 92
41 98
43 94
9 92
11 1
95 46
6 74
88 63
83 44
70 52
84 56
1 10
16 39
16 8
64 93
57 3
60 33
39 23
44 97
31 97
20 20
87 71
60 75
4 61
97 12
69 21
55 76
23 38
91 6
65 41
86 91
59 50
53 88
80 27
70 14
6 63
56 44
10 94
16 79
76 1
27 61
60 42
8 42
92 53
8 10
9 60
62 71
69 0
76 48
1 34
37 52
6 38
13 78
89 53
72 39
44 82
0 41
47 75
44 86
5 65
60 49
65 95
32 3
52 49
80 64
35 35
30 1
29 34
16 70
64 90
80 77
57 98
11 68
29 51
16 27
9 61
98 95
22 68
47 79
66 47
12 10
9 26
71 92
18 4
38 12
75 54
28 42
89 92
78 29
23 61
9 43
75 80
13 66
37 89
61 5
25 43
85 35
40 98
43 30
83 18
50 70
87 26
73 67
56 53
27 92
37 14
4 8
73 75
94 24
70 19
16 10
85 53
87 68
69 94
52 17
8 95
45 56
49 98
93 11
56 49
26 55
18 58
48 74
71 78
73 59
93 27
62 76
23 55
64 52
77 46
69 12
58 64
38 67
26 90
39 55
4 2
45 81
8 52
27 12
34 49
2 93
39 86
9 35
8 47
45 44
25 83
59 93
88 34
99 37
85 29
39 28
16 35
93 74
87 67
75 47
87 72
6 71
14 53
10 83
90 82
40 85
92 21
74 41
92 91
73 99
49 93
97 65
7 9
88 58
80 3
6 99
58 5
72 47
13 44
56 69
76 68
42 83
32 90
22 93
41 13
21 62
24 92
28 89
42 86
48 4
21 69
61 13
9 97
32 21
22 67
10 78
88 87
44 1
16 31
71 40
5 70
25 54
59 68
73 38
21 39
78 49
5 94
97 98
20 52
12 89
8 81
97 41
51 82
86 85
0 4
41 31
90 42
98 31
53 14
8 13
45 35
81 54
11 62
36 19
24 29
6 78
64 69
14 60
42 74
9 20
99 66
95 54
80 86
96 6
20 69
74 49
62 40
58 34
61 96
5 41
36 10
68 60
64 24
86 9
53 59
2 81
73 82
21 61
2 8
41 82
80 10
96 28
54 99
38 27
44 9
80 53
80 22
38 8
49 64
7 15
68 84
75 37
58 39
29 20
62 27
60 69
38 66
88 64
9 29
61 94
24 91
66 19
65 67
22 59
10 32
48 93
45 22
29 73
2 90
87 85
41 58
39 99
32 67
89 14
73 18
14 55
9 4
61 7
42 11
7 94
31 42
5 78
15 39
47 56
27 53
7 51
42 92
26 35
31 38
37 22
36 36
22 15
86 32
96 88
46 1
15 28
97 23
74 88
52 29
5 91
72 45
17 67
49 72
23 63
84 36
90 57
4 92
28 53
85 83
25 91
52 10
82 67
55 84
85 17
43 4
65 88
87 48
56 85
10 60
5 5
59 76
57 6
99 26
74 11
72 53
13 77
92 39
51 9
38 79
37 48
28 98
44 54
88 31
19 81
2 10
42 10
45 66
63 37
80 81
83 42
62 14
8 82
46 79
75 67
59 14
64 63
41 55
58 55
90 94
7 37
75 49
8 35
54 58
86 65
5 73
94 46
64 79
64 67
35 97
58 60
8 5
55 83
69 51
35 59
18 78
14 12
97 83
20 72
4 23
40 37
76 78
21 19
84 54
35 94
30 3
93 88
32 5
67 98
3 90
67 72
97 97
7 71
86 2
62 70
0 27
56 12
89 30
62 28
9 49
40 74
24 94
54 79
99 6
95 5
84 81
30 26
85 28
92 58
72 28
62 69
36 37
62 22
86 60
57 30
69 66
68 46
26 47
14 77
28 84
1 76
51 35
59 44
13 62
3 7
41 9
96 53
41 4
75 73
16 37
64 47
68 89
25 87
22 9
37 33
75 22
30 31
84 79
47 25
65 59
10 4
13 70
28 61
62 43
53 46
59 21
2 43
66 57
15 68
42 20
55 45
36 2
57 99
54 39
82 50
65 14
53 90
25 16
26 82
9 11
45 42
90 40
3 86
14 66
64 55
99 64
0 86
32 91
99 22
86 14
88 81
88 61
54 64
37 50
9 80
67 61
41 7
86 77
85 96
86 99
82 6
55 43
31 30
86 83
21 85
44 40
40 84
87 28
54 89
51 50
60 23
76 25
19 55
7 43
53 16
45 60
5 71
42 19
84 58
17 49
68 90
34 59
89 82
72 29
96 29
32 71
91 41
23 28
27 93
51 26
57 2
7 26
30 27
9 3
99 27
65 35
59 47
76 80
49 75
22 76
30 99
82 53
93 17
33 6
50 14
75 31
69 93
99 17
20 53
55 65
50 62
10 30
99 14
69 17
66 88
74 19
9 31
67 13
58 23
70 89
20 16
82 47
14 49
6 94
75 7
85 93
56 66
63 63
80 13
25 32
9 33
2 75
60 38
17 23
33 29
91 72
62 10
70 75
30 54
76 72
36 75
0 64
52 76
38 46
41 2
51 71
34 80
12 71
38 70
25 88
98 1
12 52
62 84
9 62
0 11
75 85
35 87
23 33
95 3
10 63
39 7
16 89
98 6
18 19
9 40
51 38
17 24
75 20
94 13
96 87
80 12
5 35
98 33
45 82
63 13
62 17
93 34
44 88
33 91
18 52
59 73
99 19
70 74
34 40
9 77
87 41
61 38
88 38
48 94
23 40
5 52
56 35
19 22
32 92
40 60
27 60
57 63
4 72
94 37
61 49
20 33
8 71
60 64
22 18
49 68
76 4
95 59
25 49
32 53
43 86
6 39
62 15
16 43
2 26
13 23
69 28
6 90
17 81
91 25
9 53
99 85
86 3
28 25
87 99
4 74
83 22
95 37
18 34
93 89
44 16
55 86
45 57
87 90
29 11
71 61
74 22
47 87
37 79
2 31
22 74
20 32
10 29
97 37
59 63
23 88
77 28
54 17
59 27
53 3
88 59
88 92
1 13
59 67
17 33
82 17
7 8
5 10
87 63
30 98
74 82
82 15
28 50
37 81
43 82
47 15
56 70
17 18
65 94
41 26
16 17
99 61
82 73
55 92
31 14
70 48
82 35
54 22
0 30
52 2
34 13
99 18
34 10
45 52
62 89
21 77
3 41
89 33
62 7
89 19
50 44
33 86
91 16
46 27
29 8
96 94
30 59
43 60
29 60
63 60
58 82
73 22
75 38
18 50
38 87
86 49
8 80
46 65
94 89
43 67
86 55
53 92
23 65
38 74
46 39
67 32
46 64
26 16
24 71
72 41
48 56
53 29
97 54
16 50
89 50
50 24
71 32
47 46
68 34
50 66
72 15
4 59
80 34
98 92
54 0
59 83
53 23
3 20
56 89
70 33
88 79
49 81
5 61
63 24
81 53
78 50
91 42
14 32
38 24
9 98
17 70
12 33
37 29
48 69
10 47
1 62
56 63
67 97
61 23
85 24
46 87
56 13
4 82
15 21
41 25
82 12
82 65
98 79
88 20
14 46
38 25
25 89
80 90
21 5
73 42
97 22
1 9
70 79
58 59
83 95
56 22
75 30
45 28
69 95
63 1
22 81
84 17
30 69
50 10
47 74
79 4
62 42
80 38
46 72
80 1
60 11
44 15
63 50
18 2
84 71
50 56
22 14
96 78
18 22
80 63
47 24
21 0
44 21
84 0
79 38
30 63
10 36
15 1
18 77
89 51
7 20
3 13
17 45
61 58
82 43
82 41
90 49
29 87
21 21
82 94
73 63
27 10
58 78
93 84
36 78
47 50
22 51
48 88
29 17
61 67
46 33
51 98
14 5
57 22
20 22
26 70
44 98
23 3
49 1
45 9
15 83
46 67
40 68
1 25
57 37
61 65
33 65
87 33
92 88
12 3
66 61
23 34
90 80
62 85
60 5
30 2
90 89
90 84
53 61
45 70
73 51
86 86
32 73
80 65
77 93
29 61
51 11
96 8
47 81
66 91
52 89
75 24
17 92
92 50
51 17
58 29
27 54
56 68
0 37
53 35
8 18
12 87
4 4
97 91
78 80
24 39
70 85
23 48
51 18
58 85
36 82
8 99
63 5
81 62
34 35
42 31
12 28
9 54
79 26
82 40
61 66
63 31
12 96
56 15
26 72
17 74
75 61
39 85
56 86
2 94
26 87
72 73
54 78
83 37
31 71
70 67
27 43
59 56
28 17
61 62
63 93
70 91
29 9
29 97
89 75
79 89
65 89
43 20
5 18
18 83
79 95
27 69
67 11
14 61
99 81
13 31
79 58
54 13
15 38
46 11
48 43
66 3
99 86
33 32
19 72
6 54
87 89
96 23
32 94
40 72
18 13
94 86
52 64
16 29
49 96
77 36
14 56
45 34
5 1
58 20
27 0
12 11
2 86
22 73
96 26
56 24
95 31
71 83
33 27
7 31
83 87
95 32
43 95
96 33
4 0
82 55
45 54
88 0
40 70
79 81
32 15
13 96
25 95
99 58
63 71
97 47
65 36
81 28
30 22
52 87
54 82
99 36
98 78
15 79
79 80
61 63
36 0
64 82
25 62
94 50
47 4
76 75
60 13
97 18
72 46
73 1
94 54
74 68
78 10
95 67
24 8
85 81
47 32
18 75
93 16
21 38
26 26
4 89
97 13
10 22
66 5
63 81
86 42
57 47
42 89
24 28
95 69
71 71
80 11
16 63
17 60
50 0
97 33
44 80
69 82
65 17
91 21
8 40
66 6
58 84
84 14
42 45
44 36
46 86
5 60
98 63
49 52
45 63
10 6
18 40
83 66
62 68
14 63
23 80
32 45
36 29
74 98
20 64
26 86
27 63
49 31
52 39
24 63
92 46
38 7
82 14
51 42
26 63
13 40
47 91
59 29
83 50
2 32
83 15
34 26
9 16
25 21
59 77
24 40
64 70
73 52
56 34
62 64
56 67
58 13
89 29
47 67
17 3
14 4
97 75
62 0
37 39
58 50
48 20
53 65
1 40
34 51
78 72
49 63
15 15
97 39
93 69
55 60
39 90
4 66
33 42
13 48
87 76
63 89
28 80
55 40
29 99
13 20
44 37
81 12
97 30
46 4
27 96
35 91
37 40
55 34
28 56
25 59
60 8
28 95
97 99
34 17
87 12
38 99
87 64
12 34
35 18
28 58
55 9
64 80
37 21
79 57
52 65
45 38
48 22
35 78
18 42
95 22
11 19
96 0
83 48
89 86
87 54
91 7
32 77
12 55
39 93
36 14
93 63
50 89
37 19
55 72
48 42
0 88
54 97
85 23
92 23
98 74
43 55
53 25
99 56
80 69
93 21
61 29
62 38
67 51
50 57
17 94
29 45
15 66
10 97
16 59
19 33
93 79
37 77
41 44
82 51
98 44
20 9
13 25
66 72
71 33
17 19
27 56
88 65
92 67
43 7
51 21
79 22
7 27
41 49
17 72
6 23
51 48
74 45
97 1
29 43
42 12
68 32
41 14
4 68
19 79
8 30
0 35
19 50
39 58
61 52
54 32
56 42
66 71
19 24
46 32
93 54
36 5
78 26
72 85
13 8
51 78
62 37
79 50
91 85
53 26
68 40
11 77
14 10
62 91
85 75
80 21
83 74
81 33
73 76
83 11
70 17
47 98
65 78
28 1
79 31
91 31
22 28
40 15
17 32
35 27
60 35
27 33
84 52
12 66
78 7
85 2
27 74
88 6
27 81
35 31
62 53
74 26
36 45
2 74
64 74
17 7
31 73
76 66
18 1
20 87
45 10
29 95
4 70
80 6
66 70
50 75
72 23
69 19
41 45
52 54
93 67
50 83
39 11
35 63
51 41
94 5
57 80
79 54
6 44
76 56
5 6
64 65
62 86
86 54
82 21
97 43
17 89
22 90
61 39
6 15
58 22
12 9
94 14
16 3
9 69
29 83
23 94
87 65
44 29
47 0
85 36
47 2
12 95
44 18
91 80
95 45
14 52
72 64
31 77
70 44
79 25
42 21
66 46
11 65
7 47
9 44
87 13
4 98
66 40
52 95
97 52
23 85
97 26
63 59
34 72
43 38
50 26
9 87
90 11
79 76
43 35
27 47
47 18
42 82
33 59
18 97
51 19
71 79
2 53
36 79
35 7
77 34
38 47
28 75
52 37
65 3
64 33
39 61
35 56
28 30
53 96
30 64
10 11
53 47
54 43
12 79
29 74
87 51
57 85
78 30
1 29
22 38
37 26
56 55
23 53
10 59
72 16
64 42
15 77
84 44
56 99
56 11
41 22
86 41
36 57
48 81
58 69
17 68
67 33
83 24
47 8
62 59
86 1
3 92
99 62
58 6
68 97
87 75
3 60
60 66
82 89
8 77
9 65
28 14
58 87
9 45
98 54
6 28
77 31
61 68
54 61
52 46
6 51
95 73
39 94
61 12
53 12
95 38
6 66
64 84
39 2
39 53
76 52
29 18
3 36
78 42
13 13
3 23
17 97
18 10
21 34
70 96
88 45
37 55
26 32
53 39
13 57
93 97
58 83
2 27
54 63
18 3
48 92
72 62
11 26
6 65
38 72
85 1
98 43
89 62
40 18
9 79
71 91
20 84
67 70
39 51
73 15
1 51
26 2
98 85
87 14
4 45
55 30
74 91
93 44
84 83
96 72
57 54
29 28
57 45
40 2
26 78
55 69
15 48
74 94
92 37
71 1
82 74
29 48
63 35
14 68
6 12
86 13
37 85
89 91
20 67
11 71
72 61
34 27
52 7
31 0
6 35
30 66
90 36
11 57
91 49
57 57
48 78
4 3
85 84
10 40
38 61
75 52
40 20
50 90
85 20
12 80
10 38
41 78
3 76
55 64
74 7
61 25
29 69
79 49
83 40
48 25
65 45
7 6
46 2
67 74
52 40
53 49
76 79
76 2
54 48
94 55
27 37
23 78
77 78
36 84
1 87
44 93
7 68
0 52
92 11
57 66
7 25
73 84
77 67
26 22
53 54
45 29
20 1
19 56
57 72
52 24
82 0
67 96
26 45
41 61
58 75
81 71
18 46
9 38
5 64
16 57
70 39
57 96
92 1
59 55
51 85
45 62
61 71
38 6
49 22
52 96
44 44
29 7
62 60
41 18
3 16
96 83
11 76
79 67
24 18
6 37
61 95
45 78
39 9
5 32
59 96
51 84
56 38
78 17
70 78
60 14
89 95
39 33
63 38
93 73
27 28
45 43
71 34
4 35
63 96
97 62
88 23
65 33
25 70
42 41
27 21
51 61
52 1
50 68
18 12
46 54
37 58
5 67
91 46
69 70
65 5
36 68
30 34
0 7
38 51
23 96
14 48
70 61
1 81
75 97
64 72
78 51
71 2
2 2
37 72
62 75
91 89
33 34
47 99
97 68
21 45
9 1
99 93
51 60
39 10
75 87
76 8
64 78
69 54
78 2
63 15
55 19
66 56
38 16
99 99
62 4
40 62
72 12
78 75
61 74
55 15
4 76
43 66
88 71
13 19
12 14
31 92
41 47
27 42
35 21
31 79
81 23
42 59
54 7
19 92
19 12
48 83
53 58
53 80
43 73
93 14
18 89
99 70
30 9
71 16
79 55
99 78
22 30
9 30
65 66
20 35
59 60
20 38
99 38
15 20
19 74
57 17
59 85
94 82
75 41
26 31
61 54
2 18
20 83
66 92
45 20
62 56
93 62
85 74
53 86
44 73
31 29
71 19
60 43
25 10
27 90
79 21
40 9
57 18
89 77
91 4
35 65
6 57
44 46
94 27
53 72
30 82
40 38
1 7
75 9
12 8
87 74
29 57
38 90
78 38
47 93
28 34
92 22
4 63
77 76
54 10
3 50
97 4
67 92
92 72
31 88
88 51
84 57
23 18
8 43
72 67
76 44
23 50
68 85
63 51
95 55
88 98
89 67
77 44
85 91
42 52
72 11
99 53
76 37
39 27
40 76
90 68
94 19
47 21
35 93
93 5
0 22
3 57
10 20
18 99
1 74
49 16
9 78
50 99
59 69
56 58
35 69
74 12
82 70
21 6
39 46
64 88
79 82
29 85
0 89
92 13
33 18
34 66
50 19
55 71
41 57
42 49
24 23
36 12
49 77
68 29
59 46
38 19
52 35
58 36
37 74
99 95
65 31
6 21
14 39
55 41
65 87
45 58
8 22
2 60
9 96
5 62
94 6
63 41
15 6
61 9
76 65
42 79
85 52
32 14
81 18
45 98
93 95
89 52
12 7
49 84
53 76
30 0
4 62
13 30
76 0
80 31
74 17
2 92
1 50
81 3
90 19
69 80
14 41
87 25
78 19
5 87
3 9
48 24
7 79
80 72
59 86
94 57
70 56
51 93
35 77
9 27
61 10
29 49
83 29
34 43
13 0
57 70
9 89
98 0
59 9
62 72
57 8
17 66
89 31
0 39
67 48
76 5
25 69
20 13
42 15
68 96
0 29
60 34
13 73
90 45
2 3
86 33
46 75
58 7
29 5
59 7
85 45
62 23
28 60
88 48
68 76
40 83
90 76
12 25
96 85
82 2
8 11
89 79
87 82
27 55
32 56
44 49
71 62
79 11
24 88
60 36
15 76
73 49
15 43
16 48
41 60
38 1
39 92
11 94
22 4
84 34
31 94
25 17
53 53
65 21
8 78
51 70
7 40
97 9
43 69
61 48
43 92
21 25
59 10
0 80
64 28
98 47
97 16
56 88
58 70
90 90
14 97
79 45
31 21
48 47
64 87
32 34
88 93
30 13
75 98
62 94
74 3
31 66
80 32
80 88
10 0
86 97
50 13
8 34
26 64
64 10
91 50
32 48
25 3
25 82
87 77
27 2
33 69
59 70
15 56
37 83
70 73
89 69
16 42
45 11
43 57
61 6
14 58
29 40
73 29
65 77
44 19
90 79
1 94
21 7
62 11
34 54
73 72
91 28
28 33
83 9
18 79
61 59
42 37
58 12
82 28
63 66
86 95
91 48
31 80
15 19
66 28
34 39
9 32
19 87
21 14
55 62
70 30
53 67
41 19
87 17
68 78
88 41
68 13
78 88
11 91
62 50
49 5
32 78
75 74
40 0
76 41
18 38
91 92
63 49
3 12
94 33
76 53
46 44
98 89
82 92
24 33
73 32
72 69
74 13
50 30
63 32
9 86
48 9
69 43
80 85
88 11
31 58
23 21
85 97
56 81
94 21
52 56
73 14
61 90
56 71
66 54
67 85
77 40
61 45
72 49
30 96
16 30
42 60
77 89
74 56
41 50
43 34
43 26
99 75
59 71
20 15
75 86
54 24
27 79
48 38
86 61
89 57
43 87
6 14
86 19
84 41
26 23
56 3
28 81
82 48
2 69
80 48
4 57
68 44
17 95
58 0
29 67
67 49
69 46
77 85
78 8
4 31
48 44
11 25
28 22
4 86
93 38
52 83
54 14
28 11
35 80
1 69
54 60
76 58
54 70
33 46
26 81
4 5
73 96
96 76
37 54
38 48
83 21
48 41
90 43
15 0
94 18
39 76
79 8
83 79
51 31
75 92
9 82
12 84
28 94
22 83
91 75
15 88
97 27
57 79
71 41
57 1
61 70
5 74
85 69
98 53
72 74
31 85
37 84
81 49
40 23
35 10
64 73
60 10
20 34
88 55
48 50
38 18
28 24
66 15
44 33
71 14
53 28
11 12
52 61
18 9
68 52
56 84
86 64
25 19
65 53
30 42
40 53
34 81
38 65
81 20
19 89
93 40
21 87
68 11
23 36
43 97
63 9
10 68
70 71
48 21
81 11
82 32
91 52
16 47
72 50
31 34
44 50
85 44
48 54
68 98
53 51
80 68
15 61
76 35
85 88
32 1
39 32
24 62
60 44
17 22
92 68
13 89
71 54
52 77
91 11
34 9
79 18
88 16
0 26
40 54
52 92
97 55
43 85
80 76
58 77
8 6
35 5
78 95
67 10
5 76
12 46
43 36
26 97
84 84
41 59
75 27
26 21
48 6
57 20
5 59
98 99
69 84
50 27
41 39
99 65
40 21
75 17
68 88
94 97
66 69
10 9
62 31
63 19
69 38
22 39
80 92
88 75
34 6
4 65
85 15
75 81
43 41
87 93
38 49
98 65
58 48
43 24
34 19
21 53
14 31
1 58
92 70
62 6
11 43
29 41
14 51
79 61
27 82
98 93
3 27
91 58
87 66
16 99
42 62
15 94
12 20
39 98
84 25
58 45
12 12
62 13
48 71
55 68
93 15
65 84
82 11
92 64
87 88
64 5
43 70
97 96
2 16
37 88
67 20
19 25
94 23
27 13
98 61
83 30
91 68
8 83
65 50
67 26
45 90
74 25
29 2
64 27
39 13
96 38
23 14
33 14
65 46
83 13
19 44
24 87
73 35
10 72
18 80
92 65
25 64
91 3
51 27
59 18
17 55
63 61
47 68
21 58
89 84
96 50
19 91
89 37
66 78
31 24
47 59
9 95
11 80
22 58
34 48
16 56
90 86
82 80
79 10
45 30
77 49
15 96
56 61
13 9
76 59
94 79
28 69
74 76
86 12
24 75
55 61
42 81
37 96
19 82
58 3
10 82
46 93
46 96
21 97
60 63
63 46
38 83
34 69
80 80
25 25
7 83
58 71
21 56
59 39
44 25
71 70
23 43
45 83
27 17
41 15
73 64
4 55
90 27
85 25
15 51
43 62
24 60
35 37
44 45
42 4
23 72
0 54
69 11
22 24
48 19
95 76
18 45
57 44
81 65
88 9
42 33
87 87
27 98
10 27
75 66
45 26
41 75
67 45
2 22
59 98
25 67
25 23
74 71
66 11
26 28
95 19
50 16
73 60
44 13
0 84
83 36
54 29
21 79
90 10
45 64
10 10
86 90
38 3
47 84
61 99
19 40
10 15
74 30
93 19
17 44
35 92
16 0
28 20
91 71
37 32
7 53
58 30
12 54
30 50
57 68
30 75
51 90
85 42
67 56
83 98
13 97
97 36
22 21
33 30
75 84
57 64
6 60
81 60
94 43
99 1
88 53
32 2
4 60
13 43
12 51
49 95
47 17
92 45
53 78
31 86
93 52
85 94
49 28
94 67
40 52
66 34
70 37
45 27
1 84
95 68
38 60
99 32
53 79
1 37
85 16
39 81
19 37
5 53
19 61
55 70
71 24
99 49
58 66
15 86
59 62
62 66
3 25
99 0
20 96
55 96
60 20
1 65
36 90
47 3
55 32
39 20
54 4
93 57
26 7
95 61
59 54
76 42
76 13
63 54
76 15
77 4
69 27
49 89
13 28
51 16
94 41
42 8
40 87
57 89
63 77
98 86
42 75
23 35
19 42
49 24
52 88
11 14
19 98
19 64
7 32
70 2
0 91
99 89
45 46
89 3
34 58
63 18
0 90
99 54
38 14
42 88
51 58
82 59
1 88
1 39
61 81
4 90
3 93
71 55
82 22
85 63
67 21
24 52
23 39
85 19
18 81
25 96
83 64
81 98
72 87
33 93
6 26
54 37
19 48
57 13
77 87
40 58
52 51
4 30
43 99
43 47
26 53
75 77
41 79
44 91
47 36
5 29
4 64
68 95
50 25
50 64
2 88
42 53
49 7
5 90
77 42
28 9
36 97
31 2
61 84
45 75
87 78
30 60
55 4
11 30
73 23
61 72
43 10
9 76
61 31
66 2
89 48
0 77
20 3
79 27
10 12
29 29
17 87
92 32
48 29
82 36
73 39
62 57
78 46
54 62
10 71
21 63
75 89
52 70
24 0
60 41
89 59
52 50
86 21
77 91
5 13
14 43
64 26
62 97
47 53
31 53
84 31
8 92
11 15
66 55
96 74
56 75
87 84
95 28
76 6
8 94
8 79
72 91
62 35
34 31
49 86
42 91
13 14
56 39
18 14
96 44
74 62
47 28
75 83
7 28
31 87
68 31
93 50
50 12
42 3
90 18
77 65
49 10
69 73
17 20
46 48
45 21
97 90
40 99
8 96
93 42
99 28
18 44
99 41
36 70
94 90
56 4
32 74
13 68
37 12
50 48
87 45
18 72
56 76
31 64
6 84
47 22
63 11
28 66
23 90
97 20
4 26
51 77
67 35
21 43
51 43
1 30
39 30
64 53
55 55
2 59
7 18
60 40
52 25
98 23
45 12
88 33
20 8
60 72
19 77
18 32
33 63
6 70
19 6
21 13
24 45
73 66
6 83
0 74
71 96
37 0
15 18
8 85
39 8
75 1
67 50
2 54
13 75
62 18
38 10
55 2
20 31
88 47
70 54
4 29
4 47
37 46
71 98
98 69
49 94
12 48
33 58
85 11
8 66
37 59
15 90
97 84
53 84
79 43
18 91
60 19
18 71
40 51
25 86
52 18
94 34
2 34
55 74
14 86
67 81
83 70
42 6
75 88
3 21
93 99
95 8
28 76
34 61
8 51
7 24
98 25
24 90
85 68
36 58
54 45
4 93
6 29
51 1
29 55
32 17
95 51
30 4
1 20
74 9
78 63
64 40
23 8
31 23
21 75
33 55
70 8
91 18
10 87
8 4
15 17
83 52
79 98
64 83
50 87
16 80
39 59
70 40
6 80
77 1
84 90
1 64
27 11
7 87
92 36
33 44
83 39
77 16
37 24
57 83
92 6
57 59
33 26
50 58
59 99
65 34
55 57
58 10
83 55
1 44
5 15
60 84
38 73
69 1
98 84
17 64
10 90
39 63
27 27
75 0
74 14
74 89
36 40
77 20
84 1
48 89
20 56
46 74
42 46
48 66
76 64
81 36
17 78
86 38
12 24
81 80
5 57
66 26
1 16
38 93
71 27
98 62
85 18
12 31
71 56
67 52
68 5
58 99
50 43
30 62
81 83
99 67
90 93
32 72
61 88
76 20
11 16
4 77
75 29
42 66
57 65
28 44
14 29
22 6
36 42
93 2
38 31
58 4
19 53
23 86
47 1
3 40
49 20
76 98
12 15
75 8
3 28
43 8
28 31
65 42
5 66
14 78
72 36
76 38
28 57
40 91
1 86
47 19
92 94
6 1
94 8
61 97
96 40
25 71
91 86
34 5
44 60
93 85
25 55
31 60
92 86
57 31
29 81
29 6
10 93
92 52
71 0
99 40
41 81
69 53
19 97
66 39
52 0
17 29
94 49
87 40
74 28
9 74
29 42
36 21
94 11
11 67
65 7
64 56
2 45
43 77
46 3
38 57
82 18
56 79
90 2
2 52
7 62
27 22
46 36
57 73
23 45
14 59
39 1
72 34
28 49
92 55
34 29
19 39
35 96
82 29
31 41
65 12
62 19
80 19
82 86
99 8
25 42
43 14
85 62
82 93
71 52
7 85
26 3
6 86
26 73
51 2
45 18
91 97
47 44
74 34
29 15
16 25
67 71
70 9
44 30
74 90
67 62
12 90
81 88
66 10
44 85
97 71
88 8
71 49
2 23
50 71
53 24
81 15
86 56
22 3
89 10
16 67
95 18
10 81
4 87
29 22
20 97
95 36
36 6
12 5
26 48
21 67
23 11
87 62
35 70
95 56
42 22
78 34
18 21
91 73
23 76
86 28
77 32
97 38
94 35
12 81
96 71
78 20
83 54
61 79
96 92
19 31
31 49
26 80
42 48
33 60
41 42
90 41
87 97
16 90
99 30
17 83
92 14
13 86
42 78
74 83
81 64
13 92
38 52
48 59
1 8
6 96
9 41
19 20
39 0
65 39
15 65
32 97
40 14
44 75
12 39
44 41
43 71
95 86
81 56
76 19
86 43
11 51
57 16
81 44
2 41
3 4
82 76
51 49
68 56
39 18
0 31
53 13
52 58
93 83
88 12
60 51
20 81
95 35
4 95
33 49
66 80
81 79
56 18
1 5
93 6
64 22
40 25
66 59
97 66
7 42
87 19
81 90
69 35
41 6
18 61
13 12
88 99
8 73
31 70
74 16
13 88
28 72
36 60
38 38
58 44
81 43
46 88
85 40
49 42
98 22
69 50
12 98
88 94
36 15
67 76
20 80
87 46
40 33
9 14
45 49
65 62
22 64
88 39
35 2
4 48
56 25
93 30
23 92
73 73
43 64
12 72
97 76
60 53
22 86
47 52
26 76
29 53
71 73
90 95
40 16
90 78
37 15
5 36
58 65
98 7
0 68
97 3
9 59
25 22
2 28
14 70
67 67
13 10
27 40
84 21
1 14
95 42
0 49
45 72
46 80
31 16
73 25
18 69
7 80
11 83
65 44
22 16
86 57
15 26
42 29
34 52
12 57
94 93
77 24
78 81
30 57
83 38
82 52
22 0
85 13
4 56
17 76
11 61
11 29
58 67
7 50
75 48
59 41
76 39
58 17
72 14
88 74
22 32
96 21
14 89
47 82
87 81
46 13
7 36
18 26
48 67
12 29
56 0
14 73
5 0
77 60
67 58
61 8
85 86
23 31
53 77
74 84
35 75
56 73
88 85
76 29
7 69
11 42
0 45
73 62
58 26
40 90
77 12
29 62
87 80
47 41
57 40
65 26
54 80
13 21
30 65
60 2
86 29
36 8
69 15
82 81
97 86
63 16
57 12
28 46
22 96
84 40
96 58
54 26
96 27
81 63
30 30
98 27
35 52
10 16
91 83
25 28
5 98
83 45
36 16
91 32
40 61
84 97
54 8
42 65
80 28
46 81
2 98
8 67
28 47
90 72
18 96
49 32
33 64
84 64
21 26
32 29
44 72
20 66
40 48
89 87
33 39
99 33
20 37
39 84
0 72
82 60
54 30
76 23
26 12
21 50
7 29
34 56
3 14
51 34
55 46
6 45
48 84
81 81
93 31
28 63
20 85
48 85
36 41
57 29
49 25
77 61
8 44
79 79
7 91
80 18
34 50
35 3
14 18
81 69
64 54
76 99
58 89
94 76
59 24
81 26
50 32
27 50
26 89
22 25
74 2
84 26
95 91
31 12
97 64
10 3
24 56
65 60
19 73
38 9
78 44
57 51
40 95
6 9
61 41
73 83
73 77
40 39
80 45
85 78
70 43
35 46
91 88
2 21
66 62
35 32
46 84
67 15
21 35
32 0
52 73
38 54
32 18
24 20
22 45
99 2
14 13
97 31
29 14
24 14
8 54
2 95
63 88
62 90
70 47
61 27
9 83
73 24
78 24
31 18
59 11
70 7
12 41
32 16
55 81
27 57
86 22
85 34
51 69
79 83
78 40
42 97
76 28
22 2
35 11
54 19
79 2
52 91
68 27
9 71
96 47
89 16
30 48
11 18
33 67
53 71
69 20
92 3
68 67
14 25
34 32
81 48
49 79
75 23
27 7
22 56
25 5
30 74
41 0
53 70
4 6
11 97
33 85
10 95
39 70
91 78
9 70
89 6
44 87
7 88
51 5
37 16
63 83
34 98
13 35
73 27
20 4
1 54
68 16
90 32
24 19
18 90
7 39
98 5
41 96
97 46
32 46
35 33
24 43
80 96
95 93
28 43
7 82
40 63
7 35
36 53
33 51
91 27
78 39
63 22
12 70
96 5
45 47
45 85
22 70
47 39
54 93
57 78
34 18
47 60
19 1
60 28
25 11
95 6
78 16
53 21
1 49
93 80
2 24
13 54
49 36
26 60
17 84
91 26
95 23
80 42
27 76
13 11
90 97
13 3
11 56
57 33
36 25
70 32
95 4
32 25
26 18
20 76
10 80
85 67
59 30
6 0
30 15
95 89
61 11
0 40
7 7
77 38
41 63
2 12
19 43
18 51
47 33
33 89
98 24
18 66
89 44
57 34
49 54
88 7
71 69
21 54
13 61
23 24
79 86
92 26
2 56
67 31
82 13
41 29
39 62
66 20
22 41
0 96
54 75
3 33
93 68
0 51
57 84
74 74
8 87
27 16
67 43
38 26
71 76
40 29
59 91
57 49
76 76
95 99
89 68
5 43
94 75
12 77
95 17
13 58
73 97
12 85
79 13
36 54
69 64
19 84
4 52
92 51
13 18
74 59
52 99
11 88
33 40
43 3
66 44
10 46
44 20
60 83
38 34
89 43
96 65
8 97
26 43
15 33
63 84
38 98
47 37
32 35
66 51
71 11
13 5
64 20
85 50
75 36
66 96
4 75
31 61
2 4
12 56
16 76
73 91
81 29
17 30
80 73
75 58
34 2
84 95
21 81
67 89
31 25
33 4
91 94
16 33
6 95
69 77
28 93
68 63
1 4
23 16
61 83
92 83
0 73
93 41
24 38
61 34
64 37
73 2
79 5
14 96
49 99
69 22
12 17
46 59
31 75
4 43
4 46
92 47
33 56
30 58
98 13
91 69
42 72
42 13
71 68
28 64
9 6
47 90
80 66
19 27
47 73
59 19
3 19
46 49
67 82
46 82
57 56
57 42
46 85
56 16
23 58
46 58
21 86
1 2
54 66
6 27
47 96
19 83
80 14
11 90
41 17
17 54
25 56
12 47
17 71
96 80
93 37
70 50
83 20
84 29
96 24
44 84
85 57
65 86
7 81
72 75
24 48
58 32
23 5
67 25
27 65
21 89
6 30
90 4
71 84
89 26
56 40
99 10
29 71
59 61
98 57
72 22
49 91
14 50
47 34
52 71
15 84
91 15
70 4
48 65
32 83
68 81
70 29
0 21
50 49
58 90
33 90
72 5
54 16
48 7
13 2
18 20
77 43
72 1
32 82
48 77
6 61
46 60
82 24
59 97
12 18
37 61
80 58
90 56
86 11
34 96
30 21
26 38
55 93
92 30
29 46
91 99
45 51
84 69
35 20
36 24
60 18
65 79
99 94
37 86
6 91
4 67
79 32
98 72
60 76
84 51
90 14
88 22
46 69
84 72
25 41
22 1
24 99
95 52
72 82
79 7
5 11
47 42
94 81
11 59
17 82
79 35
46 24
36 11
26 79
15 7
93 98
87 24
37 5
55 63
74 64
4 49
75 71
21 9
84 66
39 69
65 10
34 42
64 1
95 57
99 45
53 2
1 46
45 55
67 16
32 79
83 84
33 23
58 88
67 28
51 12
27 39
83 61
37 98
22 55
39 36
83 43
37 1
18 62
79 70
20 25
17 16
87 22
57 46
20 2
74 93
99 21
62 21
62 65
41 62
21 41
51 3
89 9
61 92
89 83
90 39
6 34
44 55
83 2
77 37
6 67
54 47
69 45
18 67
27 45
95 14
83 83
84 62
98 46
78 23
6 72
79 0
89 70
74 15
91 39
67 95
17 69
31 69
27 68
30 52
68 92
64 6
58 94
45 6
49 4
7 92
10 70
92 78
24 31
61 80
84 55
68 53
60 52
39 29
46 43
89 71
58 46
5 68
80 75
54 40
24 72
94 92
65 58
31 19
81 57
41 92
4 15
31 20
37 30
20 93
35 23
86 31
39 43
54 51
13 50
6 76
71 29
81 30
46 17
66 1
94 48
62 73
51 57
67 63
64 0
67 80
77 8
66 89
25 34
51 32
44 27
76 26
71 37
11 93
77 70
60 65
21 18
87 7
95 27
33 57
86 66
63 33
83 81
95 25
90 74
5 96
84 35
2 13
86 25
74 27
9 12
82 42
51 63
62 78
0 65
54 15
47 65
25 29
75 25
48 34
51 28
9 23
20 0
51 68
40 96
5 16
27 9
11 53
43 52
92 27
78 66
62 80
81 89
26 37
57 19
55 80
75 68
60 62
35 64
0 83
61 17
67 66
75 50
8 8
3 85
11 63
74 79
69 44
55 58
98 68
40 17
61 53
76 30
96 59
87 44
3 6
84 18
60 87
5 46
79 19
78 78
58 27
51 97
71 85
9 81
98 76
57 55
95 79
29 39
78 85
2 67
74 54
39 25
36 52
53 36
3 53
5 63
51 54
47 13
44 11
75 76
82 95
62 55
94 64
3 64
78 70
38 82
69 88
11 72
54 38
99 43
41 86
81 73
14 84
18 68
85 59
3 37
93 4
7 49
29 38
63 86
86 70
85 47
88 10
23 60
33 47
19 66
95 58
81 42
89 0
72 99
82 46
8 25
72 35
15 40
37 25
96 82
24 4
87 55
76 90
25 78
17 4
80 97
7 10
21 29
27 99
35 9
92 96
35 55
84 32
35 8
8 61
76 60
62 25
4 39
91 93
53 57
94 83
86 7
0 47
55 1
2 0
72 31
22 26
87 16
68 65
74 69
39 4
54 27
74 18
20 42
66 77
73 19
46 90
27 24
83 17
67 3
64 77
70 88
16 65
29 96
8 7
90 28
22 10
62 39
36 33
89 28
97 25
12 78
15 25
86 72
40 11
41 80
53 85
4 1
10 13
5 9
33 41
15 50
54 20
84 93
99 25
52 22
0 87
52 97
60 59
11 81
19 7
95 96
82 3
61 78
25 13
70 82
51 59
94 71
89 4
52 86
84 27
53 0
86 52
59 92
77 82
48 12
16 26
68 30
31 9
6 62
17 59
15 89
93 3
28 5
61 76
43 11
71 35
22 11
87 34
36 13
65 4
14 40
14 87
97 85
65 9
62 1
11 39
85 12
36 63
2 89
23 10
74 86
6 3
89 99
0 25
80 60
80 24
71 3
41 35
35 90
20 90
98 3
39 88
61 26
82 91
3 97
55 35
42 28
85 72
64 91
93 23
92 10
63 23
46 53
87 91
8 45
36 76
53 98
91 0
91 56
63 75
11 28
94 28
63 2
89 27
37 63
10 31
40 64
98 28
84 28
42 25
72 30
40 93
25 76
57 27
1 42
67 4
86 30
55 16
81 24
16 13
94 51
63 58
72 95
4 32
8 32
0 8
40 13
15 80
29 59
15 30
22 87
44 70
7 78
48 63
5 14
3 52
79 78
31 99
69 67
13 74
91 36
2 96
68 3
42 18
86 69
56 78
21 28
84 61
65 43
83 56
53 41
36 83
23 97
23 9
27 87
37 13
44 95
95 83
76 40
97 70
95 20
60 7
77 74
6 92
94 99
80 54
61 87
66 67
58 53
77 50
83 94
77 7
14 2
87 94
80 25
68 73
17 40
99 88
36 9
53 75
13 59
35 39
21 31
77 39
89 39
70 34
87 53
77 81
56 97
83 14
51 91
83 53
37 60
56 10
47 72
10 45
96 57
59 5
24 32
28 99
46 25
65 93
8 33
41 46
17 61
48 32
18 85
43 81
23 68
16 51
48 3
87 5
33 50
38 69
79 75
43 12
69 86
67 27
51 20
63 17
95 41
3 82
76 54
1 0
85 64
67 42
47 61
24 47
62 24
95 80
28 52
35 50
33 80
41 99
86 27
37 73
92 89
7 16
87 15
25 66
64 31
16 5
81 67
83 46
1 56
78 77
43 1
96 30
10 85
43 43
5 51
65 30
15 52
45 16
56 94
29 86
65 57
96 48
36 64
32 40
77 15
98 20
29 4
60 80
25 7
62 8
33 97
90 21
64 29
13 69
82 66
48 82
28 10
7 61
21 96
94 98
19 11
25 39
78 47
28 48
88 42
50 59
18 95
16 4
79 52
80 29
36 17
59 17
34 20
91 67
16 46
25 99
31 48
66 90
67 19
75 60
60 74
6 6
61 16
94 78
23 15
26 8
93 91
34 36
65 96
51 23
73 78
54 65
1 15
73 47
87 23
90 6
37 28
17 79
3 95
59 79
58 74
24 64
73 71
15 59
11 24
90 25
68 33
42 43
20 26
43 6
92 99
93 86
77 52
54 9
2 5
63 0
93 8
56 7
63 3
27 4
21 70
49 23
26 56
7 5
36 86
26 44
11 92
92 84
91 19
84 98
55 73
25 73
96 18
93 55
72 37
27 97
91 62
9 47
66 95
0 93
42 77
45 2
81 72
64 86
53 55
47 9
3 99
72 65
5 3
8 89
64 3
57 71
74 43
10 23
49 21
42 27
51 80
20 54
25 98
83 72
55 82
78 31
19 29
67 5
60 54
25 60
0 69
45 39
15 81
86 98
42 94
95 0
78 86
23 83
35 24
37 37
28 67
26 85
56 92
79 6
20 14
67 34
24 44
50 28
83 88
97 45
89 17
49 29
75 21
13 27
59 87
72 88
70 45
17 6
92 90
37 3
38 92
90 3
2 30
4 10
5 45
42 99
33 36
32 57
59 74
25 26
62 49
45 4
8 19
55 12
22 97
89 20
34 97
47 26
14 3
33 75
33 54
51 89
45 33
97 17
14 93
61 14
3 11
73 31
92 63
25 40
53 64
2 20
23 1
36 61
20 45
15 57
87 29
99 39
1 63
93 71
77 54
22 31
90 22
96 81
14 24
23 12
98 55
7 54
17 5
34 25
49 87
29 54
23 19
56 31
47 92
66 82
50 67
98 38
88 28
86 4
67 60
59 1
85 22
9 22
6 79
87 56
53 93
85 7
85 33
70 10
49 12
21 74
9 19
83 51
43 58
84 53
1 91
34 78
89 55
17 13
88 76
93 96
61 61
80 79
44 5
98 80
0 42
20 68
65 76
81 7
84 11
39 89
23 98
81 52
4 16
60 25
71 89
27 29
48 15
20 28
82 5
39 72
64 36
88 95
33 70
35 30
62 61
26 15
91 63
46 9
80 50
21 52
83 23
19 80
30 68
23 51
48 75
39 12
62 67
14 1
42 76
57 5
63 68
84 45
49 69
92 8
95 39
18 59
52 28
21 64
19 9
73 16
68 80
28 79
33 16
83 78
86 94
23 66
85 37
28 92
1 35
30 16
50 88
10 34
38 43
30 83
99 35
61 33
72 81
7 44
85 99
56 54
18 18
34 41
4 17
1 28
62 62
42 2
79 12
69 65
40 59
81 75
34 22
79 44
35 88
39 45
78 53
67 86
66 9
38 45
28 45
86 63
27 75
70 70
51 81
69 47
46 8
77 96
83 75
26 19
19 28
25 8
56 30
99 24
7 22
5 12
71 87
58 18
7 46
27 20
56 43
35 44
8 27
37 10
72 9
7 89
49 59
54 91
44 62
23 26
63 53
31 22
75 46
96 84
49 26
67 17
52 78
84 73
16 97
29 84
36 94
64 16
58 91
12 30
54 72
26 54
60 17
60 85
34 44
95 62
88 91
95 70
74 73
77 48
95 50
92 42
67 9
95 78
53 9
55 97
60 93
92 15
46 41
76 91
94 87
68 41
19 38
12 22
44 78
49 6
93 93
87 10
32 42
75 15
3 35
3 2
61 73
87 86
72 26
32 30
85 0
71 39
30 90
16 45
53 66
12 62
29 1
71 64
59 12
11 48
95 9
4 79
34 0
73 0
43 98
87 47
46 21
78 37
58 51
59 25
57 14
71 99
49 74
10 84
7 52
16 9
4 33
26 52
0 43
50 72
66 99
46 91
1 96
58 40
68 47
50 86
80 70
99 84
15 44
56 83
83 68
13 6
74 70
66 93
50 9
68 59
98 73
19 63
17 37
22 63
17 73
51 72
41 66
52 48
79 84
10 28
70 31
79 17
20 41
74 35
10 1
19 14
51 15
82 61
64 71
2 77
24 97
21 47
92 0
8 64
63 44
72 40
41 83
83 67
96 17
72 77
0 78
82 31
11 49
27 80
32 50
99 20
46 42
91 10
88 90
91 37
73 21
47 66
60 30
44 71
82 30
25 52
84 10
40 50
86 34
69 41
77 98
6 42
10 44
52 94
67 38
51 22
97 21
63 34
70 59
33 77
32 39
86 87
72 96
43 2
3 83
45 1
17 25
29 25
72 78
81 77
10 52
50 60
30 89
28 85
86 76
37 7
56 82
64 59
66 53
5 58
29 35
26 84
95 16
21 11
73 3
50 97
75 4
84 12
34 46
42 63
92 97
48 48
28 26
44 68
24 83
60 91
8 86
79 73
91 29
13 17
65 72
74 97
20 95
34 62
17 50
0 82
40 86
73 11
38 84
86 5
75 53
27 31
90 59
31 96
21 15
11 44
24 46
84 76
36 73
92 35
68 8
78 74
42 71
63 57
36 48
68 94
98 17
76 63
73 8
47 48
92 29
91 54
33 95
43 91
91 43
6 69
49 88
53 5
54 95
92 93
52 3
78 22
89 85
73 17
53 52
50 81
87 95
59 38
83 57
55 22
60 94
76 16
25 51
94 66
60 27
17 31
38 56
86 53
50 37
41 85
62 79
20 59
32 31
64 94
16 38
19 70
92 40
3 61
64 81
1 93
58 92
99 57
38 41
93 92
55 10
31 68
88 57
33 31
39 68
11 82
41 43
9 39
44 24
30 47
25 92
32 66
38 94
78 55
67 47
99 60
98 48
37 42
90 69
66 37
81 66
72 52
95 29
49 8
66 13
86 6
30 84
91 81
65 74
32 58
70 63
57 35
99 80
76 96
97 63
11 33
17 41
60 16
57 53
14 62
59 31
1 26
1 19
35 60
90 44
33 73
78 35
52 43
92 5
69 48
59 26
80 2
69 40
24 80
16 40
2 19
77 6
63 97
66 76
63 90
96 63
23 74
18 33
0 55
3 39
15 29
78 45
81 4
76 84
10 77
31 74
5 86
70 23
27 6
0 50
35 34
34 3
66 33
54 87
58 63
47 85
54 44
61 19
65 38
9 72
28 23
80 62
33 96
92 66
54 33
17 12
49 2
98 37
5 19
9 93
95 64
74 61
56 36
5 22
44 12
70 57
41 40
83 73
67 44
18 25
23 75
42 47
48 64
33 17
31 98
6 5
30 61
3 77
68 20
16 55
7 38
15 60
84 6
9 0
97 87
26 25
46 77
78 67
64 45
46 18
31 50
94 7
81 8
13 42
31 46
54 36
20 82
30 45
93 77
71 57
11 52
98 83
25 81
37 57
27 1
98 51
91 17
38 77
65 55
18 43
58 73
89 12
40 44
0 6
38 91
20 88
31 47
62 32
24 77
38 36
69 5
12 94
23 44
24 84
94 59
41 76
90 92
49 34
20 7
41 87
76 85
95 82
83 91
11 8
60 99
2 33
74 78
88 84
45 32
74 42
22 57
43 83
34 76
70 66
46 71
46 40
76 95
48 28
96 62
27 41
32 61
49 67
46 29
3 79
26 6
64 8
10 35
69 49
36 88
11 69
71 20
73 5
77 26
65 68
96 51
11 84
39 17
28 28
77 51
91 90
59 78
17 39
95 53
46 22
53 81
90 8
10 25
65 11
42 17
39 22
8 9
44 58
19 99
63 82
43 13
23 0
50 38
9 24
97 50
76 94
20 36
97 88
64 48
86 23
91 12
28 3
8 72
1 89
95 40
59 40
37 67
35 28
68 24
79 14
37 56
76 71
44 61
6 48
13 93
73 70
20 70
69 31
3 71
44 67
8 0
14 88
49 92
22 8
14 9
66 8
54 57
47 70
26 4
71 43
74 1
24 5
73 40
51 96
84 50
21 17
98 42
56 48
4 28
0 58
19 96
94 32
45 14
66 17
83 3
59 35
66 63
51 94
31 43
90 81
23 54
74 55
30 81
96 67
64 14
55 87
55 88
32 75
16 75
8 3
59 45
28 29
26 20
1 72
1 57
99 3
66 81
65 73
51 25
97 0
30 92
58 2
15 49
15 75
79 23
48 80
9 13
10 53
78 48
48 95
61 93
43 21
3 29
56 91
65 75
9 25
7 98
26 61
51 56
47 30
87 96
67 6
14 38
9 55
70 62
51 88
24 86
73 6
15 99
59 23
73 88
64 58
4 53
28 40
47 89
78 1
59 6
35 62
9 67
80 40
15 8
76 9
23 70
83 8
45 95
76 10
18 49
69 33
95 2
14 20
88 73
45 19
51 55
37 9
2 42
73 37
65 82
82 87
13 95
81 93
65 56
30 14
90 75
27 73
40 4
74 36
3 98
79 94
54 3
27 8
33 12
12 93
74 99
93 78
98 91
37 51
16 54
91 35
60 3
27 84
73 54
1 73
33 15
23 79
66 38
56 21
60 15
87 3
7 11
63 10
73 13
72 76
77 9
4 73
81 76
5 4
97 61
53 27
59 4
24 50
95 88
98 18
46 12
55 27
96 3
92 77
86 67
15 9
71 36
20 30
96 89
15 58
8 74
58 8
14 99
59 88
11 74
92 16
10 76
23 69
9 58
76 89
83 19
13 7
83 60
35 0
59 90
58 21
25 97
56 6
51 47
26 75
22 29
87 0
57 81
38 37
47 31
57 50
10 58
54 1
6 33
25 12
64 4
61 44
88 83
33 81
97 93
15 72
37 23
55 48
34 7
29 56
95 24
42 57
51 76
42 39
61 43
73 10
33 43
6 53
68 71
67 77
39 40
16 61
3 74
34 99
24 6
3 18
88 27
18 31
50 91
77 56
43 49
1 12
13 76
80 99
30 43
51 62
55 37
7 13
88 26
79 71
10 7
48 35
50 31
77 86
20 94
19 15
12 27
89 72
75 94
90 13
6 77
67 55
95 21
0 67
73 55
7 60
82 34
85 49
97 34
70 11
72 68
27 52
45 67
60 0
88 36
74 8
77 27
41 73
53 68
24 85
97 82
20 21
94 45
32 95
42 34
29 32
39 56
88 60
61 82
80 52
99 76
4 11
2 25
70 15
15 85
82 54
77 88
32 4
89 38
37 99
30 23
10 88
63 21
87 31
40 31
35 48
9 10
22 27
60 56
35 15
18 55
65 85
38 85
6 50
57 21
0 14
53 50
50 51
12 35
98 58
79 74
89 15
12 83
97 51
52 12
57 94
36 92
34 24
8 50
52 6
76 33
0 24
28 15
0 98
45 0
6 46
38 20
96 9
42 44
70 83
43 33
19 95
0 12
93 32
70 42
99 16
50 36
77 30
88 49
96 41
2 35
78 96
64 30
37 35
65 61
60 55
77 47
45 5
97 73
37 70
56 56
63 42
30 25
36 55
36 34
66 25
85 71
63 99
73 65
73 93
13 85
72 94
52 53
11 4
54 94
23 59
97 6
5 79
60 92
28 68
23 91
40 1
75 65
35 83
8 56
73 26
25 27
12 64
19 57
5 95
94 31
62 95
2 40
74 92
34 16
3 34
71 46
0 1
27 58
7 2
9 2
25 15
3 70
82 90
79 24
74 10
87 39
18 8
86 15
74 23
59 43
63 6
28 62
45 91
87 60
85 38
84 23
53 87
38 39
90 64
80 51
74 38
80 49
21 83
31 15
34 88
66 12
0 20
89 46
57 41
9 48
75 26
92 44
2 78
12 65
43 88
85 4
49 30
70 6
14 67
35 68
71 94
36 28
75 35
2 39
0 13
94 72
79 99
17 53
40 30
68 21
69 68
6 68
91 55
1 97
66 14
46 78
56 8
22 42
89 90
71 10
68 82
70 49
21 30
59 32
45 94
18 65
14 26
13 1
29 64
30 11
89 35
88 15
32 24
86 39
72 83
81 2
75 3
94 0
58 98
31 1
74 53
61 98
81 91
39 16
9 18
11 20
36 38
62 98
49 65
51 4
13 87
29 75
92 54
38 88
16 83
24 68
21 71
3 58
2 66
54 25
12 42
96 31
39 41
24 59
43 80
3 42
34 8
80 35
24 36
96 75
67 12
56 93
41 97
65 0
97 95
42 80
18 88
40 45
74 65
4 84
55 75
56 62
37 31
47 71
22 77
7 72
89 13
30 79
12 86
60 95
12 50
81 74
22 49
48 58
43 46
36 62
93 28
30 73
4 54
57 93
39 3
72 17
69 57
18 15
6 89
96 7
36 74
27 95
12 53
72 80
5 99
91 33
78 61
16 53
41 51
42 32
89 1
4 42
20 46
17 52
25 45
41 30
84 96
32 38
54 81
76 50
15 23
97 81
84 63
70 64
95 48
41 77
26 49
84 20
53 89
92 98
76 49
59 8
89 64
92 12
94 94
41 23
36 32
3 1
61 55
78 4
90 85
77 63
17 28
1 82
50 95
46 73
6 16
34 47
33 71
35 4
0 48
63 52
90 12
44 57
17 80
7 57
65 40
68 70
66 74
0 18
37 97
67 87
8 75
80 44
60 71
75 28
74 21
29 36
90 46
48 98
57 77
13 64
38 75
76 62
17 88
81 17
5 56
85 77
84 33
26 69
49 85
98 40
45 92
80 59
98 29
70 3
16 7
57 26
38 40
12 75
2 70
59 89
73 56
29 16
14 7
79 16
85 51
11 78
96 34
58 25
56 60
45 65
7 30
71 95
12 59
9 73
23 93
82 26
47 40
79 72
84 70
40 47
76 34
89 98
62 93
51 30
85 3
81 46
78 83
70 55
28 65
85 8
28 55
1 31
89 7
83 35
50 77
64 13
80 20
73 61
49 66
34 4
30 51
96 35
18 30
85 79
15 22
88 46
79 47
93 10
52 42
