100 3
34 47
16 97
25 34
36 60
33 14
79 87
11 95
69 25
40 73
81 22
81 1
29 12
44 3
43 98
63 9
80 50
6 0
76 27
35 88
55 30
34 37
74 48
60 74
88 53
39 51
93 35
32 91
46 95
66 57
71 66
73 38
43 60
22 88
13 90
47 64
10 89
86 81
8 19
6 77
64 55
88 48
40 85
28 46
34 35
37 17
37 40
94 40
4 45
80 83
0 50
19 62
1 83
16 38
0 29
37 25
60 49
23 26
87 76
2 12
12 5
55 18
42 45
15 53
93 78
36 98
27 89
53 21
29 97
75 14
16 29
32 29
51 82
97 44
4 51
79 13
44 70
22 24
16 53
59 89
54 31
71 6
49 89
87 87
41 75
49 20
34 6
83 44
88 99
23 64
58 51
79 4
39 78
23 83
50 62
76 55
83 40
55 9
91 51
99 39
31 96
64 13
66 16
7 96
4 46
80 1
60 13
8 20
70 7
42 98
44 9
75 36
36 3
11 99
23 60
3 45
1 88
68 11
13 24
36 81
29 83
57 63
82 27
17 65
30 27
80 31
85 9
64 40
48 94
97 95
65 75
30 0
22 68
7 19
17 76
69 28
30 94
0 93
78 56
9 29
80 84
26 95
46 27
52 61
85 42
29 84
25 54
65 56
68 77
37 28
74 81
33 13
21 17
36 58
21 48
86 45
53 45
95 64
34 58
99 91
85 41
70 19
55 26
44 31
4 13
57 65
98 54
6 1
11 59
7 26
1 10
32 65
36 28
2 15
9 39
66 17
84 96
91 94
86 22
20 62
45 1
92 80
82 51
48 69
64 35
87 86
14 25
79 15
6 8
58 63
45 23
14 50
97 8
9 8
18 21
49 61
69 96
15 36
69 93
75 85
55 31
62 36
75 76
84 57
17 85
79 12
84 15
27 27
35 64
66 26
77 80
52 12
63 62
1 39
20 69
94 75
42 58
71 67
42 85
26 5
15 54
0 17
45 64
98 87
5 50
91 59
4 32
66 94
31 0
97 53
12 94
68 3
16 20
77 58
79 58
27 39
57 67
34 39
32 46
68 98
60 69
46 46
85 75
21 77
13 52
79 78
76 22
77 49
27 1
30 83
31 41
18 29
24 1
97 33
67 38
31 88
74 18
33 51
58 89
79 43
47 93
28 18
84 67
87 49
43 38
32 4
71 94
3 73
13 63
70 63
27 74
61 71
46 41
33 39
80 42
17 73
98 50
22 85
8 62
81 24
22 69
89 92
71 10
45 14
70 2
38 27
8 53
14 31
83 27
11 28
93 2
65 88
58 50
72 96
88 67
68 62
79 47
18 64
31 45
71 63
95 57
73 57
11 60
55 20
53 43
68 23
47 34
75 90
94 43
77 67
92 36
91 52
77 48
68 32
47 99
51 74
38 16
60 37
16 43
36 49
14 68
48 92
94 64
3 54
97 12
16 35
80 16
53 90
32 92
11 39
56 52
91 92
94 21
54 8
10 45
90 98
70 80
74 90
73 78
43 37
57 37
42 1
15 2
89 42
42 9
14 96
52 78
91 80
6 2
5 58
74 36
33 93
2 46
43 57
18 51
59 47
95 60
37 19
38 57
41 73
17 41
16 7
27 65
38 86
4 4
85 15
66 83
92 22
0 27
3 41
27 48
86 84
98 2
93 86
19 37
81 59
58 20
15 18
42 12
98 67
62 58
68 10
15 22
47 31
61 14
54 85
85 97
55 47
59 67
64 97
57 32
26 42
94 2
94 51
95 29
61 44
50 95
25 78
69 5
26 8
95 22
69 52
81 72
10 39
18 95
50 84
31 97
98 95
15 15
80 11
55 33
90 49
61 82
73 97
38 46
61 61
98 83
35 74
55 52
0 58
10 61
40 36
69 42
47 62
58 38
60 17
13 76
71 32
76 43
97 46
36 10
91 7
43 47
29 66
19 5
84 45
88 75
60 29
83 19
24 84
34 77
63 57
84 72
43 89
16 93
62 9
91 40
48 70
32 30
52 7
69 36
6 74
15 94
44 99
52 77
1 46
86 75
25 23
83 11
47 68
19 26
92 71
72 44
29 21
80 14
50 21
66 97
5 1
58 64
53 23
79 0
2 86
51 11
60 34
57 59
21 92
2 93
8 11
38 50
79 77
8 16
92 4
8 10
46 11
24 91
43 93
45 90
74 34
73 95
85 46
21 69
87 1
51 34
51 84
91 98
62 45
46 86
59 83
41 43
12 80
8 87
94 80
37 21
15 99
82 56
10 24
73 54
30 68
39 74
74 19
55 56
76 86
40 49
50 70
17 66
77 82
92 61
57 45
19 58
13 89
23 3
67 78
74 77
20 8
96 9
1 32
68 65
14 15
32 31
45 6
34 78
33 42
41 21
77 11
13 78
84 48
47 63
32 34
18 54
3 23
83 2
27 57
27 20
62 94
86 21
19 40
6 14
45 45
26 16
65 81
10 10
13 14
84 92
0 86
30 36
42 4
88 50
68 53
61 13
48 44
85 36
92 9
56 85
75 27
47 48
54 50
85 0
12 60
64 21
28 41
71 43
59 79
76 85
48 2
78 19
95 74
18 12
63 80
69 55
37 99
39 10
81 58
91 20
32 75
18 8
93 93
5 28
98 29
56 75
41 65
92 43
66 28
75 8
51 50
89 8
94 73
21 4
68 76
15 11
13 55
75 69
3 87
4 0
26 37
76 97
11 38
6 33
24 9
99 38
26 48
95 36
28 2
90 15
35 86
62 10
32 51
51 37
94 62
27 44
97 83
30 71
57 50
0 26
52 67
48 74
10 67
41 31
40 69
88 51
68 96
42 51
11 36
82 1
10 72
38 95
35 65
45 49
42 30
95 99
49 30
17 24
63 74
44 63
70 5
12 87
4 56
90 83
30 90
75 10
70 84
87 58
83 43
1 96
31 93
13 31
89 34
34 2
39 81
43 66
32 24
9 36
83 41
65 97
67 30
17 37
15 1
16 61
63 59
65 50
43 4
54 55
51 94
99 12
76 81
13 49
0 81
71 55
70 92
27 6
85 71
38 98
0 21
61 11
51 47
33 1
86 73
95 94
51 75
97 10
35 10
27 58
23 16
65 84
67 72
15 75
53 59
6 81
54 71
64 91
23 24
73 30
52 92
21 72
41 79
86 50
29 89
24 51
22 73
58 12
64 65
13 53
33 18
40 29
71 22
95 97
43 3
7 7
40 24
73 50
21 71
66 21
99 37
2 56
16 79
21 60
53 48
98 65
77 47
79 46
16 10
21 86
77 43
18 28
1 80
99 14
24 81
94 41
97 77
55 25
36 86
65 52
18 75
52 29
25 15
43 99
74 89
51 95
35 67
76 13
92 85
40 45
75 18
74 70
57 33
25 82
28 11
78 6
57 19
79 39
27 67
91 4
69 73
98 56
14 23
30 23
12 35
11 4
17 55
44 46
46 26
77 36
85 28
53 82
67 95
68 5
68 14
20 1
58 19
7 79
78 94
4 19
52 15
77 56
52 37
73 1
29 92
15 58
32 57
28 94
70 47
37 34
72 16
99 67
57 40
63 79
36 57
83 4
81 17
71 25
67 73
76 36
74 85
61 92
52 97
75 84
20 22
2 59
22 5
94 79
86 34
21 16
75 6
40 40
79 96
7 45
41 94
28 44
95 45
13 71
91 22
98 18
18 35
24 6
13 59
18 48
20 49
79 84
78 68
19 51
51 56
91 63
13 17
92 74
8 96
68 60
71 13
40 90
44 16
28 99
43 94
84 58
29 48
61 70
70 21
20 30
0 40
89 39
4 33
87 4
96 48
93 97
37 5
31 14
70 69
41 55
72 71
65 92
31 94
62 84
10 96
57 30
22 10
62 95
1 12
99 44
16 83
70 97
60 6
59 84
62 50
36 32
44 60
81 96
51 65
63 69
41 52
45 97
85 47
30 10
7 33
46 6
74 12
6 43
45 89
35 70
70 56
68 26
33 80
96 36
34 81
82 17
18 84
9 38
97 63
91 28
72 34
88 92
24 79
27 56
6 58
54 34
98 72
68 48
67 6
68 78
37 68
81 15
81 36
43 30
90 67
44 74
35 2
11 13
94 10
24 87
27 85
99 96
0 43
53 15
18 10
39 98
87 39
62 79
25 9
3 82
14 26
97 23
68 7
41 60
27 0
5 93
54 63
84 16
99 65
31 86
9 56
48 90
99 34
76 67
26 2
36 88
50 93
27 33
72 23
51 66
3 3
86 26
83 24
88 55
94 47
81 51
75 7
0 69
42 40
69 40
61 99
46 18
31 24
28 33
94 9
9 26
97 68
24 15
96 70
37 55
15 32
98 4
15 61
45 36
7 23
38 2
94 92
99 83
78 14
98 24
41 30
27 45
39 94
56 17
93 37
8 5
22 59
82 28
88 22
88 21
59 73
68 47
82 90
43 53
18 53
83 17
57 70
4 85
73 84
79 57
98 36
35 68
98 12
24 8
89 50
33 57
80 56
87 20
92 56
87 67
52 40
1 73
19 54
42 62
5 86
7 93
22 81
1 54
54 93
79 67
51 38
57 83
90 30
77 88
10 97
32 67
73 49
25 90
23 0
25 1
42 48
60 25
36 5
82 29
23 43
75 93
59 42
89 74
19 70
10 12
76 30
20 36
26 71
21 7
27 66
32 47
6 15
41 27
49 96
77 30
85 61
99 72
2 47
64 45
68 16
5 18
3 62
90 47
60 43
73 12
69 83
43 11
48 68
70 12
44 79
21 52
64 9
46 81
65 13
80 78
83 78
23 72
54 44
79 29
69 1
75 4
96 18
21 47
14 78
39 53
43 10
92 75
77 87
47 15
49 74
44 28
83 70
87 32
80 73
75 21
4 31
69 86
75 11
49 43
50 34
64 89
31 48
57 12
80 47
20 14
18 19
6 54
58 37
27 30
16 30
11 17
84 9
96 87
73 5
55 95
10 21
76 38
73 19
92 93
10 85
93 22
18 27
81 56
22 63
48 0
56 67
78 8
61 28
91 73
99 35
35 6
49 80
58 44
38 99
21 1
37 91
52 32
53 46
48 77
10 94
66 88
72 57
13 62
59 51
18 3
28 54
19 20
89 63
4 36
26 83
61 78
76 88
98 21
48 13
64 25
65 15
85 17
62 54
63 88
93 30
56 58
23 84
56 27
98 55
95 27
79 38
85 23
51 4
62 30
29 10
42 25
91 11
85 73
5 72
95 23
58 26
31 1
4 86
72 0
82 12
96 66
21 2
22 91
70 98
16 42
26 54
9 81
47 21
84 84
44 97
22 26
64 73
98 70
7 62
47 9
80 59
91 9
94 96
30 56
27 61
22 1
42 0
79 6
2 60
46 38
11 27
49 71
33 60
92 67
22 25
55 85
11 48
83 94
85 84
31 56
42 15
80 77
0 9
74 25
25 51
10 15
39 39
97 60
63 86
28 4
36 89
25 2
91 19
9 50
57 73
45 63
3 28
92 13
26 46
97 16
13 98
15 8
46 72
72 49
51 96
43 95
96 34
51 80
30 37
85 12
86 69
12 90
98 6
51 72
26 59
45 37
19 2
69 54
83 15
36 70
11 96
97 49
53 34
46 62
64 56
11 63
49 81
66 36
81 42
88 7
23 20
79 92
95 33
94 88
70 74
7 16
85 79
51 97
97 71
28 82
78 75
40 70
87 38
85 62
58 54
93 69
72 27
5 36
23 89
86 70
86 30
41 96
95 44
80 82
2 94
66 45
52 23
17 46
61 72
25 7
98 51
1 11
89 44
24 70
44 37
58 98
50 35
30 24
46 37
58 45
57 23
78 28
27 24
4 88
2 40
13 45
78 5
57 77
77 86
50 97
75 98
21 94
85 87
65 91
23 81
76 78
2 41
16 28
53 20
98 86
63 38
42 2
78 98
82 24
29 17
47 35
24 61
21 32
50 88
55 46
25 74
67 29
34 91
9 42
82 97
48 64
16 41
97 9
65 37
16 81
47 52
11 51
0 5
73 46
92 33
15 55
14 89
88 66
66 29
24 20
7 24
76 63
23 11
32 80
38 5
79 64
4 1
44 41
41 88
1 59
73 15
57 7
11 41
20 6
31 81
2 97
54 69
50 6
43 48
49 62
98 16
71 86
48 67
65 87
3 37
96 94
51 12
60 85
7 21
49 92
93 0
46 76
90 70
35 39
4 65
75 19
32 74
68 72
83 88
70 49
22 66
22 46
45 83
77 41
27 40
55 14
52 72
98 96
54 40
37 90
30 47
47 60
2 66
77 72
91 71
76 58
80 65
59 2
80 95
93 59
14 8
92 53
91 60
17 95
86 3
6 56
40 83
90 82
63 46
2 44
19 27
11 88
92 51
47 70
76 62
37 73
55 36
34 50
88 25
26 60
92 29
97 73
0 52
44 88
65 74
91 57
59 16
6 18
13 80
82 52
72 12
29 54
7 83
1 0
62 40
77 3
8 84
90 72
56 32
80 39
73 96
99 58
0 88
12 91
86 46
17 60
24 68
66 51
44 34
91 8
80 94
17 57
33 52
72 77
52 6
15 92
67 18
99 40
34 53
36 24
95 59
17 11
90 40
45 62
4 3
37 67
36 71
10 88
96 39
88 87
49 83
58 58
85 40
5 6
99 21
97 98
94 53
39 2
42 88
60 57
13 65
23 99
78 70
12 69
41 15
84 37
71 99
68 9
93 67
5 89
86 14
24 98
65 28
63 89
63 33
54 1
26 26
24 89
3 22
89 2
20 10
61 6
82 98
36 61
12 7
34 23
93 18
1 29
98 98
31 76
19 83
91 91
51 45
38 85
34 80
49 91
12 74
9 5
19 91
5 19
97 18
23 61
9 96
42 24
17 19
78 69
54 90
16 22
46 67
90 69
28 89
71 23
53 86
7 50
29 20
5 81
60 31
61 96
74 7
68 92
39 96
8 71
72 21
22 60
83 67
13 94
20 7
92 79
67 45
20 19
86 12
81 52
31 36
54 39
30 58
30 18
2 49
85 3
7 95
30 52
61 19
44 72
92 60
74 53
50 47
5 70
37 27
55 66
1 21
71 20
43 79
6 65
15 51
54 59
28 78
43 0
21 80
5 90
50 42
2 3
36 63
82 85
85 22
48 32
12 81
63 68
37 36
84 40
79 54
8 83
56 77
89 67
61 97
44 93
7 64
15 74
10 58
32 25
20 12
14 22
27 41
30 96
3 2
41 50
49 93
43 1
52 84
53 97
57 85
45 16
90 95
28 81
92 54
54 25
3 43
50 71
13 13
67 33
25 58
2 33
29 91
9 30
67 20
90 85
96 3
0 48
55 72
75 53
5 16
87 50
97 72
37 77
25 5
21 58
64 12
48 11
64 6
62 41
81 89
22 27
81 63
41 51
98 39
72 1
98 48
53 30
85 16
96 37
63 51
81 46
40 92
81 14
63 67
47 43
51 93
47 19
3 85
1 25
43 64
65 32
80 80
41 18
93 49
4 27
98 42
86 35
53 10
18 1
79 7
1 18
26 92
65 34
69 94
86 85
49 19
23 42
78 87
84 20
15 81
6 86
37 42
32 90
0 61
82 0
39 24
5 38
28 3
55 91
96 58
18 38
14 94
72 38
88 83
39 87
60 26
9 63
53 1
2 43
9 86
34 62
8 27
46 90
3 52
54 72
90 92
48 97
16 99
41 5
40 94
89 30
87 90
31 64
68 43
16 2
22 58
83 20
55 70
98 33
19 59
81 85
26 9
69 88
52 80
98 10
46 69
84 35
89 49
59 64
71 8
95 88
19 99
31 49
10 13
86 8
99 94
39 64
53 25
9 83
79 36
42 83
41 97
95 96
78 39
28 16
87 30
11 31
9 57
97 76
54 83
8 66
21 91
39 23
77 4
53 17
94 54
37 43
39 44
56 65
17 96
13 81
26 87
83 33
32 54
76 51
57 13
72 28
1 15
60 8
63 5
84 30
88 52
63 95
64 98
16 77
27 51
95 32
6 25
71 45
59 92
13 86
46 5
34 66
92 44
57 3
71 58
51 86
62 27
73 43
88 74
91 76
17 17
36 84
47 90
47 69
33 4
0 64
89 96
78 93
65 71
0 85
8 34
38 71
33 15
69 18
68 97
92 66
93 36
86 31
25 22
91 43
80 41
94 99
39 8
39 43
26 97
16 23
17 38
19 82
48 71
91 25
43 6
26 44
7 68
93 79
13 75
92 40
27 28
72 64
27 87
42 89
31 84
4 83
37 12
52 46
34 57
80 67
80 93
20 57
43 88
65 76
24 49
19 80
4 90
0 98
8 54
26 61
85 94
30 88
58 7
56 72
43 29
67 42
29 72
34 60
18 85
75 61
9 92
7 22
25 27
24 58
26 12
57 51
16 0
70 62
19 41
37 30
26 20
6 45
43 21
26 98
56 6
43 90
26 75
95 10
49 4
59 49
79 8
92 18
4 23
80 63
51 46
61 79
64 51
88 1
39 86
62 4
27 23
95 53
19 96
63 12
25 50
41 99
10 32
91 0
23 15
82 8
22 20
51 81
53 39
38 31
22 43
25 88
44 96
96 79
48 63
91 16
26 47
86 54
48 95
17 61
56 15
13 34
51 24
5 20
63 47
82 26
50 69
29 49
2 17
65 51
99 93
67 99
78 32
92 89
25 66
55 17
60 68
42 20
98 90
46 28
50 43
56 98
85 52
17 12
44 8
2 90
56 26
92 70
82 91
44 73
87 75
42 50
51 61
19 25
16 69
89 80
78 27
98 37
2 1
63 60
54 99
52 27
7 1
85 67
25 59
43 20
27 76
19 88
75 83
40 61
70 81
0 53
62 77
61 8
60 38
68 73
60 4
53 99
96 59
71 61
45 35
49 23
35 40
10 47
55 63
70 54
83 29
5 60
20 29
17 31
57 91
62 89
76 72
4 72
20 64
12 73
66 74
48 82
78 4
42 18
24 52
35 69
87 48
82 99
10 25
53 31
96 88
45 26
55 67
44 27
73 13
34 3
96 24
93 39
76 2
68 20
73 71
69 13
45 74
32 40
7 32
42 71
29 98
77 32
41 84
8 12
82 23
45 11
88 32
21 22
72 90
1 75
35 19
92 8
54 12
73 31
89 51
49 37
49 56
74 82
8 38
46 92
29 94
54 62
67 15
5 51
25 13
35 44
4 5
44 22
60 96
18 44
12 82
60 20
17 6
2 20
24 97
94 81
85 85
76 15
42 5
12 8
21 29
26 3
22 36
45 10
70 78
72 7
36 15
11 2
69 21
43 17
49 82
13 85
25 45
45 94
6 79
41 90
75 28
33 44
91 84
15 71
42 46
56 35
18 92
96 61
61 80
13 42
33 65
82 49
85 80
15 17
89 38
38 96
54 77
91 74
7 10
70 64
68 0
54 76
42 28
99 7
58 53
66 73
29 39
19 22
12 89
72 66
78 16
18 91
90 90
65 63
80 34
4 73
17 26
66 69
96 53
51 32
50 59
82 10
99 78
57 52
39 9
73 89
76 82
3 46
83 30
64 46
19 44
34 22
15 12
18 18
54 96
39 20
89 72
28 0
73 17
28 9
45 47
36 43
54 54
57 17
8 86
21 97
14 18
66 38
73 60
19 34
34 56
85 43
36 77
0 45
21 27
78 9
93 40
90 23
22 48
68 27
17 45
34 28
13 74
36 37
93 50
91 33
85 29
13 66
41 37
84 7
61 89
10 60
21 79
12 44
37 58
3 16
21 64
48 56
50 54
38 53
42 59
41 82
9 77
73 70
65 36
78 49
79 16
79 27
87 10
85 95
48 35
78 13
25 30
67 36
44 92
75 71
26 43
32 38
88 82
10 55
12 54
29 63
59 24
28 60
92 97
32 55
49 26
14 83
98 88
99 59
68 35
55 35
16 76
67 54
41 4
3 61
38 76
62 6
44 85
36 95
17 99
96 5
56 69
65 49
31 29
41 61
73 0
23 17
47 75
97 47
77 13
93 16
63 23
64 52
52 22
39 42
30 86
88 88
19 53
88 23
31 61
44 38
31 3
36 2
29 52
39 34
23 29
9 35
37 11
6 75
84 49
94 1
82 31
39 73
73 79
44 80
45 86
96 57
39 58
12 97
45 60
1 31
67 50
66 90
93 9
15 82
65 16
97 62
18 68
50 89
80 89
74 73
44 69
61 23
4 95
92 63
36 75
26 22
89 79
33 95
76 60
8 99
38 87
40 7
67 35
4 25
48 4
70 16
17 18
32 35
76 24
39 15
20 31
9 40
74 46
32 60
99 0
67 28
87 19
88 26
46 33
50 55
59 27
0 35
27 60
10 22
39 27
50 56
94 68
51 5
70 22
0 68
95 63
82 9
62 18
87 9
8 51
47 28
15 19
61 58
74 99
79 62
32 59
60 81
13 83
6 55
95 11
24 54
36 99
72 56
55 16
10 46
90 14
71 69
28 8
40 79
50 38
54 87
87 44
46 65
68 44
58 8
69 16
88 28
1 27
27 95
37 72
93 81
80 3
40 93
66 22
48 6
69 51
95 76
86 55
39 6
0 91
24 73
22 12
47 80
2 70
25 29
0 37
80 19
53 89
57 90
5 54
67 93
54 57
1 61
32 11
82 30
96 6
78 57
58 3
23 87
64 71
66 75
53 42
39 95
24 31
21 9
49 22
6 41
56 24
50 27
97 69
45 70
96 13
20 85
26 23
39 47
1 79
35 36
55 94
69 47
95 80
81 79
52 89
31 80
74 16
21 67
95 86
94 56
33 20
66 55
11 89
23 77
58 71
45 43
89 91
41 68
54 75
82 78
5 41
19 3
63 53
65 98
11 78
26 78
23 95
13 1
80 22
55 71
99 62
93 80
8 6
83 49
73 74
69 91
88 29
10 76
57 22
16 13
49 11
29 38
93 55
75 38
60 21
68 80
70 6
33 43
14 90
27 72
35 22
8 42
94 26
29 78
11 74
22 99
17 84
14 33
20 88
93 77
65 41
1 82
75 74
68 37
46 79
26 69
57 6
91 97
4 70
90 61
27 99
59 74
42 29
71 2
52 28
53 53
20 92
16 16
30 73
74 42
83 25
18 33
23 62
76 54
53 57
17 22
40 34
58 6
4 99
36 6
3 94
58 88
53 14
41 45
23 22
43 15
34 82
94 38
88 63
18 58
54 84
4 67
51 22
81 76
14 98
9 51
47 11
28 77
68 28
91 85
65 14
9 44
26 4
96 78
53 83
99 66
64 82
58 21
37 0
15 50
18 15
94 89
28 66
26 84
21 45
56 48
80 58
98 0
74 76
30 1
73 35
5 61
57 1
87 59
2 22
60 27
51 51
1 60
35 57
12 92
64 39
58 28
37 69
16 50
36 76
50 17
5 85
86 96
85 8
9 47
94 94
53 88
24 71
82 41
93 92
90 58
16 70
57 29
19 15
19 21
90 74
2 55
1 86
34 68
41 77
69 80
93 87
87 97
95 85
28 47
72 84
32 56
50 79
2 10
4 21
0 42
94 28
81 31
19 76
13 93
71 51
47 1
61 32
87 99
38 58
25 19
13 50
35 32
83 16
60 76
27 54
86 79
98 93
99 51
71 92
35 61
94 27
29 27
70 30
32 19
33 8
10 0
95 1
67 96
75 66
67 89
98 23
78 37
26 7
10 44
62 73
72 29
93 96
84 77
53 7
15 68
63 3
58 36
74 37
66 59
47 84
16 85
87 94
33 97
41 11
70 94
15 79
49 40
99 27
98 99
79 28
14 85
77 6
85 10
16 37
22 11
49 3
73 27
53 24
30 50
37 49
26 45
14 43
3 59
22 93
12 25
92 41
96 73
45 99
69 70
16 26
17 82
63 84
51 26
14 74
92 38
23 33
53 2
68 42
13 29
77 99
27 71
79 40
50 16
24 14
11 8
23 36
77 39
53 70
64 92
60 2
29 2
91 88
92 12
74 14
13 30
13 20
7 85
26 96
59 96
83 1
65 23
75 42
32 13
21 33
54 80
96 49
23 32
13 96
19 4
45 5
3 60
57 64
3 31
62 83
1 81
36 67
49 44
6 5
9 7
94 20
8 17
32 82
66 63
52 68
53 64
21 59
16 33
19 68
46 31
77 9
80 70
36 11
16 65
49 25
10 30
41 83
43 65
40 38
91 65
26 68
64 57
30 25
60 62
40 19
1 24
34 63
20 86
18 66
58 70
77 92
67 40
25 12
69 48
4 53
5 84
22 94
30 97
29 77
12 96
78 77
69 27
76 61
46 58
58 15
3 9
57 28
71 82
82 84
9 28
20 16
38 56
10 31
73 73
2 8
60 73
84 17
94 23
12 45
16 5
14 16
71 38
9 68
97 43
38 41
66 70
37 18
46 14
18 97
39 63
61 84
9 17
58 91
98 14
66 61
69 34
84 91
94 45
27 53
92 98
48 58
62 1
77 95
42 3
55 64
96 50
56 28
33 32
19 84
90 33
35 13
60 66
49 41
68 83
85 5
40 72
61 22
16 78
82 34
83 45
26 27
12 83
40 44
22 6
23 48
71 4
34 55
79 56
72 8
88 46
25 41
76 39
97 48
11 3
90 12
90 93
28 29
53 74
65 60
66 12
85 81
63 25
6 42
39 4
56 60
58 32
80 51
16 12
0 73
30 16
3 80
73 26
32 70
30 13
84 50
29 7
20 81
47 38
38 25
50 46
45 34
90 26
5 95
89 16
3 29
39 29
85 57
88 61
25 97
97 75
90 34
86 5
62 29
69 63
0 33
96 41
72 65
53 79
10 69
13 44
27 52
77 1
86 60
82 15
52 41
54 46
27 77
7 0
42 82
61 63
86 90
16 47
97 7
41 81
8 13
32 39
64 31
4 82
75 2
15 85
62 88
30 81
64 61
97 4
20 60
72 37
27 22
42 86
67 34
10 16
51 1
83 98
78 80
26 10
80 86
4 20
55 54
46 52
33 77
31 13
50 75
55 87
37 37
23 82
79 33
46 85
50 23
23 90
39 91
5 11
89 58
48 89
31 95
15 29
56 11
97 70
78 99
72 30
33 91
64 41
1 7
66 87
56 9
82 44
28 31
52 57
24 44
28 61
55 21
59 20
58 25
81 5
90 60
91 62
98 52
58 66
24 56
87 25
89 48
24 93
5 92
83 76
55 86
40 15
24 16
41 10
0 97
51 62
48 1
9 37
10 77
66 91
86 64
46 57
45 71
16 1
46 97
96 7
2 24
9 60
21 10
52 36
13 64
91 79
31 79
90 37
2 58
21 37
11 67
8 33
12 61
63 29
43 14
18 49
56 14
43 84
54 10
17 80
62 52
44 84
89 57
21 15
74 59
49 75
77 2
65 69
98 40
96 15
31 71
18 57
87 23
65 3
60 92
47 20
85 64
51 29
88 72
65 55
34 67
74 47
79 18
79 17
53 32
63 26
52 43
60 12
6 98
16 54
78 36
60 30
64 18
10 35
92 47
7 71
26 72
7 52
27 18
52 9
71 84
53 60
95 39
39 82
96 1
50 25
81 13
73 55
76 16
3 63
91 37
66 80
68 69
72 53
89 5
3 97
45 41
67 79
83 13
31 25
5 27
80 48
1 43
30 5
2 52
48 5
53 26
0 71
2 95
48 36
15 93
80 40
54 68
9 59
77 84
74 66
70 9
19 30
42 74
99 71
86 67
59 62
36 56
31 92
67 19
5 48
41 42
84 23
92 16
60 22
75 23
41 12
43 67
84 90
95 13
90 88
33 70
39 22
27 34
17 5
47 57
4 16
84 25
33 9
65 70
77 65
12 76
83 53
97 42
75 3
77 90
10 64
44 19
47 17
11 21
41 14
56 91
94 30
80 17
56 70
1 23
10 71
39 84
28 68
64 70
0 99
6 13
37 62
54 86
23 9
35 90
50 51
89 83
68 74
8 45
85 30
45 19
56 57
12 34
62 59
5 0
68 82
27 3
6 69
95 78
97 21
73 56
29 5
92 27
72 47
90 10
44 89
1 94
54 38
13 27
20 59
45 52
92 26
85 26
82 53
90 9
53 69
80 85
90 87
0 32
19 89
57 34
5 47
13 37
7 84
46 55
31 30
46 42
61 98
61 95
67 4
78 30
72 20
49 67
91 1
63 96
81 90
11 52
88 70
85 74
43 46
38 7
4 69
98 92
90 31
62 49
76 69
84 62
77 15
11 12
96 67
63 66
34 26
45 56
73 72
67 55
44 36
5 79
61 35
52 2
74 45
22 79
2 48
0 89
62 90
98 74
23 19
2 27
70 68
56 1
55 29
30 41
56 94
16 67
88 91
75 33
63 48
14 54
32 5
58 73
49 8
26 81
97 82
55 23
75 99
46 9
14 53
44 14
57 62
75 30
58 43
35 93
49 70
8 18
56 18
93 25
13 43
61 54
50 9
5 30
44 62
21 51
35 29
32 0
29 51
68 81
75 0
35 49
38 35
11 11
26 70
83 71
33 61
57 53
61 43
67 62
92 28
69 32
3 95
23 75
18 0
3 24
85 68
11 26
38 89
38 21
79 30
21 39
29 56
49 45
88 85
84 55
71 19
47 55
67 1
48 73
61 12
62 97
2 26
87 79
89 65
87 88
37 7
90 6
51 2
9 16
45 17
5 22
28 26
23 68
55 75
63 30
37 3
0 25
35 18
93 56
17 71
50 58
58 76
52 26
1 70
58 94
81 2
90 27
83 28
62 24
9 24
89 28
46 17
14 4
84 26
75 63
86 78
42 81
23 28
66 93
32 73
15 97
74 86
60 24
8 81
30 82
94 50
19 36
28 38
23 18
13 61
9 4
93 63
91 48
7 60
9 23
98 57
81 57
19 57
69 68
92 68
88 94
41 89
56 53
40 75
71 91
67 65
23 73
47 92
74 43
60 7
55 57
85 24
0 30
32 33
47 51
92 57
15 62
1 26
30 59
62 55
60 75
2 0
99 53
80 91
73 51
66 0
77 93
72 80
52 83
50 57
87 35
59 63
60 23
32 83
38 67
73 34
87 96
17 4
21 18
99 30
8 55
80 29
83 7
69 59
96 21
82 19
80 9
72 69
10 27
69 53
73 21
36 55
87 14
31 10
61 66
54 30
84 39
3 38
98 45
74 67
89 40
43 87
29 74
35 27
93 6
62 43
12 21
21 49
93 94
96 16
19 75
0 57
95 68
92 31
0 60
49 0
90 25
66 96
0 15
21 55
75 92
22 71
59 94
80 64
83 54
29 34
57 31
42 37
77 71
69 77
27 17
73 65
42 63
13 6
16 71
32 41
54 33
46 73
82 14
59 97
11 84
16 57
19 46
13 87
30 49
36 90
77 51
51 28
5 34
78 41
80 97
50 13
61 73
3 32
73 68
91 86
11 43
1 33
2 11
71 70
6 23
19 92
52 30
66 15
95 58
50 1
48 34
26 33
82 46
17 33
15 44
78 65
29 44
76 14
74 21
92 95
85 78
8 43
2 13
53 94
96 68
2 6
97 97
2 54
53 91
40 25
31 77
7 47
43 31
83 93
67 39
93 42
52 47
12 58
0 78
33 98
61 83
22 92
77 42
37 15
43 25
14 13
98 5
37 48
34 1
37 78
91 49
38 60
58 56
64 5
83 14
97 65
98 22
60 64
70 93
65 35
71 88
4 26
84 94
13 46
57 41
30 14
41 2
22 50
4 40
3 8
22 96
29 33
46 77
87 29
62 87
19 18
85 44
36 87
54 82
55 10
68 85
84 11
13 25
70 33
58 13
47 58
95 73
18 50
85 54
22 32
90 11
49 86
81 23
35 41
5 42
89 10
18 43
1 47
7 18
68 45
80 98
61 5
11 79
45 33
35 73
35 81
70 99
15 65
36 72
30 69
14 41
35 24
95 7
75 51
55 49
3 0
1 84
7 92
40 1
35 82
65 59
52 82
83 58
8 85
18 13
66 34
62 11
26 36
88 56
70 65
46 16
59 98
93 26
90 79
12 27
73 33
27 29
38 33
87 82
16 36
65 7
14 57
96 26
7 70
61 9
44 29
61 38
44 98
24 22
89 53
68 6
88 37
80 36
76 91
25 36
9 61
14 91
49 18
90 89
42 35
48 16
50 24
66 13
63 75
36 9
99 45
1 97
32 9
87 26
25 38
87 0
84 71
21 81
79 59
53 56
25 81
99 99
9 64
13 41
13 68
84 32
61 85
23 2
25 49
47 12
4 92
2 64
28 22
38 42
3 70
85 53
66 42
68 71
48 20
65 61
60 95
33 35
35 84
70 32
34 92
46 45
44 10
85 56
43 56
77 17
37 57
5 66
99 8
12 48
51 52
3 5
63 76
87 43
60 47
33 72
32 85
12 47
10 79
86 47
88 58
84 12
15 33
41 87
61 25
54 79
3 14
1 8
34 32
36 64
57 97
15 40
35 31
65 89
93 17
30 6
92 48
59 3
56 79
99 97
47 33
26 55
79 37
67 59
6 84
53 73
56 84
4 11
38 70
34 79
54 67
28 43
20 28
78 59
31 39
16 96
12 75
17 62
62 62
49 39
41 72
44 0
65 65
61 17
86 2
28 92
35 35
30 85
77 33
38 43
67 64
33 7
7 76
85 20
11 57
50 3
88 12
37 32
35 94
89 68
13 69
70 67
79 63
18 30
41 98
60 15
61 40
17 79
62 31
37 53
38 62
50 66
41 56
97 86
11 65
23 65
96 99
92 23
7 39
40 89
80 96
93 7
71 97
91 89
94 90
63 39
6 39
63 61
32 18
19 65
63 28
20 15
34 71
82 59
34 75
74 83
16 6
28 34
37 45
12 20
54 92
84 70
34 51
69 79
65 78
83 6
37 1
88 54
71 40
25 93
19 49
79 70
19 10
56 97
91 82
75 58
30 92
56 7
86 48
47 7
16 31
15 76
8 60
14 14
18 45
64 88
4 7
98 44
9 27
33 86
96 76
75 78
67 0
3 15
56 20
23 93
65 40
46 54
84 80
22 53
39 18
86 89
6 63
8 49
44 64
61 52
31 31
14 60
14 5
89 70
39 32
1 67
82 89
58 97
19 45
39 33
89 89
90 36
1 13
97 79
42 55
1 52
77 96
64 68
8 46
90 19
78 55
53 95
2 92
77 97
47 50
96 2
61 57
86 0
35 97
82 69
7 69
53 37
62 28
86 6
73 81
81 91
96 95
4 75
10 83
60 70
84 21
36 19
72 79
97 91
94 32
71 56
56 93
48 85
19 6
22 35
62 75
25 69
17 50
30 89
94 77
29 62
15 67
11 35
78 48
39 37
89 29
12 78
14 52
16 34
70 24
29 11
8 25
78 79
51 25
67 82
65 6
37 60
70 85
18 65
14 62
33 76
61 1
79 42
13 4
74 56
34 76
64 32
44 54
71 31
54 60
21 57
58 17
60 5
45 92
47 18
90 62
5 29
53 55
99 19
34 21
37 50
83 34
78 52
91 32
18 16
32 87
40 37
95 43
3 56
10 66
22 33
5 78
65 94
38 32
75 20
40 51
51 71
40 58
69 24
66 66
52 69
90 51
44 53
70 87
70 39
32 95
66 50
85 50
15 16
89 12
59 68
16 59
86 11
78 76
99 25
53 84
80 0
37 84
4 47
66 40
99 73
48 18
90 39
32 3
60 97
86 15
88 9
95 54
85 88
60 88
98 58
69 60
52 8
31 65
17 20
50 77
78 58
16 80
8 4
38 4
86 23
96 80
55 99
5 53
10 95
65 18
18 74
77 18
71 60
20 21
99 87
25 39
3 99
56 41
84 29
59 50
50 20
29 88
9 72
84 54
87 65
82 63
10 57
97 85
49 66
28 6
2 2
4 10
46 35
32 36
88 47
78 24
48 40
65 4
24 99
63 34
24 0
96 71
38 28
23 66
24 39
32 88
14 28
9 9
98 81
53 51
82 72
39 67
41 6
23 79
13 22
7 80
18 86
38 83
25 98
92 17
12 31
2 7
30 22
18 9
54 95
80 10
19 19
18 61
85 45
11 69
59 38
77 29
83 47
25 37
33 62
63 77
47 65
1 4
13 11
25 32
17 25
2 75
49 12
33 75
14 81
82 11
36 18
55 74
27 13
64 3
40 11
69 82
78 82
6 6
74 80
95 87
67 5
33 16
21 61
88 40
78 45
72 32
26 35
81 40
14 77
75 56
2 68
6 32
72 73
22 31
61 62
56 96
17 0
77 50
5 59
35 30
48 59
45 81
15 78
74 30
84 69
16 25
55 0
64 86
75 50
47 29
95 38
55 81
0 34
17 42
70 28
63 6
35 96
29 59
53 6
52 33
4 64
35 20
26 21
21 8
85 60
86 38
27 50
1 16
34 16
95 69
43 35
54 45
12 33
44 95
55 98
82 92
64 84
20 34
0 96
65 29
55 92
52 73
19 60
70 95
14 66
73 61
28 20
86 29
73 9
41 28
8 75
87 54
79 48
82 70
72 13
79 51
59 99
80 7
37 80
19 86
60 45
26 79
57 86
95 77
79 45
85 77
53 33
36 52
36 36
15 95
15 26
66 33
23 34
66 71
79 22
87 66
45 65
85 58
21 26
35 5
23 80
80 35
30 76
3 84
56 59
93 34
62 20
96 30
76 75
74 13
44 49
98 68
12 23
87 85
64 90
4 54
58 1
72 33
43 23
42 23
11 16
54 6
92 30
35 45
10 3
58 2
65 22
42 54
40 66
63 43
74 93
10 56
31 17
44 61
72 31
74 87
55 40
27 73
26 52
11 68
32 2
98 15
35 9
21 20
25 57
9 80
17 44
60 72
77 98
33 92
36 25
72 83
69 61
51 78
99 13
50 22
25 21
62 86
97 5
17 27
11 29
24 42
64 69
13 28
52 74
63 37
57 42
73 3
24 78
48 8
58 62
69 26
11 14
93 90
26 30
79 21
82 66
48 53
21 70
36 41
27 59
87 27
50 68
37 79
3 27
64 72
45 61
97 67
29 53
23 69
38 74
79 9
29 24
3 78
65 68
60 18
3 11
96 46
78 85
24 45
25 73
67 7
9 53
42 65
55 11
74 4
66 89
0 80
48 26
4 96
29 71
40 18
79 93
68 51
44 56
15 73
97 14
95 3
14 34
10 2
94 18
38 19
68 21
7 20
63 73
75 37
33 59
6 91
81 8
41 3
2 30
66 98
17 39
82 25
44 35
85 33
45 18
87 52
54 7
68 29
19 90
27 94
55 58
55 45
18 72
78 29
92 59
33 47
68 86
60 84
16 84
38 48
46 34
37 4
12 13
70 57
16 40
5 8
78 11
80 32
9 79
5 46
96 98
44 78
5 74
63 58
55 69
29 69
81 74
69 3
18 87
24 30
39 92
84 59
1 50
7 27
59 75
60 50
2 79
80 81
8 76
83 69
35 17
5 55
42 94
53 80
55 89
24 92
66 8
86 61
87 5
76 53
31 16
11 18
50 48
67 60
47 32
27 68
97 30
1 85
78 81
71 27
8 50
34 17
22 98
36 74
99 98
62 93
35 54
42 17
51 15
8 37
10 87
85 65
79 2
56 36
81 32
95 18
43 97
56 23
28 25
72 2
7 6
73 99
26 56
62 47
68 63
28 75
24 3
72 98
56 64
89 75
41 20
40 81
98 73
11 37
14 40
19 61
52 19
0 12
36 33
85 4
28 67
14 84
88 20
37 94
2 62
24 72
13 16
95 47
74 39
52 53
36 39
86 36
94 3
57 38
66 62
26 14
20 4
81 34
89 98
44 6
30 20
39 17
79 80
61 75
83 91
75 48
36 27
43 83
41 0
28 70
52 48
45 68
2 36
59 0
33 46
83 57
56 21
24 36
89 25
80 75
7 37
36 22
41 34
83 32
0 44
74 88
97 13
29 31
45 50
8 24
59 80
68 38
95 89
33 53
76 31
66 99
17 51
74 10
30 64
38 81
7 81
9 94
74 0
44 12
46 24
58 83
73 86
27 9
43 72
77 12
72 63
25 10
73 92
5 96
96 31
82 81
69 4
31 23
14 80
18 41
92 35
56 16
87 21
43 32
68 58
47 71
21 40
61 46
7 17
34 15
94 4
36 96
53 18
32 28
31 55
94 86
16 44
43 80
20 76
46 93
71 81
66 81
21 11
19 39
10 17
31 33
14 55
85 37
40 62
94 97
55 4
60 67
11 64
40 76
49 55
68 31
51 69
65 46
59 13
0 92
83 81
99 10
67 94
18 6
52 11
42 27
88 44
92 15
88 65
75 39
97 26
14 1
62 32
65 11
31 98
93 13
20 83
49 5
67 14
92 55
16 73
79 79
13 51
87 84
46 0
91 31
81 28
67 75
56 25
82 88
27 86
86 18
4 59
74 22
37 13
30 34
79 31
38 13
93 88
17 43
83 79
41 47
80 21
79 66
43 43
89 11
61 2
80 92
76 50
76 83
38 64
12 86
7 90
67 63
14 87
51 14
18 82
69 71
59 81
92 72
94 48
29 47
64 29
22 80
70 46
24 38
76 48
97 88
57 48
29 99
15 42
33 99
42 56
59 19
50 30
77 64
91 10
53 96
96 96
73 94
20 2
61 39
12 52
59 88
99 41
46 43
1 2
82 83
3 68
1 22
99 57
20 52
31 6
57 61
99 18
12 4
89 9
20 46
52 51
25 55
31 27
64 24
40 88
22 65
25 94
15 43
21 41
6 96
89 24
90 28
22 4
63 94
61 18
15 96
4 38
21 28
17 32
85 70
53 71
67 69
52 75
50 33
47 45
18 88
45 22
54 36
98 75
68 34
92 19
63 40
49 78
4 80
12 99
93 57
92 77
87 73
73 8
5 26
18 25
36 65
27 49
14 11
49 63
50 14
89 0
35 71
84 14
67 70
82 43
82 16
10 9
68 24
54 19
75 68
68 8
68 25
80 33
37 76
71 71
84 0
35 99
17 87
43 39
41 36
70 60
18 36
68 79
92 7
19 71
75 24
10 62
10 29
50 36
90 77
7 28
84 68
69 84
26 73
63 1
12 38
43 9
68 46
87 62
18 52
11 80
21 82
0 46
38 8
78 26
50 4
99 6
34 70
76 98
29 65
23 49
87 64
12 0
94 58
91 5
87 36
28 23
99 33
8 58
92 11
80 69
34 95
9 75
82 4
84 52
34 19
98 66
44 33
51 91
28 93
80 52
29 58
37 81
29 26
97 38
12 18
8 82
70 75
7 36
62 34
52 50
89 6
42 42
76 71
91 13
28 32
12 63
5 44
54 4
93 45
34 46
3 96
72 91
66 48
28 64
56 0
74 51
61 16
91 55
97 31
29 15
59 11
71 73
12 9
14 95
98 61
99 36
74 57
59 41
45 59
20 42
34 24
57 4
1 55
95 19
63 98
29 35
40 2
2 34
62 56
17 92
76 21
76 12
33 96
79 61
46 99
65 39
40 57
47 24
69 30
84 2
76 52
31 5
35 75
73 7
14 24
9 31
14 47
51 57
30 91
4 49
51 44
41 22
41 35
85 89
92 65
90 94
47 76
29 96
28 91
49 50
65 85
17 21
36 35
35 55
5 5
22 72
96 27
86 92
25 25
90 42
85 93
29 1
8 65
46 13
50 28
45 84
74 91
67 13
40 99
77 89
19 77
30 48
25 67
80 76
8 93
82 20
29 45
18 47
65 45
72 68
92 69
99 29
34 13
37 51
54 98
47 88
34 87
56 61
7 88
72 41
84 76
45 96
92 25
52 52
83 97
54 65
5 45
20 87
88 86
35 38
14 71
3 90
10 36
45 42
25 14
25 8
21 36
77 76
17 30
0 28
78 0
86 4
88 64
95 34
80 55
79 20
29 19
99 11
34 41
85 49
51 43
21 63
85 21
40 14
34 89
29 30
26 13
87 33
62 64
53 75
44 1
56 87
88 79
54 11
62 14
25 26
70 86
29 70
85 59
22 54
81 10
87 37
24 27
9 49
72 60
86 9
87 12
66 20
43 28
80 46
30 4
68 39
1 9
52 0
72 10
10 84
41 13
35 8
75 77
46 96
93 20
31 47
56 44
92 39
40 80
11 44
19 32
99 52
3 93
19 42
91 30
55 8
14 93
71 9
41 44
82 50
44 71
72 87
78 73
34 96
92 50
55 60
74 28
71 75
28 27
13 2
94 15
38 39
2 82
64 67
84 61
93 75
57 16
99 16
56 31
51 58
6 50
68 41
56 30
9 71
23 12
4 14
25 53
67 3
58 23
81 94
50 10
42 61
75 88
94 6
86 66
95 49
83 60
99 48
87 78
88 30
48 28
3 58
79 69
50 0
97 87
23 13
0 16
46 87
68 17
54 28
9 33
91 6
83 50
90 50
53 52
57 9
70 29
38 38
85 32
31 8
90 41
76 0
90 84
63 93
30 2
5 21
99 15
72 92
8 61
0 75
73 24
13 39
84 3
34 31
28 10
46 83
42 67
79 55
7 31
60 93
0 39
93 33
30 51
25 89
43 8
35 16
59 72
94 67
97 11
4 55
19 87
83 92
79 19
71 68
42 6
4 6
94 55
86 82
43 34
0 13
71 98
1 6
44 67
86 51
25 71
8 47
20 65
99 56
31 54
8 88
23 30
98 31
80 4
20 97
84 5
18 96
89 95
50 86
1 93
12 62
12 19
10 63
0 0
76 59
97 2
74 79
18 20
64 75
85 96
70 37
33 30
49 69
34 99
65 77
31 34
67 61
59 91
60 0
99 80
6 17
90 18
96 63
50 78
81 64
87 53
29 4
25 64
14 12
44 20
89 26
90 21
54 27
96 92
21 44
4 24
67 25
72 22
75 15
61 77
78 25
83 80
80 90
61 59
98 69
24 74
94 42
47 73
62 65
2 76
76 66
13 19
34 29
15 34
57 14
41 58
89 17
18 79
32 6
54 29
71 11
8 21
63 32
2 89
0 31
82 57
67 41
66 24
15 87
67 80
58 18
89 19
62 15
7 86
33 63
60 91
33 3
96 23
50 91
20 33
47 79
4 35
27 31
25 68
97 25
40 82
69 39
89 99
60 19
99 31
52 70
25 72
97 22
81 61
71 28
23 88
86 13
47 2
3 98
64 53
90 64
38 49
76 73
18 60
95 6
93 61
41 1
52 5
86 37
82 74
4 94
78 34
63 83
16 55
57 27
59 70
84 73
38 1
58 33
91 12
68 2
16 14
9 19
82 37
6 85
10 93
22 21
82 7
56 76
58 72
38 51
52 87
11 42
74 35
90 38
27 15
44 77
49 54
15 3
83 84
7 40
63 31
67 83
95 55
79 50
84 89
47 10
54 49
46 20
9 21
92 82
93 27
31 63
70 1
94 24
38 84
44 82
59 54
99 47
38 93
77 45
24 69
54 26
50 44
94 74
45 20
20 70
68 36
31 38
51 63
99 49
18 31
51 70
11 54
12 15
33 11
20 51
80 24
5 39
20 37
38 68
84 95
52 81
40 74
59 86
94 33
41 74
24 55
81 50
8 59
76 96
23 25
25 70
42 31
99 81
65 99
48 3
48 98
80 87
63 35
7 55
21 68
71 59
52 1
90 63
77 91
79 24
96 47
70 10
52 62
26 34
71 0
16 24
9 41
54 41
95 84
0 83
6 31
2 87
35 47
47 94
48 79
48 96
4 66
50 40
5 52
12 2
55 62
60 9
43 68
44 17
45 91
90 54
14 46
3 57
17 70
72 48
79 90
50 65
56 19
83 96
35 56
89 45
45 3
72 99
84 85
81 27
18 94
88 69
77 19
15 60
22 19
3 65
40 96
48 50
22 67
34 18
15 59
73 11
34 12
43 42
51 64
84 66
94 93
80 68
69 56
49 59
44 7
20 0
5 67
83 51
57 74
22 29
18 11
46 19
62 21
75 65
74 97
63 90
81 4
73 59
84 34
36 59
16 92
53 61
21 25
5 24
42 87
43 73
4 77
54 2
76 68
81 45
57 58
13 21
33 54
66 2
35 12
86 32
75 57
83 38
69 9
5 31
54 70
59 77
37 61
22 7
33 69
70 35
29 36
88 10
5 17
58 39
30 17
17 40
43 55
67 77
39 54
96 14
91 53
41 95
50 19
20 66
24 75
11 62
10 52
29 32
32 64
56 2
37 70
42 49
78 72
39 41
91 15
96 51
42 73
85 86
34 65
96 40
89 73
61 56
97 41
90 2
26 49
31 58
74 44
62 69
48 43
44 91
77 5
67 46
41 76
40 64
50 64
44 52
65 20
66 46
88 16
62 8
80 79
5 69
13 91
76 93
62 48
20 54
29 9
66 1
74 40
78 95
34 72
3 10
46 21
90 7
71 5
70 43
6 97
48 87
88 33
97 89
23 8
84 53
99 75
52 60
7 61
81 93
21 38
6 87
81 62
52 45
39 59
46 4
3 39
20 13
31 50
48 31
25 85
98 30
20 72
28 7
72 24
34 42
77 55
27 81
47 39
62 71
21 98
13 88
29 18
39 99
32 23
52 20
77 62
58 11
43 59
70 96
25 40
46 25
11 33
39 68
82 67
98 8
66 65
34 38
15 24
16 98
81 99
78 61
37 9
18 2
18 34
63 71
3 48
96 0
15 38
30 80
81 97
37 38
40 12
54 14
64 27
69 0
12 17
83 83
76 77
81 0
65 95
86 20
52 13
90 4
90 80
37 10
90 86
9 14
79 88
60 82
40 84
20 11
16 75
77 66
82 39
48 33
64 49
64 23
94 5
49 88
77 68
10 81
74 50
47 82
46 51
26 76
15 69
46 53
84 63
89 14
55 37
50 74
78 86
64 83
40 77
92 58
57 68
72 46
63 42
83 18
39 26
21 83
61 64
0 18
8 95
34 8
35 50
24 96
95 41
17 72
47 97
53 63
28 1
74 78
89 4
15 5
32 20
26 57
38 6
89 78
29 22
74 63
47 42
63 14
95 37
28 84
51 21
33 89
8 44
87 41
92 90
56 33
25 44
78 42
4 30
49 33
38 52
49 97
86 25
45 67
6 90
32 15
56 63
85 38
70 17
86 24
71 48
62 80
37 33
99 60
73 18
50 72
48 30
67 51
94 83
46 10
81 26
95 79
53 9
83 61
11 15
5 80
16 64
98 35
82 77
6 53
55 93
78 78
27 16
41 92
98 84
11 1
36 53
3 17
71 50
86 1
71 95
71 17
39 79
23 91
80 45
24 26
98 25
86 74
76 47
83 59
48 9
29 28
40 5
22 51
47 49
27 37
23 96
64 38
24 37
17 7
81 92
96 65
10 86
95 52
77 57
83 3
40 9
0 59
67 23
28 57
92 45
19 38
12 42
31 2
61 30
58 68
93 43
48 47
29 61
48 49
76 20
31 53
60 77
29 60
32 14
30 33
12 41
13 54
22 41
69 44
91 23
55 39
0 51
11 24
39 89
0 3
0 62
33 49
78 43
72 25
86 87
13 84
37 96
46 84
86 33
39 19
96 74
0 84
56 66
32 17
76 7
78 92
26 11
38 63
65 53
7 59
12 79
42 26
8 89
50 52
35 48
11 23
45 51
41 9
87 17
95 93
84 8
16 90
45 80
27 88
57 81
3 67
42 91
63 20
16 87
41 78
91 2
2 5
70 0
33 12
26 62
16 58
28 80
23 1
53 49
44 59
28 71
1 49
21 56
7 53
76 18
24 59
24 60
35 11
71 80
11 55
11 87
83 77
14 73
29 81
64 93
45 30
87 80
47 0
37 24
0 24
61 60
54 17
43 86
44 81
23 27
98 38
7 3
10 23
88 19
94 25
96 33
86 27
27 97
43 78
30 45
74 11
86 88
59 76
94 66
6 11
71 15
34 59
15 90
52 21
66 11
71 30
38 30
99 23
27 25
4 84
4 57
21 3
74 24
32 32
82 54
89 59
24 13
47 74
14 42
0 90
1 30
83 31
35 98
0 8
2 28
79 98
28 90
11 83
26 29
94 78
20 61
87 6
73 64
98 13
53 85
2 83
37 46
95 65
25 76
15 21
22 15
19 9
58 9
7 57
22 17
59 33
91 42
49 76
39 16
72 3
38 37
93 15
53 50
73 39
17 3
51 60
34 25
61 87
42 38
89 62
56 55
58 27
2 74
33 56
90 22
42 34
12 67
83 87
24 88
22 14
16 82
2 72
15 7
7 38
38 77
53 47
90 13
90 97
59 5
41 40
65 62
66 78
75 43
75 17
54 64
46 22
94 71
97 78
6 4
76 45
91 17
41 16
61 50
83 52
59 78
40 54
57 54
93 14
64 50
18 55
3 18
66 67
20 32
24 83
48 25
29 57
16 56
1 3
89 15
52 25
17 10
38 40
89 22
2 98
50 67
57 95
59 93
84 44
27 78
25 83
69 43
64 34
93 41
90 65
8 69
49 73
22 34
16 45
70 18
30 11
30 62
80 60
20 91
3 20
20 99
46 82
70 4
70 51
47 85
70 40
29 75
27 92
86 28
95 83
19 11
90 20
63 7
15 30
44 4
36 51
10 51
74 68
84 81
23 14
15 13
83 90
39 11
85 34
58 80
79 52
70 44
55 96
91 66
61 74
87 68
47 5
74 9
43 58
75 34
51 39
12 36
58 42
76 19
76 49
2 39
66 32
34 48
35 58
8 22
95 50
91 77
77 78
20 24
34 30
9 65
24 62
49 79
15 98
12 3
36 69
43 50
24 11
32 89
17 64
28 79
78 18
84 27
57 71
14 61
59 1
80 66
22 76
82 62
90 59
79 74
84 42
95 51
58 29
76 4
5 23
50 85
20 27
2 9
58 40
39 76
76 1
31 85
72 54
80 49
73 87
96 42
8 78
51 53
73 16
37 35
49 9
61 67
62 85
34 88
59 31
90 99
43 19
43 85
7 63
45 55
81 35
73 42
54 89
26 1
34 34
2 4
91 54
12 72
49 95
43 12
27 42
18 26
41 46
61 55
9 3
60 33
1 45
99 92
29 41
95 92
83 62
47 86
84 65
78 90
15 89
79 11
44 66
96 35
70 53
26 91
86 39
8 68
97 37
86 65
77 10
6 52
88 89
24 25
56 95
25 4
96 62
37 8
66 53
0 20
25 91
66 43
23 78
14 65
43 40
94 72
64 1
41 53
14 39
46 39
62 0
75 5
32 98
10 65
70 70
3 81
92 84
39 65
77 94
59 59
54 42
24 80
46 60
1 19
72 45
10 4
64 36
41 26
84 56
40 78
48 57
67 8
72 40
97 58
94 70
83 64
67 16
36 68
0 38
5 32
49 87
98 17
96 69
16 62
35 60
40 53
48 52
2 65
28 21
20 53
76 29
80 27
37 39
76 10
36 66
20 9
30 28
4 97
10 59
26 58
74 20
38 82
49 17
6 57
67 52
0 23
13 7
13 56
71 57
71 87
96 77
11 32
1 87
12 6
56 89
4 9
0 76
23 58
80 26
93 68
30 70
93 65
79 91
76 76
12 14
6 88
12 12
99 54
83 82
41 32
82 79
72 88
26 53
16 94
96 64
53 3
95 82
76 41
45 53
0 70
47 72
43 63
60 32
25 24
66 72
89 43
61 90
45 72
81 65
13 5
37 59
74 15
86 86
8 31
36 31
86 41
78 67
55 28
11 82
19 16
93 60
24 95
24 67
78 74
15 25
16 89
59 15
29 6
45 69
31 19
3 89
19 74
88 11
18 32
68 68
96 45
19 43
71 1
55 50
56 51
46 70
1 40
7 5
19 1
93 84
14 63
3 51
81 67
48 37
78 64
0 87
4 76
87 47
30 42
68 56
93 24
88 18
54 13
8 74
51 73
91 36
59 37
89 27
96 75
52 49
70 76
18 78
81 7
40 50
16 88
61 91
84 43
6 93
99 74
43 13
43 41
68 59
82 2
17 68
52 59
93 66
9 22
23 50
19 31
53 40
36 44
46 61
55 59
84 22
4 48
17 47
22 64
19 85
80 8
7 67
70 71
7 4
40 68
28 76
54 58
59 25
38 91
37 47
58 57
93 29
27 36
55 42
41 67
55 97
52 95
8 7
66 9
66 84
49 65
92 86
87 42
68 88
52 90
10 8
99 24
49 58
73 66
93 28
1 44
87 57
14 30
49 42
11 94
1 98
86 42
75 1
24 50
92 88
89 60
75 54
25 61
69 11
86 63
95 20
14 35
33 40
53 78
12 46
20 78
58 46
9 15
93 95
45 27
66 47
40 16
58 77
14 32
30 31
20 3
63 78
65 82
97 45
75 81
63 10
83 86
51 83
60 16
28 65
41 23
17 14
76 94
42 72
55 2
61 93
39 13
46 36
8 39
79 75
11 90
41 80
94 35
33 27
53 87
26 82
28 37
36 85
39 93
30 65
90 75
99 5
90 71
0 65
92 78
71 76
11 56
74 64
23 47
62 16
21 14
25 99
97 39
19 97
86 94
29 67
9 25
46 75
19 28
37 22
25 77
53 0
20 20
79 26
74 74
68 55
53 22
22 42
58 95
65 1
98 64
77 8
56 78
0 19
22 95
75 40
43 33
24 90
46 78
68 61
8 41
6 30
38 22
37 93
79 10
3 76
34 43
54 48
6 26
7 98
16 11
31 32
11 97
4 91
38 9
62 22
86 57
92 52
77 34
89 46
83 73
15 86
91 61
59 35
39 61
72 59
96 89
60 55
90 43
97 29
33 55
72 93
12 70
54 61
98 34
21 96
94 8
8 72
89 94
92 81
81 37
65 42
25 48
71 21
83 26
43 49
78 22
50 7
69 35
4 44
55 51
31 75
62 19
8 91
58 82
90 17
39 88
74 62
12 40
61 65
51 40
7 30
28 74
91 93
14 6
42 66
38 17
6 24
67 44
40 6
66 7
38 23
84 19
84 86
41 93
64 66
21 93
67 26
64 26
12 24
72 19
71 34
47 81
74 17
76 80
18 67
64 78
71 49
95 25
59 48
12 57
76 65
36 91
16 8
64 54
22 89
94 13
13 95
64 33
44 94
43 92
53 19
59 95
51 18
92 5
93 98
92 32
99 43
36 50
32 53
41 63
96 12
56 49
45 57
56 81
44 13
7 48
57 39
30 57
32 68
28 97
8 3
53 4
11 25
44 24
77 61
32 44
11 61
12 39
28 59
77 20
27 43
48 29
96 83
85 99
61 4
11 19
37 82
74 95
59 7
54 16
0 74
85 82
47 37
20 5
76 44
35 4
36 82
70 26
2 61
9 98
26 6
36 13
79 3
67 9
81 20
67 48
80 53
72 95
47 25
51 55
16 49
27 38
2 71
17 48
48 12
22 38
0 14
42 93
81 54
40 28
55 22
82 75
32 10
36 20
40 22
78 38
74 92
10 33
11 20
57 87
5 68
60 98
76 90
80 23
82 21
0 54
20 90
74 32
60 61
62 91
33 10
11 30
23 86
55 41
74 3
69 23
2 25
49 2
55 88
80 44
3 19
95 2
5 37
64 79
89 84
9 54
77 75
73 90
5 73
58 90
97 93
31 4
79 25
35 59
64 94
11 98
97 55
27 2
90 53
99 32
55 90
89 93
71 47
3 12
91 46
61 53
42 78
45 8
9 99
30 93
70 38
13 18
70 79
58 81
42 14
36 0
15 88
99 2
59 69
62 23
29 85
83 85
83 56
47 16
51 0
39 3
75 94
82 6
45 38
5 13
1 62
39 69
34 69
85 35
11 72
14 75
8 8
41 17
91 27
12 95
83 35
39 46
6 35
3 55
12 65
48 93
91 70
59 43
16 48
1 36
28 98
14 69
74 94
6 49
34 7
84 78
3 42
12 68
62 17
38 20
62 35
6 10
68 66
48 10
55 84
60 71
40 42
10 98
79 73
46 49
50 50
63 72
40 21
75 97
31 78
5 77
78 47
40 23
7 97
88 35
20 96
69 81
28 30
73 20
61 81
8 40
31 68
69 31
71 65
10 20
95 75
41 41
22 0
52 3
6 46
93 54
4 81
6 73
78 2
36 16
28 56
62 63
12 32
74 6
66 77
51 41
86 91
31 62
40 26
60 11
40 86
57 99
75 41
65 73
22 61
41 64
67 22
54 5
14 59
32 1
19 33
82 35
79 97
99 3
26 99
43 36
35 62
32 45
80 54
93 44
17 77
8 48
86 80
34 83
58 61
65 25
45 95
77 73
37 89
77 40
23 85
72 14
16 4
37 41
51 7
89 61
48 65
88 43
7 15
26 18
37 65
80 99
47 44
65 58
43 5
57 18
48 55
36 14
26 66
5 9
49 1
98 77
72 52
94 46
98 89
3 6
29 93
96 10
68 22
17 49
5 63
60 44
49 85
28 5
56 50
70 34
39 71
51 92
19 12
10 40
51 30
66 18
67 87
48 38
24 65
82 36
22 40
3 50
80 25
47 46
13 77
6 9
72 36
33 74
48 76
97 80
23 56
57 89
32 42
79 41
48 62
70 42
39 25
47 47
52 4
21 35
1 76
30 43
8 79
73 52
84 75
52 88
38 34
96 17
67 67
56 12
26 32
14 64
37 66
49 15
5 99
81 48
67 12
59 90
56 40
58 60
59 85
5 12
60 1
5 87
86 72
68 87
86 44
25 43
31 28
10 41
59 61
31 91
88 95
78 97
5 15
67 10
4 28
88 60
79 14
92 20
91 34
26 25
44 87
27 70
6 37
87 77
23 53
51 49
49 10
62 61
24 2
96 8
86 7
85 25
91 69
99 89
1 68
12 22
76 23
60 90
63 13
3 75
32 37
78 46
86 19
21 62
0 95
11 85
5 94
42 77
27 4
23 74
5 40
60 48
1 34
66 14
10 70
12 85
88 77
73 83
21 73
25 60
90 76
20 26
57 8
48 21
52 31
12 93
47 78
48 81
26 94
92 37
58 35
28 15
64 85
57 5
18 99
6 82
97 50
29 90
24 4
31 15
34 90
33 58
88 36
92 91
5 33
0 79
87 55
76 3
1 78
19 17
57 24
19 78
19 47
95 46
23 59
61 76
69 90
19 66
18 42
95 42
70 15
35 25
67 56
4 22
17 67
7 8
29 37
59 26
39 97
77 27
7 44
19 95
48 99
65 8
2 88
13 26
65 27
89 71
6 92
42 68
7 13
43 76
30 54
9 43
87 22
25 62
90 16
64 59
49 94
77 21
63 0
60 78
61 37
17 90
23 35
66 41
42 47
2 37
8 57
53 29
31 43
28 49
58 49
33 82
86 59
25 3
1 99
42 43
61 69
46 15
33 21
47 41
82 45
70 73
75 22
93 3
30 63
22 44
77 14
23 71
53 93
55 68
38 18
17 98
10 50
39 80
76 84
21 19
66 82
13 0
26 51
29 29
31 89
7 12
5 43
50 61
53 77
11 40
25 56
12 49
56 46
57 55
29 13
71 24
32 81
59 12
42 80
36 30
99 1
1 56
79 49
69 17
39 28
22 84
61 47
70 14
44 47
87 60
83 89
81 87
75 82
33 31
79 23
37 2
76 11
71 3
32 21
94 22
57 80
60 56
77 59
13 99
91 64
99 61
80 18
68 13
76 32
35 37
81 73
96 20
14 21
90 55
10 34
14 27
68 54
15 35
5 10
28 12
93 32
29 0
84 88
20 48
19 93
41 91
31 59
33 19
8 32
46 40
3 30
57 25
86 98
85 39
46 23
11 53
58 74
17 15
63 54
91 29
65 67
7 72
58 78
44 5
19 79
24 43
22 62
69 41
78 84
21 99
24 47
55 80
95 31
45 24
51 13
71 77
77 85
82 18
60 87
28 58
48 15
17 13
53 81
55 55
96 55
17 93
50 81
10 82
81 6
75 46
24 86
6 48
21 50
24 94
0 82
2 67
63 97
19 7
16 3
6 21
15 83
22 82
82 93
38 12
51 20
63 11
49 6
87 69
7 89
53 66
93 99
99 42
48 46
59 46
32 49
57 49
42 33
70 83
33 88
63 50
1 42
16 52
65 12
75 9
30 84
9 0
14 17
42 22
20 93
68 4
38 69
76 95
83 65
84 93
82 65
33 84
40 17
65 66
36 29
36 94
22 83
71 35
29 46
62 57
62 60
93 62
56 42
1 71
27 96
49 98
61 15
5 75
34 64
89 69
57 36
10 49
89 88
27 32
36 47
36 26
42 13
56 99
64 10
38 75
51 89
92 64
59 14
50 90
41 85
17 1
16 72
78 21
62 53
62 81
9 69
33 28
9 6
88 76
31 40
13 97
65 86
7 65
35 26
98 78
69 67
63 44
60 40
52 85
79 83
42 7
58 87
59 58
69 75
76 74
98 26
55 24
73 28
6 72
50 73
70 59
44 86
5 76
28 88
85 69
54 81
62 2
46 80
75 75
57 93
54 0
4 89
90 32
87 2
35 72
76 5
6 27
31 60
28 83
83 74
17 28
45 28
44 15
2 57
71 18
56 10
36 73
14 3
15 91
72 50
85 48
44 45
42 70
80 20
76 57
62 99
71 89
43 26
74 54
97 20
88 3
53 27
93 76
65 57
25 42
78 96
96 90
25 18
98 19
92 73
24 24
97 3
35 80
58 69
60 54
23 70
54 78
85 18
89 76
6 16
53 92
76 25
17 23
95 4
96 97
21 85
72 61
40 52
36 21
68 1
17 56
74 8
73 40
26 65
21 5
55 76
73 10
99 28
40 33
35 43
90 91
36 8
78 3
9 46
15 14
37 85
88 4
15 9
9 70
93 46
63 52
19 94
34 86
38 90
41 62
27 47
76 87
81 33
12 84
93 71
70 88
12 16
94 16
95 95
13 12
75 52
82 3
10 1
39 5
93 5
73 85
54 43
50 99
82 87
75 62
38 72
92 76
80 13
18 71
30 19
73 44
40 41
90 96
55 77
84 38
22 90
52 34
91 81
24 76
42 76
42 90
69 78
87 40
52 76
23 57
13 35
36 54
56 38
31 18
3 36
95 71
12 37
91 24
22 75
89 33
89 64
86 62
36 78
48 7
88 57
32 78
84 82
70 77
9 90
41 8
98 60
36 80
10 73
88 71
94 63
23 44
94 29
7 25
92 92
23 41
78 15
9 11
1 48
40 91
51 48
43 70
44 68
94 12
37 29
18 24
43 24
11 10
88 2
95 17
98 3
28 45
78 33
78 60
56 3
97 57
40 47
26 41
62 96
9 66
5 98
47 89
98 43
15 39
68 50
56 22
2 19
87 83
33 78
82 58
30 38
37 20
83 39
61 34
58 96
11 7
19 14
77 77
75 13
63 8
1 90
94 44
49 27
32 63
70 89
82 48
29 16
11 77
47 61
81 78
36 48
46 50
43 27
25 92
36 34
25 28
0 63
39 1
29 55
31 83
65 10
18 98
22 3
13 58
81 29
17 52
78 44
52 44
58 84
7 51
10 6
69 57
62 42
59 65
12 1
91 83
62 82
35 63
52 66
80 30
17 16
38 0
51 54
39 52
55 65
54 53
93 38
71 85
11 91
81 55
4 39
97 27
8 77
54 91
77 0
4 18
93 31
64 8
81 70
13 36
24 66
20 43
8 70
23 98
28 52
88 45
86 83
47 59
59 18
74 71
20 55
50 12
37 88
29 25
24 5
13 70
38 26
63 82
25 63
9 73
12 88
12 59
13 79
81 68
44 65
89 55
72 81
45 98
1 66
76 35
9 74
22 18
74 31
91 56
67 76
77 53
42 44
33 64
40 67
4 15
40 10
7 14
51 16
40 87
53 11
30 55
29 68
31 9
67 98
63 56
84 51
63 55
4 61
58 86
59 17
11 22
44 44
75 87
75 47
67 53
60 58
8 67
24 46
9 34
44 75
69 10
20 67
65 21
51 67
20 56
67 91
94 60
26 15
96 72
25 31
38 29
39 45
39 85
94 14
77 24
58 67
14 99
47 96
97 74
28 14
83 55
75 72
81 60
65 26
27 63
75 95
97 1
37 71
8 97
45 48
58 4
68 57
5 71
43 96
50 96
67 85
73 36
25 47
67 27
48 75
71 42
67 66
72 9
83 23
69 22
62 37
27 62
65 9
59 9
88 31
71 62
38 66
58 55
93 64
18 22
71 39
20 44
35 95
78 83
45 29
3 7
27 82
50 18
52 16
17 54
82 42
69 92
64 37
99 84
91 47
79 60
70 41
73 62
74 61
51 90
32 16
39 14
64 28
57 96
70 31
87 15
44 26
2 81
47 3
50 8
9 48
49 32
84 4
29 8
83 36
78 71
4 60
89 23
36 92
97 56
13 32
88 13
18 89
18 23
65 19
80 61
57 20
32 27
27 26
81 41
89 20
28 28
34 97
78 91
61 31
88 97
69 38
64 30
6 20
26 50
74 58
24 18
22 28
13 15
46 98
89 31
70 27
51 68
38 92
54 15
66 27
6 80
62 66
69 99
45 13
45 25
70 82
49 90
69 6
32 61
87 28
77 31
74 55
38 45
8 28
51 85
16 63
38 88
48 84
90 24
58 10
11 86
37 14
21 13
86 99
21 31
22 13
37 87
14 92
79 95
92 99
64 7
0 77
81 9
63 27
50 53
13 57
46 48
69 2
12 30
45 39
8 1
14 2
8 9
56 4
37 64
26 93
52 54
96 29
24 35
35 14
59 8
44 40
36 97
93 74
83 75
20 89
27 10
73 93
48 23
85 1
23 38
21 84
51 9
28 48
30 35
47 27
10 38
34 5
49 48
70 45
23 46
9 55
81 71
14 82
33 24
30 61
83 48
54 32
33 87
31 69
7 43
69 85
4 93
47 87
95 8
48 54
98 46
73 77
17 78
60 65
6 99
18 69
80 62
82 82
98 80
97 24
57 88
43 52
33 26
63 2
67 92
24 7
81 95
54 20
70 3
31 70
32 94
93 12
56 92
38 3
14 76
33 36
26 17
84 28
66 35
6 34
48 17
55 13
46 59
75 49
76 99
40 27
69 69
55 15
44 50
69 20
99 26
93 70
97 54
35 15
59 22
7 11
35 89
92 87
90 48
21 0
74 96
66 44
42 99
56 5
28 13
44 83
30 98
47 40
69 66
0 67
50 11
26 85
18 40
84 1
76 8
67 58
74 41
70 58
27 14
87 95
63 70
41 24
63 19
75 91
56 73
24 29
4 58
38 80
10 7
56 86
31 90
50 45
20 38
26 86
34 4
96 43
56 56
93 48
28 55
49 29
32 12
21 54
61 21
18 70
66 39
30 78
13 3
69 49
22 47
10 37
7 91
94 0
41 66
4 17
30 60
65 44
30 15
90 45
34 27
82 5
23 10
84 60
37 16
91 96
9 95
38 14
6 89
60 42
65 31
67 11
25 6
6 68
19 50
49 36
1 17
96 54
85 2
15 80
77 44
93 83
17 88
60 3
12 71
1 38
81 82
58 59
34 36
25 65
49 57
91 3
51 33
20 41
99 4
4 87
77 70
99 22
54 23
59 57
45 79
8 56
52 98
1 64
16 66
67 43
88 96
65 5
14 56
45 12
10 28
32 69
13 23
64 87
15 20
28 73
13 38
37 98
6 78
74 72
88 59
85 90
20 84
88 5
84 98
20 45
99 76
89 21
6 67
69 89
50 29
67 90
47 14
49 14
39 30
6 47
93 19
22 74
36 93
76 42
80 15
73 63
23 40
94 84
57 79
20 23
3 47
57 11
97 19
15 28
76 9
49 60
80 5
72 4
17 36
60 41
30 3
81 88
15 49
5 64
98 9
17 8
16 91
35 51
34 33
9 2
96 82
37 54
27 90
38 24
37 95
73 4
78 63
21 23
79 65
65 79
4 43
87 93
24 10
72 18
65 54
40 98
2 31
42 19
26 40
3 49
42 84
5 57
97 51
92 14
77 37
67 32
89 7
7 82
58 34
78 51
21 88
82 76
16 17
4 78
96 85
61 94
36 79
21 75
32 99
70 11
89 82
31 52
6 40
63 64
59 60
17 81
74 60
48 48
9 1
71 46
57 82
64 11
52 55
69 98
47 54
0 4
57 47
4 50
31 26
7 41
35 42
42 21
69 76
1 14
23 97
37 97
14 58
28 51
30 39
12 77
19 24
41 48
66 31
26 77
39 7
60 36
32 8
6 95
10 53
15 56
95 30
3 21
19 35
73 48
4 98
32 52
47 91
96 4
83 8
1 69
97 64
69 8
98 62
91 87
49 52
51 79
94 37
14 67
12 53
9 84
77 79
27 8
92 10
50 31
14 38
81 49
26 89
40 63
58 5
31 72
28 24
15 52
15 27
17 35
75 35
2 35
64 0
69 72
43 75
56 88
16 68
30 99
11 93
96 60
21 30
33 22
30 12
18 83
54 94
23 76
1 92
54 66
27 55
81 75
53 5
74 33
2 45
40 71
92 83
94 31
2 18
52 39
97 90
72 17
39 66
91 68
38 55
64 62
3 40
34 94
0 49
33 73
6 76
85 13
8 14
33 29
13 60
95 81
69 62
68 15
56 37
52 71
22 78
22 9
23 31
11 34
76 37
3 4
33 45
73 58
42 92
75 45
45 88
14 70
98 47
54 97
72 72
17 86
54 52
23 55
42 79
87 71
43 82
87 7
53 44
20 79
45 58
54 24
76 17
12 11
39 50
19 48
10 48
57 94
71 36
73 25
9 91
22 77
36 17
55 5
11 50
92 1
27 21
93 47
0 11
44 11
71 14
68 67
70 23
31 57
27 46
82 95
98 79
95 61
47 77
82 73
83 9
30 9
17 89
96 81
80 38
32 86
28 86
23 92
94 34
94 82
0 66
97 17
12 50
3 25
67 2
12 98
87 89
64 74
80 88
40 65
60 10
54 21
12 64
8 15
60 89
72 78
20 75
68 99
94 59
16 19
64 17
48 41
9 32
20 63
97 66
61 3
42 32
92 0
32 96
90 5
39 48
68 94
55 43
88 8
94 61
30 21
53 72
42 52
34 40
70 91
41 54
62 98
25 17
2 16
27 75
43 2
3 1
16 74
51 99
7 77
58 47
45 66
35 76
88 78
0 94
89 66
3 64
70 90
84 87
74 26
68 52
94 69
21 21
43 74
93 91
50 5
50 15
37 83
72 62
94 49
76 6
95 5
23 23
51 88
10 78
16 18
72 58
38 78
41 33
7 87
17 69
28 69
6 44
50 26
31 42
40 39
41 7
20 98
97 36
73 69
61 33
10 26
41 19
90 8
51 36
64 47
2 78
45 15
18 4
35 7
49 31
10 14
64 80
16 51
2 21
87 8
6 62
84 99
30 79
72 85
91 26
17 75
24 17
17 91
81 11
62 7
44 32
41 70
38 54
89 1
36 38
95 12
89 56
75 89
61 20
30 87
83 68
61 42
22 57
76 40
77 60
95 67
44 57
25 11
3 71
32 77
89 41
76 79
2 63
67 24
53 54
15 84
95 9
85 14
16 21
89 97
72 5
9 12
68 12
40 13
63 49
98 11
11 47
5 2
49 46
28 87
99 70
95 48
86 10
96 11
81 21
58 0
88 73
30 7
32 43
10 18
57 69
37 75
97 34
53 58
94 87
36 45
67 74
22 39
86 52
52 10
47 66
43 54
30 72
2 91
39 0
63 36
33 38
83 5
4 63
53 8
11 66
86 77
32 58
35 77
57 78
8 35
84 47
35 28
47 67
57 15
77 46
63 92
43 22
8 26
13 72
6 83
48 80
24 77
79 1
22 16
87 91
6 28
75 12
5 49
55 78
22 49
35 87
75 25
67 31
54 37
52 64
46 56
88 49
57 84
10 54
38 59
64 76
93 23
91 90
68 40
15 37
91 18
46 3
64 48
20 39
76 89
96 32
67 37
36 4
64 15
27 5
82 68
28 85
45 85
81 69
32 62
93 73
87 72
60 46
44 25
51 10
66 6
0 10
46 68
8 0
82 86
15 57
74 2
78 50
3 91
77 16
35 92
10 74
98 63
43 18
93 85
18 63
68 18
88 14
56 82
69 29
42 39
84 83
62 33
31 87
72 89
43 62
54 56
73 6
59 71
59 39
27 79
7 46
35 66
4 2
16 95
62 3
29 50
20 68
72 55
81 44
59 28
19 23
67 88
93 10
43 77
80 57
11 5
39 35
41 69
95 24
38 11
59 29
49 34
28 35
22 52
18 80
88 38
51 17
17 9
89 13
53 35
10 99
30 8
79 35
34 14
44 76
98 1
60 14
77 23
88 42
2 38
95 66
33 66
58 93
60 28
99 17
94 36
25 0
82 33
72 39
75 64
18 14
1 1
42 60
48 22
47 23
19 69
82 96
72 86
75 67
61 88
64 60
18 46
85 63
46 88
14 10
19 81
76 34
68 33
47 53
29 14
42 8
57 98
91 35
0 6
50 80
86 68
26 0
61 36
3 35
86 56
88 0
45 54
53 76
89 3
44 43
54 3
75 80
66 23
54 88
15 23
68 70
49 77
68 64
1 77
73 2
78 10
95 28
93 11
97 0
63 18
20 80
71 12
5 82
99 50
26 67
23 45
37 56
65 72
18 37
4 79
74 75
68 19
4 41
35 52
66 10
65 0
65 48
99 69
93 53
86 58
21 74
67 68
47 83
68 49
37 92
48 42
40 46
28 19
71 74
78 53
90 52
97 92
56 47
27 19
77 63
22 2
95 16
92 62
2 85
39 62
14 86
69 64
72 74
49 35
5 3
88 24
30 26
95 91
53 68
63 63
5 97
10 75
50 82
50 83
61 45
20 50
86 17
40 8
21 66
46 74
13 48
0 41
45 82
53 65
6 38
92 34
55 1
56 90
42 97
17 53
21 42
72 11
59 32
57 57
58 30
39 83
79 94
35 83
69 97
45 0
2 53
43 71
77 69
27 11
71 41
35 1
42 96
50 98
73 53
10 92
1 5
17 83
26 38
95 70
0 1
45 46
82 94
44 39
39 75
55 7
14 49
75 73
9 10
81 18
63 4
30 29
79 86
81 81
79 76
61 86
34 93
16 39
67 47
11 49
71 53
66 79
40 56
49 64
5 4
51 23
63 91
45 40
38 97
2 51
7 34
81 84
1 57
49 28
33 17
23 5
68 30
20 73
72 35
65 80
99 55
7 78
91 72
31 20
70 72
33 33
45 31
44 51
57 0
59 55
2 99
81 30
1 20
99 88
16 27
4 42
95 40
97 40
20 35
51 42
77 74
42 75
63 87
20 77
92 21
38 73
3 88
1 53
15 48
23 21
92 94
27 35
85 92
9 89
22 97
97 52
0 56
7 35
99 86
33 25
3 33
62 39
34 98
46 1
40 31
17 34
65 38
84 24
42 95
6 60
84 10
94 57
68 75
9 82
28 39
73 76
21 34
57 66
25 80
89 87
7 74
13 92
46 12
20 82
42 41
3 72
45 93
60 79
53 13
18 17
36 42
53 38
64 43
81 80
14 37
61 51
82 38
64 14
1 58
60 99
29 40
72 67
71 96
22 55
99 77
12 43
0 36
96 25
33 90
87 24
2 84
28 62
30 32
44 2
57 44
70 55
62 44
19 0
90 0
52 91
1 51
64 16
65 30
19 67
22 37
89 32
56 39
56 29
24 23
37 52
72 6
42 16
91 95
70 66
94 19
9 97
49 47
11 76
6 71
78 89
24 28
91 44
66 19
44 58
67 97
15 66
35 53
8 92
59 36
74 65
93 51
90 56
98 7
47 95
48 83
50 41
61 7
87 61
78 88
49 49
91 21
53 28
60 35
44 55
15 70
6 70
2 32
6 61
16 15
55 27
35 34
2 50
13 47
3 83
46 71
50 60
21 43
21 76
85 76
45 75
92 49
93 58
37 31
29 82
84 41
67 84
91 14
79 85
69 46
34 54
89 85
85 91
15 77
96 84
2 77
15 72
38 94
94 65
33 81
14 20
56 62
33 34
73 22
48 45
46 29
39 21
40 97
72 42
91 38
17 94
82 13
11 75
31 67
34 11
63 21
71 79
59 53
22 8
52 96
73 88
27 93
62 38
31 74
11 70
82 80
40 30
76 64
99 64
57 92
70 20
64 4
64 64
29 79
66 56
29 43
21 78
85 6
74 52
18 77
9 88
19 29
0 47
82 55
22 87
55 38
66 49
12 51
98 76
94 17
95 56
19 55
41 39
29 76
99 95
62 68
19 13
61 48
39 38
36 46
44 30
56 54
31 44
55 34
28 96
65 2
44 48
65 90
9 20
94 98
80 28
95 15
14 0
64 81
85 11
34 49
82 61
26 88
0 22
21 95
31 51
71 16
72 94
65 47
73 37
52 35
6 94
75 59
76 46
86 71
11 81
56 13
57 75
7 49
87 31
78 35
79 81
32 97
55 48
64 19
38 47
74 27
97 35
46 63
37 44
22 70
27 84
14 97
94 76
53 98
51 35
46 2
78 12
91 58
78 62
29 86
72 82
96 91
3 79
93 52
87 46
8 2
31 21
67 49
74 29
41 71
90 29
46 64
19 63
66 25
81 86
22 86
69 95
88 93
2 23
76 70
9 13
91 67
80 37
31 73
40 48
52 63
8 94
69 87
23 94
51 6
73 23
98 71
55 73
56 34
76 26
69 33
52 99
96 28
83 42
49 53
60 53
34 61
40 4
17 29
64 96
14 79
72 76
66 5
2 73
12 56
63 15
14 19
66 3
59 34
28 63
43 44
35 46
30 74
60 94
35 33
73 47
2 14
51 19
85 7
90 44
99 9
52 94
62 74
72 70
35 23
51 3
16 60
39 60
20 47
18 39
56 80
62 92
15 64
46 94
7 73
75 86
60 39
10 91
36 12
46 91
66 60
73 91
58 65
64 22
59 87
39 57
21 46
87 98
39 49
10 5
91 75
88 41
86 93
63 85
13 40
24 21
24 19
48 61
28 36
25 86
23 63
44 42
32 84
63 22
32 72
24 34
40 59
31 35
39 70
58 52
39 72
86 16
40 95
31 46
30 66
7 56
96 56
3 34
93 1
41 38
85 27
33 6
71 26
20 40
60 52
78 54
88 80
66 4
97 15
18 62
79 44
74 69
58 22
83 12
36 1
8 30
60 86
83 63
48 91
59 82
14 48
79 72
90 68
57 26
70 48
50 63
74 23
25 46
7 42
15 4
35 78
27 98
10 90
69 19
10 11
33 67
10 68
89 54
9 45
84 46
45 78
49 38
81 38
48 51
8 52
39 77
22 23
65 93
7 54
64 42
53 67
73 82
36 62
62 5
86 53
76 33
48 24
48 39
78 20
6 7
59 4
18 7
15 0
48 14
32 50
71 78
96 86
64 58
6 36
61 41
36 40
47 36
54 22
92 42
94 39
81 53
29 95
24 85
23 39
49 13
60 63
97 99
77 26
11 0
87 92
31 99
97 84
87 11
29 73
71 83
36 7
6 22
9 58
21 24
32 71
75 70
2 29
56 71
81 16
52 65
2 80
57 56
89 86
81 19
47 30
33 85
48 60
60 51
77 54
33 37
35 3
34 73
25 87
82 22
50 87
48 19
55 19
73 75
13 67
86 43
89 36
88 17
87 74
58 48
17 74
91 50
0 72
19 8
38 36
75 55
90 81
63 24
11 6
84 79
69 15
77 25
63 81
33 79
62 13
40 0
88 81
33 68
11 58
48 88
6 19
7 2
55 12
97 94
17 97
86 49
73 98
35 0
1 74
88 62
84 6
62 72
32 79
52 86
9 67
33 5
97 59
43 61
44 18
34 84
37 63
46 7
13 82
31 37
61 29
88 84
98 85
55 6
84 18
88 6
87 63
1 63
47 98
98 91
49 72
50 94
47 56
73 67
92 6
99 85
25 52
78 66
67 17
18 5
81 47
71 37
12 29
47 4
64 99
3 26
72 15
60 59
17 58
99 79
49 51
75 26
23 6
61 27
12 10
92 24
10 43
26 64
50 37
71 44
52 38
89 37
26 90
50 32
64 44
83 22
25 96
29 42
91 39
42 10
77 83
31 82
32 48
71 64
52 24
27 91
64 77
39 12
85 19
45 2
82 32
63 65
93 4
99 20
69 65
22 45
61 26
92 96
69 45
5 91
7 75
14 9
68 93
18 81
90 35
1 37
21 89
29 23
63 41
43 91
45 44
89 90
16 46
30 30
78 17
1 89
62 67
74 38
86 40
68 95
5 88
40 3
3 69
76 92
91 99
25 33
65 64
20 18
21 65
14 72
90 73
25 84
15 46
76 28
54 51
46 66
64 2
41 49
14 44
8 90
71 72
5 65
3 66
35 85
43 16
60 80
25 20
14 36
43 7
18 59
1 91
21 90
13 33
83 95
26 74
75 96
79 99
98 20
10 42
61 68
68 91
96 44
70 61
4 12
54 73
45 21
91 78
80 2
94 11
18 76
88 39
25 79
31 12
19 72
44 90
84 33
17 63
16 32
32 76
72 43
87 56
27 69
85 31
41 29
13 73
33 23
97 6
58 16
43 51
89 18
6 66
47 13
12 26
44 21
15 10
63 17
49 7
86 97
28 72
84 13
7 66
94 7
75 29
51 98
53 62
44 23
98 41
7 29
84 31
95 21
51 31
72 26
68 90
72 97
81 83
86 95
62 70
91 41
51 76
28 42
85 98
89 35
26 80
75 60
78 1
66 86
61 49
46 47
79 82
30 75
11 71
57 60
24 63
63 45
8 64
8 80
5 83
55 61
49 68
74 1
95 98
4 37
55 79
42 36
30 46
31 7
58 31
83 72
53 36
80 74
89 52
32 66
14 51
25 16
81 12
46 32
78 31
24 40
80 71
69 74
34 52
81 77
43 45
37 74
43 81
39 90
31 66
5 62
3 44
78 40
9 78
89 47
99 82
17 59
55 44
88 68
56 83
25 95
59 66
70 52
40 32
75 79
25 35
33 41
24 41
98 97
62 78
20 95
88 15
53 41
48 86
59 30
71 29
37 86
52 18
95 26
24 57
14 7
23 37
83 66
38 61
41 86
62 25
58 41
66 85
74 5
58 75
50 49
1 41
8 98
52 79
71 7
50 92
7 99
17 2
99 90
82 71
56 8
21 12
55 3
26 24
13 9
47 8
5 56
4 74
24 53
15 41
35 91
26 31
81 3
6 64
96 22
54 9
72 51
83 21
4 29
42 11
33 2
15 45
28 40
63 99
55 53
26 28
43 69
32 93
79 89
45 76
84 74
87 18
49 21
87 13
9 62
26 19
61 10
99 68
37 23
31 11
61 24
40 35
48 78
57 21
77 28
98 49
27 83
61 0
67 86
88 90
6 29
45 87
15 47
45 9
82 60
38 10
87 45
58 85
98 32
38 15
42 57
93 82
7 9
59 23
45 73
66 76
4 68
70 36
71 90
98 94
74 84
34 10
50 2
20 25
3 92
79 34
27 64
85 83
56 74
69 7
29 80
70 25
79 5
74 98
56 43
71 54
34 45
68 84
30 53
34 9
4 52
13 8
38 65
84 97
57 72
26 39
75 16
32 7
47 26
12 55
19 64
20 17
69 50
78 7
11 9
51 8
57 10
67 81
2 96
66 92
53 16
29 87
51 59
79 53
5 25
69 14
21 53
67 71
98 27
35 21
0 55
8 23
23 67
39 40
58 79
57 2
34 20
56 45
59 40
30 44
90 78
57 35
19 52
23 51
51 27
93 89
24 32
1 35
66 30
73 14
82 40
70 50
55 32
1 72
56 68
9 85
6 12
65 33
49 24
50 76
45 77
64 63
66 68
39 56
83 10
47 22
93 21
90 3
5 14
33 83
52 93
40 60
47 6
55 82
75 31
66 37
67 57
73 41
0 7
14 88
62 51
62 76
54 47
36 83
59 52
19 98
26 63
83 99
28 95
95 35
34 0
88 34
71 52
48 66
81 98
24 33
27 80
29 64
98 59
68 89
96 93
59 56
24 48
75 44
69 58
41 25
60 60
71 93
18 93
38 79
51 77
5 7
40 20
65 24
14 45
66 52
83 46
2 42
95 0
84 64
95 90
72 75
12 28
3 74
52 17
51 87
94 85
84 36
25 75
64 95
98 82
52 56
1 95
73 29
12 66
31 22
89 77
52 58
0 2
82 47
41 59
97 28
52 14
75 32
93 8
95 14
45 32
21 6
78 23
97 81
16 9
98 28
34 44
81 66
94 52
79 71
87 16
28 53
20 94
45 4
9 76
6 51
81 39
63 16
23 4
66 95
74 49
85 51
90 57
3 86
96 52
20 74
87 81
88 27
65 17
81 43
77 38
97 61
90 66
64 20
48 27
37 26
42 64
30 40
94 95
6 3
88 98
60 83
28 50
58 99
8 36
58 24
92 2
59 6
69 37
9 18
77 22
27 12
10 19
4 34
99 46
95 62
24 64
76 56
62 26
4 71
69 12
87 3
65 43
34 85
7 94
23 7
96 38
18 56
40 55
33 50
23 54
86 76
87 34
97 96
98 53
91 45
46 8
32 22
80 43
54 35
10 80
83 0
55 83
54 18
9 87
87 51
19 56
62 46
73 80
66 64
52 42
73 32
32 26
81 25
30 95
15 63
80 12
38 44
18 90
58 92
59 10
89 81
7 58
20 58
65 96
48 72
18 73
90 46
28 17
77 81
16 86
77 52
27 7
36 23
39 55
92 3
82 64
50 39
59 44
97 32
30 67
95 72
46 44
42 69
83 37
39 31
80 6
33 94
19 73
4 62
67 21
40 43
73 45
24 12
11 92
2 69
8 73
57 46
49 99
24 82
99 63
70 8
33 48
53 12
37 6
3 53
34 74
77 35
15 6
96 19
54 74
66 58
22 30
11 46
58 14
9 93
11 73
77 7
39 36
3 77
23 52
11 45
41 57
57 76
5 35
33 71
15 31
79 68
4 8
1 65
30 77
70 13
29 3
59 21
22 22
87 70
49 16
45 7
42 53
71 33
33 0
21 87
62 12
57 43
94 91
8 63
35 79
85 55
1 28
79 32
20 71
85 66
46 89
65 83
14 29
8 29
92 46
6 59
9 52
13 10
59 45
85 72
49 84
66 54
3 13
22 56
90 1
80 72
93 72
46 30
