100 3
63 65
0 29
79 23
91 0
84 35
62 52
76 14
32 9
11 38
24 48
35 76
98 65
37 63
67 59
17 61
57 84
44 90
99 91
77 43
37 38
37 16
35 88
63 74
5 14
81 84
28 16
63 33
30 7
60 9
39 51
54 21
96 52
0 32
86 24
1 64
51 18
41 97
94 4
25 12
0 69
99 98
45 47
7 52
53 34
47 77
99 71
36 71
34 43
96 72
42 19
99 59
7 71
40 50
28 54
29 90
29 86
99 90
26 34
45 99
72 30
97 72
7 46
73 5
68 24
33 58
21 59
77 35
56 75
69 21
80 36
30 92
98 81
1 67
24 53
72 63
22 74
62 56
57 60
63 54
47 89
89 78
80 56
54 47
54 8
26 81
19 70
93 89
92 91
71 54
85 17
60 19
31 81
91 19
31 0
25 34
27 93
50 24
11 14
28 6
51 92
18 49
73 46
31 34
50 73
28 36
88 54
91 59
86 17
32 25
5 42
94 24
8 87
61 14
98 66
74 85
74 89
53 27
22 50
78 30
33 67
54 26
63 85
37 4
96 2
67 11
49 43
10 61
86 4
84 0
81 87
71 0
74 82
95 60
6 6
29 80
66 64
82 56
1 83
25 50
32 10
45 81
61 18
23 86
30 38
18 63
2 79
92 55
48 26
87 95
28 95
97 12
77 9
72 86
72 49
46 10
30 98
87 92
94 56
15 48
59 54
70 86
59 44
79 54
46 39
69 34
88 66
90 85
79 59
9 84
52 41
15 98
5 6
44 94
99 89
56 35
92 48
28 81
53 64
7 42
74 12
81 98
65 74
62 27
34 13
37 79
75 21
49 15
27 30
17 69
43 56
37 48
61 4
1 35
87 62
95 28
76 49
18 62
46 4
98 15
15 81
51 8
87 20
69 17
84 75
3 16
78 38
86 31
27 82
98 29
73 73
96 43
56 59
8 68
94 50
15 32
68 88
42 99
12 69
75 54
32 95
86 44
16 81
27 40
27 44
9 75
2 40
43 10
28 25
77 60
77 85
61 69
25 0
68 53
90 65
34 40
24 19
91 25
4 78
39 49
12 92
10 17
95 40
41 31
36 7
24 22
79 58
40 68
74 99
61 58
45 10
34 55
32 99
26 52
92 14
40 18
52 2
61 97
32 34
74 9
10 50
71 55
91 67
28 24
43 77
90 21
26 7
23 12
52 43
0 14
92 54
17 98
27 32
81 0
24 52
67 39
84 64
17 94
43 42
77 40
28 39
82 49
1 65
37 5
34 31
57 30
24 12
97 38
62 40
54 68
42 31
48 36
55 69
12 19
49 80
69 91
72 82
69 75
55 54
11 60
37 19
42 73
71 10
7 45
4 17
14 28
7 56
71 27
58 47
36 10
3 77
91 43
68 75
45 87
7 22
19 28
80 23
24 4
34 45
44 49
92 42
69 14
34 17
79 4
24 16
64 66
72 20
48 35
69 26
54 2
44 74
30 91
55 3
41 82
4 70
68 90
91 58
60 59
99 2
28 60
63 68
68 98
4 31
23 84
57 15
13 11
6 75
55 56
30 65
44 53
75 55
0 23
57 9
93 4
67 64
81 31
34 54
71 50
33 40
0 19
17 83
49 52
15 6
25 5
45 61
62 82
97 58
24 58
37 93
10 77
7 68
67 91
73 88
44 92
39 16
1 1
29 22
2 45
98 95
10 37
70 82
18 39
11 98
76 13
46 61
8 66
85 63
86 49
80 39
68 77
70 94
24 15
19 98
69 53
53 71
98 96
23 51
6 0
4 33
98 2
8 76
58 72
47 67
74 22
16 49
92 66
4 95
14 92
69 86
32 75
18 42
65 49
34 11
11 68
29 4
31 54
55 7
16 89
28 23
71 41
55 88
52 13
79 86
6 64
14 30
6 97
98 80
1 85
43 61
87 81
1 14
68 32
3 11
70 31
78 61
35 51
83 87
7 94
5 3
12 30
64 2
89 58
7 44
97 96
14 77
22 89
76 38
39 33
78 25
11 21
58 24
26 79
85 4
72 75
57 57
96 36
75 79
85 87
27 35
67 7
86 47
96 21
79 22
41 27
55 57
63 93
28 47
72 92
13 98
89 94
79 72
99 68
67 85
11 29
73 62
36 61
97 15
0 92
55 32
90 20
53 56
73 71
23 4
0 56
1 59
7 2
68 18
59 18
54 36
95 48
63 41
63 42
22 15
95 65
70 75
28 12
46 64
40 44
25 84
97 46
72 96
20 13
41 64
13 5
60 70
33 85
54 28
10 59
42 98
44 65
91 97
95 34
96 92
64 43
84 10
85 99
73 74
46 68
76 76
94 97
12 93
91 77
44 23
97 56
37 98
21 46
8 31
84 51
91 53
99 26
94 65
6 51
54 44
96 44
54 62
94 22
77 32
94 30
40 4
21 6
6 49
44 0
61 95
92 96
91 76
87 10
33 37
21 29
58 93
58 10
81 73
12 14
47 30
17 56
20 21
45 19
76 99
46 83
47 39
57 68
93 8
60 33
47 83
59 14
18 61
89 60
83 93
88 57
94 67
34 25
20 68
5 12
69 42
43 78
83 33
82 47
32 44
2 62
98 5
54 56
35 34
23 55
88 16
61 88
68 29
12 18
37 72
9 59
42 32
55 72
65 47
63 13
21 18
23 59
75 60
71 60
45 53
42 62
18 19
92 29
86 68
51 7
1 53
75 14
97 91
84 73
14 26
9 80
58 64
35 57
58 96
12 66
20 51
84 41
39 83
93 28
53 80
45 29
71 39
92 20
70 54
95 22
45 71
43 29
92 70
55 53
52 32
65 21
90 59
22 87
9 37
38 76
71 67
57 61
33 90
6 90
82 89
82 3
21 70
73 6
2 46
14 91
43 40
84 92
66 7
41 23
96 37
1 6
11 5
79 69
64 82
91 91
49 0
3 68
29 21
98 71
46 54
74 38
51 24
31 47
90 35
29 76
32 49
29 25
61 2
71 58
29 26
4 64
99 54
59 43
17 66
53 46
6 93
84 26
81 53
10 19
19 11
56 83
70 44
95 56
63 44
87 88
63 32
2 43
89 63
97 95
91 68
14 51
21 38
97 41
99 63
36 99
84 2
90 88
71 72
84 22
78 54
10 44
18 83
16 31
49 4
16 40
82 80
86 97
96 7
66 31
87 74
74 46
7 57
19 45
11 95
95 77
65 34
36 29
68 55
84 57
38 42
22 51
44 78
30 83
50 47
68 58
8 33
11 83
95 11
92 99
64 18
87 46
49 13
99 20
93 10
3 57
43 27
31 22
18 99
9 68
68 52
32 18
83 28
9 69
8 37
73 11
1 25
50 18
61 67
21 24
9 36
21 39
5 95
15 71
12 6
68 60
53 89
59 68
49 68
64 69
87 72
20 98
0 63
13 48
79 43
48 39
39 30
98 51
32 79
36 20
14 37
55 89
87 71
59 72
95 38
64 76
75 61
43 70
59 71
13 38
42 48
68 63
63 83
75 85
75 43
18 47
50 46
61 87
22 60
12 56
78 98
9 70
22 9
16 73
73 26
26 42
46 51
19 90
73 30
6 72
91 79
40 41
15 10
45 92
53 92
80 71
64 28
1 12
58 67
96 29
53 7
15 24
86 83
72 28
38 60
43 91
68 64
65 96
52 3
45 0
66 67
80 41
17 34
2 59
28 46
76 58
81 43
43 36
48 67
63 98
40 90
10 79
78 43
87 65
86 34
74 52
2 61
70 59
54 95
57 5
65 72
80 68
67 73
45 65
72 89
31 11
43 79
78 7
40 53
5 21
62 55
27 71
19 56
24 79
81 44
19 83
2 35
43 8
90 46
6 15
89 11
72 61
78 1
16 58
4 91
88 60
37 26
26 32
10 11
62 13
25 28
44 26
90 99
87 55
64 78
54 52
65 28
33 35
47 44
8 55
30 52
59 93
31 91
14 61
92 46
53 37
64 99
61 16
14 80
44 52
42 43
93 26
23 90
45 1
93 65
99 64
44 61
63 20
47 74
9 76
40 2
5 33
61 85
68 40
90 8
43 71
81 75
94 8
94 87
50 57
47 73
13 44
8 97
49 90
61 32
14 35
57 29
42 50
8 3
77 79
76 97
17 70
66 53
1 66
78 83
27 85
14 52
61 5
11 7
95 59
61 68
54 17
14 42
34 15
14 86
22 95
54 61
35 75
97 73
23 29
80 34
17 73
80 2
0 2
70 55
35 17
7 67
81 28
21 68
57 44
72 55
68 48
73 38
96 79
74 88
99 67
59 88
77 23
61 81
11 23
85 36
65 30
86 32
31 82
31 39
90 81
7 21
66 0
95 43
38 2
19 58
8 54
0 51
40 30
62 88
95 83
85 67
92 85
15 90
25 71
21 77
15 64
96 0
53 19
39 9
68 84
48 12
49 2
37 64
17 74
5 40
50 37
70 1
83 99
95 29
23 46
60 22
64 98
55 38
85 48
20 75
62 58
33 31
75 50
2 67
83 77
45 17
78 95
46 78
18 64
1 51
33 48
46 6
46 72
64 54
46 27
46 17
66 87
63 60
51 5
23 94
72 19
41 8
20 18
30 15
68 28
7 39
86 98
13 36
54 94
66 98
6 38
25 32
29 43
44 59
7 6
83 62
40 81
64 92
35 61
44 8
47 21
23 43
92 21
23 7
58 6
79 96
32 93
94 66
59 83
15 16
99 51
13 68
60 60
37 14
27 89
18 69
7 49
45 41
45 13
53 69
42 77
97 81
26 65
16 93
6 40
57 94
13 45
90 45
20 47
85 32
39 21
94 77
68 21
88 99
43 98
83 27
7 66
29 65
99 9
39 20
97 14
61 20
96 59
56 63
62 20
50 99
97 40
87 44
74 84
50 92
52 92
44 67
17 72
96 47
30 94
9 51
46 21
32 42
2 31
82 39
1 39
69 45
19 7
28 67
18 85
13 29
18 17
27 20
5 45
39 86
43 39
19 80
64 29
4 69
8 81
82 58
38 29
66 3
84 20
76 70
58 29
70 22
97 51
72 87
77 92
72 24
14 29
15 12
28 45
35 14
56 31
36 36
88 80
92 72
79 70
32 54
84 50
7 27
10 73
86 43
9 86
16 22
11 51
91 33
14 2
23 85
78 53
28 20
94 6
52 84
8 77
21 69
32 41
49 34
95 63
62 33
82 55
29 87
71 69
2 64
69 85
34 33
76 82
75 42
25 63
1 52
53 74
29 79
1 49
92 15
12 31
40 3
68 27
66 19
36 60
87 23
95 35
54 57
79 7
63 57
37 13
19 74
89 89
25 56
28 1
89 59
38 53
16 84
31 80
85 56
80 26
59 49
62 28
87 12
13 59
37 97
77 37
45 77
93 93
77 36
14 83
80 47
11 30
93 74
60 1
9 53
61 79
20 86
13 56
42 78
10 76
53 29
37 69
17 38
80 57
99 39
50 11
47 51
95 5
6 14
95 14
34 75
22 59
57 45
46 75
55 29
73 81
57 6
69 23
4 66
98 48
0 34
31 37
20 82
52 33
7 16
21 50
69 77
97 19
29 31
16 59
95 33
90 70
99 77
27 91
48 76
29 63
80 61
38 11
58 37
78 75
25 23
45 85
76 3
34 39
73 10
26 62
36 96
48 91
69 11
39 69
33 75
64 60
65 58
97 70
58 46
39 63
6 54
23 97
73 23
17 2
75 27
67 34
89 38
61 74
82 78
81 2
81 61
96 89
54 22
90 91
17 43
55 91
66 45
75 94
86 73
55 73
36 56
25 36
28 48
99 65
83 32
87 4
86 52
67 82
27 96
8 15
72 6
51 33
74 51
81 82
45 35
62 73
12 23
15 79
74 6
75 44
8 23
86 86
85 60
41 81
96 61
29 78
21 58
97 18
75 2
17 78
96 76
52 29
24 24
38 17
69 74
4 50
28 69
1 7
0 61
99 61
54 38
37 89
38 54
70 35
97 34
2 52
53 62
22 56
96 67
83 90
88 68
30 25
55 62
78 4
7 8
48 42
41 12
12 24
1 98
28 0
86 11
10 6
31 7
82 70
4 37
54 84
66 75
45 70
97 90
1 48
39 80
46 82
43 18
96 33
25 66
98 30
88 47
56 19
4 14
69 16
3 12
48 64
52 25
47 52
68 82
88 23
86 36
80 59
90 80
84 17
17 79
1 30
50 80
84 98
70 37
86 3
6 50
82 28
3 31
20 92
54 76
27 69
32 69
3 71
36 11
71 25
35 56
90 64
22 34
60 24
82 15
10 20
74 48
98 24
2 33
87 27
97 93
45 56
81 78
54 23
29 99
13 34
25 59
60 31
11 85
27 68
64 27
67 17
55 97
66 94
13 26
27 99
49 98
31 88
81 3
85 73
47 40
59 33
58 0
37 34
52 59
80 18
16 67
71 9
16 26
53 47
28 34
66 71
7 1
51 6
17 68
80 52
19 63
59 82
86 79
36 68
90 74
30 16
90 94
48 32
12 0
87 57
32 91
27 51
8 26
86 90
33 11
45 32
64 63
93 70
50 28
16 6
48 49
43 74
64 77
46 34
5 89
35 64
75 7
82 37
18 43
81 62
56 9
96 14
38 22
67 52
58 12
58 41
83 10
13 37
68 6
15 88
2 51
83 80
19 67
89 83
34 28
6 58
58 76
65 7
17 88
30 66
60 44
78 89
18 81
39 89
32 76
19 47
19 44
0 84
34 44
25 85
51 65
21 4
87 61
11 52
33 88
52 49
5 66
68 19
86 22
59 80
24 84
46 8
48 99
97 39
21 95
85 15
98 21
57 56
85 31
30 47
96 78
61 33
65 82
98 16
82 95
4 63
85 54
16 61
69 69
48 43
32 4
36 16
26 16
6 48
95 37
84 25
72 81
71 47
58 99
10 65
11 67
95 99
6 1
43 45
83 48
81 66
88 74
65 83
8 27
69 62
75 8
42 96
55 83
55 86
97 35
47 37
16 53
4 90
77 83
92 34
83 23
81 30
84 70
53 18
85 80
20 64
3 41
24 1
12 77
46 41
9 74
29 96
84 29
44 99
95 67
27 15
5 16
93 31
41 34
97 80
81 81
59 28
9 21
52 86
13 39
82 45
96 88
86 88
85 16
10 87
64 95
47 50
76 48
34 4
73 93
88 73
56 54
12 53
49 71
28 88
79 37
53 31
6 37
72 26
37 56
57 54
92 32
25 73
85 90
5 98
62 76
57 73
81 80
64 67
25 97
73 65
10 15
90 61
63 35
60 68
96 51
42 49
17 50
78 36
54 86
83 60
51 51
28 65
51 3
20 33
19 69
30 62
24 56
65 6
46 14
59 91
71 26
4 11
60 78
73 80
56 4
10 55
79 21
12 35
83 58
1 57
56 70
36 54
2 88
87 50
19 36
94 32
31 23
44 57
0 73
7 5
89 81
44 16
3 4
49 16
54 3
71 37
97 94
78 88
2 39
21 64
40 51
5 68
63 67
41 98
51 54
85 19
60 28
77 15
69 12
27 67
91 16
57 1
70 7
49 57
0 28
27 19
84 4
64 75
15 76
39 85
82 29
82 91
41 36
24 77
76 63
5 36
48 25
63 89
4 52
36 90
10 66
63 18
82 85
37 21
91 39
93 17
24 89
28 72
12 63
96 69
46 35
71 30
77 54
19 13
71 16
81 33
48 0
69 72
88 69
27 74
81 4
7 14
83 22
91 87
95 36
75 78
21 21
15 57
58 42
34 42
99 70
87 56
55 84
22 46
89 2
8 62
58 28
69 20
48 80
48 70
65 80
23 69
46 86
57 99
14 9
62 51
95 46
48 5
18 9
7 60
8 49
92 2
47 12
78 47
98 83
75 10
38 86
1 23
84 13
61 62
31 5
54 51
90 17
67 61
69 56
86 94
75 66
44 39
67 89
34 79
13 10
83 29
43 57
55 51
11 48
63 58
28 44
56 64
2 77
62 6
4 89
58 2
54 16
19 37
85 83
86 56
67 19
21 62
65 13
4 4
12 76
22 55
70 51
71 99
79 42
25 1
32 37
35 25
42 69
63 95
93 55
1 56
96 90
72 8
55 65
39 6
15 54
16 62
2 97
61 80
2 42
98 89
6 56
48 19
56 52
75 12
1 38
68 68
53 39
29 70
18 91
73 68
27 4
22 85
6 55
87 64
81 42
69 61
61 31
82 9
1 68
82 48
55 26
50 88
90 44
95 87
5 59
67 24
10 97
66 80
4 85
53 4
71 93
45 97
19 50
63 31
89 19
61 52
86 78
50 15
96 30
78 9
89 10
49 18
63 8
11 82
78 27
79 83
58 66
73 78
43 89
13 14
35 48
65 25
35 98
4 44
97 9
38 84
40 52
43 38
17 17
86 92
46 84
52 87
4 39
61 48
61 10
47 66
36 34
87 25
7 55
29 95
94 38
85 18
5 28
44 41
78 55
28 77
62 9
89 40
46 3
20 11
84 5
69 36
81 77
93 30
30 45
62 1
24 31
41 56
39 74
4 54
50 39
21 41
71 20
58 22
7 20
90 47
92 75
29 27
19 48
51 87
66 51
6 39
17 64
46 31
52 28
85 38
89 3
20 31
2 9
75 93
73 40
92 5
70 74
84 88
66 65
53 12
61 46
85 69
92 86
89 0
15 99
29 47
0 47
69 2
64 72
1 0
77 45
11 53
14 38
3 64
18 74
8 98
95 84
18 0
77 22
84 43
74 73
45 58
26 47
19 76
7 63
12 84
6 76
68 22
74 95
67 22
15 62
48 56
9 99
73 94
14 63
78 2
92 19
5 60
7 88
26 4
14 69
44 91
38 8
58 26
68 23
19 4
51 19
23 83
46 16
27 36
68 20
25 31
84 54
84 80
99 29
93 27
95 17
96 15
63 17
86 81
58 92
43 49
77 30
89 95
33 41
48 65
5 81
87 18
28 56
52 93
80 43
2 16
47 99
12 8
33 39
8 70
89 66
14 54
90 84
95 97
94 44
15 23
40 12
31 4
37 57
33 13
96 6
84 97
83 37
17 91
42 15
93 80
47 53
65 37
73 83
7 85
68 7
94 55
15 66
13 23
76 20
9 7
97 65
27 79
88 6
85 12
73 21
4 25
47 87
78 60
46 95
34 86
34 71
91 78
32 12
12 4
40 21
28 26
37 91
44 10
38 93
79 66
79 35
77 25
66 43
67 14
0 27
61 64
71 3
33 22
67 58
84 82
87 43
2 34
19 18
62 91
72 34
81 83
69 7
8 78
96 80
52 12
92 8
25 53
72 2
30 55
12 51
86 93
52 7
88 87
5 67
48 66
13 46
41 71
70 25
3 39
55 45
83 19
56 3
18 7
13 52
45 90
39 96
26 40
42 93
58 30
47 23
99 22
51 95
9 3
78 82
30 68
40 72
88 61
38 66
33 23
89 56
48 7
33 97
50 95
44 12
57 64
69 81
87 87
29 83
59 38
72 98
70 0
75 84
7 37
99 73
50 19
56 72
26 92
82 6
16 16
27 76
18 98
71 81
26 3
44 29
96 27
15 0
95 66
3 8
86 99
15 46
45 5
6 57
4 43
18 60
95 71
96 40
88 13
59 65
47 62
60 29
45 63
76 59
40 98
98 19
52 42
95 50
53 86
5 34
80 84
77 24
53 95
78 84
92 9
78 77
80 74
98 88
92 13
36 63
50 41
10 31
4 2
84 87
44 36
91 88
26 49
35 55
81 95
25 22
9 46
22 47
81 59
67 80
94 48
10 94
44 38
69 73
93 40
95 64
15 49
85 22
16 76
49 87
76 77
95 96
57 58
3 46
15 69
48 30
9 16
96 3
0 82
83 88
42 44
21 8
74 83
52 71
34 37
76 96
0 13
2 24
6 85
30 14
75 31
56 17
0 31
34 26
4 6
10 53
4 60
74 59
5 96
77 62
61 42
78 62
17 30
69 41
0 39
25 82
52 1
58 55
36 91
65 69
50 31
40 43
60 4
96 75
34 10
30 30
55 2
96 53
14 24
24 90
19 14
7 64
44 9
40 84
49 19
92 88
17 33
49 35
90 9
26 24
45 69
79 19
58 36
99 28
81 19
59 22
92 27
34 84
28 86
67 13
42 59
86 82
44 95
88 72
88 51
25 54
84 62
86 23
8 4
72 59
22 97
5 32
78 87
39 79
33 0
24 42
14 73
83 26
68 25
21 85
60 72
71 7
43 66
19 8
77 13
48 59
36 58
6 70
94 84
5 71
96 74
30 69
81 96
80 22
56 78
9 63
48 33
66 77
93 38
42 56
86 66
48 60
92 31
2 41
74 98
49 53
68 44
17 39
18 26
11 1
14 19
30 81
52 75
24 30
97 59
93 53
47 75
9 8
21 23
89 53
48 6
12 54
69 40
5 99
57 43
62 29
18 55
76 43
68 62
48 74
78 45
13 74
13 93
83 98
79 25
93 95
39 18
67 48
10 52
94 5
29 85
94 47
97 88
83 64
53 82
81 74
33 17
15 73
23 18
12 73
39 27
1 79
57 52
6 33
85 46
69 84
33 54
39 24
73 45
37 29
23 57
46 11
66 39
89 84
12 46
85 11
39 12
72 25
86 84
8 36
65 10
35 32
48 23
17 55
76 93
95 89
83 89
18 5
97 92
47 76
96 86
49 36
56 30
41 60
97 28
14 3
45 30
86 50
63 84
38 61
98 27
43 81
94 43
0 38
26 29
1 32
91 99
60 80
38 78
8 46
8 47
78 99
77 95
65 86
11 43
7 93
68 2
61 50
94 23
12 90
33 32
82 27
91 40
41 70
88 65
71 48
92 79
50 89
3 70
28 43
82 40
8 86
52 46
76 2
40 86
82 54
49 10
59 62
91 41
39 39
73 50
58 35
53 21
97 45
52 62
32 8
94 14
0 67
83 79
48 38
51 82
99 97
83 55
75 46
47 29
38 35
44 54
3 99
33 1
17 76
70 6
85 45
20 29
36 80
90 67
92 52
31 21
97 6
66 13
91 35
16 83
40 13
97 52
29 13
21 82
75 36
47 5
68 56
98 26
93 16
9 23
29 71
38 63
60 12
38 49
18 38
85 9
27 55
82 98
55 1
45 82
48 86
26 99
52 5
90 90
46 0
46 97
36 22
67 81
39 62
50 4
62 84
13 21
71 29
54 71
15 63
27 58
13 8
22 81
46 71
64 21
37 92
26 87
22 2
26 68
8 61
63 40
50 84
90 26
72 84
18 8
84 67
49 59
76 92
66 8
91 48
94 91
27 1
20 23
41 19
5 41
23 9
72 5
83 53
82 26
22 31
60 27
68 11
51 41
75 56
90 22
76 40
20 59
47 2
31 97
3 76
87 41
53 61
50 81
62 95
97 66
17 22
33 72
81 46
94 90
34 98
35 26
14 60
39 17
38 18
24 85
90 2
48 28
53 35
78 63
11 72
11 36
67 78
13 70
79 10
40 83
53 23
37 94
36 6
16 78
97 16
31 87
60 14
22 80
11 19
41 87
19 59
42 2
91 14
84 45
84 60
95 78
37 51
35 29
27 72
53 68
38 59
92 10
46 70
83 17
89 30
39 73
29 54
6 91
63 9
93 9
90 23
90 53
7 99
89 67
53 93
82 5
15 96
48 87
20 7
70 68
22 33
95 69
49 25
85 88
99 66
89 42
82 43
63 92
33 71
90 56
86 60
63 69
97 22
70 77
42 46
31 52
91 24
44 2
45 33
84 59
75 69
29 5
45 2
40 57
17 90
23 77
85 96
56 86
73 0
50 85
37 1
76 18
92 7
53 20
75 89
79 24
10 54
66 57
23 66
52 85
80 81
5 29
92 17
90 28
99 56
11 90
67 88
26 76
86 5
12 83
90 73
4 58
84 28
93 56
66 42
87 33
35 52
71 76
20 95
47 58
18 46
5 56
98 40
62 81
90 96
90 98
68 85
7 84
28 21
96 93
0 99
69 90
36 18
7 4
85 5
98 70
33 92
35 21
43 87
63 21
62 7
15 82
21 40
23 25
13 51
3 55
47 57
61 63
22 1
26 82
51 44
47 9
34 9
56 21
29 60
65 71
14 27
75 70
97 87
16 82
58 62
30 76
26 54
36 97
29 73
23 32
82 64
21 66
84 3
67 6
96 49
69 37
37 82
92 4
16 74
15 52
25 91
3 53
63 79
79 87
95 7
52 72
30 3
93 21
33 43
19 12
3 36
82 93
10 90
47 22
87 70
43 5
25 88
92 81
35 31
92 38
34 83
32 57
44 81
37 7
11 18
97 98
52 24
75 88
92 92
86 72
84 99
56 89
61 72
20 94
47 6
65 98
41 5
99 40
87 60
88 43
24 3
10 22
87 16
21 15
74 94
73 75
45 73
58 18
27 41
15 53
70 69
60 38
79 33
73 52
73 61
41 40
71 44
56 93
9 20
51 2
55 75
2 19
80 96
86 42
57 20
46 89
22 53
95 4
26 70
2 11
0 75
87 36
86 40
91 10
69 49
84 36
28 97
54 1
36 50
69 78
3 67
88 30
68 4
71 43
77 59
55 36
39 90
69 99
20 54
72 68
50 44
52 34
56 12
69 4
90 76
16 4
25 46
3 3
43 1
67 28
5 46
32 90
60 5
54 77
59 46
66 66
31 93
9 38
53 6
21 44
27 56
7 98
33 27
30 93
41 49
98 23
81 39
85 37
59 20
82 65
34 59
45 49
92 35
63 43
57 89
97 55
60 79
89 22
41 14
62 12
45 95
5 17
92 94
5 80
66 60
81 71
8 69
47 20
53 3
77 34
24 66
64 50
72 18
58 71
47 35
32 7
90 37
27 25
5 13
13 71
22 5
9 24
29 3
17 60
52 91
34 88
83 25
13 12
51 84
83 5
62 80
81 52
8 64
95 54
19 65
89 15
8 72
56 98
18 45
74 17
85 55
25 9
62 97
14 13
30 11
80 76
38 1
66 1
32 31
28 55
9 11
34 76
21 72
26 22
36 37
10 4
93 54
81 47
55 0
79 15
63 78
42 14
53 79
83 83
80 33
87 37
59 57
35 24
94 26
38 28
93 29
2 1
54 89
24 75
72 52
38 36
6 4
73 27
79 8
91 73
50 36
2 89
7 33
78 15
12 3
57 34
26 6
0 12
46 25
62 89
84 84
11 22
92 82
89 31
66 79
47 95
20 40
23 75
63 28
16 77
32 0
94 60
42 90
56 57
59 92
70 96
10 38
83 74
98 60
32 43
93 68
36 53
65 17
85 10
13 33
55 35
42 16
99 38
92 36
65 39
73 58
60 71
81 9
87 42
98 68
73 70
26 72
46 46
50 20
87 26
45 3
8 28
94 74
48 95
58 1
71 42
55 6
5 97
60 85
2 70
77 82
76 26
5 72
29 74
82 10
90 58
54 37
61 94
85 76
18 35
29 97
7 23
74 90
47 0
72 94
82 88
8 38
94 45
37 44
7 29
13 91
60 81
0 68
74 68
64 23
88 48
18 18
33 46
63 30
87 14
68 46
23 48
19 54
81 85
6 78
73 28
87 9
8 73
57 51
59 29
27 45
60 0
91 49
65 84
38 75
67 96
81 92
47 59
58 59
94 33
88 11
51 4
88 94
68 42
51 71
40 89
42 45
51 45
41 52
6 29
95 26
76 33
58 98
17 32
81 21
34 7
28 27
7 97
4 19
73 51
36 12
24 38
79 39
29 67
79 31
10 64
30 54
62 19
55 42
81 58
16 30
51 63
7 36
78 22
58 9
85 50
42 75
79 0
76 85
61 34
15 30
89 71
66 89
3 69
30 87
20 26
38 94
88 29
60 32
95 27
6 77
72 51
34 1
10 42
47 90
49 1
61 39
56 81
43 25
54 87
28 84
20 19
74 37
29 24
34 63
18 92
4 40
55 41
7 11
80 45
92 62
53 52
27 27
10 41
27 87
60 45
39 87
46 29
56 6
38 71
34 66
4 71
35 10
4 75
24 91
27 23
64 31
58 81
33 76
52 70
14 89
0 9
38 9
22 98
31 32
20 17
21 98
54 6
98 10
74 28
86 29
59 37
96 19
46 59
22 71
42 22
29 81
78 64
44 4
5 85
56 85
72 32
56 43
69 1
68 76
84 49
92 90
75 59
42 0
69 94
8 29
49 65
67 84
3 63
42 52
55 67
25 33
80 25
15 85
75 68
0 53
69 13
26 66
87 13
76 15
80 38
20 20
53 50
43 32
88 90
74 13
99 43
54 33
32 71
78 34
18 28
74 77
60 67
58 4
39 50
65 5
99 19
93 59
92 93
41 24
1 89
10 12
72 66
8 6
62 48
61 73
89 91
13 92
83 44
42 79
96 62
91 82
46 87
85 25
96 54
63 76
27 78
74 26
43 62
76 54
64 37
31 40
24 26
0 81
72 88
25 42
95 74
31 96
16 27
24 87
63 11
36 66
61 41
88 52
21 63
24 92
26 90
35 45
28 71
17 27
74 67
97 69
63 75
74 31
99 5
97 32
39 26
40 19
45 9
82 81
24 60
50 42
31 92
21 83
88 38
57 81
89 47
80 19
54 72
97 77
50 52
83 96
90 68
72 14
39 41
10 3
37 99
20 97
93 14
14 12
86 64
21 55
64 80
6 98
81 14
87 54
80 46
15 5
79 2
20 1
7 41
79 49
31 43
14 58
88 76
7 28
34 34
28 13
33 96
74 56
24 7
80 27
74 65
14 32
67 16
46 40
13 27
24 76
47 11
21 51
47 34
24 13
23 80
58 31
37 40
91 27
17 19
6 71
51 9
47 49
75 6
77 7
93 72
66 82
39 92
45 80
30 82
49 75
87 96
38 0
8 35
51 83
55 20
96 55
44 72
44 14
98 6
32 84
51 78
18 40
69 83
52 88
11 37
48 14
90 5
53 2
95 18
97 20
58 15
18 78
48 63
0 37
29 19
6 96
61 49
79 26
14 43
23 26
18 24
17 1
68 17
81 55
62 16
50 51
16 36
47 45
10 34
42 35
91 57
87 66
72 13
89 28
54 59
60 6
60 69
22 25
35 78
88 71
56 42
3 37
9 39
61 78
19 79
94 52
65 38
41 42
15 70
81 5
38 38
45 62
81 76
70 8
60 89
54 41
82 96
45 83
66 59
89 86
33 34
4 86
45 27
37 17
72 45
71 97
14 94
62 59
83 42
56 79
2 49
59 3
57 37
30 37
75 40
86 46
85 1
35 58
80 15
89 48
51 31
33 74
43 53
99 15
29 91
98 69
25 37
75 75
82 53
41 84
2 55
91 74
45 96
6 41
54 82
6 74
49 3
76 34
63 72
81 68
18 10
82 86
1 54
72 79
60 65
39 84
79 34
90 33
69 24
75 11
77 28
81 29
20 91
89 41
82 68
71 98
98 75
18 87
34 24
74 34
37 74
23 53
33 98
85 49
69 5
17 54
89 82
33 95
16 37
51 11
83 78
64 84
96 35
76 22
2 90
83 50
85 98
37 10
38 87
78 81
62 57
9 91
45 76
82 92
37 11
29 23
50 74
30 63
43 15
80 89
93 24
2 68
33 25
30 27
62 50
72 39
85 68
47 41
49 79
14 46
7 40
21 37
20 5
19 85
10 67
19 71
73 41
51 79
19 40
94 40
30 57
97 10
89 18
3 83
63 27
98 25
88 7
72 17
35 36
46 28
30 31
92 51
6 2
84 85
28 17
96 26
90 41
92 60
82 14
67 97
74 40
86 26
86 70
3 49
10 63
16 33
6 44
0 50
15 40
44 98
71 11
2 72
57 93
76 95
62 39
73 91
31 26
6 24
61 99
13 86
41 74
76 42
93 49
15 31
19 26
28 58
42 3
61 30
29 61
39 42
57 0
77 70
87 35
98 39
18 29
40 60
68 94
19 73
24 39
29 7
19 78
52 64
82 22
77 94
17 58
63 81
68 79
9 88
9 61
71 61
24 35
35 72
75 34
66 62
94 2
35 77
65 90
42 65
62 26
17 4
16 32
11 75
68 80
6 34
49 44
25 87
27 61
9 93
18 31
15 17
41 62
34 46
24 95
44 50
10 30
96 28
59 89
72 78
72 77
63 15
45 64
51 52
95 91
57 75
90 75
35 74
7 73
43 35
9 12
38 83
49 8
11 24
71 56
37 87
1 86
47 18
56 10
15 86
10 16
22 76
75 87
28 32
35 46
89 20
65 32
15 3
89 27
55 46
43 44
31 29
17 48
26 12
90 38
64 93
77 50
6 52
86 28
93 78
37 81
45 20
9 82
11 10
35 54
79 48
41 7
38 30
98 64
93 98
49 73
34 36
47 10
85 72
91 80
4 49
78 13
17 41
59 40
39 14
76 29
16 3
37 95
92 47
15 4
85 84
16 71
14 57
1 36
84 56
24 68
85 71
66 33
16 39
16 1
91 54
94 86
64 90
60 51
77 53
22 19
51 12
9 90
62 60
80 75
36 55
88 8
2 28
9 77
17 97
43 75
6 42
67 20
83 9
63 61
35 83
57 25
20 67
52 48
25 3
52 14
68 50
34 97
42 30
45 66
94 46
54 93
73 95
60 36
36 43
42 40
64 7
84 32
35 81
96 4
75 13
83 86
24 47
39 22
11 13
2 94
93 13
81 41
40 34
25 25
67 71
59 60
69 33
35 70
44 43
78 69
48 69
84 40
45 93
92 77
48 78
40 20
59 96
75 99
23 10
19 46
65 79
38 4
78 41
88 31
60 73
38 90
36 59
22 84
2 0
4 13
68 3
67 32
69 0
73 60
73 90
29 46
27 50
53 5
17 36
73 59
71 49
54 60
63 23
24 46
27 43
80 30
78 50
94 1
84 24
85 64
28 35
16 52
73 69
84 38
78 58
84 61
31 44
99 84
62 64
87 21
29 1
57 62
16 79
65 8
31 63
36 49
5 92
16 64
86 41
10 81
64 15
16 45
52 30
26 8
1 90
96 17
22 45
77 93
2 95
23 64
12 82
21 93
33 79
87 53
64 65
3 25
88 55
80 9
30 86
76 56
0 83
56 37
33 4
59 48
9 81
21 74
32 86
10 83
85 78
98 79
85 61
51 38
26 28
15 45
80 62
66 46
74 53
84 37
22 72
71 74
52 36
26 83
13 67
1 4
23 37
58 45
49 24
7 92
33 29
57 42
71 40
31 79
76 31
53 38
79 82
56 22
98 91
59 98
45 94
30 64
79 77
2 76
57 72
24 97
93 36
62 47
62 25
23 44
31 68
56 82
56 80
72 60
82 87
59 59
53 60
43 30
82 79
84 79
79 60
28 57
89 74
51 32
60 47
75 18
68 26
17 59
92 44
60 53
86 14
89 34
70 11
64 55
88 63
26 13
76 72
19 84
46 49
48 57
3 38
4 94
96 11
61 9
31 36
45 6
21 12
71 82
92 53
50 53
26 25
13 28
34 74
92 28
77 31
9 73
41 32
9 94
76 90
4 96
32 70
42 41
20 57
42 4
84 74
65 67
74 0
80 70
12 25
19 1
71 8
40 46
20 15
34 12
88 91
84 42
30 46
28 2
77 80
5 93
85 93
3 19
20 73
51 59
50 23
94 9
16 28
32 22
32 80
1 58
72 0
47 68
78 46
33 30
55 58
28 19
58 25
32 85
16 29
57 33
11 58
4 88
56 49
18 16
43 82
12 79
60 74
68 91
43 41
82 17
34 53
17 11
87 19
99 18
1 33
27 81
43 22
21 10
7 79
63 96
25 21
44 97
11 4
83 61
25 44
13 0
38 57
68 59
2 22
97 75
83 67
59 35
71 18
61 51
58 79
31 18
34 91
11 45
56 48
37 90
23 36
34 35
8 25
78 56
25 55
47 81
53 15
83 1
46 93
9 14
63 10
70 28
32 81
93 15
65 24
72 22
39 71
58 8
34 87
93 87
54 10
53 16
93 69
5 8
72 74
47 72
33 42
66 14
47 31
13 9
99 25
59 21
45 11
29 48
14 64
8 41
3 33
78 42
23 71
31 13
99 49
12 65
64 70
99 37
52 89
77 49
70 26
72 69
19 5
35 3
91 62
30 73
12 70
37 27
46 42
52 22
97 67
37 96
51 26
4 15
58 44
4 83
48 22
3 44
11 35
94 53
0 49
9 54
79 81
72 58
32 97
13 49
94 25
72 3
33 18
17 40
95 3
67 47
27 60
37 52
63 38
71 92
68 38
15 44
29 40
87 6
33 65
55 47
3 10
63 16
52 47
9 22
7 70
20 55
88 34
15 35
10 28
91 26
54 69
95 44
23 31
27 94
58 78
96 66
79 76
1 94
13 18
98 8
34 47
76 68
78 91
79 55
61 90
50 35
79 62
2 26
0 54
39 25
32 64
97 78
70 76
35 63
78 93
61 35
59 78
67 45
70 72
68 93
94 27
57 40
16 50
3 29
33 20
76 47
66 5
8 1
5 87
14 39
88 14
14 36
36 79
51 48
28 79
97 4
50 48
86 71
17 21
15 59
1 21
7 9
70 73
32 1
73 8
34 41
56 8
96 22
39 59
50 56
31 64
59 10
81 67
12 26
57 90
17 45
74 72
67 2
58 34
35 92
86 8
21 31
75 3
51 50
29 51
69 87
37 70
21 19
26 80
38 31
85 13
57 23
18 13
53 84
88 0
12 67
6 87
10 24
94 63
6 94
17 67
50 66
59 75
24 54
4 53
14 16
40 35
25 83
26 58
48 77
85 94
29 58
40 55
58 65
62 87
81 1
39 7
41 91
91 9
54 97
82 63
44 85
5 58
72 44
29 53
79 14
67 62
1 18
21 75
83 30
26 88
28 76
37 61
22 66
52 0
91 36
74 14
48 15
20 99
43 50
83 91
49 61
95 47
66 73
94 49
0 11
67 83
1 42
86 1
20 44
87 80
88 78
26 55
56 50
33 86
50 77
20 2
51 69
69 9
62 0
85 51
26 21
12 33
40 66
24 64
44 87
18 65
74 11
98 63
1 91
14 18
43 13
5 31
19 20
18 58
36 84
63 97
52 80
46 79
84 11
3 60
23 88
92 76
87 77
29 75
47 19
79 41
5 39
52 63
26 10
18 50
39 11
51 10
9 49
66 81
44 70
17 52
20 41
97 26
64 91
54 30
5 86
78 86
15 60
57 46
24 93
19 72
11 27
85 33
50 34
74 50
94 81
19 51
65 29
57 11
30 39
21 52
53 91
37 37
88 20
20 8
8 18
31 48
74 15
31 53
93 63
13 40
13 87
76 67
41 37
50 86
87 83
37 65
44 35
31 33
19 96
18 66
79 11
66 35
19 61
30 23
38 14
26 38
99 92
5 47
9 4
13 57
29 41
13 90
49 54
10 10
23 76
33 89
9 15
84 34
32 28
38 41
29 20
74 78
40 28
38 39
95 82
50 27
52 10
12 47
92 69
2 18
17 47
80 12
40 67
56 5
24 2
69 31
5 82
65 26
96 98
32 29
80 3
84 95
26 17
51 56
9 48
69 51
93 91
63 94
78 24
54 12
94 28
21 94
10 18
13 80
10 45
50 62
45 8
78 57
6 45
22 61
57 77
33 3
31 77
46 26
21 73
64 64
99 8
93 79
40 56
97 47
39 77
15 2
41 43
21 7
34 95
51 61
69 55
69 28
1 92
99 83
61 13
93 11
16 48
89 39
38 47
4 9
23 81
96 87
90 60
42 76
43 19
79 98
41 57
50 0
69 10
14 48
50 50
16 86
27 47
65 88
64 12
3 88
26 5
27 38
20 22
2 58
97 64
40 32
8 48
54 4
94 20
21 11
23 8
9 10
24 23
49 86
2 13
20 80
38 48
89 16
16 55
31 15
82 25
42 7
6 18
99 35
30 80
43 84
36 42
43 88
46 23
89 65
14 34
83 69
63 3
95 39
10 89
24 65
44 82
32 20
21 47
32 2
1 80
21 17
61 86
85 82
49 38
25 13
86 15
71 70
2 78
20 69
36 48
12 96
35 38
41 21
39 4
42 33
22 73
52 52
26 19
30 72
92 50
20 14
80 0
34 30
3 34
90 24
54 80
75 39
10 48
49 69
69 89
1 71
40 33
87 86
23 40
68 1
1 96
31 56
16 68
75 82
73 76
45 34
14 74
37 88
98 11
23 35
51 22
11 15
88 39
37 0
0 91
56 53
9 25
79 46
18 94
38 70
94 54
2 75
50 5
81 88
55 17
77 20
14 25
75 65
48 47
72 85
28 99
42 54
92 95
81 54
82 44
9 19
71 53
21 5
11 89
16 70
14 76
18 73
30 43
13 47
24 40
77 44
5 83
3 21
74 16
93 77
74 92
19 9
96 48
9 45
7 58
56 33
78 10
91 50
37 75
73 44
65 31
0 79
47 38
55 5
0 86
14 40
61 66
40 62
41 73
27 6
71 51
95 85
28 22
27 95
90 72
40 27
71 64
92 30
54 18
32 59
81 7
10 29
20 88
49 9
20 10
11 69
23 70
39 57
13 76
7 10
61 47
28 28
44 32
72 97
3 2
36 31
96 24
31 90
74 18
36 41
61 84
28 37
94 93
69 93
69 96
84 15
13 35
44 55
23 63
55 9
30 56
42 25
30 70
98 85
0 1
50 1
54 49
85 74
11 20
76 69
19 22
51 28
66 97
36 5
32 83
58 48
70 57
86 67
16 18
84 78
7 72
49 76
84 9
1 77
99 32
51 0
0 62
3 48
1 34
3 87
41 46
4 10
44 56
85 27
0 42
47 86
62 90
18 77
8 45
3 90
39 76
65 36
44 13
9 72
27 7
40 75
6 79
92 39
88 26
19 29
21 42
60 23
66 63
41 67
23 13
99 60
99 87
79 94
92 37
20 45
81 27
76 89
12 89
11 74
94 11
29 29
54 20
59 7
83 31
81 22
75 80
86 87
87 47
10 40
74 20
48 45
0 64
25 61
3 1
73 54
69 54
14 44
34 23
34 93
55 21
18 11
24 5
68 96
12 71
70 61
30 44
17 85
70 48
44 73
85 81
84 58
24 63
21 76
92 6
94 94
74 30
7 86
93 52
98 46
62 75
18 82
83 46
94 83
59 41
69 59
5 55
7 80
88 53
33 59
26 50
16 17
89 43
61 89
45 84
47 24
26 60
73 4
62 5
37 50
31 78
66 36
84 77
94 69
70 39
83 57
41 2
64 22
33 12
48 2
21 87
22 27
57 49
58 80
29 92
59 84
14 33
65 2
32 55
48 10
85 97
52 18
70 81
42 70
70 71
71 34
30 24
67 8
79 88
7 77
75 29
77 91
12 86
94 31
68 66
31 66
0 87
39 46
30 4
73 77
42 23
71 45
63 86
84 31
42 67
77 61
78 31
21 48
15 68
5 73
23 41
59 11
21 20
82 30
60 30
96 5
55 11
5 15
65 15
12 12
49 30
63 4
10 68
43 16
26 41
57 26
90 42
66 37
80 53
52 35
19 32
98 43
55 80
16 91
98 57
16 54
77 33
62 24
72 50
37 85
61 82
45 89
0 57
28 53
65 19
67 98
11 86
99 69
95 23
14 7
47 65
65 4
54 50
89 29
38 23
94 19
91 46
71 21
67 15
92 61
58 14
81 8
94 75
32 62
55 87
68 81
3 26
56 96
36 64
39 43
76 8
54 19
31 50
39 29
5 94
71 6
2 71
97 85
28 85
64 48
3 54
66 49
48 58
55 48
64 87
48 96
65 92
69 15
41 45
96 63
72 29
41 54
74 54
6 81
28 80
10 8
80 90
53 97
83 68
93 82
90 4
71 79
61 1
60 2
64 46
77 89
51 73
50 97
11 41
13 88
48 41
3 20
50 76
35 96
44 76
28 18
39 1
76 10
78 0
33 80
82 99
46 12
65 62
23 99
64 56
45 50
25 67
29 82
71 63
20 76
5 49
15 91
19 27
0 58
68 51
96 23
88 27
11 61
9 29
39 61
91 44
47 92
41 85
15 72
53 33
38 67
79 20
37 31
77 18
13 60
95 79
20 27
96 91
92 84
32 67
71 57
37 12
64 97
62 78
43 55
28 59
64 41
53 83
77 10
22 35
53 70
80 37
31 31
89 51
65 33
90 89
9 9
79 71
33 94
25 18
82 12
18 32
90 10
43 54
41 89
66 93
45 46
9 60
50 58
97 89
62 71
29 69
42 63
7 19
17 93
24 96
18 70
23 34
17 23
48 24
16 43
87 91
26 9
75 41
28 90
64 68
22 18
60 77
47 14
71 14
66 99
35 73
53 72
23 45
24 33
73 98
72 4
50 13
79 47
79 97
13 63
76 84
76 64
3 80
99 44
49 89
72 54
46 73
32 74
18 75
56 0
48 34
94 89
48 46
28 73
71 2
89 73
3 89
91 63
14 67
36 21
1 81
75 20
44 75
53 44
39 66
61 26
49 55
81 15
26 67
97 5
47 60
51 27
30 50
15 78
69 50
56 92
93 23
80 77
25 47
9 42
93 64
37 68
7 65
27 64
78 74
44 88
54 73
31 41
22 17
90 32
47 94
10 13
41 38
37 62
96 32
26 45
23 62
21 84
15 15
24 70
71 85
16 7
43 72
9 96
96 70
55 82
78 72
67 12
69 47
28 96
24 88
87 76
38 64
63 46
0 20
1 19
96 34
59 63
62 53
92 40
24 55
65 11
17 18
12 72
75 9
67 60
25 48
9 31
28 11
48 48
84 1
76 65
72 71
67 93
31 69
77 16
19 86
85 92
17 80
73 32
79 95
63 52
78 44
41 77
65 51
80 73
30 10
37 39
98 7
40 95
36 39
44 18
35 22
86 7
35 67
96 85
96 65
34 16
11 40
57 13
63 0
5 1
53 57
99 36
23 14
47 25
16 92
87 8
27 16
17 8
6 59
40 92
78 76
65 16
45 22
1 78
77 69
91 42
96 38
22 67
9 52
36 28
16 90
95 45
8 67
30 97
83 56
12 32
97 60
49 94
39 19
36 89
49 39
92 73
47 26
90 95
87 99
35 84
48 54
63 34
42 29
58 95
49 62
12 11
77 77
1 43
41 59
15 92
52 67
50 63
43 51
63 39
49 66
39 95
90 36
99 76
22 43
5 70
4 97
65 55
4 30
3 5
22 78
20 81
73 33
40 17
10 86
80 83
69 35
93 41
94 35
69 39
8 63
74 96
67 30
80 5
85 66
66 95
39 40
65 23
29 44
11 63
47 78
65 94
20 6
74 10
15 61
35 47
77 8
91 52
63 19
88 32
45 26
18 59
16 15
8 12
17 29
58 90
82 62
96 57
40 7
65 70
57 87
20 77
17 51
85 42
55 76
37 8
54 58
24 57
70 66
28 14
31 35
87 58
76 17
89 61
51 40
36 75
31 76
91 86
78 5
76 35
62 35
76 11
64 44
95 86
98 59
4 27
57 74
80 42
50 64
7 43
36 2
11 28
12 45
56 55
90 49
35 33
69 97
60 83
37 83
10 58
5 88
30 88
74 62
82 24
73 14
97 24
30 32
77 29
10 27
23 2
2 81
11 50
20 34
72 35
3 35
55 74
93 71
8 96
34 57
14 5
55 98
30 28
86 76
32 24
99 46
86 54
12 48
79 13
8 93
42 58
8 94
76 37
90 19
54 99
87 38
72 33
4 93
20 46
32 17
85 40
26 59
61 98
61 91
16 69
28 68
73 39
43 21
79 28
28 4
63 12
90 79
92 80
99 14
56 62
26 31
69 43
92 18
52 26
36 73
68 99
14 14
32 60
44 48
47 96
64 59
64 88
31 83
51 36
37 49
79 5
31 38
1 62
11 84
29 94
81 25
74 29
20 50
81 48
0 80
99 96
91 2
76 83
14 15
80 58
66 12
91 11
0 7
76 5
65 45
83 92
29 45
1 69
44 6
52 16
27 86
95 6
55 27
57 53
71 65
21 27
24 59
59 30
6 32
21 99
60 10
81 34
38 27
74 70
80 20
20 35
37 24
57 3
90 11
54 14
10 43
23 16
41 65
58 63
37 20
15 36
62 99
41 50
40 47
84 23
34 48
50 33
48 8
38 5
32 73
2 50
29 64
50 21
49 85
3 61
66 32
34 6
93 7
13 42
24 44
27 21
54 31
31 98
97 31
91 66
16 46
52 50
26 57
22 68
18 72
76 27
25 57
51 99
61 0
6 84
94 29
55 23
51 35
64 96
34 38
8 85
71 1
9 57
43 28
66 96
52 27
99 50
71 62
62 11
46 48
73 85
38 85
84 27
73 55
19 38
95 93
2 17
79 85
43 9
20 93
11 6
21 0
15 1
81 23
41 53
26 53
37 77
73 92
46 76
88 97
76 61
5 61
89 79
72 37
35 89
66 9
34 0
10 60
10 36
19 0
87 28
80 49
11 34
49 97
67 35
49 60
46 74
19 24
24 36
84 44
73 86
99 7
44 20
96 16
94 37
69 32
44 45
23 95
99 48
33 45
12 60
95 15
13 61
75 49
75 64
26 74
58 57
48 75
18 20
83 66
11 93
71 78
34 58
49 91
6 89
91 21
4 56
13 30
75 51
89 88
65 91
3 96
7 26
96 56
35 35
4 77
3 45
22 12
9 47
97 21
81 36
30 49
35 42
75 92
36 19
3 97
70 43
62 74
58 83
32 92
64 8
32 27
47 32
4 59
72 70
53 67
2 57
67 74
78 85
56 60
90 52
0 3
72 53
59 77
18 96
25 2
38 16
34 51
8 84
67 1
73 82
2 99
44 44
77 42
26 98
21 65
24 14
37 47
3 86
50 3
87 22
6 17
85 35
71 22
49 27
84 90
9 43
81 20
6 7
88 86
84 93
2 12
96 18
50 98
78 28
76 4
48 90
47 54
15 95
67 92
8 90
57 70
62 68
87 39
43 83
60 92
35 80
2 8
79 53
60 11
76 41
60 26
94 82
31 58
79 51
54 45
11 56
31 65
40 94
62 98
34 49
63 77
88 5
24 34
68 92
16 72
30 48
14 78
87 63
24 67
46 33
67 63
22 69
49 83
10 78
76 79
42 91
27 12
51 88
28 75
47 33
55 68
41 17
30 8
33 70
51 77
15 58
66 69
39 36
13 24
31 67
99 1
30 5
30 29
72 41
85 65
74 23
51 76
39 8
6 9
26 18
50 93
31 10
73 19
67 68
32 5
59 87
43 85
69 60
21 2
1 50
30 58
36 0
95 70
21 71
72 38
4 92
64 30
72 62
24 41
46 58
36 44
33 16
98 82
53 76
29 14
21 54
97 8
81 40
11 42
18 14
25 7
87 73
11 73
13 81
60 52
20 53
56 67
55 10
93 62
4 1
79 16
48 40
37 32
99 53
70 93
85 21
23 72
4 12
85 39
0 78
10 69
37 42
77 78
25 79
78 51
74 79
78 26
29 42
57 8
87 93
40 65
40 9
43 59
20 9
82 71
93 50
66 90
31 9
64 42
57 41
38 25
53 94
95 32
28 51
4 26
13 55
76 51
38 46
75 17
74 45
0 44
30 77
17 62
43 48
6 86
90 39
36 62
75 5
16 85
79 75
92 41
14 97
51 80
23 58
64 19
10 35
46 85
36 13
35 69
81 13
73 2
26 77
62 34
45 88
94 98
36 82
51 34
50 96
41 94
16 21
16 94
57 78
23 93
13 72
8 95
53 87
58 7
51 39
61 19
36 40
98 0
18 6
40 15
44 31
84 48
98 1
96 71
61 76
36 76
76 45
22 21
46 53
6 22
18 93
0 71
57 7
71 94
70 19
29 18
80 86
23 6
79 50
35 1
14 85
35 94
58 82
55 93
74 91
35 87
52 81
63 24
40 26
29 93
40 88
98 47
90 48
3 56
29 98
61 44
71 96
62 42
4 65
28 42
84 72
38 34
37 60
3 13
91 89
46 36
77 73
33 6
64 81
99 42
89 6
1 63
62 22
74 24
27 88
18 88
32 78
69 92
63 82
94 92
72 10
66 56
85 95
73 31
92 78
66 20
26 26
90 50
83 54
59 32
39 67
43 92
29 56
70 63
6 95
49 58
22 79
24 74
97 23
53 73
83 24
98 56
14 17
6 65
65 85
72 48
28 29
69 79
4 28
70 29
0 72
63 5
53 41
55 30
96 25
45 38
85 91
16 99
66 86
62 67
80 63
22 64
51 86
45 59
24 51
27 49
7 0
9 66
22 93
40 36
71 80
35 8
70 52
67 33
74 63
56 11
73 89
43 12
25 20
90 55
12 55
50 67
92 57
18 84
29 16
9 79
61 57
21 88
89 54
15 74
99 62
87 7
4 21
9 0
58 97
34 78
89 69
70 62
59 81
12 99
21 90
2 29
5 22
3 42
68 37
66 22
8 56
47 48
62 44
41 6
65 44
41 29
33 15
90 25
27 26
17 44
23 89
30 71
11 92
36 51
49 32
30 84
25 99
24 80
17 81
29 11
25 51
50 54
13 84
42 64
97 27
55 39
36 69
32 65
81 18
18 48
12 2
41 20
80 67
36 35
42 83
65 52
37 86
14 53
58 38
12 16
14 55
44 60
75 22
0 6
6 47
2 69
41 10
88 9
72 11
22 82
92 64
27 75
28 74
7 13
13 22
68 69
38 21
40 11
46 63
52 58
6 3
53 55
4 72
16 12
89 50
86 96
59 15
51 47
58 88
34 80
24 49
42 47
58 19
10 62
65 89
35 43
25 92
6 82
51 89
22 41
33 62
65 18
15 33
75 19
46 19
39 99
66 26
16 41
57 36
53 66
28 61
40 61
10 84
41 0
93 92
63 71
39 56
34 20
4 20
32 58
50 40
71 35
79 61
52 82
33 28
81 69
60 90
66 25
34 3
75 1
9 26
57 10
32 61
77 14
60 55
43 11
30 17
6 10
25 74
65 87
22 39
51 20
49 12
86 48
16 8
0 60
68 45
13 78
58 56
45 7
64 74
30 74
63 87
49 70
64 13
64 4
19 88
6 20
5 11
56 39
52 96
50 45
26 56
83 21
77 74
22 58
0 70
72 91
39 78
22 48
35 7
90 15
23 20
8 50
38 96
92 43
19 41
17 5
40 6
46 1
71 33
29 62
14 93
59 55
19 89
47 63
3 75
56 41
80 72
54 7
64 58
51 15
25 35
18 23
88 81
66 10
51 90
40 79
74 27
84 55
58 52
67 23
49 74
23 98
1 11
43 60
35 97
66 6
84 66
86 85
29 52
94 12
75 72
44 69
55 24
26 69
52 55
73 87
14 23
89 13
72 93
38 19
36 25
33 57
23 68
50 91
23 0
35 37
43 6
34 19
38 6
66 52
40 93
3 93
83 84
56 45
17 92
25 19
2 5
43 63
40 97
22 11
35 23
67 94
44 71
94 80
82 41
56 16
94 3
25 90
90 40
17 16
19 10
18 1
32 36
58 69
81 94
3 52
91 90
5 50
76 57
1 3
32 68
85 28
88 21
13 54
32 63
24 43
95 51
22 13
24 72
2 98
35 9
96 50
23 1
78 66
82 19
6 66
13 17
90 92
27 80
20 42
53 48
9 83
85 43
92 25
86 30
93 66
37 30
33 83
64 16
67 53
54 29
15 22
13 19
59 9
49 95
91 22
41 18
83 18
55 33
85 0
93 0
36 95
51 57
30 9
13 66
41 22
10 2
51 14
54 81
93 67
37 54
16 10
97 42
58 5
70 99
14 62
50 78
30 13
47 7
34 73
53 42
96 64
50 26
53 81
12 36
32 14
13 73
52 37
89 99
37 28
42 51
3 17
85 77
49 42
53 49
63 7
63 37
48 84
15 97
40 42
92 65
97 49
24 29
52 44
50 17
21 3
41 58
39 54
4 5
0 15
42 18
24 99
21 1
42 60
42 10
20 16
87 59
42 39
75 48
69 22
76 87
37 55
66 34
54 85
27 84
25 30
48 82
28 7
32 39
18 44
41 93
45 74
36 83
19 92
98 32
29 0
76 44
52 79
78 78
91 92
5 24
95 72
43 47
58 21
19 39
80 29
27 52
16 57
57 69
60 50
82 35
39 52
22 63
95 9
12 20
40 91
67 40
25 15
96 97
12 43
75 35
80 14
89 98
95 10
27 0
60 21
2 7
64 24
61 11
48 85
90 83
52 6
67 65
28 3
85 79
3 24
8 42
42 89
72 57
12 78
14 0
32 77
99 94
59 95
75 83
96 46
28 70
37 84
95 75
10 14
72 65
31 55
66 83
42 8
52 23
80 44
20 70
70 56
82 51
45 4
34 32
43 37
32 47
98 12
60 43
51 53
60 37
8 79
62 70
79 30
12 37
70 41
78 11
19 19
11 46
33 49
52 51
76 53
39 97
64 33
90 97
80 55
34 29
5 65
84 96
60 88
54 65
92 98
66 74
28 94
87 85
11 91
78 39
44 66
99 85
74 87
10 93
80 66
67 5
88 37
51 72
87 98
68 83
30 75
93 83
75 4
77 75
84 89
45 18
45 86
58 68
55 49
33 55
55 31
26 27
12 7
2 65
46 30
11 99
29 8
5 27
6 36
98 97
58 54
37 80
46 15
8 57
23 27
40 85
39 38
57 21
42 68
10 46
8 7
14 87
16 95
47 47
55 96
49 93
14 68
22 65
32 89
16 14
57 22
56 24
20 49
89 1
6 23
59 26
5 63
38 82
33 64
73 57
99 34
81 37
26 14
79 57
30 19
48 72
46 5
40 25
56 34
98 36
50 32
24 83
41 90
22 36
40 64
95 68
60 87
58 60
89 24
46 56
75 32
36 78
81 10
79 45
22 10
30 41
65 99
38 43
78 52
16 51
63 26
98 72
2 87
83 38
36 4
12 34
12 81
94 95
70 12
51 62
85 6
45 14
48 18
11 78
70 64
41 80
77 41
97 43
62 54
7 87
69 82
64 38
16 44
99 99
65 46
2 93
89 85
2 27
5 84
56 44
88 40
89 52
39 37
96 42
41 76
55 22
59 90
26 30
13 50
8 75
70 49
32 19
52 54
30 85
23 5
80 87
62 61
88 17
11 62
6 62
20 65
44 86
61 59
91 7
29 39
5 30
37 71
58 3
51 64
9 55
5 23
77 3
54 24
81 26
18 53
60 18
4 80
88 89
19 49
26 71
29 34
72 73
83 14
4 73
70 79
11 49
56 68
63 2
15 83
94 62
99 41
64 11
94 15
10 51
71 24
51 70
60 95
78 67
76 91
98 94
58 49
63 70
5 44
76 78
31 89
24 81
40 80
22 29
71 89
61 36
0 41
71 12
60 94
91 37
39 0
84 69
13 13
49 84
4 55
15 80
61 8
6 99
88 59
81 91
35 50
49 82
20 37
59 23
61 43
49 14
86 33
38 68
49 72
25 86
1 61
74 71
46 7
33 61
68 73
36 9
0 59
98 38
66 29
16 98
8 16
25 39
9 89
4 82
57 66
49 92
14 11
65 12
67 26
95 25
87 24
25 45
66 84
56 71
59 69
3 94
42 61
97 13
61 7
38 26
11 3
24 20
30 35
9 62
29 89
4 61
48 88
86 62
35 65
1 97
39 91
70 18
99 33
81 63
34 92
27 54
6 69
38 55
93 73
55 92
79 9
79 18
32 16
92 1
67 95
67 25
74 25
65 20
14 66
59 0
82 59
15 20
28 64
75 90
80 50
1 93
46 92
82 31
0 25
54 90
23 54
80 88
27 5
12 59
15 65
87 79
58 17
50 82
33 24
26 36
45 79
52 83
3 23
15 51
88 12
91 55
59 36
54 96
59 17
82 1
29 49
45 28
28 30
89 96
27 90
78 92
70 34
25 49
9 87
17 57
57 27
51 75
40 87
13 53
33 36
30 2
20 4
23 30
18 56
24 37
80 16
6 83
35 68
74 86
67 29
73 15
94 57
60 97
0 40
12 28
35 59
72 67
54 5
55 18
98 58
67 27
53 78
73 29
69 19
76 21
53 85
1 44
9 65
7 74
27 28
72 1
38 62
79 91
65 73
32 98
14 31
56 18
19 25
64 36
71 68
51 58
18 2
81 79
54 92
67 56
58 20
0 48
71 4
85 8
91 15
75 28
85 47
39 53
39 47
48 20
65 1
82 38
48 31
33 93
16 97
45 24
97 82
89 4
81 99
60 62
94 73
9 27
55 78
97 29
1 72
75 52
57 35
47 97
85 44
60 58
48 53
80 10
85 52
62 8
55 94
77 64
95 57
71 31
91 56
11 54
74 75
72 21
29 72
9 35
64 45
80 98
7 51
96 60
55 16
99 23
12 87
51 67
94 64
41 11
63 1
55 28
27 65
95 16
58 53
84 76
1 82
32 48
80 1
70 40
21 67
40 73
25 27
51 43
95 73
19 91
56 1
9 58
15 67
44 89
36 87
41 33
8 10
57 63
15 93
79 56
83 70
54 39
27 39
42 82
69 63
31 45
76 32
41 48
16 20
70 70
65 97
89 62
91 85
53 10
0 4
61 37
19 17
32 3
12 41
37 45
90 66
63 56
60 39
78 6
83 3
11 39
47 70
17 53
91 96
26 94
57 80
56 28
65 76
62 3
57 28
18 36
4 29
64 83
12 61
22 8
57 32
74 58
13 89
83 45
1 55
40 37
29 35
17 84
32 21
42 57
3 91
13 1
54 83
5 9
90 27
34 62
52 45
87 94
44 46
85 57
21 79
17 96
67 55
21 60
20 25
27 73
67 86
41 28
46 9
85 70
81 11
67 72
4 23
73 37
30 59
74 69
66 55
78 17
55 14
65 53
94 42
61 83
74 47
47 8
5 35
80 99
23 87
22 86
94 99
26 91
95 94
47 15
95 58
73 53
21 25
71 77
88 44
38 95
34 22
30 60
30 18
43 52
48 1
75 38
46 57
84 91
43 69
98 9
65 75
49 20
53 59
44 22
7 81
35 44
56 27
41 68
66 11
88 22
73 48
17 71
58 11
68 65
58 94
81 86
26 33
78 29
43 90
3 32
11 79
38 50
13 3
34 89
8 92
13 69
63 80
72 15
15 84
81 38
41 96
61 56
13 82
8 19
9 1
33 2
56 25
92 97
57 59
59 79
54 32
40 22
83 34
94 36
14 98
72 95
73 96
92 0
87 90
80 35
45 72
52 20
39 82
92 58
36 23
93 34
9 2
20 83
17 49
59 1
21 91
0 24
74 32
74 2
80 97
32 32
33 91
68 15
76 28
29 17
19 35
99 82
23 22
36 45
57 79
70 65
22 28
90 14
27 92
3 6
11 59
42 85
17 28
34 8
71 90
45 23
75 26
65 40
72 64
5 48
35 62
48 51
27 9
45 91
45 43
93 75
70 46
29 6
46 96
87 78
91 1
81 50
23 19
7 95
52 94
22 23
66 61
54 27
94 39
78 21
82 75
43 65
56 73
24 69
22 30
58 87
8 24
31 72
40 29
22 14
64 85
1 26
64 5
45 51
64 53
82 77
12 22
25 77
2 48
49 96
8 82
12 17
1 75
62 45
34 77
72 72
99 47
3 0
2 37
24 18
82 72
1 41
66 50
31 42
48 62
72 99
84 53
68 61
88 41
80 11
25 16
22 24
0 98
52 77
2 53
39 32
75 25
91 34
11 26
44 96
94 72
57 14
47 42
42 72
35 53
44 93
50 68
59 13
0 52
65 9
8 2
0 97
36 77
98 50
62 41
22 40
22 37
74 21
4 98
89 32
52 76
11 32
73 9
77 90
6 13
90 57
45 31
95 62
30 96
29 66
28 62
83 72
32 40
66 58
19 60
7 62
88 36
85 34
48 83
92 33
54 54
59 64
72 90
49 45
33 8
61 25
73 72
38 88
36 14
79 84
95 90
57 2
94 85
48 13
35 20
6 11
36 27
2 63
10 9
12 10
67 18
9 5
67 50
10 23
57 85
61 22
75 45
21 56
56 77
42 55
27 46
72 7
1 8
52 31
20 71
20 43
88 85
56 61
65 81
19 81
41 75
62 86
57 67
19 52
24 62
89 44
78 33
2 36
16 9
23 67
4 57
53 45
99 6
64 17
40 39
69 29
53 98
66 54
25 26
77 2
14 99
88 82
17 75
0 45
86 89
3 58
83 51
72 31
63 64
3 15
36 26
39 34
25 62
78 49
70 85
18 86
46 99
50 83
38 7
62 32
67 90
30 1
76 80
71 95
91 75
83 71
65 93
39 72
36 81
77 99
31 86
97 3
19 21
20 28
71 87
33 60
19 87
62 65
10 25
35 13
66 48
39 2
54 43
20 48
91 45
41 55
51 94
89 33
64 89
59 34
43 86
51 1
25 17
50 55
22 57
81 64
63 51
95 92
77 17
65 43
89 7
58 85
46 45
72 46
69 68
80 6
2 56
55 12
46 90
69 67
10 75
2 10
71 28
6 63
46 94
19 43
3 18
98 84
95 20
86 0
6 61
76 39
97 0
1 22
97 79
35 39
25 70
83 65
52 65
93 39
30 99
76 23
99 79
62 21
50 7
33 66
20 30
87 15
4 47
40 99
46 13
99 88
10 91
8 34
82 21
4 84
81 49
52 17
83 52
21 33
85 2
53 17
37 35
56 66
99 24
70 97
17 37
17 15
10 5
28 31
87 75
50 25
74 7
6 92
40 54
74 44
90 93
70 10
58 74
14 59
72 47
18 89
95 24
99 45
0 5
93 76
18 37
25 95
89 5
65 35
10 96
20 38
62 2
92 68
54 64
19 34
94 51
12 95
63 91
88 64
91 94
77 68
38 45
36 88
7 78
47 71
42 34
22 3
6 26
35 19
83 82
21 61
74 93
84 65
54 91
48 37
90 7
53 90
5 5
89 68
25 40
5 25
60 82
28 5
53 75
20 85
20 36
90 86
8 71
63 88
2 66
50 79
60 66
17 42
0 96
52 40
80 85
42 66
62 83
66 47
80 80
76 0
31 8
77 81
3 92
89 90
59 66
75 97
78 48
27 3
67 70
48 97
66 85
78 73
29 12
8 51
64 0
54 40
25 75
58 40
67 51
99 27
35 86
88 35
31 3
72 27
74 39
44 33
18 4
34 85
42 37
15 8
68 9
22 4
97 30
72 80
68 16
4 24
84 8
18 71
69 76
13 41
12 49
55 43
3 59
64 52
22 92
64 3
77 39
63 63
85 85
66 38
89 37
84 86
50 60
15 37
88 15
34 67
66 68
77 48
52 97
62 37
88 83
14 65
85 24
26 63
30 67
95 2
7 61
60 25
92 63
45 48
28 93
75 77
68 67
13 43
24 71
75 91
39 93
81 51
57 12
93 61
57 55
12 68
67 4
18 95
59 50
5 37
39 3
72 36
30 21
97 99
93 97
24 73
98 55
8 17
39 31
18 30
61 61
5 74
33 44
64 94
93 22
47 56
84 47
60 63
55 77
47 85
61 38
57 88
95 76
41 86
50 94
39 10
52 68
89 45
83 97
43 23
14 41
68 49
32 23
46 69
20 89
71 91
27 22
13 85
68 35
75 23
20 56
97 84
23 92
88 56
54 88
47 64
8 53
57 82
62 96
89 80
23 65
21 92
12 9
40 77
4 42
39 88
43 43
42 11
72 83
28 89
7 48
13 58
75 71
88 46
99 78
52 66
82 2
65 22
90 54
11 25
39 28
82 4
35 15
22 90
34 56
31 70
20 87
3 51
38 40
95 21
4 7
32 26
73 24
22 70
2 4
79 3
59 16
83 81
3 84
0 17
30 61
19 16
29 9
79 12
76 6
73 67
17 25
7 25
78 12
56 38
68 47
12 57
99 81
7 54
16 87
73 18
36 65
54 9
15 42
93 44
17 82
9 50
2 74
13 32
28 50
7 75
68 95
26 48
93 5
42 86
8 30
87 1
55 13
70 38
0 8
49 11
69 6
10 72
20 78
94 17
85 3
65 50
28 40
8 43
78 20
6 60
89 87
59 25
80 8
34 81
38 81
45 37
58 73
91 13
26 61
95 53
88 19
30 79
8 39
91 64
82 32
15 14
50 87
18 90
96 45
1 76
49 31
59 45
31 49
48 73
80 79
3 14
12 80
39 23
8 13
6 25
30 33
69 25
86 59
23 17
95 55
36 85
60 96
61 28
63 45
16 2
13 96
14 56
11 33
74 3
40 78
78 94
28 8
24 11
54 48
68 34
22 91
75 57
36 92
14 20
98 18
92 16
21 14
38 98
41 95
69 65
87 17
74 76
14 96
16 80
71 23
15 25
82 8
70 3
37 23
55 81
36 24
42 94
0 95
13 79
77 65
66 24
38 91
40 5
52 60
96 83
65 59
38 92
34 82
37 59
77 52
14 79
84 19
70 78
41 15
23 49
25 10
78 32
18 12
91 93
19 97
87 34
27 66
46 20
58 39
11 81
74 49
27 34
90 69
17 9
28 83
38 97
38 20
83 43
20 79
31 61
4 62
6 31
92 45
7 34
86 16
54 0
65 57
21 9
14 82
42 9
25 78
34 99
73 99
50 71
86 27
60 17
87 5
4 38
81 90
35 16
31 95
21 26
34 14
95 42
87 97
36 52
77 1
31 74
9 40
21 80
50 75
32 51
8 20
82 76
38 79
26 93
13 97
35 40
69 38
26 44
69 98
17 86
60 86
84 30
28 38
14 50
89 14
93 47
29 88
27 33
88 24
41 9
14 22
49 17
74 43
80 7
30 42
21 34
59 39
72 9
49 49
31 17
59 74
26 51
6 30
79 93
82 83
4 36
9 32
41 66
46 18
89 26
98 3
22 99
70 88
10 80
89 76
63 36
25 43
3 82
96 73
70 53
11 57
51 16
70 80
93 3
79 44
60 16
88 4
58 16
2 82
9 71
49 33
14 95
69 95
52 15
73 56
47 55
59 2
84 68
49 47
21 96
98 52
35 18
23 11
1 40
68 10
33 10
86 25
23 24
18 27
76 98
89 23
6 12
95 41
93 42
9 13
2 54
55 52
43 20
64 40
71 13
53 88
86 51
34 68
3 28
70 5
92 3
69 3
76 19
86 18
41 1
72 12
82 82
32 53
51 29
74 35
57 16
1 73
40 69
46 98
49 77
40 14
23 52
8 99
54 15
63 49
96 99
51 91
29 28
71 15
61 27
69 30
9 78
51 74
11 87
71 88
15 55
35 95
49 21
61 96
12 21
46 66
98 17
98 87
30 0
77 66
36 17
91 60
18 21
56 97
87 32
98 62
12 74
68 33
17 26
11 94
52 8
69 46
87 51
84 14
68 31
81 93
5 19
14 6
53 11
49 99
45 42
88 18
17 46
68 5
60 42
45 57
46 65
15 50
88 10
32 46
1 60
83 8
71 19
85 53
95 95
33 26
3 81
94 7
88 50
91 18
84 52
84 12
1 84
49 56
48 94
47 36
2 84
6 46
98 13
0 36
78 80
59 56
19 93
83 47
68 39
44 47
38 52
1 13
93 45
42 95
41 41
14 4
89 46
96 13
5 18
93 33
18 67
95 19
65 65
98 77
19 75
47 84
27 10
83 16
46 38
22 38
56 13
14 10
8 21
65 68
89 97
44 63
4 46
74 57
67 42
27 97
49 37
74 80
8 89
93 57
90 18
51 49
48 4
0 10
86 65
91 98
76 94
99 16
88 3
23 91
33 5
82 52
57 92
51 30
26 35
60 8
87 89
11 31
88 93
38 37
61 45
83 11
69 52
0 89
16 13
43 14
32 88
93 51
10 88
55 25
61 65
34 94
5 78
48 93
37 25
9 64
61 17
57 91
96 81
16 24
35 99
70 60
48 79
22 62
55 99
99 57
22 20
51 46
41 69
86 13
22 83
23 79
10 98
96 94
16 0
6 8
74 42
87 49
13 25
71 84
94 68
67 21
40 40
21 57
12 50
32 72
34 60
12 94
43 26
77 72
65 41
72 43
78 16
36 70
64 71
44 19
1 17
47 17
88 45
30 36
97 62
56 95
44 40
70 15
44 83
99 58
90 51
50 30
58 84
52 57
26 0
51 60
18 15
23 42
64 32
80 60
32 15
54 66
39 81
15 47
42 53
33 9
42 28
89 8
46 52
11 88
77 5
73 25
44 3
97 61
2 14
9 67
2 25
43 7
18 80
5 54
99 74
84 46
15 21
5 57
5 91
48 81
14 72
58 32
66 92
91 17
77 97
46 47
86 21
38 51
32 94
77 71
23 96
95 0
54 42
19 64
28 63
41 30
3 47
26 11
55 66
10 92
63 53
44 15
12 40
16 25
19 6
82 23
83 15
64 57
8 80
69 27
32 11
31 57
52 78
3 62
28 66
97 76
82 66
93 88
97 17
87 82
62 38
89 49
85 30
75 96
28 98
94 18
29 38
97 37
49 46
39 60
77 56
65 63
19 15
51 55
20 39
88 28
87 31
29 57
15 43
76 50
94 58
42 20
10 39
89 75
48 27
33 14
96 20
0 16
83 75
70 36
15 9
47 16
97 86
53 30
77 38
32 82
3 65
63 55
46 77
79 38
32 56
91 5
7 96
37 76
1 29
1 15
65 64
38 80
29 33
45 16
86 38
64 73
12 88
11 47
7 12
2 30
46 2
89 70
60 3
77 76
2 3
56 90
12 98
61 12
86 95
98 92
33 78
52 56
71 46
85 23
96 12
25 41
82 69
35 82
67 10
44 24
23 82
56 23
80 48
29 59
14 47
53 8
0 46
94 78
63 62
38 32
45 36
91 12
54 11
71 17
88 1
11 64
68 41
9 30
55 34
69 66
95 30
15 11
80 32
39 35
94 61
76 55
20 0
40 71
19 99
43 17
86 37
51 37
90 16
36 30
38 72
31 28
33 99
67 49
77 46
73 34
37 67
8 44
88 49
50 2
15 38
68 87
11 71
64 39
62 63
70 9
5 4
69 48
97 74
70 42
31 62
57 4
91 69
81 57
6 27
85 14
0 22
4 76
20 63
9 17
42 27
88 70
48 3
38 24
26 86
56 7
68 13
70 45
60 20
5 53
99 72
25 80
51 42
41 78
52 95
19 23
21 16
79 99
1 47
93 96
42 24
5 76
24 6
20 58
68 57
50 22
79 27
16 66
53 32
44 17
40 24
88 77
29 68
52 69
6 16
69 18
70 47
62 94
43 64
70 23
43 67
79 80
7 50
0 21
76 75
40 10
76 62
90 3
4 79
93 32
88 79
40 48
27 77
40 59
22 96
84 21
2 86
29 10
36 47
8 52
58 51
62 85
86 53
89 55
11 66
54 78
32 45
52 98
60 84
99 3
46 22
88 92
86 63
59 27
51 17
53 99
9 18
46 32
16 56
47 79
74 5
39 45
30 40
49 78
6 21
36 3
28 41
44 42
29 2
41 26
35 71
82 20
43 2
45 54
43 46
86 9
24 98
73 22
59 70
58 23
1 27
2 44
25 64
93 81
64 47
54 34
56 91
40 63
57 86
59 19
55 4
42 81
15 28
22 44
88 25
92 89
30 90
13 6
32 33
33 53
65 77
24 28
73 12
43 96
23 78
54 67
93 2
1 24
97 25
33 87
63 14
1 28
67 99
88 98
38 89
25 38
42 5
22 26
23 73
93 25
59 97
44 64
9 95
19 82
38 74
77 87
75 30
26 46
41 4
79 40
81 89
16 96
71 66
26 23
77 26
0 76
65 56
24 9
97 11
36 67
82 46
19 30
61 70
44 51
81 12
24 32
6 80
17 13
87 3
48 55
0 74
24 78
71 83
93 60
6 19
72 16
47 69
12 85
78 96
16 47
57 50
83 12
82 84
41 44
12 42
79 74
94 10
29 50
72 23
99 12
51 21
65 54
98 45
86 58
45 44
82 94
63 6
86 39
34 90
46 55
98 33
33 33
75 98
93 84
52 53
67 41
70 92
62 15
15 34
36 74
87 40
53 53
88 58
40 0
38 44
17 3
19 77
90 82
65 60
79 64
47 43
77 88
60 35
96 41
68 74
13 83
92 59
31 24
14 45
24 27
60 13
19 33
44 37
5 0
50 14
55 95
32 35
26 20
55 8
4 87
97 68
92 71
54 25
36 93
83 41
34 52
91 72
89 57
54 35
13 15
39 48
73 16
66 17
14 71
33 84
21 36
73 42
62 69
32 50
19 2
86 19
35 79
68 72
71 32
28 78
65 0
12 1
0 65
40 58
22 94
55 44
80 82
3 30
78 8
30 95
4 35
59 58
44 5
80 78
63 50
7 15
97 57
92 26
63 48
78 90
90 78
70 21
31 51
56 94
12 13
92 49
30 89
34 72
62 10
16 38
48 52
61 15
31 19
15 77
5 7
78 19
22 0
76 60
44 79
98 76
39 5
35 11
86 80
6 88
57 39
27 13
23 21
47 3
40 76
37 43
0 43
15 26
71 75
60 46
91 71
83 7
62 49
96 10
43 94
31 71
92 12
66 41
0 0
70 16
26 2
81 60
16 19
13 31
22 52
45 75
50 69
5 51
96 68
24 94
11 17
18 68
61 77
91 20
86 6
82 42
94 13
53 40
66 91
1 95
40 49
7 91
54 74
59 42
93 1
53 63
76 1
56 26
33 77
53 96
23 23
44 58
89 92
30 34
10 47
23 33
75 74
62 18
77 4
61 23
4 99
9 85
8 58
57 95
64 10
89 72
8 5
41 61
59 6
88 67
31 46
45 15
17 99
71 71
36 1
61 6
85 20
2 32
19 53
50 49
56 47
9 98
61 40
61 21
35 6
18 54
73 66
80 65
63 73
88 96
7 59
36 38
5 62
95 12
82 0
51 68
2 20
26 43
31 60
31 1
75 16
15 29
18 22
54 75
78 97
4 32
14 70
24 17
98 31
75 0
53 43
51 98
56 51
13 7
42 21
74 64
66 44
14 1
47 61
91 51
57 65
58 86
17 7
93 86
5 69
43 24
35 5
11 16
98 34
26 75
24 0
79 89
59 8
91 4
12 44
53 26
87 68
27 48
57 38
99 86
12 75
67 3
38 65
49 50
56 84
26 97
41 25
29 55
4 48
10 85
21 53
49 51
31 30
73 47
79 90
19 94
63 29
94 79
83 59
82 16
20 96
17 95
67 9
99 10
5 2
34 27
71 38
21 43
27 24
16 5
56 14
41 3
80 21
2 21
58 43
56 65
67 69
80 17
67 0
49 28
6 35
59 47
73 97
95 1
70 33
3 79
13 64
1 31
38 56
84 6
78 70
45 60
95 31
62 46
83 0
42 84
78 14
9 56
55 90
70 58
2 80
93 58
81 6
25 68
50 9
27 37
15 19
91 81
36 33
64 26
59 24
67 76
98 67
60 49
3 27
67 43
66 78
7 18
86 57
74 74
49 41
66 23
82 73
60 91
16 11
70 27
49 88
52 61
44 25
25 52
8 74
71 86
40 74
9 92
68 43
42 26
64 35
19 62
62 4
12 27
3 74
55 85
76 9
1 87
64 62
91 47
13 16
1 74
42 71
4 16
56 36
54 98
43 33
59 61
3 73
25 65
47 27
31 59
32 66
77 12
75 67
98 99
2 60
11 12
12 52
56 15
83 76
73 43
19 68
74 66
77 51
25 72
37 36
17 31
4 68
60 57
10 1
33 68
33 7
48 92
23 15
70 67
77 11
55 79
45 55
82 33
64 51
61 54
43 73
28 87
13 77
11 97
20 52
0 33
26 85
57 76
27 53
34 2
30 26
0 88
49 48
59 12
45 21
83 85
67 44
90 31
43 99
45 25
71 5
9 97
18 3
82 50
69 58
17 35
63 99
62 77
49 7
32 96
15 75
13 2
98 90
86 77
12 97
37 3
88 75
82 11
96 1
59 31
19 95
93 43
89 9
29 84
70 50
72 56
27 2
90 0
26 78
41 92
40 96
34 18
67 87
90 6
7 17
47 98
24 25
80 94
34 69
45 40
66 40
4 67
56 29
91 31
29 37
44 68
76 66
81 32
92 83
21 45
98 37
36 86
58 27
86 91
68 89
67 67
11 65
93 85
97 97
64 1
69 44
86 55
53 9
75 47
43 3
59 85
66 21
22 32
65 3
0 55
83 39
12 5
8 60
21 32
52 21
34 5
26 15
7 38
18 57
97 36
24 21
97 54
9 28
9 41
10 32
90 77
80 13
24 8
76 7
78 65
69 70
69 71
29 36
87 2
93 35
80 54
20 60
48 9
92 23
92 22
78 71
90 34
28 91
82 74
1 20
27 59
38 12
28 82
16 88
21 22
92 56
16 42
40 8
93 48
67 66
68 86
32 38
97 7
32 30
19 31
89 17
59 94
50 43
52 11
99 11
89 21
52 38
47 91
74 60
36 15
7 83
60 98
69 8
35 66
39 58
98 4
78 18
90 1
68 54
22 6
13 4
98 93
20 72
5 52
98 61
4 34
22 77
77 57
19 3
82 57
12 38
89 64
78 40
33 19
51 25
70 4
35 90
84 18
24 50
0 85
79 63
7 82
81 45
13 95
5 20
54 70
18 76
80 93
87 69
48 44
98 20
62 14
15 18
56 76
38 33
4 81
71 52
39 15
46 24
13 62
18 25
11 2
51 66
18 41
68 12
88 88
77 55
77 63
3 9
25 58
53 14
0 30
35 0
4 74
96 96
79 17
3 85
16 63
90 29
90 87
83 49
17 65
75 37
76 16
84 71
43 34
56 58
2 23
12 62
91 70
43 95
34 21
63 47
48 61
86 20
98 22
50 29
26 84
92 24
10 82
33 82
82 90
43 31
55 55
46 88
22 7
83 13
51 97
58 77
29 32
7 32
90 43
91 38
32 52
98 73
25 89
79 36
39 68
28 49
8 22
20 12
70 87
35 60
44 11
1 10
35 49
58 58
30 20
96 39
1 46
70 24
82 13
23 39
83 73
31 84
70 13
80 28
4 8
34 65
53 36
33 50
94 0
55 64
60 56
10 21
27 42
30 22
16 60
57 47
36 72
89 35
94 88
31 14
64 6
25 96
57 83
70 30
8 9
22 42
10 56
97 53
77 0
67 37
6 73
79 29
73 7
8 11
84 16
57 31
32 6
91 83
29 77
0 18
98 54
60 7
23 50
29 30
11 96
5 26
62 72
62 36
96 31
70 90
64 79
58 91
36 32
2 15
66 28
89 12
99 93
66 2
59 99
42 1
22 54
54 53
82 36
68 70
78 79
50 65
81 24
35 12
93 99
60 41
37 73
45 67
44 77
12 64
99 0
48 71
46 37
25 4
94 34
86 10
37 53
41 47
75 53
66 4
15 13
2 83
73 20
16 23
64 25
56 32
8 65
27 70
22 75
67 75
31 27
18 97
42 36
61 3
58 33
33 81
79 67
98 44
93 46
83 35
68 36
70 98
68 97
28 33
50 90
51 13
67 38
94 16
12 39
46 44
47 28
76 71
67 57
48 16
46 60
4 0
99 95
42 6
7 3
73 3
82 7
67 54
38 69
52 4
61 24
38 10
96 77
24 61
33 56
97 2
70 91
43 0
35 27
87 52
9 44
6 43
13 65
1 5
60 76
49 29
98 28
78 68
22 88
16 35
64 86
53 0
77 84
98 41
4 41
82 97
73 64
45 78
25 14
0 90
25 11
62 93
34 64
13 94
83 36
70 32
79 65
8 59
86 2
12 58
5 79
31 85
57 19
34 96
99 21
81 16
89 36
73 1
61 93
76 86
30 53
37 6
53 28
94 59
26 64
15 89
42 92
40 1
43 93
66 30
54 55
39 94
26 39
76 46
42 13
91 84
92 87
50 16
86 69
20 62
74 33
4 51
93 19
83 95
54 63
59 5
94 41
48 98
31 2
66 18
99 52
70 89
48 17
74 1
62 43
43 76
8 8
41 51
42 88
63 90
66 72
28 92
55 40
60 48
77 98
65 95
25 60
39 13
25 76
95 80
8 32
91 61
79 78
13 20
65 66
57 17
48 29
97 48
21 35
37 2
96 58
79 92
83 4
73 35
27 8
67 46
88 2
35 2
28 10
78 35
38 73
77 86
25 6
52 39
7 31
56 56
64 20
22 22
97 33
59 52
83 2
44 84
93 6
95 8
46 80
27 31
51 85
77 96
35 85
21 86
12 29
42 38
42 12
99 75
85 75
43 58
7 30
27 17
48 50
76 74
7 47
76 36
99 17
69 80
36 8
76 88
18 52
6 53
7 7
82 61
23 61
57 18
36 46
8 0
21 97
37 78
47 80
34 61
53 1
86 45
80 24
6 68
41 35
76 81
10 33
67 36
40 31
14 21
10 26
94 70
35 30
10 7
1 37
31 12
84 63
28 52
55 61
11 9
42 97
60 40
91 32
67 77
14 49
31 20
55 71
57 71
44 80
33 52
10 71
55 63
10 0
87 48
87 67
74 41
66 88
94 96
40 82
84 39
88 62
50 6
40 23
22 16
82 67
59 76
10 74
27 83
65 27
68 78
57 24
17 6
73 49
41 83
51 93
85 62
7 90
73 17
46 67
86 75
86 35
56 20
26 89
30 78
11 70
81 35
56 40
11 11
56 87
80 64
8 40
80 51
80 4
11 80
71 73
97 1
74 97
26 1
55 37
87 11
29 15
1 45
61 60
94 76
20 84
44 30
82 60
62 30
59 4
83 20
75 63
97 71
79 68
81 56
41 72
5 77
71 59
68 8
80 95
99 30
74 61
62 23
27 62
73 79
57 97
60 64
49 22
77 6
59 67
39 64
7 35
7 69
91 3
50 72
37 9
41 39
47 46
46 62
53 54
59 73
85 7
42 17
43 68
75 15
15 7
13 99
48 11
17 89
70 83
19 42
0 94
38 3
38 13
40 16
53 24
83 6
21 78
60 61
93 12
37 18
98 86
28 9
36 98
17 87
58 61
65 48
77 47
66 70
33 21
19 55
68 30
89 93
85 29
49 64
2 91
2 73
62 66
53 77
52 74
19 57
15 39
14 90
32 87
71 36
8 88
47 93
30 6
23 38
64 61
47 88
79 32
80 91
70 14
91 29
77 21
21 30
21 89
3 95
50 12
25 69
49 5
77 19
41 88
35 4
14 8
67 31
37 33
11 77
92 74
45 39
74 19
77 27
78 23
84 33
24 45
62 31
31 6
97 83
42 80
23 3
80 40
9 33
62 79
99 31
36 94
90 13
60 54
72 76
94 71
17 14
24 10
4 45
1 88
61 53
26 37
1 16
86 61
26 96
68 71
46 91
1 70
35 41
12 91
17 63
90 12
4 18
96 8
55 60
11 44
83 63
5 75
5 10
90 63
53 65
9 6
45 12
64 49
21 81
23 47
39 75
96 84
38 15
74 81
84 7
75 62
56 88
68 0
5 90
38 58
80 69
91 6
81 17
25 94
7 89
16 34
15 41
31 16
0 35
87 0
20 24
54 79
79 73
65 14
76 52
58 50
60 75
74 8
70 17
62 62
37 58
55 15
82 18
27 11
97 44
65 42
80 92
95 52
31 94
98 14
49 26
10 49
47 82
49 81
44 62
75 81
93 20
96 82
25 8
5 43
74 36
25 98
91 23
39 65
39 70
10 99
17 20
88 95
38 77
98 42
25 93
49 67
2 47
88 33
3 98
61 92
54 46
63 25
45 45
22 49
58 70
33 69
44 28
80 31
23 56
90 71
73 13
27 57
60 99
32 13
20 32
3 50
77 58
86 74
56 99
58 75
40 38
34 50
45 98
65 61
44 27
21 28
95 98
66 15
8 83
44 7
53 51
83 40
79 6
77 67
78 37
15 94
17 24
8 91
46 81
18 79
50 8
66 76
50 10
52 9
10 95
43 4
61 55
14 75
92 11
72 42
51 96
69 57
90 62
33 47
76 25
4 22
15 56
93 90
18 51
47 1
87 29
55 59
59 51
66 16
95 13
16 75
76 73
15 87
27 18
0 93
61 71
81 72
17 12
85 26
3 78
79 1
17 0
95 81
35 93
98 35
25 24
49 6
36 57
96 95
27 63
39 98
41 16
72 40
51 81
30 12
20 61
52 99
1 2
31 75
70 2
61 29
53 13
49 40
3 7
20 74
75 58
98 53
10 70
59 86
81 97
70 84
96 9
63 66
3 66
93 37
64 34
33 63
2 96
47 4
25 29
75 73
11 8
12 15
31 25
21 13
3 22
23 28
30 51
57 96
41 99
14 84
55 19
35 28
2 38
44 34
53 58
85 89
91 28
37 22
7 76
85 58
37 41
11 0
60 15
87 30
7 24
58 13
64 14
98 78
98 74
2 92
48 68
63 59
31 73
14 81
24 82
46 50
70 20
79 79
91 95
18 33
70 95
33 51
25 81
55 50
27 98
41 13
61 75
93 18
18 34
76 24
8 14
15 27
3 43
66 27
93 94
91 30
39 44
73 63
76 12
60 34
46 43
33 73
49 23
0 26
90 30
45 68
56 46
75 33
75 24
86 12
58 89
42 87
26 95
84 83
68 14
21 49
14 88
48 21
83 94
13 75
92 67
98 49
64 9
50 70
41 63
2 2
0 77
52 19
50 59
60 93
85 86
74 55
51 23
87 45
55 70
94 21
5 38
75 76
37 15
75 95
62 17
53 25
65 78
43 80
20 90
85 59
20 3
7 53
88 42
27 14
45 52
91 65
89 25
19 66
20 66
5 64
24 86
78 3
53 22
37 46
50 61
97 63
48 89
99 4
40 70
85 41
84 81
35 91
89 77
3 40
56 2
56 74
67 79
34 70
91 8
95 88
73 36
44 21
98 98
27 29
1 99
88 84
17 10
81 70
11 76
0 66
44 1
57 48
6 67
52 73
16 65
49 63
2 85
31 99
2 6
50 38
97 50
69 64
95 49
28 15
42 74
43 97
87 84
1 9
6 28
4 3
69 88
99 80
17 77
54 13
95 61
79 52
63 22
47 13
40 45
26 73
62 92
82 34
11 55
56 69
37 66
76 30
23 74
10 57
75 86
81 65
99 13
52 90
6 5
57 98
23 60
39 55
84 94
59 53
9 34
78 59
3 72
74 4
99 55
41 79
42 42
38 99
33 38
73 84
