100 3
34 63
17 86
85 56
79 37
87 89
68 80
2 69
34 59
51 53
81 0
91 61
26 90
42 74
51 47
33 35
9 99
13 14
0 33
50 70
21 25
17 5
47 71
43 50
57 48
37 84
26 0
63 63
38 52
43 48
35 60
1 24
5 8
82 43
24 97
72 67
43 72
97 83
23 41
52 95
81 58
16 3
24 44
15 99
52 35
59 54
79 36
79 80
9 71
47 91
20 68
39 92
90 47
11 67
23 46
14 82
3 48
16 36
72 17
88 32
87 55
52 52
96 44
64 11
32 75
5 36
0 87
46 97
7 23
8 89
11 84
22 67
32 93
95 37
41 69
85 99
87 87
47 82
49 74
56 85
22 68
22 30
26 22
23 82
82 38
83 75
21 68
95 73
67 43
99 32
51 87
50 11
20 3
33 14
75 14
7 65
7 62
66 51
76 74
76 14
56 61
64 79
73 31
66 50
45 42
99 22
17 76
43 66
90 25
48 54
24 68
46 18
41 98
53 9
29 66
95 25
26 35
43 29
67 0
8 1
81 15
66 9
59 3
86 72
22 56
30 89
39 75
83 1
31 26
74 27
48 0
91 88
24 53
4 42
72 4
80 36
92 25
59 16
15 86
45 64
95 28
99 29
74 30
4 31
53 48
42 38
73 43
90 43
96 45
95 16
67 49
8 49
96 88
86 18
62 69
98 23
16 80
76 91
62 82
15 80
97 86
60 6
24 92
58 93
72 24
84 43
87 63
70 49
68 54
74 63
82 4
5 52
84 80
95 31
51 30
38 16
86 64
17 73
61 88
80 61
83 44
28 34
24 61
52 25
76 79
93 6
43 53
77 25
85 14
39 42
23 97
61 58
94 30
63 78
6 72
76 54
81 17
34 65
41 53
32 29
52 66
20 36
64 10
18 12
31 70
0 23
24 74
68 88
15 41
76 20
77 20
20 50
17 32
54 61
54 58
64 75
6 42
46 67
67 93
65 74
79 68
44 54
71 96
15 87
50 76
75 43
77 74
15 6
82 19
28 25
63 43
19 56
67 28
35 41
42 40
54 65
19 10
70 8
64 42
21 29
18 51
16 15
25 63
41 47
19 94
14 68
73 30
84 85
30 25
73 29
31 84
95 43
56 87
70 3
43 55
83 78
2 84
70 15
34 77
80 38
82 78
74 52
40 95
66 48
74 43
75 94
36 47
28 95
32 72
78 86
3 43
13 34
18 71
75 56
29 38
5 58
18 27
93 34
69 97
54 47
80 2
78 55
60 0
52 51
29 96
99 1
98 97
27 6
8 71
70 22
65 91
18 17
39 30
78 81
11 59
13 95
70 83
3 19
19 78
28 20
94 24
31 59
19 2
0 62
87 3
2 38
50 23
55 93
50 56
99 72
92 83
11 35
98 20
21 88
87 79
75 8
65 6
71 39
66 78
30 14
33 97
97 94
56 32
66 90
52 33
71 84
81 48
86 11
46 31
37 12
61 79
55 22
66 36
25 6
67 13
27 5
8 98
64 72
56 79
1 39
89 92
30 98
82 97
8 70
8 30
89 44
44 60
35 35
60 49
30 19
43 67
66 62
55 47
46 93
42 62
52 62
23 89
94 52
70 41
33 12
7 80
25 90
60 70
48 74
31 52
13 83
20 54
2 82
72 39
97 36
58 52
71 77
16 83
29 31
44 29
92 12
50 74
43 47
65 43
41 6
17 18
1 36
36 44
26 99
27 99
81 21
6 59
28 44
13 96
95 36
77 32
3 9
15 24
95 58
63 84
77 69
58 72
76 47
83 97
95 32
87 60
82 2
78 56
94 86
71 70
74 56
24 47
89 7
43 73
79 81
84 55
62 11
50 19
66 76
77 98
55 73
96 8
67 96
16 79
72 30
21 54
64 6
54 15
79 51
97 5
97 34
68 90
7 50
53 37
92 44
2 5
16 9
18 48
78 52
17 47
26 96
61 29
91 90
57 83
85 73
39 88
98 17
84 73
1 42
22 1
25 74
71 95
37 60
34 9
57 71
9 10
91 65
25 64
80 80
70 47
70 36
85 90
74 67
40 44
32 47
19 67
27 65
83 90
3 74
59 12
34 0
71 76
2 89
75 83
26 23
45 56
31 96
13 94
92 16
86 94
42 5
45 54
30 67
94 5
6 87
85 72
1 52
35 22
7 55
55 55
23 44
8 26
71 48
15 27
60 66
81 7
86 99
34 14
62 1
77 51
46 28
77 26
51 93
71 53
15 85
47 24
18 87
97 93
90 71
89 86
19 86
95 1
77 30
23 81
92 15
76 67
4 5
95 5
63 53
45 50
72 42
58 98
16 96
71 23
57 13
84 16
29 32
84 62
81 25
15 78
13 78
71 4
10 90
27 46
81 2
36 23
1 37
6 1
33 72
61 64
74 76
18 8
73 95
72 82
3 0
62 49
80 22
89 72
45 21
46 0
61 14
73 58
51 97
92 26
32 45
96 35
49 64
30 35
17 48
6 83
18 9
92 35
65 48
32 40
55 23
73 17
53 14
58 39
11 95
26 66
43 32
41 11
59 94
58 47
42 56
12 91
66 17
0 48
4 62
11 62
22 72
35 18
8 56
98 76
67 24
93 33
25 47
42 13
92 79
59 32
72 52
41 86
27 23
50 7
58 96
90 73
48 89
17 16
76 62
63 70
7 51
78 8
0 94
17 13
84 0
0 54
17 21
36 12
49 78
84 98
88 93
93 96
69 92
55 81
75 81
47 37
83 49
21 59
86 26
66 60
89 69
56 82
11 36
89 16
94 0
24 16
33 22
91 29
86 24
97 76
38 75
54 20
19 80
55 97
90 3
79 35
72 49
39 7
44 80
58 54
67 82
27 24
55 63
41 37
6 48
17 80
56 10
5 17
17 2
79 73
87 34
31 27
33 59
10 87
24 18
69 66
19 74
1 57
60 80
43 6
60 21
19 61
58 10
51 84
98 50
62 55
71 60
40 43
46 57
18 99
21 70
93 59
93 58
11 72
1 44
29 3
38 48
67 81
44 93
64 25
72 58
14 99
12 39
73 49
3 3
38 54
94 62
6 4
80 29
5 30
54 91
57 64
42 23
87 37
36 87
90 14
82 46
91 64
47 7
39 89
57 78
53 73
62 63
74 12
95 90
69 13
39 56
60 84
65 85
5 99
97 22
89 12
31 63
46 73
80 55
53 72
77 62
44 4
20 37
72 79
21 99
28 50
60 71
5 59
6 41
70 80
38 7
46 66
55 96
34 41
14 47
88 63
68 39
59 52
54 52
26 26
40 18
24 58
48 12
65 16
72 90
3 90
67 98
14 67
36 81
6 28
54 9
80 86
15 28
90 98
88 24
54 14
44 50
85 98
25 84
32 82
93 95
54 63
45 85
1 79
19 79
2 36
2 27
85 66
21 57
66 26
43 85
90 56
64 77
54 93
60 82
1 29
61 39
7 47
68 10
55 61
21 96
17 46
2 72
91 45
37 76
43 34
42 22
48 13
45 71
11 37
87 48
86 10
8 43
90 96
9 23
35 21
59 85
81 53
47 16
41 15
18 39
69 69
81 56
1 92
75 64
76 59
10 92
43 44
62 35
20 33
8 61
76 2
87 2
41 17
9 61
5 44
28 66
79 0
13 45
98 62
54 73
37 55
34 1
51 86
71 65
67 61
7 68
32 35
28 31
73 65
93 32
16 17
98 92
80 49
42 92
36 16
29 9
69 55
26 61
51 99
14 46
20 65
5 54
15 62
84 28
17 52
81 43
39 47
17 77
53 58
64 35
95 80
8 27
62 52
37 85
5 21
57 51
41 25
58 74
10 43
10 42
2 60
22 65
13 44
23 85
56 31
5 79
20 82
46 83
7 59
43 82
89 20
45 17
76 77
28 87
1 15
46 87
95 50
89 89
69 68
30 17
64 15
88 70
99 87
78 71
39 28
18 94
71 16
65 21
60 72
32 58
90 34
78 97
47 77
1 17
23 15
13 79
35 98
43 40
73 61
7 61
15 9
7 13
70 17
36 55
79 69
50 14
97 99
63 98
36 33
96 12
54 28
98 0
52 6
65 18
1 75
12 16
85 60
22 94
11 9
52 86
85 1
20 45
20 32
80 70
30 84
28 24
89 17
64 8
77 52
66 87
89 84
32 95
0 74
58 22
81 1
79 62
61 62
60 30
9 55
82 62
97 40
67 95
96 26
31 21
39 26
13 52
64 39
58 7
54 33
64 57
52 96
64 17
76 23
62 92
70 1
83 26
69 51
22 9
73 68
4 21
25 77
66 92
70 10
23 16
83 53
25 51
18 61
24 26
0 38
59 56
35 70
52 45
80 81
79 78
51 82
38 10
35 69
44 48
26 16
49 20
5 94
35 59
90 65
61 60
99 94
27 80
59 30
42 4
47 61
38 82
29 10
25 86
43 69
87 62
56 18
39 78
10 60
84 40
47 22
33 41
53 16
72 93
25 96
69 31
48 85
33 69
20 81
91 4
76 85
62 77
1 54
83 59
9 97
59 91
72 11
86 40
73 63
17 83
49 38
2 52
17 1
56 73
22 82
47 62
28 55
77 0
26 95
98 57
97 69
6 17
23 39
96 98
67 7
39 91
25 76
81 72
67 85
80 54
38 36
30 99
6 76
6 61
71 83
51 35
40 34
29 15
19 35
42 9
91 67
51 29
48 95
63 50
64 55
1 77
47 45
78 26
34 27
14 2
95 72
68 73
25 29
85 26
44 66
90 94
81 23
22 48
53 96
45 5
66 19
51 41
23 43
28 79
74 35
24 3
19 85
96 3
9 47
12 9
17 66
41 83
36 56
56 28
41 22
92 53
65 33
1 26
80 73
56 88
17 22
1 25
30 20
95 78
79 40
45 48
9 79
57 90
65 82
62 27
86 78
6 25
13 59
70 38
25 33
50 61
57 63
92 6
85 91
55 80
47 85
32 46
11 31
15 3
80 69
6 73
86 57
78 15
36 79
91 78
61 50
76 65
88 68
59 28
31 10
49 81
50 28
62 56
70 54
55 89
85 35
32 87
93 86
69 25
30 27
88 95
68 89
36 71
94 35
81 12
49 79
41 24
43 14
22 7
33 26
12 45
78 91
73 22
88 23
18 77
60 2
16 60
19 17
82 29
33 0
55 12
79 42
5 87
72 85
29 21
93 27
58 65
33 63
6 11
30 45
68 61
52 36
14 0
31 61
9 73
5 67
88 31
77 1
13 16
72 33
75 71
29 35
41 76
31 97
95 27
20 5
36 18
40 72
44 9
36 49
78 58
64 83
11 51
88 19
3 12
65 89
30 44
87 68
67 16
23 79
49 40
5 82
37 27
78 87
40 61
73 37
37 36
33 78
81 87
54 27
2 9
41 56
80 89
96 9
5 48
73 83
93 43
65 11
87 74
76 55
10 11
56 58
0 16
20 58
56 27
52 26
6 6
60 14
0 8
34 89
11 52
79 10
93 99
34 5
51 68
67 56
91 35
22 36
23 72
33 71
32 10
51 31
42 10
45 87
64 97
68 50
81 11
6 39
7 27
25 78
57 19
69 49
78 78
39 11
1 88
86 35
3 4
27 4
90 74
41 44
99 84
34 58
12 18
72 51
11 8
49 45
64 30
52 65
73 28
82 23
70 25
33 38
47 67
77 22
25 85
66 66
35 54
13 0
34 6
9 94
62 32
91 38
2 96
24 32
14 66
80 17
50 93
31 51
0 41
44 73
56 26
3 44
71 75
44 0
16 28
28 10
63 24
40 21
47 15
12 30
20 72
71 61
74 6
88 22
26 54
86 49
82 56
36 32
34 39
90 90
75 1
0 45
0 49
69 85
14 11
90 86
43 39
6 33
69 2
38 64
98 60
68 71
54 83
60 17
92 76
76 51
24 9
89 48
68 25
91 9
1 61
58 28
18 45
6 86
71 5
95 33
94 97
58 75
58 32
54 75
9 81
46 79
3 46
71 27
0 84
78 45
79 25
49 48
51 42
6 98
91 36
35 45
83 0
68 15
28 3
69 62
69 70
42 55
82 15
91 56
25 67
46 25
45 91
30 48
52 44
57 70
23 71
88 87
98 9
96 15
12 95
19 43
97 37
84 45
44 98
70 74
87 51
11 50
30 82
44 49
2 26
11 75
35 6
46 38
9 5
75 3
35 81
81 92
61 94
65 46
76 15
38 81
47 12
66 52
54 72
15 4
9 45
91 46
33 10
96 78
25 9
63 89
88 76
62 89
35 4
13 24
83 74
35 40
28 71
49 26
51 48
70 30
48 72
16 6
44 5
8 0
76 90
87 81
34 55
79 70
72 0
13 72
5 78
35 82
32 30
50 21
54 13
49 9
68 0
28 65
26 27
7 12
39 45
9 64
38 35
45 11
37 17
29 22
66 59
66 11
0 31
96 11
91 41
71 93
7 99
55 83
75 61
94 50
69 84
14 69
49 52
83 35
24 86
29 63
86 12
93 50
3 77
66 31
94 59
83 79
37 30
83 47
37 98
78 20
16 22
57 81
21 74
99 93
50 46
67 26
84 82
6 66
90 46
27 15
86 60
66 41
26 39
73 24
56 13
30 6
0 3
98 58
24 51
21 26
35 30
12 21
63 33
24 7
87 33
9 68
45 1
81 31
34 24
65 0
9 78
40 37
93 57
14 23
86 67
24 59
32 49
36 98
89 0
8 60
49 65
5 72
85 18
51 37
57 5
57 65
68 27
45 3
21 32
87 95
99 83
38 38
13 4
86 31
81 19
77 31
90 49
97 9
12 13
68 7
2 21
68 20
32 57
80 28
86 73
94 81
25 60
5 40
62 80
56 62
3 81
30 54
17 26
7 0
79 15
11 6
27 50
47 52
53 65
50 83
54 39
28 4
79 4
74 57
97 44
5 2
43 23
4 0
21 44
92 91
96 32
80 7
23 68
17 35
7 39
29 40
79 92
95 38
26 98
32 52
94 61
27 79
91 52
62 65
86 59
97 10
17 98
98 26
95 61
50 59
35 8
23 80
50 60
35 26
97 63
87 36
83 16
87 65
40 88
34 32
51 73
4 89
96 14
70 21
47 1
88 17
83 99
98 84
26 42
13 38
35 2
69 11
62 78
9 72
53 15
51 55
71 13
66 0
27 92
92 77
58 79
52 76
99 30
7 26
71 73
33 70
93 51
47 10
32 4
92 85
58 0
72 50
35 36
95 88
82 12
7 78
77 79
9 50
25 32
32 89
3 35
30 63
68 3
44 67
84 84
13 46
8 10
34 10
43 17
26 47
59 88
75 96
69 7
74 18
95 24
35 25
95 95
74 55
38 20
10 69
1 2
3 13
70 11
55 18
40 79
10 64
11 87
58 70
55 57
32 5
33 47
4 78
17 63
48 2
38 90
98 10
18 95
47 66
11 81
69 20
17 36
80 76
13 48
3 79
29 58
26 71
73 34
9 36
27 52
40 52
1 35
28 86
35 51
22 58
63 75
83 64
77 36
28 11
81 34
69 24
99 99
28 17
13 91
34 80
5 5
91 37
48 6
55 54
85 40
75 49
74 8
66 12
30 10
85 86
83 73
84 48
15 45
77 77
57 77
55 69
94 85
16 19
18 80
45 32
13 17
18 5
81 41
50 58
40 29
12 11
31 62
90 82
18 55
90 72
62 37
85 12
35 37
89 18
77 24
44 8
14 84
9 57
22 10
51 57
20 96
14 29
45 60
6 97
21 49
70 69
32 54
82 24
9 33
80 88
13 23
10 39
6 79
12 75
62 98
90 64
19 99
72 95
68 48
16 69
85 89
45 30
45 59
74 11
64 14
89 40
33 20
63 67
68 47
19 87
70 44
56 35
77 21
46 75
40 20
63 23
83 93
54 35
57 45
5 16
78 42
77 76
39 49
71 91
76 12
81 93
59 89
32 71
65 54
79 98
93 14
97 54
77 29
25 69
11 76
58 36
15 93
16 51
55 64
56 17
83 12
35 68
96 21
97 0
39 86
61 24
48 14
27 71
81 60
28 88
47 79
63 87
86 13
49 44
39 43
80 64
92 47
37 37
3 49
48 61
45 6
33 61
42 86
11 90
41 78
23 86
23 67
80 32
38 27
1 28
14 28
68 26
31 83
38 28
87 6
16 39
81 80
42 79
2 28
68 14
10 93
44 16
56 55
94 29
11 15
71 11
35 85
64 45
18 83
74 64
94 44
78 68
32 17
80 5
32 6
4 68
50 78
63 92
86 90
80 52
56 8
23 99
5 68
18 92
55 24
9 96
19 73
60 58
18 16
82 96
42 41
19 81
64 23
40 60
22 46
5 42
60 74
42 16
44 89
12 76
34 19
1 23
13 67
74 42
37 10
9 69
58 38
10 6
70 37
99 0
77 60
94 39
56 97
45 47
93 75
8 3
56 72
13 40
22 93
82 92
81 27
51 59
82 3
49 46
70 76
93 77
38 87
28 60
52 87
58 61
65 10
31 68
31 4
16 85
84 79
72 91
91 55
58 4
22 21
74 53
48 9
79 6
32 48
93 42
97 72
48 79
37 8
88 33
36 74
3 76
53 17
87 5
54 36
7 94
1 3
99 31
22 69
29 86
90 84
44 21
55 84
98 86
40 83
70 59
90 51
97 28
24 56
36 48
23 23
53 30
90 50
18 20
93 40
87 71
32 79
86 71
87 73
8 88
24 80
65 83
60 38
45 78
66 64
64 2
74 25
60 69
89 22
97 25
9 28
76 94
42 71
66 73
39 63
10 88
14 4
85 69
18 18
2 19
87 18
34 38
93 61
10 34
52 58
24 52
25 95
89 85
69 15
94 88
60 86
30 87
17 91
70 78
49 73
39 39
24 23
85 74
59 81
4 73
60 27
41 49
47 84
21 48
73 70
13 36
96 38
52 13
26 37
40 22
68 69
63 34
26 18
39 22
61 84
79 13
27 96
61 1
20 63
26 45
75 34
81 35
74 80
95 12
30 42
84 76
93 70
36 17
22 66
40 2
7 2
63 36
54 74
53 27
39 61
9 95
22 38
46 62
28 9
70 61
10 56
24 75
66 28
61 70
20 27
67 39
73 62
20 48
54 70
33 54
5 66
11 68
75 12
15 83
72 38
23 73
99 76
92 89
87 69
18 34
57 91
8 48
12 35
71 1
13 12
16 89
9 49
47 33
43 18
74 59
23 25
73 91
12 37
98 15
96 46
50 31
78 76
50 51
51 15
4 93
38 47
8 82
65 19
92 66
55 49
65 80
7 42
66 69
29 16
28 0
89 60
26 14
18 4
16 44
29 19
6 37
61 77
41 5
15 60
35 16
35 50
21 80
29 67
86 93
29 64
32 60
76 76
55 95
3 25
60 73
81 85
61 46
42 67
27 33
20 4
25 97
17 90
89 33
17 40
67 52
48 48
52 89
43 58
0 85
18 76
41 68
92 19
19 68
0 68
79 65
25 91
95 6
4 22
95 97
29 72
21 4
24 67
17 82
61 57
98 19
9 70
82 0
86 80
89 50
89 82
32 68
55 75
83 45
32 1
23 95
62 45
6 10
88 12
83 17
28 90
17 8
51 58
84 75
6 81
20 19
53 41
84 17
0 77
1 87
18 26
47 8
27 37
38 43
98 11
4 27
39 48
42 78
88 58
97 88
20 92
71 85
86 9
78 47
8 75
93 56
94 4
96 67
39 53
96 49
29 65
26 64
81 55
61 35
49 93
19 84
3 72
29 52
74 38
81 73
78 40
79 60
70 16
75 58
61 45
42 43
43 10
50 27
43 2
85 65
37 53
72 31
19 24
72 41
10 98
68 76
90 39
74 92
46 78
84 32
64 98
56 80
89 51
30 53
9 48
30 1
19 20
89 30
7 20
12 97
8 58
73 45
69 99
37 73
6 70
77 80
47 21
78 6
41 90
23 11
37 75
34 98
23 50
80 42
38 58
76 53
67 53
77 88
35 57
45 92
6 26
46 49
17 49
24 39
87 26
92 8
88 96
1 94
56 64
63 22
23 0
66 74
15 5
29 62
97 13
98 6
85 55
39 37
29 95
5 20
63 77
59 18
35 12
31 50
55 37
80 65
80 98
24 38
77 7
96 71
24 21
98 37
63 25
31 16
20 46
83 30
76 71
34 4
34 15
86 44
77 44
47 9
46 47
34 79
54 95
56 30
20 74
8 29
99 90
45 18
1 59
80 15
57 98
31 34
89 75
44 13
83 56
30 68
42 95
87 32
7 5
54 62
15 66
62 7
32 73
54 31
13 65
45 65
8 24
70 96
22 84
40 67
48 63
19 11
15 11
9 27
93 0
75 26
3 39
63 69
25 34
56 14
70 62
9 16
71 71
77 50
24 82
82 42
84 86
68 19
22 51
47 86
36 62
68 94
61 32
6 94
86 32
4 54
40 81
87 96
43 90
36 35
71 54
49 54
71 90
56 22
10 21
42 21
56 16
45 34
44 58
99 10
0 60
87 80
99 69
35 47
61 23
63 29
99 59
29 14
14 70
68 97
97 24
81 68
61 85
53 74
82 73
71 66
91 98
88 71
33 96
62 9
86 36
45 79
95 98
18 54
37 3
56 60
84 9
3 66
37 78
48 36
5 26
95 21
48 88
94 10
20 91
86 20
12 43
16 87
15 32
15 95
30 62
99 81
14 39
75 76
79 20
33 29
17 89
63 90
64 1
57 31
78 10
20 0
83 36
83 32
73 5
52 0
63 99
63 82
58 6
29 45
12 87
62 2
74 32
48 99
5 12
36 11
79 7
75 89
81 86
76 3
48 58
95 57
66 13
97 80
7 36
78 80
38 29
37 57
16 30
16 27
44 2
8 23
42 90
60 83
46 61
78 82
22 42
32 28
92 32
43 0
43 25
39 25
45 27
71 18
59 64
94 57
10 36
78 96
39 54
8 5
99 37
32 76
8 12
60 55
88 1
24 83
42 82
10 8
86 91
8 95
26 19
97 14
69 0
73 92
21 34
11 78
35 38
9 31
57 37
33 24
82 98
93 54
96 87
99 47
6 38
73 8
0 86
32 88
50 15
63 76
14 50
10 66
8 84
32 9
76 1
44 39
21 18
97 21
31 82
94 14
65 26
37 50
70 77
92 7
35 48
31 5
25 75
60 8
22 92
64 50
95 20
74 75
15 89
37 56
14 80
69 46
22 97
32 61
16 72
45 31
9 35
60 24
79 50
10 35
54 21
97 32
87 42
56 48
90 76
47 23
98 2
23 49
14 40
67 63
64 64
44 75
95 63
44 88
43 95
12 51
78 95
65 97
11 88
79 24
59 24
87 44
79 49
31 39
51 65
54 0
89 81
55 25
86 33
30 23
3 6
80 48
34 91
84 31
48 97
53 54
46 56
45 67
41 13
27 26
46 51
7 9
88 85
50 32
24 88
94 34
49 50
77 86
49 96
82 94
13 11
90 41
46 60
65 36
44 77
33 92
93 47
50 79
64 27
68 83
65 31
68 16
13 19
47 51
59 1
66 88
66 55
96 57
71 6
48 51
86 38
38 56
61 89
77 99
34 22
93 17
89 76
88 29
24 42
74 81
34 93
52 91
45 36
58 60
80 92
4 63
46 54
6 89
91 63
41 2
58 99
57 7
41 48
59 17
6 50
65 65
12 80
52 30
5 49
49 41
36 0
75 7
60 81
17 24
57 73
12 89
59 51
59 33
75 55
70 45
98 73
20 35
77 78
75 36
64 59
4 72
74 97
63 6
74 39
91 92
91 87
15 50
88 64
23 48
43 1
74 54
66 71
28 38
82 54
66 33
43 65
59 62
14 86
48 80
10 53
19 55
25 89
61 4
56 90
84 41
83 65
47 76
61 7
18 70
7 15
39 10
22 99
56 37
12 84
65 49
16 94
10 47
30 83
53 62
98 70
22 64
44 84
38 98
55 14
21 10
40 91
43 20
35 91
4 2
23 66
76 64
60 44
91 93
31 3
53 6
43 76
66 25
47 38
7 3
28 78
85 52
30 15
82 70
50 50
86 30
2 8
27 73
35 20
42 59
2 15
53 52
31 18
75 46
2 88
51 80
25 82
3 69
59 93
34 11
35 10
0 12
34 33
24 62
6 2
22 59
94 51
84 42
28 42
69 43
45 13
59 23
86 53
25 55
4 91
17 61
37 2
29 76
72 77
21 77
94 6
97 35
64 22
59 83
49 37
36 46
88 14
0 92
32 38
71 92
77 48
83 92
54 22
21 33
31 35
48 40
48 49
87 86
37 65
19 59
31 30
23 87
42 75
75 33
73 66
21 78
41 57
47 31
54 64
56 94
51 0
92 49
0 55
11 96
96 39
70 12
1 96
20 88
26 11
31 1
16 93
94 22
13 55
64 71
0 28
76 0
93 73
37 62
73 20
60 87
54 67
60 22
28 15
13 74
40 19
11 1
84 29
28 67
91 59
43 7
80 79
36 13
48 87
15 79
46 71
27 78
2 16
78 25
1 7
99 50
93 78
58 59
24 13
56 95
88 89
15 23
40 85
81 76
71 24
2 87
64 51
20 44
78 83
41 9
9 53
3 86
95 35
51 5
10 27
42 51
77 55
95 53
46 12
56 7
23 4
82 55
37 16
38 1
53 35
44 33
57 10
0 78
73 90
75 80
60 75
36 85
29 7
37 13
31 54
77 96
92 2
28 43
80 83
33 18
12 85
6 45
93 67
13 20
1 76
91 77
81 47
41 40
79 75
5 38
85 49
45 77
36 76
23 5
77 95
8 86
0 0
23 88
12 49
57 66
92 39
99 78
59 44
84 20
51 19
23 7
97 53
10 28
88 74
53 89
32 65
79 56
63 41
33 17
53 77
19 39
59 82
70 67
83 10
44 64
88 42
89 71
19 93
55 48
13 92
47 54
82 48
25 12
11 2
42 44
5 53
73 41
40 70
88 41
93 60
84 22
21 98
27 32
35 56
11 74
61 76
7 21
4 19
47 73
18 32
36 99
77 94
29 80
92 86
2 7
55 17
57 20
11 92
24 8
96 2
9 3
3 96
21 56
46 52
4 92
61 3
23 74
9 34
57 58
78 74
83 48
21 1
94 31
56 24
13 66
69 83
49 84
7 40
57 21
91 73
82 22
39 52
65 72
29 93
23 91
58 35
36 57
36 31
45 89
15 63
53 13
31 44
25 43
38 42
74 89
97 65
59 68
60 54
75 82
37 11
18 40
60 42
75 2
47 35
88 21
61 61
79 99
72 75
72 1
19 51
30 55
46 88
15 53
51 38
64 70
10 0
71 46
98 55
54 23
47 4
82 89
84 15
19 38
99 77
39 70
23 32
41 18
42 85
23 33
76 10
7 54
37 97
37 86
25 98
75 42
3 84
10 73
58 62
72 23
70 50
54 66
70 82
57 54
3 93
53 91
74 51
37 82
62 57
94 56
12 73
5 50
84 54
83 39
76 60
70 72
33 42
22 89
9 76
10 61
42 80
78 33
67 47
32 19
98 1
88 81
26 97
75 0
77 49
62 96
51 4
52 28
98 90
28 97
23 60
75 97
77 59
70 33
91 99
13 9
90 95
94 28
60 41
95 82
5 56
72 7
21 94
69 72
10 70
30 60
17 69
98 61
23 1
48 38
45 29
77 66
81 70
42 83
62 79
44 69
4 70
41 55
40 66
71 58
9 9
72 60
18 96
91 91
68 12
31 55
20 95
89 53
97 45
82 7
16 20
45 19
94 92
57 75
61 67
79 57
53 80
78 49
71 33
70 87
10 83
51 23
89 23
97 92
27 31
96 29
70 98
65 39
1 97
40 10
34 73
98 36
30 57
53 88
12 72
67 69
35 83
8 72
77 40
39 57
14 62
34 57
26 43
7 7
11 10
52 1
85 15
27 53
78 92
7 77
56 76
85 13
61 59
85 7
44 32
52 68
48 22
30 3
28 1
79 74
23 83
98 41
5 35
26 44
28 16
60 98
44 20
9 98
43 19
18 52
58 64
51 95
53 2
61 65
97 66
8 79
4 58
69 67
66 5
57 34
65 51
90 33
84 69
59 26
61 41
80 0
45 43
64 93
78 88
81 38
59 98
29 0
66 84
23 27
87 91
65 37
85 33
12 44
59 69
78 1
27 19
38 73
29 37
64 24
53 68
58 2
83 6
92 11
31 73
39 65
11 29
38 93
0 29
33 27
95 18
44 43
6 21
45 96
32 41
37 83
66 70
82 50
94 95
79 77
96 10
74 13
28 2
33 95
51 74
74 24
78 35
26 67
70 70
46 40
64 56
39 12
88 43
22 29
42 36
9 40
15 35
72 54
20 71
7 84
53 93
97 6
29 91
94 98
52 50
34 75
45 68
2 47
8 68
55 65
38 6
58 1
3 27
83 22
30 81
7 58
20 8
1 55
45 99
94 72
76 56
33 86
60 50
32 44
68 59
26 94
59 10
84 61
28 57
13 47
31 37
82 65
88 38
77 45
67 91
97 20
51 85
0 15
36 4
34 84
29 77
49 12
57 47
9 22
22 22
83 84
21 90
75 86
73 36
55 94
72 46
74 48
89 73
98 14
55 88
61 86
19 21
58 29
66 44
92 68
3 82
22 37
55 53
15 56
48 11
42 12
6 93
57 96
83 50
33 45
91 72
38 53
59 34
30 5
19 83
35 92
59 42
96 89
62 8
14 8
38 57
41 46
99 16
65 64
11 61
55 44
55 13
37 69
91 44
46 37
17 9
32 23
88 40
82 45
46 86
64 85
15 43
71 88
42 2
48 45
53 33
48 75
93 91
91 14
65 59
62 18
5 51
44 96
60 5
48 17
97 33
90 91
11 23
24 33
16 90
95 8
82 36
5 43
83 91
94 47
67 64
47 55
33 16
18 6
39 81
47 11
63 51
0 37
16 43
76 27
77 90
15 8
40 75
10 3
46 95
93 30
14 94
47 49
60 18
94 37
63 37
67 19
54 29
5 84
42 45
71 42
94 96
79 55
14 52
14 10
55 36
2 91
43 12
10 57
80 18
54 50
29 85
12 99
45 98
69 9
46 11
18 3
85 87
48 1
99 17
95 47
74 61
99 95
81 91
73 96
24 63
57 82
55 9
94 74
76 63
20 9
61 5
24 93
95 64
39 74
67 99
62 50
17 17
59 14
44 25
96 95
96 56
8 74
78 51
94 46
46 24
52 43
76 95
82 18
81 28
77 71
35 74
6 82
6 16
98 24
79 45
70 24
10 74
86 4
99 38
11 28
23 54
22 16
43 26
18 63
26 92
92 59
28 92
51 78
97 23
67 31
9 44
72 5
83 71
69 42
83 58
79 87
57 84
92 84
51 9
78 98
55 86
1 22
73 26
89 58
29 83
1 82
5 25
95 2
41 31
19 97
27 68
34 48
82 61
38 23
63 55
38 69
72 9
10 4
43 61
37 90
9 52
83 23
77 82
1 48
68 56
60 96
43 24
0 2
35 99
25 73
20 87
93 97
70 58
61 18
59 5
72 83
80 24
46 44
74 45
38 79
43 63
9 15
12 81
23 8
67 4
69 5
45 24
76 35
7 11
8 78
38 21
69 53
73 54
88 82
45 7
93 49
82 72
92 5
68 72
55 85
59 2
37 42
96 72
97 71
65 44
47 95
53 0
56 41
49 76
0 56
56 68
99 88
3 8
81 39
20 20
83 37
76 41
38 68
10 48
27 69
53 32
85 81
63 12
12 19
5 60
5 15
50 54
83 41
96 66
59 27
36 9
0 47
7 89
22 31
59 48
43 91
41 50
63 86
25 10
52 49
1 90
40 62
64 18
24 90
80 20
53 50
69 26
18 90
52 11
61 37
95 75
53 12
76 28
63 19
24 94
16 81
57 57
11 14
84 10
99 3
21 19
49 3
5 11
68 87
26 38
88 78
21 40
60 77
58 51
77 15
11 65
99 28
90 36
14 35
25 93
20 61
19 33
92 28
76 39
64 9
28 99
13 88
47 78
24 79
49 80
56 92
9 0
51 1
27 25
25 25
53 81
25 61
15 82
65 4
56 51
81 42
39 5
0 43
42 39
1 93
46 27
53 76
74 95
37 96
25 70
40 12
84 97
14 78
81 89
24 41
68 22
70 9
45 80
13 31
19 82
73 93
66 57
68 55
75 20
17 59
72 36
34 70
95 0
42 88
79 82
73 69
26 70
9 25
3 58
23 13
71 78
45 97
90 42
9 87
8 19
64 84
60 90
37 21
48 96
55 1
75 48
11 54
12 74
31 25
27 90
31 57
6 88
61 26
59 13
47 65
42 58
67 27
1 53
38 86
7 79
32 8
36 45
79 90
68 60
6 19
84 67
13 60
33 51
53 5
95 49
89 98
28 35
29 4
67 44
7 24
76 61
86 97
87 4
49 98
92 63
49 29
54 26
98 63
43 13
55 41
94 89
96 60
64 65
59 80
49 7
26 60
81 65
59 9
34 23
20 73
79 33
99 8
30 41
38 74
22 33
34 92
76 6
16 54
53 61
88 35
12 88
18 73
9 41
63 91
13 25
36 72
26 88
41 84
45 61
69 1
8 50
66 95
78 94
95 4
69 21
11 45
2 0
60 64
43 83
83 68
0 66
83 76
5 33
5 55
53 55
90 6
86 58
74 47
57 61
65 25
91 7
69 86
46 77
29 17
21 66
45 45
30 29
43 56
98 12
18 74
58 33
28 70
12 27
87 43
53 85
95 83
66 32
24 24
25 80
28 7
52 10
5 3
91 69
29 75
26 10
96 63
27 14
63 26
7 18
26 58
84 53
97 67
30 7
97 4
12 77
32 81
13 71
11 44
71 40
50 72
65 50
30 40
22 17
8 18
5 80
80 71
20 97
23 53
65 5
67 1
47 6
57 27
34 64
9 39
81 54
39 60
91 97
31 20
2 65
68 38
15 2
67 67
9 26
68 43
77 12
21 58
40 98
38 9
65 55
79 3
19 19
46 74
47 46
9 8
52 78
44 31
57 42
50 13
48 82
0 21
43 51
38 37
74 14
14 16
78 31
17 57
22 61
99 49
82 11
3 45
62 48
84 96
60 76
67 17
21 27
15 30
25 79
27 74
30 97
55 0
57 50
99 41
94 48
19 4
88 30
25 68
90 69
30 52
63 88
75 17
87 47
79 5
76 84
49 0
1 4
6 96
84 2
13 80
43 42
5 23
34 74
93 38
29 27
95 77
57 18
55 56
26 31
86 82
44 19
33 99
95 70
99 63
53 87
13 99
63 94
76 68
4 83
34 52
97 73
37 93
51 90
85 88
98 33
5 98
17 14
6 85
41 92
91 48
11 38
92 42
14 73
0 69
32 50
51 40
80 68
82 83
80 66
64 44
83 2
0 32
52 56
64 54
10 15
53 46
34 29
87 24
93 52
8 32
29 8
5 63
90 92
27 30
15 26
39 95
36 10
44 94
44 27
43 37
92 46
61 87
86 23
14 6
43 57
4 43
77 81
7 4
9 29
47 20
86 37
14 87
88 53
23 94
97 75
14 5
79 79
21 76
95 3
29 2
4 29
51 24
60 68
54 1
87 76
12 7
60 79
16 12
20 84
39 8
58 81
38 33
63 95
82 68
76 9
95 41
17 68
79 1
72 89
17 56
30 61
32 0
74 98
20 83
14 98
7 71
36 97
37 1
25 62
9 75
34 82
31 49
27 97
83 87
94 66
64 92
55 29
6 75
5 9
32 63
18 14
31 38
93 83
83 20
78 93
98 47
43 38
89 34
63 64
93 35
21 73
6 60
24 98
12 40
44 65
90 52
5 45
56 50
8 59
5 1
88 34
46 33
4 81
79 88
46 68
56 2
94 38
88 49
55 27
51 49
11 5
90 21
59 61
25 16
37 74
90 45
34 94
90 77
66 38
84 49
88 84
54 18
5 91
97 2
50 81
21 16
14 1
58 56
95 51
1 31
42 54
59 40
77 14
34 25
87 83
48 37
52 38
58 13
33 65
15 67
9 17
38 96
34 44
48 59
57 95
53 4
59 21
10 18
0 99
31 17
45 76
7 69
41 95
39 19
19 49
66 82
88 69
11 60
65 79
21 35
2 98
63 45
53 31
65 38
13 73
82 5
67 30
24 43
34 96
9 60
87 12
60 15
10 76
33 52
77 65
52 16
85 11
67 21
68 6
93 85
93 94
43 70
25 48
23 69
39 80
98 51
93 87
49 51
49 68
31 66
59 59
27 20
41 54
70 99
35 17
29 28
86 98
67 79
64 3
38 49
84 4
35 49
51 43
98 40
33 23
21 97
88 92
93 2
54 84
0 70
50 49
78 77
42 15
84 68
38 0
38 30
32 86
26 50
97 12
77 91
16 29
58 31
0 73
46 55
42 42
83 13
20 57
56 0
33 80
33 36
54 7
87 85
34 69
61 12
42 25
10 9
56 57
13 90
24 10
52 97
34 18
43 77
75 62
13 13
65 58
34 72
10 26
26 40
29 81
98 56
44 23
17 78
73 19
79 91
99 74
99 92
53 79
51 33
45 62
20 31
30 24
65 78
17 50
88 26
34 54
75 74
13 15
68 84
15 61
15 25
7 1
30 75
59 79
36 59
36 86
75 6
72 72
48 64
78 17
63 30
36 75
95 65
83 28
28 8
2 64
76 44
75 95
99 56
90 79
87 50
37 45
4 95
5 92
52 41
26 13
70 2
87 21
37 46
72 48
84 12
52 99
50 10
22 44
89 35
70 32
57 53
54 30
35 1
17 97
46 9
42 50
21 61
96 27
41 74
0 25
9 37
51 3
40 90
31 29
38 34
98 83
78 54
14 45
83 94
56 56
78 24
5 71
87 31
52 88
25 38
22 98
55 90
92 30
30 96
87 97
56 23
5 28
94 73
85 25
49 8
38 76
9 42
64 37
34 51
8 16
2 59
12 62
67 70
28 14
43 78
66 39
81 61
17 25
3 29
6 67
50 68
26 72
1 6
28 41
19 50
57 79
50 96
39 13
37 44
50 5
8 25
32 78
62 30
28 6
89 63
81 94
80 96
23 18
33 39
97 42
73 16
66 35
67 55
96 62
7 66
69 4
92 90
30 88
48 43
80 27
3 32
16 68
37 15
22 83
65 62
3 92
63 68
95 13
85 59
61 34
18 65
19 88
21 86
92 17
19 54
72 29
12 23
97 7
97 62
89 24
65 23
67 75
68 9
58 9
18 28
13 3
0 46
23 98
85 57
71 86
39 72
84 52
87 82
69 95
13 63
87 20
10 86
33 21
4 98
90 12
51 52
29 51
90 83
36 51
30 31
66 94
33 75
15 70
94 64
7 37
10 30
64 78
62 58
46 72
83 38
25 65
32 85
73 79
16 24
85 80
22 71
17 51
21 69
68 92
86 65
74 21
85 79
64 52
52 24
67 10
9 51
31 80
67 80
97 82
15 13
57 9
8 47
83 34
35 58
2 70
33 49
32 64
82 28
60 51
20 93
69 56
27 16
9 89
15 10
61 96
3 21
78 75
99 34
67 78
97 59
89 56
77 23
26 89
50 42
94 16
41 36
1 95
57 28
98 13
52 84
5 31
7 92
78 99
70 79
46 6
27 59
45 38
62 51
42 24
53 95
86 7
86 68
0 1
40 96
31 77
73 67
6 91
31 36
9 6
4 59
53 98
5 57
12 54
15 75
12 66
77 97
90 85
65 9
23 3
59 57
78 7
41 97
6 0
42 18
6 90
72 71
34 60
22 53
46 69
5 83
34 17
8 99
63 59
37 59
40 49
37 95
4 60
98 95
77 64
5 89
57 30
56 70
23 64
28 26
43 97
16 67
28 46
82 88
91 12
24 45
2 29
48 47
6 8
36 69
87 0
62 53
16 25
52 69
14 56
72 35
36 39
20 39
87 7
23 28
99 12
9 84
24 46
13 29
26 55
16 86
2 31
32 70
3 99
76 17
3 73
98 8
71 80
92 61
42 0
3 91
27 66
63 40
89 1
30 32
10 85
14 75
36 2
98 65
44 11
90 88
87 49
49 91
12 86
67 62
97 39
38 59
2 14
2 43
83 63
43 86
48 3
20 11
69 48
79 9
17 0
62 3
2 78
52 48
24 78
62 75
56 43
72 98
70 53
86 15
29 44
7 74
11 32
17 65
57 23
20 22
37 35
15 12
61 48
82 27
23 38
45 26
53 39
18 53
74 70
15 59
28 84
2 61
49 17
48 27
0 53
97 8
94 55
83 98
34 76
14 32
56 71
96 73
53 92
63 62
97 19
52 57
73 89
86 87
2 57
13 35
93 81
32 3
40 23
84 59
21 53
89 38
37 0
32 55
72 44
24 85
74 7
34 71
28 19
71 26
28 23
81 45
66 49
61 72
28 36
58 71
63 21
82 53
49 36
46 46
90 44
79 46
14 17
27 8
52 29
3 61
37 20
9 82
57 8
97 26
12 32
58 88
54 54
24 11
34 13
40 47
23 56
63 2
62 46
59 71
17 62
52 70
76 87
44 34
96 6
17 55
39 59
40 57
16 56
25 36
86 41
75 84
40 56
19 23
79 53
33 67
79 17
48 8
1 20
69 22
0 82
78 14
59 6
23 37
28 81
5 39
67 45
63 10
13 81
89 97
31 24
64 76
13 39
46 16
33 85
75 30
95 91
10 10
70 40
57 1
18 88
87 92
29 57
1 14
69 73
81 99
67 18
16 40
61 28
11 41
86 47
3 16
10 32
39 69
77 4
45 70
9 92
73 9
85 92
45 35
8 69
76 42
44 35
52 17
54 19
45 40
29 97
47 26
10 45
10 97
20 18
20 66
2 18
13 93
89 87
29 13
52 63
86 45
45 44
10 99
42 47
20 1
41 34
71 10
68 33
70 34
59 76
18 29
68 64
15 96
40 30
13 33
74 4
93 53
19 3
93 65
33 62
27 64
92 99
75 60
7 64
71 15
1 81
17 88
57 4
44 99
10 44
59 49
36 7
11 89
97 70
14 21
33 37
15 52
38 17
87 35
74 28
36 8
50 97
40 28
19 48
38 31
61 11
93 29
57 12
36 78
46 13
95 67
67 86
50 22
30 50
37 81
24 50
65 86
93 76
63 48
27 41
74 1
48 52
9 80
44 97
76 49
26 87
39 58
3 31
4 34
85 27
41 99
2 55
68 42
49 16
77 54
99 53
16 55
95 84
50 99
13 50
33 93
27 3
90 68
73 73
8 13
49 60
64 63
63 18
78 69
78 21
43 87
85 41
18 38
91 84
85 44
6 23
98 5
89 13
92 4
76 13
75 77
98 66
15 34
73 88
29 79
69 27
87 54
81 66
55 32
20 28
82 66
71 56
75 53
97 1
80 43
70 88
4 55
3 41
26 5
49 6
8 11
78 53
96 18
13 64
68 40
15 73
77 58
62 70
42 49
11 69
23 34
79 18
42 76
87 45
81 9
64 38
80 39
75 13
26 3
81 51
92 88
50 66
5 47
80 1
54 76
12 29
84 99
44 91
88 61
9 58
78 70
19 40
41 82
89 6
22 90
77 57
81 69
59 60
76 8
12 24
24 54
54 43
14 22
83 8
54 79
90 53
0 91
89 65
63 81
29 55
92 22
2 35
50 63
52 31
44 38
65 66
67 15
95 40
92 75
33 91
41 35
48 23
44 57
20 38
50 38
85 94
3 38
55 91
72 20
94 82
4 6
30 2
63 28
25 3
6 58
10 91
81 83
86 62
69 18
64 41
31 28
20 7
53 1
55 11
31 64
41 58
1 63
3 71
66 80
48 15
17 33
37 9
68 86
94 12
91 94
47 89
52 22
26 36
64 16
76 34
97 52
38 65
40 63
41 89
4 48
84 83
94 69
63 16
3 60
15 90
10 54
22 13
41 94
38 71
70 23
62 62
62 90
90 55
12 61
2 79
0 51
44 22
96 48
99 42
70 94
40 87
82 84
46 89
65 75
75 19
37 51
82 44
58 87
37 19
31 65
53 60
13 28
42 28
17 39
97 41
67 92
74 44
45 4
8 4
72 34
40 92
90 28
73 1
61 81
27 22
0 20
69 98
1 74
14 19
15 31
65 84
30 72
15 29
92 71
77 46
67 5
40 50
51 46
76 22
92 29
57 39
97 31
69 59
80 31
36 22
85 50
76 78
88 65
80 95
16 59
93 18
13 37
79 54
13 87
4 3
12 69
14 37
9 86
72 3
98 53
70 81
40 13
2 45
97 47
33 82
29 87
96 1
75 57
37 43
28 30
85 10
62 5
28 63
27 91
75 45
15 49
24 77
47 34
26 49
21 64
76 52
86 61
46 21
90 19
66 53
51 89
42 20
94 93
6 36
37 54
18 44
82 34
2 44
62 22
53 18
66 77
90 60
69 19
41 96
75 37
35 84
26 86
45 16
23 84
62 23
95 55
52 21
84 63
53 20
84 21
68 36
79 59
50 20
76 4
73 87
21 75
41 64
32 43
0 5
57 26
1 56
0 83
87 30
15 44
74 31
55 99
66 20
99 62
0 14
58 86
87 14
7 52
80 58
93 1
61 42
70 31
35 87
19 26
62 24
11 20
24 34
7 16
75 59
90 75
45 66
48 5
32 53
4 69
80 94
77 85
51 21
35 7
93 7
83 60
13 98
93 72
8 36
46 59
99 9
65 2
57 62
88 13
38 55
4 57
21 71
1 83
39 50
81 10
62 97
26 68
83 43
40 0
96 23
54 97
58 49
1 86
61 36
71 99
38 91
21 46
16 49
1 72
94 27
17 12
34 67
89 57
98 7
98 91
10 13
6 80
18 56
60 63
82 85
57 16
85 54
74 49
91 30
52 15
58 3
1 0
54 34
54 10
87 84
55 60
81 26
1 64
95 19
14 53
73 7
6 64
58 8
29 61
52 59
78 32
37 6
78 30
62 39
17 54
1 73
92 40
38 89
48 66
91 15
48 24
28 53
52 37
88 28
39 83
80 30
29 39
32 99
83 72
59 31
41 81
61 31
98 45
49 88
55 8
26 30
65 47
58 11
55 40
37 70
49 90
2 6
37 87
50 98
43 9
42 32
87 66
33 13
80 78
18 69
18 23
50 3
66 91
4 50
81 71
19 71
21 82
86 56
58 97
28 32
74 37
6 84
5 61
2 83
84 65
7 81
45 25
51 7
81 33
35 61
24 81
83 80
53 63
84 51
65 24
66 40
69 14
52 74
76 18
36 3
31 72
92 58
61 20
91 49
74 41
41 26
13 30
41 3
10 80
54 94
37 49
65 15
46 4
99 61
52 19
14 7
9 90
78 34
81 14
36 43
47 47
68 78
4 1
24 72
93 21
89 62
25 41
28 49
69 91
50 6
91 26
92 52
58 40
12 34
25 71
25 87
92 64
74 62
98 28
22 18
10 31
91 74
7 48
23 76
19 27
21 9
64 53
51 39
13 7
41 21
43 33
56 45
57 93
49 59
84 13
0 13
8 39
57 35
16 0
37 99
39 82
40 77
52 71
73 86
47 69
86 42
41 61
50 9
14 36
20 62
71 74
67 46
92 62
99 66
4 61
60 78
18 68
55 35
65 60
83 52
33 4
71 21
7 76
93 89
75 72
45 94
47 5
48 78
42 34
52 8
61 99
82 75
78 23
0 88
96 92
96 50
73 81
91 51
55 39
70 68
5 88
84 3
21 55
98 46
57 68
47 88
90 7
35 78
24 95
52 4
49 49
36 29
82 90
55 15
47 97
63 60
99 40
77 93
57 59
22 24
10 20
7 31
73 3
91 17
68 34
65 90
39 4
11 56
32 92
83 83
16 58
38 50
83 54
87 90
74 94
15 42
27 88
11 30
14 33
39 55
40 11
30 13
88 15
17 70
8 28
46 50
30 86
25 19
46 30
27 60
19 90
81 78
4 46
95 48
99 2
89 37
50 92
26 79
58 69
3 28
56 5
7 97
57 92
1 40
56 65
8 62
66 96
53 56
83 77
17 37
77 47
34 81
96 47
13 75
8 38
35 53
96 7
13 61
3 50
45 28
7 83
0 36
48 32
38 84
39 99
99 98
3 36
94 78
4 35
26 29
75 38
98 69
48 62
79 94
87 17
20 99
61 53
60 45
64 58
60 46
61 30
46 22
38 77
27 17
50 29
10 72
48 68
82 80
33 48
96 76
3 64
75 78
42 64
83 66
50 4
60 59
75 24
7 93
40 65
17 3
25 31
0 81
39 31
82 82
23 59
49 30
96 31
92 0
17 58
63 4
92 72
43 5
31 87
53 47
7 29
8 63
13 49
23 70
49 82
13 69
50 69
69 8
54 4
16 34
19 45
61 6
82 60
60 12
56 81
94 42
18 57
59 74
18 79
72 65
83 11
45 51
16 92
43 30
50 39
4 82
7 41
58 83
93 11
75 63
78 9
61 93
92 10
23 31
4 10
65 8
15 94
1 18
40 55
64 80
34 50
23 57
28 27
75 47
1 19
79 22
26 65
96 74
11 43
31 33
16 65
23 22
32 18
51 92
23 29
83 24
51 13
26 48
25 15
3 59
11 63
15 84
14 54
3 63
54 41
12 98
82 8
70 48
86 46
48 41
17 10
77 33
71 29
14 93
41 19
86 28
37 23
30 69
49 43
27 51
22 11
4 26
20 89
84 60
2 90
72 88
4 97
51 61
46 39
30 21
39 32
5 97
57 60
38 19
53 57
97 43
54 2
87 39
34 83
56 25
91 21
79 11
16 61
36 36
5 75
81 44
91 32
20 26
98 44
70 60
79 43
24 25
71 49
58 73
42 52
20 94
78 5
28 37
67 74
78 59
73 94
29 94
93 80
34 36
93 69
75 23
77 5
7 72
22 40
18 60
85 76
5 64
77 53
56 49
27 83
75 67
64 43
24 40
75 75
59 70
5 10
50 48
49 25
92 13
79 66
29 73
5 27
86 51
33 30
40 8
89 79
12 53
62 44
78 79
54 37
34 49
13 53
38 2
61 22
55 82
43 74
69 33
25 13
13 42
74 82
62 29
64 61
80 56
16 10
43 79
91 71
55 70
35 93
11 18
22 19
15 20
66 16
43 54
73 82
13 68
62 64
55 68
94 9
28 48
21 93
95 86
2 81
49 21
75 32
46 45
95 46
58 43
69 39
80 63
21 2
68 51
77 63
42 70
94 36
60 88
75 40
73 10
63 9
69 93
4 96
24 73
21 67
62 31
53 69
39 2
50 8
28 85
59 66
39 21
4 87
16 97
4 52
89 80
9 32
4 66
24 91
10 23
4 64
54 11
60 3
21 79
90 37
19 63
62 16
4 9
49 67
55 16
69 17
36 28
52 39
50 89
6 69
14 48
11 3
27 98
79 8
99 52
33 34
14 43
4 53
31 42
47 48
68 98
0 72
88 67
53 78
24 84
2 68
44 51
11 26
26 6
76 72
89 3
8 91
71 87
85 85
48 84
56 84
13 10
48 86
81 63
68 18
75 27
89 10
89 25
83 85
75 50
3 67
42 53
63 14
35 9
59 15
79 67
1 32
73 74
26 74
97 97
77 19
66 1
31 89
75 90
26 56
14 83
34 66
88 59
91 89
28 39
36 60
67 68
43 27
43 60
42 93
40 24
14 38
49 63
25 99
24 89
13 76
62 95
42 61
31 11
97 90
78 60
29 88
76 82
91 6
54 40
89 47
26 7
90 23
39 38
8 81
59 41
60 47
84 89
94 7
67 58
5 65
94 43
26 12
54 92
35 5
55 6
63 32
87 53
45 2
42 65
17 41
97 74
90 15
65 17
14 72
96 25
57 25
62 73
93 20
27 7
47 17
35 34
19 9
87 59
73 4
17 95
40 58
95 68
40 73
7 30
3 78
97 87
29 69
94 20
62 0
29 25
48 77
64 33
43 31
54 45
67 37
51 91
27 38
6 35
26 25
13 57
48 44
39 36
62 71
74 20
7 33
7 60
64 13
32 90
60 61
93 24
21 72
32 20
20 42
87 25
27 0
1 49
79 29
11 46
76 80
4 88
94 65
95 23
89 99
77 75
37 18
12 2
31 95
66 81
86 43
3 94
37 80
58 67
24 19
66 85
33 43
60 97
53 70
69 58
65 20
84 66
39 15
28 98
47 2
75 65
52 18
58 84
55 5
49 56
12 5
23 17
9 93
4 40
55 34
61 40
58 57
67 35
33 7
89 94
60 60
21 0
36 64
40 46
73 77
96 0
4 94
39 90
12 50
94 71
50 30
82 35
89 4
99 71
83 95
19 92
43 80
12 63
33 2
66 23
53 28
94 18
73 55
27 95
35 72
36 42
96 54
36 90
20 6
95 99
73 76
44 95
25 8
54 48
69 3
5 19
17 27
14 79
8 20
44 78
40 78
83 29
97 15
15 72
96 91
74 87
94 17
77 70
48 69
61 68
70 13
18 43
76 31
2 56
68 5
86 17
67 50
51 72
84 35
42 30
73 38
77 87
90 4
62 87
21 11
10 22
99 43
22 80
93 55
30 80
11 17
7 87
31 6
69 12
3 18
92 51
91 18
25 18
20 29
16 74
78 19
70 56
86 22
68 91
71 37
57 80
97 30
18 7
68 52
30 90
31 7
91 58
0 40
27 81
58 44
27 49
36 6
85 20
40 25
9 66
83 46
23 61
70 0
49 15
74 96
66 45
87 1
4 23
73 25
16 78
37 39
7 75
81 18
31 2
94 99
30 73
19 98
81 20
75 5
89 21
76 48
9 63
34 97
40 45
44 52
6 15
46 10
24 30
58 46
56 54
56 67
28 33
24 66
4 51
19 15
22 79
15 74
69 96
54 81
86 70
92 18
70 26
67 9
60 48
87 15
38 60
91 40
97 96
68 24
90 29
99 97
54 87
38 45
8 55
75 87
29 34
41 42
95 54
86 27
39 97
50 71
28 40
81 36
31 78
32 77
98 27
52 20
91 79
47 30
72 62
84 50
5 85
43 75
41 4
29 68
56 42
6 63
95 94
97 11
50 43
68 49
37 58
71 62
58 42
18 15
95 9
60 10
28 94
51 17
38 41
57 38
22 32
35 11
60 35
99 6
80 84
58 45
38 25
25 52
75 11
71 3
13 54
28 62
84 38
54 77
37 29
21 87
56 44
62 91
68 1
98 72
61 80
28 61
97 91
70 28
93 64
60 4
0 93
58 19
68 21
76 16
89 78
86 39
79 44
57 67
8 40
47 18
45 73
52 7
40 7
73 59
91 20
59 75
7 57
74 40
70 85
51 45
60 1
8 96
38 80
15 58
55 87
97 81
36 77
72 21
91 27
88 36
19 70
82 58
43 64
22 70
38 61
80 51
54 25
85 77
91 66
44 71
77 10
85 78
13 1
72 63
35 75
65 34
91 95
82 31
63 79
13 70
99 19
44 72
56 33
41 63
74 22
71 20
89 26
23 65
60 43
32 56
28 75
68 70
0 6
8 80
27 75
96 68
8 45
94 79
43 3
20 10
58 15
10 5
53 22
36 91
49 83
11 71
63 72
20 59
62 28
39 79
79 41
41 71
29 56
24 6
96 90
21 12
6 9
47 80
42 11
54 60
17 11
56 36
16 75
30 34
2 77
68 41
99 68
74 2
78 57
75 18
30 33
22 49
3 26
2 24
27 43
16 50
57 86
77 72
16 88
44 6
30 85
9 54
71 98
22 96
56 46
33 9
25 27
61 25
63 54
95 34
37 71
13 77
9 4
94 3
78 43
81 24
68 93
8 21
98 74
44 42
94 76
60 29
46 19
58 58
55 67
22 43
18 86
72 61
57 43
56 21
53 45
62 10
81 96
81 16
26 4
99 91
67 65
58 37
3 40
65 30
81 52
44 10
99 89
34 40
12 70
9 19
78 46
19 13
51 83
98 96
49 75
6 14
77 61
21 3
12 15
69 60
46 96
42 7
52 14
58 76
52 3
21 14
60 20
81 22
78 29
54 80
56 39
15 88
46 42
3 51
68 30
1 46
32 80
15 64
94 68
55 59
26 77
92 3
81 30
28 59
74 65
49 95
16 7
25 54
30 38
47 96
43 94
38 32
42 1
62 66
83 27
72 12
70 46
69 50
48 19
31 14
67 76
1 84
18 13
9 2
28 80
24 69
64 47
12 56
61 43
57 24
39 93
66 42
0 89
57 22
47 68
81 97
85 16
60 31
94 21
85 0
83 7
29 84
67 88
51 11
60 23
82 59
57 41
79 28
92 98
1 33
79 26
48 46
94 49
27 34
2 11
22 25
60 52
33 89
47 14
92 80
50 57
22 12
16 38
78 61
33 94
68 13
88 8
9 67
88 6
12 52
0 11
87 27
40 39
3 30
12 38
31 79
15 55
69 30
6 62
12 10
14 3
68 37
12 60
82 26
85 68
81 81
91 80
38 95
51 8
93 74
25 66
55 58
65 28
27 18
43 21
40 36
30 70
27 36
66 4
90 10
14 12
91 0
66 54
89 95
12 8
7 8
75 92
37 31
6 49
66 97
39 33
54 42
89 14
29 92
10 2
10 82
90 32
48 76
76 57
14 74
63 61
59 25
73 21
20 47
34 95
64 89
49 94
86 86
82 1
32 7
74 29
33 5
20 12
71 55
41 32
0 7
30 65
31 32
75 9
69 61
32 98
14 24
91 11
42 57
79 72
39 84
96 40
66 21
74 84
55 10
87 58
26 28
47 13
54 99
88 73
74 99
68 85
42 46
34 35
7 46
27 89
17 34
69 45
94 63
5 4
36 63
82 13
80 4
10 51
84 78
36 68
29 5
89 61
11 85
89 9
49 14
85 43
35 43
21 37
98 29
94 1
87 64
87 10
15 16
48 55
57 33
22 6
18 42
81 88
76 5
27 35
42 98
48 81
26 41
59 19
6 22
88 54
32 15
73 0
44 45
63 15
21 41
30 66
13 8
73 78
32 31
24 37
50 17
87 28
72 94
75 22
67 60
93 92
18 37
72 80
43 89
79 52
72 59
83 19
49 77
94 80
10 52
35 88
52 32
50 41
95 10
12 65
39 96
74 74
48 29
80 93
18 59
70 14
15 36
52 34
17 45
50 36
39 29
67 54
55 74
41 33
59 99
20 51
45 69
77 42
2 58
19 96
24 15
65 56
31 69
30 74
17 6
10 62
81 37
47 50
84 30
16 26
11 11
50 12
82 49
8 51
95 59
19 72
34 46
48 35
79 95
67 38
41 73
35 3
41 93
29 30
67 48
66 46
78 65
35 44
85 36
40 97
23 55
50 73
45 52
3 52
99 33
75 15
22 41
88 91
64 5
84 57
39 68
90 27
11 27
86 85
77 11
41 10
39 34
78 44
22 76
49 33
57 0
71 35
21 39
54 12
2 4
39 18
26 84
82 39
83 70
28 18
51 18
35 33
0 39
80 6
25 46
39 1
36 5
46 48
64 26
41 23
72 92
82 67
47 81
67 33
3 47
50 84
50 62
71 69
92 37
48 98
78 12
40 74
30 47
42 3
86 52
97 55
42 35
17 85
60 94
75 31
6 27
50 35
63 57
60 19
7 34
55 43
65 40
40 14
93 48
80 87
49 86
13 41
6 31
0 59
19 57
30 8
28 93
35 31
96 84
99 75
33 46
95 92
78 73
66 56
17 81
9 13
90 0
53 25
48 70
63 0
30 58
81 50
73 44
63 27
66 14
58 14
52 98
13 84
63 5
70 29
44 85
92 33
3 88
82 33
59 95
62 15
0 67
20 56
41 70
22 28
46 53
49 53
78 0
73 18
78 18
62 85
39 94
42 81
19 69
47 98
89 19
27 61
67 97
85 97
51 14
86 29
53 83
3 34
99 64
60 36
64 67
85 63
14 61
43 46
69 28
10 37
36 66
19 95
35 97
96 24
26 73
39 40
38 40
54 89
17 71
92 48
26 20
44 62
3 17
36 80
55 26
77 39
10 68
62 19
32 96
33 40
58 17
2 54
54 68
21 15
22 74
39 24
48 31
41 72
50 82
21 21
85 70
4 36
51 79
25 50
48 50
49 4
0 64
29 48
1 99
68 31
30 28
81 82
61 91
73 48
96 70
47 87
35 77
47 41
96 37
78 13
29 47
99 65
66 8
32 32
63 96
88 99
90 70
15 81
45 41
14 51
34 31
35 76
90 20
88 10
84 6
38 51
80 8
77 9
76 40
84 37
1 21
21 13
91 39
20 43
0 58
2 48
94 11
78 4
74 34
48 92
88 39
31 47
10 16
93 62
27 85
90 48
89 27
76 50
57 49
86 1
49 55
11 0
33 88
98 81
96 61
42 84
36 15
59 90
67 22
76 69
24 29
29 70
25 88
66 58
82 30
94 94
40 41
75 41
6 7
0 98
17 19
23 93
41 12
20 24
73 12
80 53
24 12
78 64
86 77
18 22
96 94
61 98
30 77
26 57
51 63
33 79
74 85
50 88
70 6
21 84
68 62
48 65
81 90
74 90
6 47
8 66
54 46
27 94
45 63
88 9
68 11
82 9
46 26
64 91
85 64
29 41
52 55
76 33
83 82
2 12
26 33
97 78
59 47
31 86
54 98
73 15
94 19
60 67
28 13
38 70
8 87
9 21
97 27
71 89
56 86
10 7
20 98
12 31
36 38
32 67
90 66
8 44
46 15
46 3
51 50
14 34
84 56
68 53
14 85
31 91
12 26
15 1
93 66
85 46
76 24
61 19
85 17
6 32
33 55
85 32
99 24
68 58
50 44
1 66
73 13
98 94
49 2
67 25
46 29
5 32
59 22
49 61
44 76
67 42
49 1
20 75
3 11
29 18
29 82
59 58
93 23
59 50
31 99
87 93
8 64
51 71
17 31
83 21
11 93
6 68
67 77
19 36
95 44
77 28
95 42
8 93
35 73
72 68
7 90
53 7
17 23
28 64
19 77
10 25
98 78
22 4
72 40
98 71
65 98
2 1
84 39
48 91
25 20
20 60
68 68
23 26
99 15
69 88
68 29
1 45
29 49
22 60
10 94
31 76
19 37
77 35
98 79
11 58
51 25
50 67
5 41
60 25
85 47
62 81
99 36
93 88
93 45
50 37
1 98
57 32
2 33
46 94
64 69
18 19
92 31
52 82
15 14
67 36
12 79
43 93
29 90
28 76
55 51
7 53
12 4
97 60
46 85
92 73
82 40
16 2
23 21
92 87
61 63
38 78
15 18
81 32
24 49
34 42
15 39
6 54
61 49
99 5
39 3
80 46
35 71
41 43
2 17
47 90
24 87
18 49
98 88
41 85
64 32
89 29
45 33
28 22
99 70
53 8
44 70
30 94
11 99
84 18
30 91
14 97
28 52
34 12
18 84
13 86
92 23
11 94
42 69
77 43
34 47
65 14
54 5
55 28
67 73
70 90
39 71
50 26
0 22
99 20
41 20
79 48
76 37
2 49
63 7
44 40
67 40
94 60
57 85
17 30
88 94
21 6
71 68
54 78
79 93
56 15
36 37
17 53
48 28
82 64
5 96
44 24
85 29
33 68
9 12
77 89
93 22
38 24
61 51
11 64
99 82
39 66
31 31
52 93
47 63
3 95
32 94
63 66
83 62
62 54
7 14
22 57
16 8
25 4
4 79
23 77
31 93
64 87
11 66
68 2
35 32
26 75
80 19
2 80
68 67
95 17
4 84
3 14
13 18
89 54
4 20
36 27
2 94
31 88
66 3
44 47
69 54
3 65
39 87
88 46
77 13
20 53
55 72
78 36
8 8
72 37
26 59
41 39
38 88
83 61
74 16
45 88
59 87
59 84
13 56
92 96
39 85
89 64
4 41
38 18
40 5
67 41
50 95
92 9
86 79
63 20
0 27
11 39
27 47
43 15
39 67
4 99
10 19
25 30
91 28
34 99
2 32
63 49
64 7
45 82
79 58
46 20
25 72
27 63
77 41
47 92
90 9
53 66
40 6
61 21
4 12
14 42
96 96
45 95
45 84
16 71
72 78
46 99
42 96
47 0
5 7
13 51
49 10
65 42
11 53
76 93
21 43
36 65
59 92
93 15
68 82
92 74
56 52
99 80
3 15
57 87
41 77
97 61
8 94
84 46
19 0
65 12
40 31
46 43
81 4
91 47
51 56
15 69
75 91
14 90
7 49
86 16
85 45
39 62
52 42
85 8
89 74
88 0
47 99
92 56
55 76
76 7
22 0
83 3
56 96
66 86
98 80
11 57
53 10
93 13
19 52
56 6
92 65
25 24
62 93
61 8
87 88
35 62
70 71
46 8
80 91
88 47
80 11
3 57
76 99
90 80
88 45
19 53
86 2
54 55
19 44
40 15
62 42
12 68
34 62
50 87
89 31
16 18
72 25
5 24
27 84
66 10
65 88
59 36
16 41
24 55
45 46
57 11
19 46
59 39
23 75
31 8
90 5
40 1
89 88
43 41
98 31
94 67
72 66
24 96
52 47
97 38
55 33
31 19
13 26
13 85
87 38
45 53
84 81
13 5
86 63
51 36
93 37
72 18
97 16
79 83
61 13
50 16
33 58
20 49
85 37
70 39
7 22
6 78
70 52
48 67
41 65
99 48
3 85
82 86
99 21
78 67
36 20
18 35
36 30
90 97
51 81
80 97
65 1
3 56
55 31
19 42
75 93
2 42
91 13
12 41
64 81
91 60
84 25
85 22
28 45
31 53
10 55
61 15
22 75
73 50
1 80
14 96
61 38
28 83
94 53
75 79
37 66
37 25
58 5
11 16
26 78
72 84
43 88
79 86
44 12
58 24
16 47
2 23
87 40
51 10
41 38
86 89
20 70
53 75
38 99
53 21
40 26
93 84
93 25
97 56
46 7
28 56
14 27
19 89
11 4
69 64
96 30
0 90
70 89
81 5
53 36
35 67
79 16
31 23
23 90
16 57
52 80
62 47
39 73
74 73
76 83
50 0
17 75
39 23
12 93
25 56
29 59
41 45
4 8
72 27
0 71
85 39
22 86
12 0
4 15
51 70
65 53
31 41
14 64
58 25
51 77
91 23
25 83
94 87
82 6
33 25
60 34
30 9
44 81
98 93
31 40
37 40
64 60
92 24
6 5
33 57
17 42
8 9
2 66
99 7
53 64
34 56
26 32
42 77
75 52
29 1
28 12
8 33
38 92
86 83
75 88
18 46
89 36
72 15
24 17
25 14
47 74
97 57
0 26
82 21
18 10
38 15
0 18
98 82
80 74
50 77
96 80
53 23
10 50
20 64
16 32
7 98
47 32
87 61
83 5
71 2
15 21
85 9
70 35
8 53
81 64
32 14
35 90
16 23
71 59
46 1
12 67
72 87
23 12
45 0
24 57
6 3
75 85
28 74
44 55
47 53
21 8
1 34
91 25
72 64
53 43
22 54
70 18
59 8
18 41
36 96
69 77
11 7
33 11
54 85
69 41
69 40
45 20
75 70
15 65
38 66
32 13
50 45
18 72
79 64
86 19
9 1
78 38
48 73
22 3
2 50
38 62
46 98
6 40
68 32
40 16
78 63
49 72
71 97
90 59
30 64
42 27
92 38
25 44
84 91
72 73
95 45
96 22
59 7
36 21
8 35
71 63
20 14
15 38
71 12
52 9
1 27
2 75
76 43
70 4
24 71
70 19
26 1
5 69
34 53
61 92
90 17
8 7
18 85
14 71
9 91
61 95
29 60
14 88
4 14
67 51
16 77
37 33
6 71
96 85
8 83
26 83
96 36
25 1
43 59
91 76
17 93
69 90
6 24
69 75
99 79
71 47
95 71
65 95
8 92
77 2
41 29
73 46
7 67
86 76
84 34
89 96
9 74
79 39
93 9
44 3
48 20
93 41
72 28
70 92
69 6
54 51
37 63
86 74
76 46
18 66
24 99
0 65
12 22
92 36
58 53
35 64
27 27
10 29
31 85
42 48
71 44
22 55
33 81
62 20
40 40
51 22
85 51
50 34
68 45
88 83
23 14
58 66
87 41
12 46
42 72
86 48
34 43
84 93
12 59
60 62
58 21
22 45
29 11
91 86
85 34
86 0
5 81
22 27
50 65
87 67
54 24
29 12
19 64
89 67
27 87
53 3
10 49
67 34
18 2
59 97
87 52
14 20
43 99
60 32
77 3
40 94
33 15
9 18
46 76
20 78
44 36
65 45
14 44
91 5
45 22
79 2
27 76
25 45
71 25
24 2
22 87
19 66
54 32
93 63
51 20
69 76
52 77
98 22
65 13
30 93
11 83
11 79
64 12
36 1
13 43
10 96
32 83
71 64
36 25
65 87
52 85
88 98
12 20
2 85
7 10
66 83
0 63
47 43
44 79
25 37
91 43
94 58
87 29
74 71
22 34
78 72
88 4
2 67
99 14
37 26
96 83
53 97
19 47
88 16
95 93
43 28
85 58
51 27
36 67
15 76
32 59
51 32
67 57
58 12
3 89
73 42
45 37
71 9
16 52
27 21
7 43
72 6
74 83
78 89
94 33
4 38
56 89
19 14
76 75
11 73
64 90
85 71
99 4
98 52
90 30
28 5
29 36
11 25
40 80
63 35
70 93
72 97
55 3
27 10
59 96
92 1
34 87
1 69
29 29
66 2
52 40
3 83
61 44
21 24
22 8
4 11
39 44
12 12
95 69
23 40
60 93
46 2
59 86
16 82
97 89
49 57
42 8
49 70
63 65
44 82
30 37
66 27
47 93
79 31
77 67
44 87
23 78
47 64
31 74
83 69
92 92
68 28
90 24
65 3
48 39
30 0
58 94
20 52
72 16
32 25
85 96
10 77
23 51
62 38
22 77
96 55
96 34
51 44
3 68
23 52
43 71
66 18
59 65
35 23
15 68
10 17
97 18
19 32
4 67
59 55
24 35
76 97
61 74
89 41
96 65
83 33
24 22
19 5
41 8
47 19
43 11
8 37
49 69
53 53
0 17
75 98
69 65
45 9
14 60
78 48
37 64
41 62
1 47
59 77
36 70
38 26
88 57
98 85
97 46
46 34
2 51
16 91
93 3
45 14
73 32
35 66
16 66
75 69
1 41
40 84
64 62
65 52
64 31
7 73
62 4
2 22
75 16
92 67
92 95
12 92
34 20
38 22
14 91
8 46
29 33
95 66
32 2
41 79
52 94
21 92
43 4
41 75
56 74
89 90
6 13
1 9
26 81
89 32
40 54
61 75
73 75
55 42
84 26
35 86
84 7
18 36
21 81
94 54
94 8
16 5
8 15
53 44
21 65
88 7
29 42
58 50
49 92
52 54
3 87
27 57
71 51
82 14
48 18
61 10
78 84
62 67
96 58
35 63
9 62
77 6
56 69
98 77
5 90
72 57
79 12
48 71
41 0
22 62
84 77
92 45
12 55
59 67
18 82
44 59
12 14
97 58
68 44
95 87
64 21
6 34
46 32
10 67
30 46
67 29
6 95
37 7
31 58
60 85
53 84
14 13
10 65
49 27
15 98
86 95
40 93
92 82
81 62
95 29
71 32
16 46
5 29
46 14
14 18
90 54
84 23
90 57
34 3
1 51
71 72
35 42
24 4
65 93
69 74
60 40
42 37
38 83
94 90
17 64
49 71
62 72
69 89
5 70
58 16
54 82
14 59
2 10
67 94
29 78
47 94
94 75
54 86
86 88
11 21
88 18
61 71
44 26
68 75
73 33
99 57
69 52
65 99
2 92
63 44
0 76
5 6
29 74
30 26
39 9
26 8
21 23
79 84
21 83
10 71
55 2
95 85
70 7
58 78
82 63
30 30
38 5
16 98
83 42
35 15
17 74
3 55
79 32
73 56
55 38
64 66
64 96
25 21
88 48
85 3
98 4
33 28
25 40
8 42
93 5
4 47
26 53
91 2
65 71
46 80
19 7
71 43
64 82
11 97
64 46
68 65
53 49
58 20
97 84
44 7
27 86
32 37
34 8
93 93
56 93
67 11
49 18
88 97
71 38
45 39
82 77
97 98
61 56
45 8
84 87
57 2
35 55
60 95
96 51
66 65
86 14
8 17
60 53
92 60
72 69
16 70
40 38
90 1
99 39
98 89
13 21
99 25
27 2
23 42
65 68
88 66
4 77
39 51
32 21
71 17
89 93
11 40
27 48
32 69
61 16
28 82
72 53
31 46
44 90
58 23
6 55
99 46
93 12
67 90
86 50
69 44
3 7
55 77
68 79
95 26
54 71
30 79
21 7
11 47
98 67
43 49
72 10
85 23
71 57
78 90
38 94
9 14
96 52
24 70
8 76
88 52
59 4
24 28
24 60
53 71
6 56
37 34
33 56
29 46
85 42
63 56
35 13
64 36
91 50
62 88
2 73
88 62
74 10
21 91
14 49
2 2
64 73
54 56
37 5
56 98
2 37
53 24
56 9
68 57
27 82
80 45
95 52
8 65
53 90
88 37
7 91
40 35
19 12
68 74
98 68
41 80
93 10
11 80
44 63
67 3
93 39
21 51
42 73
98 64
84 70
2 20
21 36
95 96
65 70
84 94
80 12
48 33
57 6
27 42
49 58
7 96
69 38
77 38
61 78
64 49
54 57
25 26
35 79
70 20
95 14
38 44
72 55
54 88
5 73
16 64
32 66
22 26
75 44
8 97
7 28
39 17
97 48
15 92
51 69
64 28
73 71
55 19
79 97
36 73
58 92
52 75
96 97
54 8
12 82
27 12
79 23
11 42
61 27
61 83
3 20
30 71
50 18
54 90
21 85
13 82
80 10
70 66
95 30
79 96
77 37
56 20
72 32
80 33
5 74
32 62
74 86
4 90
24 1
33 84
32 16
89 2
20 34
83 18
32 22
21 28
23 58
15 48
43 92
58 48
12 64
22 5
5 76
84 64
27 40
87 46
64 94
53 86
86 96
13 97
19 30
17 67
66 68
95 60
6 74
34 37
68 95
88 72
4 4
71 8
45 83
27 39
69 80
13 22
1 58
47 27
92 14
12 33
73 35
91 53
53 34
43 52
48 7
82 20
10 58
80 9
78 50
14 95
13 6
46 82
23 30
76 11
83 81
6 52
65 27
51 64
80 47
56 91
71 30
21 30
7 17
77 34
92 81
20 55
86 75
25 53
97 17
23 9
78 28
89 83
50 55
79 61
65 41
61 69
32 51
57 74
94 25
55 92
90 31
69 71
82 69
34 68
74 5
3 98
36 61
12 90
34 7
92 70
80 59
11 22
74 23
45 90
41 51
0 61
73 98
27 55
62 36
44 53
66 75
6 65
20 40
0 97
72 81
6 18
37 52
26 80
69 82
30 76
3 97
58 85
73 84
61 2
66 34
80 82
47 57
18 67
75 4
89 49
18 31
90 62
0 44
64 20
74 26
33 53
13 27
63 58
1 78
46 17
4 39
27 70
34 61
1 65
99 18
15 19
51 75
73 40
24 31
2 63
17 44
2 97
61 66
25 39
59 72
79 38
44 17
88 20
12 47
22 81
54 16
41 14
31 90
45 74
27 11
71 19
8 6
20 23
67 32
50 47
51 76
27 77
94 91
38 46
18 33
2 71
51 67
81 84
92 69
56 12
87 94
82 99
19 8
46 58
27 28
76 36
15 54
50 91
25 58
36 54
96 17
37 77
80 14
62 6
63 39
11 49
33 19
69 23
40 86
25 5
56 4
23 36
57 76
64 74
63 71
87 19
73 51
12 48
95 79
46 91
14 76
47 42
67 87
20 30
90 87
81 98
19 1
70 27
4 85
33 60
43 81
85 6
39 6
3 42
48 26
92 50
50 64
66 37
8 34
72 56
60 7
2 34
33 8
41 66
98 32
96 99
76 73
52 72
91 42
73 60
1 60
58 27
26 15
8 54
18 25
29 20
23 62
46 35
37 91
62 34
28 68
33 76
33 77
17 29
96 59
25 92
34 16
9 65
60 89
33 50
94 15
39 64
30 18
85 82
1 91
99 23
3 24
17 72
37 4
70 65
94 41
49 62
75 25
59 20
85 67
83 4
73 64
26 21
26 46
36 84
1 71
8 73
51 51
80 67
33 87
36 24
60 26
76 21
55 4
52 12
78 39
6 99
20 17
78 22
15 22
98 38
59 29
23 35
70 86
27 9
70 5
23 92
58 89
0 96
52 67
60 57
14 26
62 13
23 6
27 1
4 71
0 95
31 13
22 63
73 39
71 41
62 60
12 58
71 34
68 99
69 47
63 11
95 11
0 19
41 1
37 94
87 8
3 53
7 56
46 41
0 50
51 28
33 44
94 2
20 21
63 47
85 62
32 91
15 7
66 67
33 66
80 3
45 12
54 38
18 93
47 44
78 37
97 77
83 86
57 36
22 23
84 90
65 32
88 51
68 17
45 86
60 37
99 51
74 77
42 17
30 56
29 71
28 77
12 25
49 19
66 72
40 32
37 41
43 36
93 16
87 56
24 0
56 38
54 49
93 98
53 51
17 28
16 35
48 56
30 51
11 12
28 47
59 0
83 15
22 35
80 37
43 35
10 81
91 70
64 29
98 35
71 82
63 80
19 22
17 7
65 7
77 18
45 72
37 88
96 41
86 54
91 34
25 59
7 19
40 82
41 30
25 23
44 46
75 73
92 20
79 89
61 73
89 70
8 57
52 81
78 62
79 71
93 4
12 3
0 57
51 6
29 23
19 58
57 29
70 51
2 13
56 3
14 15
3 10
11 91
47 58
57 94
4 24
73 27
83 89
89 5
6 53
48 42
40 48
11 19
1 5
0 80
17 87
44 18
21 95
34 30
63 8
85 21
10 89
0 79
92 94
4 17
65 77
68 4
82 52
81 29
89 46
56 47
94 23
26 51
81 13
16 42
62 74
76 58
68 77
3 70
20 41
21 42
41 91
14 77
66 79
28 58
91 16
88 79
55 66
10 63
12 71
85 61
36 14
76 70
11 86
71 31
19 65
42 91
33 3
18 75
99 13
41 52
68 8
99 54
50 52
20 77
19 6
4 30
85 53
1 30
58 95
85 93
2 62
54 6
84 19
95 7
62 94
62 86
74 0
88 55
67 6
59 46
71 22
74 60
1 89
34 45
66 63
66 6
59 45
48 83
85 19
98 87
20 16
80 25
97 49
9 85
12 28
27 44
67 8
17 79
20 90
28 21
99 60
34 86
88 27
64 40
86 81
5 62
10 33
90 93
62 14
55 21
98 39
50 33
98 30
1 8
10 95
82 93
26 69
33 83
64 95
21 52
48 93
37 92
94 70
55 78
5 77
35 94
46 64
15 51
97 3
85 84
50 53
56 34
95 74
83 51
38 12
11 24
15 0
81 77
76 66
83 9
23 63
37 32
15 15
51 60
7 32
69 35
98 59
85 95
14 55
9 24
67 59
50 75
38 3
89 66
81 95
95 76
67 72
26 93
80 23
67 23
62 83
8 90
34 26
75 28
98 75
59 38
19 29
19 34
73 47
0 52
35 95
94 40
83 57
97 85
31 98
10 75
42 66
55 46
72 96
35 14
9 88
91 82
92 41
8 31
39 76
57 56
47 28
2 93
86 8
87 77
74 33
22 88
0 4
18 11
66 7
88 77
15 47
88 44
72 76
49 5
35 52
76 32
56 83
62 68
76 96
79 14
39 16
53 19
16 45
67 84
78 85
47 40
11 13
28 29
28 54
76 98
77 16
70 64
82 71
9 43
65 92
89 28
85 30
58 30
52 2
12 57
72 26
64 68
62 33
44 30
25 49
44 28
76 89
48 4
82 79
49 89
51 94
63 17
16 48
50 86
57 40
32 36
37 47
14 65
10 41
48 94
62 59
63 97
25 7
77 84
63 93
36 58
51 98
43 98
96 69
13 62
4 13
69 63
42 97
62 61
25 2
43 8
57 99
43 43
66 99
80 60
2 99
18 62
46 70
31 15
98 25
27 45
57 89
0 42
58 41
36 50
98 16
5 14
43 68
32 42
60 99
4 25
30 39
1 13
53 82
10 78
96 5
5 95
30 49
16 95
60 91
95 15
77 92
91 22
85 4
72 2
22 85
44 68
98 3
72 70
74 17
77 8
15 37
95 39
0 35
88 75
5 34
46 5
62 25
2 76
66 15
74 9
78 27
95 22
70 84
36 52
52 92
80 41
0 24
34 21
9 38
24 20
12 83
91 85
15 57
74 69
45 10
14 25
49 23
79 30
42 68
16 37
68 23
17 96
99 86
27 29
91 10
80 85
39 14
89 59
31 22
62 41
4 49
35 19
84 95
81 67
58 91
22 95
82 32
40 69
7 44
4 18
3 5
65 35
92 93
55 7
85 75
96 93
19 28
69 78
21 47
97 64
71 14
30 4
42 26
27 72
60 65
70 97
41 60
40 68
52 27
10 14
80 26
25 17
36 83
49 31
37 67
98 34
1 16
58 82
74 15
85 48
17 84
31 48
51 26
54 59
88 90
56 99
82 47
25 22
99 73
88 88
99 55
0 10
79 76
57 97
62 12
12 17
74 79
37 22
29 26
44 83
37 61
32 34
61 54
20 79
20 69
56 75
41 87
84 8
76 88
92 55
46 90
84 24
55 98
14 31
65 29
56 63
52 79
82 57
40 27
33 32
24 27
97 50
67 66
91 19
89 55
66 29
74 72
49 39
72 22
68 46
68 35
71 50
6 44
60 16
19 18
25 28
8 77
44 86
23 45
25 57
88 11
69 94
77 68
83 96
99 58
31 75
22 73
23 19
27 93
62 76
81 40
2 41
5 22
36 93
29 43
28 73
62 26
13 58
57 14
31 12
5 0
47 25
96 20
7 6
36 19
3 1
4 28
45 57
66 43
60 9
35 0
72 99
2 25
81 59
84 47
70 42
60 13
11 98
89 15
73 85
57 15
90 63
21 63
77 27
24 14
71 28
99 35
76 38
0 75
77 83
19 62
74 91
91 54
59 73
29 53
16 63
65 63
26 91
32 26
94 84
73 72
50 2
90 18
6 43
75 66
48 34
5 46
73 99
55 79
73 97
12 96
63 52
1 11
27 58
40 42
3 33
68 96
74 50
98 42
60 33
56 19
61 47
90 67
42 99
7 38
69 36
3 75
93 46
15 40
50 80
51 66
90 35
48 16
81 74
76 19
4 56
57 55
73 52
80 44
89 77
6 46
58 80
53 67
58 26
67 20
78 3
25 11
70 57
38 97
91 33
26 9
10 1
72 45
53 40
86 69
92 27
52 53
85 83
52 46
59 11
23 2
33 1
16 73
1 67
17 43
7 45
26 34
37 68
1 38
62 21
48 21
98 18
96 81
22 14
90 11
97 29
91 96
67 14
45 81
92 54
89 45
74 36
54 69
46 84
42 33
16 21
56 77
34 90
15 91
82 76
4 75
89 39
90 2
35 80
15 46
49 22
8 67
28 72
72 13
5 13
7 70
14 58
57 88
78 16
42 31
18 24
96 79
72 8
92 21
77 56
42 14
38 85
16 33
43 45
69 81
51 62
45 75
30 59
30 11
83 40
29 54
92 78
7 95
4 32
75 21
93 31
27 62
10 59
96 4
89 11
7 86
86 21
76 45
73 11
87 99
86 3
21 89
33 6
73 57
98 48
9 30
86 55
90 81
11 77
91 83
3 22
37 38
88 3
66 61
96 28
79 34
55 45
14 41
71 0
4 80
55 52
21 38
1 10
48 57
21 62
98 49
12 6
70 75
0 30
76 29
63 73
76 81
4 16
63 46
2 39
16 31
56 66
51 16
2 74
34 34
47 3
67 71
87 98
49 13
40 51
85 5
22 91
8 14
39 20
7 35
59 35
64 34
71 52
82 81
19 41
72 43
15 77
82 10
50 24
27 54
43 62
29 99
73 14
42 94
78 2
74 93
4 65
47 39
94 32
35 27
93 82
61 55
39 0
91 1
2 46
34 28
65 96
16 4
93 26
52 61
20 15
57 46
47 60
89 8
74 68
5 18
63 13
36 26
84 58
89 68
14 30
18 30
59 43
87 57
90 89
33 31
71 67
84 74
90 58
41 28
71 79
59 53
34 85
57 44
18 97
11 48
75 68
75 99
18 64
16 14
41 67
82 74
44 61
48 30
19 60
71 45
53 42
43 84
44 41
22 50
87 72
39 98
23 47
41 59
16 16
56 11
50 1
9 83
93 90
47 72
18 58
8 41
31 43
69 29
71 94
73 2
94 13
17 20
77 73
82 25
64 48
42 89
20 67
6 20
17 92
1 1
52 23
90 38
19 16
36 89
58 55
93 28
45 55
80 50
0 9
96 33
76 86
44 56
42 60
88 2
45 58
74 88
57 69
51 96
44 15
64 19
9 59
94 83
3 23
65 61
32 11
73 53
54 44
81 57
35 46
17 38
82 87
2 53
98 99
84 36
74 46
12 36
96 13
86 5
76 92
92 97
4 33
16 99
42 19
69 87
95 62
80 57
93 8
70 91
84 72
55 50
91 75
40 4
4 86
84 44
95 89
66 98
60 11
32 84
80 34
60 56
93 71
13 32
33 33
18 89
10 79
34 78
65 67
49 32
74 78
5 93
66 30
13 89
90 13
17 99
65 76
42 29
63 42
58 77
96 43
30 95
10 24
68 81
78 66
92 43
69 10
91 81
12 42
27 56
97 95
99 96
18 91
69 16
58 34
36 94
87 23
16 62
60 28
83 88
76 25
47 36
46 81
49 97
40 33
19 76
33 98
1 85
27 67
30 36
24 48
79 63
31 92
79 21
69 79
87 13
93 44
15 71
85 2
19 75
25 94
58 68
82 91
20 2
63 85
70 95
74 66
61 17
76 26
41 41
87 11
26 17
36 41
10 12
4 45
31 45
37 72
45 23
23 10
99 11
71 81
40 99
48 10
95 56
5 37
99 45
12 1
71 7
38 13
72 86
84 71
51 88
32 27
98 21
26 24
80 16
41 88
66 93
98 98
55 30
40 89
18 1
17 4
56 59
22 2
17 60
90 78
61 33
22 52
81 75
62 43
18 50
88 80
12 78
60 92
61 97
16 84
10 40
94 45
21 22
44 92
49 34
64 99
38 4
86 66
70 73
29 24
31 60
91 3
63 31
49 66
4 76
8 2
96 16
78 11
93 68
84 11
88 56
18 47
26 76
78 41
50 25
7 63
33 64
30 16
82 37
38 39
18 21
6 30
30 78
20 76
81 8
6 92
47 59
88 60
75 39
80 90
69 37
89 91
31 94
20 86
48 25
24 65
62 17
51 2
91 57
7 25
38 8
7 85
49 28
0 34
28 51
96 53
49 11
43 96
81 3
86 6
28 91
33 73
85 28
37 79
15 17
1 12
38 72
32 39
63 38
6 51
16 76
53 94
40 76
44 44
90 16
47 56
49 47
7 88
20 80
4 37
96 77
39 27
23 96
40 9
98 43
48 90
32 97
90 8
68 63
26 2
65 73
2 86
74 19
49 42
39 41
25 0
32 33
83 14
79 85
62 99
73 80
24 76
16 13
52 64
96 82
36 40
42 63
82 95
63 74
67 12
31 81
2 30
20 13
79 27
25 42
48 53
86 34
50 85
44 14
67 89
40 17
28 96
91 68
38 11
37 28
90 61
45 93
14 81
94 77
80 77
31 56
24 36
35 28
40 53
62 40
37 48
86 84
93 79
89 52
66 24
47 75
82 41
86 92
51 12
80 99
83 67
61 0
69 57
61 52
25 81
14 89
36 88
21 5
30 12
73 6
72 47
41 16
35 65
27 13
36 95
82 17
52 83
22 78
50 94
84 92
26 62
84 88
96 19
43 16
83 31
35 24
74 58
21 17
44 74
92 34
30 92
53 38
65 69
26 82
72 14
61 90
63 83
49 87
66 22
93 36
28 69
97 51
11 55
26 63
46 92
63 1
40 71
18 98
96 86
16 53
30 43
35 96
53 59
55 71
38 67
20 25
53 11
28 28
87 16
85 24
62 84
59 78
46 36
85 31
46 23
80 13
6 77
49 99
54 96
97 68
5 86
29 50
23 20
72 19
84 27
58 63
88 86
61 9
9 7
3 37
88 50
56 53
17 15
79 47
8 52
87 70
9 77
96 75
9 20
90 26
91 24
9 56
52 90
81 46
30 22
96 42
72 74
24 5
56 40
63 3
71 36
21 20
80 62
57 3
87 78
47 70
67 83
76 30
52 5
70 43
84 14
75 29
40 3
88 25
12 94
80 35
82 51
54 3
26 85
95 81
15 33
19 91
37 24
84 33
57 72
18 78
84 1
31 9
67 2
89 42
33 90
64 86
31 67
29 98
57 52
85 38
36 82
56 1
32 12
1 50
39 77
58 18
21 45
34 88
91 8
66 47
64 88
92 57
83 25
20 85
2 40
99 44
19 25
42 87
54 17
94 26
81 49
23 24
43 22
82 16
69 32
79 19
19 31
99 85
39 46
47 83
18 81
36 34
80 75
21 60
38 14
86 25
65 94
97 79
59 63
47 29
32 74
26 52
6 57
35 89
45 49
99 26
81 79
28 89
75 35
90 99
46 65
89 43
56 78
77 17
34 2
9 46
22 47
2 3
4 44
8 22
49 35
36 92
3 54
3 80
1 70
87 75
32 24
29 89
96 64
60 39
88 5
14 63
39 35
6 29
18 0
90 40
14 92
75 51
80 40
3 2
83 55
35 29
29 6
55 20
58 90
91 62
3 62
99 67
11 82
65 81
36 53
2 95
11 33
80 21
87 22
54 53
73 23
59 37
17 94
91 31
93 19
24 64
4 74
6 12
44 1
42 6
69 34
41 27
61 82
64 0
90 22
52 73
25 35
1 68
7 82
50 40
75 10
99 27
4 7
21 31
10 38
51 54
65 57
31 71
8 85
14 14
51 34
46 63
22 39
44 37
70 55
11 70
66 89
70 63
40 59
10 84
53 26
16 11
10 46
84 5
16 1
1 43
48 60
22 15
57 17
45 15
55 62
74 3
41 7
9 11
68 66
37 89
50 90
33 74
37 14
98 54
14 57
81 6
40 64
64 4
80 72
65 22
52 60
21 50
1 62
49 85
56 29
35 39
11 34
53 29
49 24
15 97
13 2
22 20
38 63
75 54
87 9
14 9
53 99
31 0
