100 3
49 36
14 65
35 76
77 35
79 10
11 46
98 66
40 16
22 78
63 70
91 21
11 26
85 93
11 27
41 70
29 38
11 80
54 19
96 42
77 50
18 73
52 78
71 44
63 47
20 25
54 58
19 75
3 75
93 1
6 31
48 18
83 9
17 3
8 32
77 95
50 12
90 55
3 79
91 41
13 16
10 81
74 99
95 6
38 50
0 91
77 88
53 49
15 29
16 64
70 97
8 18
52 20
30 91
11 11
86 48
45 4
54 68
62 67
70 71
83 24
84 63
14 18
20 42
39 48
94 25
71 33
88 84
87 41
10 98
60 42
51 16
31 57
88 89
17 57
95 81
41 29
75 18
50 46
95 65
40 53
76 82
94 30
7 73
54 60
98 39
6 60
61 65
23 47
80 81
99 94
5 97
27 40
15 77
45 41
35 99
20 95
68 64
74 68
62 18
43 93
4 87
42 87
45 42
47 81
20 49
36 70
72 21
25 24
1 89
15 3
58 61
51 2
83 63
64 89
55 38
84 97
8 56
9 67
44 21
78 15
40 68
94 20
20 26
76 4
11 76
41 2
52 17
15 16
21 24
96 84
68 47
8 94
3 85
8 64
92 83
75 85
60 51
50 8
26 49
27 81
63 62
87 21
55 62
88 87
71 26
10 48
77 30
57 82
62 54
41 8
75 78
95 14
41 45
18 12
65 35
26 53
66 31
11 45
21 17
68 28
78 88
66 34
83 11
79 84
9 90
23 58
20 36
7 9
5 14
93 15
61 28
37 82
72 7
60 78
55 57
34 3
23 59
28 62
34 50
62 52
54 86
97 14
57 15
96 14
25 17
9 62
51 61
34 99
60 13
22 91
27 13
22 14
24 69
70 44
6 98
19 35
38 34
45 70
36 92
76 45
57 79
15 6
26 54
2 72
15 46
17 11
34 49
10 79
85 22
69 35
72 62
97 36
77 98
2 10
38 37
10 62
87 52
60 97
31 5
52 61
86 77
27 32
68 8
21 3
62 55
63 21
59 70
14 88
13 86
3 76
78 14
36 27
38 21
13 72
63 45
79 39
56 21
68 50
56 35
27 59
10 61
41 98
36 76
71 10
15 59
1 87
37 38
99 46
84 3
63 10
6 43
11 7
95 4
58 27
6 69
53 25
72 0
67 41
42 36
68 76
77 99
15 68
70 23
89 49
0 69
48 1
29 8
3 63
81 83
88 15
3 68
53 85
28 17
3 96
26 20
69 23
28 87
39 32
63 74
13 88
28 0
11 15
84 37
12 84
80 30
71 38
36 30
56 46
43 78
61 25
10 20
32 88
74 51
10 96
13 0
83 82
33 84
1 13
44 24
73 50
37 32
35 15
78 65
90 6
82 92
51 9
46 48
95 66
25 3
60 28
18 25
1 94
17 64
85 15
89 60
46 62
30 16
17 75
63 81
48 72
82 81
53 65
12 87
49 71
84 96
15 35
38 11
64 44
21 89
93 49
83 21
78 85
59 20
53 87
84 36
24 63
27 49
31 83
64 29
66 39
5 0
71 43
14 56
63 33
61 43
10 88
55 48
27 87
7 91
90 1
96 2
31 99
88 83
73 53
35 47
48 94
37 49
91 49
68 52
74 41
13 85
75 26
34 64
98 94
12 66
85 72
91 29
31 9
39 74
0 67
11 48
81 33
9 22
51 0
15 72
66 53
66 45
86 14
43 1
35 54
29 21
84 73
38 98
40 24
55 68
77 78
57 45
50 25
54 4
64 95
90 79
19 97
60 63
36 49
99 1
22 32
5 41
61 16
28 73
59 45
18 32
76 19
62 46
76 51
70 95
6 92
32 89
32 49
92 62
42 61
50 35
92 88
8 79
69 71
68 36
67 81
55 95
92 10
59 2
36 9
81 64
25 15
45 66
74 77
40 73
6 36
26 41
88 40
57 84
19 42
78 72
94 10
92 51
25 96
96 56
92 32
36 29
51 17
9 75
82 29
7 77
23 67
2 15
51 85
49 47
45 81
66 87
96 49
65 97
39 65
33 26
48 16
47 25
67 85
69 14
12 20
35 11
94 5
75 67
58 3
12 1
66 19
8 25
44 81
51 22
23 0
3 33
36 47
20 91
70 58
49 61
34 12
75 48
70 9
39 80
95 45
98 77
82 90
42 19
61 49
37 10
9 44
87 42
64 42
22 92
26 14
19 82
19 30
63 23
22 2
78 46
51 99
74 55
27 77
4 43
22 65
95 8
26 66
19 29
55 3
25 80
6 15
6 88
55 90
91 80
17 63
15 87
79 11
31 74
68 22
27 60
60 26
60 45
18 84
16 53
78 99
4 69
88 20
81 91
16 85
18 20
7 53
13 77
60 6
86 98
50 31
15 4
95 55
0 30
42 53
76 60
2 7
4 18
77 6
24 27
89 78
18 92
60 18
31 1
32 11
58 49
77 89
84 87
27 15
63 51
11 19
72 76
92 61
23 31
7 16
70 46
67 14
15 17
10 45
93 54
39 14
23 93
49 13
73 98
87 69
75 52
72 82
8 99
39 59
72 52
68 45
29 72
76 97
39 11
98 42
44 31
88 58
80 59
43 70
33 71
44 5
33 63
17 37
53 10
94 3
68 80
33 94
43 84
82 65
75 62
99 19
20 74
44 37
47 78
7 45
27 76
69 17
97 27
15 85
55 91
52 50
7 3
63 38
30 64
61 71
34 86
73 55
75 80
26 63
77 31
74 52
43 85
82 40
68 55
62 66
27 62
73 70
40 5
1 99
49 92
46 44
88 67
36 96
99 2
40 91
1 71
51 57
82 18
59 30
94 16
94 4
86 72
18 8
83 40
79 0
1 51
39 95
74 78
88 7
25 46
78 59
98 25
78 12
21 9
92 70
57 21
35 17
86 4
95 32
5 35
56 94
94 84
84 54
24 8
91 77
4 29
7 8
59 1
88 69
29 17
13 42
65 2
78 92
89 13
64 72
74 15
23 22
14 38
45 17
1 7
9 9
32 75
91 52
37 77
96 76
47 20
80 99
84 66
81 49
11 47
77 67
46 3
88 11
80 86
88 86
20 2
38 17
30 53
24 36
60 98
79 48
94 46
56 58
98 17
40 82
0 84
15 24
42 11
20 32
48 60
24 34
54 48
21 93
9 8
59 22
35 63
65 96
3 72
68 13
70 10
79 53
81 37
93 7
44 87
63 9
55 28
72 19
60 34
60 25
88 6
8 26
61 4
3 65
38 48
16 0
88 5
69 37
1 83
5 34
6 42
44 74
91 18
25 23
29 43
14 90
77 53
2 32
71 77
67 35
97 83
27 57
55 13
14 92
63 46
10 46
13 75
48 95
0 4
49 29
41 46
33 6
21 34
54 87
61 76
7 17
79 30
57 58
90 18
1 95
93 72
47 56
28 39
72 96
57 33
51 46
29 67
17 5
68 81
54 83
20 45
72 27
25 30
66 64
79 96
55 69
31 72
25 40
5 66
68 33
40 37
78 55
27 3
63 18
83 57
87 73
78 45
25 22
13 1
57 14
40 86
91 32
91 89
55 55
6 33
68 34
42 27
89 30
61 72
74 47
13 35
5 55
43 36
57 3
67 48
1 64
59 13
87 46
38 26
53 64
80 7
28 33
73 78
4 90
25 31
27 64
82 34
8 28
82 99
21 20
36 40
43 96
71 42
46 13
19 22
95 5
2 66
71 54
41 57
23 42
60 29
8 58
43 33
32 59
22 29
2 17
72 24
64 10
2 58
29 83
95 79
27 72
37 5
82 45
89 94
28 49
60 3
2 22
80 91
0 31
31 16
33 4
61 84
83 4
90 43
68 31
98 47
14 2
31 84
40 15
26 76
52 12
38 93
40 42
7 7
30 67
81 87
33 65
76 84
51 37
77 93
19 41
1 49
64 36
89 66
46 22
31 75
17 45
67 30
49 73
93 39
43 40
47 58
94 37
13 97
46 57
20 64
64 58
55 61
83 51
61 23
59 98
94 96
80 58
68 23
22 90
54 79
37 14
8 22
20 22
68 87
47 6
31 23
78 79
48 32
95 18
10 33
49 28
23 68
8 86
30 82
11 72
16 34
93 64
5 91
12 97
91 6
58 71
22 15
5 90
60 57
95 93
98 45
79 47
6 35
58 56
61 31
41 89
22 19
2 52
49 42
40 1
6 40
30 75
48 75
66 8
96 24
24 21
54 17
38 49
36 84
69 12
9 96
69 38
88 98
93 97
89 62
97 93
54 52
31 56
22 63
43 66
38 43
62 15
12 89
2 24
74 65
37 11
54 14
25 52
5 20
82 30
49 48
21 63
94 15
32 34
28 56
35 65
83 95
81 58
30 25
96 67
14 95
16 93
7 63
16 91
95 31
84 6
0 59
19 73
95 67
5 50
46 91
30 19
66 88
81 93
3 13
54 27
79 45
94 14
42 75
14 69
8 9
98 44
50 89
39 87
94 93
42 80
33 20
68 99
11 49
46 72
99 16
63 26
96 23
45 52
57 44
96 7
12 41
78 69
77 70
97 31
88 10
3 35
51 18
62 99
89 22
63 50
96 28
35 69
12 51
80 34
94 6
61 63
76 5
22 73
50 40
80 73
15 76
16 70
93 85
75 14
66 77
85 30
22 74
5 71
70 84
95 50
50 50
12 72
29 70
57 46
52 16
35 72
96 81
99 30
98 89
75 44
41 83
10 83
56 76
48 58
61 17
71 73
66 24
41 84
44 33
45 9
82 42
4 52
64 92
44 41
57 13
80 96
65 25
65 21
94 34
64 74
18 41
46 95
97 97
80 39
10 52
87 97
78 40
65 42
26 99
41 72
73 85
94 11
72 5
21 19
52 62
18 61
32 23
75 34
46 29
6 97
66 59
35 40
59 76
88 82
48 44
90 16
76 49
75 5
93 28
14 80
2 93
87 45
52 53
33 36
50 98
34 14
25 78
26 28
86 7
8 5
63 34
5 2
98 74
79 69
11 54
19 81
68 61
1 31
21 71
80 5
14 45
30 72
17 85
66 38
14 15
52 76
9 0
76 38
76 90
95 77
40 28
54 32
4 72
59 24
66 47
1 60
82 95
64 41
63 22
24 11
31 37
9 17
80 33
92 7
11 51
13 13
16 44
87 74
84 29
97 16
48 73
55 18
94 78
22 89
53 44
65 58
66 55
40 38
78 28
80 41
50 28
77 61
48 31
53 99
83 66
26 43
7 20
23 11
29 23
17 67
32 90
4 63
53 75
21 64
45 94
67 65
76 47
4 17
47 18
48 47
94 53
91 23
45 19
58 60
26 67
64 63
30 7
71 67
93 62
37 75
27 21
19 70
26 58
18 34
34 70
23 94
72 71
19 87
85 67
28 8
91 58
70 3
94 83
97 8
95 7
0 48
30 2
22 58
4 36
72 26
65 66
96 80
9 91
82 93
57 29
24 94
71 30
80 9
28 16
98 10
71 65
97 66
51 66
25 81
66 54
8 65
15 80
0 77
91 84
90 73
64 56
68 48
54 35
58 44
51 90
74 72
21 38
93 35
55 99
96 16
22 88
54 8
95 92
70 55
12 91
58 94
81 99
64 16
64 54
68 91
87 75
73 11
55 72
16 63
66 72
42 39
69 64
96 90
63 40
81 38
69 96
63 60
74 10
29 13
72 25
75 45
23 30
23 29
53 22
52 46
23 28
95 68
73 28
74 58
64 14
50 64
34 5
26 87
77 14
70 45
69 88
4 15
70 19
56 78
79 79
61 85
9 88
44 29
73 5
93 73
55 46
66 20
43 73
33 24
12 28
27 71
61 45
33 21
47 3
97 95
57 59
61 57
30 48
79 13
4 40
13 36
18 86
0 1
47 83
74 59
65 27
72 43
1 2
97 38
60 32
68 94
93 63
59 27
26 33
97 19
54 59
24 24
0 33
25 2
36 95
79 26
71 16
78 51
2 14
5 9
99 21
58 20
85 12
44 47
83 5
86 22
79 75
32 81
89 35
80 19
1 39
28 93
25 18
83 20
78 96
87 4
22 33
59 32
62 89
87 31
56 79
89 4
22 55
59 35
96 92
4 9
40 46
82 43
79 27
9 30
37 95
76 65
9 43
98 78
41 9
65 88
64 1
7 10
29 46
43 9
10 18
64 52
3 98
3 27
97 5
49 96
49 7
65 95
27 48
92 2
84 65
41 39
23 10
60 40
61 73
48 17
79 65
99 52
73 60
62 98
28 14
44 77
66 57
8 96
54 82
23 6
94 8
12 94
19 66
72 10
0 89
39 33
19 4
21 98
98 53
7 54
24 41
53 14
1 50
80 51
85 28
98 90
62 1
9 72
45 28
35 55
70 5
69 61
19 17
93 75
45 82
67 22
28 83
90 64
96 51
80 97
37 23
68 12
38 20
84 14
90 44
24 73
77 45
81 76
10 31
4 12
31 60
83 99
20 56
8 71
54 43
15 9
55 33
40 20
1 5
51 49
94 59
40 35
54 73
35 45
35 62
46 52
74 97
60 2
35 25
60 47
36 22
92 82
95 15
44 45
81 18
14 5
24 61
87 66
64 39
45 31
60 37
54 49
32 94
28 48
65 83
3 6
87 89
12 48
55 30
16 79
86 88
5 87
46 70
90 82
89 86
47 31
1 76
6 81
49 84
92 38
94 77
93 11
60 87
21 2
41 59
57 31
89 64
63 53
99 92
71 5
73 91
99 29
25 21
32 41
61 88
53 29
98 19
57 47
78 43
7 98
35 81
1 45
94 1
90 39
71 40
78 83
24 39
70 67
37 59
82 24
35 26
80 84
37 92
53 27
92 90
56 61
4 53
50 67
5 85
53 77
44 68
52 97
47 48
96 19
16 84
44 15
91 22
90 56
62 83
87 53
97 47
71 46
9 57
81 25
63 7
22 36
34 33
2 0
61 2
74 29
41 73
13 3
43 32
42 97
77 16
41 42
82 26
87 16
46 67
62 64
87 78
95 70
2 68
37 69
95 42
86 46
68 71
16 90
93 70
63 12
13 90
70 53
13 55
74 12
8 72
16 71
2 78
97 20
62 56
78 94
48 3
30 92
39 57
0 97
22 13
39 99
30 38
63 37
26 78
77 66
81 20
27 23
99 31
19 67
6 84
29 61
67 83
28 21
59 48
40 93
76 8
94 51
64 33
18 0
31 69
90 30
33 37
83 89
84 5
3 53
10 86
94 74
40 32
32 4
83 94
4 14
14 61
63 44
4 85
84 77
9 55
35 29
30 79
0 29
11 61
85 48
15 44
74 8
72 95
39 19
10 58
82 41
53 91
47 4
65 82
92 69
8 59
49 25
71 78
78 57
37 12
98 0
57 18
2 12
70 79
6 73
29 26
13 43
14 35
5 78
26 83
53 18
99 6
62 30
91 91
39 0
25 38
97 22
26 18
50 95
53 62
85 81
89 91
41 64
70 60
67 32
58 36
59 14
84 88
91 37
97 84
90 96
45 60
83 7
51 48
48 85
0 25
37 33
92 26
10 15
4 77
42 33
98 96
39 31
87 18
95 37
90 80
78 19
13 10
82 22
97 57
32 68
79 60
21 42
17 34
71 72
84 1
63 20
86 66
13 20
55 53
72 64
37 51
16 75
43 67
2 61
87 90
99 55
24 5
25 47
8 6
69 84
29 4
70 56
92 5
30 83
51 27
14 14
10 28
7 69
6 9
70 30
32 95
26 84
81 86
84 13
74 34
58 90
43 29
11 31
48 67
58 88
74 35
48 90
21 29
58 40
44 70
42 25
28 18
50 80
6 46
59 86
74 88
50 14
42 85
92 68
41 56
87 38
4 30
31 43
17 9
8 60
60 75
28 67
95 63
41 66
11 44
10 73
11 77
11 92
41 51
78 37
3 46
52 57
23 27
34 36
73 44
96 0
89 9
19 38
58 10
52 26
58 7
66 76
46 79
73 39
39 26
84 70
63 24
24 43
1 12
29 54
24 4
75 31
47 57
29 3
86 21
14 58
63 32
41 18
66 81
17 41
9 24
16 21
68 82
23 12
32 47
66 7
50 61
44 73
46 61
59 36
17 95
32 50
32 98
45 61
26 88
94 42
8 97
46 47
79 12
76 81
39 6
64 9
66 12
51 23
17 76
3 94
25 6
60 88
68 20
89 73
67 33
12 77
34 19
68 73
96 12
70 11
7 46
25 50
50 82
86 16
21 18
87 93
42 92
94 27
95 52
75 92
72 30
31 87
59 74
51 41
54 71
56 16
14 71
51 35
91 11
30 42
88 77
75 4
46 58
73 64
3 21
67 45
24 23
17 97
97 73
16 41
42 42
77 9
55 7
52 11
10 47
0 19
57 43
42 86
56 99
72 61
4 80
4 47
51 83
41 48
69 55
88 94
72 2
69 98
97 98
48 96
85 8
38 77
52 51
33 68
93 91
16 18
18 31
28 72
4 4
75 15
45 46
0 99
39 81
20 53
69 41
12 75
75 8
63 93
4 96
11 67
79 17
79 20
96 55
99 18
33 72
32 13
39 20
92 31
57 65
99 71
36 11
83 16
16 98
54 67
68 27
40 85
68 18
63 97
32 43
29 34
54 47
20 84
43 10
24 49
8 21
71 37
41 67
74 36
48 79
5 74
2 3
85 59
56 91
81 66
36 5
28 46
99 38
28 66
56 93
82 76
71 76
23 39
19 58
0 40
38 74
68 17
72 91
27 82
72 28
26 29
66 63
12 63
30 70
32 32
54 9
92 81
69 49
39 72
86 25
18 21
20 73
15 97
24 64
3 18
84 34
31 29
26 22
98 4
84 11
66 41
65 84
21 57
40 36
54 45
27 30
0 92
39 16
42 58
35 84
7 87
28 40
23 66
47 30
39 13
27 80
7 6
61 24
27 37
23 76
47 35
42 55
84 45
42 17
49 69
47 80
83 90
43 18
22 41
8 7
55 36
13 87
33 31
34 92
66 36
9 21
40 99
0 95
9 70
96 4
60 99
71 84
13 31
90 87
81 59
81 36
62 44
32 86
39 83
93 51
39 37
34 59
39 12
43 56
77 75
38 55
79 90
83 14
94 75
79 80
5 82
51 94
59 80
56 71
50 23
74 50
45 35
48 42
93 86
79 91
66 60
45 84
69 40
69 44
57 97
85 19
25 35
36 60
79 28
40 57
86 69
57 78
86 27
53 34
28 34
85 78
67 76
83 97
3 93
63 49
12 6
1 48
37 89
4 61
70 32
56 0
85 95
55 64
21 61
70 89
69 66
8 51
63 78
48 45
75 70
99 13
52 47
73 4
16 69
56 65
49 77
69 7
4 3
30 80
14 72
21 68
88 41
94 88
23 91
56 24
23 26
31 36
32 70
11 85
13 9
8 44
2 94
74 66
14 48
36 58
62 6
7 43
11 14
50 81
89 17
16 88
43 50
53 2
53 88
12 54
28 5
65 37
53 53
84 16
59 81
57 68
83 2
17 14
35 92
20 69
74 44
27 43
57 91
75 55
53 66
12 42
78 5
8 57
25 68
97 71
25 63
6 55
75 89
75 0
74 69
16 13
83 88
13 80
69 65
51 55
74 16
44 93
15 31
8 43
98 83
81 48
90 58
22 77
4 16
51 72
81 14
93 95
99 15
43 41
66 33
16 66
71 70
62 94
22 28
12 67
75 13
72 3
10 32
73 57
36 62
51 51
95 1
25 83
9 46
77 81
70 82
65 94
98 36
68 51
28 64
26 26
43 89
62 23
6 17
2 85
50 57
66 48
33 89
45 30
45 64
30 50
12 64
77 26
10 23
82 19
86 30
35 93
14 24
41 78
35 9
81 32
49 20
31 78
37 9
21 46
89 38
22 25
34 98
9 81
52 38
70 92
61 40
88 76
37 37
96 18
22 83
35 71
89 70
72 86
57 11
71 34
81 57
8 88
17 83
58 68
95 29
31 11
98 63
90 10
55 0
8 98
34 28
33 83
2 97
36 90
71 61
79 54
68 38
50 52
31 65
60 94
58 17
6 96
95 12
94 38
16 56
74 82
26 74
3 2
98 6
8 23
21 58
7 14
20 51
77 72
34 44
78 9
57 17
71 41
86 99
56 22
55 45
58 52
6 11
28 47
11 4
71 99
86 2
63 77
94 47
51 77
37 93
97 29
96 29
76 13
79 74
47 45
16 67
52 52
58 96
10 72
24 89
70 75
88 19
68 24
40 65
92 33
77 36
12 58
11 34
98 49
70 70
27 19
89 69
99 17
98 27
27 99
59 87
29 32
87 5
40 2
3 15
24 60
10 66
90 92
68 46
34 91
97 89
21 51
93 71
6 7
55 39
97 32
72 36
63 58
85 80
58 64
97 7
76 17
78 62
37 27
75 20
16 60
17 69
22 34
44 8
16 87
91 92
23 98
78 90
96 34
56 62
37 16
14 13
65 79
14 0
40 8
12 45
50 70
42 98
48 76
30 12
67 92
53 3
15 34
47 37
97 74
69 83
80 32
69 18
19 14
66 28
30 37
46 83
34 23
43 47
43 16
16 2
6 56
10 63
70 27
62 93
82 67
40 18
29 40
63 76
63 85
70 38
5 70
44 35
54 66
0 57
85 79
19 15
74 74
4 56
99 39
93 99
82 38
48 69
90 61
95 22
2 2
23 51
37 35
0 50
93 23
50 39
20 58
85 86
9 2
99 10
41 15
65 8
23 97
60 46
19 88
4 51
66 11
81 90
5 53
38 0
71 6
85 94
71 45
7 36
63 88
7 76
73 26
74 32
54 30
25 43
9 36
47 85
97 26
52 68
76 15
68 86
87 82
38 99
13 56
67 99
22 57
15 39
0 96
63 68
71 74
21 67
24 76
78 7
16 45
63 36
54 74
73 83
88 50
12 23
75 50
99 96
77 7
71 28
30 20
23 53
45 77
86 74
78 86
18 89
78 24
27 16
4 99
26 72
97 63
3 61
86 26
14 4
13 32
78 36
35 14
39 27
70 2
94 54
62 29
44 84
14 54
94 41
5 86
65 39
55 8
39 76
41 0
17 51
88 44
10 11
38 31
45 75
68 89
24 35
90 69
26 3
93 74
36 79
22 87
33 34
66 91
52 56
61 77
51 5
1 62
8 75
84 67
50 24
10 25
69 33
87 23
91 97
80 40
7 27
23 50
35 94
62 19
45 3
49 55
56 33
51 11
37 0
9 93
15 90
97 76
87 0
56 55
81 73
67 16
32 3
36 98
82 91
94 19
67 70
29 60
61 36
2 64
80 20
7 34
22 98
31 61
75 30
70 68
69 51
77 41
26 69
72 77
6 39
92 8
4 45
80 52
99 58
98 51
10 38
15 12
62 36
27 41
96 26
10 8
90 40
55 54
31 46
1 54
37 7
40 63
83 75
43 38
39 56
48 38
27 61
4 91
20 85
49 16
50 51
5 45
59 6
99 98
18 55
7 32
51 20
61 52
69 60
88 8
29 80
70 77
74 80
33 1
33 22
19 21
58 69
86 51
59 15
74 76
42 71
87 88
27 83
57 34
63 80
97 1
7 80
75 47
90 45
94 90
17 16
46 37
98 38
71 62
14 27
70 78
55 65
11 87
39 1
29 48
72 67
4 89
8 27
7 30
85 41
26 19
84 27
39 63
46 88
9 45
18 39
72 49
47 29
9 73
99 34
60 38
19 96
1 16
9 27
37 70
22 23
67 10
18 27
49 57
21 28
11 74
22 51
66 25
28 51
65 99
20 8
61 11
7 58
30 56
90 84
41 30
48 82
40 11
7 74
17 87
71 32
24 99
45 49
11 73
79 40
96 72
48 52
69 78
5 27
8 91
29 58
13 33
2 81
80 27
24 13
30 77
2 74
79 43
79 18
82 50
66 29
17 28
33 66
94 67
92 66
48 53
91 79
64 51
79 57
48 40
55 27
76 43
79 46
36 71
94 12
20 92
97 91
2 76
38 53
79 62
17 33
15 95
77 55
1 33
10 19
76 2
70 63
31 76
90 15
62 11
81 17
0 53
42 89
94 45
14 78
75 6
11 12
14 55
47 12
86 0
92 17
66 37
5 21
83 26
94 64
39 18
19 43
34 2
46 75
79 78
31 48
57 75
21 99
9 59
56 34
49 78
98 67
16 17
38 94
71 58
34 83
82 52
85 42
50 47
6 16
73 12
63 27
43 51
6 21
84 76
19 86
65 17
73 37
94 61
0 8
40 34
46 49
8 39
78 64
30 23
16 94
11 75
37 15
31 90
84 40
51 76
40 6
4 59
53 48
84 19
38 76
68 85
0 74
11 28
7 47
85 74
41 41
4 32
36 59
83 59
39 55
30 51
16 62
19 23
29 64
46 4
44 20
23 48
13 12
55 87
4 28
52 93
69 13
63 28
86 3
96 75
21 66
14 41
81 61
97 62
6 71
85 35
66 97
16 22
41 95
34 24
12 71
29 62
52 14
67 62
39 82
33 0
24 10
0 58
95 73
32 67
84 71
58 66
50 58
37 8
89 15
9 33
23 32
42 20
73 74
61 82
93 44
85 31
14 85
43 49
56 10
62 79
10 71
89 24
45 10
45 98
16 38
68 92
4 94
39 46
30 1
11 81
33 80
40 75
80 43
38 32
1 52
48 22
14 64
44 14
23 65
66 78
22 85
28 88
45 86
24 17
90 46
49 93
66 4
17 32
40 95
65 48
72 12
97 77
47 46
79 3
15 15
48 33
70 36
32 78
48 89
4 54
95 58
38 47
80 14
6 18
47 79
93 57
72 80
52 99
77 22
75 63
73 13
53 19
83 48
50 65
33 28
46 76
17 8
57 94
21 49
95 49
16 99
94 91
8 24
25 42
1 20
48 87
15 54
98 70
43 75
85 29
10 97
55 94
74 96
35 22
73 30
53 76
55 26
16 92
91 82
94 58
56 51
69 24
87 1
16 32
42 9
26 12
87 12
34 74
0 98
8 1
12 21
82 86
94 66
50 77
80 70
9 69
54 7
13 99
94 63
56 45
41 53
67 73
37 86
55 32
43 79
50 10
92 77
85 45
57 90
98 61
2 62
49 89
71 35
74 21
55 96
53 69
89 21
65 59
83 60
18 67
49 44
65 71
13 28
36 16
59 93
48 80
91 78
28 31
36 83
50 17
15 57
51 70
31 7
67 47
95 27
80 48
12 32
61 27
75 43
19 25
56 41
55 60
91 9
89 33
27 36
60 76
23 73
26 59
94 71
95 40
91 74
20 11
40 49
99 33
12 40
4 35
5 60
42 30
6 62
90 13
81 62
58 21
77 86
68 19
17 4
4 19
68 6
55 82
98 75
61 92
60 91
90 53
41 20
23 88
83 29
97 23
68 53
42 43
93 24
91 14
26 50
58 75
90 26
29 68
15 71
42 91
82 0
83 58
67 24
2 29
25 41
77 73
49 76
48 13
4 73
91 43
18 17
62 69
55 10
5 95
46 35
77 80
59 91
92 18
58 92
14 63
96 13
85 5
21 1
22 69
58 99
65 19
13 93
43 52
9 97
80 17
38 33
64 80
4 6
34 30
34 87
12 25
90 42
88 53
46 92
0 56
89 82
94 72
9 34
91 57
15 66
5 67
7 82
47 27
12 98
83 27
44 13
20 13
0 75
21 77
0 49
42 31
29 75
92 76
38 69
61 42
49 10
99 45
82 58
97 85
43 26
79 86
10 74
22 37
8 50
73 59
26 81
66 49
49 91
79 34
30 94
84 92
32 38
56 98
3 91
36 61
49 52
80 36
29 42
94 57
16 68
64 60
52 18
6 1
29 28
78 41
90 90
28 53
60 49
29 73
60 84
44 11
13 29
46 33
65 73
31 62
12 7
68 42
37 53
21 88
94 17
54 21
51 74
12 27
31 27
17 93
28 9
95 30
67 42
70 17
24 1
5 19
87 62
63 25
14 21
9 86
82 68
33 43
96 87
15 7
25 19
90 91
83 65
25 76
3 48
11 90
61 39
66 50
62 34
75 19
96 52
35 21
89 76
79 2
24 37
4 57
45 32
33 44
12 3
3 99
71 24
75 29
43 61
86 84
7 51
42 1
29 63
75 87
31 39
80 23
62 58
57 49
21 59
88 42
28 20
48 41
61 97
85 96
33 62
62 50
87 50
8 47
47 84
87 65
15 79
75 7
29 91
57 39
36 32
62 87
25 69
20 14
91 85
38 52
26 13
6 86
99 63
18 4
94 44
17 81
34 0
3 10
75 96
85 7
17 70
82 7
76 94
43 22
57 73
15 83
24 97
8 67
35 87
69 43
20 86
30 46
72 20
57 77
26 51
22 1
61 1
56 17
8 46
7 61
76 79
81 27
1 93
1 17
80 3
30 78
55 89
11 69
58 84
34 97
41 28
42 23
89 3
55 44
10 87
59 17
19 99
43 20
32 91
1 41
77 21
20 18
77 90
38 80
57 48
92 39
67 89
47 11
2 30
61 67
66 80
96 96
91 95
30 32
47 44
18 30
34 78
1 69
32 37
97 46
89 14
2 18
64 62
62 27
9 68
82 85
67 49
56 31
7 59
43 39
14 1
91 87
52 33
1 21
28 61
83 12
9 3
10 95
6 30
99 72
71 0
48 26
79 92
84 89
86 81
32 39
62 95
20 89
79 66
92 57
57 85
87 47
7 12
75 37
89 34
24 51
97 49
91 67
93 25
0 16
5 31
81 0
67 95
38 85
60 11
61 8
28 23
58 24
93 40
34 54
6 32
8 35
2 36
8 33
87 17
85 46
91 83
88 55
73 25
48 6
33 8
34 41
44 25
75 35
57 57
86 50
67 13
18 57
62 31
59 65
72 17
20 59
97 2
79 42
86 56
85 4
41 25
89 25
22 0
1 37
95 91
22 40
3 19
6 20
30 26
5 73
92 48
95 75
86 64
94 80
38 27
25 49
69 29
76 52
37 68
63 2
14 76
9 99
63 13
43 3
80 49
80 50
66 71
26 68
95 97
16 43
94 52
39 36
10 93
97 67
39 38
16 1
37 85
81 2
88 36
65 24
32 66
40 67
88 60
95 76
49 79
7 29
61 48
24 56
28 41
33 96
75 58
70 94
41 52
18 85
67 34
77 82
36 78
35 33
99 4
36 91
73 31
9 49
14 50
36 80
56 12
94 0
33 5
16 46
52 1
78 35
59 12
75 69
88 70
82 44
86 90
20 17
32 1
88 46
53 30
93 22
3 28
31 97
67 38
51 53
48 28
72 68
5 8
85 83
38 24
85 91
97 65
58 18
4 24
86 12
21 14
71 93
2 47
52 39
35 43
71 81
62 53
85 0
95 99
42 56
71 11
19 10
81 3
72 92
40 61
62 10
50 87
34 89
91 53
70 25
13 70
73 89
20 3
64 34
39 7
27 45
61 34
60 56
25 97
95 28
3 55
28 35
64 40
69 32
28 59
46 1
72 48
40 27
21 45
66 21
95 53
69 91
82 89
74 39
20 52
98 60
90 38
28 22
54 55
0 60
22 46
96 11
11 8
62 76
50 42
33 15
96 40
39 90
8 55
74 48
85 66
52 32
14 83
57 81
81 96
75 94
2 65
6 93
29 1
18 65
59 46
6 4
45 89
87 64
50 32
31 81
24 44
44 75
72 9
52 89
58 51
40 64
93 60
42 52
91 8
53 36
79 24
70 49
75 97
12 5
96 68
90 0
28 11
6 76
24 12
57 19
65 56
33 49
72 93
39 35
14 39
91 17
22 10
65 92
33 16
63 41
70 96
30 21
47 73
49 82
14 82
84 22
51 84
22 86
47 39
9 28
98 29
18 50
74 22
60 15
54 70
21 48
80 64
58 72
17 21
32 79
44 18
97 86
60 50
90 63
46 7
57 56
58 45
63 89
66 74
86 24
29 93
23 62
24 26
46 23
97 52
0 26
86 28
0 45
28 38
83 17
18 13
25 36
97 9
8 81
98 24
15 23
14 81
83 35
37 29
48 54
56 27
15 88
86 79
52 86
15 67
68 62
97 42
57 54
73 18
39 79
28 71
29 37
7 0
61 46
51 4
79 29
24 62
16 81
16 72
46 78
71 23
85 39
64 83
81 77
32 29
89 41
46 21
35 0
81 45
2 60
9 23
90 72
34 37
76 80
74 64
81 8
19 37
1 55
98 57
39 86
27 14
69 68
22 82
76 20
47 10
3 11
4 70
97 45
76 61
69 0
38 97
42 96
48 61
42 32
66 83
23 20
38 95
5 22
53 70
43 91
11 78
88 22
92 30
10 89
29 5
99 20
72 44
3 31
82 77
26 7
71 66
17 77
84 58
57 70
87 44
26 38
5 51
13 41
36 89
4 88
49 6
63 83
88 43
22 62
99 89
57 74
61 33
36 28
93 3
58 31
74 92
78 82
58 25
99 54
34 11
74 3
73 61
60 85
76 28
24 33
85 63
91 65
77 87
12 93
27 54
73 97
27 84
70 13
71 13
34 90
27 29
9 89
96 46
61 19
41 26
32 10
82 98
20 96
15 10
60 89
44 46
23 8
17 10
85 13
74 83
57 87
88 37
61 15
99 88
98 65
34 52
47 0
45 12
3 40
93 81
97 21
24 3
18 59
78 30
86 15
85 54
2 67
25 27
17 30
13 37
26 8
11 41
54 75
35 7
56 85
40 60
10 99
25 4
18 37
14 6
18 22
16 76
49 23
59 67
52 91
59 34
69 8
44 16
37 94
25 12
93 32
82 48
21 95
0 24
15 52
96 20
11 3
0 37
25 53
97 72
2 87
34 73
3 30
68 59
89 79
44 62
1 23
64 68
53 46
41 19
2 4
43 54
76 24
46 42
20 94
75 22
32 58
43 72
47 23
10 65
28 44
7 81
29 66
33 52
36 14
23 25
47 82
19 59
13 67
13 76
50 62
60 31
31 30
10 35
13 7
60 66
28 98
29 87
41 6
55 6
99 43
36 75
82 33
64 27
11 96
98 73
86 94
30 34
3 39
2 46
96 53
73 36
4 23
48 84
21 30
52 0
73 87
93 29
1 36
49 32
64 99
17 62
23 90
85 75
1 66
6 27
38 75
48 83
31 55
72 55
27 34
34 58
39 28
46 41
84 75
72 13
25 92
52 24
10 78
30 47
72 32
87 85
10 27
66 13
44 28
81 21
70 98
75 25
89 55
45 26
3 14
56 1
42 65
23 54
52 5
45 13
51 71
94 43
97 13
49 43
53 20
53 86
79 82
60 22
19 26
15 91
39 67
16 82
71 50
77 23
49 21
47 99
1 78
88 75
76 56
49 31
61 80
57 53
97 34
52 66
57 2
35 68
65 74
25 77
13 84
26 35
92 97
91 5
14 32
10 59
20 10
21 50
21 52
92 98
67 15
15 28
51 79
25 26
5 11
36 69
31 63
54 61
77 92
87 40
48 15
78 22
87 79
73 77
87 67
35 36
64 4
50 3
48 51
88 28
98 97
96 99
38 51
96 63
39 89
11 2
8 77
40 62
7 79
25 51
19 34
54 28
18 60
76 54
5 26
1 18
30 55
49 46
44 50
10 57
30 89
11 98
45 25
70 74
38 42
77 12
31 49
62 25
77 64
46 63
40 47
41 96
94 9
91 81
5 49
2 51
94 79
70 20
6 78
42 29
16 80
50 59
49 14
6 95
42 73
90 95
84 72
44 88
81 97
59 99
0 39
99 60
92 37
1 85
55 12
20 65
53 50
38 68
79 15
80 89
53 92
88 88
5 6
13 74
4 44
48 66
63 4
49 59
27 47
93 16
27 1
27 53
82 97
91 51
50 37
47 69
43 35
55 11
8 48
29 99
64 91
33 25
56 3
47 64
80 46
43 53
6 70
96 3
50 30
55 43
70 47
74 27
50 91
98 52
50 29
80 75
0 5
60 8
37 66
61 95
27 24
85 38
40 52
75 99
34 18
24 54
8 11
89 0
29 0
59 90
59 19
57 25
1 19
63 92
9 78
28 99
44 27
12 85
27 97
96 85
30 10
52 72
76 87
65 5
54 97
64 5
27 33
54 53
93 94
57 30
72 40
81 6
43 59
20 81
72 54
13 15
42 22
46 31
64 73
50 93
19 53
22 66
77 44
44 23
35 60
91 47
20 41
11 32
91 99
32 51
49 17
31 96
82 12
86 13
19 9
53 33
23 71
58 76
59 57
67 60
87 83
62 75
0 66
17 58
54 44
60 44
54 26
20 47
94 48
13 63
38 72
60 86
61 6
88 92
49 3
7 66
26 57
48 7
82 49
59 31
70 76
7 64
18 62
45 0
32 64
72 15
57 26
57 67
69 28
43 97
56 19
14 52
40 48
30 84
99 44
88 35
82 71
34 61
47 71
71 97
42 70
45 27
58 93
12 12
84 49
63 42
58 65
51 75
53 56
0 35
7 84
7 2
21 36
39 50
25 88
27 6
57 98
91 48
25 16
42 3
83 93
82 25
79 4
88 91
75 75
8 80
54 57
47 65
63 43
15 50
90 74
66 52
64 19
97 37
53 38
6 34
97 94
68 40
1 32
8 70
7 31
74 17
23 23
72 50
82 14
37 50
7 57
76 35
3 59
49 99
37 54
38 41
86 45
18 58
43 28
99 23
9 1
57 32
87 94
3 58
83 31
87 19
40 81
33 2
95 85
15 98
34 17
20 34
86 80
21 94
80 66
22 31
15 37
79 8
67 27
54 12
17 61
4 75
4 25
24 95
48 55
15 21
75 53
1 3
45 80
18 10
64 65
10 50
88 66
85 56
99 85
54 80
14 67
21 56
38 84
13 64
57 16
16 95
75 27
1 74
37 55
92 15
76 44
62 40
12 76
14 97
51 38
95 16
66 61
69 10
92 64
76 14
40 41
26 40
86 9
21 35
81 68
2 40
79 87
81 98
79 77
49 75
31 32
49 40
44 71
57 9
97 82
74 73
90 21
22 30
41 43
29 56
58 22
54 38
13 26
17 82
93 68
68 26
35 88
45 68
72 70
61 61
50 9
77 42
57 0
67 96
40 45
39 5
19 85
54 84
38 13
23 55
33 10
1 67
28 97
75 11
24 98
14 31
37 56
96 38
29 41
60 62
79 76
28 52
9 98
13 49
31 71
92 1
40 96
0 23
0 79
19 0
57 66
51 97
73 48
76 26
14 3
12 15
23 46
88 3
45 69
81 79
88 85
0 28
77 0
83 0
38 7
99 50
30 3
42 12
9 11
30 39
39 97
64 28
32 21
54 39
11 99
29 19
25 8
18 36
71 94
87 14
72 97
24 74
17 54
54 6
73 99
11 89
21 96
92 24
39 17
86 33
52 73
98 5
60 58
37 30
13 65
82 4
93 87
42 14
72 41
43 2
32 30
21 15
48 19
17 56
74 24
88 56
58 28
13 2
74 45
34 21
57 22
59 21
73 24
8 54
34 56
88 71
70 1
65 15
14 94
45 34
95 56
52 6
69 89
44 19
12 69
29 18
61 50
62 8
42 45
78 75
79 94
69 31
85 69
78 18
43 46
61 93
8 20
77 43
24 68
90 41
33 74
47 40
46 80
50 63
43 37
35 67
65 32
25 98
67 20
22 81
78 80
54 42
86 11
78 84
33 61
92 55
48 49
41 13
38 56
77 65
77 18
19 51
77 33
98 58
58 43
45 54
70 14
44 32
92 36
69 11
88 72
99 68
47 92
47 66
30 54
26 31
52 54
22 12
5 24
76 66
24 57
44 63
17 18
71 56
35 2
98 35
87 92
1 1
59 42
24 72
6 41
46 26
6 63
36 39
86 35
0 2
56 14
70 91
39 69
8 38
30 93
36 50
1 80
20 62
75 9
9 14
66 92
89 95
22 26
17 29
15 8
8 12
49 33
25 29
35 82
87 49
78 27
43 62
72 94
18 16
84 33
48 30
38 36
46 73
24 50
52 64
77 76
31 51
50 11
89 26
42 51
62 3
28 1
58 63
90 9
66 42
44 26
61 12
1 34
17 48
16 33
51 52
65 3
54 50
9 15
68 97
30 8
31 18
82 94
93 19
27 17
91 35
93 37
9 74
10 77
86 58
26 60
76 7
44 34
28 80
20 21
44 38
95 72
23 60
61 69
90 27
15 0
46 86
11 66
66 62
86 31
47 89
37 64
98 8
13 58
46 14
69 69
50 85
65 53
96 95
19 92
77 4
63 35
86 59
95 24
38 46
25 71
69 94
84 61
91 24
45 11
20 43
35 18
56 84
82 79
58 55
83 28
30 15
62 38
2 8
26 86
16 23
44 65
55 92
60 9
85 61
21 85
72 18
58 70
54 78
1 65
8 68
82 82
35 66
92 96
32 96
94 99
25 73
2 9
47 50
58 6
4 50
55 16
21 16
55 49
99 14
46 30
89 23
77 47
14 40
69 39
98 88
23 3
89 51
28 27
36 35
85 85
40 87
68 3
59 73
24 40
78 23
48 93
46 50
30 35
27 70
26 64
74 11
47 72
95 98
71 51
41 16
18 90
4 74
13 27
98 91
74 5
27 93
40 0
57 6
90 23
16 7
36 21
86 18
49 2
11 29
47 32
22 76
22 64
57 35
22 96
3 86
22 45
94 22
54 1
5 38
27 96
59 38
51 3
58 91
43 7
97 56
20 55
65 89
98 54
37 80
72 74
93 5
78 52
21 44
19 61
64 31
44 90
76 58
95 94
41 85
2 6
97 35
6 94
83 73
46 38
89 61
76 95
42 48
60 93
18 80
60 4
95 60
9 42
16 4
72 66
90 78
96 71
9 52
44 80
38 54
54 3
34 43
87 63
59 8
72 83
27 5
30 9
30 18
3 36
2 99
28 42
27 50
60 82
64 86
18 79
46 53
79 23
18 78
19 19
83 36
12 8
92 89
50 99
14 59
23 9
74 40
64 11
38 23
83 49
70 73
2 21
30 76
23 15
56 95
9 20
53 11
86 97
2 37
96 79
35 70
33 30
47 91
33 57
77 52
99 11
4 55
26 27
97 60
1 57
47 53
8 17
54 94
74 70
61 66
47 16
93 83
43 25
75 49
58 9
48 43
58 54
13 44
62 22
81 1
90 67
66 69
61 91
61 54
39 73
83 25
80 42
99 42
84 12
98 68
54 51
53 78
11 24
98 79
85 82
49 35
11 55
11 37
27 7
6 12
86 38
19 80
92 9
23 16
13 59
90 48
27 38
83 50
11 18
12 61
71 88
58 53
45 5
82 70
57 50
83 76
66 46
40 84
66 95
16 30
31 40
38 10
20 78
80 31
3 64
10 29
40 77
54 46
86 41
46 71
0 68
15 42
53 41
24 90
79 21
42 82
16 49
78 91
73 6
0 42
98 14
64 57
35 64
43 19
47 61
26 91
46 11
7 67
98 1
33 50
35 48
25 25
70 59
8 41
21 10
55 2
75 46
52 67
20 54
71 14
6 3
46 39
53 39
41 38
34 32
14 47
39 53
0 47
94 35
36 56
29 51
48 74
86 93
56 56
75 12
57 52
3 41
53 61
47 8
12 96
70 48
9 54
83 81
40 66
73 27
37 39
17 84
8 90
18 9
3 67
64 87
68 16
78 93
13 68
21 75
14 98
24 29
28 32
99 40
15 53
58 98
75 24
0 18
13 51
16 55
2 91
67 93
52 96
39 92
55 80
37 34
56 82
26 94
5 80
33 9
87 39
56 38
3 54
6 83
99 64
92 21
47 62
14 60
14 22
81 35
39 44
97 28
93 84
61 81
66 40
46 5
28 29
56 96
76 98
92 40
72 14
25 0
21 54
11 95
91 59
87 35
26 2
35 58
18 87
25 85
23 75
10 90
86 55
68 98
37 96
46 8
75 64
98 55
4 11
18 99
80 28
49 56
9 6
56 54
90 71
60 12
82 72
95 34
68 21
23 38
20 19
22 6
11 5
80 88
34 96
25 56
27 27
25 84
41 32
46 74
34 8
79 72
49 49
14 25
52 71
1 25
33 73
73 58
51 12
84 28
69 36
37 76
78 48
60 59
84 56
60 5
27 79
39 64
22 67
63 11
59 28
74 54
43 90
70 0
13 24
45 78
26 93
85 34
21 22
92 85
35 74
41 62
0 61
18 52
45 16
21 80
36 45
37 25
70 61
73 56
93 61
91 46
73 40
76 29
41 35
93 80
33 69
58 38
69 92
85 73
12 37
18 14
56 18
57 69
96 88
31 44
69 5
5 61
28 84
62 35
40 39
62 72
31 88
90 20
83 62
71 79
92 16
17 59
82 61
55 35
9 37
32 71
1 72
41 21
29 50
60 48
48 23
21 78
41 1
58 73
45 37
19 3
16 16
61 5
20 76
66 67
13 66
58 79
59 72
27 86
11 50
52 65
49 24
71 3
4 13
36 1
87 6
41 91
37 24
5 25
89 65
84 53
29 30
1 29
74 19
26 61
53 84
43 80
69 76
1 38
67 69
29 89
30 66
18 47
80 60
80 80
11 9
78 77
64 22
91 10
93 45
25 37
50 60
69 30
38 19
81 95
93 10
35 73
34 7
29 10
89 77
72 58
10 37
52 44
22 56
87 56
67 25
32 97
71 63
5 28
99 51
83 44
15 81
40 80
54 10
19 36
79 59
10 42
70 43
84 83
28 3
69 63
43 45
17 0
30 14
49 85
35 10
65 81
98 31
52 31
72 34
6 45
94 31
11 16
6 67
84 48
46 9
72 6
89 85
39 54
15 62
90 86
5 94
99 32
46 15
40 40
89 42
99 5
7 4
14 91
76 99
93 53
19 78
91 12
10 22
5 72
34 34
28 13
98 48
88 32
45 8
6 29
57 20
89 93
39 71
95 25
4 64
40 17
0 15
76 34
88 30
21 43
23 5
22 59
87 76
38 73
21 47
99 61
77 40
72 57
12 56
25 64
1 11
16 73
85 25
81 29
80 79
15 11
65 28
20 66
1 81
73 41
73 46
93 30
88 23
44 39
53 47
50 2
78 81
85 1
95 82
49 62
88 16
81 22
29 96
84 50
74 25
30 24
9 29
37 1
35 96
97 58
93 52
2 92
46 85
40 33
52 82
71 4
43 98
61 9
25 89
58 67
69 74
41 49
32 65
45 20
19 93
45 2
30 98
74 86
56 48
21 40
92 47
7 28
51 56
59 61
42 21
56 49
37 31
43 57
78 44
4 22
70 12
72 63
1 96
95 41
97 59
5 93
14 49
98 62
62 45
38 18
13 82
37 78
76 33
63 56
16 51
70 72
31 85
8 49
83 18
56 52
73 17
81 13
2 16
23 4
59 29
0 13
21 81
11 94
45 87
71 68
61 94
38 15
65 31
22 4
66 58
11 43
68 96
13 54
83 30
64 35
48 25
76 48
26 30
19 50
0 72
86 87
43 30
59 51
98 76
80 12
94 13
2 77
68 84
22 21
61 20
13 57
34 67
79 99
0 22
95 39
13 98
64 47
3 87
76 75
18 88
22 94
63 82
90 36
44 53
54 37
65 34
20 46
87 15
84 18
77 71
75 60
18 53
37 48
30 45
91 3
76 77
42 95
21 5
44 10
22 49
31 34
61 18
92 72
99 12
89 28
55 50
46 24
37 40
47 75
45 97
97 55
0 44
35 80
12 14
22 47
61 10
92 79
97 25
65 22
47 33
16 15
40 21
47 34
99 83
61 68
36 20
70 81
49 1
90 57
31 17
62 0
41 86
60 83
72 8
77 11
26 56
61 78
32 54
78 73
67 7
90 83
67 31
22 9
20 12
11 91
19 16
52 4
82 37
47 5
94 68
42 50
25 82
83 39
19 71
9 19
2 73
42 66
91 64
3 60
29 36
28 25
52 25
87 71
30 68
32 60
32 53
54 41
75 86
85 84
38 57
67 50
97 0
0 3
68 5
60 43
20 90
2 33
81 30
96 73
79 38
31 89
45 90
44 55
28 50
99 90
13 89
95 21
79 93
54 69
4 5
23 34
48 10
57 61
35 39
30 96
11 30
38 87
99 69
74 95
61 32
2 54
91 30
7 78
83 96
76 41
10 40
92 46
47 63
18 97
3 4
91 28
27 95
15 27
65 50
92 35
57 37
2 13
47 38
40 72
19 95
27 44
62 26
24 30
87 22
17 90
38 35
30 5
21 83
92 94
49 53
12 59
51 33
77 10
90 8
88 47
94 89
80 37
85 24
80 69
69 53
78 20
52 90
85 70
15 73
88 34
43 63
45 59
34 46
52 45
23 95
84 68
91 55
3 88
67 72
26 80
43 17
25 61
15 33
71 52
26 24
28 36
9 94
67 51
90 5
40 78
75 77
54 15
2 63
69 81
59 25
22 71
88 59
14 11
2 35
89 89
55 74
9 31
49 97
76 71
1 59
43 11
22 75
76 72
42 64
45 58
8 76
52 7
16 52
13 6
41 63
6 89
31 66
67 61
41 40
28 7
78 0
15 30
57 12
91 75
32 40
14 10
93 65
30 52
83 86
9 7
68 67
43 68
27 73
70 65
1 9
84 74
89 19
89 6
96 91
14 68
34 81
71 59
43 58
77 60
7 75
21 72
27 69
18 64
30 63
15 78
52 42
77 97
5 7
5 47
1 47
97 39
44 64
42 67
23 63
85 98
32 56
81 12
62 86
60 23
1 70
64 49
28 76
58 5
14 26
46 87
86 6
7 11
73 29
24 47
65 72
91 71
18 2
3 47
66 18
91 26
16 77
31 86
8 19
67 63
0 70
20 23
56 44
75 38
32 83
38 83
34 27
43 43
98 92
25 9
76 73
43 8
50 34
15 89
4 49
6 0
16 58
54 89
64 61
68 32
51 64
39 66
49 37
10 21
82 1
57 55
47 68
70 54
88 2
50 76
4 26
1 44
27 25
15 58
58 34
50 48
79 16
5 54
77 39
48 59
32 69
90 25
53 79
82 51
28 54
89 29
16 35
60 95
35 85
12 50
50 15
85 77
45 96
9 26
83 45
41 88
96 39
15 56
2 5
77 74
28 77
1 46
73 88
6 14
79 64
97 53
53 52
61 37
57 71
5 39
60 67
53 21
3 70
69 73
21 8
9 58
85 11
29 81
27 55
71 25
40 4
97 6
61 79
13 52
64 81
55 66
21 37
27 66
40 9
87 87
23 40
31 91
96 45
85 57
88 74
94 26
52 27
77 68
40 56
26 36
79 41
5 15
68 58
93 89
33 3
71 17
6 23
2 70
40 51
35 95
72 85
23 44
50 13
3 52
44 72
36 10
52 48
39 60
46 18
87 57
47 59
32 45
58 8
84 94
64 88
50 1
71 2
19 8
49 58
5 69
96 59
22 20
58 83
37 63
4 20
35 83
83 83
20 57
13 53
64 50
33 60
47 41
70 93
99 49
38 61
73 49
66 10
52 84
76 3
17 74
22 72
57 10
60 81
41 80
31 14
65 29
10 10
51 96
35 57
74 14
3 43
1 63
38 63
89 1
84 21
15 19
6 47
72 65
61 13
25 14
7 41
49 19
70 52
50 79
85 16
99 47
73 66
75 16
8 84
33 42
41 81
90 66
85 9
26 44
9 41
10 85
79 19
30 81
90 75
87 30
34 57
10 1
78 13
50 86
25 62
33 38
46 84
18 94
21 60
0 27
8 66
61 35
76 92
97 70
89 83
25 33
41 69
87 2
62 42
56 2
75 91
54 29
26 85
32 9
31 13
53 58
4 60
72 45
49 50
9 92
1 27
16 28
26 62
37 83
61 41
71 49
54 92
85 17
21 21
51 8
62 57
54 63
79 36
89 31
3 38
78 21
63 71
18 95
6 65
65 54
72 72
3 77
54 11
4 81
50 69
28 19
18 26
67 82
13 14
42 0
44 98
91 72
91 33
53 95
3 32
9 18
75 65
33 85
34 16
48 11
75 73
19 74
40 19
98 28
70 35
86 52
47 36
34 84
51 6
37 88
89 90
91 2
14 44
3 95
5 57
65 14
30 28
34 63
59 23
90 59
70 8
72 87
83 67
92 49
67 36
46 34
81 89
31 20
56 50
68 72
87 7
50 20
88 57
99 74
92 84
27 88
83 47
47 17
78 31
59 44
56 60
79 89
77 85
47 43
44 30
62 82
63 14
19 56
2 96
57 27
61 30
55 25
31 94
59 97
80 4
4 95
44 1
97 30
77 57
60 60
51 67
49 95
92 50
71 22
50 68
89 52
9 53
78 67
68 74
18 71
46 69
6 22
59 58
48 70
55 58
70 6
8 42
30 99
73 21
14 51
58 47
34 75
40 92
77 29
35 4
93 42
7 96
67 43
18 54
37 44
74 57
32 25
69 80
65 62
61 26
68 4
77 5
83 56
71 87
36 53
68 43
95 78
79 35
72 16
36 0
50 36
68 90
80 18
18 23
22 39
45 92
88 21
17 91
29 12
12 44
65 75
38 60
82 56
89 92
53 81
55 78
5 18
37 72
71 75
68 11
87 10
11 83
28 28
79 70
12 4
15 18
24 55
64 97
31 38
10 94
4 34
60 41
78 54
46 19
72 29
31 2
67 17
87 95
33 59
69 47
90 65
59 52
59 59
33 39
94 60
35 61
21 84
68 2
42 2
82 23
5 10
60 14
59 92
7 49
14 73
21 23
52 83
95 48
92 91
95 19
92 23
23 61
73 81
80 68
46 20
4 2
39 93
19 72
69 50
7 88
62 9
99 84
74 60
91 50
46 64
73 76
51 68
31 3
5 4
24 20
92 87
20 44
92 45
44 57
14 89
47 97
27 39
5 89
7 89
56 89
67 97
79 1
64 8
38 91
89 75
36 63
28 82
50 0
42 90
12 18
47 21
86 95
58 13
96 47
38 81
90 54
90 14
23 74
28 96
82 47
46 17
42 24
5 84
68 66
89 10
32 14
86 17
58 46
94 92
86 91
40 69
8 8
23 33
51 93
85 51
85 2
50 54
31 26
29 15
57 24
62 16
41 23
8 53
77 2
32 19
12 70
13 8
56 75
79 95
21 32
81 34
89 87
94 86
77 25
39 88
78 11
50 27
48 37
61 74
99 36
6 24
85 10
99 41
48 91
45 33
46 93
54 56
61 56
10 56
51 36
64 55
25 79
64 12
44 49
20 83
26 0
47 98
83 61
74 90
20 99
56 13
51 29
29 2
99 73
67 77
56 20
52 34
85 32
39 41
28 2
62 92
43 64
20 0
17 79
27 52
55 88
70 87
22 48
30 43
70 41
53 42
8 3
98 85
47 67
81 85
35 59
95 13
41 60
93 18
87 43
51 21
5 75
41 93
35 32
28 45
19 44
50 78
0 64
63 30
50 33
40 83
60 30
54 85
24 77
85 40
31 41
35 52
67 94
46 90
11 36
71 80
58 0
89 48
86 76
0 17
63 67
83 77
5 68
53 94
40 3
52 28
42 18
76 23
87 26
27 56
33 7
67 86
7 23
33 86
33 77
43 88
70 42
18 44
32 82
81 65
42 63
4 1
34 25
54 31
5 92
84 26
56 5
21 76
84 43
50 49
19 2
20 71
91 66
46 25
52 60
49 80
22 93
81 53
86 20
42 41
1 79
67 53
9 82
56 15
76 91
36 6
91 94
32 8
37 28
73 94
56 42
80 57
80 83
94 39
70 21
29 27
31 92
55 76
50 83
63 0
6 52
99 3
9 47
34 4
97 92
20 30
14 30
24 91
92 0
9 79
12 52
93 34
58 37
65 12
89 96
30 29
95 51
68 65
97 64
19 5
39 51
95 10
95 47
66 99
34 42
93 59
9 80
77 1
63 79
62 17
65 0
94 82
70 29
87 54
76 18
59 56
92 14
39 75
63 75
96 35
65 68
13 92
11 65
7 40
82 6
6 75
4 33
57 92
48 64
77 62
86 19
12 19
78 95
3 34
89 46
38 1
18 38
26 25
95 9
67 87
38 82
52 70
97 4
68 95
69 59
9 50
30 61
4 42
2 41
29 9
88 38
59 63
47 9
17 44
89 39
75 83
20 87
2 45
2 75
91 42
12 80
1 75
32 35
3 56
86 85
52 80
2 34
99 82
81 51
73 68
69 34
1 28
45 88
58 39
67 80
40 31
63 59
35 41
41 36
94 28
5 5
18 75
35 44
81 40
23 18
89 67
60 68
82 9
69 54
36 93
33 76
51 63
38 39
54 81
74 2
71 27
3 51
87 84
36 57
12 16
42 13
82 69
17 12
31 79
50 71
81 74
69 75
63 95
65 69
78 4
87 34
20 50
66 32
83 22
22 95
8 2
17 42
99 81
98 72
24 96
38 14
99 91
25 59
46 54
89 5
84 99
98 16
58 74
64 70
90 37
36 88
26 37
73 96
97 41
79 97
7 35
84 86
70 33
94 23
93 2
25 58
80 78
29 22
21 91
22 16
67 28
45 65
81 69
50 88
44 44
84 0
62 14
89 97
15 20
36 85
35 56
45 53
65 64
99 9
70 86
94 49
93 67
59 82
40 50
85 21
53 57
90 24
99 7
85 58
56 77
53 17
2 56
38 8
20 40
91 70
89 44
2 1
13 4
87 48
36 97
45 40
4 98
57 72
96 83
13 61
65 18
39 29
20 67
58 29
32 42
75 98
95 38
79 6
83 74
56 9
44 91
68 63
36 52
41 87
17 24
88 68
16 8
26 77
90 17
88 17
17 92
37 45
76 78
24 67
91 38
95 26
96 41
69 19
9 35
73 65
19 76
54 72
29 33
94 87
47 22
98 64
51 73
56 39
46 56
42 7
86 96
91 62
60 52
48 50
56 67
66 26
88 14
86 42
99 67
57 23
98 41
43 82
84 41
52 69
33 88
75 1
25 48
92 44
21 7
24 48
10 36
79 67
98 50
79 37
45 71
84 79
82 3
92 73
17 36
21 41
88 63
80 94
64 20
96 5
64 6
99 37
54 76
12 35
85 50
12 39
0 38
76 31
38 6
72 31
42 69
44 85
93 27
32 77
19 65
1 4
30 62
79 85
88 27
11 59
77 84
59 64
41 12
16 89
3 17
80 67
18 33
25 99
65 46
89 45
76 70
15 74
34 10
13 91
16 57
16 27
34 79
82 62
92 75
6 51
59 96
62 43
17 25
34 29
89 40
60 24
86 82
57 88
86 83
76 27
96 77
94 24
1 92
92 58
74 49
78 32
25 20
31 24
19 49
44 69
78 1
10 5
33 90
19 13
51 82
69 82
43 71
92 6
14 70
29 11
42 54
5 96
27 12
18 74
43 14
24 86
84 59
8 95
48 5
53 9
60 53
39 42
3 9
22 38
77 69
62 5
19 83
43 24
72 35
82 88
34 51
86 39
96 62
69 90
94 33
94 7
59 0
75 57
20 9
45 76
47 60
11 82
56 11
88 79
4 0
13 30
49 30
55 4
16 50
92 65
58 58
92 42
91 44
39 22
89 37
90 99
24 83
2 59
15 5
32 18
62 28
7 42
74 63
74 43
51 26
98 7
36 81
96 70
49 15
26 11
31 64
51 80
73 42
20 61
0 83
33 93
31 15
40 98
71 98
7 83
10 49
37 79
98 15
8 34
9 83
71 90
90 28
61 44
95 35
74 61
71 48
3 42
53 32
21 73
96 6
87 3
81 4
33 98
31 45
84 80
73 95
74 38
25 1
84 24
11 10
68 9
1 6
15 86
10 55
7 65
48 65
30 11
82 83
8 14
59 88
97 78
41 65
92 71
75 39
54 62
20 15
22 61
47 42
83 23
14 20
29 86
47 55
62 48
33 70
27 74
52 63
40 22
46 40
18 3
35 49
58 14
10 76
87 20
86 8
98 56
30 74
99 57
36 18
68 83
58 48
78 63
90 49
41 97
40 26
34 82
39 47
64 75
16 97
92 53
63 39
66 82
84 55
71 53
20 7
24 59
59 4
19 6
76 9
70 39
57 51
96 82
22 44
20 28
34 22
99 22
69 16
62 80
58 78
84 98
74 1
77 34
5 99
44 42
66 23
40 29
64 30
11 93
60 35
93 43
28 95
3 78
26 21
79 44
55 67
93 8
73 47
0 71
78 71
85 89
45 51
28 55
32 7
96 10
85 53
76 59
88 97
67 59
88 73
94 32
78 74
59 85
10 92
27 94
88 64
68 35
34 13
46 81
65 80
83 69
84 39
84 62
57 36
71 64
50 38
84 44
0 21
41 31
81 52
53 59
40 74
58 32
30 71
70 64
96 43
85 55
14 74
3 74
73 19
86 70
44 92
69 86
15 45
55 59
7 95
39 98
73 15
62 77
51 40
16 39
44 0
20 68
93 98
84 23
77 38
9 87
60 17
21 13
82 66
36 48
37 3
32 87
44 58
32 36
72 23
67 8
64 43
86 89
24 53
33 58
55 85
0 78
65 70
13 60
34 47
38 16
0 51
10 34
0 10
23 80
61 3
56 86
87 29
64 90
49 86
42 16
99 62
73 67
36 94
31 28
33 82
3 23
50 56
51 78
12 13
44 76
70 62
63 96
84 32
80 82
7 26
62 90
15 64
79 7
74 9
3 24
51 31
72 22
76 53
96 21
92 80
83 54
62 74
38 71
89 84
73 0
25 65
93 88
45 72
36 33
69 20
22 84
9 4
33 54
82 63
52 9
69 85
26 1
88 93
17 89
41 11
95 61
55 37
37 17
41 74
61 98
95 64
58 35
69 2
34 94
52 8
83 68
17 99
85 88
87 58
66 56
16 78
5 17
0 62
17 52
59 11
48 62
95 23
58 59
0 90
85 52
53 45
9 12
46 2
87 68
99 80
84 15
83 46
23 43
11 70
47 49
76 55
57 76
2 25
23 35
5 1
36 37
91 54
22 97
64 18
53 72
27 78
66 84
62 49
2 95
58 81
88 33
88 80
15 82
0 88
58 12
66 22
43 95
22 7
75 88
39 4
64 53
61 58
3 89
68 25
90 35
39 85
14 7
26 75
54 93
72 69
26 23
29 44
80 0
85 92
93 92
34 9
7 24
61 90
98 13
69 62
54 95
74 20
31 6
90 93
18 19
14 12
84 20
36 26
24 32
99 26
81 81
87 11
56 92
51 7
54 25
77 3
77 27
4 8
50 96
47 87
73 10
69 77
2 55
87 51
20 35
15 41
87 91
41 75
46 94
16 47
93 96
65 36
77 32
81 71
60 39
98 46
51 44
21 25
93 90
15 13
0 86
82 35
30 4
52 95
72 79
20 80
24 46
86 5
22 79
26 89
17 20
86 49
5 36
81 80
91 76
13 18
1 61
13 95
52 2
16 48
64 13
85 20
42 99
1 53
4 78
35 38
49 5
22 70
48 68
85 44
87 25
17 78
51 69
1 10
56 6
46 82
18 7
11 1
37 81
63 19
52 85
12 73
93 93
94 70
22 11
1 8
0 63
4 46
88 24
41 34
80 76
29 59
3 26
13 96
1 0
47 2
29 69
28 30
6 64
42 77
29 85
48 57
7 55
68 68
73 2
90 29
36 64
23 17
14 87
57 96
22 17
70 22
15 84
26 5
29 97
36 77
19 39
80 98
6 91
38 62
78 56
65 52
41 14
69 26
82 64
29 29
23 81
20 5
2 57
88 62
62 13
77 58
82 16
97 88
3 82
8 74
10 80
39 49
10 12
55 81
35 89
92 86
68 88
15 92
16 5
34 45
43 76
43 65
49 18
42 35
48 8
48 21
80 47
10 53
70 37
80 72
88 99
82 15
45 36
40 59
61 29
90 34
40 58
11 58
87 32
0 43
64 96
29 53
17 55
58 33
79 73
6 59
8 82
30 31
33 29
2 79
82 8
63 52
57 83
47 19
87 80
28 86
47 74
61 38
0 36
56 25
55 23
87 28
41 54
36 23
90 4
92 78
73 63
61 60
93 77
87 61
16 31
63 87
86 86
18 93
15 99
6 99
67 6
54 40
96 17
36 2
75 40
0 87
19 94
82 5
73 72
12 92
63 3
34 26
99 28
60 64
0 7
17 22
52 79
8 36
45 83
48 48
99 75
91 69
90 68
5 30
55 34
81 72
67 75
32 46
12 47
46 89
13 19
96 27
61 55
32 84
18 18
70 51
94 40
87 96
20 27
18 72
74 23
82 36
28 75
92 41
95 84
62 12
44 89
29 14
84 84
29 79
63 8
67 26
57 95
31 0
33 11
5 23
64 71
3 97
66 1
8 15
83 53
25 66
52 40
64 26
12 31
2 23
76 22
62 71
75 61
65 40
44 99
56 64
63 99
75 32
56 81
26 10
18 51
35 27
75 74
75 10
81 44
73 9
42 44
28 57
55 20
78 68
75 95
7 19
84 90
71 57
36 4
49 45
38 58
21 86
32 85
7 70
28 94
68 69
56 26
39 45
31 21
43 60
95 44
27 63
60 74
6 61
31 22
2 11
84 8
18 69
95 88
13 38
58 80
81 55
89 72
34 6
83 34
48 63
18 96
93 56
67 58
78 53
43 27
69 57
75 41
21 6
8 69
31 68
36 43
28 85
39 94
5 64
65 91
48 92
27 75
68 93
91 73
98 3
76 68
5 12
7 33
12 24
13 62
66 16
63 16
23 99
12 65
95 33
10 70
39 40
44 61
12 33
94 62
0 34
78 50
20 63
84 91
75 93
89 59
24 45
73 75
98 26
78 70
64 59
9 39
96 31
1 24
60 33
71 83
81 43
50 75
7 25
13 21
25 70
60 20
41 3
4 10
2 86
26 16
63 86
79 25
37 57
89 36
51 34
90 12
85 14
85 62
6 79
9 84
37 62
1 68
52 22
31 58
48 88
64 0
97 96
65 65
43 83
65 1
26 70
94 95
48 98
65 87
49 39
24 15
48 34
81 88
54 5
51 89
97 43
96 1
78 98
5 62
93 58
32 6
26 34
90 94
19 28
76 10
43 12
14 86
19 12
39 62
94 73
23 83
19 64
79 50
61 7
8 10
71 20
11 97
54 33
8 73
73 93
80 2
28 91
94 69
39 61
99 86
7 50
57 86
6 19
51 10
48 29
46 45
55 52
28 89
81 92
71 92
48 97
77 19
5 83
16 54
0 11
69 70
3 80
81 28
30 59
1 82
42 46
91 63
78 87
29 31
71 9
31 77
56 80
63 91
19 48
71 19
29 35
34 1
49 94
61 64
19 54
37 18
42 62
82 84
44 9
92 19
66 15
89 11
65 10
57 80
69 6
93 38
24 16
71 95
44 12
29 95
65 60
89 99
50 26
81 84
24 58
11 71
40 70
98 34
92 29
74 94
62 51
75 51
16 59
83 10
56 37
11 62
68 41
43 34
59 62
86 75
43 55
79 68
36 65
52 75
13 45
7 93
0 73
30 97
11 33
46 68
75 72
78 16
86 32
20 93
17 50
84 52
83 13
42 68
41 82
50 74
82 21
97 61
70 31
24 92
26 71
63 69
28 43
80 95
25 32
40 23
88 18
17 27
4 93
99 95
11 68
17 98
27 85
44 66
87 86
9 48
62 85
7 90
37 91
17 35
52 19
15 38
61 14
1 58
45 67
45 38
55 75
81 67
90 22
78 58
25 90
24 0
74 91
62 47
74 7
20 6
46 98
12 55
32 93
26 17
95 20
51 86
74 31
26 6
51 24
57 5
3 50
97 87
83 3
91 40
24 28
92 74
9 66
52 49
12 90
12 99
41 55
49 70
60 19
42 4
21 31
22 22
50 22
37 41
14 93
71 21
93 26
59 79
19 57
7 56
46 0
67 12
55 83
99 99
15 40
15 47
18 45
6 66
13 69
65 85
89 98
43 69
46 10
34 62
24 88
59 66
76 62
43 4
14 57
52 77
92 95
89 63
55 73
9 71
77 54
23 49
48 77
74 30
84 85
41 44
93 41
73 34
51 91
62 84
10 39
4 39
73 43
95 62
16 36
32 80
27 65
7 15
85 43
49 83
90 76
68 44
37 36
65 6
62 59
50 21
44 22
86 10
23 36
37 87
90 47
51 58
16 10
93 66
63 66
41 92
94 65
7 92
48 71
98 21
35 46
87 36
53 82
25 67
89 2
71 91
75 84
42 94
86 44
89 47
34 66
73 23
66 98
85 87
62 41
87 24
94 50
0 14
95 89
33 19
4 84
16 14
42 93
38 67
11 40
88 29
4 92
53 35
36 87
96 94
98 11
93 20
10 0
73 7
23 56
67 78
83 19
46 28
11 21
42 49
25 45
99 24
26 95
24 71
97 40
8 30
51 13
20 33
64 48
66 96
37 26
18 46
17 6
36 15
18 5
6 82
82 54
73 82
61 96
84 9
20 4
74 37
13 47
53 73
42 59
3 45
14 23
34 38
3 84
82 87
37 60
62 88
35 53
17 39
94 56
9 85
37 74
46 97
30 40
11 86
11 0
7 60
39 96
81 47
13 39
26 39
42 84
60 7
41 71
83 85
75 3
88 51
55 51
92 67
74 53
65 61
1 40
7 38
27 98
21 0
59 53
28 68
57 89
81 26
33 67
70 4
37 65
99 65
23 86
49 64
2 26
67 4
46 99
3 20
7 22
58 86
81 94
1 14
24 2
79 58
49 60
5 81
61 87
34 15
38 12
5 58
28 78
89 80
27 46
92 34
10 54
11 22
64 23
17 53
13 40
68 79
36 31
8 40
73 35
20 20
14 17
53 89
85 64
59 49
60 79
81 10
60 54
3 8
67 19
11 79
0 9
85 97
93 33
51 54
19 79
25 5
67 71
46 66
8 16
58 30
8 4
75 68
66 79
62 4
47 86
80 55
77 15
21 82
90 7
1 73
15 51
32 52
71 12
59 9
2 53
35 16
69 97
19 63
0 65
73 22
45 44
11 88
74 56
69 58
99 66
60 80
40 88
19 68
70 26
57 28
60 90
47 88
84 47
51 14
10 75
92 54
68 15
56 66
80 62
90 85
89 20
33 13
67 29
30 44
13 17
72 78
91 1
37 97
80 87
87 59
82 27
12 53
47 7
87 99
79 31
44 43
42 83
17 47
94 85
16 20
65 38
5 63
2 69
58 41
76 12
80 92
42 40
53 1
9 10
86 54
18 70
55 63
40 43
70 50
17 17
98 84
43 44
3 12
14 43
78 10
84 35
27 28
33 47
83 32
47 93
44 48
17 7
38 86
4 27
86 61
67 88
84 46
30 95
41 99
7 52
62 20
30 65
50 45
28 6
99 70
79 5
30 36
93 47
97 11
10 68
68 54
39 77
45 79
4 65
36 3
84 69
63 61
13 34
9 95
35 75
82 10
5 56
68 1
62 68
32 24
81 78
3 90
76 40
50 94
27 0
62 91
76 42
20 77
62 73
38 59
23 87
67 55
62 78
63 54
0 80
68 77
82 31
52 10
6 50
15 75
67 64
97 81
19 7
11 63
82 32
65 57
64 77
64 38
79 32
48 14
35 8
43 5
27 2
27 89
95 86
26 46
24 87
6 10
24 6
70 15
44 17
68 57
17 46
17 96
93 82
99 25
50 19
97 3
82 17
85 60
49 72
57 63
27 9
88 96
55 86
67 3
63 63
41 22
53 60
8 63
41 5
99 0
76 69
71 29
56 7
33 48
89 56
6 72
44 82
77 63
28 79
59 95
15 49
91 19
88 61
59 41
44 67
37 71
13 83
78 76
66 27
40 89
26 98
72 60
45 29
76 86
97 48
36 8
35 90
47 70
12 29
50 4
82 55
36 73
45 22
86 23
26 92
47 26
1 15
72 81
35 79
91 88
75 23
21 97
64 93
15 93
30 30
36 25
5 33
19 24
71 15
97 18
90 31
63 29
5 46
33 40
63 90
56 47
79 9
92 56
76 93
3 29
78 33
49 0
18 77
5 76
87 98
20 88
53 43
51 45
68 7
20 79
31 98
10 43
73 92
36 34
34 55
88 49
77 46
17 68
99 79
86 34
17 73
99 8
40 13
23 89
67 66
40 44
24 66
86 68
54 23
12 43
90 50
59 68
17 43
21 65
91 61
52 43
65 4
94 2
53 51
18 11
58 15
93 14
5 43
53 26
35 19
2 31
69 93
68 30
31 67
53 54
89 81
17 80
28 70
98 18
91 25
61 70
37 43
38 38
34 40
47 14
77 51
53 5
17 23
7 94
44 40
45 48
34 71
11 39
98 20
80 74
12 49
90 89
48 4
84 60
73 54
51 28
17 15
95 11
44 78
67 57
29 39
64 32
9 51
51 81
21 62
32 26
86 63
27 67
86 53
6 26
73 52
83 33
34 72
93 6
45 45
55 97
7 99
78 60
36 36
80 29
73 38
72 59
15 94
84 57
93 12
72 99
32 17
12 68
41 33
45 50
70 7
93 78
80 90
68 14
1 91
97 54
95 80
83 8
81 39
3 71
25 7
88 90
24 14
44 51
76 25
25 60
58 95
96 15
93 76
38 44
54 2
74 4
76 1
86 67
25 75
74 42
63 6
23 92
57 4
83 1
19 31
50 41
16 83
22 43
12 83
31 42
91 4
5 52
77 48
0 12
52 98
58 26
73 90
47 54
43 31
75 56
11 6
52 35
93 48
66 30
12 26
80 8
96 86
70 85
14 9
91 34
10 2
25 57
19 1
13 48
59 75
15 43
17 49
15 69
58 77
58 4
84 78
80 6
83 42
57 40
97 69
95 57
50 90
66 43
36 17
48 39
25 54
39 34
29 71
34 88
96 25
27 22
67 79
15 1
83 92
82 28
2 84
87 77
6 90
16 9
61 59
88 9
77 77
32 5
82 74
20 97
86 57
67 91
25 93
49 90
76 37
53 13
31 8
4 41
36 46
80 35
34 68
0 55
98 9
2 80
5 77
35 91
78 25
61 83
16 26
64 64
52 41
94 98
91 15
27 58
49 74
86 36
66 89
21 39
20 37
37 20
12 88
69 99
93 0
59 71
40 14
38 92
75 17
72 38
37 67
7 44
50 55
58 23
42 47
77 56
80 21
32 44
12 74
13 71
72 42
23 77
88 31
40 54
21 27
57 99
1 86
65 11
14 62
40 10
18 29
23 41
88 1
36 86
91 0
89 74
69 56
37 46
35 86
66 9
12 34
55 42
98 98
35 13
93 17
49 65
90 33
88 13
56 29
2 28
18 63
11 84
74 0
85 3
95 74
39 8
35 37
31 33
84 10
85 90
66 75
28 65
33 55
64 21
10 7
32 22
91 98
69 42
0 76
25 39
0 20
98 86
32 33
9 32
21 12
3 57
67 2
54 98
73 80
92 20
56 70
22 24
29 88
50 92
6 68
34 77
24 22
62 21
78 66
5 40
89 53
83 91
60 36
24 93
30 86
2 48
49 67
96 33
79 33
31 52
26 52
53 37
16 11
35 6
9 25
27 68
69 87
99 87
52 87
43 99
55 31
50 18
47 77
37 58
86 78
93 13
28 24
47 1
12 86
23 24
50 84
37 90
74 85
70 18
42 60
4 67
30 33
50 53
32 31
34 93
22 18
82 20
92 12
65 7
25 11
76 96
70 16
14 84
25 10
30 88
82 57
17 71
96 98
2 71
24 84
68 75
80 10
76 83
40 90
6 74
74 84
2 82
97 44
52 29
92 52
23 21
98 32
97 51
72 39
26 48
51 30
21 90
11 17
29 16
23 13
56 30
82 80
6 8
78 34
3 0
87 9
71 89
67 39
36 13
45 73
54 99
56 8
0 0
24 81
4 71
36 7
37 42
38 88
59 89
34 69
65 55
1 43
9 40
83 64
99 48
77 83
46 43
88 39
55 70
70 83
36 67
22 54
43 23
60 1
92 60
38 25
6 37
74 67
16 42
37 22
78 42
77 13
18 68
10 67
67 5
71 31
39 3
65 26
59 10
31 4
96 60
98 71
8 89
41 27
65 51
16 65
5 29
24 7
54 96
42 26
73 16
50 7
40 71
29 76
8 62
58 82
21 53
89 12
74 26
45 1
39 43
67 90
94 21
22 52
73 1
7 1
20 39
53 96
19 32
79 52
4 68
57 38
2 90
68 10
64 78
93 31
29 45
23 79
38 28
38 9
97 80
7 97
56 69
93 79
96 30
66 0
6 54
49 9
53 40
60 69
33 75
7 5
8 92
66 17
35 30
42 10
6 38
27 10
95 90
6 6
62 70
35 5
42 28
98 2
11 38
82 13
52 15
2 88
91 90
10 4
62 2
99 78
90 19
24 18
22 50
39 23
27 26
69 95
33 46
34 35
37 73
31 70
67 18
1 77
34 95
19 33
38 3
51 43
10 82
50 43
30 87
83 87
33 33
51 39
7 39
67 56
70 80
72 84
23 84
69 21
28 26
85 36
96 9
62 61
23 2
66 94
38 5
19 45
30 49
27 31
84 7
5 44
16 3
95 2
27 4
34 20
95 3
46 55
14 37
81 41
16 37
76 21
37 98
80 1
74 71
54 88
35 98
8 37
84 38
10 91
8 78
55 9
16 61
34 31
23 37
56 32
4 31
75 42
43 6
20 82
94 94
48 78
29 65
74 75
67 1
64 46
52 81
38 65
27 42
44 36
44 95
26 9
19 47
55 15
31 12
58 16
83 72
74 93
45 62
32 57
27 92
87 33
52 13
65 93
20 60
82 2
62 60
46 51
32 63
1 30
80 65
86 43
39 39
67 37
4 97
89 50
29 98
71 18
43 86
1 22
55 17
65 41
4 62
35 35
71 1
92 93
5 13
6 53
23 57
81 46
68 56
12 11
78 8
33 95
10 9
17 88
62 7
75 66
30 13
92 11
48 46
15 48
57 7
75 36
39 15
71 82
66 70
93 21
85 33
60 0
33 35
15 32
65 16
24 82
24 31
81 16
47 24
73 45
66 35
70 57
11 20
64 3
38 64
99 53
43 13
52 3
17 94
59 3
55 24
49 41
42 37
67 74
45 74
72 53
15 63
73 14
73 51
45 24
69 9
43 0
54 16
56 72
40 76
81 15
14 33
2 38
84 93
4 66
23 69
24 75
6 13
63 64
39 58
66 65
66 2
93 50
77 94
14 96
84 4
33 53
52 36
18 49
59 40
35 97
54 22
46 59
67 44
4 79
94 55
53 16
29 94
61 89
5 42
0 93
53 74
69 22
38 79
98 93
42 38
44 54
13 81
78 89
31 19
99 35
51 32
65 20
62 65
51 88
52 59
58 62
33 78
83 71
71 8
26 4
36 51
55 14
83 98
33 99
78 78
59 37
15 60
58 2
99 77
14 42
94 76
56 87
25 34
90 52
7 62
31 93
26 79
11 42
83 37
99 93
26 32
35 31
56 57
64 24
32 12
26 45
21 11
12 2
10 24
56 53
64 37
39 10
12 17
89 57
10 3
21 87
24 65
30 58
41 79
79 71
89 68
20 31
75 21
28 37
11 13
97 24
65 76
36 74
87 27
53 31
29 92
3 69
17 66
70 99
19 40
79 98
76 67
79 63
80 93
70 88
70 66
7 48
66 73
72 33
63 1
42 81
56 28
98 69
96 65
81 54
74 79
61 99
75 59
59 84
67 11
47 47
27 51
69 52
55 98
85 47
92 92
22 99
27 11
36 38
43 94
41 77
65 63
78 61
70 24
63 55
2 39
34 85
86 1
33 41
95 87
77 24
47 51
14 19
37 99
15 70
43 15
39 84
4 37
95 59
20 16
94 29
92 25
39 2
50 73
91 45
92 3
49 68
69 3
26 73
52 21
73 33
59 78
47 15
61 53
60 16
2 19
81 11
41 37
11 52
12 10
25 72
54 36
63 84
86 73
82 11
62 81
12 0
3 3
39 70
63 65
51 47
26 82
49 11
14 53
91 16
9 77
36 66
60 92
48 36
81 24
21 92
91 86
89 71
72 89
18 66
60 70
67 67
33 87
15 25
95 83
96 69
77 59
91 13
8 13
45 95
59 54
75 2
96 74
43 77
12 60
31 31
71 47
57 60
31 95
90 88
80 77
19 27
42 34
46 46
98 43
98 59
12 95
20 38
6 48
5 98
38 40
33 51
59 26
23 85
78 38
18 24
49 66
83 6
35 50
88 65
60 77
61 86
96 50
94 97
4 38
10 84
5 37
15 2
64 15
77 8
18 98
64 66
77 17
45 93
32 28
12 57
47 13
44 59
72 90
51 15
88 12
88 78
10 30
38 78
43 74
99 59
96 78
95 69
25 28
59 16
40 12
39 24
46 96
83 38
45 56
31 10
34 60
73 69
14 46
14 28
45 47
74 18
72 51
98 80
0 54
25 86
23 78
10 6
36 72
60 96
49 51
32 61
5 48
77 37
44 86
36 19
94 18
19 98
55 1
20 24
69 4
72 56
15 96
64 67
35 77
3 37
17 31
76 39
35 12
1 56
20 98
67 46
48 12
84 82
79 51
10 64
23 14
85 27
28 15
47 94
53 67
81 50
72 98
76 89
16 40
98 40
35 1
20 29
8 29
76 11
79 22
11 53
70 90
45 7
59 50
37 6
24 38
72 1
80 44
37 84
13 46
78 26
55 56
90 70
54 91
60 73
10 60
90 62
67 68
65 23
44 52
10 26
79 88
78 29
88 26
44 94
54 20
7 72
84 30
29 77
46 27
7 37
3 1
33 32
39 30
86 37
55 77
90 32
91 7
50 66
93 69
12 46
35 34
51 95
6 5
81 60
58 85
38 96
59 77
28 4
8 87
44 2
38 29
1 84
9 76
13 50
72 46
64 69
46 32
41 10
65 45
24 85
56 36
23 82
67 54
29 7
55 79
19 90
34 39
80 16
98 87
76 74
59 5
55 41
76 50
13 23
62 33
3 92
9 56
58 89
32 76
37 61
89 16
67 98
76 85
24 78
9 60
22 53
75 71
28 10
71 39
27 90
51 98
85 49
40 55
44 4
23 72
32 48
32 62
44 60
69 79
19 77
18 48
33 17
77 96
42 74
3 44
48 20
18 35
69 25
30 85
18 40
96 8
96 66
18 83
71 69
54 77
89 18
14 99
10 14
91 36
17 26
53 7
15 61
15 22
66 6
80 54
61 51
84 95
39 25
42 6
74 33
6 2
51 60
15 36
84 17
97 79
48 81
84 42
58 87
50 5
51 92
61 75
40 94
71 96
30 90
2 44
69 1
11 64
39 68
81 56
64 98
98 30
81 70
33 79
39 91
72 75
60 65
68 78
28 90
35 51
30 73
54 24
10 44
76 36
15 26
52 74
62 24
34 65
49 98
97 99
89 43
45 14
73 62
63 72
38 22
19 18
9 65
95 46
37 47
66 86
61 21
92 99
64 84
73 79
56 90
57 93
49 34
12 9
60 10
18 6
1 88
48 86
55 29
74 28
81 23
80 45
90 2
84 64
64 7
24 42
26 15
66 93
51 1
56 40
0 81
18 82
59 39
24 52
70 28
33 81
66 3
96 44
28 92
81 63
88 25
8 52
82 75
65 90
18 15
35 3
91 20
67 0
87 13
55 40
42 79
72 88
29 25
37 13
82 46
30 0
37 21
72 4
46 12
1 42
68 49
48 99
8 83
45 57
88 54
49 54
99 97
45 39
86 60
88 95
45 6
49 38
26 90
63 48
42 88
23 64
14 75
93 4
12 22
51 62
80 63
5 16
72 73
29 82
3 7
85 6
39 52
45 85
90 60
92 43
11 60
17 72
98 12
57 1
19 60
16 25
46 60
12 82
4 58
69 67
53 71
13 25
54 13
69 48
5 65
99 76
45 18
47 28
80 26
62 37
47 90
90 81
59 7
6 25
76 6
70 34
83 79
98 33
98 82
17 86
76 57
18 28
18 56
92 22
55 47
42 78
57 8
78 49
7 68
90 98
46 6
41 76
19 84
25 44
42 76
44 6
33 23
26 97
36 24
29 74
56 73
12 81
97 17
7 86
89 8
55 71
73 20
77 79
52 94
74 98
59 69
54 54
64 17
25 87
54 64
71 85
51 19
95 17
19 62
28 63
2 42
22 42
26 65
55 84
65 86
55 19
91 31
82 96
8 85
10 16
30 27
16 74
29 20
83 70
95 0
23 96
32 27
96 58
53 0
49 27
86 65
6 44
52 92
79 61
97 68
98 37
69 15
31 35
47 76
98 95
29 52
29 24
24 19
75 82
53 23
60 55
69 45
80 85
2 50
23 1
59 55
16 96
16 24
66 44
64 2
62 96
84 2
1 98
22 60
6 58
32 72
0 82
6 80
58 1
41 7
53 12
52 23
68 39
22 27
3 81
83 15
68 70
3 73
26 42
37 2
20 75
78 97
48 27
67 21
41 50
38 2
87 37
71 60
9 61
2 20
97 12
93 55
16 12
14 34
78 2
97 75
1 26
25 55
50 44
12 79
18 76
88 45
88 0
85 76
83 80
8 93
99 27
41 90
86 71
51 42
78 6
58 19
49 26
95 96
29 47
3 49
15 55
90 11
18 42
59 33
58 42
48 9
15 65
33 64
45 63
26 47
65 44
9 13
36 99
76 0
32 16
0 41
69 46
12 78
33 12
44 7
40 79
19 69
3 25
94 36
53 28
30 6
96 37
76 32
92 28
60 72
20 70
59 18
31 54
98 81
30 69
86 40
74 6
25 13
74 89
39 9
16 6
63 31
10 51
63 98
2 43
34 48
78 39
80 56
40 30
82 59
63 94
86 62
84 51
92 27
18 1
78 3
49 81
26 96
25 95
65 67
5 79
14 66
11 25
42 15
5 88
60 61
49 22
13 79
56 97
51 25
81 19
9 38
52 58
85 23
53 90
2 98
65 30
68 37
36 55
51 87
41 4
91 56
65 98
4 48
16 19
73 84
2 27
73 73
36 54
18 43
29 57
42 5
92 13
31 73
63 5
61 47
0 94
32 92
31 59
19 20
19 11
50 16
52 30
30 22
85 18
32 2
79 55
62 62
38 45
20 1
97 90
48 35
45 43
89 54
77 91
41 17
61 22
34 76
35 28
82 53
2 83
58 97
93 9
55 21
77 49
91 93
46 77
30 57
53 97
36 41
80 61
55 93
51 59
19 55
21 74
35 78
65 13
48 56
7 71
4 83
21 26
35 23
87 60
48 0
85 71
17 13
72 11
4 7
76 63
33 14
14 29
97 33
81 42
49 4
92 59
42 72
12 62
97 10
99 56
34 80
33 92
36 68
26 55
21 33
75 81
56 43
9 5
72 37
49 88
90 97
46 16
29 78
10 69
30 60
2 49
39 21
89 58
7 18
95 43
76 30
56 59
94 81
40 7
63 15
31 47
7 13
67 23
38 90
4 86
83 43
33 45
76 76
10 17
13 11
43 48
58 11
80 38
65 77
31 82
17 40
71 7
68 60
3 22
16 29
28 69
77 20
53 8
31 53
3 5
82 73
53 6
0 32
33 91
80 15
3 83
41 68
33 18
17 2
11 23
17 19
66 68
76 46
38 66
14 77
17 65
29 84
8 31
75 79
96 97
91 39
1 97
75 28
69 27
24 70
76 64
1 35
56 68
87 55
64 45
14 36
52 55
67 9
36 12
73 71
83 52
66 85
12 30
29 6
21 79
25 74
41 94
6 77
6 28
19 52
52 37
45 91
91 96
22 35
19 89
59 43
3 66
40 25
84 25
77 28
53 55
22 80
43 87
70 40
96 36
23 45
50 97
96 48
59 94
19 91
5 59
69 72
23 52
88 4
15 14
76 16
73 32
9 63
28 81
33 27
60 27
46 65
7 85
5 3
85 68
55 22
59 83
91 68
75 33
14 8
73 8
52 88
35 20
51 65
53 93
25 91
75 90
29 55
65 9
66 51
82 60
8 0
19 46
68 0
85 99
7 21
65 78
56 74
63 17
80 71
3 62
47 52
43 81
63 57
53 80
48 2
75 76
54 65
74 81
11 57
35 24
39 78
53 98
96 89
22 68
91 60
44 56
2 89
90 3
17 38
65 33
96 61
64 94
42 57
38 30
78 17
27 91
56 63
96 54
65 47
11 35
22 8
96 93
56 83
28 12
62 39
28 58
66 66
27 20
24 9
32 55
44 79
38 4
53 15
67 52
66 90
16 86
49 12
57 41
71 71
46 36
98 22
64 76
53 4
91 27
80 25
36 42
79 81
79 49
40 97
95 36
4 76
6 85
89 7
81 7
35 42
5 32
74 46
90 77
49 87
12 36
78 47
8 61
82 39
37 19
62 97
92 4
88 52
32 99
24 79
83 84
80 22
32 74
93 46
49 8
96 57
81 31
23 7
64 85
17 60
24 25
34 53
75 54
74 87
83 78
13 5
57 42
95 54
27 18
43 92
45 15
10 13
62 63
49 63
71 36
31 25
63 73
95 95
80 53
53 83
14 16
27 35
64 25
6 49
79 56
55 5
79 83
33 97
44 96
22 3
21 55
45 55
89 32
21 69
81 9
98 23
71 86
80 13
81 5
56 88
32 0
86 29
4 21
14 79
89 88
9 64
32 15
87 72
59 60
65 49
81 75
68 29
97 15
80 11
18 81
4 82
21 4
54 34
93 36
87 70
37 4
53 68
13 22
85 26
64 82
82 78
88 48
76 88
72 47
47 96
89 27
13 73
0 6
31 50
27 8
74 62
41 47
10 41
6 57
81 82
51 50
54 18
44 3
1 90
22 5
3 16
50 72
98 99
33 56
58 50
85 37
84 31
59 47
32 73
43 21
60 21
67 84
66 14
96 64
44 83
43 42
88 81
53 63
11 56
32 20
61 62
45 23
86 47
95 71
44 97
24 80
66 5
61 0
18 91
84 81
71 55
30 41
60 71
20 48
86 92
87 8
6 87
37 52
83 41
29 49
45 99
50 6
30 17
92 63
41 61
38 89
45 21
0 52
80 24
13 94
47 95
67 40
54 0
9 16
0 85
56 23
53 24
54 90
73 3
28 60
58 57
42 8
83 55
65 43
48 24
12 38
29 90
21 70
74 13
64 79
8 45
70 69
36 44
90 51
0 46
62 32
31 80
57 62
28 74
96 22
87 81
97 50
25 94
13 78
36 82
20 72
57 64
96 32
41 58
38 70
17 1
23 19
56 4
79 14
73 86
85 65
41 24
23 70
