100 3
17 77
8 68
61 82
18 78
80 6
62 53
79 88
77 94
94 97
38 84
55 36
59 30
92 69
72 96
51 97
57 36
17 69
99 94
65 94
6 33
29 1
10 51
89 82
16 96
91 43
35 3
12 27
65 17
1 68
19 8
59 27
83 16
40 91
41 50
4 71
61 66
78 61
93 75
76 0
32 8
68 92
96 44
75 10
55 86
77 47
65 55
16 20
0 41
4 20
9 97
44 23
45 70
17 75
26 87
97 16
0 81
60 81
68 17
11 84
57 22
81 93
44 32
54 42
48 84
97 18
1 32
11 22
62 48
22 55
46 52
79 66
52 37
30 98
85 76
85 61
25 76
26 81
91 63
93 77
34 54
21 93
10 73
4 49
39 34
7 53
20 63
25 0
81 91
86 71
48 44
60 51
67 53
43 54
59 28
22 67
7 35
27 29
91 31
8 15
33 1
57 80
58 70
83 90
76 43
97 75
97 60
61 14
15 49
0 90
11 32
26 77
97 35
28 92
99 65
4 1
79 89
24 34
43 96
67 97
12 93
6 83
55 51
37 93
94 52
99 59
38 27
26 27
72 46
8 51
90 41
85 60
97 72
41 19
7 32
71 89
69 68
80 83
50 55
75 28
28 62
16 61
49 65
69 59
71 87
76 15
80 66
3 78
91 13
12 66
1 54
50 30
50 33
63 47
95 23
63 67
53 38
60 32
63 55
6 79
37 39
42 13
35 10
87 66
54 92
9 40
21 33
34 2
60 90
75 37
83 76
77 95
24 48
58 47
30 56
56 24
20 89
53 72
82 25
71 77
34 67
69 42
37 55
97 41
58 24
0 17
7 50
28 60
24 76
4 21
10 42
45 71
67 72
7 67
97 43
41 13
3 72
97 29
95 45
52 82
82 27
5 0
37 49
40 85
91 68
59 92
13 76
25 17
47 50
1 89
42 45
43 26
28 30
91 5
32 17
10 49
92 87
47 28
90 21
44 59
90 32
69 25
65 10
36 9
95 30
60 73
14 60
62 60
39 20
30 2
57 26
17 91
16 40
69 64
88 80
34 0
82 79
19 96
92 34
31 76
5 20
78 79
93 80
18 2
29 37
70 32
48 47
16 12
99 27
90 69
61 2
59 48
54 9
92 88
53 78
43 85
35 86
61 69
22 58
65 35
49 44
27 80
75 84
12 92
8 3
50 74
94 12
99 70
64 84
13 23
74 25
2 63
51 17
41 58
41 31
63 36
45 82
78 12
26 71
46 48
39 88
16 55
3 70
12 18
88 46
56 18
86 18
17 83
97 62
59 35
77 58
5 6
66 16
28 55
67 86
18 91
9 45
33 60
49 64
47 49
60 21
66 45
67 71
34 96
26 39
95 54
9 35
14 19
71 38
50 51
85 75
6 82
84 21
93 82
67 17
40 31
3 98
66 58
46 88
99 60
24 35
3 60
48 4
5 87
11 83
79 38
12 28
15 45
22 20
50 45
20 44
98 91
23 9
79 90
57 63
42 48
22 45
53 91
34 52
71 50
17 29
75 66
68 5
33 65
75 90
85 73
73 70
66 69
9 64
0 45
82 7
12 14
29 86
78 45
71 7
80 36
68 31
83 24
22 2
92 80
68 32
28 9
90 97
91 99
25 81
43 89
96 2
18 63
89 59
93 23
83 1
9 76
51 13
76 83
81 21
54 81
82 63
57 96
99 72
58 27
62 3
93 81
45 69
27 30
4 54
14 95
32 80
19 27
61 10
31 9
14 15
58 56
54 60
96 5
27 25
46 67
54 36
57 58
63 90
45 80
90 53
98 9
30 95
20 27
66 63
74 87
2 26
71 98
70 56
5 97
87 77
26 28
93 50
97 15
33 85
55 92
66 95
21 79
40 58
13 30
62 89
34 26
88 49
87 31
34 84
17 33
78 81
17 39
37 41
96 17
74 64
45 16
73 54
31 47
73 28
92 74
34 89
55 22
76 47
19 49
25 52
39 75
5 76
71 92
36 47
49 53
90 0
1 19
42 87
79 29
32 56
5 82
9 39
12 4
68 40
97 38
28 48
1 33
46 68
83 61
68 91
99 15
62 90
50 59
14 37
43 5
13 95
66 28
48 19
0 76
89 14
2 59
71 19
30 57
45 53
5 36
87 39
63 8
43 1
96 23
30 35
83 69
7 23
77 17
99 47
51 85
39 16
0 61
59 52
56 61
22 5
51 63
94 74
1 97
62 18
6 18
87 53
55 8
56 51
38 93
94 53
50 31
1 92
68 39
98 89
28 79
71 3
56 25
39 8
41 87
26 45
20 3
12 94
86 25
51 6
10 13
70 28
82 91
84 43
74 42
69 7
80 10
47 12
73 62
56 70
87 13
82 77
1 95
52 15
36 19
33 42
19 12
21 74
31 64
4 62
41 37
43 82
73 1
75 5
62 75
59 36
79 51
5 22
4 80
16 59
53 74
14 67
59 38
52 32
2 4
96 13
51 81
41 9
64 50
29 4
34 70
17 94
48 24
58 21
35 18
18 92
55 26
37 78
36 12
27 0
77 3
25 75
50 91
74 0
51 71
86 32
95 53
87 63
68 7
4 19
85 49
83 41
21 24
80 19
16 66
33 67
40 52
70 61
42 54
56 64
78 41
85 43
42 25
69 13
20 75
21 34
32 55
92 38
93 55
12 52
80 30
9 13
2 91
30 12
88 4
25 80
4 13
20 76
31 63
84 88
2 15
29 80
8 31
67 23
84 33
89 89
55 23
70 99
30 65
51 27
25 59
93 63
83 20
9 83
70 91
75 97
19 80
16 33
84 92
36 8
34 30
51 52
60 95
27 2
36 36
68 61
26 64
78 51
35 34
84 57
44 12
23 53
53 64
93 95
98 56
52 30
78 39
64 80
5 77
71 32
82 12
27 66
40 21
44 85
65 22
4 75
23 66
70 42
73 55
38 73
9 92
18 86
30 25
41 36
1 88
83 40
95 43
64 27
35 26
4 22
97 58
14 97
99 11
21 29
85 22
88 13
30 4
67 52
75 81
46 93
71 26
15 66
49 56
43 53
31 75
90 62
28 84
54 72
35 57
47 2
25 25
58 46
17 84
98 26
86 35
96 18
64 51
78 44
44 86
15 2
15 46
27 28
93 38
36 80
48 90
60 44
11 13
99 69
97 22
79 71
72 98
43 75
21 77
20 26
32 38
80 18
10 28
36 13
94 57
34 27
37 53
53 25
19 14
75 60
96 99
25 56
37 57
93 86
97 76
32 19
32 48
31 67
86 22
81 68
37 9
33 83
93 88
40 65
40 54
36 48
11 42
46 12
59 32
19 98
56 67
55 75
7 43
75 91
51 93
85 44
41 65
12 8
32 79
69 20
93 51
26 35
81 84
22 41
40 43
15 82
90 46
28 93
50 16
5 18
30 87
93 8
19 76
73 34
19 99
95 75
23 7
8 55
34 17
69 41
17 5
41 98
2 92
1 63
5 98
39 33
28 50
94 47
61 96
1 99
0 91
74 50
85 27
84 85
24 5
95 42
95 37
40 27
13 25
29 10
34 50
1 14
82 14
55 81
46 70
42 27
81 8
15 21
42 2
12 56
46 20
29 61
72 54
85 55
62 39
50 80
82 69
23 68
1 74
3 9
32 33
8 24
90 85
48 88
63 11
72 74
11 57
68 67
73 78
97 26
49 69
72 56
44 41
62 50
15 98
49 16
91 24
27 12
86 90
30 49
76 76
61 6
25 99
82 18
24 30
44 46
52 51
67 69
84 15
92 2
14 3
9 96
6 45
94 80
58 61
90 9
56 21
84 58
75 94
11 99
70 90
1 53
70 53
29 98
16 30
18 20
12 69
21 56
79 23
23 58
8 99
43 31
39 71
23 29
32 97
4 9
50 88
49 93
42 21
9 19
74 4
38 69
9 78
85 10
33 82
15 12
78 74
91 85
7 15
28 46
46 13
52 71
62 78
41 43
14 13
97 94
26 17
0 68
19 71
10 59
42 18
28 90
9 70
29 57
39 53
21 53
7 61
65 24
59 82
54 89
55 25
84 18
24 19
86 69
13 82
75 9
27 39
84 20
98 12
52 24
53 55
79 69
29 50
16 18
15 61
47 67
17 66
76 80
54 16
8 82
95 60
12 76
5 14
90 61
57 79
57 87
15 79
91 71
5 33
3 14
62 46
3 20
49 18
15 86
24 7
81 64
94 60
20 23
13 51
71 17
69 50
35 92
16 14
24 84
43 33
83 75
88 71
39 27
6 31
53 42
52 26
65 61
57 50
58 93
66 80
96 95
14 78
40 59
0 93
49 43
99 36
21 3
97 0
74 54
69 46
54 10
58 38
40 71
24 36
5 53
80 15
4 72
92 95
80 9
15 23
8 62
51 3
29 9
65 23
40 99
89 54
94 23
75 80
77 85
55 44
48 21
42 95
50 68
5 90
68 59
55 37
22 70
33 96
81 9
25 31
98 86
88 35
20 28
61 50
46 28
38 70
87 14
8 53
36 66
58 66
24 24
65 44
35 73
61 58
10 34
37 0
95 9
35 21
48 75
1 42
79 45
3 63
78 38
13 78
65 68
63 88
35 91
36 60
23 34
26 79
97 4
36 84
50 4
94 16
47 14
97 57
75 98
65 19
52 61
92 26
24 60
33 30
29 75
80 22
9 12
54 73
0 80
48 87
17 46
22 28
5 4
81 34
81 18
43 74
42 15
43 44
78 75
20 77
79 83
67 63
23 39
77 27
30 23
19 16
70 27
21 78
97 81
72 95
84 29
21 23
78 19
66 56
99 74
63 38
26 99
44 77
68 68
24 2
95 74
99 14
73 43
71 82
74 31
4 79
90 88
39 52
81 77
20 37
96 62
57 95
59 91
25 71
35 93
27 77
87 85
59 73
80 42
63 10
83 47
84 79
52 64
94 31
53 65
60 80
6 16
45 60
16 70
48 66
28 25
19 50
90 11
78 34
47 0
10 56
86 3
26 72
93 42
56 20
1 39
57 83
93 59
35 74
36 49
78 8
15 20
15 15
57 2
62 24
91 81
10 88
83 36
15 13
39 44
0 70
35 62
21 75
63 73
81 33
30 13
59 17
75 69
55 58
81 5
39 46
97 37
9 3
81 58
9 46
42 60
86 44
11 81
58 48
85 63
57 97
77 44
96 65
53 77
60 92
65 58
29 13
84 38
23 4
96 86
5 54
84 91
14 42
54 62
68 6
23 12
87 29
52 92
26 94
60 17
27 21
52 44
80 90
20 16
40 94
95 51
8 76
71 75
45 42
2 46
58 18
88 29
60 54
28 86
44 93
24 87
75 20
57 18
45 8
65 76
61 30
40 72
83 56
44 63
79 25
79 54
82 17
61 64
94 69
45 14
91 8
48 77
89 21
16 62
34 57
5 81
22 72
28 94
70 85
34 49
76 75
73 93
47 17
90 48
93 65
68 73
19 48
96 0
14 14
27 61
8 70
6 95
26 55
97 5
90 60
87 89
11 4
18 16
60 96
13 83
91 11
94 26
83 7
56 65
52 12
42 70
81 42
65 37
55 16
61 37
88 11
48 43
41 39
3 68
44 47
25 8
14 5
97 55
12 49
72 43
45 55
22 31
97 20
98 22
96 32
17 23
23 84
65 51
33 23
66 21
33 64
33 69
96 58
95 61
27 51
0 5
21 36
63 61
23 75
46 78
97 12
38 31
16 76
55 70
41 14
41 47
29 35
96 56
43 83
17 12
86 55
77 30
3 82
25 43
57 99
97 82
73 33
21 25
28 76
63 18
18 15
42 12
84 22
45 2
95 1
53 96
11 88
23 65
44 18
61 62
59 65
13 11
36 93
23 56
93 29
66 54
55 63
74 30
75 7
72 48
94 98
12 40
36 27
80 45
11 34
67 48
52 7
47 82
7 10
48 46
1 27
85 21
39 25
99 1
1 43
75 16
70 54
22 15
31 98
95 16
66 8
37 15
14 50
51 61
29 66
93 43
26 73
4 90
98 84
4 95
96 60
90 93
78 47
97 59
94 45
76 74
22 75
23 30
63 48
26 53
39 62
25 41
40 23
99 13
41 34
15 44
52 38
80 3
60 70
96 36
52 3
29 51
73 31
90 6
44 62
76 16
90 8
55 55
32 27
13 88
29 6
97 33
85 64
83 51
19 90
79 82
43 10
89 79
74 59
76 64
23 93
8 73
82 56
45 96
9 53
76 99
31 83
97 52
12 1
97 34
64 26
70 23
99 24
97 68
45 98
94 79
51 65
79 33
78 56
54 93
1 65
4 29
44 76
61 76
27 3
53 51
53 56
33 53
32 24
20 0
63 83
73 20
52 34
5 7
11 7
58 65
50 48
51 34
25 19
96 28
32 54
50 40
23 83
59 34
47 55
30 61
71 0
35 17
13 46
8 42
23 59
7 56
78 3
91 26
60 74
11 64
78 14
59 71
75 45
4 86
26 0
33 7
54 63
37 10
86 56
92 17
59 66
83 60
72 39
11 44
92 41
23 42
16 73
48 70
44 98
66 27
93 6
33 43
47 62
48 50
18 17
8 18
57 78
39 48
76 69
36 29
55 62
81 32
88 47
14 33
60 87
52 93
75 99
57 12
31 53
17 96
12 37
53 97
31 62
3 64
28 72
36 45
79 84
62 99
59 59
96 67
17 44
91 77
21 89
37 73
80 34
25 12
0 22
99 28
36 41
0 9
61 52
38 33
11 31
54 83
79 74
2 23
24 90
0 54
9 21
41 40
68 25
12 79
56 4
31 43
19 64
7 65
39 76
28 71
46 61
97 24
22 42
49 30
98 59
9 72
88 68
60 83
73 47
34 82
30 27
83 64
94 50
15 5
98 0
78 69
51 64
48 37
38 8
57 60
15 17
86 15
76 40
26 23
44 5
45 13
18 80
9 28
45 67
92 63
62 2
33 10
58 82
44 35
19 33
43 42
46 72
78 33
36 21
99 3
29 60
53 57
10 41
81 66
40 7
43 66
75 42
1 80
88 27
67 41
31 13
19 93
25 45
45 84
34 21
87 6
47 68
55 78
75 70
96 15
32 71
0 6
46 14
2 62
16 90
69 43
16 81
7 30
18 61
0 16
45 15
16 44
48 80
23 19
69 90
54 75
87 81
0 4
25 42
72 20
37 45
56 27
28 61
51 54
67 67
82 45
74 2
76 11
21 39
78 88
44 21
43 36
72 62
32 6
19 40
66 96
62 30
17 72
47 71
46 97
51 18
98 50
95 21
55 97
15 59
75 12
56 72
24 11
92 25
25 95
85 83
4 38
59 84
17 4
50 15
90 86
57 27
78 80
74 99
6 30
15 99
61 11
53 4
38 17
67 68
17 37
97 64
24 1
46 38
68 26
32 14
89 1
38 88
65 7
83 18
99 73
17 79
86 4
15 92
88 95
98 31
3 5
36 72
23 5
90 75
45 74
40 28
1 94
0 1
50 20
1 23
86 80
95 69
28 0
49 5
71 5
71 69
1 0
33 94
32 72
11 56
9 94
99 79
59 31
20 78
92 14
35 95
75 62
7 95
97 45
73 96
94 81
32 62
25 87
13 90
58 51
24 37
16 24
21 84
33 19
70 16
96 24
88 56
91 2
31 26
44 29
53 60
27 67
85 95
52 4
50 42
91 9
59 46
94 94
98 81
40 34
9 20
87 2
87 10
43 76
38 56
22 52
82 93
13 18
59 1
53 67
90 55
64 92
24 67
74 97
67 96
1 22
58 7
81 3
33 61
63 87
63 2
96 25
56 11
28 16
79 7
53 37
49 32
50 97
67 24
67 89
69 57
41 56
84 36
50 73
17 36
74 74
18 45
41 1
47 88
40 67
16 53
56 2
52 13
73 12
60 62
18 30
41 64
70 72
64 52
85 85
25 24
48 2
57 30
31 55
68 45
86 2
44 91
2 14
57 34
18 53
66 39
16 17
59 53
9 68
24 47
89 91
94 34
68 16
99 53
10 52
4 69
20 33
65 43
55 46
89 92
11 71
93 49
34 44
38 21
50 21
30 45
45 49
71 85
2 73
97 46
48 82
63 3
55 94
23 22
64 73
58 78
47 11
81 26
68 56
23 63
7 82
50 11
69 45
62 68
22 12
85 15
10 3
14 20
42 90
16 1
18 29
15 63
60 93
73 2
76 18
93 73
76 30
63 70
36 71
64 7
84 10
75 18
32 60
61 1
36 85
70 31
49 22
93 47
89 67
0 83
89 6
94 42
96 48
49 26
83 49
8 45
60 50
69 91
14 30
83 78
79 15
38 76
50 19
38 63
88 8
15 73
45 52
80 11
79 57
46 54
73 46
47 95
19 23
6 75
46 3
51 48
9 6
7 64
99 16
0 82
47 74
28 39
68 2
8 83
87 42
0 20
32 76
56 41
54 1
98 53
92 53
58 75
18 21
67 70
74 80
90 54
26 36
16 57
62 36
1 35
37 13
74 13
92 98
53 13
9 34
75 44
34 40
20 73
24 28
11 85
8 4
29 82
20 92
75 25
79 12
69 99
76 85
99 88
31 91
87 91
3 59
43 84
44 39
65 95
6 64
43 91
41 71
99 71
6 5
34 31
59 69
33 35
66 2
68 36
71 64
83 71
88 92
46 24
51 8
25 15
7 13
11 89
60 35
72 67
97 19
38 4
4 93
59 93
32 37
17 38
61 98
52 5
0 60
86 49
52 31
89 84
31 21
22 38
30 72
99 76
35 68
65 9
2 49
2 71
12 19
86 99
3 79
1 44
19 9
58 98
95 13
81 53
58 59
53 3
10 27
80 99
81 16
91 92
82 48
80 63
77 1
37 40
12 95
49 13
88 33
6 0
29 85
49 15
20 72
94 51
16 85
0 56
14 43
31 10
62 93
73 44
8 27
75 48
10 36
57 59
51 49
3 18
25 65
23 94
20 29
40 25
53 32
39 14
39 83
86 7
98 76
2 13
15 39
67 92
55 35
5 31
3 3
53 18
93 11
49 54
71 99
71 24
33 71
89 8
57 98
9 87
51 87
83 48
62 65
39 9
92 99
66 62
41 24
71 73
32 74
34 43
9 66
21 54
81 78
93 85
94 75
62 74
30 92
13 48
97 6
37 95
0 88
13 91
39 77
88 52
86 46
10 72
84 44
51 31
72 25
60 98
81 94
43 11
50 38
38 58
52 50
77 18
29 22
73 92
99 91
59 42
3 54
50 65
81 28
57 29
42 26
95 7
16 16
67 3
28 45
52 23
42 88
40 96
76 38
32 77
77 15
62 69
33 38
93 92
5 56
70 96
93 99
49 38
46 51
95 62
63 50
76 73
80 62
30 5
55 45
66 38
27 56
6 62
81 79
29 45
81 57
99 17
49 99
5 15
11 30
6 25
10 22
16 6
45 88
26 38
14 2
5 41
9 38
54 28
56 38
69 77
17 86
46 7
4 14
46 76
30 66
37 20
15 9
86 67
53 83
54 48
18 9
25 47
13 77
53 70
15 56
80 8
15 16
79 63
93 98
77 64
3 93
42 98
10 1
91 22
72 19
36 35
91 49
20 60
13 6
62 19
41 86
54 46
81 10
41 18
59 98
32 89
21 68
47 84
90 91
10 90
29 73
39 80
59 16
93 20
0 77
56 36
54 52
35 31
22 50
47 10
26 11
26 2
94 22
47 18
98 4
90 57
14 53
63 66
70 92
46 66
87 25
30 24
92 39
16 43
22 69
68 75
71 54
16 99
31 42
73 99
28 5
42 61
72 93
83 22
15 33
41 38
40 26
93 2
39 30
16 56
20 95
71 53
13 41
57 86
87 87
21 6
24 3
92 85
11 21
60 53
2 43
21 49
40 3
85 79
78 37
7 60
52 47
61 55
64 88
93 31
83 23
35 47
34 64
16 8
11 18
2 37
3 62
79 81
92 60
35 24
18 6
6 85
57 21
43 60
67 56
38 20
15 62
74 49
46 31
36 10
26 97
72 32
63 75
40 16
43 17
74 84
72 80
38 53
95 66
3 16
21 76
46 73
33 66
61 83
77 14
90 17
61 15
9 59
75 26
73 82
19 25
69 92
97 48
76 70
50 0
0 53
67 47
66 74
92 40
72 28
11 59
77 72
85 8
87 97
86 73
91 70
6 11
59 62
59 39
81 86
86 63
65 42
76 86
36 16
87 9
1 41
98 27
4 25
59 40
71 21
70 5
96 77
28 44
35 29
50 57
42 92
96 26
7 81
30 84
85 58
58 58
97 65
16 80
65 93
76 24
69 31
94 72
6 12
70 13
99 30
22 18
56 17
27 92
83 82
25 85
43 25
45 76
70 87
81 67
69 2
95 87
92 13
94 21
73 88
43 15
37 38
32 23
35 75
4 12
65 73
10 25
68 27
90 29
84 12
90 76
8 43
93 72
28 13
85 42
1 84
20 4
13 89
59 94
40 19
53 50
0 46
11 28
22 76
51 44
51 59
63 23
11 97
9 91
46 77
11 78
98 54
34 78
12 41
95 81
35 5
89 90
74 55
41 70
31 77
81 29
90 14
27 86
89 41
2 88
29 93
47 9
42 31
19 20
73 65
47 41
11 79
51 4
88 85
19 1
3 95
39 2
20 53
28 58
36 6
80 73
2 82
34 68
83 55
33 57
89 85
7 51
92 21
23 16
72 13
16 23
10 97
17 14
83 11
15 95
77 8
31 2
29 55
54 43
87 88
1 47
71 1
21 66
24 51
42 24
21 27
51 95
9 18
5 71
72 23
11 0
67 94
79 35
85 48
8 17
5 11
30 73
54 79
74 41
35 40
59 99
49 79
50 86
79 21
91 98
66 60
34 55
50 17
53 73
6 91
86 78
2 39
1 75
63 32
18 23
28 37
71 56
67 13
70 36
48 99
20 12
96 35
53 40
72 29
94 46
79 2
48 12
25 55
44 74
73 69
75 46
27 16
46 4
64 54
46 74
92 62
0 58
28 10
11 17
28 15
28 17
74 98
90 23
35 4
27 13
1 36
94 78
72 14
30 41
19 7
59 70
98 69
44 60
33 15
93 36
14 21
22 24
59 23
37 42
95 36
36 92
96 4
12 12
70 7
91 73
95 93
24 81
24 65
43 34
74 15
13 85
32 10
85 56
42 81
45 86
41 11
62 58
52 2
56 92
22 13
88 83
46 29
85 41
10 2
40 18
89 71
3 17
37 26
44 30
99 78
34 75
43 93
62 80
10 84
58 22
97 90
57 56
34 36
64 23
14 84
73 80
1 58
77 66
56 53
18 76
81 40
91 38
29 2
43 35
11 20
6 23
99 81
81 31
81 24
10 93
39 93
72 21
17 64
37 64
52 42
80 58
59 78
25 30
58 31
47 23
94 84
52 60
35 43
45 40
73 17
64 39
50 76
85 47
99 75
19 46
31 49
25 20
10 62
76 22
43 71
84 50
36 62
10 47
23 24
27 94
12 62
1 4
10 45
8 23
99 50
30 30
38 32
57 48
97 70
61 43
72 22
87 94
3 12
34 97
18 55
47 66
72 99
90 28
24 73
43 2
14 85
51 72
48 3
34 51
51 77
97 61
99 66
12 29
53 9
26 50
44 20
70 47
18 46
38 86
58 86
36 90
49 9
5 68
18 77
83 83
65 3
50 28
74 56
89 42
19 26
54 5
50 3
7 74
32 68
94 92
73 40
48 53
29 42
57 1
43 70
11 15
66 42
70 49
29 20
12 42
60 55
98 11
57 6
32 13
51 40
9 57
28 20
72 8
21 71
99 33
38 42
56 16
56 79
15 90
82 31
61 48
53 98
90 10
66 86
43 45
82 67
44 99
29 88
89 13
80 72
91 1
52 67
55 41
36 15
0 99
46 64
63 95
61 34
72 33
41 44
56 52
40 50
42 49
68 69
36 74
25 60
98 58
66 46
17 34
67 15
32 0
4 87
96 98
82 5
89 7
85 12
44 80
41 30
64 87
25 32
31 6
57 11
39 13
62 33
57 90
55 66
77 68
64 89
56 44
55 85
5 72
9 0
57 40
40 77
92 56
76 84
19 97
68 99
6 97
99 35
13 0
66 14
38 43
80 81
2 76
6 15
76 82
73 72
33 26
65 59
45 29
34 72
98 55
71 90
48 40
86 93
4 64
64 8
82 47
37 31
45 17
34 46
75 63
55 12
91 42
20 10
44 73
68 89
61 81
92 55
72 9
88 60
87 0
16 28
37 7
82 20
9 61
3 92
77 62
7 75
3 28
80 53
49 61
13 61
30 78
21 51
74 90
15 85
96 38
69 22
58 76
66 98
10 21
3 81
56 97
85 89
3 50
15 10
67 40
56 40
13 50
84 71
14 32
20 9
60 57
85 2
26 16
26 91
22 43
54 76
54 14
31 78
52 14
44 83
64 57
81 11
26 74
72 97
3 29
28 66
24 88
84 19
88 76
5 73
98 48
30 36
75 30
46 25
42 7
93 62
16 94
66 12
24 4
37 63
45 4
22 96
44 28
81 88
9 71
67 81
30 89
96 82
43 12
15 94
27 58
60 18
77 96
14 6
38 99
45 51
51 19
36 94
51 5
56 86
46 40
62 52
1 76
75 51
64 15
56 58
25 54
15 32
99 97
39 60
11 8
19 41
41 82
47 20
23 79
68 1
76 51
57 28
12 67
33 39
1 81
73 38
17 20
5 37
0 59
13 54
97 7
98 74
1 98
20 1
59 81
95 22
84 67
49 62
79 9
2 77
88 16
75 31
2 32
29 96
68 23
33 2
28 35
82 66
24 6
5 12
88 59
52 97
50 29
40 41
0 11
16 25
19 11
54 40
2 99
95 92
80 37
33 84
74 78
25 38
32 59
98 36
30 62
50 7
40 35
67 65
4 48
64 2
81 14
43 62
77 12
54 65
18 27
49 98
89 50
65 25
62 91
94 7
29 36
8 72
65 86
91 96
16 19
1 16
97 11
57 92
62 11
2 21
47 48
84 39
83 46
5 61
31 36
93 94
69 27
16 7
70 57
56 7
52 83
40 11
78 0
12 2
90 26
83 44
89 66
62 0
92 12
67 37
77 6
97 56
14 62
88 97
34 85
20 41
20 81
98 57
35 84
93 89
17 42
90 45
57 71
62 64
22 9
10 4
63 34
64 60
7 55
11 73
80 92
25 83
71 16
1 48
9 43
84 30
41 32
15 11
36 34
48 92
5 24
89 37
44 82
17 2
61 33
21 1
6 80
61 68
74 24
44 96
68 78
1 73
55 13
86 24
94 55
72 51
21 9
53 68
55 88
71 68
15 71
7 79
67 58
40 9
98 37
49 55
87 57
44 94
0 52
58 19
12 36
60 68
92 59
4 78
14 9
17 89
49 7
0 85
40 53
82 59
40 56
47 26
87 96
25 79
89 81
16 35
46 59
70 59
22 23
5 39
30 52
94 73
92 76
77 75
80 44
61 3
75 76
5 35
16 31
33 75
58 26
55 50
5 67
35 96
0 89
85 28
58 89
72 90
30 94
75 15
95 78
38 26
88 90
26 48
78 18
72 64
46 15
60 66
64 65
48 13
48 9
24 14
90 58
45 10
83 9
69 40
69 30
65 97
49 74
75 67
94 29
3 85
21 13
13 5
49 24
62 23
18 72
38 30
80 61
32 3
21 65
68 71
42 4
11 68
63 98
47 30
47 93
72 94
71 2
58 60
3 47
44 26
99 20
34 6
95 50
0 73
5 42
88 24
50 10
43 88
66 20
14 35
85 37
57 25
35 0
97 92
6 7
69 11
2 1
9 51
20 91
5 32
73 97
3 75
19 15
31 20
98 88
14 16
85 0
93 26
74 36
77 76
20 21
8 50
48 51
69 33
83 65
83 19
7 62
59 90
28 68
8 2
91 50
8 35
9 31
36 98
51 29
71 43
2 0
0 18
46 62
52 39
58 45
66 25
65 21
78 52
0 42
31 30
7 4
27 11
36 4
47 87
88 88
71 74
89 69
5 16
65 91
66 36
45 3
22 39
77 36
12 16
12 50
34 86
92 91
62 55
69 47
52 87
94 36
64 38
15 43
13 42
16 5
54 39
39 28
0 40
58 94
33 29
99 44
53 61
93 87
27 71
56 12
15 54
1 72
35 66
47 21
37 11
26 10
78 70
2 83
68 95
83 5
39 58
44 61
69 95
32 81
93 67
94 33
80 84
56 93
45 38
76 39
78 59
1 10
78 35
41 15
41 68
2 20
52 78
69 3
98 15
49 86
26 58
67 39
37 76
29 90
86 21
12 89
58 37
50 26
81 72
4 7
61 40
10 31
85 59
63 62
63 85
95 82
59 9
17 41
75 64
46 47
89 86
7 6
3 33
73 73
57 42
16 78
42 77
10 81
42 79
96 31
2 7
28 53
66 94
58 11
30 3
75 93
51 14
25 61
87 34
48 27
19 67
16 21
47 52
67 49
62 20
81 52
74 37
1 28
62 29
37 23
6 93
23 60
43 72
94 59
54 53
6 10
80 20
51 11
80 93
99 90
50 6
26 34
67 51
69 93
79 68
85 54
0 64
4 44
31 56
48 64
14 93
77 11
17 54
62 17
43 9
39 81
25 50
23 82
82 46
2 58
93 19
16 4
22 10
77 48
53 15
83 37
11 46
44 0
92 20
76 1
86 72
80 91
11 58
74 19
59 21
72 24
25 57
87 26
7 88
19 19
18 85
66 30
11 5
49 25
82 28
33 46
84 90
50 66
54 37
20 18
29 70
35 12
32 50
1 25
86 30
77 37
68 46
46 22
27 87
52 98
1 51
20 38
98 90
65 99
48 74
64 14
69 32
89 48
85 98
88 26
3 74
5 38
64 76
58 17
29 87
26 57
47 31
87 49
23 98
8 14
6 81
49 3
73 3
99 99
46 85
55 72
29 11
57 94
18 59
56 34
92 65
26 15
57 20
14 10
37 34
40 76
77 16
50 60
92 30
10 64
67 99
54 94
31 59
42 56
67 55
69 83
91 7
73 56
60 3
52 73
61 0
16 52
65 6
37 16
41 0
26 21
35 50
5 50
30 55
28 75
4 52
20 66
30 74
62 27
24 96
97 17
76 65
17 65
57 45
56 81
38 62
76 56
59 95
54 88
48 39
26 83
61 31
39 17
20 22
81 35
54 44
76 57
87 98
35 38
39 5
85 99
92 3
40 79
74 69
39 18
22 33
24 20
99 54
34 65
15 38
85 25
29 24
40 68
49 81
64 81
38 46
54 64
62 71
31 60
28 22
2 33
92 45
2 64
24 42
35 53
43 22
95 95
61 27
0 87
39 51
94 64
29 81
24 53
95 90
57 66
40 87
37 96
69 8
59 14
3 37
44 88
88 61
82 99
20 67
66 34
34 39
98 60
11 53
65 28
2 51
42 1
40 49
68 97
51 53
22 4
55 61
71 78
78 82
31 96
38 90
3 97
23 10
90 44
7 87
72 83
55 93
82 0
69 65
17 45
0 72
28 8
47 29
96 49
42 30
54 13
22 37
5 9
97 9
27 82
18 12
7 16
68 33
98 71
9 10
63 13
54 85
84 86
88 32
56 71
45 57
45 54
34 28
3 41
85 20
6 40
34 80
27 50
33 49
96 89
30 80
34 5
34 45
18 24
45 89
86 59
29 8
43 24
47 61
67 14
85 39
28 56
81 19
68 96
21 63
92 44
31 84
63 14
31 69
94 48
38 47
52 48
87 36
9 99
58 54
13 59
58 15
18 4
42 85
43 6
20 94
85 11
71 60
84 45
76 93
82 86
30 58
5 95
75 13
89 80
52 52
50 58
97 8
47 85
45 99
33 27
95 3
18 68
51 91
0 79
32 65
49 51
18 90
68 64
56 33
87 58
44 16
60 64
64 48
23 11
63 99
63 89
82 74
13 16
66 65
68 22
5 47
54 67
48 79
42 91
59 47
44 58
4 16
3 58
60 99
75 87
43 77
7 54
41 35
0 26
89 49
30 44
30 1
76 34
59 76
85 53
35 80
79 64
30 33
86 39
13 64
14 18
29 89
23 3
90 1
65 0
27 44
51 25
30 83
12 60
22 29
18 75
53 90
58 35
83 66
69 1
84 6
82 15
82 85
89 45
71 40
70 21
96 20
79 58
97 73
96 39
17 59
41 90
35 37
43 21
57 65
15 80
24 26
37 36
88 84
10 70
6 1
46 91
8 38
79 14
89 17
20 50
39 36
18 93
22 44
81 41
14 80
40 88
80 60
77 4
12 70
70 4
46 27
69 85
72 86
7 1
61 12
57 13
91 93
92 23
44 9
78 76
1 11
27 96
66 41
27 1
34 8
18 1
86 91
17 58
81 62
78 60
11 49
25 93
70 69
51 98
4 82
56 47
15 27
48 31
2 31
71 95
1 87
13 29
87 51
55 27
97 67
75 68
33 37
32 5
80 82
40 33
25 74
70 58
45 12
98 66
46 2
19 13
62 28
3 34
59 63
66 57
86 10
4 0
70 45
37 32
84 89
24 21
79 42
73 61
90 49
49 59
7 85
70 29
78 97
56 80
47 33
24 92
47 54
85 7
49 60
76 8
25 36
56 57
96 94
22 30
47 72
48 85
83 74
30 82
65 90
81 96
58 44
20 97
36 2
53 35
4 31
12 15
55 65
33 50
23 99
46 58
13 66
83 95
59 18
95 32
44 79
73 86
61 95
19 95
19 85
87 55
83 72
3 87
7 90
58 63
78 49
58 97
13 27
49 45
62 45
40 36
61 87
6 41
75 86
86 45
37 72
43 16
18 73
97 10
73 24
54 57
17 18
60 82
20 5
46 71
50 46
21 42
37 80
70 35
56 32
28 49
2 48
47 36
97 31
77 20
32 1
40 55
31 71
31 44
72 30
45 44
91 91
36 55
80 96
96 69
30 50
45 87
2 34
39 94
57 19
47 1
14 40
52 84
3 27
72 68
39 37
39 15
12 98
49 71
91 0
45 33
93 96
86 54
65 53
58 9
37 5
82 71
71 52
6 14
47 40
39 0
80 46
79 62
60 14
88 54
77 5
13 13
5 55
93 45
70 81
83 80
80 57
88 81
53 34
36 54
68 53
28 36
4 81
79 30
8 71
30 11
39 31
6 59
28 51
91 74
72 3
4 36
54 22
37 27
74 73
90 34
79 55
9 55
14 4
69 78
16 93
21 28
35 67
69 73
77 63
4 39
31 57
56 59
2 47
39 72
0 65
58 39
3 86
65 63
39 50
2 84
97 74
54 78
95 34
44 6
25 77
6 32
52 99
18 65
98 95
34 95
96 68
42 43
72 73
26 40
29 43
9 82
25 92
47 99
0 39
73 95
16 10
77 91
1 86
36 3
96 90
65 11
9 74
73 26
25 62
53 33
11 12
28 32
77 34
21 81
60 12
10 26
68 38
2 30
81 97
19 92
3 90
4 94
39 43
54 82
40 82
8 28
86 57
25 11
6 3
58 88
56 9
17 78
87 70
34 18
49 80
88 31
24 40
88 30
1 67
6 6
42 66
69 38
91 80
62 61
95 33
27 41
40 64
78 90
8 94
6 78
79 76
6 20
91 16
0 98
67 2
36 95
70 75
50 25
75 36
29 38
64 62
40 46
2 29
31 16
20 7
86 17
12 20
38 92
44 15
63 69
18 7
14 57
49 8
70 84
91 34
42 38
21 14
64 96
64 53
42 86
16 91
76 6
30 29
67 42
45 23
91 87
10 30
40 5
95 8
78 29
2 85
78 48
70 73
70 43
69 56
3 13
24 89
58 12
20 35
12 10
89 18
22 8
98 24
27 91
2 87
20 42
99 92
31 19
46 10
38 71
16 22
98 23
52 76
70 62
54 2
16 54
66 4
8 69
76 36
56 60
66 77
83 35
73 90
96 33
20 87
39 70
10 7
57 31
33 91
75 88
23 95
8 33
86 89
4 40
48 6
15 48
61 8
89 25
79 27
22 49
14 27
36 78
18 11
44 55
32 7
22 34
97 96
46 49
27 40
91 76
12 74
58 6
36 61
0 86
94 91
23 64
56 82
98 14
97 63
97 44
70 79
49 17
49 83
96 88
7 93
95 46
11 70
62 41
65 4
4 53
20 83
25 3
8 96
88 45
60 9
41 4
33 36
7 76
45 24
34 81
54 38
37 56
35 46
9 30
0 35
40 97
63 37
25 53
45 62
66 40
16 92
26 98
29 52
46 82
36 24
63 22
35 28
73 30
69 89
92 86
57 82
1 8
89 5
10 58
42 44
41 45
50 62
4 46
1 29
1 64
98 67
52 68
76 98
15 64
92 0
75 41
65 71
60 88
57 57
96 85
6 27
92 15
22 63
6 19
83 0
20 19
71 6
57 17
17 62
39 1
15 50
93 76
82 75
47 92
4 37
52 57
48 69
23 88
19 91
17 67
78 28
86 62
75 1
48 97
8 60
67 77
84 4
84 55
5 74
74 79
12 82
78 64
17 30
94 82
79 11
48 18
85 45
49 20
79 65
99 9
41 22
71 63
31 81
13 45
29 5
16 3
61 54
35 85
9 79
92 71
90 35
49 52
67 10
64 44
39 87
75 32
97 98
81 92
13 81
25 49
24 93
81 1
28 69
21 11
26 70
89 53
36 67
12 34
43 86
50 12
98 61
58 84
67 4
17 11
68 57
4 35
96 91
27 55
44 8
24 61
24 77
58 33
68 90
96 50
68 11
53 17
35 98
0 74
4 42
92 78
95 89
40 66
3 66
76 94
77 79
2 42
25 9
76 28
28 64
34 94
51 92
18 83
93 57
22 35
22 47
21 91
91 67
29 33
67 20
27 37
51 39
26 22
96 81
76 19
23 67
68 12
23 43
42 46
8 91
4 65
79 36
84 23
21 26
9 25
33 95
82 57
5 8
23 41
16 26
0 57
46 5
4 51
54 45
30 34
49 63
74 57
61 41
1 69
69 36
83 54
6 65
2 36
59 58
57 5
70 39
38 7
83 8
14 99
88 7
46 33
46 57
49 78
14 75
95 79
27 65
15 74
96 59
76 10
71 14
27 4
47 86
83 32
73 68
12 87
58 23
86 58
50 50
29 14
38 34
98 52
22 78
75 73
72 41
12 9
92 24
37 21
26 75
22 77
38 81
73 89
98 6
2 41
89 28
69 53
80 1
83 93
99 19
28 67
22 93
97 28
58 69
12 65
91 30
98 64
71 28
89 57
7 18
91 45
49 58
85 24
6 28
6 2
10 66
34 79
54 11
13 44
26 86
9 89
20 13
73 58
40 12
6 63
43 67
12 63
32 87
62 16
73 85
55 29
8 48
14 81
82 97
24 91
74 8
47 8
26 44
12 22
75 74
73 52
85 33
69 71
87 95
83 96
60 61
17 16
81 61
32 45
92 94
22 25
47 22
71 96
90 65
19 37
6 24
50 79
88 57
54 87
32 70
30 91
72 72
90 51
24 9
68 83
10 71
13 96
68 21
67 36
77 89
60 36
1 9
2 56
46 63
60 25
84 28
32 25
39 89
82 64
44 10
61 70
0 0
99 23
38 64
79 47
78 66
15 57
76 41
99 67
33 70
40 93
62 6
65 87
92 47
3 55
55 47
64 13
10 43
45 68
41 33
94 3
74 18
71 83
24 85
81 23
25 68
89 0
12 24
35 45
20 8
79 19
61 72
62 67
80 48
80 13
42 76
72 5
87 12
41 51
78 96
71 65
14 68
67 57
47 38
19 75
62 10
38 74
16 41
65 98
17 52
23 76
94 14
62 35
43 46
9 93
81 55
96 79
49 41
68 8
73 9
92 31
58 96
37 4
57 64
32 99
77 56
25 58
61 86
79 70
18 57
22 98
90 16
30 8
88 69
1 1
3 22
23 48
38 82
47 27
30 26
79 16
68 70
46 75
26 80
95 65
55 4
57 49
74 83
94 2
16 83
17 32
21 57
12 44
79 26
67 32
82 52
2 72
81 90
61 47
41 55
63 77
99 64
91 54
22 11
88 50
31 68
26 29
84 17
85 4
36 26
66 33
25 66
55 14
57 73
26 56
94 68
17 87
15 75
6 84
59 85
94 40
81 37
76 29
84 76
61 39
11 52
74 29
60 19
78 21
72 71
76 59
99 98
81 47
11 63
9 16
70 86
48 52
33 77
22 66
75 2
6 8
34 71
39 29
29 34
69 67
95 68
25 7
81 0
98 43
78 67
68 88
15 42
84 54
55 1
41 93
75 78
5 89
14 64
23 46
66 19
85 40
10 74
10 53
49 68
34 42
27 69
17 97
55 52
93 39
29 41
34 62
74 35
8 29
37 52
69 80
65 47
32 75
20 82
91 15
59 56
73 11
92 18
94 37
47 32
62 95
22 40
73 0
89 64
51 96
64 35
98 3
35 19
45 95
60 11
91 19
78 55
11 62
48 95
74 22
38 24
93 93
87 56
5 91
14 22
52 21
15 70
2 86
26 32
72 4
25 84
63 84
83 84
6 68
42 39
73 84
67 80
1 56
57 77
65 96
72 31
18 3
84 51
93 66
86 26
53 11
26 96
57 16
18 50
55 64
89 34
99 83
3 67
91 44
28 21
61 85
27 15
13 87
1 40
31 14
38 37
95 4
53 44
80 64
37 3
34 37
20 59
7 94
80 7
28 89
95 58
93 0
60 52
23 78
60 37
17 24
4 5
99 39
66 48
3 83
70 20
43 19
61 24
80 67
3 94
26 25
47 39
43 43
50 24
87 84
28 87
13 73
88 66
17 63
77 33
54 96
15 68
57 52
94 19
86 87
38 60
91 64
73 13
33 58
26 4
66 71
77 42
47 70
6 42
35 55
34 32
12 30
13 97
76 91
2 2
42 74
23 85
37 33
31 70
11 10
50 72
60 94
35 63
96 97
60 15
11 93
76 96
50 54
98 98
8 26
41 76
59 3
84 7
0 33
85 78
56 74
41 92
8 81
91 46
58 28
62 43
25 5
88 58
33 62
76 78
7 97
18 36
70 88
40 60
98 82
46 50
11 38
71 34
75 65
5 79
88 65
59 49
76 61
3 49
11 14
32 90
98 49
4 85
39 26
20 88
21 5
3 6
74 39
16 65
91 69
8 87
5 13
91 10
43 48
77 39
19 3
25 97
12 58
93 74
78 86
98 21
84 61
62 21
33 32
99 58
80 0
48 8
27 38
53 26
81 54
12 11
48 68
65 84
32 73
71 67
62 8
80 86
25 67
66 24
31 27
26 51
33 8
95 10
60 26
91 14
93 30
91 4
23 36
15 6
6 94
58 41
67 19
87 80
54 19
16 89
27 7
18 8
64 47
38 66
7 28
99 77
36 30
73 37
63 44
51 0
94 87
19 29
38 85
89 70
29 65
59 43
17 50
54 25
18 14
68 29
98 42
4 98
20 30
76 26
66 37
51 83
55 32
73 25
8 39
48 26
12 33
47 81
76 53
61 75
79 18
66 11
76 55
41 12
69 24
3 21
24 98
64 37
48 22
11 40
12 35
39 12
64 45
68 19
54 29
38 25
55 73
80 14
14 92
41 41
23 74
92 72
45 0
80 24
91 82
1 7
69 63
32 88
70 48
17 25
87 65
70 67
27 62
85 35
75 77
91 32
18 0
87 99
73 41
15 31
60 84
36 87
68 48
29 62
82 82
63 79
91 83
23 1
86 60
15 55
81 2
77 57
36 65
45 31
50 83
91 84
65 88
26 7
80 47
35 76
69 34
17 35
9 50
6 17
94 38
37 30
35 6
33 16
77 52
57 37
30 64
74 70
82 60
60 63
15 89
84 75
26 68
62 47
67 22
51 57
86 65
21 40
30 21
56 15
73 50
29 16
18 25
80 98
17 7
91 23
43 30
44 40
38 95
4 41
6 57
67 75
53 39
91 37
1 60
94 49
36 57
30 10
80 12
56 0
40 92
95 15
43 0
6 9
47 6
26 47
48 29
16 58
33 81
54 84
81 13
81 80
45 28
1 79
36 99
75 83
59 5
48 57
45 25
52 74
2 69
41 74
11 50
77 24
78 2
3 11
57 51
78 62
8 57
65 33
19 21
37 86
18 38
23 13
58 74
22 36
41 59
24 16
63 16
32 42
96 93
31 58
68 18
63 91
14 91
86 77
73 48
76 92
93 61
41 84
18 47
60 86
28 96
15 24
27 60
1 78
41 10
75 4
94 66
79 72
72 84
97 85
91 25
7 21
7 12
24 58
10 5
69 21
32 22
4 83
31 41
1 2
87 11
70 77
48 48
17 88
38 38
19 36
79 92
74 63
67 66
36 83
55 3
24 54
64 85
19 82
91 66
75 61
39 45
36 89
4 11
89 15
68 4
14 34
96 43
11 41
44 1
63 5
72 70
88 5
38 12
32 36
61 97
21 43
54 77
67 30
52 22
8 40
86 48
40 80
23 8
98 94
74 62
71 62
13 35
8 98
71 33
55 20
42 3
27 18
46 45
1 20
89 32
21 17
59 8
81 59
73 74
32 91
30 14
72 65
79 77
38 67
61 25
68 82
23 90
19 6
49 76
98 83
88 75
36 0
59 2
29 72
5 48
79 56
25 18
4 30
53 63
13 26
94 28
31 4
21 94
32 9
54 3
72 47
29 83
26 52
62 85
15 51
5 25
73 59
78 10
90 3
50 70
21 32
54 50
69 44
55 76
90 37
21 41
96 22
82 10
72 35
70 95
37 28
84 72
36 11
97 53
36 56
41 94
90 5
83 57
60 71
86 92
68 87
60 40
10 78
16 45
58 16
56 84
53 99
52 95
64 98
53 23
85 72
37 89
64 31
11 91
18 37
0 49
77 65
42 35
95 19
64 86
68 86
51 10
22 48
48 14
62 79
58 25
76 14
0 23
60 20
51 9
94 9
79 78
31 90
6 51
38 3
32 78
77 23
86 53
21 73
84 83
39 65
23 26
76 66
46 41
0 71
57 55
80 55
14 52
36 77
33 6
22 90
35 78
87 75
14 74
41 57
9 90
55 56
42 63
7 44
82 44
3 40
38 1
54 8
4 17
72 85
51 23
28 42
20 85
3 36
22 84
26 93
78 84
78 13
94 11
71 12
70 19
3 77
93 90
93 18
68 14
90 74
16 71
53 84
19 56
93 17
41 62
70 83
91 79
44 27
33 74
47 83
32 26
21 30
82 80
54 15
57 72
97 91
89 68
23 38
62 82
8 59
82 94
84 41
92 33
15 0
11 55
90 27
23 14
89 94
74 67
45 9
21 20
65 12
63 60
21 95
88 36
35 9
7 39
10 10
68 28
88 2
92 37
98 2
27 70
64 55
40 4
46 84
60 2
24 33
87 7
13 68
72 61
38 94
85 69
71 36
53 75
8 0
19 63
82 39
12 13
81 38
62 49
81 43
92 10
27 33
38 18
52 36
28 52
83 62
30 59
10 55
95 44
78 93
79 31
44 49
77 2
56 95
63 39
7 7
71 94
52 46
36 53
85 88
20 49
30 7
45 50
97 66
40 73
24 69
80 17
70 82
69 15
81 87
13 74
37 83
96 76
70 26
94 30
99 55
90 2
87 59
81 56
44 31
11 51
73 45
71 29
41 61
32 39
45 39
47 98
63 42
63 53
16 84
23 81
65 69
72 37
20 55
83 29
28 31
98 93
70 44
45 72
56 14
14 38
90 83
83 10
68 93
19 58
97 32
44 34
87 47
42 41
29 17
25 10
36 22
82 37
3 56
88 23
21 87
31 40
28 4
12 53
27 42
31 85
9 75
31 54
52 19
48 20
6 50
81 46
52 91
25 46
87 54
80 16
13 12
29 23
16 98
10 80
26 5
61 38
76 52
39 10
9 33
7 59
64 6
40 29
34 34
88 39
8 56
25 69
94 61
80 80
28 43
78 72
90 66
85 30
89 19
1 55
51 62
37 62
31 12
71 66
87 64
85 96
11 69
37 71
35 20
19 5
12 43
65 72
7 49
81 48
26 59
15 69
11 76
89 10
82 61
29 0
52 27
14 29
72 6
71 57
98 5
75 33
6 71
34 12
44 14
73 63
43 63
33 90
12 57
65 92
69 70
45 45
8 84
56 49
76 46
89 16
83 86
12 3
87 50
5 70
66 81
16 0
33 31
61 53
36 68
60 31
38 28
23 23
44 13
56 28
70 78
19 45
82 53
89 87
83 12
4 57
90 20
52 86
85 19
79 61
18 32
37 54
19 30
98 87
81 6
82 8
58 64
71 48
36 33
28 74
55 71
8 22
94 27
72 91
18 43
27 27
58 36
64 43
85 29
69 86
95 24
56 56
53 2
50 49
68 42
55 19
50 92
18 70
36 44
57 93
75 34
56 78
34 35
58 3
23 37
84 25
83 68
63 86
14 17
65 67
5 59
85 17
13 47
95 57
17 31
22 71
48 91
64 77
38 50
89 35
96 72
62 77
4 45
47 69
80 59
63 56
6 74
26 78
20 96
74 77
1 52
19 32
60 22
63 65
18 79
3 24
0 27
92 90
72 49
47 16
29 74
18 22
25 37
10 18
4 27
78 54
88 89
50 22
66 61
67 38
16 87
41 23
72 16
11 39
30 93
44 24
90 89
58 79
83 15
33 44
5 17
13 31
75 52
83 42
64 30
29 69
33 24
0 24
63 27
22 53
99 93
71 11
90 19
31 1
26 95
86 96
98 99
71 70
20 90
80 54
32 64
18 60
66 9
8 1
81 39
27 31
47 59
27 45
66 79
27 83
28 77
51 26
61 56
89 36
23 62
90 13
22 99
37 94
95 40
2 75
52 89
16 51
37 75
79 41
62 59
79 28
74 38
64 21
1 37
60 59
31 39
86 75
86 41
8 92
23 20
40 1
31 87
27 79
85 13
41 2
20 58
45 30
72 0
75 40
8 12
21 38
33 59
57 3
11 86
33 73
49 57
41 85
94 62
85 80
86 9
65 81
61 44
74 86
72 76
4 55
69 9
69 29
38 91
7 11
56 45
28 40
50 53
1 21
89 27
1 45
8 85
46 55
70 11
0 3
43 79
91 52
82 54
26 46
63 51
52 62
18 95
31 28
45 65
20 79
78 92
67 29
65 57
40 8
61 65
52 72
61 49
77 99
89 88
66 6
16 97
73 29
6 43
75 23
41 83
30 81
36 76
39 11
2 79
42 23
96 12
97 99
51 86
89 58
78 31
89 22
78 20
32 94
27 43
87 33
88 99
86 82
99 43
27 9
98 68
57 7
90 42
16 13
18 82
42 11
5 29
44 68
3 61
32 83
52 66
34 73
47 65
43 51
87 40
4 66
13 9
84 82
22 60
55 31
5 75
48 1
84 60
56 54
55 17
47 64
21 44
67 87
44 54
39 66
1 83
47 13
49 40
51 80
30 75
24 99
11 98
50 36
40 78
88 94
37 87
65 36
9 52
98 92
25 22
50 27
67 18
67 7
35 60
88 63
85 34
43 81
37 44
16 64
88 82
66 26
78 63
89 24
72 42
71 86
34 92
3 96
76 72
24 22
80 89
78 68
70 89
51 73
9 67
16 42
3 52
76 7
3 38
96 34
25 88
72 18
68 74
71 35
10 75
45 92
13 65
81 98
2 44
54 59
36 91
75 79
90 81
0 8
24 74
92 61
17 61
28 47
45 94
8 25
98 75
45 19
2 97
97 49
80 21
60 4
4 23
27 88
48 33
78 57
17 27
4 77
90 63
47 15
43 28
12 7
65 34
12 77
36 70
22 97
29 59
7 2
87 44
73 21
7 19
86 64
17 19
80 65
49 73
77 53
49 27
34 23
51 47
10 54
85 51
79 93
65 39
13 84
17 68
74 88
71 51
60 79
1 46
34 56
79 44
61 91
43 69
6 77
70 9
37 79
29 77
72 57
48 30
75 89
37 43
68 50
86 81
76 88
84 37
33 55
9 95
71 8
7 14
45 7
53 54
89 62
16 72
67 73
0 7
95 27
76 48
10 20
90 98
60 56
55 83
99 32
19 60
91 55
87 32
3 30
39 67
86 6
70 41
77 25
52 54
67 76
50 63
4 76
19 28
76 2
6 13
19 35
23 51
13 17
91 97
18 40
73 81
77 97
9 48
5 43
12 39
18 26
32 57
74 45
95 52
52 80
5 93
40 10
20 99
14 88
43 40
24 46
39 91
99 62
6 53
13 98
74 91
36 31
31 92
20 32
83 99
4 61
6 66
80 71
24 68
41 16
82 50
87 20
95 48
95 63
91 17
84 77
97 40
0 69
22 22
44 84
47 24
8 86
20 69
14 71
65 5
0 44
99 95
54 95
42 47
78 42
5 21
81 36
1 59
99 5
14 28
92 27
98 1
83 30
22 1
66 29
90 22
62 15
32 69
78 5
92 6
15 14
85 32
90 78
84 63
59 26
86 85
42 82
80 23
80 28
37 51
63 74
34 1
90 56
47 57
4 26
67 5
66 0
48 7
7 91
49 0
52 35
91 20
4 6
20 70
19 77
90 77
84 32
89 96
99 56
19 81
90 30
47 58
11 1
2 50
49 14
61 5
55 43
68 49
69 6
19 59
21 8
74 10
21 92
35 54
58 99
62 57
78 71
26 12
30 40
79 80
41 63
78 94
51 7
60 77
50 32
13 67
20 71
11 33
66 85
87 23
63 58
17 17
12 84
19 73
81 76
29 46
35 58
0 12
54 18
88 25
94 8
32 41
18 62
41 78
9 58
58 67
1 91
23 57
17 51
49 23
23 6
20 48
23 61
1 93
28 41
42 19
49 50
19 79
59 72
52 53
87 35
3 0
82 73
40 14
33 52
58 80
18 54
73 19
6 48
52 16
60 23
30 9
4 24
86 95
76 62
55 98
76 13
50 84
72 79
71 61
32 16
48 93
25 6
52 11
0 38
24 50
64 12
94 58
33 92
11 87
16 88
52 69
66 82
33 20
59 41
20 64
63 12
70 33
56 30
73 67
82 3
20 57
62 4
78 50
65 48
36 42
9 54
24 23
46 19
57 47
29 29
4 34
81 20
24 71
33 14
93 41
38 35
74 43
63 45
46 89
90 92
97 69
16 46
8 11
30 18
39 55
4 97
24 32
17 28
4 99
79 8
43 27
92 79
33 22
58 14
22 73
5 51
39 23
92 58
14 23
78 30
63 43
79 86
54 61
9 98
93 32
65 74
9 44
51 28
32 21
95 25
52 96
43 4
33 0
5 99
44 75
64 9
85 50
4 84
5 60
27 63
0 28
94 56
11 26
19 70
63 1
76 90
99 25
41 80
39 95
73 5
55 57
70 46
7 24
31 66
97 51
59 44
13 49
80 76
65 82
85 1
67 85
34 58
11 27
58 1
54 35
8 63
0 78
28 95
21 80
43 52
20 56
31 89
83 27
97 27
30 76
73 64
73 7
47 76
60 6
83 34
45 48
90 38
75 39
60 75
30 70
7 3
43 50
72 52
21 0
42 59
51 88
4 67
45 91
18 35
98 16
38 83
11 74
91 78
16 38
72 12
32 35
35 8
34 83
20 15
91 65
62 14
77 28
61 63
43 90
28 83
64 56
56 31
13 62
73 51
97 87
52 0
39 79
10 91
72 77
98 18
30 51
63 15
56 39
59 88
6 86
92 49
2 17
60 5
98 97
1 57
0 37
92 81
43 13
18 94
70 34
64 91
12 97
16 32
68 41
24 70
42 37
33 5
47 97
11 82
75 19
92 67
21 21
44 48
99 51
13 75
59 89
10 87
71 72
88 41
27 36
89 98
33 12
25 2
41 52
77 49
82 2
46 43
69 35
81 4
64 18
9 4
88 28
12 47
11 77
31 80
23 55
97 79
10 44
53 21
54 0
9 14
70 25
58 68
92 66
13 70
54 90
91 75
27 93
87 8
96 92
14 25
26 13
37 82
67 33
75 35
2 28
64 17
5 52
5 85
92 51
68 10
44 22
39 38
7 98
71 18
43 20
49 84
83 70
86 88
87 3
98 41
83 88
46 6
80 5
59 24
49 92
19 0
41 66
43 14
4 32
51 1
14 86
93 52
68 35
9 65
78 16
4 33
74 32
29 54
74 75
2 11
24 13
95 96
1 30
67 8
94 44
44 89
45 37
85 81
16 2
62 83
2 81
5 10
36 75
88 53
82 36
23 54
45 59
98 45
40 42
80 74
46 87
23 21
0 47
54 27
59 12
12 0
47 94
51 58
29 64
97 25
55 7
60 69
3 99
1 71
40 22
58 29
88 74
82 24
65 20
23 33
32 67
90 40
61 89
88 9
88 15
10 98
66 13
16 77
37 77
38 57
61 60
50 98
77 67
64 28
7 86
63 6
35 14
53 76
32 58
22 19
94 93
68 76
34 87
48 81
88 79
60 58
77 35
59 6
67 78
89 75
58 77
94 24
34 11
59 68
72 66
77 86
34 74
74 44
44 69
41 49
75 6
36 52
46 34
16 75
57 62
91 61
84 46
55 95
41 5
38 15
85 46
88 87
19 10
9 47
0 31
61 73
18 56
96 30
12 72
83 4
4 4
37 12
75 11
89 55
68 81
14 44
83 58
61 71
66 31
77 55
32 51
51 12
66 78
2 98
5 58
99 80
39 22
60 16
51 89
55 99
63 96
29 27
64 71
83 14
29 92
83 26
40 44
77 41
38 65
51 35
19 83
56 76
46 53
84 11
93 13
41 69
34 90
45 97
74 51
99 84
14 48
90 59
50 87
7 26
78 1
17 8
77 21
21 16
69 60
7 68
79 49
84 52
27 98
58 13
11 11
28 38
96 29
13 33
67 28
51 43
17 40
42 62
49 1
60 67
95 31
21 15
68 65
34 91
52 43
79 75
27 85
81 60
33 21
42 68
1 77
88 40
38 39
29 30
1 6
10 92
85 70
37 70
13 10
13 93
70 10
8 21
65 52
39 21
19 31
54 71
56 43
45 77
74 68
16 39
59 29
2 45
43 38
13 32
64 11
30 68
88 10
16 37
87 30
40 98
65 78
20 51
99 38
12 21
31 51
46 0
98 46
48 10
34 10
86 11
69 4
99 49
61 29
9 85
0 55
48 41
13 22
89 11
29 7
39 84
4 59
6 4
29 95
14 61
67 59
22 16
66 83
41 28
17 98
8 64
90 90
31 45
81 99
26 49
10 46
89 29
74 94
88 93
64 82
58 53
4 18
21 46
48 32
12 78
0 97
43 58
60 78
77 82
18 96
67 6
67 95
84 93
76 44
3 35
68 84
43 78
55 74
22 68
77 38
59 86
51 78
11 36
93 44
86 70
93 46
33 76
21 7
2 5
20 43
8 95
27 14
45 64
31 86
63 35
4 28
23 86
27 57
40 39
31 35
76 25
10 60
77 98
85 5
86 42
10 89
91 94
37 60
56 5
48 61
12 25
2 24
27 90
32 28
65 32
84 97
29 39
86 51
42 55
57 61
12 99
18 31
98 63
63 71
12 23
71 88
74 82
65 18
55 49
30 96
15 47
5 45
77 29
13 79
99 68
52 55
6 76
10 82
69 52
93 1
17 53
57 88
94 41
8 75
81 27
98 35
31 37
7 52
11 6
98 80
25 63
76 79
27 68
29 26
72 53
64 25
91 18
24 15
8 54
10 35
69 88
30 69
96 51
25 44
55 96
96 41
31 38
27 47
21 31
69 54
33 13
54 7
50 99
18 98
24 59
2 8
20 86
62 42
27 99
44 66
83 45
66 5
87 69
87 48
32 66
7 34
58 83
23 0
94 63
82 62
23 15
21 62
72 88
65 83
0 30
15 96
84 95
25 23
67 1
83 89
52 33
70 63
24 29
38 0
43 94
51 74
10 40
25 26
65 26
28 73
16 27
61 93
26 37
62 84
24 45
18 89
3 2
31 17
73 6
58 2
43 64
92 16
37 68
57 75
60 7
14 7
76 20
47 7
59 10
62 9
91 28
81 74
95 94
40 62
48 23
21 85
21 98
10 24
48 38
91 35
7 96
5 88
62 70
71 41
38 10
17 81
96 3
77 46
93 83
54 99
86 98
26 60
20 6
95 49
7 69
75 72
6 36
95 84
22 0
11 29
29 71
96 46
27 97
52 70
69 5
74 52
9 24
33 33
72 7
8 78
29 68
90 72
7 42
12 6
77 54
19 89
79 60
35 41
94 20
63 93
69 23
31 95
47 53
93 21
14 55
13 3
34 88
14 11
70 80
68 13
81 12
96 37
96 64
72 63
28 81
58 8
60 27
57 91
66 47
23 17
30 54
8 41
87 68
57 67
19 86
68 24
26 62
58 71
51 2
41 48
52 65
66 22
74 34
45 75
31 79
7 78
11 67
45 41
51 84
29 19
86 23
48 25
80 88
18 84
10 85
55 79
27 78
5 3
39 35
84 47
21 19
38 75
79 32
8 88
81 49
30 28
42 72
62 73
39 74
55 18
68 47
76 67
18 39
73 39
28 70
15 77
49 28
69 72
82 81
83 39
13 94
24 18
96 71
7 99
29 15
25 35
1 90
39 3
57 9
88 96
84 34
91 36
56 29
46 11
58 57
82 98
38 22
46 36
59 97
5 2
64 59
49 37
59 4
19 55
63 28
40 81
18 71
75 14
40 51
61 7
34 38
75 82
74 3
63 29
25 34
24 17
92 28
52 18
22 81
58 72
68 15
5 26
20 2
40 70
6 22
70 71
81 17
13 58
48 15
72 69
44 25
11 9
27 6
82 11
67 90
83 31
24 64
27 72
49 42
57 85
84 48
72 27
95 88
78 7
28 6
74 1
62 56
80 31
21 52
84 2
22 7
17 56
64 24
33 88
75 47
10 17
4 68
92 93
61 23
73 83
60 24
53 8
35 25
37 99
56 46
63 81
52 17
40 13
69 49
43 37
0 51
13 52
64 72
77 32
2 68
52 1
10 39
80 29
79 40
85 16
87 82
83 38
33 89
69 81
11 96
47 44
51 68
55 38
8 16
16 36
9 81
13 40
73 98
72 2
41 99
15 18
64 67
3 31
90 71
84 5
93 14
77 26
82 68
64 42
14 8
95 17
88 98
68 44
31 15
10 83
86 50
71 20
68 30
87 41
3 88
84 62
59 13
3 7
24 43
27 84
47 3
86 86
86 14
65 15
74 60
17 95
90 80
58 20
59 11
59 55
47 37
6 70
67 35
67 45
42 51
64 5
8 66
89 63
99 21
42 16
26 26
15 93
64 58
51 41
44 56
64 4
96 54
47 4
16 86
4 88
30 60
82 90
69 96
30 67
88 77
34 24
38 68
48 63
74 12
95 39
79 13
88 3
30 77
32 82
64 74
26 90
98 33
58 49
61 84
90 7
63 68
22 62
81 69
76 71
90 79
46 56
33 41
62 1
40 38
55 24
5 62
49 11
42 96
81 63
46 90
83 43
66 53
7 31
95 26
15 58
46 35
76 49
76 31
93 35
43 87
98 70
23 80
51 55
73 36
49 19
53 7
80 75
49 34
72 87
66 68
6 67
76 54
42 5
63 49
49 91
19 94
78 77
27 35
6 96
30 47
68 0
50 81
53 49
86 66
49 82
89 20
63 97
33 4
95 20
43 18
42 89
54 97
85 9
54 58
62 76
19 17
86 16
10 67
70 15
5 94
67 91
71 46
59 50
10 23
98 62
74 92
46 46
76 32
88 43
2 70
44 51
94 43
63 25
17 1
59 74
44 37
53 82
17 9
15 65
84 59
87 78
65 79
91 86
48 45
37 29
14 98
58 32
56 26
35 89
32 32
51 90
66 35
13 63
85 23
92 82
65 85
37 84
85 67
55 69
74 17
7 92
67 61
24 38
77 80
21 12
77 50
80 56
50 78
22 64
53 22
61 26
27 48
2 40
79 5
44 57
17 13
43 7
63 94
17 80
1 38
90 33
96 83
67 88
56 3
21 61
52 28
39 99
26 54
20 17
50 89
82 70
10 8
85 26
50 85
77 60
95 55
63 80
21 99
64 33
2 57
22 56
79 48
79 50
73 14
53 10
53 69
52 45
63 41
42 75
46 60
84 14
58 40
21 86
37 17
2 95
60 46
49 31
38 79
92 7
3 26
2 10
93 69
8 19
92 48
82 34
73 10
32 40
15 3
54 21
84 8
92 8
31 65
11 61
38 49
61 78
6 26
84 78
32 20
33 51
52 94
27 54
82 35
88 20
70 98
92 32
53 30
65 80
7 58
56 94
37 91
31 8
90 96
96 80
16 49
91 41
64 10
47 42
46 69
86 76
92 42
10 94
46 92
29 63
15 36
18 51
66 15
2 19
69 84
9 1
36 38
18 99
14 45
67 16
61 36
51 30
1 49
36 88
83 92
66 55
82 40
31 99
63 17
69 16
65 65
61 99
59 77
27 49
89 47
73 32
80 27
17 3
1 3
9 77
65 50
25 4
59 37
11 92
13 19
9 42
93 70
38 77
15 34
34 19
8 49
72 81
70 51
43 68
51 24
70 76
94 88
11 37
24 41
68 43
64 22
53 6
41 96
35 81
11 16
8 65
47 73
7 41
53 46
36 46
72 40
89 2
30 22
36 5
93 3
26 84
9 60
74 28
12 48
95 67
41 7
24 86
57 23
88 22
92 35
83 6
22 17
55 34
64 83
84 0
62 86
55 15
77 22
60 85
84 84
56 8
35 42
10 63
38 61
42 40
74 26
74 27
88 37
88 73
31 33
29 49
80 49
44 3
89 44
76 35
36 28
0 92
3 91
43 98
53 93
41 81
38 40
82 43
63 21
65 29
46 26
61 4
44 78
73 76
26 9
30 20
25 29
38 16
87 27
15 72
14 70
84 81
45 85
3 19
25 21
80 85
54 34
32 34
95 97
93 91
68 3
90 25
26 42
1 31
62 44
95 80
89 83
15 28
82 76
39 39
36 20
36 79
37 24
31 93
83 53
28 19
27 24
53 79
97 50
91 51
80 79
66 7
98 20
63 26
58 42
68 54
64 36
3 45
38 78
13 1
57 35
94 67
77 92
61 22
38 9
8 58
28 57
57 53
64 29
35 72
82 1
99 4
69 51
6 72
85 14
62 87
76 3
62 12
15 25
86 47
72 92
85 77
76 95
14 82
46 80
21 96
26 24
18 81
17 93
63 72
20 46
75 55
73 42
52 25
0 29
87 92
17 0
9 22
22 91
50 18
66 73
0 21
65 70
44 36
57 14
30 99
64 1
33 17
72 58
65 66
54 41
94 25
77 74
81 51
7 36
6 38
35 7
19 69
98 7
20 47
28 34
3 23
73 35
26 85
92 83
90 39
93 34
24 8
60 97
27 32
12 46
25 94
25 48
36 18
79 67
84 9
28 91
49 95
49 96
55 2
58 87
38 48
57 69
49 88
2 90
9 88
74 96
38 51
25 16
95 11
53 87
5 57
72 36
5 44
64 3
26 1
9 69
9 9
6 55
30 15
86 31
49 94
44 92
8 32
42 50
54 49
29 78
74 76
43 61
2 66
69 62
4 58
50 64
80 26
13 15
13 55
36 25
24 49
31 32
32 30
29 53
11 47
91 27
96 53
94 89
50 37
38 5
43 65
58 10
89 31
67 12
53 31
99 89
66 17
99 45
59 19
99 86
56 88
39 19
58 55
29 47
75 29
63 4
97 3
66 18
89 23
78 36
78 25
76 60
16 29
34 61
60 47
95 0
61 32
65 30
45 56
18 13
44 4
7 25
13 71
45 11
27 10
37 85
27 59
51 67
10 38
35 83
5 30
40 37
87 15
84 1
64 75
53 88
88 0
42 29
92 1
13 7
34 47
10 14
53 16
26 18
21 83
37 90
48 55
41 17
98 51
51 50
58 90
8 13
27 26
72 11
35 56
74 21
14 77
75 24
75 22
11 19
44 7
18 69
79 96
94 17
92 89
70 94
47 19
17 48
98 13
84 35
94 0
57 4
39 78
8 67
30 53
25 72
74 46
21 97
44 44
82 38
65 64
42 83
65 38
39 32
87 76
16 67
20 39
86 74
39 90
80 95
96 9
83 87
15 84
63 33
35 61
7 9
65 77
70 18
42 64
54 6
87 5
12 83
17 21
35 39
69 17
22 89
5 69
67 54
71 49
73 16
89 95
11 2
76 81
70 66
17 6
20 65
31 72
37 25
37 59
70 74
63 40
79 87
38 98
71 55
91 88
10 79
97 36
44 19
71 76
56 87
46 37
53 86
84 96
89 3
61 46
51 38
46 94
23 25
26 65
27 5
94 6
7 29
51 82
5 66
37 97
40 20
33 79
35 49
97 13
95 35
54 86
56 35
55 6
37 18
2 22
47 91
77 78
86 34
1 85
67 93
21 50
78 11
45 47
91 47
84 70
34 48
96 47
18 34
87 72
34 3
10 12
9 8
76 77
66 1
91 57
2 80
51 15
67 60
53 95
76 58
42 84
22 51
77 81
95 41
28 27
9 32
69 19
93 10
52 90
0 48
5 1
65 41
64 41
91 6
57 8
1 61
63 63
94 86
28 88
42 28
74 61
28 7
42 8
18 42
31 23
26 67
74 20
34 20
99 46
13 21
99 82
73 91
54 47
34 76
71 58
31 73
29 28
70 6
14 66
28 97
35 22
22 94
86 43
92 64
44 65
84 80
0 14
50 61
52 49
89 97
56 91
62 66
98 28
10 9
37 61
48 0
62 40
19 74
29 79
85 71
22 80
1 24
15 78
39 96
59 60
64 95
62 7
54 91
23 2
31 24
70 12
99 40
36 37
14 69
85 31
92 5
30 31
36 7
32 92
58 4
73 8
3 80
84 27
56 50
9 63
70 37
39 40
71 10
84 94
91 40
57 54
9 49
42 34
37 74
64 40
78 32
17 92
64 0
42 14
43 80
46 21
2 65
67 9
5 80
50 39
81 70
18 66
26 14
39 97
26 30
29 67
63 20
48 76
43 97
31 0
80 78
77 59
74 33
12 64
87 37
69 94
11 24
94 32
3 71
24 63
23 31
1 18
88 51
2 93
39 92
54 68
90 15
48 11
41 75
86 0
99 12
92 57
73 23
72 45
51 75
98 79
6 92
85 91
63 64
37 58
9 5
0 2
0 95
11 23
15 76
32 84
45 22
36 43
21 88
43 92
75 95
10 77
53 19
55 10
49 21
87 43
22 21
83 97
42 22
44 64
96 74
81 65
97 97
87 83
48 86
30 79
19 18
2 25
0 34
35 51
89 52
75 21
27 74
4 8
55 39
86 8
68 51
92 77
75 56
7 27
20 31
0 63
58 43
12 55
24 12
81 83
43 39
30 38
25 96
2 18
66 89
40 32
60 39
40 95
36 32
82 83
9 17
93 84
84 13
22 65
96 10
43 59
86 52
73 79
36 97
41 88
59 83
26 88
10 19
87 67
77 51
39 85
10 11
79 0
66 49
60 38
53 58
2 96
15 40
41 89
14 47
1 12
45 58
21 90
93 15
18 28
76 9
3 89
34 77
98 72
54 80
86 28
67 50
45 63
89 76
45 35
94 77
18 74
33 40
42 73
34 29
44 38
33 18
4 92
75 50
4 10
84 24
18 49
0 96
87 71
90 36
20 36
92 22
7 46
39 24
32 2
96 61
31 34
82 16
90 95
40 40
11 94
79 34
68 34
29 25
34 53
98 39
86 29
89 43
28 3
26 69
2 54
86 94
33 98
64 70
50 69
33 72
89 30
97 83
29 91
99 31
99 41
15 19
71 59
53 92
89 38
23 89
53 45
42 65
54 66
69 82
69 28
18 33
45 90
42 71
84 16
22 86
77 90
56 98
68 20
27 23
53 43
18 88
7 38
21 2
48 28
8 5
93 40
61 59
84 73
19 57
89 26
13 4
33 45
31 11
16 74
47 96
83 79
47 43
43 99
55 28
95 12
99 0
5 49
5 86
10 29
41 97
92 4
56 90
24 82
45 93
17 82
82 55
48 5
8 47
82 87
12 68
73 87
7 80
42 6
14 65
8 74
6 46
21 64
98 65
8 90
90 67
89 4
41 27
13 69
64 93
77 43
68 80
81 7
46 32
51 60
21 47
81 95
66 64
42 58
66 3
28 14
62 26
54 33
69 75
3 46
78 53
26 66
31 50
67 26
41 54
14 41
95 76
76 63
69 97
60 60
72 10
47 51
85 86
60 0
91 53
72 38
90 68
98 19
35 44
11 35
81 71
33 86
48 42
10 95
5 46
15 83
63 31
61 74
60 91
40 17
14 90
12 90
25 91
14 51
2 6
77 13
14 39
28 12
45 34
77 40
78 26
53 29
11 66
8 46
65 60
97 54
84 31
52 81
12 54
66 88
37 92
79 43
35 90
87 17
55 42
80 97
34 9
91 21
78 95
42 69
67 46
29 76
12 59
30 46
38 14
33 78
26 43
72 75
25 86
71 93
80 38
62 32
4 63
33 54
15 7
82 78
90 50
86 68
15 37
80 39
65 8
75 27
71 39
35 70
71 44
44 90
95 64
6 60
25 70
65 16
20 14
89 46
44 70
28 82
2 78
77 73
34 7
81 45
24 25
4 56
74 40
97 42
10 48
1 96
39 64
66 66
22 88
49 97
99 48
76 5
44 33
31 29
11 60
66 87
46 9
3 84
84 64
80 51
76 27
79 94
24 97
38 54
88 21
85 74
42 57
61 67
95 6
46 86
86 79
75 59
2 61
91 48
44 52
11 3
59 64
62 62
48 35
40 69
80 41
42 97
37 22
8 77
74 6
34 66
32 29
53 0
88 19
4 2
82 58
9 36
50 75
90 70
18 19
7 0
12 73
93 58
56 62
89 72
38 36
41 79
39 59
85 82
54 26
30 42
85 92
83 67
74 16
68 37
19 62
32 53
87 18
90 31
29 44
86 84
33 68
40 0
48 83
5 63
66 51
17 71
95 38
77 19
86 40
31 48
92 73
85 94
94 13
29 18
13 28
95 47
35 15
58 95
35 1
75 3
47 5
13 36
20 20
4 43
18 18
88 12
8 80
19 34
4 60
20 74
92 97
23 32
15 35
68 72
87 61
59 61
95 59
54 56
40 24
99 7
22 85
52 59
55 9
44 2
3 25
58 0
15 22
29 3
77 9
79 24
86 27
24 83
38 41
46 39
40 48
13 38
4 73
47 90
82 30
11 95
45 21
88 17
25 51
7 72
26 82
42 36
84 40
97 77
82 4
50 93
29 48
31 94
92 54
53 66
81 82
96 75
86 38
80 50
9 15
79 37
34 22
38 23
39 7
69 14
75 54
99 2
55 11
95 2
55 60
94 15
90 52
61 92
75 71
96 16
6 52
82 89
93 68
24 10
74 81
82 23
56 19
94 83
70 17
75 17
81 81
95 56
54 24
14 58
2 9
17 43
42 52
30 16
84 53
71 37
50 82
13 86
87 74
59 80
42 0
0 75
28 26
31 97
1 5
40 83
96 42
75 85
28 99
70 38
79 1
46 79
94 95
88 70
80 4
14 54
15 26
79 98
12 71
7 8
66 84
78 73
83 17
19 53
62 5
41 72
66 76
81 73
73 18
62 51
37 65
47 78
75 92
96 27
77 70
62 38
68 60
2 94
56 89
10 69
91 12
84 42
28 28
55 54
87 46
6 73
95 85
26 3
16 9
82 92
14 72
54 70
55 77
48 60
99 42
78 87
15 91
2 16
91 62
51 51
75 8
72 26
2 89
2 74
80 70
43 32
19 39
47 25
54 20
87 52
50 43
7 66
55 82
35 77
78 98
76 21
72 1
50 71
68 94
58 73
92 43
92 92
42 32
10 0
3 8
36 63
87 90
7 89
69 10
22 87
56 73
45 26
41 67
6 49
29 99
33 3
22 3
59 45
7 37
12 85
56 55
65 54
44 45
17 73
12 81
62 54
16 79
20 52
70 60
10 37
7 40
55 33
86 83
69 66
85 66
34 63
39 86
45 43
66 10
12 96
82 42
35 64
21 72
33 93
72 78
25 40
68 98
87 16
72 89
97 1
9 27
46 18
50 96
6 88
70 3
87 62
54 55
13 14
83 77
93 60
18 44
89 78
25 27
8 93
0 36
76 45
22 61
9 84
85 97
54 31
26 61
61 21
74 23
99 57
18 58
67 25
49 35
37 47
55 68
36 64
77 0
71 80
28 23
78 91
78 83
49 77
64 34
17 70
35 32
68 62
96 63
21 69
84 69
82 33
21 60
30 6
83 73
78 89
49 90
13 34
38 80
0 66
88 62
86 13
50 95
5 40
2 67
36 58
35 88
75 38
9 7
81 50
28 11
88 91
85 87
14 36
10 96
86 5
86 12
28 78
99 26
82 41
90 73
53 48
52 88
76 12
96 7
6 44
6 34
22 14
57 32
41 29
30 0
77 88
82 22
74 14
8 44
36 59
55 0
35 94
0 62
12 51
67 34
8 52
64 16
25 89
4 15
14 79
56 48
53 52
9 73
46 81
94 76
18 5
92 36
94 96
10 61
28 80
80 77
73 77
44 11
45 32
39 63
29 40
47 79
7 22
23 77
5 78
68 85
78 40
4 74
23 18
31 88
58 85
77 83
66 52
21 70
64 64
83 21
33 47
13 8
67 82
85 6
41 26
15 87
58 5
28 33
63 59
67 43
48 94
22 54
98 96
36 1
99 22
6 69
84 98
4 91
68 55
81 44
68 77
21 35
62 22
50 5
38 2
77 10
52 56
75 96
49 85
69 0
50 47
8 9
73 4
13 56
48 72
91 59
90 47
3 48
86 33
48 34
60 10
40 63
6 90
55 91
34 98
60 13
50 13
72 50
49 29
28 29
26 89
59 51
83 85
46 99
71 91
60 49
72 17
23 71
97 93
32 93
95 18
49 70
32 12
8 37
78 58
94 54
9 62
29 58
25 14
32 95
25 82
56 77
53 28
97 88
55 21
0 19
66 43
73 22
46 83
44 53
49 39
87 93
34 13
2 52
82 51
23 96
46 30
34 15
45 18
33 87
15 30
79 97
47 63
40 86
85 52
34 99
43 8
55 84
43 73
32 15
67 79
52 77
96 84
99 18
57 43
51 42
14 31
58 34
11 48
82 72
16 50
36 39
42 80
92 96
55 48
79 95
52 9
15 97
51 37
95 5
96 55
84 66
63 46
37 1
7 84
66 32
5 96
51 45
53 12
35 59
72 59
93 79
44 81
89 40
41 6
71 13
18 41
79 39
65 14
55 89
24 27
35 79
45 27
45 73
36 51
64 97
73 60
79 6
83 91
93 9
26 31
54 74
84 87
89 9
76 23
85 84
7 17
51 79
15 1
36 50
40 45
88 6
61 80
63 92
11 54
12 75
48 89
61 35
34 69
70 70
64 63
25 1
31 5
47 80
83 28
4 50
48 54
71 25
44 67
76 17
97 30
70 2
8 10
40 61
18 48
49 49
17 57
63 78
52 75
32 11
43 47
50 1
19 68
94 5
30 43
30 37
25 78
82 95
22 57
32 18
37 6
41 25
15 67
29 12
44 43
9 41
57 15
64 79
53 41
9 56
50 67
17 76
69 12
12 17
61 61
92 19
83 63
27 73
33 48
13 99
43 41
29 97
14 24
14 96
5 84
1 82
20 40
95 73
42 10
59 7
30 19
99 34
6 47
57 84
78 23
51 46
5 27
22 74
40 15
19 44
67 31
23 44
22 46
19 87
41 77
45 78
72 55
99 37
12 45
65 45
2 35
54 23
23 69
25 73
88 86
3 15
37 88
54 17
53 89
52 8
96 96
34 16
61 45
37 98
16 60
44 17
3 44
24 62
70 97
61 94
17 90
88 48
95 83
47 77
13 92
23 47
53 53
46 95
78 65
24 95
0 25
10 86
12 31
46 98
91 72
74 11
69 39
38 44
41 42
29 84
59 20
93 53
90 24
78 78
18 10
98 17
19 52
23 73
42 9
56 10
49 47
32 47
27 76
79 17
52 6
32 52
23 72
50 35
63 52
0 43
24 79
20 45
60 76
73 71
10 6
65 13
96 11
23 28
14 12
53 71
98 77
93 64
48 78
63 82
61 88
80 2
75 43
33 9
24 57
66 50
14 63
91 58
11 90
3 53
93 16
64 19
77 84
18 97
87 24
42 53
20 62
28 2
52 41
82 9
76 87
24 31
91 90
13 20
14 1
40 74
49 10
81 89
35 71
24 39
10 76
42 67
13 24
64 32
33 25
59 75
67 27
64 99
61 20
99 6
58 92
97 39
91 39
45 81
88 1
19 54
22 95
42 20
43 95
36 40
87 1
16 68
74 72
6 98
60 42
13 53
22 92
60 1
84 68
80 40
44 50
7 83
85 68
29 56
31 82
30 48
98 29
69 48
24 52
4 96
37 50
93 48
2 53
27 46
60 33
20 68
14 87
88 42
68 58
65 2
59 15
25 39
96 19
52 85
46 42
78 43
79 10
70 14
47 47
1 70
2 12
6 37
34 93
53 80
97 80
85 36
14 83
35 35
3 43
51 70
21 82
60 72
63 24
29 21
95 70
1 15
79 73
11 72
60 30
8 89
53 94
74 89
1 17
7 20
37 67
38 87
17 15
17 10
93 33
71 23
66 59
30 17
38 11
30 32
55 30
5 19
33 11
34 25
49 2
40 2
27 53
17 26
76 4
82 19
60 34
79 20
78 17
94 71
60 43
54 4
45 20
98 32
30 97
66 99
49 72
19 84
48 16
46 23
45 79
34 60
5 23
58 30
35 97
70 65
81 75
27 89
60 29
84 26
69 61
45 61
60 8
68 66
66 44
63 0
27 17
22 27
6 99
51 76
56 96
69 87
93 7
66 70
73 94
32 85
71 22
26 33
52 58
7 33
61 16
92 84
74 71
50 23
99 63
7 48
22 83
8 6
36 82
53 24
3 73
48 56
48 65
12 86
40 6
0 84
3 4
18 64
11 80
78 46
55 67
89 99
59 57
66 72
90 18
19 43
77 87
95 14
38 55
50 8
15 88
19 24
46 17
92 70
39 82
96 45
27 75
98 34
31 22
56 75
23 35
93 54
27 22
74 66
36 96
7 70
93 24
73 66
45 6
98 38
59 33
62 88
15 29
15 41
71 45
70 50
24 80
12 5
76 37
82 21
78 22
59 25
54 54
55 80
89 56
63 30
78 24
5 28
93 97
64 20
47 89
49 67
42 42
51 22
94 4
35 13
70 22
92 68
66 75
32 43
20 25
0 50
7 57
20 54
50 44
26 92
39 6
65 31
87 28
31 31
82 32
71 4
89 93
48 67
33 99
28 85
84 99
25 90
98 40
6 21
76 68
59 96
32 4
2 60
41 60
4 70
98 25
73 27
36 23
74 47
36 81
77 45
67 0
33 56
71 97
29 94
1 50
74 5
39 73
43 56
54 12
98 47
14 89
63 76
53 5
93 56
65 27
11 65
4 3
15 8
95 86
38 52
70 55
57 41
97 86
24 78
51 66
33 80
86 36
97 95
35 16
50 34
25 98
35 27
83 50
90 87
53 59
55 5
94 18
72 34
70 24
26 8
13 43
71 27
99 61
30 71
20 80
89 60
57 46
14 94
61 18
15 52
59 22
96 6
79 91
82 6
7 73
49 75
17 22
69 76
37 8
43 49
74 9
9 29
10 15
82 96
73 15
88 67
92 29
94 70
45 5
1 13
80 33
94 99
46 96
98 10
81 30
32 46
15 81
71 30
30 86
58 52
24 75
51 56
23 45
23 97
12 38
87 22
19 61
93 25
56 99
17 74
35 65
75 58
28 24
70 1
90 64
8 20
47 45
50 2
30 39
23 40
57 74
71 47
96 14
95 29
23 92
67 11
21 67
19 88
47 60
14 0
66 67
35 82
62 63
25 13
6 89
16 48
18 52
17 85
82 29
67 84
71 15
64 69
19 22
28 59
95 72
45 46
30 85
55 90
75 49
8 36
37 46
50 77
8 97
31 3
42 99
69 58
42 93
65 49
80 52
11 25
23 50
96 52
97 23
61 57
70 52
65 89
19 72
64 94
77 93
99 96
91 33
27 52
19 65
62 94
76 42
82 13
50 94
51 33
78 85
27 19
32 31
51 21
49 12
21 37
27 20
75 53
35 11
34 59
88 38
76 97
63 7
56 85
68 63
46 44
91 95
6 35
34 14
10 50
16 82
83 25
28 1
87 38
70 64
39 56
31 52
95 77
48 59
48 36
10 16
75 0
38 72
99 85
99 87
83 52
61 79
37 14
42 94
46 8
56 22
62 98
66 92
7 5
23 87
25 64
6 58
9 37
66 91
67 83
93 37
93 27
48 71
7 45
70 8
26 76
60 48
75 57
31 74
97 21
44 97
96 1
87 60
40 89
57 24
76 50
13 39
73 49
59 67
30 63
98 44
45 83
88 55
88 14
19 51
82 84
62 81
58 91
68 52
97 2
74 7
27 34
39 42
51 99
94 85
87 4
54 51
71 79
62 25
92 46
70 68
71 81
87 86
83 3
24 56
90 4
60 41
50 9
87 73
8 61
23 27
81 22
74 65
62 97
67 44
87 45
39 61
77 71
69 74
60 45
33 28
36 17
26 41
51 32
35 33
13 72
57 89
88 72
33 63
78 9
55 59
89 61
34 4
24 0
41 21
58 81
21 58
83 94
67 74
93 4
61 90
95 71
86 97
77 7
88 34
8 34
61 19
62 34
43 55
24 94
41 73
96 87
52 63
39 54
16 47
85 93
65 75
10 99
82 88
0 94
89 51
38 6
83 59
83 13
98 8
79 46
14 56
49 4
65 40
70 30
59 87
12 88
10 68
8 79
38 97
70 93
87 19
44 87
71 9
94 39
26 63
16 63
90 94
59 54
14 46
54 98
49 89
5 5
97 14
91 89
50 56
69 37
75 75
99 8
51 16
53 36
49 33
25 33
66 93
10 33
1 34
93 78
53 47
85 38
13 60
85 90
0 67
10 65
84 3
98 78
37 69
2 3
54 32
80 87
40 57
80 69
16 34
64 78
63 57
43 3
6 39
60 89
38 96
34 41
87 21
62 13
16 11
18 87
67 21
13 37
39 68
1 66
56 69
32 49
89 65
71 31
51 20
38 19
23 52
78 99
55 40
96 40
26 20
64 46
93 5
69 18
85 65
11 75
64 49
3 42
57 81
93 71
49 66
96 57
92 75
35 23
19 2
31 18
61 17
80 35
72 82
21 55
62 37
66 97
2 55
56 1
22 82
41 3
77 31
5 64
14 76
76 33
9 11
69 79
62 31
9 80
49 6
16 95
53 1
12 32
58 50
23 91
41 91
9 26
74 85
3 10
91 3
69 69
17 60
73 75
63 19
97 47
50 41
74 48
30 88
41 95
1 26
60 28
52 10
22 79
93 28
32 98
56 37
49 87
86 19
83 2
22 6
99 10
56 13
73 53
94 65
44 72
20 34
97 89
48 17
52 29
94 10
27 8
38 89
82 49
98 85
74 53
77 69
79 85
95 98
39 49
69 98
76 89
19 4
67 62
96 78
80 94
32 63
44 95
20 98
43 57
3 76
17 55
88 44
33 97
99 29
36 86
53 27
57 10
35 36
34 33
82 65
58 62
42 78
1 62
95 99
22 26
2 38
86 1
16 69
79 52
24 55
28 18
28 65
52 79
50 14
18 67
70 0
43 23
4 89
46 16
19 47
19 38
0 32
83 81
89 12
85 18
55 53
52 40
81 85
90 82
64 61
9 86
5 34
61 42
24 66
20 11
66 90
37 66
48 58
19 42
64 66
28 98
89 33
15 53
91 56
45 36
95 91
96 21
21 48
56 23
2 27
87 79
89 73
22 32
74 93
71 71
37 2
86 61
47 46
86 20
44 42
90 99
12 80
80 25
88 78
35 69
35 87
59 0
31 7
85 3
17 99
50 90
81 15
98 30
40 47
61 13
51 36
40 30
94 90
23 49
35 30
95 28
5 92
83 33
48 62
6 29
44 71
5 83
97 84
74 58
56 68
92 52
3 65
68 79
31 25
36 14
20 84
27 64
57 38
8 8
19 78
65 56
92 50
6 56
16 15
74 95
15 60
22 59
96 66
48 96
31 46
38 13
84 74
78 6
11 43
69 55
78 27
85 62
61 77
65 46
89 39
90 84
84 65
38 45
9 2
89 74
79 59
28 54
14 73
8 30
25 28
66 23
92 11
54 69
8 7
41 20
12 91
97 78
27 81
39 57
14 59
57 76
30 90
99 52
26 19
27 95
68 9
61 51
41 53
79 79
35 48
72 15
6 61
78 15
65 62
42 17
57 39
0 13
48 98
21 45
60 65
63 9
52 20
13 57
47 35
7 47
46 65
49 48
9 23
56 42
69 26
73 57
4 47
80 32
56 6
96 73
21 4
90 43
62 96
56 83
64 90
29 31
39 47
35 52
5 65
17 47
3 39
53 81
19 66
48 73
61 9
84 56
62 92
80 43
20 61
32 86
21 10
40 75
10 32
35 2
3 51
40 84
23 70
10 57
67 64
96 8
20 93
51 94
63 54
3 1
47 34
64 68
85 57
13 80
24 72
96 70
13 2
37 19
65 1
88 18
32 96
11 45
86 37
71 42
20 24
62 72
3 57
56 66
57 0
90 12
36 73
24 44
6 87
93 12
71 84
3 69
53 20
49 46
26 6
59 79
37 48
79 4
37 81
56 63
45 66
57 70
0 15
89 77
57 68
54 30
6 54
72 60
79 99
21 18
49 36
50 52
97 71
51 69
77 77
98 73
79 22
80 68
15 4
81 25
41 46
38 29
39 69
35 99
39 41
7 77
84 49
55 87
92 9
39 4
32 61
82 26
67 98
91 29
21 59
48 49
47 56
0 10
45 1
7 71
40 90
29 32
53 85
57 44
83 98
3 32
14 26
41 8
94 1
36 69
88 64
37 35
78 4
70 40
33 34
46 1
38 59
53 14
77 61
37 37
91 60
12 61
72 44
28 63
12 26
79 53
7 63
94 35
57 33
53 62
39 98
93 22
42 33
79 3
21 22
43 29
14 49
32 44
61 28
31 61
47 75
17 49
