100 3
72 7
30 44
15 2
11 32
24 92
44 46
41 22
49 36
40 86
67 55
24 98
36 4
98 26
82 43
96 49
6 60
73 57
8 17
30 29
48 96
10 5
1 7
40 47
72 33
97 83
19 76
43 63
59 63
48 17
22 94
13 91
55 18
50 86
36 6
58 48
79 63
72 95
74 77
83 62
12 47
28 72
82 72
48 31
95 32
99 32
62 74
38 87
70 60
80 64
15 9
95 80
46 62
25 65
49 89
54 45
73 10
46 45
19 11
39 90
26 21
82 27
65 17
23 30
6 51
34 32
8 93
17 83
12 82
27 92
42 13
2 24
89 97
49 50
32 0
79 18
92 54
32 62
19 68
51 46
96 91
31 23
59 48
85 37
25 69
33 27
55 96
95 86
27 97
34 33
98 81
15 27
79 45
39 95
83 97
29 0
83 37
79 52
35 81
35 45
9 49
84 93
21 72
86 49
16 46
77 69
13 85
13 6
37 75
28 8
6 15
20 77
4 6
66 4
60 29
5 21
29 30
82 36
60 36
93 55
5 73
29 49
87 18
34 65
79 81
47 65
0 60
94 24
65 42
91 38
5 23
26 28
16 31
34 0
25 40
94 87
24 96
71 89
96 58
17 59
35 22
72 27
38 90
60 66
75 80
54 74
69 77
8 65
94 64
85 15
2 97
75 77
77 59
98 12
99 63
12 55
71 11
99 74
79 86
81 56
31 34
45 59
89 67
99 6
63 98
65 96
27 32
55 72
0 89
76 41
63 10
71 18
54 26
21 53
17 3
67 10
20 99
6 48
35 13
60 55
5 60
85 8
9 97
77 81
49 75
68 50
40 54
59 47
46 40
70 31
95 5
57 31
25 63
0 63
24 66
11 46
42 79
67 3
30 2
25 93
44 13
13 80
28 40
82 81
44 97
55 58
31 72
6 92
20 52
24 80
54 90
87 17
63 73
84 5
92 56
35 94
1 78
66 48
8 35
52 11
29 7
54 89
72 98
65 66
76 11
79 58
88 75
2 3
36 82
63 19
43 61
65 13
97 67
73 19
14 60
29 24
98 48
82 1
22 13
11 49
14 76
1 22
17 82
59 25
80 93
62 95
38 0
53 37
26 29
37 79
49 84
3 94
62 54
89 62
17 75
30 85
69 32
64 33
45 31
74 9
52 23
44 26
62 65
87 5
7 32
30 50
37 42
86 21
95 26
15 36
33 78
23 18
91 3
71 16
31 48
72 0
33 38
87 77
67 36
10 94
17 34
38 86
36 3
28 58
50 91
72 84
35 74
77 26
20 72
3 45
41 48
52 24
52 48
0 42
56 98
37 45
23 46
98 71
36 98
19 65
10 13
73 7
74 38
91 0
84 9
97 17
7 5
77 29
11 69
81 2
77 43
12 31
54 60
38 54
34 58
51 53
60 92
65 94
27 44
92 24
84 20
57 66
68 20
0 24
84 46
70 50
94 27
11 71
31 56
66 52
87 58
67 6
0 59
0 44
12 56
26 67
68 59
42 73
15 70
26 59
92 84
22 24
7 51
35 93
11 88
58 68
51 27
59 0
58 51
97 35
60 28
79 39
88 14
28 2
81 37
69 27
81 20
42 68
85 33
76 26
17 43
11 75
12 99
99 67
98 25
84 68
60 63
74 49
29 38
15 61
37 2
17 14
49 34
4 99
81 91
21 78
23 77
87 7
11 78
44 59
81 34
56 23
48 10
85 48
17 61
88 39
58 88
39 66
16 64
3 92
23 16
13 1
15 20
82 11
89 1
18 22
88 88
30 92
79 10
79 85
45 20
74 12
73 94
16 84
57 63
82 73
41 77
28 68
51 78
77 18
21 9
3 33
23 66
67 86
96 15
94 84
56 2
70 83
33 63
16 90
84 14
10 33
75 71
84 36
56 60
79 43
63 86
37 64
58 73
40 40
81 39
23 49
76 27
10 89
61 90
86 47
48 72
90 61
14 24
52 7
91 69
78 1
54 19
58 64
3 13
52 26
97 20
69 69
6 54
94 86
26 97
41 38
40 31
3 58
66 62
9 3
4 43
44 8
27 98
84 2
58 40
19 70
0 5
68 22
14 19
45 63
8 82
2 83
75 25
35 0
12 32
81 69
23 69
74 10
15 89
19 43
49 48
19 12
11 89
29 75
49 51
55 91
82 74
78 92
38 36
54 44
72 37
85 87
18 14
34 60
61 16
0 35
72 2
5 13
2 17
7 54
66 65
60 12
59 64
83 24
99 0
95 59
73 3
78 74
68 87
27 93
14 42
92 3
52 67
99 78
96 63
19 9
23 17
80 53
35 44
87 72
64 6
65 84
75 41
55 61
10 81
22 11
60 10
26 56
28 65
36 27
47 60
86 99
42 2
58 39
58 93
20 25
7 25
26 57
97 57
33 75
47 11
26 42
9 51
0 56
10 22
62 78
8 0
3 84
10 98
43 86
49 11
86 11
10 93
74 32
91 88
6 78
70 84
0 40
67 61
72 6
74 80
58 86
17 51
28 36
70 45
21 59
85 28
81 77
26 3
77 98
44 89
42 75
58 29
5 51
59 71
82 94
27 54
96 76
68 95
94 68
53 31
27 70
56 56
61 43
5 46
38 18
59 12
13 57
98 82
9 99
69 78
98 11
99 85
51 18
62 80
3 63
77 80
3 88
43 12
52 90
60 22
6 32
92 98
42 49
41 47
57 39
20 79
63 47
83 29
58 1
65 41
97 52
6 28
88 15
38 22
45 65
9 92
62 15
94 49
88 20
58 75
54 99
18 16
14 56
64 93
12 79
65 24
95 39
43 40
76 20
44 23
33 26
66 47
0 8
44 15
96 52
29 39
88 46
46 2
50 21
90 84
51 58
11 61
14 26
90 33
9 69
54 47
30 37
76 13
60 85
10 43
50 92
81 6
76 28
84 47
74 99
85 83
50 28
15 1
42 60
29 79
42 3
94 66
30 27
6 93
66 8
99 3
4 23
3 47
29 61
86 27
63 91
21 24
3 82
3 44
45 1
64 84
37 50
89 11
60 17
35 95
74 71
56 45
11 5
77 7
78 86
36 96
61 68
16 25
40 23
8 95
50 45
80 30
50 27
46 39
87 14
85 41
52 87
30 14
95 45
47 16
59 34
88 78
45 52
82 52
47 62
70 32
59 36
20 7
52 93
31 43
51 74
70 42
94 17
62 39
38 48
97 46
79 36
99 11
28 64
4 25
80 98
23 0
59 31
33 1
92 59
41 78
51 68
90 23
2 40
79 56
6 53
65 28
95 54
25 95
69 18
56 4
12 40
11 37
8 80
16 87
24 10
63 97
78 84
59 16
13 26
6 97
99 94
95 61
27 26
20 76
90 6
74 33
60 37
80 73
65 52
28 85
28 90
32 29
40 64
19 98
94 39
39 14
75 86
25 15
55 15
90 78
5 88
12 45
44 78
1 70
40 79
39 84
79 62
67 73
93 88
55 1
49 14
66 90
17 97
36 21
23 5
82 96
87 93
35 77
68 96
29 10
89 51
38 62
57 52
10 4
38 59
39 72
14 99
86 25
13 64
68 97
0 12
92 10
26 92
6 9
53 64
31 26
34 37
37 40
42 51
98 74
53 14
8 5
51 55
23 95
64 21
37 88
52 66
35 35
58 34
47 63
34 88
80 86
48 26
34 99
98 88
22 37
25 45
67 76
8 96
33 68
81 86
48 55
7 41
48 92
24 75
79 11
79 51
85 66
21 85
40 5
89 92
74 57
71 34
49 96
7 23
30 6
73 8
67 87
76 22
86 57
86 37
60 79
61 48
80 24
3 49
43 82
32 94
71 67
56 10
69 45
36 62
32 13
19 64
31 8
69 52
90 19
18 27
10 44
56 76
7 60
5 93
90 80
49 92
49 12
73 47
52 61
52 46
87 65
13 35
41 36
23 8
18 70
88 94
39 44
38 5
81 70
66 77
61 29
47 3
93 94
35 24
25 87
34 30
34 49
85 42
38 4
89 78
85 38
66 54
59 24
25 86
94 29
51 12
82 30
39 37
45 90
99 92
30 11
94 41
91 66
98 58
43 50
88 40
70 1
88 43
34 16
63 34
39 79
18 18
27 76
71 99
13 42
51 56
84 49
74 86
32 50
45 14
77 67
30 67
83 9
55 79
59 46
25 59
13 0
18 87
42 26
77 86
75 61
61 93
69 90
59 19
0 6
46 50
84 53
84 26
92 82
32 46
41 69
13 98
79 64
6 96
66 1
3 22
92 57
36 26
16 67
80 61
61 70
26 8
48 99
78 17
59 9
30 72
67 99
6 30
7 80
93 95
56 35
17 62
10 82
28 26
19 92
97 10
75 68
81 62
59 52
29 90
73 80
64 25
61 26
39 86
60 1
87 98
20 10
73 79
15 92
64 78
25 67
2 78
64 73
26 60
96 22
78 0
58 78
81 30
43 3
64 77
36 10
61 89
42 76
79 88
87 46
78 95
69 73
22 50
55 33
20 65
2 85
9 72
11 84
70 63
3 8
59 70
91 89
4 47
92 6
71 65
34 12
91 23
30 13
48 53
35 39
96 80
69 55
91 57
68 43
1 56
74 93
17 40
8 56
47 44
73 56
98 61
4 33
93 59
93 18
62 62
1 79
30 75
91 97
11 72
10 45
96 24
88 3
18 56
93 45
70 6
95 9
86 84
22 95
16 60
66 69
78 41
54 66
31 41
26 16
64 49
33 76
17 22
47 59
3 99
56 65
59 81
51 31
53 67
87 40
59 93
76 99
65 22
1 27
63 95
45 5
16 35
68 68
13 22
58 98
3 36
32 11
20 15
5 1
78 58
64 63
37 34
7 68
90 73
83 6
74 88
89 66
71 55
5 3
94 50
26 72
63 3
35 41
19 42
64 88
79 83
85 68
49 64
69 50
57 8
28 11
64 89
55 62
61 96
4 42
73 48
69 36
28 82
27 99
4 85
56 83
37 87
43 79
67 90
67 28
32 39
20 47
76 91
53 10
75 96
74 2
93 47
75 79
66 44
74 74
35 83
68 28
59 55
2 26
3 11
48 18
13 32
36 75
98 79
68 80
11 8
15 22
5 65
96 17
80 14
73 46
20 97
76 79
53 68
17 70
79 22
89 95
24 17
79 40
94 30
91 63
28 80
66 21
90 24
26 9
60 86
21 3
68 16
57 51
4 53
39 89
14 3
72 54
71 45
54 30
27 7
15 66
51 2
94 47
97 38
51 8
97 31
77 85
80 50
68 19
16 95
45 48
36 59
11 94
59 54
22 75
79 34
35 58
41 28
31 10
79 95
98 89
69 26
89 0
30 64
90 35
13 31
58 57
67 21
48 59
66 10
40 3
38 98
76 36
14 48
35 80
24 49
94 54
30 83
2 35
22 33
98 6
85 92
21 48
95 89
77 96
75 38
23 35
33 17
99 22
67 88
20 35
16 52
96 93
63 77
88 70
75 1
19 33
42 24
87 53
56 18
54 85
95 93
38 47
21 16
65 90
79 12
4 44
34 52
26 96
70 4
32 40
59 87
19 95
42 11
34 11
66 92
79 7
21 80
65 74
35 53
8 43
72 34
22 42
23 55
77 50
55 81
11 7
31 32
52 8
96 8
57 90
27 28
34 41
53 18
83 13
50 69
65 49
34 73
81 65
89 73
68 35
48 94
77 14
66 86
41 56
82 50
58 54
60 14
33 52
47 34
69 83
52 96
81 13
29 82
12 75
32 85
44 90
63 74
53 25
26 38
66 59
86 26
21 40
53 5
79 55
76 69
47 48
10 58
21 55
80 56
84 67
26 65
34 10
24 95
67 42
87 97
51 66
55 4
8 64
27 14
68 6
83 19
25 18
4 82
59 41
20 57
20 5
66 95
41 86
76 29
69 84
13 93
62 85
52 56
99 62
31 85
4 46
76 98
70 68
22 99
94 58
20 28
91 72
97 75
19 37
87 32
66 73
69 41
29 77
85 17
5 59
55 88
67 94
21 92
2 52
93 60
78 6
15 12
23 71
94 0
33 54
94 35
65 8
15 16
90 27
42 53
29 98
90 17
58 66
82 20
36 7
46 25
25 98
91 33
90 22
24 90
98 18
17 19
86 45
5 48
85 1
39 11
8 18
83 83
5 43
86 9
62 1
92 9
27 57
90 67
87 59
86 50
91 19
77 75
5 63
37 61
81 5
94 13
48 51
91 87
68 71
65 34
51 9
67 75
38 60
41 43
93 96
12 76
77 3
30 70
89 82
13 63
93 26
36 95
3 35
59 59
56 9
51 80
28 28
42 44
79 27
84 94
42 5
47 93
9 55
39 24
36 66
46 88
34 27
45 87
49 97
55 40
61 75
46 12
25 29
44 55
38 92
19 32
73 95
57 26
0 97
24 6
86 10
20 1
9 77
7 58
30 25
83 73
51 38
78 54
4 24
12 96
75 87
97 11
6 10
7 94
25 37
36 20
89 24
22 5
73 75
17 92
25 9
1 90
99 44
60 96
69 65
38 55
21 31
4 83
17 37
28 78
50 34
26 10
68 36
12 90
50 95
92 95
62 75
10 75
41 23
51 30
39 53
55 31
9 53
88 97
83 30
38 74
78 70
15 39
72 92
1 5
60 18
80 15
29 62
92 35
30 68
23 51
43 10
41 50
40 88
77 25
57 15
66 38
8 24
24 27
91 65
84 1
90 62
14 59
2 88
32 17
43 48
41 2
0 21
8 41
1 85
96 30
96 2
57 82
11 80
73 33
73 58
29 71
52 78
92 43
25 3
34 61
78 64
26 22
73 66
71 58
44 71
47 73
27 89
61 54
26 52
45 49
69 54
62 77
24 50
66 42
76 62
44 75
18 29
29 83
59 1
16 10
9 43
38 20
2 19
61 74
94 88
59 86
86 70
55 23
74 70
25 46
2 54
90 79
74 47
24 94
66 46
83 94
11 3
66 28
47 98
35 9
38 68
80 21
43 56
30 49
41 4
1 24
49 66
16 51
84 69
41 20
32 35
84 75
0 90
93 0
99 73
74 31
83 54
97 18
66 87
19 45
66 56
65 46
74 78
53 98
71 31
31 40
63 66
24 73
89 53
47 29
24 68
34 75
45 55
4 58
15 40
90 66
18 15
92 38
89 35
8 39
83 38
41 31
84 21
91 70
9 11
2 0
72 90
33 0
29 96
67 52
3 31
3 9
24 23
64 85
15 34
44 28
5 37
73 32
89 99
9 14
27 91
6 56
61 17
34 82
60 50
6 76
5 78
15 6
77 71
94 38
63 42
46 65
90 72
55 27
78 55
15 41
47 42
15 23
88 91
33 6
2 59
24 51
97 45
20 24
38 99
72 57
98 99
22 51
41 10
8 27
70 54
21 86
47 39
72 87
47 50
84 33
97 71
7 88
46 71
71 51
93 6
37 39
41 63
62 61
10 0
31 87
30 80
77 93
11 99
51 3
93 67
55 94
40 82
49 52
95 10
39 30
99 20
53 19
10 60
88 98
35 18
41 94
9 61
32 53
49 55
12 91
57 59
21 77
17 67
35 20
61 46
3 20
3 85
51 11
47 36
55 37
49 30
60 49
54 96
12 48
73 64
50 0
68 89
78 40
10 92
37 27
9 2
28 99
83 68
93 13
68 1
59 92
54 69
0 27
11 91
39 68
4 71
16 83
94 89
73 2
81 79
94 44
32 19
59 98
22 79
70 21
57 12
22 57
1 66
84 59
64 64
57 98
86 95
18 43
31 77
4 70
39 75
63 80
99 41
71 3
5 55
20 82
0 65
32 98
58 21
71 90
59 99
49 85
48 14
91 62
74 56
66 49
71 25
40 57
29 89
93 72
61 84
2 58
18 24
2 90
28 7
68 40
56 79
34 91
49 2
87 24
68 69
89 18
91 22
11 60
95 63
59 42
84 10
62 18
75 64
88 89
85 60
13 89
13 30
12 41
91 56
64 86
31 59
38 49
93 40
9 30
55 45
33 72
42 43
14 98
91 24
51 15
38 50
14 97
60 74
65 20
99 88
7 18
49 20
36 92
13 9
69 56
89 68
17 65
86 1
37 83
49 67
97 0
84 95
87 35
49 0
15 13
61 92
26 20
73 76
50 26
80 87
77 97
27 35
21 66
16 62
21 38
57 37
20 56
44 21
17 94
29 65
81 24
29 13
78 98
93 39
80 40
2 27
21 0
95 47
6 42
74 76
82 13
91 31
70 67
62 10
56 90
12 4
69 88
36 42
55 35
89 54
73 14
37 10
8 91
98 36
41 25
98 31
67 32
96 43
3 65
50 88
2 20
79 35
45 46
44 29
48 43
7 48
32 97
37 48
38 10
19 22
56 68
56 87
29 37
69 71
39 56
64 34
93 32
85 57
34 35
66 11
90 8
42 17
42 30
37 53
79 16
60 69
19 30
5 50
6 39
21 90
77 84
52 83
37 4
77 89
31 88
90 43
76 37
8 7
7 98
90 90
39 18
14 32
4 40
68 75
36 48
40 62
41 46
88 84
85 97
46 52
53 72
8 1
71 74
54 88
71 59
17 91
50 68
38 67
43 29
29 51
64 94
75 72
72 5
93 57
19 2
26 31
87 45
15 46
33 43
67 44
61 19
83 49
62 30
87 43
27 30
4 10
18 88
46 17
72 71
81 53
11 97
81 26
27 83
26 49
77 30
85 31
29 99
6 62
97 62
4 18
99 13
67 25
1 43
6 11
53 13
26 47
6 74
75 93
24 22
9 8
54 48
24 87
24 34
59 17
85 32
17 36
94 26
13 72
37 62
3 27
20 61
99 47
1 38
33 11
49 24
84 13
6 12
80 34
81 99
68 31
43 11
95 78
17 85
68 42
12 38
4 11
39 88
19 44
78 72
17 15
66 68
44 32
1 1
56 1
78 97
73 40
23 53
98 63
6 57
17 99
32 9
61 37
40 27
98 0
9 73
95 92
63 37
31 52
96 96
15 99
48 49
32 25
9 81
0 4
78 31
61 8
2 39
46 94
41 12
78 20
11 17
72 53
55 84
88 93
38 70
13 17
30 91
95 55
75 54
26 24
27 80
87 6
75 19
64 28
57 25
51 6
76 40
85 43
70 22
41 11
75 33
23 37
72 44
62 68
31 49
43 47
45 58
37 17
6 17
41 71
56 8
72 78
51 71
9 15
78 35
75 37
37 57
77 17
68 72
68 62
61 0
51 40
66 57
40 55
19 86
37 0
63 25
10 79
98 32
63 75
11 87
79 24
89 49
19 73
89 48
10 9
14 50
67 92
78 57
38 69
68 56
51 22
2 51
24 28
13 94
8 88
35 3
68 23
47 14
71 52
10 29
2 23
25 35
59 83
87 47
24 83
33 58
44 66
60 48
75 46
17 4
92 28
93 98
1 4
93 91
63 48
10 86
48 86
87 55
88 8
62 84
69 47
12 3
83 4
11 35
6 84
24 70
29 44
58 46
14 5
36 18
13 37
71 47
49 73
18 49
60 45
72 16
2 91
60 25
73 24
75 50
9 41
38 97
69 1
29 34
8 49
7 6
28 41
2 56
62 34
91 67
87 0
29 9
83 91
34 93
58 35
94 95
47 19
76 84
73 67
71 79
25 14
2 2
14 83
29 18
99 60
98 27
96 34
65 50
17 8
41 88
51 93
81 75
34 17
33 91
90 54
60 41
57 67
94 56
7 72
10 56
5 89
44 92
35 26
9 54
8 53
41 34
27 8
99 89
42 28
1 84
66 6
25 5
26 0
37 16
89 2
5 83
16 63
63 65
73 41
30 55
7 27
46 75
74 62
32 54
51 97
96 81
94 97
7 26
5 85
9 10
77 82
92 37
59 27
41 54
98 90
71 32
77 60
73 87
65 56
34 6
30 61
80 36
92 62
92 66
56 44
0 85
73 78
32 42
67 96
30 43
92 47
33 80
69 39
53 75
73 74
16 49
85 79
70 39
83 71
20 83
2 38
95 0
33 84
2 62
5 0
88 83
18 46
13 34
1 63
42 77
6 16
77 22
58 19
27 82
3 46
30 32
82 37
96 28
1 74
83 53
31 61
22 34
79 49
81 76
56 64
94 2
67 35
53 21
50 98
60 59
53 36
90 13
71 88
59 3
96 7
40 93
82 93
30 31
7 35
10 41
21 61
19 62
39 60
21 30
15 64
75 78
89 19
31 37
1 18
41 66
0 31
95 40
29 21
42 81
0 77
0 2
32 91
48 38
65 61
2 84
73 43
50 24
37 95
68 38
74 11
34 2
53 12
19 41
54 68
62 4
26 37
54 39
14 85
92 27
25 43
81 60
40 91
46 59
98 41
24 74
58 69
48 7
24 0
67 63
98 76
32 45
87 31
12 26
7 30
91 76
69 62
17 57
59 78
57 14
93 14
52 68
60 2
99 48
32 60
27 39
6 59
63 4
85 18
21 4
7 2
65 86
78 39
37 52
0 34
18 21
93 89
85 72
38 3
13 53
6 13
3 93
75 63
47 69
99 99
64 46
0 39
10 23
69 22
16 29
83 31
42 45
39 91
68 51
91 10
64 48
72 38
53 34
41 75
26 40
96 26
28 43
81 72
23 6
10 95
79 69
75 20
14 33
86 20
77 99
39 83
22 16
90 42
88 36
99 25
1 76
99 36
34 46
70 51
82 86
88 49
50 32
26 27
63 78
0 72
70 9
58 23
96 90
26 18
59 50
77 0
75 0
38 52
82 70
99 80
61 73
79 3
29 60
53 78
97 60
32 75
31 69
27 79
62 83
85 13
52 5
84 6
22 29
85 85
67 2
27 36
1 54
95 25
91 35
11 55
74 27
63 52
8 76
17 89
5 18
81 10
43 7
19 75
72 86
27 96
20 67
36 85
27 64
60 21
22 10
84 16
36 43
91 18
37 1
48 57
59 79
50 65
48 83
45 83
23 59
40 28
13 54
49 43
70 69
42 58
23 57
31 54
28 16
35 97
48 89
32 51
27 34
50 59
5 28
19 69
20 23
53 30
90 91
57 24
42 94
6 3
86 86
89 14
14 65
1 73
23 65
18 82
77 34
73 29
28 9
69 64
45 35
61 30
46 68
34 44
24 15
73 71
85 71
1 98
2 72
94 3
3 4
58 58
10 57
1 50
15 65
76 71
5 25
48 88
82 3
85 21
14 22
57 40
4 81
51 57
39 64
28 84
15 10
26 25
0 81
84 44
58 56
2 33
45 19
66 70
9 38
40 33
28 50
25 74
1 0
81 66
13 81
33 81
56 36
52 73
24 3
33 67
95 7
21 54
75 60
55 57
38 77
79 92
33 55
84 70
55 70
61 69
14 2
23 68
86 0
38 72
21 95
94 43
94 21
99 81
85 94
99 68
35 52
53 57
42 99
84 15
52 76
62 38
43 88
47 17
89 61
25 60
20 0
94 74
53 92
92 14
33 25
31 82
41 58
64 98
68 3
96 25
22 40
96 66
10 74
72 79
34 94
99 98
44 77
30 3
83 32
72 25
23 33
24 82
41 67
46 46
77 61
86 51
86 61
81 54
69 44
20 50
47 70
87 85
82 97
56 63
11 22
87 78
90 15
56 92
92 36
33 30
22 59
56 88
88 7
52 77
12 0
60 24
4 78
15 57
80 48
95 85
38 41
84 50
11 45
69 59
81 7
96 51
32 61
90 21
34 72
98 95
71 46
22 35
1 23
87 50
74 1
78 38
99 54
29 92
70 92
95 71
65 6
2 11
49 6
76 70
31 51
62 63
20 98
16 41
68 53
76 72
27 59
4 32
19 97
86 97
17 81
20 64
98 29
20 30
81 18
87 4
45 56
95 98
34 80
52 2
64 40
51 47
46 87
38 96
76 85
11 57
83 84
78 91
18 34
4 97
54 67
93 20
14 8
80 68
75 6
86 33
96 3
91 77
5 99
63 8
23 80
76 87
97 99
7 87
70 17
85 36
51 88
81 44
91 27
36 88
79 23
54 52
54 54
57 22
16 75
59 40
22 14
61 15
3 29
95 4
78 22
35 65
93 11
86 91
71 7
49 42
86 16
79 73
21 1
82 90
4 98
56 17
41 59
52 63
62 66
56 89
37 15
19 57
87 86
33 37
91 2
28 69
70 94
31 15
77 11
19 25
36 2
75 59
54 4
75 89
73 45
5 86
83 88
15 81
25 71
64 37
19 4
79 19
92 85
94 16
76 78
5 96
31 55
31 30
26 39
57 89
1 55
9 64
18 76
22 67
23 40
9 84
24 45
23 96
29 73
35 82
96 87
1 88
58 74
96 37
44 93
48 4
94 60
72 59
43 16
56 78
59 6
31 2
72 24
86 71
54 61
90 26
48 23
52 21
87 28
60 4
48 35
8 36
98 19
59 2
97 24
61 22
36 47
69 58
68 79
64 67
87 36
41 17
69 85
54 87
97 95
85 30
24 61
6 52
47 9
33 77
39 45
42 4
35 70
74 5
5 15
16 2
0 79
86 68
71 17
69 67
87 57
57 16
27 72
79 41
37 90
15 87
95 64
64 3
19 99
37 58
69 98
37 80
33 90
94 42
5 69
96 98
2 93
43 65
66 76
38 75
21 74
97 14
62 14
31 63
55 12
1 36
77 91
21 71
59 76
86 18
63 94
4 9
71 29
51 77
11 76
29 3
54 86
99 50
89 12
39 22
93 15
54 42
23 32
31 66
4 13
92 92
5 24
99 97
61 47
61 53
16 73
98 97
64 96
79 82
84 61
8 71
16 38
87 52
45 28
27 84
59 60
9 7
26 79
52 97
89 32
23 23
47 43
15 58
93 70
1 3
97 48
45 24
33 18
33 44
28 32
61 88
11 62
56 5
23 20
84 40
46 35
0 45
71 20
98 62
56 13
29 67
48 28
48 63
13 77
86 7
4 4
65 9
23 64
26 13
74 81
97 81
69 97
60 15
25 97
45 2
22 60
48 90
1 92
11 86
7 36
98 85
18 58
73 96
93 71
40 78
75 88
24 58
46 58
84 37
12 10
26 61
65 79
42 48
8 77
36 90
9 96
39 23
48 79
0 98
3 73
50 87
77 32
31 38
1 29
47 40
86 56
88 67
90 95
23 73
45 73
27 45
88 53
33 64
12 17
9 46
41 19
78 5
43 85
88 32
26 91
90 88
92 58
39 70
32 7
34 62
59 57
75 84
7 33
15 67
74 52
35 90
56 91
73 59
13 71
79 79
37 38
33 45
52 19
6 79
43 59
62 79
57 62
43 93
81 50
0 67
52 0
42 20
67 74
28 67
84 84
67 14
7 83
64 24
29 35
63 18
9 39
21 6
99 72
19 21
90 39
20 29
79 74
39 9
84 72
68 83
62 11
46 8
77 73
15 56
58 44
84 17
17 98
84 41
37 3
93 33
93 66
73 1
73 90
47 46
51 42
63 38
14 87
30 1
87 38
2 68
20 4
97 12
61 77
37 44
37 67
22 71
30 81
22 92
23 56
41 14
3 1
25 10
69 70
68 70
2 87
30 42
98 24
29 27
99 18
64 66
25 75
53 23
76 35
54 50
48 80
74 22
6 2
26 50
49 53
21 11
53 48
24 97
64 10
82 18
53 80
97 7
24 56
79 84
73 6
66 13
97 59
96 55
67 31
43 25
65 65
51 73
65 59
71 41
32 55
76 7
3 16
92 90
35 4
74 97
94 34
78 96
56 38
25 23
96 74
11 63
53 96
41 32
33 4
80 26
91 58
97 90
96 10
91 82
50 90
26 84
72 12
47 86
43 42
72 29
36 37
42 80
94 57
83 56
95 33
13 20
74 61
64 47
35 6
75 91
84 30
81 67
64 59
10 49
58 83
63 9
37 23
57 60
95 8
54 58
98 49
47 22
60 81
36 36
15 42
48 27
85 56
10 73
50 63
62 47
48 58
79 65
85 80
14 47
50 54
94 61
55 28
68 57
23 41
54 56
48 15
77 65
67 39
38 34
37 96
99 5
92 16
55 87
37 73
66 64
7 73
65 55
83 81
5 71
96 45
85 45
39 39
26 41
32 84
43 70
86 39
90 37
6 7
50 52
46 92
62 50
33 12
36 74
18 1
69 80
55 85
26 14
71 49
64 75
50 48
98 35
94 79
45 51
37 28
88 24
3 64
6 72
4 95
99 79
9 28
66 75
95 17
47 57
92 4
58 30
89 8
9 1
19 39
20 69
4 96
10 85
86 87
24 79
94 23
64 52
70 80
71 94
46 32
63 7
41 87
9 9
65 1
96 70
28 48
78 45
67 85
33 51
27 6
52 99
37 84
18 66
78 87
9 93
13 14
89 94
30 58
79 61
18 9
11 6
52 15
34 42
26 43
67 12
50 30
36 70
82 46
41 8
6 24
94 73
30 28
27 95
34 86
23 74
48 77
47 68
80 27
43 95
54 63
36 52
16 28
40 69
82 80
94 12
91 51
56 21
35 7
33 13
46 24
73 84
80 28
18 23
35 73
85 73
11 93
85 65
14 7
53 97
23 19
65 14
66 18
33 7
85 6
20 49
55 64
86 80
16 22
9 4
45 38
80 37
12 77
48 34
97 22
83 44
12 85
17 54
87 30
28 37
21 82
1 91
30 17
6 91
77 40
35 84
19 15
94 92
61 61
21 94
14 45
5 16
53 63
82 25
70 79
6 0
63 84
80 47
8 31
36 63
64 41
35 36
37 33
95 36
20 84
52 22
47 67
38 19
30 62
34 90
52 53
77 54
51 17
42 96
6 80
62 69
47 6
58 0
34 59
59 29
93 76
7 86
18 75
18 91
63 29
61 49
13 10
57 28
82 22
86 5
36 50
99 61
44 48
25 8
15 38
98 50
34 3
18 83
52 57
26 55
35 8
73 60
75 29
82 35
45 26
0 52
4 2
68 98
67 58
23 50
16 14
51 21
80 45
43 39
80 69
40 68
35 40
34 29
36 56
45 98
23 14
12 87
56 22
49 13
74 87
35 49
40 7
34 25
73 86
75 26
27 47
38 66
81 85
58 18
83 75
14 39
39 93
47 35
25 19
91 90
8 3
79 30
0 99
4 90
39 52
67 71
47 95
26 77
0 22
79 80
28 62
24 89
21 96
5 19
42 67
40 92
53 83
3 70
4 3
13 51
24 93
65 18
65 68
89 85
66 43
48 98
64 20
89 47
95 79
13 43
58 65
17 52
26 33
23 70
10 31
23 34
25 52
51 28
33 2
4 72
10 71
5 90
3 71
4 57
51 87
23 93
2 61
90 53
92 69
64 16
46 4
46 22
57 77
33 83
89 40
45 11
28 21
97 56
81 42
5 26
10 7
97 70
60 68
49 39
33 36
78 67
66 80
40 45
89 55
33 14
51 84
21 60
84 25
12 9
20 40
90 30
41 13
59 91
70 30
17 32
46 48
61 97
14 18
7 40
52 37
93 34
89 29
14 53
75 48
8 81
2 70
52 94
4 84
17 44
31 71
11 36
39 28
58 43
19 87
77 6
83 59
9 47
43 99
72 63
63 11
64 0
98 16
92 73
8 47
21 39
70 90
85 7
92 22
74 44
1 77
99 86
30 60
32 89
85 63
98 65
11 28
21 37
26 93
68 76
56 73
47 78
30 24
57 32
95 46
24 29
34 24
41 40
20 20
52 13
86 76
73 49
5 61
82 41
67 4
75 39
27 25
26 74
16 27
94 36
75 83
8 46
40 67
18 25
57 43
69 46
47 89
5 8
26 78
13 67
62 48
38 25
9 87
70 64
2 63
53 66
21 8
46 57
73 68
53 8
22 76
33 47
2 79
42 7
69 16
41 3
40 20
39 43
65 95
15 69
28 92
88 22
47 72
43 53
58 41
81 16
72 88
40 10
0 17
83 69
66 0
12 20
45 71
80 79
37 22
38 61
56 66
43 73
27 17
23 91
82 23
29 93
53 84
74 8
95 90
13 39
53 50
49 69
37 77
75 70
60 75
93 41
79 57
49 82
38 82
79 66
55 55
27 66
48 61
27 53
99 53
84 89
11 10
52 14
56 96
15 90
38 12
13 68
51 39
54 84
63 83
2 25
42 56
69 30
63 58
12 49
13 3
66 94
70 26
94 70
71 21
19 40
94 9
31 14
31 1
10 12
84 92
71 22
53 90
65 43
35 98
39 48
61 2
79 32
62 86
27 43
74 95
78 34
32 67
39 41
16 36
33 9
3 90
6 25
15 78
88 56
90 64
38 38
46 51
1 99
48 48
88 96
29 16
24 67
24 47
49 38
39 62
44 19
53 58
95 1
12 67
84 51
77 72
18 48
79 97
54 49
90 52
22 81
31 97
48 54
50 77
13 47
45 25
19 8
90 20
24 63
77 12
2 32
73 92
33 39
5 22
20 68
81 61
32 90
96 68
17 68
21 21
74 66
44 83
66 88
73 63
60 95
43 51
63 31
89 45
5 45
33 50
96 36
0 30
63 53
56 71
91 13
84 85
53 65
37 43
53 17
12 89
84 8
18 12
48 33
86 78
80 43
42 97
22 61
86 30
61 81
75 44
72 45
47 5
76 55
75 34
74 94
72 49
41 79
12 65
50 25
55 98
14 64
34 89
10 32
38 30
21 70
76 64
56 25
24 35
87 22
22 18
19 19
55 2
73 50
1 97
95 69
21 50
60 71
13 84
6 34
13 5
25 56
44 47
58 94
55 77
10 1
29 15
62 99
53 85
69 12
87 25
30 77
19 50
13 13
66 63
22 73
42 35
23 45
22 78
49 19
89 71
98 28
10 30
88 48
15 94
82 12
40 51
69 49
60 61
92 17
48 46
62 27
94 19
42 87
18 33
90 31
4 67
19 13
58 38
65 78
96 50
89 33
83 80
63 21
32 20
7 77
47 79
97 5
96 35
71 13
6 86
76 96
8 87
68 44
84 48
64 90
25 48
92 61
14 1
40 14
74 48
31 58
91 94
3 77
69 31
82 32
96 65
27 49
51 25
85 4
3 41
15 26
35 27
52 72
27 78
28 13
88 9
1 17
71 0
64 55
20 46
93 93
32 28
25 90
60 39
78 47
71 95
85 78
14 77
16 80
0 64
60 44
55 44
98 46
17 42
79 25
44 84
37 13
13 73
77 57
67 70
94 63
44 10
32 87
67 7
42 86
16 8
72 83
65 23
2 10
97 39
3 61
7 24
68 64
36 28
41 27
19 79
20 93
25 20
0 54
84 63
53 88
24 55
78 89
39 2
3 32
75 65
80 72
11 58
7 52
25 94
25 57
28 60
50 75
34 38
14 55
64 7
2 7
31 90
3 53
18 81
92 76
42 9
50 13
10 66
63 57
82 57
61 82
6 5
91 5
28 97
46 77
29 53
95 44
47 76
26 75
95 21
0 57
61 67
9 88
80 2
97 19
84 23
89 44
25 77
40 19
83 70
25 81
21 15
50 38
12 16
25 76
29 57
22 82
90 99
41 68
56 28
46 30
41 92
49 58
37 21
17 16
15 75
52 59
41 90
58 62
38 53
65 93
63 96
82 0
91 59
36 45
93 16
74 51
98 56
65 64
39 0
98 64
99 42
13 75
60 97
87 19
45 10
53 73
7 46
49 23
91 47
2 71
60 26
42 23
86 75
60 8
72 52
62 59
58 27
48 85
8 29
92 80
26 36
95 42
60 62
50 53
75 5
74 42
0 55
60 65
79 42
33 35
50 94
79 77
61 39
89 93
33 32
26 46
58 20
23 75
33 99
92 39
27 10
23 72
71 86
22 83
18 54
28 87
87 56
18 11
46 83
97 88
25 27
1 83
22 52
96 97
43 13
17 35
9 60
40 25
54 14
61 12
74 79
16 71
88 35
70 46
30 5
34 14
88 4
81 87
29 86
95 13
18 79
71 56
43 18
86 85
43 38
32 57
46 36
6 83
31 20
36 38
37 14
63 89
55 80
71 4
44 56
42 8
95 62
98 42
65 5
21 35
95 18
8 25
11 16
80 75
40 8
13 88
57 70
14 92
70 0
72 65
25 31
47 27
71 10
36 83
60 84
90 25
86 54
20 54
83 8
43 22
84 55
7 96
1 31
86 4
17 18
61 98
72 61
4 64
31 80
82 14
19 38
81 46
60 51
7 47
2 81
85 67
99 64
88 38
47 45
20 81
71 54
68 10
28 18
8 6
88 28
83 78
97 29
44 76
76 25
79 8
6 31
44 61
85 27
33 96
52 54
57 78
58 84
87 83
96 57
90 1
33 34
28 51
90 69
26 62
85 50
57 75
94 25
20 80
21 20
6 87
11 41
6 63
96 69
58 96
44 30
50 37
96 85
30 40
64 81
91 52
43 71
29 72
82 68
72 17
77 90
7 14
73 9
17 69
52 65
29 4
44 72
55 95
95 3
93 49
57 10
20 8
18 80
40 71
43 62
46 54
91 39
93 84
94 22
69 17
76 75
70 43
44 14
93 9
39 71
11 34
25 38
76 31
88 74
79 54
93 73
3 17
2 9
25 50
89 27
34 34
52 49
66 29
91 98
8 60
71 12
26 69
38 31
49 44
34 53
97 78
2 41
24 72
57 50
21 73
13 52
47 74
78 49
40 90
52 84
27 81
11 30
86 62
86 40
50 72
11 18
17 13
65 39
58 81
55 69
94 33
44 27
81 55
80 44
6 4
56 46
83 99
55 9
97 86
84 7
15 0
42 14
88 92
74 29
39 13
5 42
65 81
81 32
56 62
32 58
54 82
90 65
98 91
1 87
61 42
96 14
27 11
82 61
81 3
80 41
1 6
59 4
91 74
30 54
73 85
63 0
97 30
98 20
71 33
39 81
56 95
3 38
57 61
80 90
4 16
84 88
33 82
72 35
38 17
4 68
9 5
9 42
93 74
17 55
26 95
74 84
30 47
24 2
41 53
42 71
61 5
90 18
37 12
83 85
35 31
20 91
86 77
65 60
46 97
72 69
42 46
46 43
53 39
66 61
62 49
13 36
95 87
54 11
37 20
19 84
76 65
51 64
63 23
16 96
97 82
44 50
9 91
77 39
92 91
5 29
23 44
75 52
29 43
92 5
63 72
81 96
5 68
36 35
71 87
17 84
70 62
4 15
84 99
41 82
21 18
55 25
25 16
56 15
65 38
20 78
18 99
99 90
31 95
35 16
15 33
35 47
80 83
59 85
86 89
71 53
17 46
93 23
34 21
53 43
45 70
70 36
84 24
50 1
85 9
76 53
5 82
75 40
44 31
20 39
72 40
15 11
7 13
58 91
72 99
30 76
43 90
89 90
8 33
15 98
74 55
56 74
87 81
32 21
46 86
5 98
43 5
82 89
86 59
4 56
45 86
49 83
81 94
21 32
23 54
27 16
63 59
5 4
46 38
20 6
70 48
97 8
57 86
98 17
14 13
76 67
92 19
58 53
24 30
24 31
14 89
34 55
38 2
93 12
96 20
76 5
51 35
14 11
92 31
92 33
65 30
89 38
68 30
92 45
96 16
81 74
16 91
94 77
96 32
93 38
28 20
51 23
2 4
50 44
81 0
52 74
99 9
28 66
38 15
96 4
34 84
87 27
42 6
80 18
87 26
98 38
49 16
5 67
44 38
58 59
12 24
11 38
84 81
4 74
83 11
3 89
89 74
4 1
44 9
15 52
52 71
88 76
35 63
22 4
57 30
88 86
91 53
9 35
81 23
97 85
45 97
48 41
73 42
58 99
70 52
94 83
63 33
51 7
35 48
0 18
95 56
51 82
77 33
80 94
8 59
95 65
87 91
86 44
87 11
54 93
76 49
20 17
83 67
16 23
1 94
35 42
37 37
32 52
94 45
3 59
12 25
34 48
71 75
18 42
78 76
41 74
75 11
78 52
78 10
9 74
7 63
60 9
59 84
0 91
80 84
23 52
69 42
63 13
41 65
84 96
53 1
77 51
10 24
6 90
22 98
23 47
30 94
11 27
85 47
17 27
77 42
38 37
2 45
34 31
67 15
56 59
29 17
34 97
68 85
98 72
33 57
22 63
80 8
3 10
76 95
68 86
59 20
1 16
36 11
89 13
89 17
67 82
70 85
3 86
77 47
27 4
37 54
40 85
65 0
1 57
94 4
88 26
72 82
45 82
83 52
32 59
80 22
75 22
89 23
44 39
57 11
36 80
86 31
31 53
15 63
29 68
27 75
30 89
61 24
3 75
53 22
4 28
12 52
5 12
6 6
21 41
24 25
96 31
14 27
61 11
64 11
68 33
32 79
4 7
43 89
69 82
12 98
52 17
66 99
37 49
13 12
42 63
73 34
4 66
78 21
83 27
72 81
22 8
53 89
59 30
11 96
30 97
80 0
97 76
68 12
97 13
16 20
38 71
59 75
36 33
97 44
67 13
89 21
56 27
35 33
88 10
24 9
7 62
17 56
26 63
90 12
44 79
95 68
13 74
49 65
83 76
1 39
28 49
25 7
85 40
62 51
34 81
7 57
39 31
67 19
9 94
62 93
25 6
54 75
24 19
53 11
42 10
37 85
0 37
1 58
38 93
60 6
55 0
5 87
76 2
91 60
34 23
93 22
51 92
59 74
60 11
68 84
84 98
99 43
3 72
44 16
9 52
73 53
80 67
19 94
60 82
30 65
61 51
72 77
27 2
39 27
52 80
53 29
62 26
93 77
73 11
81 38
60 57
28 46
48 19
55 38
98 93
72 41
13 38
24 52
72 58
39 49
5 7
92 60
64 99
56 33
87 75
84 77
0 93
8 54
64 97
7 56
23 22
96 92
91 45
53 54
1 15
25 2
12 22
41 39
88 44
25 25
30 33
14 35
2 53
28 96
82 17
23 82
80 5
58 77
31 74
99 2
28 54
56 43
83 22
94 71
5 31
98 54
18 55
32 31
6 45
33 95
12 68
96 9
47 71
88 73
77 16
8 32
32 37
18 72
53 20
51 24
49 27
6 67
46 89
26 94
18 52
61 35
29 58
97 65
75 56
65 62
8 79
39 96
16 37
50 35
69 72
95 20
70 89
68 66
82 55
40 70
94 80
45 85
53 41
8 84
77 87
75 18
24 84
66 32
98 3
20 38
42 1
64 36
41 9
80 99
77 76
32 16
8 63
83 65
36 31
59 5
1 21
61 86
44 52
81 97
21 12
77 8
22 48
14 74
59 39
17 47
10 54
75 10
5 76
51 83
88 50
93 81
80 66
42 33
78 13
13 16
93 51
45 96
8 52
22 53
94 53
95 48
91 1
3 81
94 32
54 22
4 80
27 51
9 19
11 54
91 30
25 4
11 14
68 27
49 1
64 2
0 20
88 47
83 16
36 99
21 49
92 78
69 5
67 60
98 7
3 57
95 96
30 57
72 8
10 8
19 16
0 70
7 50
10 55
28 24
36 39
91 93
38 43
98 34
18 93
0 50
28 76
68 67
1 35
53 15
40 48
2 36
22 17
84 74
78 27
18 89
40 65
87 1
4 21
57 65
11 59
72 4
68 15
17 79
68 0
60 7
91 86
69 60
18 26
14 30
38 8
70 35
32 23
9 98
99 65
80 13
36 49
94 37
74 14
3 0
31 7
58 47
26 54
85 96
67 98
89 15
33 5
26 76
59 82
33 92
49 80
12 6
35 69
80 81
1 86
87 3
78 26
22 21
19 1
54 21
24 86
51 59
44 37
46 29
72 9
83 89
55 41
6 8
35 19
30 19
48 75
12 35
67 49
86 3
51 26
53 69
82 78
70 78
63 90
17 73
69 11
72 94
52 43
98 14
9 65
57 72
34 87
37 74
54 31
33 94
43 30
23 62
51 60
56 34
34 43
97 4
25 34
21 58
35 46
18 74
73 15
41 64
22 31
58 8
32 18
78 56
16 50
56 94
31 0
40 16
87 61
34 47
16 0
66 98
51 37
32 88
41 42
22 32
25 79
41 73
76 89
35 62
93 69
4 41
50 79
55 29
11 19
57 27
18 28
86 14
87 16
47 28
30 98
70 27
61 99
22 3
79 5
23 79
77 62
72 20
27 60
2 42
68 93
99 29
21 57
57 1
22 38
87 82
18 95
77 58
47 61
99 87
75 53
29 88
90 47
68 78
71 8
50 6
95 41
40 77
36 44
57 57
68 91
63 93
17 21
16 11
31 57
6 1
12 66
95 66
90 58
65 51
38 7
11 79
27 61
0 10
29 19
31 83
22 9
92 18
83 58
7 43
87 70
69 95
6 50
72 66
61 21
47 33
22 1
86 22
13 55
72 70
73 28
9 86
94 8
34 76
72 28
51 54
7 29
53 35
0 26
49 3
45 60
65 72
19 59
96 73
84 38
39 61
68 73
90 36
0 11
11 43
92 83
3 98
52 34
21 7
52 35
1 69
35 57
13 78
30 18
39 36
90 14
12 23
32 8
69 94
65 25
57 47
81 21
54 40
6 85
94 81
15 53
99 33
43 84
33 79
81 57
60 33
71 66
70 53
23 88
87 9
77 36
32 1
56 29
9 58
83 25
66 45
96 40
60 52
83 12
1 71
31 44
16 43
10 36
29 64
28 52
50 43
44 45
38 28
43 26
84 54
83 50
63 15
7 1
45 13
8 68
6 22
24 77
27 1
59 15
70 25
18 67
81 82
75 28
47 47
99 58
41 83
30 46
48 95
7 75
97 3
31 16
63 40
11 70
19 47
60 0
63 50
51 52
70 38
7 70
24 60
47 94
76 68
83 14
41 49
76 56
80 6
4 87
29 94
58 7
31 99
80 52
3 2
99 24
64 95
50 76
54 36
19 48
12 63
7 16
66 79
34 64
21 63
48 52
71 68
32 81
19 24
14 16
50 39
84 42
17 49
99 69
53 27
86 72
2 64
95 95
21 47
43 0
16 93
73 13
43 67
53 56
19 83
37 99
65 85
66 81
70 37
90 16
14 9
87 79
14 14
49 95
93 17
13 18
17 11
15 29
33 20
78 51
64 74
1 96
68 34
38 84
36 51
58 92
91 25
34 5
55 73
60 91
94 67
64 79
33 40
81 43
96 0
2 13
82 75
44 54
92 7
97 34
12 8
65 89
77 83
57 74
62 13
54 65
69 20
99 66
6 36
73 65
92 51
54 1
53 7
2 30
12 2
25 58
78 12
3 66
75 82
34 50
67 20
83 47
2 16
27 85
92 97
60 34
57 23
54 98
78 43
8 72
94 5
54 27
38 27
29 74
84 34
23 7
44 17
56 37
42 27
6 99
61 83
95 60
64 27
68 94
4 73
65 92
11 23
98 37
73 22
18 17
29 42
67 30
96 62
45 18
12 81
60 53
98 84
34 4
13 2
69 81
20 73
40 75
13 60
8 19
57 19
86 52
12 83
44 88
52 79
55 20
43 14
24 5
72 97
44 5
0 69
88 54
81 59
68 9
71 37
23 2
46 60
26 70
35 76
24 8
39 4
64 5
95 77
22 22
88 2
68 17
82 85
25 62
73 99
97 27
0 61
29 52
79 44
85 12
23 27
91 36
86 36
38 85
18 85
54 38
8 11
41 24
46 85
90 45
48 39
50 4
95 16
93 3
68 47
80 25
67 47
77 9
30 23
93 85
51 51
20 63
75 3
23 61
72 67
48 73
86 79
47 97
89 10
13 45
59 44
36 8
90 57
8 67
50 46
99 57
10 28
35 71
68 65
44 25
50 49
42 93
91 16
24 12
68 4
41 37
86 48
17 48
49 56
94 85
12 44
13 76
64 42
92 53
45 78
90 49
23 99
6 71
81 89
50 33
73 51
69 28
69 8
69 23
28 0
14 93
24 69
53 6
64 12
27 13
54 59
65 83
95 67
11 98
97 6
52 30
33 24
19 89
70 47
20 95
14 79
12 59
74 21
95 50
87 2
90 32
66 78
59 28
58 24
82 42
15 28
95 27
20 2
10 34
99 76
21 69
63 68
55 34
77 74
10 14
75 15
13 99
28 61
95 74
89 43
13 28
44 67
84 87
6 94
59 35
74 36
16 47
58 37
66 19
24 20
28 88
8 86
54 95
70 18
17 96
99 14
83 2
93 43
49 81
2 5
44 7
17 17
43 55
64 80
78 78
27 12
91 78
5 97
0 92
95 30
89 9
94 1
44 1
38 79
42 90
54 6
22 0
68 74
49 98
64 87
11 92
76 73
99 37
15 37
10 46
48 32
75 69
68 29
56 55
4 77
28 27
74 20
63 5
64 1
19 88
95 38
74 73
72 36
82 82
45 21
14 0
20 87
52 95
62 71
84 82
74 59
56 6
27 77
50 20
8 75
52 89
32 33
81 88
43 92
79 93
42 72
93 27
78 77
1 9
24 33
90 60
16 33
96 94
55 10
48 22
54 41
35 64
2 60
78 48
72 14
88 59
61 33
26 89
76 77
75 51
18 5
3 60
98 13
48 64
37 98
85 29
48 93
15 18
92 89
32 22
53 74
80 82
70 57
60 5
86 60
98 86
18 40
76 9
93 68
73 72
8 57
87 23
85 70
3 19
55 60
91 6
49 72
5 6
51 5
57 42
67 45
68 8
38 33
71 93
45 34
11 24
7 37
80 95
44 58
50 40
62 88
50 11
61 6
97 66
63 45
4 39
12 39
8 83
83 79
80 63
27 58
14 86
25 91
26 71
15 97
81 14
16 48
24 62
42 54
94 65
53 16
2 98
66 35
93 30
13 40
30 84
23 39
40 36
91 71
18 41
22 15
97 16
46 41
40 2
66 36
10 26
49 78
28 33
1 49
16 44
8 50
10 50
25 49
94 91
11 31
76 4
36 54
17 76
58 89
40 63
90 38
47 84
13 8
96 54
55 39
82 19
47 85
85 64
19 5
62 24
14 75
53 87
83 64
43 98
20 31
61 57
32 24
60 27
0 33
7 61
68 2
67 34
16 53
77 56
20 12
61 14
33 86
19 17
58 15
31 47
98 78
79 75
80 9
42 37
94 99
94 20
22 70
87 13
23 1
98 70
91 43
12 73
86 81
71 73
8 73
85 46
13 44
54 80
36 55
97 40
37 71
74 60
28 75
46 82
8 14
71 9
4 48
15 35
2 82
4 5
7 34
20 75
57 84
25 68
6 58
26 11
50 58
45 8
4 93
44 20
25 11
83 39
4 38
33 48
83 17
45 15
83 3
72 76
82 4
4 20
6 75
51 94
5 58
93 1
97 68
50 84
56 26
34 26
60 94
62 72
20 45
27 19
9 82
40 99
99 59
14 70
31 35
69 61
24 81
62 19
16 39
9 62
1 75
17 24
57 34
82 53
30 30
73 37
47 91
2 75
71 6
73 5
21 5
31 91
29 56
65 63
83 87
11 83
85 90
67 24
67 68
44 40
72 93
58 90
40 52
54 25
19 10
90 97
73 38
40 60
0 0
1 40
83 90
18 60
14 90
8 58
71 69
33 49
98 45
3 74
8 38
74 85
78 71
35 91
30 71
63 44
51 10
3 95
20 85
36 25
72 48
45 12
81 4
53 61
97 28
63 24
22 47
50 96
31 50
57 33
77 19
58 10
13 82
4 92
14 6
47 87
68 5
36 93
57 17
23 42
78 15
89 50
14 72
67 54
28 31
70 87
89 20
96 48
96 21
85 55
16 69
33 22
70 66
9 44
3 55
1 48
10 2
72 39
7 81
47 52
99 31
61 55
74 91
75 85
30 86
77 46
55 21
23 28
72 3
14 61
76 45
70 15
45 54
41 62
84 73
43 97
70 29
57 55
30 8
14 31
52 60
88 65
81 84
80 96
22 77
92 87
12 78
80 49
5 36
43 80
79 90
10 62
42 78
1 45
97 21
37 25
44 0
15 44
95 99
59 32
27 65
78 79
47 83
7 17
92 44
18 50
26 30
84 45
91 85
4 59
50 55
42 70
36 69
16 57
76 63
67 84
39 7
41 93
42 74
22 12
12 18
17 26
89 34
39 34
50 47
65 69
29 47
91 68
45 89
28 44
99 8
59 94
90 85
29 2
14 20
18 77
39 25
33 65
54 55
78 81
16 68
1 26
81 8
94 14
89 59
79 2
3 24
59 13
50 89
5 14
21 56
42 41
48 12
45 36
72 21
22 19
79 17
25 39
81 68
51 0
31 98
26 98
50 97
89 79
84 66
69 79
43 87
71 14
92 79
74 50
26 85
83 82
28 59
10 3
92 42
83 41
52 85
47 81
85 16
64 53
15 3
40 9
64 4
92 0
58 80
45 88
44 11
61 71
48 11
23 81
34 18
76 6
32 65
10 97
41 51
48 76
99 35
90 44
5 54
14 69
28 1
96 75
27 62
41 76
88 85
24 64
65 98
36 79
60 78
64 82
77 64
86 41
3 6
88 11
20 58
93 52
40 73
11 4
52 9
39 32
42 85
81 36
22 87
84 52
61 3
24 42
37 94
10 35
21 83
62 22
57 4
78 59
89 70
94 76
7 21
55 6
37 5
57 3
30 36
78 28
12 72
63 1
16 16
10 99
55 7
57 73
56 81
78 37
8 4
37 18
11 1
84 79
3 68
14 41
86 74
87 41
12 43
44 70
67 66
54 2
90 82
79 20
36 15
57 94
8 78
91 54
84 83
13 65
6 19
86 28
63 61
99 28
81 98
54 34
72 62
19 23
13 7
70 59
79 48
31 4
36 61
21 27
61 25
88 13
78 83
46 0
21 64
2 22
44 57
64 83
51 36
78 29
1 53
68 48
4 91
20 9
50 81
76 44
47 49
64 43
12 74
19 3
71 91
41 80
63 79
82 76
10 96
97 93
47 38
3 39
86 96
71 28
15 15
47 1
70 55
43 54
26 80
59 8
23 94
53 28
33 10
58 26
25 21
94 15
38 88
44 51
34 77
62 37
57 2
20 37
2 74
80 89
41 97
22 96
8 92
42 69
89 89
13 29
51 50
61 59
11 73
56 31
42 19
50 3
25 12
70 75
36 81
16 98
75 55
33 66
49 25
91 95
90 55
30 16
40 66
48 78
46 76
7 99
4 49
66 9
31 62
48 8
73 55
80 42
69 51
58 32
60 90
39 59
58 11
43 33
35 78
84 4
43 49
69 33
16 70
42 88
96 41
54 7
73 98
23 63
81 78
42 92
71 60
7 22
15 25
25 89
4 14
70 2
1 37
98 53
76 90
17 33
38 26
53 40
61 1
89 65
42 38
89 86
66 14
14 46
62 57
10 17
64 14
61 85
90 76
63 70
5 72
73 23
39 85
3 56
55 53
90 7
32 12
40 53
61 72
49 76
56 7
97 55
47 64
21 17
3 40
2 49
86 13
50 5
27 94
79 91
76 38
10 88
24 99
45 9
76 51
78 30
37 32
75 49
58 60
11 25
35 67
62 43
97 96
1 32
86 46
65 27
90 29
92 94
12 14
13 58
74 92
69 75
72 80
62 96
25 72
14 17
53 71
52 40
68 32
88 16
69 14
74 39
43 24
12 19
81 15
78 93
3 62
72 26
29 81
1 20
57 87
53 26
46 10
87 51
4 19
11 53
28 42
50 10
4 35
74 41
3 97
31 21
35 99
37 78
38 81
75 62
10 68
92 74
87 80
66 40
52 33
80 71
22 85
89 28
88 19
18 47
91 44
71 96
88 71
25 92
30 35
45 62
39 80
34 92
30 63
44 94
71 71
8 37
96 99
14 82
70 41
77 52
99 55
55 46
56 80
33 69
93 56
54 15
22 84
98 4
59 96
83 57
70 65
65 4
66 66
61 66
5 49
75 42
16 21
23 85
17 5
36 86
32 43
90 83
13 96
7 84
35 79
17 20
72 64
67 37
55 42
86 64
20 59
32 32
48 21
23 83
82 98
64 91
27 68
66 31
18 44
95 35
18 51
9 26
20 51
74 24
42 57
46 23
80 16
25 42
6 88
45 22
36 64
37 69
14 57
71 48
10 40
95 82
6 65
47 23
16 9
99 30
62 45
36 41
86 17
44 74
12 33
66 16
44 63
49 54
15 86
49 47
30 12
64 15
40 0
20 43
11 42
3 79
29 41
92 32
79 72
86 6
37 6
39 99
8 9
2 18
60 32
32 27
78 4
17 1
57 91
6 82
85 52
60 54
78 36
78 23
5 91
93 4
39 77
18 8
0 80
87 60
65 87
49 28
9 50
98 87
48 5
72 13
45 79
51 91
89 72
0 62
29 63
11 50
79 78
85 34
34 98
89 69
52 47
6 38
31 86
60 98
88 82
23 4
93 86
3 80
87 94
12 7
4 54
8 26
14 4
76 0
61 64
31 75
3 96
72 56
3 83
7 85
33 87
59 23
21 46
78 18
2 80
98 94
28 95
73 91
46 28
71 43
71 85
11 9
46 13
4 60
76 46
54 9
87 95
15 45
88 37
54 8
50 66
35 89
8 69
87 66
92 11
34 8
17 93
58 16
1 47
44 85
78 85
64 54
34 68
0 74
62 28
68 55
37 30
32 3
35 32
20 89
25 73
66 25
88 1
48 71
31 33
13 90
66 97
86 19
8 51
28 91
11 77
45 42
27 63
37 81
21 45
59 51
27 31
79 68
32 74
58 87
31 18
81 52
74 13
33 59
91 14
50 50
97 53
16 17
19 31
68 88
90 41
39 10
89 84
16 26
45 40
70 7
28 12
77 4
13 23
51 48
21 68
73 25
11 85
45 6
26 35
86 58
8 44
29 48
18 31
54 17
0 58
54 29
66 26
47 80
16 81
67 95
31 9
55 90
43 81
63 35
60 19
72 31
97 84
81 63
42 21
91 84
91 48
5 75
39 63
16 82
6 27
66 24
96 38
17 45
38 64
76 82
86 8
40 50
54 33
15 19
20 14
91 99
37 51
55 48
63 27
15 24
6 68
96 13
5 56
56 42
91 7
48 37
81 31
54 16
70 12
92 12
1 65
4 63
70 93
53 79
7 11
35 11
86 94
50 85
98 75
93 90
12 57
93 53
36 16
14 81
37 11
74 18
9 57
50 83
73 31
34 79
97 77
74 37
91 29
46 33
81 45
88 87
26 34
82 79
51 69
26 87
98 8
20 70
43 9
15 77
74 25
0 29
70 28
33 31
12 64
18 78
23 31
52 20
33 19
93 36
29 25
76 19
75 27
47 30
13 92
75 58
59 21
54 62
77 88
98 60
30 73
77 27
51 61
66 12
61 91
0 48
93 92
71 27
97 61
52 32
92 72
61 63
1 81
34 28
23 15
93 54
80 32
68 46
60 89
49 10
51 98
78 65
92 71
93 61
95 97
4 86
24 78
0 66
99 75
15 74
19 74
44 4
10 59
62 81
68 63
83 36
2 15
56 57
35 29
75 75
67 51
84 19
87 89
73 81
12 58
75 30
58 82
24 37
42 40
38 73
29 84
37 91
85 82
44 86
45 75
45 16
54 5
83 40
58 49
52 36
70 91
59 18
71 5
48 50
8 23
83 98
29 59
44 3
29 40
60 35
98 1
82 47
79 99
49 70
27 90
13 87
98 59
48 25
38 58
45 41
48 87
12 86
85 62
3 69
38 1
69 0
1 13
80 46
24 13
28 73
16 89
48 24
10 65
60 77
7 12
45 30
39 46
89 88
83 96
31 22
32 14
5 79
97 43
41 15
28 39
19 52
9 23
86 34
31 76
98 69
27 52
96 84
99 26
22 20
93 78
79 70
90 75
96 18
97 41
56 70
87 64
44 69
76 1
0 53
30 78
47 21
26 15
47 77
33 46
45 43
50 19
77 31
12 92
82 56
87 48
88 27
45 91
31 13
33 15
35 34
6 40
69 63
17 25
16 34
46 81
83 43
93 83
27 71
49 35
99 52
57 93
36 77
57 56
19 35
46 64
88 52
13 19
92 81
46 84
9 36
28 15
72 42
12 88
1 30
58 4
69 92
84 71
40 95
87 15
76 94
42 34
36 46
18 4
46 42
4 52
33 16
55 92
76 14
21 79
92 70
89 83
10 11
77 44
20 71
24 88
62 67
29 95
74 16
80 11
45 27
28 45
0 36
87 42
33 71
66 55
72 43
52 25
36 87
55 82
39 26
60 88
22 55
10 67
51 96
22 39
2 77
93 25
54 91
35 59
48 42
57 96
78 2
89 76
23 29
85 0
5 92
58 28
50 93
20 55
88 31
8 55
39 38
26 44
7 0
62 16
71 15
46 1
51 45
2 99
93 5
7 91
92 55
82 8
45 66
69 9
50 60
23 13
3 28
67 48
35 75
5 39
95 15
27 38
90 48
4 26
72 89
26 48
4 69
88 51
43 2
1 25
65 77
99 34
75 45
95 81
0 82
86 63
82 44
69 7
35 72
93 24
44 43
36 73
5 9
26 2
39 17
97 15
54 83
77 15
95 34
83 60
12 51
62 36
97 47
22 66
24 85
33 98
22 26
16 92
66 71
8 42
28 98
91 73
16 97
34 69
23 43
28 6
21 51
76 30
22 69
81 9
16 4
70 98
43 1
39 35
29 36
18 92
34 9
64 72
59 22
7 64
69 13
4 45
10 78
63 39
26 26
7 82
99 56
52 62
67 59
34 57
46 66
61 44
62 87
65 31
26 4
57 13
34 51
56 24
36 17
39 15
7 93
49 79
93 29
92 88
78 75
59 37
57 95
99 84
99 46
9 34
76 32
41 5
46 31
3 34
82 62
9 6
25 1
70 19
62 2
45 57
70 74
16 56
93 63
53 59
66 93
78 9
18 3
80 91
54 73
5 66
69 35
18 97
75 4
88 57
31 81
55 3
71 63
47 20
1 59
57 45
43 17
14 36
15 80
76 43
61 7
79 59
28 77
92 46
67 93
86 23
96 95
44 36
94 18
82 51
25 13
43 76
77 35
9 13
46 7
29 29
76 8
70 13
10 83
6 49
55 56
20 41
8 28
53 70
88 29
72 75
59 69
65 32
41 41
86 82
12 36
12 93
75 76
70 71
34 45
31 70
30 99
71 38
67 27
41 29
91 11
32 99
73 62
68 77
18 61
92 93
10 15
58 3
27 23
2 21
57 20
61 9
16 85
17 74
76 52
75 7
63 71
67 5
79 14
38 44
80 85
29 5
48 81
94 96
7 67
55 76
14 52
89 6
15 31
10 80
9 45
63 76
69 43
6 43
32 66
88 60
86 55
48 45
1 95
29 20
46 98
37 97
98 2
2 86
72 30
55 93
35 51
94 40
29 76
38 94
47 4
31 27
7 55
83 21
28 94
16 59
99 49
60 80
76 81
49 22
34 13
12 1
17 28
79 98
29 14
94 94
1 52
19 82
44 6
36 23
2 6
60 30
99 21
87 21
29 26
46 74
36 24
22 58
60 87
65 99
84 28
0 88
56 12
25 83
31 5
62 40
52 12
62 33
41 81
21 99
31 28
98 77
78 63
66 50
25 47
45 17
77 63
96 77
36 72
60 23
77 13
8 10
61 79
37 35
63 99
62 97
95 75
7 78
87 62
63 54
49 94
51 79
96 53
69 53
74 69
32 64
64 60
75 23
81 41
16 55
67 97
40 12
89 52
52 29
40 80
54 78
11 13
94 78
64 68
77 78
43 60
27 87
43 37
62 8
39 3
11 2
86 2
89 56
54 46
85 11
76 16
50 73
33 28
39 98
21 36
58 42
21 62
8 8
76 23
63 2
27 5
7 4
55 59
37 60
2 55
7 79
7 59
21 88
92 29
66 58
67 64
55 36
18 53
76 18
47 41
19 6
79 29
78 94
69 19
73 93
31 29
36 13
26 51
14 44
52 41
18 94
18 7
29 80
36 40
25 54
53 2
12 60
49 63
90 86
4 27
5 41
58 50
53 62
63 64
87 37
62 23
17 80
16 24
39 73
28 57
91 64
11 66
50 99
76 92
60 16
18 96
36 65
97 1
41 91
82 2
99 15
88 23
88 90
35 23
31 11
62 6
90 77
66 3
44 73
7 76
67 57
3 54
7 15
94 28
66 89
94 62
12 94
11 64
88 95
95 76
53 47
6 81
29 97
77 66
95 14
3 91
48 30
21 43
85 44
0 71
5 32
0 32
92 64
0 49
5 38
51 90
49 45
63 20
91 49
97 33
88 30
1 44
75 24
83 51
5 80
25 36
99 4
45 37
84 31
98 55
7 69
19 53
7 7
48 65
73 61
65 15
45 45
94 90
68 45
98 10
48 44
59 49
34 66
98 52
35 12
80 12
19 0
88 68
26 86
31 45
16 58
5 34
73 88
71 62
23 58
41 70
13 83
84 78
17 2
63 41
9 83
47 92
60 60
38 29
55 51
32 92
4 62
19 14
54 20
87 12
19 56
84 12
12 71
48 36
49 4
53 82
6 55
74 68
64 35
62 31
21 28
19 28
44 64
90 11
42 62
96 29
14 91
11 26
73 30
43 36
43 8
11 47
78 24
39 87
91 42
6 98
84 76
8 13
37 47
10 48
17 71
60 46
44 68
52 39
68 26
36 29
5 52
28 25
37 31
73 4
66 96
14 67
28 22
48 9
49 77
39 20
90 59
75 13
57 6
20 88
3 50
39 8
63 62
57 54
98 67
37 92
81 71
13 15
96 64
31 60
78 16
40 41
27 46
35 86
94 31
50 29
72 22
6 26
73 52
93 37
48 3
18 86
0 87
66 23
23 21
55 8
57 99
28 71
97 91
49 57
29 45
85 76
10 84
70 81
78 11
63 81
23 90
20 36
73 69
18 36
66 84
52 10
78 73
57 44
35 2
59 73
79 26
80 7
24 26
82 84
45 33
76 80
35 30
82 88
88 99
74 98
81 40
46 96
42 61
32 2
88 41
39 82
27 73
28 34
82 58
19 78
32 72
78 42
30 20
16 76
48 68
3 43
46 26
51 44
28 47
68 24
0 7
21 65
99 96
60 73
78 33
47 2
31 89
83 77
82 39
66 30
69 29
67 18
31 42
60 93
53 94
10 53
21 26
52 70
77 41
60 13
66 51
75 31
54 43
57 53
81 64
25 33
42 95
61 50
19 71
29 32
12 34
41 6
24 4
73 73
54 77
93 75
53 38
76 88
34 71
91 92
62 12
85 22
85 89
46 44
8 62
22 27
88 81
88 6
77 24
39 78
49 5
50 74
28 93
51 63
29 28
64 8
80 77
16 30
10 25
81 12
4 76
30 66
94 98
85 81
50 71
87 69
74 96
66 33
47 0
8 98
40 29
82 15
75 98
32 68
15 17
65 97
98 15
0 15
98 23
30 9
97 51
79 28
48 70
43 91
73 39
32 44
60 43
6 61
53 52
58 72
54 37
53 46
57 49
82 54
45 68
75 36
77 5
84 18
31 39
50 12
27 69
44 22
60 40
95 52
13 33
97 37
30 93
28 17
63 14
33 41
47 26
45 61
62 90
91 34
76 3
39 54
25 53
36 89
2 89
35 61
74 75
8 40
87 67
29 55
4 79
14 49
53 86
25 85
71 84
56 93
29 31
90 63
21 25
13 24
2 14
94 82
86 88
81 33
52 75
32 47
19 7
38 89
10 39
15 5
77 45
81 47
71 24
16 18
85 53
87 29
61 62
63 55
14 51
70 16
3 51
14 38
42 42
74 40
42 91
37 82
28 53
43 41
33 3
48 67
83 15
5 5
82 92
57 0
88 62
21 23
88 72
59 58
17 30
62 52
31 94
97 69
90 10
1 42
93 80
43 57
84 90
62 42
87 73
98 92
49 7
40 21
55 49
57 79
20 26
23 24
5 84
89 30
15 30
25 30
35 96
56 48
89 63
33 21
30 4
89 58
17 23
72 50
93 21
91 81
63 88
3 87
88 80
55 19
79 38
82 7
40 38
1 10
34 40
47 75
49 29
21 33
30 45
92 65
22 68
56 19
10 52
74 83
87 63
2 73
36 94
71 78
26 17
16 74
15 8
2 34
52 4
8 89
17 63
74 23
82 71
94 10
22 62
20 96
36 91
20 60
83 72
44 34
46 80
13 48
58 63
42 0
39 19
66 82
87 54
50 36
90 92
44 95
13 21
18 38
50 31
82 6
89 60
88 61
83 93
4 0
92 48
27 86
70 14
90 0
13 50
40 44
24 41
63 16
80 29
21 10
67 33
45 92
49 90
4 94
89 4
84 65
82 77
16 88
43 45
52 64
82 45
4 30
69 21
30 90
37 55
35 88
69 89
45 47
12 53
63 87
86 93
0 43
75 81
58 95
74 45
77 77
17 38
55 99
73 27
11 29
10 69
51 86
97 63
41 26
45 64
96 59
45 95
56 40
76 97
22 7
93 42
34 95
88 66
52 81
94 7
74 35
67 16
80 19
79 9
89 25
19 91
35 85
8 61
28 14
92 34
3 15
43 44
18 64
47 66
35 25
61 78
0 83
89 37
7 31
26 32
6 35
99 39
0 47
52 1
40 89
76 15
35 17
7 10
35 55
44 24
85 58
58 9
17 53
13 86
91 12
54 94
32 6
46 95
94 75
21 81
42 22
60 76
96 1
52 3
81 58
94 51
24 16
56 3
80 92
39 97
34 70
29 46
65 80
54 12
80 17
72 55
5 17
95 24
96 56
95 53
45 81
67 43
27 37
25 24
43 19
84 57
91 15
69 10
9 76
12 95
18 35
10 90
45 44
37 59
75 12
23 98
29 11
49 37
1 11
0 95
90 96
87 84
5 35
72 73
17 87
99 38
5 47
62 9
61 27
54 72
26 73
94 52
45 72
64 13
85 19
82 38
63 49
49 86
11 51
74 6
23 87
70 58
74 28
85 25
43 52
90 89
4 12
45 80
88 79
89 42
5 33
88 5
22 6
32 69
25 82
96 47
38 76
41 18
98 96
12 12
7 19
37 89
32 30
47 37
67 22
95 19
29 69
97 2
98 39
56 16
55 5
50 9
77 70
71 77
77 95
67 23
79 0
88 63
49 31
72 15
78 62
80 59
55 97
71 57
7 45
27 40
38 42
28 89
41 99
97 87
12 50
28 30
65 11
76 47
8 30
25 61
2 37
25 84
29 6
38 11
97 89
75 67
61 20
31 64
64 50
33 23
53 4
67 1
16 61
15 48
82 29
24 18
79 94
67 11
4 51
43 77
36 19
2 47
59 67
68 99
30 69
5 53
69 68
84 56
22 30
1 12
21 75
6 14
50 70
98 57
21 93
39 51
12 11
64 62
8 2
80 38
62 60
6 47
47 58
97 73
51 34
22 49
96 89
57 80
52 51
55 71
99 23
99 45
49 32
15 93
11 15
26 12
86 83
16 12
12 13
37 46
63 69
88 45
86 38
92 77
78 68
84 80
77 2
64 69
35 50
58 45
8 85
22 43
69 66
81 80
56 14
5 40
6 23
46 11
88 42
5 74
18 37
76 21
53 49
54 51
30 88
33 74
86 43
89 81
58 67
95 83
2 57
68 11
40 97
62 56
5 64
8 16
24 43
8 66
87 39
94 93
39 33
51 16
95 22
80 58
39 74
74 72
83 18
47 18
22 25
43 27
9 37
85 2
63 32
82 83
54 3
96 82
63 26
59 11
32 73
39 21
80 78
73 17
49 26
77 28
59 66
65 71
63 43
77 20
96 42
22 28
63 17
36 5
73 20
24 14
17 50
1 60
61 34
43 96
96 67
73 97
68 52
80 35
21 29
0 46
93 7
20 66
61 95
97 72
54 53
17 10
63 12
83 61
85 3
41 95
78 99
11 68
63 82
83 35
59 33
78 53
41 52
6 37
14 95
54 79
28 29
11 48
90 9
9 22
76 76
9 95
69 48
37 72
14 84
43 69
27 24
29 91
89 91
10 20
68 54
81 90
4 65
85 24
3 25
2 29
50 56
96 19
0 9
16 78
68 82
24 1
13 56
66 5
39 76
69 74
82 91
96 86
72 91
41 89
63 36
0 13
36 97
86 92
83 1
97 54
46 67
64 31
15 73
31 46
75 17
64 45
83 28
82 87
81 35
56 61
58 70
23 12
66 37
64 71
56 53
57 69
17 86
60 58
8 70
15 50
29 22
33 33
98 73
82 69
6 77
90 94
63 6
21 2
57 76
72 51
8 99
19 81
80 74
15 88
52 50
11 21
2 50
53 81
12 28
30 79
54 64
96 44
90 68
24 57
16 6
58 33
59 72
85 5
11 65
95 2
95 57
73 36
71 70
48 13
17 95
79 15
40 35
45 7
14 23
23 10
8 74
24 53
68 21
52 86
28 56
80 57
61 41
20 21
1 41
55 30
23 25
12 61
84 22
41 72
41 60
83 42
99 77
75 92
23 89
22 46
30 82
65 45
75 16
99 16
28 86
46 47
9 32
85 14
92 25
13 25
75 9
34 19
45 0
0 23
37 66
14 43
28 79
98 68
90 2
12 54
81 17
3 67
71 81
85 91
83 23
33 29
29 66
17 64
72 96
80 80
82 48
24 59
99 27
11 12
25 96
73 16
97 25
54 76
0 38
67 72
70 72
93 8
42 36
38 45
14 28
96 5
86 73
10 38
68 60
1 46
48 91
19 54
63 60
34 67
24 7
88 34
82 33
35 1
19 46
64 57
17 31
4 34
38 21
74 89
76 48
31 79
76 42
6 69
12 37
8 94
4 55
92 99
74 3
13 69
25 80
21 22
27 15
46 6
21 67
95 31
67 8
59 45
83 63
58 55
1 51
65 12
18 98
94 69
32 36
59 14
96 39
46 19
63 56
39 65
11 20
66 2
30 22
88 55
48 6
20 44
51 62
97 92
10 63
78 19
71 98
93 35
28 4
18 30
53 24
98 66
22 64
11 44
63 63
65 35
3 21
38 9
26 68
78 44
7 90
87 96
3 42
69 37
23 84
24 40
67 80
24 39
14 71
34 83
97 26
19 29
91 61
77 92
38 51
40 6
23 86
50 8
12 46
3 37
66 91
40 58
57 85
42 31
44 49
7 8
6 64
29 33
74 26
69 25
58 5
5 70
23 97
41 0
58 22
87 87
22 41
31 96
42 29
76 93
55 11
89 77
76 24
12 21
47 51
12 80
92 30
78 3
62 7
67 77
1 19
8 45
15 51
1 61
83 34
40 11
69 2
85 39
66 67
11 0
14 54
11 11
38 24
90 5
74 4
92 1
60 38
87 33
65 54
64 51
20 18
14 68
2 76
6 29
59 97
7 20
15 82
37 86
57 36
62 73
96 83
94 55
60 56
19 77
85 61
15 62
68 25
90 74
30 26
65 82
0 3
59 90
0 75
62 46
6 20
34 36
57 35
43 35
87 68
97 58
46 5
46 20
53 45
49 99
32 4
32 93
27 33
56 85
38 57
47 32
97 74
36 57
70 20
0 73
75 21
17 60
73 54
3 23
81 83
70 23
27 0
75 47
29 12
68 49
30 52
97 80
57 7
3 48
24 24
85 51
7 38
73 83
56 67
41 61
22 97
72 10
17 41
15 83
3 7
7 89
65 57
65 2
19 55
68 61
81 93
79 60
75 74
71 19
20 22
58 85
64 26
71 82
22 90
50 17
89 87
71 50
35 15
71 23
70 49
9 29
65 3
65 88
77 94
66 60
15 91
56 77
86 69
21 52
27 9
50 15
15 60
16 15
14 62
18 13
57 48
23 38
45 76
46 63
43 15
95 58
35 10
93 79
2 44
10 77
38 46
25 22
32 77
41 7
21 34
40 30
32 38
45 74
55 24
16 99
79 96
18 39
34 85
31 92
12 70
81 73
95 88
71 42
46 69
47 54
46 53
2 96
63 51
77 21
99 17
9 12
34 22
5 44
69 87
15 7
23 76
79 13
92 41
69 57
55 43
28 19
21 84
19 72
61 32
36 53
85 77
5 11
35 37
6 21
97 50
30 59
41 16
5 27
77 79
17 58
31 24
39 92
41 84
12 15
76 33
33 73
62 32
28 10
30 48
55 22
74 15
11 39
61 4
15 47
76 83
40 49
47 8
5 20
41 55
76 34
16 45
10 61
14 37
0 94
93 87
96 33
63 46
35 87
53 60
48 84
57 18
8 34
76 17
10 72
14 88
67 81
3 12
51 33
54 28
7 65
57 68
60 83
68 41
64 19
71 76
46 37
73 77
93 99
41 30
7 44
98 21
2 43
51 43
80 60
65 91
81 19
26 83
17 29
8 22
44 99
82 24
14 96
72 19
14 21
49 87
46 16
9 56
9 79
82 63
76 12
39 29
18 63
9 40
76 60
26 23
55 63
61 60
71 64
25 32
77 48
50 57
82 67
47 99
24 32
46 34
36 22
0 84
9 31
27 41
52 91
24 48
88 0
88 58
49 59
46 91
91 20
95 37
6 89
10 21
62 35
54 35
78 90
89 31
9 20
26 1
43 31
49 18
37 65
69 38
61 65
10 47
92 67
77 1
30 10
31 67
16 42
31 78
25 78
38 80
2 69
16 94
72 23
80 23
39 12
76 74
78 82
64 39
92 23
53 33
43 64
83 95
49 93
62 29
33 42
75 2
72 68
71 97
24 11
41 45
20 48
22 72
22 88
45 67
56 72
60 31
10 18
0 41
67 9
14 78
67 65
52 52
40 39
55 26
88 33
50 62
86 67
4 8
46 70
74 43
13 41
88 17
17 12
52 55
79 50
36 9
80 33
91 26
44 12
69 76
22 56
1 62
10 70
80 1
70 40
87 74
70 33
12 5
34 96
32 86
68 13
5 62
20 74
97 97
67 56
85 99
30 34
56 11
85 10
10 37
76 58
18 71
50 61
58 12
93 50
0 14
60 42
91 4
27 67
16 40
37 63
91 41
19 36
59 38
33 53
88 12
52 18
40 4
39 47
53 76
37 29
25 70
54 13
55 52
99 19
5 10
98 43
61 38
16 1
98 22
67 40
57 64
34 7
99 40
36 14
48 40
38 32
62 0
86 15
14 29
95 29
66 20
45 93
50 22
31 93
62 98
9 24
94 11
11 52
12 29
12 62
40 83
25 64
45 50
18 19
58 76
34 54
42 55
98 51
56 39
56 86
19 60
21 44
43 6
5 2
15 21
44 91
89 22
44 18
37 9
69 3
32 34
70 76
42 47
47 24
65 37
97 79
40 1
37 70
39 94
55 54
53 93
97 49
62 3
92 8
47 96
20 90
17 0
67 0
58 52
32 82
51 20
79 37
65 26
7 9
75 14
94 6
61 94
49 8
35 92
20 33
22 54
44 42
67 50
18 59
65 21
70 70
79 6
75 8
22 23
71 35
41 85
7 53
76 39
45 99
83 26
97 9
23 48
95 72
38 35
93 48
35 60
69 40
61 40
90 98
70 97
58 6
70 95
18 6
3 5
51 89
56 41
82 26
57 38
91 91
45 3
95 49
32 48
32 70
63 92
31 12
9 27
19 26
70 11
67 26
18 20
69 24
14 94
68 7
60 72
43 78
47 53
39 5
91 32
74 58
71 1
66 27
91 8
13 4
37 26
65 70
3 3
80 62
68 58
0 1
1 67
98 33
28 3
4 17
77 55
62 92
13 49
92 2
81 92
92 13
46 61
26 7
65 19
18 32
65 16
43 66
20 11
80 54
21 76
72 11
57 97
80 31
32 15
42 50
35 68
74 54
59 80
27 27
30 95
50 14
89 46
40 94
90 46
25 55
19 61
26 6
17 39
24 44
14 15
78 7
86 42
36 12
13 79
93 97
54 71
12 97
52 69
81 1
96 60
68 92
95 84
14 73
74 0
79 53
48 29
89 98
10 10
20 16
33 56
53 95
4 22
9 75
29 70
9 78
24 21
16 5
14 80
37 8
44 62
84 32
48 0
77 68
50 42
43 72
99 71
19 66
27 74
9 80
82 28
27 22
64 29
53 99
9 25
92 68
99 1
30 7
78 69
94 48
53 44
75 97
2 28
79 33
6 73
2 31
58 36
37 7
33 89
61 28
34 78
64 17
41 33
10 42
63 85
93 44
80 20
66 22
0 28
27 29
84 43
67 62
28 38
74 46
41 35
44 53
56 97
55 74
92 26
64 38
93 46
23 92
4 29
80 10
98 80
92 49
11 95
57 41
14 25
46 90
84 3
18 84
62 41
31 84
25 17
54 18
70 3
91 80
94 59
62 64
84 35
54 92
71 40
43 68
88 77
49 49
14 63
80 3
66 74
11 40
37 41
38 95
88 21
48 97
89 36
51 70
69 96
19 58
82 95
49 17
20 32
40 98
24 46
28 5
21 14
60 47
64 23
55 66
66 17
62 94
70 96
60 70
42 15
40 13
55 13
22 36
91 50
39 6
47 31
99 91
87 99
66 85
53 91
26 99
84 97
62 70
83 46
95 28
78 80
69 99
40 26
23 26
91 79
53 32
59 65
41 1
46 14
12 69
79 71
44 60
69 6
48 56
52 16
93 10
51 85
31 36
13 61
61 76
55 83
65 40
45 94
71 80
33 93
81 29
92 20
83 33
26 5
91 28
50 82
32 95
29 54
82 49
51 95
9 70
13 97
87 44
0 16
65 58
37 36
78 8
34 56
15 84
85 59
61 13
51 81
3 26
60 20
55 89
21 87
44 87
3 78
40 74
16 19
85 75
72 18
73 0
72 46
11 81
92 96
2 92
7 74
36 71
45 84
45 39
7 92
30 39
83 5
51 67
16 86
91 46
48 74
26 53
90 4
27 21
42 16
48 82
50 23
4 37
38 78
71 44
48 20
52 88
68 18
18 0
51 29
27 42
80 51
62 44
90 70
27 3
15 68
56 75
58 13
48 69
71 39
48 60
76 61
7 95
56 58
4 61
52 6
32 56
96 23
51 65
33 8
63 67
24 65
93 31
93 62
72 72
3 14
15 71
49 74
40 17
12 42
75 99
56 30
85 23
2 65
74 64
24 54
28 83
4 75
39 57
40 15
84 39
47 90
16 77
45 4
23 78
62 53
86 65
25 99
65 7
97 94
61 10
29 23
82 16
67 79
14 34
59 7
77 23
31 19
39 16
55 78
46 72
41 44
7 49
74 34
54 81
40 84
47 55
78 25
12 84
74 82
60 99
46 56
67 89
27 56
17 90
11 90
3 52
24 36
83 45
95 70
79 31
43 58
80 76
33 85
47 56
92 86
15 49
7 97
55 16
56 20
53 51
90 51
60 3
27 55
49 41
23 67
57 58
82 65
40 34
13 70
6 44
91 55
87 71
46 93
95 6
79 46
15 32
67 53
11 56
37 93
16 13
40 87
35 66
10 51
5 30
66 83
88 18
42 59
26 82
27 88
71 26
78 50
69 4
86 98
96 72
79 89
74 67
17 9
96 11
80 70
67 41
7 3
10 27
4 89
51 14
95 11
10 87
14 12
12 30
56 84
30 74
39 67
82 21
91 9
77 10
42 39
46 9
37 19
98 44
56 54
1 72
78 61
15 14
18 73
19 51
1 80
99 83
91 17
67 67
79 4
21 91
36 58
96 78
18 62
81 22
33 88
89 16
37 24
68 37
71 83
1 14
51 13
28 35
95 23
83 55
98 30
61 31
58 79
25 88
17 77
77 37
44 81
92 63
17 7
65 33
12 27
51 32
3 30
78 66
92 50
54 23
87 88
26 45
57 71
64 58
85 88
75 43
36 32
53 42
72 60
46 55
23 36
67 46
39 58
52 31
59 53
85 54
76 59
70 34
71 72
35 14
70 56
36 0
44 2
83 0
47 13
61 18
8 20
49 60
29 78
2 1
16 65
9 17
19 93
73 26
96 6
11 74
55 86
32 78
64 9
62 91
25 26
92 21
48 2
63 28
17 6
7 71
58 25
66 53
10 16
60 64
14 66
54 70
18 65
27 20
81 48
76 66
59 43
62 21
16 32
28 81
78 14
51 72
19 85
4 88
16 54
66 39
89 5
25 51
59 95
29 50
89 7
46 21
32 10
49 40
55 14
47 10
70 10
85 95
20 34
62 5
76 10
66 15
22 86
14 10
13 11
46 15
40 24
40 37
57 9
64 22
40 32
0 51
93 64
86 29
31 17
51 76
77 49
34 1
2 66
75 66
57 46
29 8
66 34
32 41
98 40
85 86
76 57
91 37
10 19
87 90
30 38
85 26
53 53
40 81
83 66
5 94
49 71
31 31
13 95
24 91
22 93
1 8
15 54
18 2
47 25
15 55
38 23
14 58
49 33
24 76
69 86
19 63
53 9
51 49
30 51
49 91
20 19
26 64
70 73
46 79
76 86
16 7
46 73
56 49
20 13
43 75
49 21
47 7
96 12
62 55
64 44
52 82
9 21
46 49
25 44
70 82
61 36
9 0
24 71
2 48
55 65
36 68
65 53
3 18
22 44
58 61
25 41
86 66
73 70
19 96
9 63
58 2
50 64
89 41
26 66
59 68
51 75
79 87
25 0
32 49
92 52
74 65
80 39
36 84
7 66
20 86
95 73
61 56
0 78
15 72
22 89
65 76
48 16
84 0
75 90
81 81
6 95
38 56
83 92
10 76
38 65
46 78
81 51
42 32
65 48
63 30
2 8
85 49
99 82
84 27
97 64
65 29
90 50
58 71
56 52
59 10
22 45
51 4
34 74
40 76
38 39
96 88
58 31
56 50
16 3
43 32
74 90
26 88
47 15
13 62
39 50
32 96
22 91
39 40
66 7
74 53
8 12
14 40
54 0
64 76
30 87
56 0
33 70
79 76
36 30
52 44
63 22
96 79
30 53
51 99
86 90
36 34
72 47
97 23
52 38
52 27
86 53
26 81
35 38
87 49
99 95
36 60
57 81
9 66
78 32
99 7
43 34
40 22
98 47
6 46
35 56
54 24
55 50
84 60
19 18
50 16
9 67
82 40
20 27
6 66
35 21
79 1
6 70
92 40
72 1
76 50
72 85
70 61
47 88
71 2
70 5
55 47
55 32
57 92
94 46
26 19
45 77
81 11
73 44
82 34
39 42
30 15
33 61
9 90
32 5
69 91
11 67
95 94
50 18
66 72
44 80
64 61
73 18
43 43
1 2
22 65
90 87
34 20
86 32
74 30
0 68
26 58
48 47
43 83
26 90
74 63
90 40
1 34
70 88
85 93
73 21
49 61
32 76
45 32
21 13
87 34
30 21
9 18
25 28
62 25
96 71
62 17
83 74
40 42
91 96
15 95
38 6
7 42
43 20
99 51
90 71
30 41
2 46
1 68
25 66
32 63
9 68
84 64
80 88
33 60
15 96
59 62
68 90
5 77
56 69
69 93
50 2
65 73
21 89
86 24
9 48
57 88
98 83
73 89
28 74
52 42
99 93
58 97
15 76
71 30
48 1
75 73
40 61
8 97
49 68
61 87
68 81
32 83
9 59
2 94
70 99
31 68
65 10
84 58
62 58
59 61
46 99
51 19
35 28
31 6
80 97
43 28
42 89
18 10
76 54
42 12
87 10
38 13
1 93
97 42
81 25
57 21
51 1
59 89
65 67
22 74
8 90
38 40
64 70
98 5
27 48
50 78
82 66
31 65
65 75
42 25
34 15
82 99
83 48
73 12
82 59
20 53
51 41
97 36
37 56
97 98
39 55
92 75
67 17
37 68
45 23
31 25
44 33
30 0
49 88
77 38
93 58
19 49
90 34
57 83
84 62
8 48
57 29
38 14
38 91
21 98
86 35
93 82
52 58
4 31
44 44
56 51
90 93
81 27
54 97
18 68
59 77
18 69
30 96
10 91
23 3
53 3
61 23
20 3
10 64
13 27
20 62
54 10
84 11
69 15
68 39
67 69
56 82
4 50
47 82
83 20
62 82
49 15
37 76
56 99
19 27
71 92
62 89
29 1
69 34
43 4
42 65
35 5
27 18
89 80
41 98
42 64
50 7
43 21
42 84
43 74
31 73
85 35
4 36
91 40
56 32
50 67
43 46
15 43
53 0
42 66
53 55
95 91
89 96
61 45
96 27
6 18
95 43
41 21
5 57
62 20
32 26
34 39
99 70
91 21
0 96
52 45
9 16
23 60
99 10
5 81
42 52
7 28
90 28
85 20
22 80
15 79
61 80
39 69
35 54
34 63
22 2
16 66
47 12
39 1
59 26
44 82
83 10
24 38
46 3
42 82
67 83
68 14
60 67
71 36
35 43
6 33
83 86
98 9
85 69
64 92
79 67
21 42
70 86
28 63
81 95
95 51
36 76
38 83
17 66
86 12
45 69
11 82
19 20
16 79
3 76
70 44
54 57
50 41
92 15
52 28
82 31
21 19
64 32
75 95
49 62
44 96
91 83
48 62
73 82
17 72
0 86
93 19
20 92
9 71
29 87
64 65
2 67
36 78
82 10
17 88
64 30
15 4
64 56
78 60
1 89
79 47
75 94
59 56
87 8
82 9
75 57
67 91
55 67
11 33
28 23
93 28
40 46
1 82
54 32
80 65
49 46
9 85
90 56
89 26
21 97
95 12
85 98
0 76
70 77
93 65
64 18
82 60
23 11
72 74
80 55
1 64
1 28
1 33
23 9
88 69
91 75
44 35
40 96
19 67
52 92
19 80
19 34
46 18
10 6
77 53
18 57
67 38
83 7
7 39
9 89
94 72
46 27
40 56
80 4
62 76
67 29
81 49
78 88
42 18
28 70
45 29
67 78
28 55
33 97
72 32
20 42
53 77
65 47
89 57
85 84
41 96
45 53
55 68
36 67
89 3
42 83
18 45
89 64
13 46
30 56
32 71
40 18
36 1
89 39
70 24
44 65
96 46
27 50
87 76
70 8
44 98
40 43
43 94
17 78
44 41
9 33
40 59
90 3
0 19
73 35
75 35
61 58
97 32
50 51
52 98
16 72
58 14
5 95
78 46
50 80
58 17
59 88
49 9
74 19
18 90
33 62
0 25
84 91
79 21
8 21
15 59
74 17
41 57
99 12
75 32
88 64
81 28
8 15
88 25
40 72
65 36
65 44
2 12
55 75
48 66
29 85
57 5
20 94
31 3
85 74
38 16
38 63
42 98
98 98
2 95
56 47
61 52
82 5
6 41
84 86
82 64
15 85
96 61
32 80
87 20
43 23
66 41
19 90
74 7
87 92
93 2
84 29
55 17
89 75
13 59
71 61
13 66
90 81
