100 3
24 88
52 2
26 79
45 66
64 30
61 57
8 65
22 75
16 37
64 0
96 87
38 24
14 80
6 94
0 6
84 83
14 39
58 22
69 36
54 28
80 3
46 72
87 72
15 87
26 56
97 95
38 12
74 23
45 82
85 85
13 83
32 70
40 48
74 40
69 70
45 56
84 38
99 55
40 75
74 27
36 95
2 2
35 58
57 64
6 97
90 86
17 29
52 6
54 30
84 79
8 52
86 89
60 91
56 17
80 36
24 17
20 99
38 7
92 2
26 51
0 76
42 50
19 53
91 75
79 48
85 70
21 29
42 13
49 99
54 0
21 1
65 69
20 24
14 19
73 8
31 6
53 79
75 53
45 4
64 87
14 40
6 6
93 54
49 5
2 21
85 73
38 35
7 11
72 69
64 28
72 97
95 32
6 33
57 31
25 90
97 29
53 15
82 71
60 84
92 66
83 3
45 20
61 83
1 98
15 42
99 54
42 77
45 63
58 7
40 30
8 31
79 20
98 3
80 96
68 1
26 67
29 7
79 56
87 99
17 53
41 60
21 93
1 32
40 37
43 28
51 88
48 56
66 56
0 1
30 33
98 62
95 44
74 37
9 46
4 11
57 36
24 23
99 64
3 74
54 87
80 70
51 53
13 48
75 91
42 52
18 50
4 9
37 31
51 98
28 57
33 40
90 75
50 55
77 45
55 61
4 27
34 53
92 57
40 97
32 79
40 26
68 18
75 9
47 85
65 0
31 66
59 19
29 21
62 87
29 90
58 71
30 5
76 9
51 7
20 82
86 15
20 74
65 66
99 94
63 61
64 86
23 22
4 3
16 34
10 36
35 6
63 86
98 88
7 20
38 82
40 10
90 98
20 90
13 95
35 23
67 77
92 20
13 8
3 11
35 28
22 69
80 95
1 89
39 49
9 18
45 1
43 24
58 1
91 14
70 97
0 77
14 23
29 77
42 87
64 59
87 56
66 87
90 38
81 89
21 37
93 32
60 25
60 95
42 22
16 12
1 16
54 36
2 11
48 15
62 54
89 76
97 76
29 45
57 16
58 77
70 28
48 83
79 70
8 47
78 37
4 1
65 50
60 10
60 46
18 64
33 44
8 0
14 87
10 49
41 95
22 73
92 77
41 40
26 42
24 27
93 52
46 75
24 46
66 65
85 20
57 73
12 21
1 84
88 64
62 15
15 19
83 95
34 46
75 8
37 57
66 34
64 16
49 80
10 5
59 7
70 45
5 83
32 19
2 33
87 78
65 82
76 12
11 91
47 60
83 42
74 43
13 78
2 99
41 35
19 56
1 36
3 92
25 18
66 44
69 35
46 25
51 50
49 59
65 34
91 94
46 78
74 83
5 73
26 61
60 68
18 26
87 57
62 56
22 20
91 78
38 55
65 21
61 13
83 93
11 51
73 51
85 86
85 68
24 16
85 44
45 40
23 65
5 18
56 87
99 69
85 52
29 18
27 39
66 19
89 32
42 94
61 30
11 77
54 47
25 59
8 86
99 33
70 48
78 83
59 27
29 60
81 39
12 79
84 74
37 79
83 39
60 62
82 38
37 12
11 12
78 3
82 85
50 90
61 21
95 98
67 79
45 31
54 88
84 29
71 58
41 7
68 49
6 30
40 83
98 51
51 28
6 49
77 15
50 92
77 78
82 50
99 41
72 92
56 68
23 95
27 51
19 58
36 5
22 10
81 67
57 77
10 60
41 33
47 12
9 6
7 45
32 81
15 99
67 70
41 94
9 79
32 82
9 94
54 93
71 30
44 38
52 35
52 88
96 77
69 50
5 54
87 13
44 51
18 63
73 98
35 89
55 6
99 22
33 5
46 55
94 58
9 45
91 16
80 55
72 3
16 56
22 56
89 74
90 43
63 42
92 17
87 48
33 57
70 50
31 72
92 52
19 91
36 75
5 0
41 69
52 16
59 30
26 9
45 16
47 13
8 96
87 95
52 38
32 68
27 3
76 99
42 36
62 63
35 94
69 21
1 4
83 84
23 27
92 90
6 1
73 30
40 1
41 51
78 4
79 74
22 6
15 78
22 82
84 6
67 65
35 68
28 52
66 8
82 55
38 29
73 19
55 72
77 46
83 19
21 96
86 73
25 37
87 8
83 43
86 32
35 49
86 13
1 61
28 40
22 8
9 35
63 78
19 51
49 28
38 14
81 84
27 82
13 64
90 42
12 46
36 22
39 17
36 82
38 87
4 96
16 73
71 2
20 58
94 47
83 33
28 41
63 60
73 5
69 73
66 45
50 93
76 6
81 37
13 90
57 28
15 32
71 1
15 4
92 58
9 82
60 7
53 97
0 50
86 30
64 57
27 6
5 2
57 84
57 44
71 54
96 89
31 13
93 2
43 20
72 65
80 80
95 83
11 31
99 84
45 72
19 46
73 72
51 18
26 99
12 24
86 82
12 59
64 43
0 86
97 34
8 6
1 0
60 50
70 68
12 26
16 1
7 13
27 48
46 18
60 89
10 88
8 82
96 61
46 91
61 0
87 51
95 74
50 14
46 30
67 71
89 31
46 68
81 34
74 30
63 56
55 84
94 17
34 90
32 51
95 46
32 87
74 55
86 67
36 25
86 31
2 20
34 43
32 1
61 8
16 14
77 48
17 78
87 35
41 1
55 49
95 97
85 82
85 76
20 11
33 55
76 54
55 18
47 51
66 85
96 18
74 51
81 35
91 64
19 27
36 45
41 12
0 36
45 71
38 33
30 11
38 61
42 29
47 30
87 77
53 56
84 46
41 36
95 91
22 79
53 55
37 32
67 27
93 18
91 25
57 82
95 26
54 53
7 68
59 91
2 6
86 78
64 70
43 65
58 85
25 53
95 69
96 43
45 69
42 84
46 59
17 72
51 15
53 11
54 99
16 79
46 90
54 33
71 87
71 18
79 61
41 20
21 72
99 66
86 18
10 64
98 82
77 51
42 14
8 13
41 17
97 62
98 20
84 69
34 89
26 95
74 96
1 59
56 3
41 91
76 94
99 36
0 13
25 50
10 63
28 21
24 96
84 62
38 26
90 9
74 17
22 11
41 44
57 34
31 94
60 81
29 69
48 55
20 55
51 59
60 54
91 41
20 70
21 49
36 68
68 3
82 28
51 1
13 57
92 70
8 87
86 1
99 7
67 25
52 94
88 40
3 95
35 85
87 14
81 31
66 63
68 30
93 37
34 10
2 61
19 30
11 74
30 1
19 44
6 3
24 0
34 44
67 69
88 58
63 72
69 26
11 41
29 97
76 41
64 83
89 23
21 8
72 54
40 62
97 69
66 91
83 54
77 23
43 80
20 75
8 66
97 7
61 49
85 66
91 74
88 4
25 31
10 61
52 55
52 39
69 84
83 46
49 54
14 6
90 36
89 51
85 21
44 23
81 92
43 88
17 84
41 68
60 16
51 75
22 44
14 38
97 19
83 17
4 59
20 1
74 80
80 57
30 4
60 29
32 57
17 25
18 55
7 4
88 25
49 21
75 0
44 4
11 17
70 89
59 1
91 42
88 60
23 78
20 94
0 39
70 81
79 86
11 9
23 33
73 74
81 10
42 95
93 35
65 35
47 55
61 82
43 48
1 91
74 29
32 77
21 10
72 47
92 89
76 52
48 65
81 80
41 84
53 77
37 5
71 40
36 9
51 72
47 33
51 36
26 8
71 67
49 53
18 40
14 5
67 37
9 71
74 12
46 92
49 6
38 16
31 18
32 8
52 73
26 49
50 42
65 86
9 29
13 62
58 64
55 27
37 90
55 40
26 13
48 50
49 38
49 96
5 13
35 22
91 54
83 70
38 20
69 61
65 48
55 32
44 49
10 55
76 21
26 64
92 93
13 87
30 50
24 65
10 76
64 25
59 53
92 99
94 13
19 85
53 8
15 47
23 40
84 36
21 61
5 28
46 57
87 94
88 13
67 22
69 88
64 11
89 5
82 61
51 82
62 13
90 26
34 87
39 89
93 74
23 98
40 23
56 30
27 86
9 98
18 6
78 57
4 21
14 49
0 90
79 76
42 48
37 29
68 91
90 92
95 24
58 23
28 59
71 33
85 26
50 48
40 92
56 63
49 20
19 74
46 81
94 81
61 58
35 92
40 50
55 15
61 29
44 13
64 20
8 30
76 84
22 22
2 57
14 28
71 32
28 22
69 49
23 41
15 49
33 37
22 49
13 32
28 51
38 25
24 56
20 72
52 17
57 47
74 73
21 24
43 33
75 27
21 44
10 18
4 71
9 14
2 45
9 38
52 53
26 43
37 40
52 67
37 71
86 60
27 57
54 9
53 59
58 48
4 60
35 86
9 55
15 10
98 99
3 8
66 29
7 55
72 14
14 30
57 3
89 28
49 79
72 78
45 41
71 9
40 36
17 38
63 89
6 43
57 76
91 38
4 49
25 74
88 38
85 7
30 43
8 9
7 47
87 98
28 44
20 0
47 48
36 73
14 0
43 45
88 33
10 53
87 21
50 31
35 33
50 20
4 43
78 44
55 88
40 99
37 26
43 34
80 59
12 6
32 49
79 50
70 94
44 64
40 86
35 0
55 86
50 5
26 71
73 25
94 39
59 69
95 15
1 72
95 8
43 44
97 5
72 38
38 57
92 19
61 73
59 86
69 6
37 61
70 55
31 35
17 40
92 95
93 93
82 32
46 19
18 0
48 66
47 81
70 95
40 88
56 7
47 78
46 6
7 8
0 68
71 37
77 82
12 47
30 36
7 57
21 73
19 17
45 76
24 7
39 0
67 88
40 15
0 74
14 62
6 0
44 40
9 19
78 62
95 31
17 2
30 46
12 64
13 77
63 0
16 46
86 71
75 31
52 20
28 12
11 95
48 82
55 12
86 93
74 1
50 46
72 55
84 86
15 66
55 56
33 18
75 24
83 88
62 96
20 28
17 48
75 32
35 74
70 3
1 34
40 35
34 14
94 79
4 39
49 94
22 1
63 5
46 46
12 34
95 42
83 6
54 12
69 14
1 15
72 7
82 56
62 17
63 90
10 62
30 15
70 0
18 98
36 66
33 53
39 50
40 3
37 53
72 44
99 39
34 31
60 57
78 87
87 91
37 33
82 19
29 10
59 13
22 32
2 18
13 84
57 97
66 31
78 49
99 15
40 25
4 18
89 49
40 6
88 82
13 44
49 69
76 49
56 92
60 18
12 50
99 25
28 71
68 81
12 39
14 99
74 81
51 81
1 74
77 10
90 50
46 93
40 59
22 13
79 98
5 30
43 54
74 58
33 88
31 93
64 68
14 27
8 17
10 20
64 69
8 91
81 1
93 47
56 29
49 76
19 94
12 56
41 73
45 38
9 60
18 51
64 13
69 51
56 47
62 9
80 58
38 30
48 60
75 10
91 44
1 1
19 78
75 40
21 71
32 15
73 43
23 55
74 41
68 66
36 1
54 59
67 89
88 75
33 71
87 59
71 76
64 31
92 81
90 33
11 50
59 97
97 57
7 69
54 49
2 93
17 52
27 93
3 80
59 57
82 90
21 97
73 29
0 79
24 47
70 16
71 53
27 72
84 55
31 32
98 52
87 1
6 27
6 86
62 51
45 36
95 20
98 32
40 42
83 27
66 36
72 60
88 32
31 81
54 34
49 14
11 25
53 83
4 80
44 37
62 92
2 83
86 50
82 37
28 18
95 34
17 43
44 61
43 67
84 47
58 43
49 22
74 88
16 76
18 11
18 84
0 43
37 68
62 64
52 99
63 92
83 25
77 47
25 40
97 8
54 79
91 73
12 65
91 58
70 1
48 64
71 31
36 14
96 41
59 51
11 76
75 47
2 68
71 69
42 66
54 41
62 49
60 13
29 38
18 31
35 61
57 43
19 47
93 0
42 35
45 64
81 70
13 16
63 83
83 56
10 41
85 23
14 21
46 94
48 42
92 13
37 99
35 9
28 6
5 23
59 55
53 69
25 16
43 97
71 49
17 42
24 49
77 11
87 46
79 87
61 60
68 31
43 11
53 73
32 44
32 30
34 96
66 54
76 81
21 31
44 7
88 73
90 76
99 96
19 8
86 77
77 93
80 32
98 97
91 69
12 20
35 80
96 16
49 75
77 27
5 69
9 27
58 80
0 97
18 23
77 31
73 61
1 95
11 18
67 92
67 75
86 87
25 72
8 1
45 27
20 42
4 51
33 29
24 77
76 62
67 67
6 37
39 30
65 45
57 26
87 15
61 76
57 55
67 0
64 49
31 86
77 6
12 53
56 74
94 70
69 24
32 83
13 24
39 71
42 80
54 57
41 72
53 16
51 70
32 9
50 37
38 17
93 38
83 63
88 74
74 52
80 5
20 22
78 24
48 2
76 27
86 28
34 1
98 74
42 64
68 85
44 96
94 80
57 98
91 24
45 9
30 17
52 62
76 93
65 57
54 25
85 39
99 34
17 46
82 35
35 27
85 5
20 18
5 34
47 56
60 49
56 28
37 60
92 50
71 23
27 31
55 31
0 64
96 71
46 62
95 47
97 70
7 51
80 40
26 82
20 61
72 42
42 18
39 65
42 75
52 19
94 86
71 55
85 99
98 54
50 1
36 51
20 53
93 87
69 5
23 57
4 29
7 34
75 11
83 9
86 35
19 49
56 12
61 84
51 41
16 23
80 42
63 43
91 61
96 45
18 13
17 7
88 44
33 54
5 57
52 96
7 83
69 65
88 91
47 80
54 74
37 13
63 79
57 86
21 58
32 10
77 20
58 2
89 75
42 41
83 13
6 92
83 5
98 60
45 96
1 73
30 44
94 36
13 31
6 88
63 55
39 99
33 58
61 43
76 0
29 39
42 76
15 60
30 73
23 29
13 68
41 9
39 95
83 50
30 84
29 96
24 51
15 41
99 9
22 86
94 32
14 65
56 84
31 27
4 99
45 65
25 54
13 55
21 25
58 37
57 11
52 18
95 60
76 71
31 48
26 38
5 1
70 27
28 80
61 99
7 38
33 23
47 19
75 22
61 3
81 0
61 51
62 79
47 53
44 11
32 34
50 69
20 97
82 91
43 4
56 21
48 17
17 56
17 32
83 74
87 50
20 87
6 99
59 83
31 40
15 86
12 84
1 2
75 93
66 7
50 58
57 50
39 59
45 14
22 89
65 92
66 3
44 16
74 92
96 63
58 86
21 45
50 96
42 6
60 58
26 80
24 13
38 77
61 9
84 22
43 93
63 40
34 32
80 84
11 67
1 87
16 44
64 62
71 79
43 38
77 63
37 7
85 18
56 10
77 66
45 50
44 25
22 80
63 70
51 58
36 55
40 7
41 8
91 34
5 7
51 24
21 67
31 34
44 92
6 51
4 87
52 27
88 70
3 37
62 99
28 15
26 16
16 52
19 87
82 30
53 85
2 56
69 52
20 68
12 28
89 47
53 63
8 34
86 59
26 63
51 95
82 25
36 29
91 59
97 35
50 22
86 72
64 39
0 9
3 41
23 83
48 41
15 97
68 46
88 9
15 13
35 96
27 70
61 35
34 65
1 86
98 80
88 71
4 12
22 2
81 99
3 9
23 0
17 49
51 76
15 37
50 27
28 78
78 41
99 98
1 39
61 64
85 90
86 88
2 34
59 56
33 14
0 22
14 93
79 54
65 33
57 79
48 35
88 8
78 79
29 94
39 85
63 88
24 14
48 94
59 41
3 97
50 94
14 15
32 6
78 27
60 21
78 29
45 94
16 35
12 58
55 80
68 70
48 97
94 37
91 3
43 6
69 90
35 31
31 65
25 8
23 88
6 80
25 76
0 40
35 10
85 6
44 12
13 17
86 5
96 19
90 11
79 72
0 25
29 9
55 52
0 80
73 11
7 46
35 57
22 78
88 92
57 32
20 43
88 46
85 25
67 12
14 94
29 31
84 16
89 19
38 74
17 60
95 67
5 9
74 14
94 21
99 19
0 0
85 33
22 55
68 9
56 96
32 84
78 17
31 98
95 77
84 61
93 82
14 3
27 13
35 70
31 26
72 59
17 90
37 39
74 28
48 32
13 23
11 54
29 76
46 61
24 66
23 5
21 13
51 32
65 78
37 16
70 79
63 28
15 53
2 74
15 98
63 13
97 86
17 18
91 55
68 13
9 8
37 85
10 33
86 26
86 99
90 67
93 98
10 9
45 88
24 36
15 56
72 20
87 86
76 4
93 77
32 47
43 72
93 34
95 27
60 77
23 8
39 12
75 7
82 0
84 11
58 50
38 94
24 1
43 55
77 96
63 39
47 74
54 51
37 47
25 97
3 18
20 44
10 8
67 81
18 66
35 82
78 45
62 44
4 35
68 15
42 37
6 14
39 47
62 11
90 1
79 21
16 28
45 10
32 76
58 82
60 70
9 15
13 52
38 64
94 7
96 88
29 83
33 45
46 5
36 85
74 39
60 74
96 83
90 60
55 55
13 1
93 27
6 31
91 82
58 63
48 14
65 87
59 87
65 59
46 71
82 79
27 87
43 89
33 24
97 85
90 27
32 56
27 90
97 77
41 48
46 0
8 51
56 53
81 41
40 82
25 58
18 87
14 82
1 90
11 48
93 70
62 37
49 4
84 7
53 41
81 88
84 32
74 46
45 97
17 80
47 23
66 86
86 24
45 80
58 74
70 84
3 28
95 68
84 28
74 89
81 71
27 56
57 78
9 66
69 67
81 77
85 49
87 24
72 21
36 13
82 36
61 75
19 34
57 54
53 0
19 10
45 3
35 84
81 50
55 62
51 65
51 37
79 82
56 34
75 96
94 23
58 65
82 23
53 14
72 81
31 85
3 42
25 92
40 47
94 4
2 46
61 36
56 42
41 21
38 58
28 13
84 15
53 82
81 81
43 17
66 77
56 18
89 78
9 3
6 50
83 36
24 4
16 16
86 0
66 76
50 2
81 27
89 21
30 90
45 81
19 33
89 88
74 49
91 35
41 57
34 11
66 97
13 81
31 17
65 58
67 64
35 25
31 0
29 11
75 56
5 14
26 90
25 87
28 77
47 4
35 5
78 42
27 23
44 54
3 77
10 32
92 63
77 55
41 41
98 24
43 92
60 38
40 95
51 64
69 55
78 69
82 8
55 75
57 23
84 51
15 84
16 0
75 29
18 70
87 70
68 63
12 9
10 96
98 43
84 48
44 88
19 40
62 40
27 96
69 79
73 15
3 32
38 56
45 43
84 92
88 5
45 19
1 76
75 34
60 97
49 26
87 5
51 34
36 41
87 71
56 85
0 31
47 54
32 69
3 25
17 65
6 10
35 13
54 64
38 88
19 42
98 23
18 8
93 30
31 9
73 38
54 42
92 34
2 22
22 71
37 76
2 14
51 29
48 16
8 68
5 97
74 65
27 66
25 68
10 80
8 50
80 89
95 65
22 24
17 50
19 60
78 6
84 94
3 17
24 85
15 96
3 73
35 69
7 84
28 82
68 22
79 94
48 81
89 83
24 35
51 27
54 31
0 10
46 96
75 78
40 54
84 76
39 46
97 37
84 88
68 71
24 53
62 38
54 10
94 3
29 37
91 72
48 25
34 74
10 30
44 99
16 30
26 1
87 44
84 96
96 94
70 15
37 69
91 28
36 83
22 53
16 55
31 59
25 48
2 39
80 64
59 79
9 92
75 61
95 99
48 63
83 16
97 38
77 17
35 37
4 72
11 11
2 78
81 7
15 67
65 99
16 6
24 78
0 34
42 63
26 54
57 90
44 50
40 9
81 21
71 47
64 56
61 1
34 9
33 59
36 49
97 27
29 51
48 59
19 66
94 82
8 72
88 79
94 69
78 61
85 78
76 82
78 33
40 72
39 13
27 30
28 75
96 23
15 90
1 56
25 66
56 64
85 46
24 52
86 22
7 93
60 14
48 88
28 25
73 77
7 78
92 10
26 89
55 94
97 14
62 98
18 86
6 93
42 65
80 29
52 33
81 72
0 26
29 52
95 2
61 71
79 55
95 55
8 76
16 33
76 42
12 80
12 48
81 17
62 29
87 76
10 47
4 36
35 99
29 16
17 94
15 80
81 65
57 80
89 58
19 25
8 53
62 73
14 12
12 85
14 63
27 17
56 91
50 17
59 5
79 5
36 69
61 2
65 16
62 57
59 78
69 48
91 77
83 41
95 41
80 41
25 39
74 69
74 48
84 23
19 61
38 95
64 77
75 92
99 28
83 15
3 57
12 33
37 2
80 83
8 26
24 58
99 37
81 61
1 55
55 39
38 22
11 90
44 75
91 66
7 59
92 41
72 76
3 53
37 54
74 85
57 46
48 30
27 69
87 90
61 67
12 18
81 5
82 39
31 63
10 92
6 73
59 70
1 48
89 53
67 5
78 21
22 5
29 22
35 87
94 92
56 65
6 85
56 97
20 91
82 54
0 58
47 79
74 76
79 96
80 4
4 64
30 91
89 84
89 55
31 33
34 25
58 47
35 38
99 71
7 80
23 86
30 28
75 94
10 68
66 53
32 92
82 13
45 92
7 49
97 46
76 65
25 2
35 64
22 43
38 91
98 84
30 72
8 44
15 91
74 45
58 11
22 81
90 72
98 83
54 92
98 33
14 88
94 94
98 92
14 76
98 10
73 78
36 26
23 46
58 46
37 17
38 72
35 51
14 64
75 46
52 11
87 19
31 46
84 98
59 76
23 45
33 36
52 29
83 8
1 99
53 81
44 55
18 41
91 10
13 21
90 70
40 89
77 86
70 60
73 20
34 80
68 79
75 28
86 17
34 76
29 78
84 66
64 75
5 59
82 12
4 33
67 83
38 79
86 80
38 89
57 51
44 35
28 93
58 20
50 28
34 54
56 52
95 63
98 95
63 44
12 51
19 38
83 48
28 53
93 71
70 87
72 16
88 67
13 5
24 55
89 99
77 3
37 67
73 14
20 13
52 3
71 48
8 38
72 61
9 42
17 95
12 57
29 59
20 38
95 48
77 0
17 21
40 46
44 24
35 77
0 5
56 11
24 25
89 13
4 46
23 25
8 97
1 53
69 28
43 68
42 34
2 0
82 6
94 20
4 14
66 57
98 44
25 81
99 80
46 85
15 44
5 79
44 66
4 82
9 76
91 40
12 37
59 74
89 65
30 78
36 21
22 52
9 64
28 29
39 97
17 37
45 79
12 7
53 34
0 45
58 8
82 44
42 32
92 80
28 24
90 77
79 2
56 62
99 1
18 79
64 71
90 34
52 24
16 93
37 94
44 67
61 47
8 83
57 1
87 69
89 43
98 81
57 7
34 73
32 25
50 41
99 40
32 5
9 17
20 8
79 83
52 21
88 59
58 88
81 55
67 62
33 91
93 69
36 20
90 58
85 27
17 39
26 76
25 95
43 56
57 88
16 36
18 35
32 18
44 2
55 54
78 16
61 5
74 61
95 11
97 24
89 7
50 34
38 60
50 84
30 39
85 64
95 43
19 55
47 22
40 85
9 49
63 68
1 29
46 70
58 67
81 36
58 36
60 27
83 82
23 47
18 47
0 20
28 66
51 14
66 93
0 89
84 26
53 6
35 41
18 18
27 71
90 90
77 88
99 60
6 83
96 36
60 67
26 10
10 65
42 79
8 42
25 82
48 48
26 47
82 81
90 80
37 34
86 44
80 10
19 20
53 48
93 92
27 35
66 99
75 52
54 7
79 89
2 98
6 72
83 53
39 15
80 79
56 0
82 88
33 8
95 93
96 68
22 70
99 81
76 39
97 23
6 63
1 79
51 30
10 27
24 82
42 19
70 41
79 91
78 88
36 87
26 27
11 22
22 99
69 60
98 59
38 78
26 4
16 29
76 25
89 27
15 71
19 16
68 68
20 46
8 59
65 96
59 22
30 55
70 88
70 69
25 11
16 40
99 62
92 23
89 68
93 80
37 95
53 44
58 27
98 22
66 33
32 35
91 21
74 5
3 67
18 43
69 2
48 9
18 93
81 58
77 16
89 10
98 48
81 52
99 50
2 89
62 42
90 99
68 60
24 87
96 25
25 63
14 72
82 53
8 63
18 32
17 11
60 24
40 27
27 10
28 92
51 46
51 94
57 59
64 22
59 43
84 0
52 48
39 35
16 31
76 98
79 68
42 81
32 64
76 64
31 99
6 15
25 71
36 91
52 42
38 41
93 68
71 81
45 47
4 75
50 64
89 18
28 55
22 63
62 4
13 3
67 20
26 50
50 52
44 22
92 38
4 45
14 13
20 2
20 80
75 88
79 77
24 60
29 4
18 68
70 2
85 61
74 86
89 37
59 96
36 77
47 35
71 89
97 79
43 14
62 2
7 43
35 17
49 8
82 46
92 37
43 29
3 29
31 29
46 63
54 96
55 46
91 9
33 67
85 97
28 28
79 63
42 39
39 10
59 93
68 12
28 90
26 19
91 31
61 45
39 33
56 44
0 18
58 31
77 49
48 87
70 78
78 55
48 39
49 67
88 18
31 80
13 4
47 66
97 89
60 55
34 6
5 92
15 40
52 81
15 69
70 98
90 84
3 14
42 70
98 14
69 58
53 75
30 97
67 82
88 88
33 96
13 88
43 16
95 28
23 51
26 2
98 15
54 82
32 54
15 20
10 51
75 48
29 57
26 98
54 95
68 87
80 46
74 60
22 36
68 33
52 77
81 53
20 78
69 72
89 24
79 46
94 78
41 63
26 60
15 16
9 85
57 87
27 91
32 66
98 17
97 16
12 87
61 44
85 59
58 98
39 41
9 88
21 0
25 22
83 10
23 24
72 98
12 44
38 27
35 1
76 29
30 60
87 93
37 82
57 83
39 84
38 18
25 24
41 64
34 61
75 6
39 3
20 33
80 19
86 39
19 13
64 52
19 9
72 23
26 41
55 26
80 67
43 59
2 95
80 1
21 27
82 34
87 6
23 50
93 3
72 4
55 0
11 55
45 75
16 89
66 23
79 78
96 65
10 74
18 85
81 94
41 26
96 21
69 62
13 7
41 4
83 81
19 97
63 75
97 0
43 39
86 46
48 51
63 24
67 48
22 40
33 73
11 89
83 68
94 53
26 75
20 14
51 87
28 73
96 6
2 19
15 39
39 86
85 17
0 84
56 20
56 26
97 47
40 78
91 93
57 5
91 30
23 12
44 81
29 25
7 42
62 91
52 44
24 37
35 63
52 40
3 27
78 71
80 16
25 41
39 67
2 49
95 39
93 78
52 82
75 3
73 76
91 19
13 36
94 6
72 87
56 73
80 27
12 0
70 66
4 0
17 89
38 15
85 28
34 75
18 62
56 2
61 98
22 41
81 69
54 5
35 8
37 14
82 65
26 20
72 84
40 12
48 33
34 59
31 77
22 46
47 47
80 71
1 43
98 45
22 66
1 58
34 36
79 39
52 97
87 26
99 16
75 79
86 57
37 84
89 66
69 18
79 45
49 74
41 19
88 66
24 40
73 63
47 7
85 16
93 50
82 98
88 57
96 40
36 81
95 59
90 52
1 45
76 14
9 44
53 37
53 26
17 55
18 74
16 96
65 68
50 97
30 67
98 27
26 70
39 62
48 53
15 93
78 92
2 52
94 10
42 74
92 51
65 83
80 77
51 51
62 88
34 50
70 73
35 54
27 77
79 8
82 14
25 28
54 62
0 52
79 65
49 18
4 81
39 64
24 84
20 79
6 84
34 49
52 89
48 10
11 32
69 34
10 52
4 92
29 32
66 43
51 93
10 97
53 2
27 2
96 31
73 45
82 7
25 29
79 51
14 54
47 26
2 67
99 12
37 70
41 2
75 90
98 87
4 47
87 64
28 62
4 91
0 47
29 87
27 55
21 62
60 96
12 89
87 65
72 24
21 75
58 42
73 58
97 41
58 15
86 64
34 38
43 53
90 3
58 16
12 42
14 96
0 91
67 4
67 13
72 15
78 64
48 52
82 22
8 70
59 89
53 23
38 5
72 36
8 73
24 26
9 13
45 28
76 90
61 18
96 10
51 74
30 32
29 64
16 90
61 85
15 74
59 62
31 16
98 35
7 73
26 32
11 78
89 89
95 62
64 72
25 62
81 74
71 25
92 64
63 53
12 71
56 59
28 64
89 46
86 3
27 68
68 43
6 82
50 68
22 30
70 5
64 36
12 70
34 55
38 70
83 14
99 78
41 80
53 72
20 15
95 18
22 65
44 10
85 38
51 8
67 9
13 85
36 89
44 45
40 34
16 86
97 73
52 49
67 45
53 21
92 83
86 70
93 81
87 22
82 15
97 56
30 99
10 10
69 15
98 4
87 60
50 7
58 24
46 56
3 75
9 11
53 65
35 15
59 17
49 61
61 63
32 22
25 79
88 83
41 78
49 92
64 99
11 10
41 55
4 20
15 1
59 15
73 35
66 46
42 42
86 27
93 88
2 4
37 27
94 91
25 80
91 90
29 92
70 34
5 75
68 97
97 54
72 37
65 46
0 24
98 28
75 18
4 78
53 46
18 49
5 35
27 43
54 24
96 51
92 73
49 87
11 94
63 73
42 31
55 2
24 98
76 57
54 85
95 36
79 37
6 40
5 43
9 34
30 40
87 73
26 28
7 25
43 94
99 30
41 32
15 51
96 35
42 54
5 11
21 86
69 80
67 74
30 56
0 66
98 66
40 74
71 10
31 50
67 63
71 51
76 96
84 30
55 20
98 30
48 95
15 2
45 78
87 82
42 46
70 19
57 45
80 97
91 37
84 10
60 37
76 44
80 24
2 26
16 39
54 43
24 73
49 11
96 75
77 34
10 50
40 71
21 18
16 50
77 95
59 90
4 30
71 56
23 73
3 66
48 84
71 34
27 83
92 92
83 30
50 16
56 83
24 71
13 47
11 64
5 27
32 58
57 57
39 8
3 84
45 73
11 26
60 78
66 4
36 98
2 40
20 19
22 19
72 94
42 55
20 39
72 41
11 83
5 66
30 30
18 5
15 55
90 5
92 28
46 11
62 0
78 78
37 51
58 90
46 7
9 33
32 16
69 17
90 46
0 42
43 98
94 28
33 69
69 89
81 6
44 53
10 42
18 37
81 19
5 31
68 24
25 46
11 16
41 70
6 48
19 23
45 62
73 91
32 28
27 11
92 1
51 89
78 81
10 93
34 95
84 50
13 96
93 23
31 28
44 27
12 69
46 99
63 32
76 2
59 85
88 94
16 21
47 38
31 51
79 71
0 82
16 60
99 29
7 71
78 93
16 66
58 61
10 46
35 93
76 66
51 17
33 43
58 58
51 68
73 44
48 62
32 93
45 24
19 77
65 52
19 79
1 64
9 1
81 86
95 52
96 46
34 45
15 61
83 52
96 73
14 1
44 94
71 65
11 30
44 58
67 6
1 54
21 99
79 32
30 48
50 66
43 66
95 95
71 45
67 2
95 64
94 41
83 40
84 20
83 61
80 99
39 94
69 39
13 14
76 78
80 88
68 35
78 38
68 65
30 22
10 44
56 95
34 67
1 27
62 43
73 10
28 94
83 79
41 30
70 51
89 93
28 72
54 6
91 32
83 28
53 28
7 54
7 81
0 54
18 24
20 6
12 36
66 28
21 59
37 56
45 5
99 20
37 59
67 49
7 2
29 71
93 24
15 81
85 71
69 10
13 11
67 19
10 81
28 43
60 41
56 37
14 14
68 47
60 9
38 49
79 16
46 32
43 61
57 74
94 9
67 16
31 47
12 98
38 37
49 7
89 91
68 7
63 2
20 69
15 48
8 18
7 29
0 33
52 32
0 94
47 25
62 30
70 61
19 65
23 7
44 21
47 6
55 16
68 72
53 22
59 54
72 58
46 10
72 18
9 73
62 90
25 78
14 32
84 85
15 8
44 42
59 29
63 25
82 68
89 26
46 27
33 89
61 53
51 0
57 56
35 59
45 55
1 63
24 89
68 32
94 16
24 19
75 21
26 74
31 39
5 48
96 76
50 78
94 97
34 57
98 76
64 45
96 50
54 23
48 67
72 39
49 45
50 53
32 43
71 50
25 0
65 42
13 73
1 33
80 9
34 4
72 29
44 90
67 56
20 7
44 44
94 72
51 45
44 0
49 12
58 97
67 15
85 69
37 89
62 53
32 24
81 24
83 59
77 7
15 62
45 83
33 81
0 63
4 52
37 91
97 28
70 14
16 58
84 71
95 13
59 50
42 8
89 12
56 90
58 81
64 44
36 88
7 39
36 92
4 44
22 57
96 39
2 80
2 3
78 75
85 29
2 44
87 58
49 46
5 45
45 21
77 61
94 22
91 91
35 75
59 94
91 12
8 41
42 5
3 87
59 16
58 59
49 23
30 68
79 0
49 15
8 29
67 90
62 7
58 21
70 13
11 21
65 30
91 29
86 36
36 34
73 39
7 48
71 75
46 22
19 86
72 49
36 53
34 48
19 95
5 46
55 59
71 88
77 13
19 62
65 49
59 77
45 89
39 42
33 9
57 60
32 71
5 15
12 54
70 33
95 78
71 60
40 56
90 48
79 31
4 89
79 73
94 67
38 3
41 3
41 58
30 70
52 28
46 83
14 46
73 79
25 21
31 88
19 83
53 61
68 96
43 7
80 47
42 30
41 66
8 19
0 60
90 57
44 83
16 22
86 81
0 23
86 54
10 39
70 46
62 83
65 80
2 13
84 14
39 36
65 24
97 68
41 11
96 53
13 98
48 20
98 39
43 63
21 38
19 28
47 92
47 89
77 87
4 23
82 29
77 43
45 6
88 11
44 63
25 57
23 74
69 31
61 65
81 51
35 76
99 23
5 65
94 15
11 34
75 14
55 95
53 31
18 76
3 60
56 77
0 16
44 17
82 59
89 38
54 56
55 99
55 14
49 97
74 11
20 16
16 4
4 83
24 63
42 89
78 74
33 33
11 42
61 77
62 71
66 60
18 54
7 60
75 43
90 62
78 30
17 4
63 3
29 36
84 4
63 96
90 16
50 35
79 53
46 64
91 65
14 33
7 96
98 64
6 26
91 49
60 4
84 58
91 26
44 79
30 86
58 13
30 75
44 20
73 3
39 56
32 50
20 35
45 8
31 2
11 0
80 13
2 32
30 10
99 32
89 63
32 59
86 11
72 77
69 68
78 53
95 25
68 8
24 48
90 17
57 68
74 93
54 66
30 13
29 66
24 75
23 35
94 66
11 71
99 18
63 48
92 5
50 76
30 21
29 54
3 94
39 28
30 79
34 33
62 62
82 89
9 86
77 9
23 61
46 58
75 81
7 56
25 75
3 44
45 42
57 10
46 26
65 81
98 13
23 48
18 65
34 94
1 66
31 82
50 56
94 26
24 15
99 48
19 70
69 95
24 8
90 79
29 84
52 95
33 51
10 84
92 46
43 87
87 75
44 91
34 92
88 96
7 15
29 67
5 89
16 59
55 37
48 28
85 96
36 76
24 67
22 51
10 78
2 58
14 81
89 96
30 64
48 5
27 8
94 0
9 0
89 16
57 2
19 99
16 82
30 45
50 8
14 34
27 15
31 23
27 5
99 44
89 59
82 66
16 95
21 9
74 4
82 87
82 49
36 19
23 79
23 28
44 93
55 91
90 66
59 40
57 75
75 58
69 33
56 49
39 66
4 88
59 11
86 61
30 81
70 43
10 29
60 23
73 83
31 10
34 19
40 40
68 51
7 16
42 16
28 54
90 61
74 38
85 12
64 95
77 21
3 4
78 89
3 89
3 85
64 91
68 25
80 26
61 95
68 42
29 24
58 19
59 66
51 66
91 83
2 92
85 72
36 37
0 70
89 71
16 81
27 1
62 14
83 90
55 1
95 35
61 55
3 96
58 51
49 40
80 20
85 11
86 21
46 1
25 98
47 36
81 3
63 22
92 7
4 6
15 33
99 56
5 24
11 56
58 56
36 32
0 62
96 26
85 37
28 5
41 0
59 48
91 92
72 56
52 45
23 18
52 5
78 28
31 87
91 84
27 99
4 69
44 74
50 25
97 61
9 31
18 53
70 32
5 50
33 6
81 68
19 81
65 13
66 75
62 19
65 61
53 10
28 67
25 99
75 85
84 3
35 32
46 43
19 18
41 54
98 79
49 3
83 77
96 82
20 50
78 63
93 1
26 46
1 23
52 60
3 39
96 42
99 61
81 28
71 57
95 94
65 97
36 3
12 19
63 23
72 1
9 9
69 8
5 41
79 3
33 1
56 25
66 74
97 49
96 60
9 26
58 32
2 41
32 52
26 0
12 82
41 67
26 6
47 29
30 82
22 14
76 48
68 75
88 80
71 94
61 40
30 62
49 90
12 12
78 84
49 10
13 29
83 87
0 88
0 19
71 71
60 56
97 32
67 38
22 92
79 18
19 90
45 29
10 83
76 3
14 56
83 99
90 78
28 34
94 14
80 86
54 46
75 38
7 61
72 48
47 34
99 26
3 59
9 89
62 69
45 13
37 38
82 10
73 93
71 83
84 57
99 27
56 98
93 76
82 97
30 88
95 73
29 80
53 91
28 14
85 95
63 34
7 76
22 28
87 32
84 70
81 60
46 77
28 50
27 85
58 60
23 69
96 15
77 5
32 53
7 90
16 92
45 87
7 37
79 99
63 77
31 3
57 14
5 44
51 55
10 25
39 27
47 70
92 54
17 76
99 8
56 15
11 61
79 60
0 85
72 10
74 16
6 9
37 8
77 73
58 4
9 87
7 41
2 73
1 69
2 42
12 11
60 53
70 59
88 2
11 27
92 25
37 49
9 80
44 68
8 88
62 21
17 63
88 39
19 96
75 35
0 75
12 31
63 18
66 80
7 14
40 8
72 99
21 56
7 1
21 46
43 10
7 95
41 47
96 47
76 24
62 66
24 2
39 34
51 38
82 86
56 45
32 29
75 64
77 64
68 2
46 8
27 33
32 65
78 13
11 81
16 75
73 92
67 10
78 34
89 92
26 88
18 52
98 29
95 16
73 21
2 48
81 46
85 77
22 77
71 3
83 37
52 30
62 52
12 38
12 32
87 49
15 43
41 96
79 57
6 12
74 62
16 68
94 60
90 54
50 60
9 57
38 68
87 92
19 92
83 32
50 15
39 61
71 15
75 65
29 53
12 14
5 77
98 41
33 84
57 38
16 32
26 29
34 83
99 17
5 47
63 35
94 56
92 87
9 69
9 68
7 7
5 37
65 22
30 69
13 60
65 51
86 23
30 19
67 46
44 8
17 15
49 51
27 44
57 24
96 93
85 3
47 18
54 75
35 30
96 1
7 10
26 44
64 89
14 78
20 49
32 27
47 93
16 5
55 76
64 67
27 67
18 67
58 44
21 35
56 1
95 29
0 21
81 62
67 43
4 17
41 86
95 49
91 6
58 9
86 49
29 23
36 7
90 81
4 32
63 74
59 67
57 72
24 9
88 49
78 60
87 83
19 45
56 72
64 50
77 54
3 35
79 40
65 84
7 36
55 58
69 85
94 18
43 13
40 55
92 97
65 72
89 77
39 29
71 91
8 20
37 92
12 83
36 28
2 85
68 59
13 20
12 62
19 98
24 38
96 81
27 18
82 84
97 51
33 47
66 12
96 33
92 55
70 44
54 77
9 75
89 50
88 31
41 53
1 44
80 85
1 41
11 82
23 21
77 65
13 49
28 10
97 66
73 55
99 45
84 43
10 66
78 15
13 94
70 93
28 83
59 6
75 55
87 42
21 47
30 95
50 82
12 90
11 15
25 52
48 12
46 84
46 20
24 28
72 32
60 79
85 0
80 17
86 83
72 22
21 68
26 12
71 90
62 86
75 63
60 40
35 45
61 32
26 65
59 61
61 61
94 52
83 62
16 78
78 36
50 98
89 94
13 28
92 56
21 50
88 84
6 54
32 36
68 76
48 71
14 2
91 81
94 44
61 12
15 64
63 85
38 84
11 92
61 62
33 50
22 48
99 85
91 95
16 61
84 59
41 27
52 4
52 59
86 29
77 99
37 46
13 74
6 65
41 75
45 46
31 7
36 93
17 28
64 98
8 94
67 11
58 76
18 12
49 78
35 14
80 82
21 22
90 40
99 57
82 11
63 82
76 60
14 70
75 84
92 14
93 53
64 12
28 4
30 26
49 9
64 24
37 83
4 7
98 25
99 74
27 89
72 9
55 35
70 90
95 66
21 48
58 99
80 78
70 63
25 25
27 16
7 58
68 44
30 31
55 63
50 81
91 33
5 22
66 37
21 28
48 47
31 83
55 30
55 28
66 88
23 60
98 46
14 52
35 98
34 17
37 0
2 43
29 70
85 31
55 69
10 75
93 8
67 36
56 94
2 23
62 32
21 69
23 94
24 42
64 32
49 82
39 38
37 87
6 62
57 61
25 32
65 71
15 5
13 42
31 74
51 83
73 1
8 67
32 26
7 88
27 28
31 55
38 66
41 24
9 47
10 48
58 18
31 56
41 15
6 4
64 10
35 29
43 1
23 76
68 5
17 16
43 73
98 56
92 74
65 37
21 57
32 48
34 35
43 52
28 1
43 23
63 84
79 81
82 96
89 39
74 64
74 90
18 94
40 22
63 45
63 33
93 40
19 76
32 90
38 10
59 60
53 67
23 26
4 28
14 68
78 20
5 82
13 18
27 42
72 51
75 73
34 85
76 79
90 4
24 76
81 42
34 81
97 90
81 66
51 84
72 79
42 67
25 73
90 0
19 24
41 5
64 35
49 68
25 20
16 8
69 64
63 27
14 92
72 95
26 66
75 2
22 91
45 84
83 45
73 90
20 77
12 35
81 12
19 32
49 25
8 27
45 11
91 57
76 88
13 75
43 27
95 6
4 54
78 66
31 52
44 97
64 85
43 69
76 55
55 90
76 61
17 31
26 36
1 96
30 27
2 81
30 25
97 67
75 77
26 17
87 9
47 90
40 38
44 41
2 60
66 95
18 16
27 62
32 86
96 55
35 65
16 13
69 46
60 28
71 20
71 16
76 23
11 87
18 21
36 15
85 74
92 47
7 23
23 90
87 68
47 40
17 92
5 25
53 50
94 74
56 89
11 23
11 88
50 19
28 20
14 53
31 62
15 23
83 91
80 6
1 70
31 15
30 74
52 84
93 28
54 37
89 72
9 40
34 70
25 91
98 49
29 99
71 46
9 96
46 34
16 38
63 12
3 15
21 53
84 80
32 73
10 19
96 8
67 80
31 14
36 84
72 86
58 84
94 55
12 96
61 52
83 71
59 35
6 5
81 16
27 52
95 90
69 12
55 77
73 49
2 63
92 45
30 53
95 81
35 60
59 25
28 97
60 98
16 63
60 0
50 57
79 75
45 33
85 62
47 82
76 1
70 91
78 77
59 32
72 90
3 68
77 4
21 85
48 54
50 43
38 0
13 91
83 0
97 65
87 33
83 67
19 39
75 50
38 62
33 93
18 73
95 21
88 54
40 64
9 83
6 81
1 94
43 70
79 36
12 81
29 65
82 83
49 36
82 63
67 58
17 10
34 52
13 10
49 62
92 16
30 3
18 78
10 22
79 34
13 6
77 56
3 19
61 38
72 74
68 29
33 28
29 93
10 0
34 2
68 92
9 10
74 74
76 16
14 11
5 95
8 7
72 11
25 6
93 13
92 18
36 42
81 48
35 67
15 54
11 33
76 76
7 12
21 4
65 9
95 22
74 79
22 88
64 66
28 16
77 70
91 5
51 57
21 89
5 52
78 54
98 5
84 91
44 85
37 41
73 73
58 54
68 10
75 5
50 47
99 51
29 88
96 3
43 96
87 12
49 47
78 99
13 59
71 43
99 43
42 27
93 64
35 42
64 78
79 88
2 75
34 29
74 94
68 82
91 62
62 10
40 65
5 94
40 98
15 50
71 73
99 3
66 92
16 87
46 79
65 12
77 62
20 30
42 85
65 88
15 85
82 58
39 77
24 62
8 54
3 93
53 94
21 63
46 54
11 36
30 96
24 61
28 60
93 41
17 73
19 36
16 85
93 7
24 59
52 15
84 25
17 96
32 2
47 58
52 1
87 16
46 60
6 79
53 74
98 68
48 11
42 51
33 85
3 72
4 37
73 42
55 57
66 96
23 97
37 50
52 78
12 1
71 92
93 6
19 80
81 38
63 31
51 33
64 80
82 33
49 37
45 67
51 21
40 84
77 98
3 23
11 19
74 98
82 42
94 57
64 97
58 3
83 58
50 18
96 17
38 48
47 43
78 52
99 83
59 72
9 90
22 58
33 76
20 41
40 41
39 72
93 95
9 81
89 64
38 13
59 95
4 34
58 10
3 1
6 24
95 19
16 18
62 68
70 47
22 34
99 10
18 72
23 17
46 73
23 3
28 7
87 29
40 5
34 16
0 7
30 35
95 45
84 65
47 68
29 33
14 25
8 12
65 75
13 58
90 68
49 56
41 14
39 88
45 60
68 19
47 76
44 60
58 5
91 0
43 41
14 59
33 56
4 41
42 69
28 37
33 83
47 31
80 53
19 84
66 58
47 10
45 54
1 97
67 17
88 23
52 50
36 52
37 86
22 38
88 51
51 3
83 92
30 41
34 13
15 46
30 8
80 54
24 81
50 85
42 43
44 15
57 41
73 89
93 9
64 5
30 71
79 1
19 4
97 43
92 98
82 93
92 85
86 16
34 98
84 95
40 24
4 84
60 75
20 45
12 45
72 75
45 39
26 57
67 40
97 84
33 80
74 22
65 95
41 74
90 97
0 2
67 93
60 8
14 47
78 98
37 1
45 25
56 36
32 3
17 67
72 93
70 64
81 32
66 38
77 74
16 71
70 74
17 19
52 47
28 91
64 6
37 44
77 85
15 72
16 98
8 36
60 59
64 29
17 83
35 52
53 93
69 54
57 42
55 79
73 2
92 82
37 72
53 38
73 60
99 99
50 51
45 68
13 92
55 21
21 41
77 92
50 80
4 65
60 6
56 8
69 77
20 9
99 2
81 22
38 1
10 3
86 75
75 75
43 31
37 18
53 86
82 80
22 74
90 55
52 8
22 62
50 87
61 28
41 83
47 41
24 18
65 27
22 9
9 84
7 9
69 38
89 15
52 52
26 97
65 15
95 96
85 30
84 9
52 54
47 3
38 54
51 97
1 57
77 8
12 73
8 85
7 87
80 28
89 95
48 96
69 97
73 4
82 69
44 71
9 24
16 41
41 37
9 39
11 29
23 72
16 91
91 76
80 81
19 7
64 94
78 73
55 13
65 4
95 86
88 20
88 7
21 2
70 77
47 45
85 63
96 13
36 61
27 24
98 1
37 96
34 78
35 18
54 19
45 86
76 43
53 71
16 69
2 7
69 37
78 39
61 91
76 46
13 67
38 63
52 34
24 68
57 94
67 35
79 11
91 96
14 90
4 94
49 44
25 5
31 25
70 24
70 7
48 99
26 3
52 75
54 71
25 88
16 42
75 71
57 63
7 30
18 83
24 33
43 3
36 79
10 89
28 56
62 47
65 10
75 44
73 56
4 25
71 86
44 98
84 19
81 9
29 47
36 39
55 41
73 95
72 89
65 85
10 86
8 56
67 14
22 85
28 31
43 46
30 89
87 37
33 64
33 15
11 70
15 94
92 44
44 48
65 43
35 26
69 86
55 42
49 29
38 42
30 7
0 3
10 57
72 17
56 32
47 1
47 21
30 93
69 78
16 3
78 47
11 3
56 56
54 4
80 34
4 95
28 45
36 64
0 46
81 40
54 38
84 60
81 75
42 72
26 30
44 31
28 81
64 55
25 93
37 23
70 71
41 87
66 51
35 88
82 95
90 41
51 99
71 5
8 89
92 72
37 98
70 85
44 39
86 20
34 60
10 2
52 65
30 52
1 47
16 62
94 87
29 35
14 89
38 52
23 11
59 34
93 39
69 22
57 19
39 69
34 41
53 62
68 27
7 65
47 24
2 16
47 67
61 10
69 91
91 20
50 45
8 33
4 5
76 59
67 54
92 78
66 42
76 36
51 85
14 29
98 12
96 84
31 8
39 1
21 83
11 38
83 51
67 73
41 89
52 85
7 77
74 2
61 86
20 89
77 40
12 4
87 4
97 31
53 53
89 69
78 95
12 25
88 81
62 20
86 2
94 49
92 96
76 91
88 95
74 66
86 62
87 63
60 45
29 48
1 71
18 36
16 43
78 40
18 29
14 45
82 72
24 22
11 69
50 3
39 98
56 24
75 67
32 94
2 77
82 2
1 50
46 52
41 16
38 67
35 34
68 77
6 21
12 23
66 69
29 74
65 70
90 14
67 28
55 48
69 30
0 14
56 51
76 47
90 29
66 73
75 87
14 60
28 79
36 36
24 31
13 35
63 66
26 34
8 23
29 29
83 26
51 69
31 75
97 55
88 78
66 1
86 14
7 91
9 78
95 40
56 13
77 35
22 96
19 89
4 77
43 5
40 69
31 22
74 0
33 87
22 54
26 24
71 19
70 99
72 2
61 22
59 8
26 86
28 33
60 66
67 76
59 49
24 39
86 47
41 42
71 95
96 12
77 2
58 38
63 67
82 57
29 15
80 38
6 55
2 90
21 81
31 67
96 97
38 45
75 80
30 80
99 88
20 84
82 70
10 87
9 91
97 42
62 65
34 3
28 23
31 37
57 65
84 87
23 92
3 64
96 85
1 35
86 85
6 28
60 2
43 25
71 8
46 35
34 51
8 10
89 45
86 98
68 38
51 6
54 52
80 21
62 41
25 35
96 56
88 77
81 97
94 84
89 54
84 63
1 52
48 29
73 69
56 14
55 17
72 28
49 27
6 95
69 82
15 14
93 65
25 51
39 80
38 8
22 0
36 16
97 71
69 87
42 15
11 5
70 21
91 2
40 76
75 39
14 16
87 53
17 61
84 67
79 79
51 9
64 51
52 98
3 21
43 22
62 31
4 8
14 97
27 80
21 55
10 99
28 9
13 65
22 21
87 45
80 43
34 97
4 42
88 29
91 56
75 4
94 27
57 92
76 72
20 47
45 44
84 49
27 81
46 69
50 0
70 23
13 43
18 9
31 57
80 56
16 51
47 65
57 25
93 26
91 22
54 84
68 95
34 30
90 94
21 77
21 16
0 30
64 88
57 95
94 2
20 20
79 22
5 36
58 66
43 19
1 31
33 13
53 33
90 44
71 99
17 93
3 86
74 8
70 83
72 83
79 27
33 49
83 1
21 79
10 98
5 6
34 84
63 98
68 88
85 40
76 75
17 70
89 73
52 91
60 71
41 43
15 95
7 35
7 82
81 20
85 60
64 92
89 82
41 13
38 75
60 73
53 43
90 63
59 92
18 89
87 54
77 24
92 27
79 95
67 85
43 9
86 40
47 97
21 88
99 53
18 34
50 77
38 93
64 46
1 6
24 44
99 79
78 35
2 30
71 96
40 17
80 12
7 86
26 40
20 12
77 44
2 29
21 14
1 67
49 1
87 40
71 22
13 80
39 9
0 27
31 45
90 51
83 2
26 87
25 49
71 85
21 3
35 55
16 15
64 9
32 12
11 58
42 83
82 94
56 99
31 84
77 14
33 2
78 85
75 69
3 2
40 66
8 37
11 28
12 94
98 50
5 98
43 37
15 83
22 15
36 2
89 90
18 7
93 21
53 54
26 53
97 91
95 75
50 29
16 19
95 9
75 54
97 59
47 77
37 6
67 47
50 10
36 6
98 90
56 41
30 76
81 82
60 99
36 0
79 58
51 12
16 20
42 9
14 17
89 85
14 43
86 25
90 73
51 13
11 65
47 86
60 33
85 47
11 37
38 28
9 61
22 25
74 99
88 61
95 38
72 53
42 49
99 58
79 9
72 33
20 62
23 19
57 37
76 83
80 23
78 68
62 26
48 23
69 53
87 96
57 20
24 32
31 60
50 21
35 97
40 33
11 4
16 49
1 25
52 86
33 32
57 96
60 30
54 72
66 17
85 87
22 17
10 37
42 11
62 6
97 10
18 80
20 26
74 3
43 95
66 16
31 24
37 4
41 76
91 98
77 91
55 73
32 67
51 96
24 90
55 78
7 99
58 45
43 90
67 1
96 52
4 15
45 58
3 40
31 5
49 16
47 57
90 96
94 93
97 39
36 58
40 77
5 10
2 88
72 12
67 94
46 49
12 68
23 82
23 2
84 93
71 77
4 31
20 57
85 88
20 85
17 79
65 79
87 23
0 35
16 11
27 19
49 88
36 57
20 52
29 0
61 4
92 79
32 45
98 21
49 89
77 90
82 67
84 40
61 79
45 70
8 57
73 86
98 78
52 66
49 84
9 23
97 52
70 65
28 98
10 94
69 71
76 56
64 33
57 52
53 39
44 9
17 99
61 7
24 12
36 24
76 77
43 82
9 48
39 31
25 13
21 95
17 74
32 46
9 37
69 94
59 45
41 45
72 43
28 30
2 51
8 15
95 51
94 8
18 28
96 11
35 91
53 96
61 25
67 61
37 10
11 63
40 57
73 57
62 74
37 9
11 99
18 75
73 0
1 26
40 16
29 30
94 65
48 90
92 88
95 92
9 30
63 49
20 88
66 5
40 44
64 53
14 85
90 59
48 92
52 64
80 68
95 30
54 70
98 9
21 98
81 87
6 46
8 43
33 97
9 21
18 56
44 52
91 4
51 25
44 69
37 15
9 72
24 45
92 31
48 85
19 26
76 38
66 89
2 36
21 70
30 51
78 26
47 42
14 77
97 11
7 50
36 96
66 32
80 37
72 91
16 57
99 13
73 96
33 42
30 87
61 23
68 34
18 45
10 4
94 35
70 67
39 54
2 1
26 22
61 68
7 89
85 51
93 14
24 34
94 40
17 54
81 95
69 47
35 19
85 75
32 98
70 11
22 7
34 7
45 17
90 88
52 61
54 44
59 47
36 44
53 7
65 1
60 69
74 25
32 0
51 35
67 33
96 92
28 49
8 95
35 56
54 18
87 28
73 84
38 43
92 42
68 58
84 24
94 24
95 79
89 17
13 86
18 30
26 37
44 32
57 62
22 42
65 31
62 59
88 93
2 82
76 30
8 58
29 12
30 16
33 60
54 48
39 43
26 78
56 58
66 18
1 14
38 71
19 50
99 14
63 57
96 74
8 80
81 56
19 71
32 78
48 1
57 71
31 90
70 80
26 14
87 11
50 71
34 91
28 74
10 17
47 0
55 5
56 79
85 50
2 84
84 99
98 53
78 82
76 63
42 78
53 80
74 19
47 96
63 71
23 42
84 45
4 90
38 9
31 58
15 7
43 71
16 25
75 26
50 74
24 70
65 93
69 56
87 62
52 9
29 20
49 60
21 66
81 91
27 74
81 44
67 86
65 89
96 30
77 81
73 12
20 60
17 34
53 25
5 17
97 97
52 87
21 34
76 97
29 75
72 8
59 65
50 89
8 16
87 41
75 1
26 72
29 34
86 42
90 89
71 80
64 74
57 13
25 26
11 84
48 36
15 73
10 21
85 43
53 29
40 45
23 87
88 1
3 34
27 63
17 8
30 47
51 73
62 76
63 17
65 54
31 79
2 31
80 63
28 88
76 85
50 49
60 85
26 69
87 52
50 39
50 30
69 40
0 78
77 38
78 65
22 33
66 70
3 65
64 3
50 6
87 74
93 83
98 63
21 36
29 63
95 88
15 36
8 2
1 11
41 22
94 51
90 45
24 29
12 55
73 17
78 56
89 81
29 28
12 10
14 51
54 68
76 17
94 64
48 72
63 64
83 47
90 71
94 38
48 7
92 59
15 65
88 69
42 99
10 69
43 76
46 17
60 93
85 19
95 76
64 21
27 65
54 60
90 95
6 2
9 77
9 22
7 66
3 51
71 28
0 92
14 26
96 64
1 40
76 28
16 9
49 13
82 43
71 27
89 80
58 96
28 35
0 4
19 64
51 19
24 41
56 23
21 20
89 97
8 75
85 89
93 45
55 74
79 64
4 61
15 76
8 60
56 4
27 54
86 63
99 11
57 15
41 50
34 21
31 96
52 80
40 90
85 54
23 36
2 28
11 40
62 1
4 24
13 61
76 19
32 97
99 89
50 75
86 34
93 22
16 97
48 0
39 70
40 61
34 28
13 27
51 48
90 19
31 97
89 29
22 87
25 42
85 14
26 73
71 61
48 77
76 80
66 39
61 39
71 11
40 20
45 95
95 1
35 16
55 9
90 37
99 95
42 71
98 77
45 35
70 31
0 8
56 78
50 11
68 45
76 89
61 42
4 58
61 89
12 88
87 66
39 93
36 27
36 80
47 16
44 26
26 96
39 14
54 69
58 28
67 55
91 39
79 28
2 37
34 99
86 8
90 35
99 6
1 17
5 96
76 68
79 10
60 60
51 67
96 69
78 90
53 60
96 79
12 67
70 58
53 13
28 3
80 92
26 68
23 56
54 21
14 79
13 39
17 3
71 24
43 47
6 36
19 22
22 27
80 7
93 20
5 26
50 79
60 86
25 77
47 37
63 10
54 2
46 53
3 55
0 37
21 64
66 82
29 6
49 83
80 45
26 83
30 66
84 2
70 10
86 33
64 61
23 91
68 14
20 48
51 86
43 21
29 86
77 53
19 0
88 55
22 35
55 89
26 48
49 63
13 69
14 58
28 85
23 63
46 36
65 74
12 60
50 73
31 12
42 10
12 77
69 44
88 47
96 54
56 88
43 91
70 35
18 19
44 72
7 92
93 46
55 98
29 58
39 19
6 8
45 85
21 65
6 96
60 47
96 80
27 14
26 39
46 88
1 22
79 17
6 17
19 15
63 41
64 60
62 85
81 45
66 40
41 71
44 89
62 36
46 67
44 56
19 67
27 0
67 26
76 32
9 51
19 48
5 51
86 4
41 18
37 42
46 65
58 73
33 65
81 30
95 53
1 21
22 18
78 18
66 98
2 55
69 98
94 68
6 34
44 73
77 1
14 36
7 72
54 27
46 29
47 14
46 39
86 43
75 16
93 62
12 49
99 52
74 75
26 92
59 38
7 6
52 37
16 80
87 20
13 22
44 33
13 19
32 40
38 46
15 79
44 59
70 9
76 74
98 65
89 36
23 38
0 49
96 98
17 14
48 24
36 72
76 58
6 13
72 71
27 94
40 28
65 39
31 53
46 9
94 5
44 84
97 64
3 81
31 89
56 93
99 70
93 94
17 88
62 89
2 9
74 44
74 77
73 7
5 8
8 79
48 58
55 44
27 21
91 1
54 89
84 21
74 68
33 74
77 33
7 79
38 99
87 10
4 62
21 12
19 5
93 17
35 81
43 62
63 97
11 68
7 44
99 75
59 46
77 94
73 82
26 55
99 47
23 67
51 40
40 68
94 42
92 36
36 35
64 34
42 57
84 42
92 68
19 21
3 48
0 17
94 71
55 3
15 52
38 65
70 18
77 67
9 36
89 25
79 47
60 17
44 34
76 20
60 72
68 99
53 4
76 70
77 36
73 53
2 47
14 55
67 24
14 10
40 53
5 63
3 43
41 6
16 47
23 99
41 93
52 10
57 81
49 39
8 40
41 46
80 75
4 19
65 64
43 18
83 86
81 15
17 75
67 97
50 33
20 66
93 4
70 6
18 14
10 70
68 83
58 75
22 23
64 65
57 4
14 57
27 97
49 55
59 71
3 50
82 77
54 45
96 95
41 90
53 84
56 50
12 72
70 96
89 14
17 62
56 76
96 90
36 4
29 79
94 29
97 21
11 72
36 71
0 41
33 78
12 86
15 24
18 22
2 97
97 63
52 70
85 94
98 70
34 42
48 31
34 5
63 11
85 35
53 57
98 34
87 88
51 63
67 21
91 15
48 57
74 72
23 93
31 69
5 33
15 29
23 1
76 50
8 84
82 3
96 86
9 63
29 95
24 79
22 97
25 70
38 83
23 53
80 76
90 87
45 48
16 99
36 23
56 19
12 15
82 16
39 23
96 78
28 19
90 22
94 34
68 21
63 7
36 74
82 52
50 36
33 39
17 66
77 69
5 53
0 12
10 6
48 76
36 31
96 70
29 82
66 11
61 16
74 32
18 33
83 94
63 54
11 2
70 20
66 94
80 15
90 31
25 67
75 42
49 50
75 97
7 40
26 18
85 13
34 0
42 25
50 67
95 7
68 84
92 12
46 50
32 21
96 62
5 81
64 81
35 43
17 41
81 11
53 92
90 93
48 68
67 53
83 35
81 23
33 25
45 99
48 21
6 71
60 39
82 5
84 64
55 68
95 10
43 40
12 66
75 33
71 84
69 32
30 85
39 7
36 48
70 37
77 60
39 90
5 78
96 28
17 59
65 20
88 99
62 50
53 95
87 38
65 38
81 14
21 42
42 60
6 22
56 66
52 51
77 58
69 16
41 61
69 19
58 95
19 11
38 81
38 19
68 41
82 64
90 69
21 51
6 52
11 73
92 86
5 80
15 88
54 29
54 26
33 38
86 41
71 78
64 18
89 41
72 35
2 96
21 92
72 45
97 53
40 96
67 52
32 72
6 74
34 82
46 37
68 73
5 49
73 66
78 9
60 94
42 44
51 78
6 23
39 63
95 23
61 66
25 30
2 79
53 98
5 67
81 43
14 91
97 81
89 52
37 19
93 59
10 95
38 40
94 61
9 16
14 86
17 68
94 88
53 19
83 7
16 83
11 60
61 80
27 92
10 58
21 7
70 40
89 61
22 16
40 94
32 37
6 87
18 17
55 87
40 49
7 22
14 8
11 45
81 64
90 91
79 14
96 5
13 93
60 12
62 97
2 87
59 33
66 59
70 53
71 26
56 67
11 1
73 27
68 53
5 40
33 0
92 49
37 48
18 90
22 68
45 98
17 51
40 2
61 50
88 52
83 21
19 73
78 7
25 33
55 7
45 53
80 8
40 0
8 14
92 94
89 8
85 42
5 64
18 59
59 59
80 51
14 20
99 63
4 26
25 47
69 9
85 56
69 63
23 4
39 26
74 34
91 48
85 36
80 2
50 83
83 57
83 31
77 57
46 98
49 19
97 72
77 79
92 62
51 60
68 74
28 27
5 93
67 29
10 91
42 93
97 98
54 40
22 4
79 62
69 45
75 17
40 13
7 21
88 85
50 63
17 12
61 20
29 26
3 88
39 24
5 5
1 68
92 30
88 12
32 7
96 66
67 66
66 25
54 13
9 12
68 98
32 88
61 11
44 19
3 56
33 21
97 40
88 42
18 42
54 86
61 72
97 12
53 40
21 91
42 20
32 63
3 6
4 48
45 49
99 97
40 70
86 76
11 6
53 99
84 5
80 87
44 62
1 10
44 28
75 45
40 73
47 49
86 58
19 88
73 6
73 48
64 58
26 91
24 30
9 93
88 62
59 18
3 47
7 98
38 97
88 0
15 68
79 30
41 77
86 48
2 38
49 73
76 10
0 53
48 8
39 2
31 21
51 80
75 83
62 46
98 0
0 96
32 55
19 59
67 57
4 10
12 8
36 43
25 65
93 85
16 45
78 1
6 76
78 19
13 89
99 31
93 10
12 63
65 23
63 21
63 36
55 25
11 39
43 84
98 6
30 14
20 63
29 44
82 41
94 73
72 50
12 52
15 57
9 32
9 28
0 59
78 11
82 40
93 16
1 62
75 15
68 50
2 5
23 89
70 38
28 76
41 49
83 89
91 46
92 53
50 4
8 71
34 22
51 31
33 95
48 79
98 73
35 47
91 27
1 9
48 27
57 99
78 46
62 24
44 76
61 33
52 41
79 33
56 80
75 12
78 86
66 52
69 1
33 98
52 25
6 7
6 53
48 18
0 73
30 83
28 87
4 74
29 98
83 20
29 14
68 90
33 22
14 83
69 75
91 53
66 26
41 31
7 64
97 6
92 26
68 16
14 37
38 53
3 16
36 70
46 44
53 89
21 21
77 32
65 19
85 4
29 27
35 39
48 75
52 76
2 10
39 82
22 84
93 60
79 25
71 6
59 58
76 87
34 12
56 70
4 56
37 81
42 21
41 34
29 1
57 58
86 10
89 48
78 10
92 91
63 26
23 66
22 93
85 8
85 57
28 32
10 24
70 29
73 52
81 18
97 82
58 89
60 19
45 26
71 42
89 60
52 69
88 22
74 35
75 60
34 37
69 0
64 27
21 32
29 43
99 42
85 93
70 76
51 62
97 48
31 1
48 38
88 3
78 22
5 29
7 31
4 16
6 91
44 1
86 12
73 81
0 69
94 31
25 19
92 29
21 11
89 1
70 4
3 90
32 17
94 19
42 61
68 78
6 75
71 68
61 26
85 98
88 50
93 25
66 15
69 20
97 15
28 84
90 15
5 60
76 53
27 7
20 36
97 1
39 53
28 26
7 62
82 1
94 48
68 26
56 81
32 41
49 85
98 31
45 93
82 74
28 11
93 55
24 6
17 98
68 39
89 40
88 6
15 25
60 35
64 40
96 27
15 3
92 60
26 77
3 54
75 19
48 86
79 67
83 64
84 81
62 75
46 33
23 68
11 47
29 42
95 87
59 82
24 54
44 87
21 76
94 25
28 36
19 14
64 64
54 3
99 4
75 51
2 53
29 41
59 14
85 2
96 72
89 2
55 97
5 19
3 45
59 24
4 97
5 90
70 56
5 68
94 76
43 42
44 65
67 32
47 17
11 24
86 96
88 36
11 35
75 49
36 12
53 88
8 49
59 75
52 31
32 31
12 17
36 54
18 48
56 46
94 45
12 41
99 82
97 99
12 76
92 33
64 82
9 53
69 99
55 29
89 33
40 39
23 71
99 92
34 63
88 27
47 71
56 54
36 18
98 16
27 64
96 48
43 30
59 80
54 83
50 13
33 66
18 38
61 69
67 95
61 74
61 24
82 24
65 76
6 19
22 47
16 77
79 43
89 62
25 61
32 23
38 85
11 53
77 72
43 51
31 42
39 40
65 56
41 81
6 68
93 57
87 47
93 19
45 7
0 56
30 98
31 78
42 28
17 71
12 2
41 97
54 50
84 34
7 75
62 12
36 86
86 56
75 99
26 52
55 19
6 66
77 84
91 70
39 18
39 22
50 62
71 17
73 26
68 48
84 17
34 23
68 37
78 59
16 26
14 67
22 94
46 74
15 58
55 10
91 11
61 90
36 63
64 93
56 57
43 2
83 18
86 86
98 67
23 31
60 52
22 37
18 20
13 72
50 40
98 69
37 97
15 6
66 24
3 13
46 28
10 31
74 36
13 38
72 34
68 62
39 48
60 65
84 89
56 71
31 36
92 15
10 82
66 35
14 35
75 25
54 35
89 9
38 50
63 37
98 36
25 27
5 87
49 41
35 20
10 26
20 93
86 37
93 73
23 15
5 55
13 97
25 55
37 74
34 86
66 55
53 1
60 87
33 35
93 90
67 39
58 17
83 72
63 58
7 27
34 71
0 15
79 90
95 12
33 68
66 30
75 72
94 96
59 21
26 35
99 87
40 52
57 69
27 61
80 69
78 2
72 40
27 50
65 11
49 0
58 35
87 25
62 61
3 5
70 82
11 43
9 59
76 45
20 37
39 21
98 55
29 55
60 92
39 87
36 47
54 61
84 1
6 64
62 72
53 27
51 5
59 4
74 56
21 40
65 63
52 26
59 0
35 7
83 97
21 26
84 68
94 99
42 82
2 25
89 22
0 98
27 78
1 49
78 23
46 87
92 76
48 46
20 32
46 82
13 46
75 37
34 69
15 70
58 91
36 94
48 73
46 21
72 67
20 98
28 63
27 88
79 35
99 49
31 31
13 34
62 48
37 66
53 78
4 63
99 68
74 97
1 18
57 8
79 15
35 83
38 69
1 80
55 65
33 70
71 74
11 97
90 20
40 18
98 89
66 90
30 2
77 25
81 47
29 91
58 68
49 58
76 95
7 0
52 12
31 20
18 81
3 10
32 85
88 21
38 80
30 65
72 30
81 83
30 23
80 94
88 41
27 34
13 53
98 93
33 31
94 11
40 19
90 65
73 22
27 76
24 99
98 85
14 7
52 58
37 36
99 76
27 95
64 63
47 15
72 66
49 17
16 27
42 26
10 16
0 44
62 77
23 6
77 22
28 8
42 92
79 59
52 14
30 92
13 76
47 69
59 10
33 17
65 47
12 78
57 22
55 51
49 57
71 52
67 99
23 59
87 2
17 22
74 33
81 59
64 17
26 58
42 59
98 19
99 21
22 60
93 63
47 88
60 42
57 17
76 92
78 32
10 14
18 4
84 18
22 3
72 6
13 12
17 44
84 75
5 3
34 18
1 24
26 81
33 61
11 46
61 97
70 25
97 96
78 94
44 82
3 26
15 59
2 59
65 90
85 58
74 53
21 94
76 31
1 51
4 79
4 70
80 44
63 6
58 14
48 44
15 9
19 31
42 45
30 58
63 47
41 38
18 71
84 82
63 9
57 49
70 8
84 12
37 78
9 56
13 0
65 60
17 58
61 56
32 95
24 80
18 39
3 58
61 37
49 43
54 1
27 22
36 97
84 8
39 83
33 94
46 89
97 58
36 11
90 12
97 60
7 74
92 8
97 9
73 37
17 69
7 85
47 84
51 49
11 8
47 83
55 8
68 86
99 93
60 20
73 65
25 9
19 54
20 31
26 25
80 90
82 9
30 20
72 85
97 25
36 60
46 48
73 40
86 94
53 76
89 87
11 44
69 25
71 41
12 27
49 91
18 58
27 79
73 32
46 40
49 30
39 5
31 4
93 99
80 31
34 20
39 16
93 67
2 24
20 17
8 81
89 34
14 69
68 94
76 13
78 58
27 38
28 69
24 5
39 4
67 84
93 97
89 35
26 93
4 40
60 90
28 99
20 73
26 85
2 70
66 48
59 23
1 85
71 44
38 4
6 58
10 43
92 6
80 61
47 44
53 30
50 86
90 6
70 22
96 67
16 64
41 29
68 80
97 88
3 3
76 40
4 76
36 33
61 41
44 3
9 58
55 34
29 5
2 17
92 65
97 20
53 24
59 3
43 57
36 10
54 67
59 26
96 20
37 3
24 94
82 73
73 24
38 2
80 62
17 86
40 81
2 72
44 5
6 44
38 36
10 71
63 59
37 63
22 61
58 41
40 63
8 61
48 98
34 68
59 64
2 54
63 69
29 50
56 9
22 95
54 73
3 82
54 32
25 7
1 75
95 33
87 36
1 20
93 43
63 30
42 12
17 13
88 28
79 84
46 51
99 0
21 87
94 1
80 0
2 27
0 83
31 76
72 5
66 79
6 18
58 79
71 59
80 35
83 66
93 42
35 3
82 31
48 70
43 0
38 47
39 45
3 76
49 95
98 94
8 35
29 46
18 82
77 89
38 21
19 93
83 11
53 70
17 57
79 24
59 42
67 44
69 57
73 64
97 17
17 23
3 36
65 40
73 41
96 4
87 79
58 83
83 98
15 11
45 74
13 25
95 85
72 72
49 81
49 93
35 21
59 68
6 16
73 85
52 63
17 35
8 8
82 45
4 55
65 18
89 11
63 1
38 59
71 98
43 77
55 24
81 90
60 22
42 68
26 5
99 73
56 5
74 42
8 22
30 49
89 57
99 65
3 0
76 7
76 15
41 23
12 22
8 48
21 54
67 50
56 33
45 2
84 35
47 46
64 8
59 2
49 65
98 38
99 72
40 29
17 91
90 2
65 77
71 62
99 91
24 21
42 38
34 79
60 61
23 16
66 27
6 42
67 78
31 92
16 72
4 2
12 95
53 32
17 17
81 8
54 20
58 26
81 85
53 68
15 38
60 64
0 93
43 50
47 95
5 88
10 77
74 31
68 56
62 84
27 45
39 25
67 23
28 17
18 15
24 95
24 72
62 55
40 58
14 74
1 81
49 71
88 24
1 3
33 77
43 86
48 43
62 93
77 76
99 67
40 32
19 41
99 5
77 39
88 86
73 59
85 48
37 58
45 0
87 61
27 46
28 39
10 54
35 78
86 38
46 38
49 52
76 37
89 6
1 88
23 10
9 62
66 21
71 93
34 93
62 58
44 95
8 39
49 64
6 70
33 63
73 62
37 93
48 74
66 0
90 85
65 5
62 81
74 6
93 49
5 62
53 66
12 3
90 74
89 20
56 60
52 79
91 7
25 36
20 76
79 7
49 31
50 44
69 81
46 31
48 91
39 96
71 12
92 71
13 71
86 52
13 2
30 9
38 6
58 92
55 47
67 34
9 97
65 53
2 69
27 49
9 95
51 77
63 8
53 36
6 69
27 4
67 42
61 93
15 18
62 95
36 50
8 28
23 81
27 98
48 93
57 91
79 69
25 12
44 78
14 44
79 4
69 93
39 32
47 59
34 8
25 86
5 72
29 19
86 92
97 78
91 87
15 35
72 73
47 32
14 95
22 72
13 54
42 3
70 12
78 14
61 27
67 59
69 4
70 92
81 25
68 64
50 23
51 2
5 32
89 56
53 3
25 14
58 12
5 21
69 3
19 29
22 39
17 77
23 23
46 97
94 75
2 64
11 59
45 37
27 47
20 65
35 50
70 36
40 21
47 98
10 67
83 12
9 7
54 22
4 53
11 80
60 83
79 92
34 39
57 70
18 1
96 14
17 45
54 58
60 63
53 9
27 53
46 4
15 22
25 43
39 58
34 72
37 45
48 6
42 1
74 18
37 22
73 36
34 27
18 97
68 89
45 18
10 85
90 56
35 4
67 91
20 59
33 27
43 32
70 52
61 14
97 36
90 39
23 84
9 20
15 75
3 24
48 49
31 19
45 34
91 45
49 77
74 95
8 4
26 26
42 7
91 85
83 80
8 62
97 13
48 80
47 64
68 61
95 5
63 14
21 19
72 31
86 66
30 59
79 97
43 79
92 43
10 45
64 54
92 39
63 94
12 29
21 23
0 95
81 29
23 43
94 83
22 64
7 70
41 10
80 74
45 22
3 30
75 23
98 42
91 43
89 86
86 45
61 96
32 11
17 20
19 63
70 42
23 75
84 44
42 2
48 69
45 45
66 14
39 11
91 8
32 75
49 32
56 43
58 57
4 98
37 80
51 61
11 98
31 61
55 85
30 54
51 91
5 38
28 38
74 87
97 87
53 49
17 27
79 42
54 76
0 29
86 51
82 76
48 37
8 74
2 65
98 71
19 72
66 84
2 71
65 55
63 87
95 17
47 62
98 91
48 78
52 92
40 91
68 52
8 77
6 25
68 69
21 17
15 21
31 71
95 54
83 49
47 11
25 84
6 56
27 9
76 26
81 33
50 91
75 95
41 59
97 74
8 90
54 81
86 68
3 98
33 46
65 98
65 17
93 75
58 87
43 64
79 6
66 20
56 40
20 5
42 53
0 38
34 26
92 3
68 40
57 39
42 88
23 44
91 36
4 67
52 72
27 36
62 82
58 25
63 52
25 4
82 60
48 61
56 69
69 27
84 54
15 82
75 20
34 62
79 38
19 68
65 94
1 12
56 55
38 76
96 59
81 26
51 52
12 99
8 24
80 49
5 70
35 48
76 73
96 32
52 74
64 7
74 20
84 13
46 47
87 31
7 24
1 78
81 93
10 90
32 96
94 54
63 29
33 4
30 94
66 47
15 26
47 91
42 97
46 45
71 63
64 37
81 78
68 54
15 45
47 28
39 20
54 90
72 52
74 59
10 13
41 92
12 75
82 99
62 16
94 62
58 94
35 90
32 14
69 69
14 73
65 26
63 80
48 4
61 15
91 60
23 96
62 27
50 65
46 16
95 84
70 70
28 68
95 14
91 88
51 39
14 22
85 84
45 32
43 74
91 79
67 98
29 17
81 96
54 8
4 57
33 3
59 31
69 92
48 34
32 89
13 40
54 55
91 13
23 30
39 79
4 66
13 9
52 90
98 57
59 52
89 98
57 21
33 41
0 57
19 2
62 60
53 42
55 82
52 56
47 50
7 63
87 7
13 70
85 45
74 47
67 7
87 55
14 61
27 84
13 79
98 61
41 28
26 45
6 60
64 2
37 77
38 73
17 47
77 26
18 96
23 52
5 12
78 67
65 65
80 18
94 77
38 98
32 39
17 33
61 59
41 98
51 47
46 66
60 80
72 96
26 31
64 42
8 64
78 12
40 31
91 86
38 96
95 70
40 4
5 39
20 10
89 42
11 66
93 33
54 54
29 73
39 68
34 34
58 72
74 57
32 13
3 83
62 18
24 43
85 83
43 8
73 13
32 20
1 46
30 38
55 96
42 40
43 26
52 68
13 63
31 43
46 23
73 28
60 26
18 10
7 67
82 51
94 59
42 47
27 37
98 72
8 11
78 76
84 39
49 49
43 12
57 18
88 89
71 70
74 63
91 67
52 22
24 20
66 61
54 78
62 78
17 6
80 25
27 27
80 60
78 8
28 86
37 30
77 97
19 82
59 39
60 32
57 66
50 26
47 20
46 80
31 49
50 70
3 31
62 28
23 34
51 56
14 75
99 86
77 59
97 2
3 70
93 86
51 16
16 2
65 3
92 61
79 85
32 99
62 22
45 51
1 19
37 20
68 6
12 93
59 73
13 30
0 81
82 17
23 64
87 67
48 40
57 12
6 32
9 2
41 85
68 4
94 89
28 61
83 73
88 72
6 57
90 7
85 34
93 15
28 89
18 69
43 60
17 26
36 30
77 12
89 4
42 17
29 81
15 27
83 60
31 95
37 88
63 4
11 57
72 70
97 26
45 12
36 99
33 10
40 87
61 87
94 95
44 77
48 3
45 61
77 19
63 50
81 63
26 62
38 11
55 60
75 98
51 10
39 55
47 63
17 1
0 71
82 20
20 54
79 23
16 7
92 24
64 73
7 53
70 26
43 83
60 88
40 11
57 89
46 3
85 81
89 67
66 67
1 82
41 82
35 12
19 75
74 54
51 92
72 62
57 0
23 32
57 53
24 97
27 75
44 14
67 68
56 35
36 62
37 75
13 82
38 92
26 15
52 0
13 41
29 85
79 80
61 81
92 0
28 65
39 91
39 75
96 37
13 45
73 68
12 16
70 49
50 24
33 30
43 75
58 52
53 18
96 9
72 82
96 24
85 92
41 88
24 64
38 31
75 41
55 66
42 4
77 71
82 26
25 85
60 1
14 98
88 48
43 35
17 87
59 81
97 75
23 9
51 20
65 36
89 70
36 59
80 11
11 62
59 44
76 8
51 22
96 49
93 96
35 2
31 70
38 23
60 82
88 35
21 52
85 32
49 98
98 18
6 90
27 60
55 22
74 15
55 83
19 3
14 84
2 66
39 76
77 28
15 31
63 65
59 20
88 26
60 15
4 50
77 80
73 33
12 91
96 2
54 16
68 17
82 92
47 75
58 34
28 48
17 24
47 5
37 11
27 20
0 32
78 50
17 64
25 45
48 19
63 91
39 52
43 81
27 41
53 17
8 99
96 58
66 13
44 46
66 78
16 67
10 28
70 75
80 30
25 15
83 83
29 8
82 62
85 10
8 45
33 86
47 27
51 42
25 44
23 80
87 0
20 3
53 52
53 51
35 62
91 23
73 67
88 17
2 76
90 47
0 11
51 11
61 54
73 47
32 62
35 95
7 52
69 59
46 13
19 12
24 86
58 0
35 79
88 87
62 25
66 71
7 26
99 38
10 79
11 75
58 30
51 90
98 96
86 69
99 59
25 23
57 40
71 0
8 25
37 35
95 61
9 41
31 44
18 95
80 72
20 96
49 86
92 35
5 61
53 64
24 57
25 3
63 16
12 43
32 38
87 18
68 57
90 32
69 76
68 20
30 6
40 93
64 90
20 92
6 35
59 9
93 48
86 53
92 9
99 35
28 96
93 66
12 92
73 16
54 11
49 70
76 35
40 14
55 11
39 92
37 28
55 43
89 30
69 42
61 6
55 53
81 2
78 43
61 17
71 14
8 21
12 74
33 99
1 42
76 86
70 39
52 46
58 55
93 58
97 33
83 29
77 18
55 71
32 42
43 58
77 50
21 74
71 38
53 35
49 34
3 99
31 54
13 13
45 59
71 72
69 13
75 86
26 94
43 99
60 34
15 17
73 97
44 80
58 40
9 50
43 49
50 61
63 63
13 26
15 28
42 86
81 98
54 17
97 94
48 89
93 72
19 37
36 56
10 34
23 54
74 78
71 97
87 30
90 49
18 25
76 22
69 7
97 45
65 62
66 81
33 90
73 70
64 15
90 83
93 84
94 12
98 8
57 85
22 29
63 76
51 44
25 60
89 79
15 30
15 92
9 43
43 43
73 88
54 14
0 28
94 30
25 64
13 51
98 37
90 24
28 47
7 97
74 84
32 33
11 14
68 67
57 6
20 51
88 98
83 44
97 22
67 8
24 50
86 79
17 85
50 12
23 77
88 68
34 15
32 91
85 24
76 67
34 56
11 20
18 57
1 83
17 30
24 74
81 4
31 73
88 14
60 76
54 91
50 99
3 46
92 40
20 4
83 34
52 7
70 86
81 79
44 43
85 91
25 69
37 43
52 43
85 9
58 62
53 58
33 34
79 26
49 33
61 70
65 28
34 40
13 56
33 48
0 99
59 84
20 29
91 89
97 3
10 40
34 58
68 55
91 68
18 44
50 32
47 99
42 56
66 68
22 12
58 49
95 82
18 99
35 40
7 18
53 20
93 29
5 99
75 89
38 86
58 33
28 46
33 16
33 26
60 5
62 80
15 63
64 48
97 44
3 91
41 39
3 33
15 77
20 86
64 4
27 59
6 61
35 73
0 55
19 35
51 26
21 33
64 1
22 45
95 50
72 63
56 31
26 84
3 62
96 99
82 47
1 13
92 75
25 1
88 37
42 73
5 71
91 52
56 48
40 51
5 4
6 29
85 65
74 7
91 63
15 12
60 51
57 30
66 2
70 72
91 80
37 62
7 28
78 51
71 36
64 84
2 94
96 0
10 12
30 37
52 13
86 55
82 75
60 43
55 81
25 56
76 5
75 76
14 41
33 62
91 51
23 62
57 67
8 69
4 93
60 44
75 36
7 17
78 72
63 95
62 70
73 18
28 95
45 30
43 36
95 4
20 27
49 72
33 20
22 50
57 33
24 11
55 93
74 67
62 5
39 44
86 7
88 76
1 37
30 77
76 51
93 44
19 1
66 6
6 39
74 21
93 79
17 81
38 34
41 56
67 31
16 54
63 51
83 78
59 98
21 5
33 92
91 47
79 29
17 36
98 98
13 33
67 41
67 30
11 7
0 67
0 87
73 87
51 4
83 23
19 57
71 29
72 88
95 3
4 85
23 37
29 72
46 12
75 68
53 87
13 66
34 88
28 0
73 80
57 93
23 49
77 37
94 46
8 78
54 80
42 58
87 89
76 34
68 0
77 68
77 77
60 48
9 52
80 50
16 17
85 80
56 75
50 88
83 75
11 79
36 90
81 13
91 99
95 37
55 23
23 14
90 28
74 82
92 4
64 47
15 89
44 18
24 10
72 57
19 43
30 57
16 84
2 62
97 83
80 48
88 43
5 16
80 98
56 39
71 35
82 78
5 86
29 40
37 21
4 13
30 61
90 30
68 23
92 84
97 4
1 38
65 32
66 50
1 8
27 73
33 82
82 4
80 91
79 49
66 22
46 15
50 59
62 33
10 59
91 71
93 61
1 28
6 98
79 41
54 94
2 50
29 89
56 16
53 90
77 29
8 55
84 77
64 38
65 6
5 84
27 32
36 38
59 88
84 84
75 30
22 83
46 42
10 35
63 93
63 15
73 71
31 91
41 65
26 23
88 65
93 56
78 31
45 91
47 9
20 71
45 90
29 56
19 19
36 17
94 98
17 0
55 67
87 84
51 43
47 94
31 68
86 97
41 25
78 80
23 20
23 13
47 72
62 23
92 67
56 86
73 50
36 78
55 50
67 18
39 81
7 19
24 92
68 93
67 60
55 45
49 48
16 10
65 67
58 78
20 23
84 56
90 82
36 46
75 62
83 69
87 3
86 74
13 37
19 6
42 62
12 30
84 31
4 4
15 0
22 67
4 38
55 70
36 8
42 90
66 83
20 95
30 12
2 15
67 72
25 96
10 15
4 22
10 56
98 26
60 31
59 99
65 7
20 64
57 29
69 66
62 34
89 3
48 45
71 4
94 85
14 9
78 91
93 91
99 90
20 81
74 26
12 5
75 82
90 13
34 24
26 11
58 69
65 8
21 15
39 78
1 30
97 18
5 91
28 42
29 68
55 33
88 16
63 46
18 60
58 70
7 5
25 83
30 0
44 29
30 29
14 71
6 77
59 28
27 26
34 77
23 70
21 39
5 74
65 14
43 85
68 11
70 57
20 67
46 95
25 17
45 57
14 42
63 99
99 46
73 75
16 48
31 41
16 88
71 39
83 38
27 40
56 82
51 23
65 41
33 75
73 54
86 90
87 81
59 63
20 34
23 39
23 85
91 18
96 57
51 71
42 24
11 86
41 62
90 18
63 20
45 52
79 52
27 29
69 83
96 29
71 82
53 47
49 35
54 97
49 66
46 14
72 19
95 57
94 50
95 80
6 41
52 71
78 70
83 85
61 88
93 51
95 58
22 31
56 38
8 32
72 68
58 39
65 2
44 47
54 98
77 42
18 92
80 33
88 97
88 19
92 48
72 26
42 33
63 19
11 49
39 39
90 23
3 52
94 33
84 41
77 52
96 22
70 54
66 72
31 30
21 80
96 91
58 93
6 11
84 73
68 28
51 79
0 61
2 12
43 78
75 74
31 11
71 7
6 78
35 46
81 57
61 46
4 68
95 71
73 46
86 95
86 9
90 64
74 71
52 83
94 43
9 4
3 61
75 13
61 34
50 95
97 30
87 87
78 97
61 94
27 12
35 53
50 54
32 4
44 57
2 8
44 6
85 53
64 76
5 56
9 25
83 55
3 22
70 30
65 29
21 82
85 22
56 27
46 41
84 90
85 79
46 76
88 45
20 21
5 58
20 25
80 93
14 48
40 43
38 32
65 25
47 52
12 97
96 38
6 45
35 35
18 2
64 19
74 70
84 37
1 7
58 53
75 66
11 96
23 58
24 3
84 33
88 15
93 31
64 41
13 50
72 80
91 97
90 10
79 13
74 50
18 88
31 64
61 31
11 13
16 24
53 12
57 9
37 55
66 66
76 18
6 38
38 44
59 37
21 6
9 65
46 86
33 79
0 72
82 82
56 6
72 27
47 8
2 86
62 94
1 92
80 66
95 56
62 39
37 37
47 73
18 27
79 19
18 77
1 5
13 99
30 24
51 54
29 2
92 21
26 7
39 57
35 11
29 61
69 96
83 24
69 29
87 39
38 39
39 6
59 36
57 27
54 63
75 57
70 17
29 62
47 87
9 54
16 70
88 53
87 17
66 41
8 46
22 90
66 49
87 27
14 18
76 33
98 2
86 19
10 1
73 99
86 84
35 66
1 60
18 61
0 48
93 12
65 73
98 86
52 93
98 11
19 52
88 63
34 66
38 90
96 44
66 64
40 79
25 89
58 6
9 99
46 2
42 91
73 31
89 0
96 96
98 7
75 70
72 0
49 2
87 85
48 22
83 76
34 64
77 41
9 70
31 38
12 61
96 7
83 4
74 24
26 59
0 51
54 15
14 4
41 99
42 96
53 45
5 20
62 8
9 5
85 15
9 67
95 72
8 3
37 24
17 9
21 43
93 5
73 34
39 73
90 53
29 49
32 61
36 40
39 51
75 59
8 93
55 64
33 7
98 58
62 35
52 23
54 39
57 35
52 57
62 45
73 9
87 80
41 79
80 52
7 33
40 60
62 67
79 93
85 41
15 15
10 38
84 78
36 65
77 30
2 35
34 47
17 82
3 79
16 65
82 27
29 13
72 64
49 42
50 50
94 63
72 13
64 79
56 61
4 73
85 1
74 10
83 96
14 24
69 23
54 65
55 36
3 12
12 40
84 27
38 38
18 3
6 47
55 4
30 34
80 65
9 74
33 52
17 5
74 91
90 21
66 10
11 93
60 3
22 59
88 10
33 19
11 52
65 91
69 41
30 42
98 47
10 73
5 85
78 96
73 94
67 96
24 93
47 2
18 46
70 62
32 60
82 18
64 14
45 77
66 62
77 75
19 69
97 93
84 52
38 51
21 30
12 13
74 9
16 94
64 96
40 80
76 11
81 73
32 32
86 91
68 36
44 70
83 65
37 52
8 98
3 63
61 78
46 24
69 43
95 0
24 91
25 10
53 5
62 3
87 43
24 24
61 19
78 48
15 34
39 37
90 25
79 66
60 11
85 55
71 13
1 65
6 67
47 39
37 73
99 24
18 91
71 64
88 90
59 12
44 30
98 40
82 48
91 17
26 21
69 11
86 6
84 72
28 58
30 18
50 72
10 23
27 25
24 83
88 56
8 92
32 80
41 52
42 0
13 15
72 25
10 7
81 49
48 26
14 66
44 36
49 24
3 49
80 73
33 72
25 34
87 97
45 15
64 23
84 97
44 86
73 23
20 40
80 14
82 21
71 21
39 74
98 75
0 65
56 22
20 83
67 3
79 44
40 67
8 5
65 44
72 46
77 83
2 91
97 92
76 69
94 90
78 0
88 34
37 65
29 3
87 34
22 26
96 34
55 38
63 38
45 23
86 65
33 11
50 38
28 70
1 77
80 22
20 56
3 20
85 67
5 76
10 72
35 71
14 31
64 26
50 9
93 36
21 60
21 90
93 11
83 22
21 78
11 85
7 32
63 62
14 50
91 50
97 80
35 36
99 77
42 23
92 22
4 86
3 7
89 44
52 36
93 89
10 11
55 92
28 2
39 60
74 13
95 89
81 54
88 30
26 33
3 38
92 11
67 87
81 76
61 92
36 67
17 97
35 72
22 76
6 20
48 13
84 53
47 61
7 94
7 3
78 25
3 69
66 9
33 12
78 5
27 58
58 29
25 94
16 53
35 24
25 38
32 74
6 59
42 98
63 81
90 8
37 25
43 15
16 74
30 63
69 74
3 78
5 42
35 44
67 51
24 69
92 32
92 69
6 89
37 64
97 50
1 93
57 48
71 66
21 84
79 12
60 36
80 39
61 48
22 98
3 71
