100 3
69 30
16 44
27 1
13 49
0 60
15 54
87 3
79 68
55 32
77 78
77 60
59 16
98 28
26 70
34 38
15 45
45 65
40 38
23 80
86 34
3 14
91 2
3 75
93 1
11 3
50 28
21 59
20 62
1 96
56 73
28 86
56 97
74 61
38 1
66 73
64 54
88 5
20 50
96 8
62 44
16 58
19 0
91 9
57 65
88 30
36 11
33 6
76 85
48 24
65 91
58 62
63 27
28 44
39 14
46 82
62 90
88 49
89 4
19 78
56 39
2 65
88 77
13 10
32 42
61 40
31 7
1 87
65 28
76 10
20 11
7 65
22 30
4 83
75 1
95 11
45 35
16 35
59 59
69 38
98 39
25 20
89 9
71 24
11 55
68 68
61 78
21 87
57 27
15 53
65 48
18 10
76 52
1 42
5 92
71 48
2 25
36 24
81 5
30 55
42 85
59 55
89 69
11 45
91 57
58 7
29 99
94 71
40 24
85 9
67 75
94 73
46 61
2 4
6 83
72 4
84 60
91 70
39 49
74 15
70 42
69 72
60 47
28 62
5 33
96 32
68 54
65 63
44 76
94 35
13 98
11 28
50 98
82 38
27 52
65 53
39 54
1 31
50 19
18 43
79 49
52 27
52 39
95 24
65 96
60 50
82 72
68 0
8 65
72 79
12 37
23 93
74 47
25 21
18 92
26 75
40 47
84 44
59 86
92 21
15 1
25 89
9 70
12 9
60 76
38 93
40 87
29 70
42 46
71 83
82 27
48 74
94 64
18 15
73 24
90 7
71 39
97 56
78 15
16 15
1 43
17 62
32 45
74 54
65 24
63 18
47 43
1 55
93 41
70 23
41 78
29 68
59 94
43 12
44 58
55 12
56 65
42 4
20 76
97 49
67 85
77 23
63 39
28 20
50 24
37 52
16 68
81 66
45 49
54 54
70 37
69 68
32 26
65 4
6 93
55 87
36 20
23 67
29 9
53 55
60 34
51 65
49 12
69 48
59 4
89 71
97 66
49 60
80 97
61 99
97 62
15 7
71 2
1 0
79 8
12 10
91 49
31 16
72 87
50 13
48 66
65 23
8 86
71 84
61 69
26 88
21 78
66 88
92 13
80 91
73 43
8 92
39 31
63 36
69 39
50 54
96 10
43 57
98 76
91 76
44 8
40 7
53 24
52 94
47 23
26 57
89 92
99 21
54 68
84 23
62 79
30 7
67 24
39 70
50 65
67 36
70 86
1 21
1 88
20 87
29 30
82 83
86 18
80 37
89 72
5 49
33 76
44 86
23 83
95 57
69 53
64 9
80 28
6 0
55 88
32 59
11 96
75 82
88 53
14 17
73 1
21 86
42 91
83 41
99 77
25 12
42 77
43 63
29 19
29 91
37 12
82 86
40 75
69 29
90 89
95 66
42 16
52 51
80 11
8 53
70 25
44 44
59 56
87 98
44 30
69 9
93 65
13 50
11 82
11 66
76 34
53 77
41 54
69 65
42 89
45 91
51 5
33 5
36 94
36 77
94 33
54 74
61 64
27 80
53 37
70 4
87 35
28 93
79 59
69 28
52 36
43 24
48 13
6 98
54 99
62 6
80 83
44 52
25 15
42 38
39 71
54 80
50 17
13 36
0 45
9 21
80 23
51 28
10 21
90 57
28 79
83 92
46 94
0 90
97 53
86 5
22 9
37 31
93 4
54 48
64 84
68 98
81 72
9 4
10 29
51 86
0 36
65 80
64 91
87 92
76 65
49 2
59 23
45 84
90 54
37 78
25 82
90 42
35 22
37 29
90 2
27 92
72 86
60 6
31 6
65 32
15 24
79 25
52 69
99 40
81 55
46 19
30 54
5 46
51 75
30 13
12 28
28 91
54 87
75 22
9 2
20 82
41 40
68 44
12 86
60 99
42 44
93 2
36 27
22 27
83 63
67 23
11 98
36 30
75 34
43 6
33 29
25 53
38 42
73 55
0 32
24 15
48 30
66 55
82 76
92 68
9 9
55 85
70 95
14 62
84 80
94 55
71 16
30 68
67 83
85 50
29 78
71 71
25 54
3 67
86 20
32 2
30 33
65 44
9 25
11 88
42 3
10 85
27 14
18 55
86 52
41 8
45 13
26 66
44 69
78 29
71 42
14 82
59 91
50 76
75 93
59 71
45 85
88 94
57 79
2 32
76 71
9 56
43 59
63 88
35 39
19 39
88 32
35 41
59 0
86 88
86 24
27 95
63 97
68 84
56 79
60 88
94 26
27 49
81 39
66 97
98 42
88 91
44 56
6 76
21 17
66 13
84 51
22 40
48 5
64 48
43 8
57 24
49 20
24 98
36 2
7 11
63 82
55 58
55 0
43 85
51 12
96 31
90 65
75 75
40 22
20 78
15 63
41 20
26 94
99 41
39 81
8 21
80 81
18 64
17 51
22 31
24 1
37 25
2 68
89 51
98 17
59 63
53 39
60 67
56 24
88 11
53 72
65 75
64 22
60 75
92 55
56 12
24 99
56 7
9 75
82 42
35 52
97 60
64 0
11 65
22 60
39 22
8 84
12 93
28 81
34 18
53 49
16 0
40 68
3 92
66 90
53 83
73 10
3 91
36 42
12 36
25 19
86 91
30 51
70 61
21 71
33 36
95 56
18 32
49 65
57 36
73 19
23 61
34 21
72 69
65 8
85 41
20 58
52 25
24 90
46 89
85 90
55 54
65 59
22 13
7 28
21 13
85 97
30 22
21 53
16 94
29 27
19 58
94 43
56 45
25 48
14 88
72 75
86 78
30 8
89 65
84 12
46 90
30 2
47 58
21 34
2 91
14 97
77 52
75 28
78 65
68 5
7 43
85 67
38 30
6 64
68 19
64 14
30 39
25 66
22 52
58 4
52 75
66 31
17 66
6 55
5 6
46 25
25 63
3 90
69 35
22 5
41 4
19 14
62 17
73 45
37 74
32 77
37 86
26 73
21 30
42 83
66 19
89 6
71 80
87 72
94 97
57 60
40 64
9 97
41 38
6 88
0 20
54 95
84 94
46 8
8 88
1 56
4 93
16 82
11 93
13 95
94 3
29 76
29 83
70 73
76 32
80 36
87 74
92 0
6 9
38 29
48 44
11 23
94 4
65 16
5 87
16 24
4 5
43 33
2 87
75 74
69 2
70 66
67 37
71 30
6 79
26 33
47 93
45 86
19 72
54 3
53 2
52 73
79 35
54 69
85 18
17 55
15 19
21 74
14 1
25 14
74 69
66 16
29 65
40 88
95 8
61 74
89 0
0 82
35 87
12 25
69 51
79 33
88 56
17 92
29 93
9 65
0 80
99 69
18 73
55 95
93 27
23 44
30 69
59 64
10 72
14 96
25 77
47 55
27 28
33 71
35 11
25 44
80 86
64 2
34 92
97 7
80 22
27 39
27 54
85 15
8 64
41 91
38 65
9 40
78 27
6 24
3 33
21 90
77 84
1 14
61 95
78 34
23 0
2 35
71 91
8 34
87 69
66 75
92 30
98 65
14 42
46 18
45 61
96 59
81 68
32 94
98 51
79 98
8 85
96 41
35 73
63 23
22 4
30 21
65 90
92 49
79 1
70 40
79 21
21 43
44 24
46 74
84 27
88 19
63 63
85 85
83 84
11 47
76 90
18 78
19 70
8 87
71 89
63 6
83 17
56 98
52 72
86 26
92 1
47 14
70 62
61 30
95 5
74 7
49 44
80 51
25 30
22 75
93 52
18 80
53 67
26 47
67 87
12 89
6 46
91 66
47 47
62 11
88 60
84 64
9 41
65 72
98 94
49 98
94 96
48 97
64 30
41 62
23 31
83 45
26 96
34 25
11 40
66 14
76 87
18 52
3 99
41 6
57 41
52 44
15 76
67 74
90 18
93 30
22 59
45 12
64 69
36 45
89 19
94 82
46 96
23 12
52 28
12 55
61 32
3 63
61 9
96 99
99 72
13 11
5 75
98 93
13 66
20 49
35 23
81 67
64 36
9 63
59 76
74 76
27 79
44 97
28 50
41 43
99 7
44 67
9 8
80 56
60 19
18 4
40 86
77 8
57 3
31 81
75 5
14 44
86 39
46 42
25 85
95 58
99 61
28 60
92 4
55 31
36 38
84 46
90 9
78 14
6 20
74 62
30 45
92 61
6 13
73 66
8 75
43 89
67 64
78 30
71 14
38 40
91 85
71 22
90 71
2 93
98 15
7 76
91 30
15 52
28 92
61 12
69 81
27 63
8 46
21 11
37 61
10 65
72 33
72 8
8 90
61 75
7 70
86 4
26 11
60 25
32 65
7 71
43 5
74 14
38 27
79 78
57 7
58 94
4 50
80 38
56 91
43 94
72 96
8 2
98 21
28 38
4 76
29 72
59 48
21 93
7 75
48 9
42 80
35 92
16 42
32 14
69 27
63 84
21 76
33 49
21 95
64 10
99 12
61 63
73 23
50 32
91 29
76 30
10 46
63 80
59 10
87 30
62 86
38 66
92 97
0 70
24 36
13 86
75 24
2 3
21 50
53 93
63 75
21 60
44 2
67 18
99 96
72 97
85 21
73 56
42 96
6 48
38 21
92 90
8 99
48 62
68 88
26 7
35 17
48 79
2 66
31 32
85 61
81 46
28 13
38 11
36 41
22 0
75 12
61 39
87 22
60 3
48 96
87 28
87 71
36 10
13 83
32 3
91 36
80 54
49 75
67 50
92 38
88 70
10 4
8 33
92 18
2 80
5 91
3 85
18 46
63 46
33 78
17 90
36 79
53 86
63 61
3 13
32 52
81 99
4 18
88 96
15 56
35 91
22 19
44 78
80 0
34 85
23 76
29 6
69 17
18 3
38 96
33 24
49 4
67 86
48 14
19 83
32 50
4 9
82 35
47 95
89 45
85 46
71 97
30 67
25 73
74 71
71 50
88 50
71 52
51 18
47 17
45 14
48 56
83 72
57 71
58 71
18 27
38 32
58 31
85 40
37 98
71 85
88 72
24 9
68 85
80 89
90 1
69 46
23 86
88 35
24 24
37 45
2 26
19 42
33 54
71 6
22 48
93 83
94 87
91 61
45 23
25 87
77 2
47 85
28 56
82 12
82 21
17 36
32 60
12 29
90 45
10 10
89 5
3 44
17 3
88 14
80 3
43 40
53 98
61 96
4 1
28 70
95 12
67 17
57 39
57 75
32 43
79 17
42 21
21 10
70 99
22 18
66 50
38 31
33 60
17 30
83 37
18 25
16 10
63 42
61 47
6 62
47 57
41 45
99 99
70 26
24 56
65 67
86 85
27 53
31 80
75 41
86 0
38 14
52 6
70 69
32 0
19 49
28 67
58 51
0 94
78 62
44 39
84 62
86 28
24 19
43 82
86 94
37 10
68 4
23 27
23 21
56 11
37 93
63 7
53 11
28 66
48 67
29 5
89 48
53 45
69 76
79 83
6 53
8 41
41 21
72 85
52 30
31 58
64 6
54 21
78 77
31 91
26 76
78 58
10 20
32 24
94 95
76 79
76 96
64 28
39 50
0 16
40 34
18 16
27 47
97 90
28 24
81 71
23 57
2 71
19 99
48 48
68 36
21 83
98 69
68 75
63 92
84 57
10 69
19 26
14 38
9 16
19 77
75 79
82 19
62 27
39 45
41 80
5 85
97 44
4 59
76 83
25 81
81 37
15 88
99 91
18 26
77 79
26 92
87 64
65 98
55 93
64 16
16 96
78 91
75 84
76 72
43 44
16 64
19 23
74 90
11 75
20 83
80 50
64 57
27 83
86 82
48 70
25 33
30 0
62 82
43 90
74 16
94 30
45 55
68 30
15 44
77 0
48 69
51 55
21 92
46 34
84 90
33 47
52 59
61 98
65 17
46 13
85 48
59 2
82 50
77 11
60 24
87 73
55 57
15 64
31 21
81 69
82 98
56 18
79 96
80 43
66 96
77 15
81 73
42 93
46 72
23 56
19 62
10 2
43 0
55 40
52 40
21 70
67 65
13 5
59 40
3 52
27 98
80 73
14 3
43 95
99 23
10 43
43 11
91 60
49 96
24 37
33 50
97 33
0 19
52 26
50 75
5 38
51 8
29 80
32 18
54 38
25 6
36 22
25 60
38 19
24 61
0 78
60 45
72 60
56 30
83 29
72 13
13 92
0 86
7 13
27 48
80 40
77 70
10 39
48 19
63 40
52 77
46 97
80 71
40 74
52 74
23 23
73 75
39 34
26 28
71 88
14 81
98 58
41 36
88 36
21 21
10 49
35 38
90 4
83 13
48 95
6 21
77 12
8 19
66 68
54 60
94 28
56 4
70 64
28 11
49 53
58 96
87 24
79 27
1 98
39 73
41 19
58 32
54 76
71 8
11 56
66 63
93 69
55 46
39 72
8 72
10 64
76 41
39 29
22 80
73 89
48 47
61 2
96 5
32 35
13 75
79 29
25 74
24 79
13 40
5 28
47 32
48 46
48 8
46 38
89 14
7 7
7 81
7 1
26 9
84 31
99 36
62 30
64 71
70 51
47 38
52 31
60 93
39 63
59 22
19 86
78 53
56 67
29 94
72 43
47 54
10 89
19 89
86 81
13 88
10 94
47 1
53 35
73 88
54 63
37 70
82 20
47 75
66 91
3 73
78 59
82 69
24 64
69 6
62 39
18 87
45 7
62 10
23 46
93 71
5 20
44 15
94 34
6 57
0 53
90 31
8 7
95 64
35 85
55 49
74 57
90 82
16 83
18 90
63 5
96 38
91 50
22 86
6 81
89 59
6 71
78 80
98 84
28 30
89 79
41 95
68 69
23 84
69 45
66 7
72 31
19 79
80 85
95 50
71 44
28 52
15 93
96 12
98 34
92 41
38 44
4 8
95 20
83 85
55 43
95 91
15 89
49 10
41 9
32 54
77 58
25 24
56 5
70 79
8 37
18 62
80 24
86 59
59 20
57 89
13 85
36 57
11 20
41 75
67 26
27 30
0 63
77 40
81 9
4 98
64 40
87 87
14 74
21 24
62 29
9 94
7 67
45 20
67 31
46 4
16 18
73 53
78 61
51 59
1 34
15 80
77 77
70 7
13 80
72 52
6 39
87 12
17 73
41 59
39 9
73 5
14 93
64 78
24 25
22 63
20 30
8 44
52 71
58 87
94 0
36 28
34 22
1 65
79 4
13 18
65 57
3 45
10 32
34 14
80 84
55 77
16 55
52 92
5 88
68 40
63 83
46 69
82 30
53 33
50 77
1 97
87 29
37 22
33 32
4 10
22 67
94 79
76 53
62 96
31 17
0 58
48 89
35 27
57 45
53 38
54 7
85 65
14 27
77 50
87 80
13 64
53 89
0 27
2 47
93 36
4 75
57 5
73 38
16 95
73 57
37 56
25 55
76 0
65 69
17 75
1 10
93 75
44 68
75 60
48 12
9 46
38 2
34 66
88 85
11 51
99 34
79 34
93 51
34 54
80 78
50 16
86 54
97 27
2 30
76 3
13 32
11 57
34 69
77 93
92 79
5 36
85 20
67 71
21 45
22 20
0 61
37 27
47 80
32 48
70 93
45 29
67 52
95 17
8 67
15 23
64 68
70 78
57 92
30 74
57 58
86 35
91 55
4 38
25 37
50 50
41 35
94 72
5 42
99 1
55 69
93 81
51 39
61 88
26 91
95 34
16 4
1 17
94 10
10 88
92 89
15 32
25 9
91 99
3 42
18 98
88 52
49 34
90 3
64 59
89 75
44 66
65 29
4 88
91 25
23 20
87 60
98 85
11 92
42 24
77 28
46 15
70 85
68 76
6 23
45 67
57 93
97 41
54 14
18 39
11 5
24 67
32 56
20 22
49 37
9 50
8 14
30 42
68 16
31 68
86 33
75 7
58 88
50 44
74 56
98 99
65 12
65 1
83 18
43 61
62 24
54 44
59 62
16 8
40 80
59 88
10 54
42 2
40 1
58 41
45 32
71 26
16 54
17 6
48 0
59 46
35 95
28 26
95 80
63 54
3 69
90 88
54 78
87 39
82 49
95 62
73 97
43 9
92 62
10 66
18 18
14 24
32 82
95 87
73 67
60 0
28 41
31 35
80 76
70 14
58 66
0 73
79 6
83 43
63 16
41 29
99 52
76 47
76 75
34 76
37 32
82 79
65 60
69 88
87 37
0 31
26 93
33 73
89 78
38 4
15 10
41 56
53 85
50 51
31 65
63 31
14 28
16 20
52 70
42 73
99 0
35 69
51 56
98 50
89 60
25 78
42 72
1 4
71 41
57 12
93 31
16 23
19 15
2 9
33 85
88 22
52 8
47 84
43 86
15 46
50 0
84 10
0 22
3 32
90 21
47 20
70 43
6 1
32 76
41 57
96 88
27 85
74 84
65 84
4 29
14 95
85 72
86 98
76 40
75 31
19 64
92 75
42 7
14 40
43 46
8 22
92 43
55 89
39 97
4 92
71 61
4 24
90 96
21 63
8 5
39 43
23 25
4 41
90 38
67 11
74 13
74 25
54 33
43 96
73 36
73 39
25 86
20 5
95 18
11 59
46 64
2 20
40 41
34 28
92 82
50 88
42 0
86 15
40 65
92 88
93 86
96 33
90 32
69 37
53 94
92 29
35 50
27 99
33 98
66 65
72 16
71 70
19 75
83 73
7 10
96 50
5 77
51 33
88 61
89 44
41 18
45 72
28 49
6 35
7 4
23 41
14 67
4 73
40 54
50 5
1 46
20 97
14 47
9 23
40 81
64 56
59 60
14 21
39 10
81 60
56 58
18 33
16 41
89 86
36 89
1 60
78 92
75 53
72 26
9 27
10 52
57 80
58 24
93 66
34 55
36 84
23 6
29 51
61 70
21 94
82 9
5 2
6 33
62 0
37 99
2 18
92 99
37 85
37 21
66 11
78 94
53 99
60 17
19 17
15 21
44 42
90 34
67 88
93 44
2 0
41 7
55 65
89 96
50 43
92 7
5 47
56 8
32 28
29 49
33 13
56 1
36 76
62 31
41 41
72 25
54 82
14 51
13 77
2 7
86 63
23 9
82 56
5 68
60 86
71 46
6 36
50 11
71 65
63 57
46 14
61 24
52 13
18 85
0 17
76 33
92 26
43 70
29 39
44 25
55 64
83 55
49 81
96 54
35 65
48 6
52 12
4 45
10 41
24 84
1 6
87 9
84 73
66 17
49 28
42 59
98 13
20 0
91 18
69 55
0 12
38 5
29 24
77 32
50 39
58 64
36 88
83 16
83 87
60 29
39 99
52 66
92 98
49 55
93 56
66 34
8 52
43 39
46 5
92 57
62 35
31 73
57 23
39 11
40 63
48 80
33 51
70 28
92 34
53 97
52 47
70 17
75 23
33 27
24 50
57 43
71 74
63 91
42 29
50 60
98 77
10 59
21 25
42 13
8 24
74 33
21 27
34 52
52 10
55 63
71 36
0 52
10 44
45 37
62 33
23 14
87 46
64 70
33 42
82 18
78 45
61 59
13 68
35 60
77 48
36 39
96 16
62 98
81 59
96 42
28 76
31 3
72 80
73 13
86 29
3 2
96 35
22 35
15 60
73 69
71 55
75 3
67 70
96 81
77 29
49 86
45 46
38 71
42 18
19 35
48 57
72 30
39 98
31 22
94 31
32 33
52 15
7 9
58 5
49 89
89 41
22 92
96 56
7 88
81 7
57 0
67 22
29 53
10 30
91 59
99 75
75 57
28 3
17 63
46 6
96 4
14 60
59 35
16 34
70 68
3 53
56 75
7 51
92 47
8 60
75 59
36 56
38 60
97 57
30 64
70 88
63 74
24 6
79 9
46 98
82 88
51 2
17 27
99 68
48 88
62 2
1 26
50 61
72 61
76 46
47 50
79 47
51 45
40 0
84 87
40 90
54 25
79 3
78 70
14 52
8 48
57 86
39 67
73 96
37 88
27 75
14 85
4 80
8 59
37 90
57 33
98 86
92 2
74 24
45 39
39 95
70 72
82 94
9 22
97 0
22 7
55 35
81 92
53 43
33 80
85 14
46 48
74 70
74 98
90 62
33 64
91 73
77 3
8 50
50 7
60 60
85 4
97 4
20 1
53 87
5 22
4 21
67 55
38 75
39 41
14 4
76 80
23 82
66 64
69 99
71 90
10 17
9 68
23 79
66 70
63 48
74 31
34 57
77 38
1 9
47 70
69 64
80 65
72 48
81 76
82 63
56 26
82 58
34 26
30 47
7 0
4 61
78 12
62 56
90 48
14 91
93 91
72 98
85 16
37 66
83 99
83 14
84 58
8 89
47 6
6 4
43 76
29 3
76 21
22 45
8 30
21 5
80 12
91 92
18 60
33 11
22 68
69 79
61 41
38 58
21 54
26 98
58 33
73 70
23 69
54 9
4 4
84 5
38 59
99 25
81 25
17 56
69 26
33 10
58 81
50 55
72 35
70 76
62 41
65 20
26 60
84 25
12 21
52 99
6 42
25 29
63 24
0 68
47 72
6 99
1 81
11 52
65 18
51 90
85 92
55 99
31 44
24 20
64 93
62 16
62 26
15 22
68 2
79 65
28 40
51 0
37 73
49 74
12 82
83 24
36 21
56 80
90 6
14 54
17 25
73 59
87 49
53 92
83 49
33 12
12 33
87 86
15 62
96 49
33 70
46 88
24 49
55 62
19 30
83 10
31 60
9 10
46 26
8 58
52 98
0 3
98 52
42 75
58 44
41 14
27 84
59 82
87 1
55 75
91 80
3 61
21 35
94 15
95 65
75 32
2 6
90 30
21 69
38 3
79 26
96 15
19 1
38 86
6 94
7 27
5 64
64 74
96 91
55 41
62 46
3 49
96 11
98 32
17 5
75 94
9 98
1 1
58 55
21 4
11 13
77 44
3 60
41 86
20 86
66 8
37 71
49 66
21 61
92 76
20 54
82 14
14 56
64 13
93 21
62 91
9 76
20 2
29 73
86 13
46 11
3 22
18 22
56 41
94 54
29 75
46 1
30 37
38 78
30 30
32 5
80 57
63 81
25 98
39 53
17 43
68 25
74 2
77 25
63 65
10 3
81 95
85 58
61 37
38 70
16 84
73 29
85 98
2 34
27 89
14 98
47 21
4 23
84 48
25 22
36 25
9 19
9 44
55 52
9 36
17 97
9 51
95 41
97 74
95 42
18 84
50 83
81 48
25 99
78 17
0 98
69 92
32 49
66 25
19 57
5 39
79 76
64 29
24 94
91 56
32 84
63 10
87 67
9 79
55 34
20 48
91 58
17 10
42 42
92 93
13 67
98 97
9 39
36 74
54 4
64 52
10 76
55 10
72 28
25 52
54 22
49 14
11 60
81 90
4 14
44 33
26 26
1 70
49 31
21 36
36 65
67 78
32 70
69 24
61 77
63 64
87 65
28 4
92 40
96 30
83 31
55 39
9 62
11 97
70 10
53 88
33 9
82 53
15 47
12 83
3 15
28 73
96 80
22 65
0 28
33 22
52 48
48 63
51 14
86 25
27 77
20 80
71 57
40 6
95 93
68 89
11 44
5 74
19 10
11 16
97 59
36 18
60 27
0 84
50 62
97 84
47 26
60 61
27 36
65 21
95 55
62 37
51 41
60 35
19 28
35 72
60 2
68 10
45 36
10 92
2 89
53 51
68 37
59 72
99 81
24 12
43 77
12 72
81 8
13 33
66 93
45 62
79 79
90 24
45 4
69 21
66 59
42 49
71 20
33 68
36 5
11 27
51 81
34 88
93 79
9 54
84 99
22 95
69 13
65 61
68 99
14 49
29 11
74 23
58 12
60 97
85 83
64 63
52 35
85 38
57 15
54 42
15 87
64 75
34 8
26 62
40 46
39 1
80 62
91 46
20 24
3 38
74 80
15 75
2 74
2 21
53 28
93 76
65 74
35 48
47 92
88 41
21 96
46 73
15 94
4 84
91 64
39 69
59 53
97 73
3 7
42 74
13 74
17 12
63 86
95 84
39 6
28 51
67 99
41 87
84 77
11 18
37 15
50 31
93 7
87 93
87 58
67 59
44 12
16 7
34 96
44 23
87 8
30 84
96 45
57 29
73 78
52 83
23 7
61 91
52 42
83 3
63 94
89 12
35 3
82 13
33 34
82 99
47 66
56 49
54 16
39 5
19 68
64 60
66 81
39 74
9 17
44 93
75 73
69 74
82 22
23 33
63 55
31 96
37 42
22 42
95 83
2 76
60 90
58 11
49 29
58 61
74 36
12 12
52 23
50 85
71 69
62 53
36 59
97 76
88 16
60 21
65 76
5 31
30 11
18 65
74 45
22 84
67 94
43 78
11 91
43 73
70 57
76 39
57 87
74 51
82 29
94 24
7 56
70 41
2 81
67 51
70 82
42 79
59 98
23 19
6 15
29 48
56 72
45 17
77 96
95 32
70 67
21 29
28 5
46 47
7 89
97 77
3 88
62 60
94 92
61 21
99 65
83 36
20 55
27 93
29 23
56 47
91 67
48 85
12 58
42 41
63 29
4 32
28 21
98 19
2 10
65 97
41 52
76 82
3 87
56 19
62 23
55 21
24 28
37 76
66 2
74 29
4 42
0 56
17 57
81 38
25 69
39 58
11 2
76 12
16 62
34 91
2 82
19 4
53 48
40 30
86 9
42 70
71 1
19 24
53 91
86 89
36 6
26 78
26 40
99 38
88 58
15 39
87 0
9 91
90 78
66 78
49 95
27 45
93 34
88 68
53 25
20 71
28 0
25 68
25 90
85 77
13 45
49 19
5 7
38 94
12 73
43 52
73 35
67 96
51 82
43 31
7 46
13 56
40 97
55 61
0 75
0 49
44 22
61 0
98 49
73 15
70 3
18 17
89 42
52 97
87 16
95 59
30 99
21 66
11 43
76 37
68 72
8 9
32 13
20 28
78 64
47 74
91 19
71 98
98 44
83 81
23 68
27 40
60 30
66 69
92 11
24 55
21 20
75 8
44 7
58 25
51 46
5 99
32 44
89 91
63 43
87 13
74 72
31 62
40 31
7 94
51 69
26 84
85 7
66 26
61 61
60 92
18 47
57 94
95 78
54 64
53 75
51 31
23 32
27 81
81 36
30 58
38 76
67 16
41 37
87 20
0 5
98 24
85 43
44 99
70 52
81 23
58 29
90 10
80 59
91 45
77 65
76 91
67 90
12 97
86 11
33 62
65 56
43 45
0 83
17 65
23 54
47 61
6 6
90 64
85 52
9 59
42 22
20 64
45 97
30 93
43 65
93 93
22 71
10 5
64 4
47 15
23 51
31 79
0 7
81 89
50 74
20 96
73 9
88 45
84 34
5 3
61 85
90 70
43 2
12 68
83 97
95 26
1 90
56 54
94 67
31 94
98 66
4 69
74 3
40 3
93 12
17 91
57 49
42 15
13 99
54 1
44 19
96 76
75 88
20 98
9 86
4 7
81 43
41 77
79 14
50 57
26 34
21 18
55 6
2 33
97 43
71 33
60 71
31 47
73 85
91 7
44 34
92 15
22 82
96 67
20 31
74 79
68 82
24 65
83 91
86 16
70 89
83 76
29 12
15 16
73 22
42 12
31 69
58 45
64 17
72 92
11 74
67 48
29 64
46 22
71 53
52 78
57 54
82 80
25 59
77 45
32 72
61 16
50 84
46 33
60 48
3 4
43 93
53 15
34 67
58 13
94 20
21 55
14 92
61 23
40 78
61 66
62 18
11 69
21 7
77 63
20 18
81 86
28 97
19 80
63 70
97 40
4 40
72 5
97 5
20 3
28 2
90 75
88 98
51 83
36 48
61 20
10 7
29 66
20 47
97 48
76 26
64 92
90 52
18 57
53 29
29 88
65 42
94 48
57 4
61 79
95 3
72 41
24 43
3 11
39 90
71 86
47 9
69 84
58 10
11 79
76 9
73 76
44 48
57 90
76 68
37 87
70 96
23 2
87 97
10 47
44 98
77 86
93 11
19 73
98 55
87 99
86 32
79 38
51 42
39 3
67 49
64 23
28 85
26 97
80 7
12 3
81 22
64 25
56 32
62 74
0 26
29 18
55 8
68 34
46 79
94 98
23 63
22 11
54 61
21 64
46 66
93 55
64 31
95 69
86 53
16 93
13 41
73 64
69 70
60 80
45 22
28 14
52 87
19 31
61 48
61 93
51 68
90 91
55 45
84 1
95 22
8 56
22 87
28 42
94 49
31 99
35 74
58 42
62 71
29 63
94 90
61 5
68 33
78 46
68 81
70 16
36 7
74 43
86 79
31 28
30 92
8 16
86 71
19 40
77 64
86 6
9 28
11 9
41 44
67 81
32 63
61 50
41 61
3 18
59 25
16 17
35 96
58 75
33 3
66 9
73 71
29 37
64 19
47 59
59 69
85 66
90 29
40 66
80 27
27 8
7 8
63 41
3 3
38 16
25 0
97 93
7 78
26 48
7 93
34 34
59 92
6 51
30 50
25 25
79 92
70 46
99 95
60 1
70 80
88 81
61 14
85 94
8 61
34 89
83 69
49 83
0 95
95 85
12 24
46 16
50 58
75 50
25 28
16 66
29 47
10 28
55 60
91 91
87 41
34 83
93 29
2 23
67 21
40 4
62 78
92 66
13 93
27 25
73 94
68 48
49 7
26 81
84 96
52 79
68 67
70 21
23 81
65 7
27 41
28 47
60 42
84 82
98 54
33 52
49 92
50 42
44 80
56 42
39 57
17 89
57 78
63 17
99 17
88 51
43 17
70 98
78 39
61 7
96 84
55 33
75 98
36 53
70 32
47 25
72 36
91 63
93 8
36 9
44 65
66 56
96 66
26 22
48 17
51 22
47 51
76 63
4 55
36 19
21 46
32 7
94 1
48 4
49 0
93 24
68 9
15 96
80 96
31 26
45 88
87 52
41 89
21 80
46 31
6 80
0 88
50 45
44 62
35 29
61 58
98 53
36 68
3 95
85 3
7 91
90 79
1 22
33 16
22 32
24 18
51 27
56 9
63 52
94 47
91 86
74 74
99 97
73 91
26 16
26 42
34 61
96 97
70 15
20 85
54 72
26 27
97 30
23 17
43 72
32 29
7 97
45 73
33 58
60 46
61 80
28 16
76 38
80 55
12 49
67 73
46 56
56 70
57 14
7 34
77 6
88 0
46 39
12 92
88 27
35 88
24 72
7 14
98 64
24 11
65 19
54 20
68 46
78 99
41 65
24 27
92 50
48 31
13 27
19 84
69 90
42 86
13 16
43 91
96 86
44 60
38 98
3 55
54 24
92 10
52 20
34 33
26 10
78 7
78 66
15 26
27 9
10 38
40 37
83 90
86 67
76 5
31 39
47 60
4 94
37 89
78 35
23 28
46 36
70 65
48 92
69 34
53 47
1 25
88 97
57 44
66 43
32 55
66 30
77 55
9 6
97 81
49 80
55 78
75 40
35 89
60 13
12 61
36 13
17 50
86 3
73 2
77 41
92 84
18 28
38 67
12 84
11 24
4 91
39 16
19 6
40 12
11 6
83 65
25 4
46 49
80 20
76 42
53 54
91 22
96 25
82 73
26 23
23 45
76 31
68 59
35 32
28 55
24 3
7 35
64 89
15 0
97 12
3 8
70 44
59 26
17 19
91 75
31 82
95 28
2 69
41 51
55 56
7 60
44 81
66 66
80 47
69 49
15 98
30 88
74 59
93 32
43 21
35 97
19 2
70 92
3 84
58 39
66 74
21 37
39 19
65 47
4 56
13 26
36 0
42 6
87 84
2 85
38 53
87 63
53 76
35 62
20 84
70 1
49 13
26 82
34 64
90 74
72 2
93 57
18 37
44 53
44 35
93 99
25 23
18 6
11 76
36 32
55 79
67 91
89 80
73 20
17 70
59 49
27 22
69 3
23 99
65 70
16 3
29 67
18 59
97 45
84 40
21 67
76 64
22 1
51 20
27 58
97 36
94 14
69 11
61 46
32 30
77 17
68 28
67 63
43 98
28 64
25 50
47 97
53 59
2 44
46 92
27 78
79 86
49 46
58 99
12 34
60 9
24 87
25 61
42 50
57 26
38 38
81 28
93 46
40 69
73 84
91 77
16 72
1 67
67 98
57 9
84 95
38 41
1 63
42 14
77 91
98 92
65 81
46 67
53 74
54 96
51 91
83 88
50 6
78 19
70 83
51 62
90 11
47 35
14 13
12 95
5 26
84 22
8 82
72 70
46 62
56 2
31 66
53 70
17 18
62 68
16 60
98 36
38 50
13 20
7 68
2 36
54 77
36 3
76 8
41 96
17 54
37 43
84 59
39 39
14 94
2 52
17 93
41 28
2 40
40 45
89 56
59 24
72 9
15 91
27 67
77 81
29 81
3 6
66 39
68 7
48 38
30 44
34 12
9 11
27 10
82 43
73 95
96 83
78 84
95 67
92 63
83 12
62 93
66 98
11 49
37 14
15 25
38 79
47 22
56 15
28 33
45 50
82 55
29 40
15 65
71 27
54 47
85 51
79 7
34 73
23 66
25 91
54 37
60 26
74 94
85 79
63 99
61 72
17 8
60 87
29 74
35 54
10 50
22 34
76 92
49 68
94 17
89 28
93 35
57 66
49 76
96 92
97 16
54 58
35 31
77 19
88 67
43 74
57 11
61 17
33 4
40 36
66 83
76 93
79 77
57 62
38 83
12 80
1 75
32 86
34 74
62 81
32 93
97 79
44 95
95 75
35 5
49 1
62 4
95 6
66 82
22 53
27 62
39 75
80 79
60 53
51 63
45 26
11 84
82 75
88 8
14 5
72 66
82 62
78 8
80 93
27 68
68 56
63 51
59 83
38 49
26 36
72 46
49 79
91 39
45 58
68 78
28 15
65 33
3 57
79 10
46 83
25 3
41 42
54 40
35 80
56 86
19 21
94 11
32 12
0 13
75 65
13 12
34 53
81 20
95 37
12 56
44 64
68 15
67 58
24 45
45 82
43 60
61 31
93 26
1 51
26 72
17 9
64 12
17 32
60 81
21 0
58 46
74 60
35 75
86 68
3 39
53 53
24 51
1 40
5 89
13 13
34 41
8 31
80 8
20 61
85 69
83 51
17 24
34 62
36 51
87 94
57 88
51 74
37 9
14 9
62 85
13 31
95 54
65 55
47 78
66 49
69 42
83 68
87 88
93 13
98 8
18 63
62 43
4 44
59 77
80 35
44 83
35 59
95 25
72 89
64 34
18 0
75 39
45 15
40 94
15 9
96 82
46 2
8 35
30 60
33 77
50 69
50 1
25 26
64 61
2 27
1 64
45 79
32 37
67 77
59 30
30 56
15 17
3 82
64 45
8 13
91 65
61 27
85 84
3 66
89 43
18 96
23 43
75 89
6 29
77 5
9 37
55 17
61 4
37 92
14 73
32 32
93 89
52 34
5 24
13 51
85 75
17 74
63 33
59 29
70 54
83 54
76 17
20 90
12 44
57 2
15 69
51 89
12 75
58 82
80 99
74 77
36 17
53 69
70 35
27 97
53 31
47 31
44 96
32 74
49 99
28 96
18 99
3 35
45 78
92 25
80 18
39 87
90 51
46 7
88 13
96 18
54 70
66 51
95 99
32 89
73 25
81 84
8 20
16 31
69 50
64 87
45 92
7 32
99 85
44 63
4 54
84 50
2 70
5 62
11 89
4 89
52 21
87 43
34 11
28 7
46 40
23 60
27 20
95 27
28 12
69 94
93 64
84 2
94 25
77 24
10 6
90 33
2 31
26 13
7 42
23 8
29 79
37 58
56 88
50 53
84 68
69 18
8 4
73 58
85 57
25 51
45 5
52 60
78 98
85 31
4 52
71 56
12 15
70 29
32 88
94 42
44 17
68 58
23 34
78 78
32 8
63 98
71 87
56 85
30 71
40 51
70 22
58 85
23 53
12 27
76 62
1 20
89 68
93 39
24 21
89 39
37 57
71 25
64 50
35 42
74 22
59 66
30 29
9 20
64 43
27 66
56 82
46 71
15 8
96 53
61 97
70 13
84 36
70 6
85 39
0 43
50 29
80 94
92 92
12 96
39 38
79 24
93 42
5 65
20 53
37 24
14 29
86 96
69 52
57 6
10 75
88 43
53 17
37 30
51 17
9 49
95 35
95 16
91 78
25 67
84 70
33 74
83 42
34 44
83 32
32 39
30 48
19 16
46 29
66 0
16 48
43 53
25 97
79 30
49 36
56 96
46 70
59 54
95 13
18 51
47 94
78 82
10 8
13 38
37 51
85 5
4 2
9 85
18 71
79 2
54 45
29 20
5 98
55 18
61 6
86 62
26 51
58 72
31 63
55 68
78 20
16 52
48 22
86 65
1 82
16 88
36 36
72 37
25 41
43 56
58 98
91 15
68 20
53 63
90 13
4 87
12 70
71 37
97 24
10 40
7 6
40 71
90 44
66 27
62 80
99 94
28 94
61 71
98 70
45 19
57 53
7 57
84 85
31 87
54 39
79 51
75 61
3 31
74 27
44 84
84 20
69 95
65 51
75 81
41 3
6 27
40 32
6 92
40 99
90 40
85 63
53 4
42 34
89 74
72 68
45 95
88 17
47 8
67 3
38 63
35 98
6 66
40 39
25 57
54 98
26 4
61 42
58 59
33 39
89 98
88 92
30 77
89 22
94 50
3 97
58 14
87 95
57 61
78 38
49 61
77 72
34 79
83 79
17 86
87 89
72 39
0 89
95 63
21 85
88 80
94 77
6 47
6 31
97 80
3 80
68 42
12 74
84 97
56 84
50 22
37 94
4 81
72 19
79 60
60 56
52 37
6 34
45 99
97 1
82 64
24 85
10 53
48 71
83 86
98 9
98 57
68 26
91 38
90 99
48 60
49 54
2 22
12 39
17 29
19 60
66 28
15 78
14 50
18 88
83 53
65 71
26 2
86 31
42 45
18 77
28 98
52 3
53 19
26 43
89 58
36 1
9 61
35 4
17 17
0 11
44 36
78 42
24 35
44 79
9 53
58 89
89 40
18 7
87 11
88 95
49 18
52 90
37 40
30 25
15 48
9 84
78 51
9 83
68 71
3 23
52 56
41 66
58 19
13 37
4 97
28 69
83 19
17 33
99 76
34 68
58 68
2 79
84 21
96 2
87 47
26 38
55 37
89 33
5 55
31 92
58 36
35 66
42 63
58 16
55 28
34 42
29 96
20 65
36 55
28 32
79 48
2 67
61 89
92 16
75 68
43 80
22 97
88 38
31 37
16 75
72 81
24 91
92 74
93 94
74 1
11 67
6 69
63 66
58 18
3 72
80 53
95 23
50 95
16 65
21 28
59 73
29 45
44 4
98 33
72 12
86 30
76 6
86 42
24 71
14 11
19 27
17 31
3 89
2 14
36 82
24 54
73 63
19 98
37 4
28 84
22 90
65 27
47 68
88 75
99 50
37 79
39 18
85 30
55 44
31 41
69 93
5 40
32 17
13 65
8 91
99 70
85 60
65 30
31 75
79 61
8 97
49 78
35 21
96 9
3 81
83 20
80 95
72 56
20 93
99 39
14 61
72 83
50 91
26 21
74 46
17 15
69 66
93 40
78 89
21 19
53 50
83 50
24 95
74 26
30 83
92 64
81 64
56 87
46 21
41 17
22 89
37 68
75 17
79 40
51 26
0 9
81 74
84 37
58 23
65 10
2 54
5 81
7 85
23 74
48 65
71 54
46 85
11 14
25 72
84 17
47 81
29 42
20 23
12 59
45 93
97 64
19 50
95 19
69 98
11 19
22 15
78 36
50 23
77 34
84 54
73 33
39 51
70 24
15 81
22 12
61 26
48 40
64 67
93 61
17 88
1 41
41 76
99 42
79 54
88 2
51 32
72 14
25 79
66 40
47 11
75 47
77 56
74 41
7 53
41 99
87 34
44 77
33 57
78 76
13 47
83 35
71 60
83 34
72 67
37 80
11 81
83 74
68 87
93 80
47 13
75 80
13 1
42 27
29 56
43 69
1 44
75 95
23 58
78 9
48 78
73 50
62 13
73 92
18 35
73 61
19 88
22 10
47 12
26 35
5 67
35 35
10 73
8 28
37 0
7 22
72 90
2 8
66 86
39 30
65 89
23 72
38 48
53 90
30 97
79 31
59 5
28 22
51 3
41 88
52 62
74 87
3 36
79 91
38 51
77 67
12 8
9 78
27 15
83 8
11 12
74 42
56 55
79 74
97 65
51 37
90 84
83 23
50 38
61 84
61 38
61 57
56 64
89 25
99 58
81 27
55 22
47 76
52 18
71 67
71 43
71 4
98 91
15 40
74 19
78 13
3 65
71 59
57 47
27 6
71 34
59 39
40 55
10 99
72 18
45 40
55 90
99 31
15 74
51 97
15 77
39 25
58 90
84 61
91 12
65 22
63 8
13 3
83 44
42 47
17 67
88 46
24 73
78 37
10 48
73 62
18 81
85 23
45 60
60 89
90 98
61 11
55 66
11 38
30 31
72 74
84 29
12 67
42 54
56 57
86 17
40 43
43 25
25 2
62 34
47 79
34 58
46 55
93 16
13 84
69 32
31 90
93 54
32 10
22 28
80 58
32 64
26 65
50 67
54 5
67 5
90 73
90 36
75 42
13 17
22 6
56 60
52 50
53 40
88 55
32 57
23 26
56 35
29 7
73 79
20 59
92 39
70 70
94 74
74 89
37 60
55 42
94 8
67 62
51 73
45 94
1 85
84 56
1 61
12 18
66 6
62 38
76 88
9 38
35 15
77 88
90 35
96 65
90 23
78 23
32 91
88 59
94 51
24 52
27 19
81 56
2 5
44 89
21 77
62 36
48 34
65 43
75 48
82 51
17 35
36 35
51 11
57 68
76 36
42 26
84 42
9 43
43 81
90 85
17 44
77 95
11 15
87 50
64 44
76 56
82 31
50 26
38 62
97 32
81 50
3 16
53 46
0 91
76 89
30 26
29 97
15 61
76 51
98 38
25 46
45 38
25 93
22 39
81 24
26 59
16 5
84 53
97 50
51 72
93 58
23 55
13 23
38 9
64 37
68 13
55 74
92 96
90 49
8 6
11 61
65 40
15 18
61 87
10 63
30 19
59 75
64 8
96 93
99 87
42 36
50 73
71 96
36 83
4 25
98 12
24 10
3 68
67 66
92 42
60 68
17 52
36 63
58 17
22 93
24 48
88 64
23 52
86 70
36 26
36 99
32 69
66 62
50 12
62 66
9 82
14 48
30 70
45 75
31 11
34 46
98 81
91 3
53 5
66 89
19 85
43 50
22 36
42 8
16 30
77 46
5 66
97 35
58 30
2 64
59 21
71 3
89 17
79 53
48 76
18 70
54 65
95 38
86 76
11 63
16 85
19 74
69 77
14 77
76 16
4 6
39 80
53 56
91 14
57 81
44 71
40 11
3 5
71 10
52 55
76 23
48 35
51 35
22 26
78 79
31 27
32 68
61 68
57 16
60 69
58 37
35 43
44 28
78 67
71 82
80 87
96 85
62 48
43 54
89 34
50 25
96 75
38 88
97 78
93 70
16 51
5 73
92 53
57 59
63 2
76 49
20 70
85 45
7 61
32 21
62 8
82 91
13 52
79 75
70 11
9 74
70 81
49 42
37 37
48 23
85 44
12 48
75 26
98 98
41 81
77 1
14 19
5 84
84 55
64 3
29 25
54 19
54 13
85 2
96 47
73 83
29 32
25 56
35 13
54 97
57 20
4 57
23 71
41 34
7 59
64 80
58 26
53 23
86 51
51 61
87 90
19 71
42 78
81 53
90 87
57 69
99 2
67 0
79 66
10 35
52 95
67 68
72 99
45 63
87 26
71 23
85 25
41 98
6 78
59 18
14 30
98 37
58 76
38 13
80 60
94 29
41 64
45 18
52 86
65 73
19 25
7 50
77 97
26 52
79 42
42 1
39 12
4 30
98 78
88 57
54 10
74 64
94 60
81 82
18 74
2 29
97 67
7 36
88 78
39 61
74 99
11 36
62 47
25 65
96 71
92 54
8 66
53 81
71 58
57 85
30 10
10 68
18 41
32 46
68 73
56 13
19 93
77 7
7 52
97 22
35 90
2 63
51 10
37 41
30 14
62 64
60 63
8 36
31 48
97 8
98 68
58 92
92 23
93 49
74 5
8 94
91 96
81 87
47 88
34 17
89 57
69 57
74 58
71 81
74 88
1 45
58 1
12 90
71 95
43 64
67 33
32 81
7 74
53 0
78 4
91 8
87 31
83 28
65 68
30 41
27 82
97 94
21 41
3 76
81 77
58 91
0 66
21 57
97 6
72 59
93 47
89 90
60 33
37 35
58 83
50 14
98 27
0 21
6 67
2 11
95 31
68 6
67 25
69 44
57 35
63 12
48 98
41 27
84 38
36 44
8 74
99 19
59 74
11 73
84 47
66 15
42 25
53 22
60 83
17 60
77 69
23 87
0 35
26 8
89 35
49 50
37 54
60 65
6 97
11 53
84 11
67 79
33 87
13 44
29 29
41 30
99 22
26 45
67 19
75 21
11 4
90 16
38 85
1 86
64 66
26 5
71 32
54 73
79 56
2 42
54 89
23 5
44 37
30 15
32 53
62 5
37 7
10 16
28 28
19 5
1 57
56 68
25 43
74 73
90 93
33 66
24 60
55 7
81 79
55 14
39 47
57 17
1 23
61 73
21 51
67 13
25 88
31 55
82 89
82 66
63 21
97 75
47 36
54 93
80 1
88 71
6 61
9 30
65 13
40 59
47 44
27 59
31 77
51 92
7 33
31 20
96 6
2 75
62 72
34 98
4 58
98 82
61 33
1 79
67 30
46 28
45 10
94 70
62 87
59 57
5 82
26 50
12 63
28 17
43 38
49 82
25 80
97 26
99 28
38 54
57 21
97 31
36 75
79 84
77 10
51 16
29 14
3 62
71 21
55 36
51 95
92 12
50 70
65 14
37 64
42 55
58 84
83 83
72 44
89 7
58 70
47 83
21 22
54 85
94 13
72 49
13 9
10 57
40 35
41 60
66 10
75 36
15 85
5 9
11 68
77 87
59 47
63 95
7 21
80 26
82 8
4 62
25 49
0 40
53 57
65 50
50 2
12 64
78 16
34 23
38 87
76 11
24 86
83 26
87 40
81 40
37 55
34 60
74 0
6 59
92 59
20 43
34 27
56 16
75 97
39 91
88 99
60 38
1 37
30 16
75 13
93 0
34 43
23 89
98 80
92 17
11 35
55 82
14 10
1 99
38 12
45 80
2 2
29 17
46 24
74 67
88 69
47 99
48 52
0 39
59 42
52 85
9 14
10 9
63 14
81 4
38 22
10 97
14 84
78 73
57 67
13 71
58 20
61 35
78 18
81 80
46 27
66 58
67 97
34 63
92 44
0 10
42 66
85 13
33 67
9 52
29 28
60 12
47 65
16 16
89 18
14 64
9 0
4 35
53 9
10 82
7 19
74 85
71 5
72 47
97 91
16 92
58 77
10 0
41 48
18 95
48 68
72 23
57 22
93 73
63 47
48 3
52 24
46 77
95 21
43 62
19 59
33 23
63 90
86 84
14 20
96 23
57 50
41 39
85 10
13 82
42 19
1 83
10 55
45 27
83 4
54 30
62 95
91 52
84 24
23 95
18 49
18 21
32 85
17 42
54 46
95 92
4 51
91 16
7 48
83 22
60 91
80 74
38 91
78 43
17 2
37 65
94 65
35 63
22 62
72 50
48 15
67 27
60 55
62 83
4 13
87 5
58 56
56 76
16 37
18 75
72 63
40 57
14 83
10 83
26 68
5 21
97 10
86 80
3 34
17 77
81 11
18 14
78 31
85 80
73 30
91 34
31 24
52 43
96 37
74 50
39 42
32 38
86 37
12 81
2 24
21 32
62 57
29 41
38 52
77 4
19 65
77 90
76 78
55 38
33 81
91 48
85 96
32 92
11 0
19 36
75 35
33 7
58 2
63 25
4 43
46 0
98 41
82 44
83 89
22 29
53 7
11 34
78 75
48 55
33 95
0 50
39 89
69 41
84 8
55 3
88 37
27 64
41 0
25 39
81 49
17 20
4 36
89 61
48 28
66 76
70 8
34 94
14 75
19 91
29 85
8 0
26 95
5 23
51 23
47 82
67 1
94 52
21 40
53 16
90 72
47 4
36 54
75 38
61 29
13 6
38 36
73 80
51 80
92 5
87 17
22 2
17 69
32 23
50 64
30 52
34 59
35 55
69 47
89 54
18 40
29 46
71 31
85 54
39 82
1 66
46 30
33 94
5 79
44 10
4 96
93 85
79 99
20 79
59 84
27 7
41 11
14 36
62 3
78 85
17 80
18 79
22 24
65 41
74 81
22 98
41 90
42 28
53 62
99 73
5 13
51 58
16 36
93 3
33 14
50 63
50 9
48 21
42 30
30 46
0 30
7 58
3 46
8 18
65 39
34 65
18 86
45 57
47 29
27 31
85 70
78 44
66 33
24 5
36 61
52 5
31 0
88 76
55 72
22 54
59 68
18 58
17 47
23 92
71 79
34 5
26 74
33 20
5 5
29 58
2 59
62 15
39 62
34 49
22 37
46 78
69 43
34 13
67 14
39 33
45 2
87 77
52 63
48 18
14 99
13 28
79 22
20 44
53 18
20 17
39 78
0 18
95 53
76 35
51 99
60 57
83 27
57 38
43 4
30 35
23 64
12 19
49 48
53 66
33 84
81 30
6 30
30 57
65 46
35 1
49 40
11 86
89 37
74 32
62 65
18 91
99 33
34 20
93 92
15 92
78 81
63 89
12 91
72 29
26 25
25 1
34 1
63 32
68 83
75 37
69 96
11 37
13 73
6 19
38 7
35 9
99 57
16 91
97 87
98 74
5 96
25 58
59 19
22 85
68 17
83 15
76 59
96 63
85 26
66 45
10 87
26 20
93 45
0 37
71 68
22 56
27 65
54 15
30 23
49 73
84 71
62 63
23 40
30 75
90 43
37 47
38 97
64 85
75 16
50 48
53 3
37 11
11 32
43 99
4 63
55 9
26 32
79 88
6 25
60 10
83 56
18 38
45 56
60 59
92 60
25 95
0 64
83 46
58 0
44 91
51 36
44 88
1 52
75 99
23 16
34 31
54 12
1 8
90 20
95 76
48 43
55 51
24 40
17 40
40 76
89 49
0 4
12 40
12 66
31 1
32 11
17 96
90 47
70 71
89 16
40 29
33 19
37 5
92 48
24 76
74 96
21 84
46 37
74 55
98 29
72 20
88 44
40 10
29 36
88 73
60 79
20 25
35 94
1 77
89 30
17 26
23 49
2 88
92 31
16 67
77 39
36 91
29 26
89 15
59 78
6 2
18 67
30 12
3 86
21 79
45 47
34 16
53 65
31 23
87 62
68 18
11 95
47 10
62 75
91 71
81 91
39 52
8 23
96 55
98 30
36 43
84 83
79 16
59 31
1 3
34 2
77 47
62 70
28 18
26 44
15 86
59 45
7 31
37 1
34 36
63 28
72 84
36 47
96 72
90 60
73 17
25 40
93 63
90 37
23 88
82 15
48 59
50 92
42 67
92 35
88 89
38 43
98 11
14 53
27 0
6 82
91 89
80 21
85 36
31 46
18 30
81 98
71 38
93 6
9 29
87 75
14 70
15 3
91 95
97 99
72 10
10 86
75 25
51 19
45 59
63 62
78 10
69 67
18 9
12 85
32 51
19 22
46 59
47 5
98 26
65 34
47 37
75 51
97 3
20 12
80 25
91 17
83 77
8 57
23 1
80 29
66 87
42 81
9 93
55 80
39 96
28 57
31 49
27 3
66 38
85 64
10 31
69 89
96 79
86 41
72 57
98 43
55 92
82 25
41 82
71 11
86 74
34 70
85 12
58 40
69 54
88 6
52 1
70 45
15 58
51 60
89 85
28 48
42 90
11 64
61 82
22 33
46 41
70 38
95 7
85 88
70 60
77 68
15 30
13 62
62 84
3 27
89 3
96 77
42 87
7 98
97 58
94 75
38 68
89 47
88 18
4 31
6 44
29 1
32 9
29 44
45 96
55 25
81 41
34 86
84 18
79 13
83 5
34 75
7 95
84 63
73 12
74 40
20 45
43 67
59 93
49 27
58 97
41 55
40 96
13 96
97 14
85 47
87 61
80 61
79 44
67 54
56 52
44 55
36 31
49 3
88 20
79 0
83 47
54 62
81 94
77 66
46 87
19 76
0 62
44 3
80 44
4 82
33 21
59 11
74 65
36 85
31 76
46 93
37 16
43 14
48 7
51 1
76 24
97 88
60 74
17 41
5 12
19 67
73 90
37 18
3 54
18 23
1 29
39 59
6 18
57 77
57 70
39 32
61 92
4 46
21 75
79 57
60 64
65 86
30 1
99 8
38 18
45 21
72 64
31 89
41 31
58 57
4 3
54 0
33 25
82 7
72 76
69 36
8 1
69 0
42 88
30 72
4 67
31 50
21 48
12 16
33 83
6 90
29 13
88 21
66 84
97 17
36 98
38 37
36 23
35 57
73 44
59 34
59 6
91 33
37 62
54 91
0 77
21 62
6 95
27 18
19 53
57 51
31 57
91 32
48 61
65 49
59 89
64 65
13 15
5 8
21 16
0 54
74 38
81 26
27 76
39 15
4 90
70 2
41 73
24 89
61 45
30 24
65 85
26 99
67 56
52 67
7 20
31 70
46 81
75 6
81 44
87 56
72 22
45 24
64 73
15 49
66 3
12 46
57 40
44 45
82 40
66 12
80 30
76 67
2 72
84 33
30 73
12 51
55 67
41 24
49 59
9 47
34 24
9 3
77 59
56 69
86 27
25 71
33 86
50 33
27 33
33 2
63 69
40 62
37 59
61 51
6 65
75 96
53 41
88 74
54 55
63 4
8 27
33 79
46 44
88 1
6 16
11 39
31 93
58 3
69 15
3 37
54 88
75 44
24 66
38 24
14 39
23 22
82 96
50 81
37 36
74 10
98 61
18 61
89 99
62 52
99 62
74 75
21 23
87 48
7 2
28 65
32 27
14 68
32 99
7 17
65 62
15 50
42 32
54 71
48 82
71 29
7 73
36 33
87 59
64 20
0 85
5 83
82 65
70 97
6 60
15 27
59 43
9 15
48 64
38 17
14 89
5 34
68 45
95 45
65 15
65 64
93 82
67 10
25 5
16 12
80 14
78 74
73 73
3 40
83 66
25 16
53 10
54 57
59 99
3 56
87 83
82 36
15 12
24 0
36 93
83 52
88 10
85 19
33 82
57 72
39 40
40 85
50 78
34 90
50 10
94 45
87 21
2 48
75 77
5 93
18 76
96 7
2 51
0 24
14 22
59 58
13 91
16 32
55 24
68 63
58 69
82 57
64 98
9 66
30 82
81 83
3 10
43 10
39 84
54 59
87 91
47 89
39 28
51 70
38 80
63 72
19 43
76 27
9 81
7 79
16 71
34 29
93 15
86 64
35 53
18 53
16 99
57 34
39 35
41 13
32 61
45 68
75 15
75 63
94 68
50 94
56 34
39 26
93 84
63 78
47 64
42 57
17 1
43 88
45 89
40 28
40 5
66 92
46 91
37 69
40 56
64 72
43 87
21 52
43 32
88 25
29 8
28 31
26 89
6 85
53 82
38 20
60 11
89 27
17 13
75 33
15 99
74 39
63 56
42 10
52 14
73 46
66 1
91 88
81 58
57 95
13 0
65 31
80 77
35 86
83 48
86 14
45 66
43 42
7 63
12 50
88 26
10 74
68 43
77 13
95 40
37 63
64 7
33 1
71 51
64 49
45 51
43 41
83 62
54 81
50 90
38 55
2 94
42 68
51 76
32 20
3 59
99 48
80 32
3 94
94 61
58 8
44 41
20 37
45 11
79 87
25 31
75 72
71 75
56 46
68 53
85 99
85 32
6 73
24 29
50 3
15 72
76 73
24 14
81 18
46 12
72 94
53 6
76 50
52 91
62 12
39 13
43 75
99 83
22 22
63 1
65 5
50 96
26 46
20 40
26 3
40 89
52 0
5 15
30 79
65 36
21 91
52 49
99 27
71 73
42 37
1 33
82 33
48 77
10 79
80 69
81 12
44 49
95 98
99 6
82 2
68 77
82 87
50 68
10 22
39 77
53 36
42 53
29 98
14 7
20 66
5 56
31 25
97 83
66 29
13 35
28 99
64 76
82 52
39 23
12 57
46 17
72 27
54 84
79 70
75 91
74 95
19 18
9 69
30 9
57 25
13 30
50 99
91 54
35 67
30 28
92 81
49 15
96 43
62 67
7 23
79 52
4 53
58 35
15 97
31 43
59 27
80 33
36 73
47 98
35 49
99 55
31 71
9 7
30 87
58 67
96 39
74 97
24 77
0 44
72 3
14 58
61 52
22 72
2 38
81 33
66 99
84 26
68 51
74 49
96 24
77 51
15 95
3 47
31 83
40 20
32 80
5 97
94 37
6 8
36 16
40 61
85 73
56 95
86 73
14 41
73 40
44 0
3 58
82 17
1 2
61 43
23 11
35 34
89 36
95 14
6 86
70 90
82 4
62 62
5 76
67 2
81 2
29 50
73 26
56 66
27 69
46 80
14 0
19 32
61 1
6 40
23 98
40 82
83 30
8 69
71 13
75 4
36 71
87 6
65 35
50 20
49 26
44 27
83 71
40 40
71 12
60 14
33 18
87 2
49 35
8 62
46 52
28 1
7 45
64 95
28 6
15 14
9 33
59 51
32 15
43 36
41 23
16 77
48 16
52 68
29 77
77 36
22 81
53 80
85 91
50 18
85 95
21 31
18 11
78 33
35 28
20 9
14 25
92 37
61 60
94 46
40 72
90 25
16 29
39 83
23 3
85 53
5 18
59 3
81 10
16 53
16 9
8 45
62 76
24 46
25 84
56 78
65 78
68 32
61 55
10 95
91 35
88 83
0 74
30 5
76 95
75 11
93 5
9 71
46 10
4 11
32 90
0 96
21 1
60 16
25 45
15 71
7 55
80 17
44 51
56 56
81 62
16 28
72 24
52 61
57 82
61 62
11 71
93 22
4 70
23 24
85 74
52 64
39 60
30 96
88 84
63 38
12 6
59 87
89 94
47 2
10 42
73 60
96 89
52 53
23 97
74 78
0 71
38 15
13 14
21 44
74 9
79 97
56 93
21 2
86 36
75 83
50 41
54 67
22 58
98 22
89 21
17 85
18 20
17 23
94 27
19 20
91 51
10 19
8 42
15 83
40 92
99 26
56 27
92 19
70 58
97 63
28 43
51 67
88 40
51 84
20 27
43 28
67 6
41 16
17 94
96 13
57 32
1 72
0 29
96 36
6 12
14 35
50 93
66 22
12 0
99 86
91 94
79 69
52 81
77 82
88 24
86 58
82 32
24 26
64 96
44 46
64 58
97 19
5 90
44 13
46 63
88 86
22 49
79 5
79 45
28 27
38 77
14 32
49 5
92 6
70 5
13 22
27 46
14 16
14 86
8 76
44 6
95 89
50 97
18 36
11 78
59 12
55 91
18 29
47 77
23 30
73 32
81 85
92 83
31 15
57 83
26 14
29 35
96 94
48 93
84 7
62 73
52 16
85 33
79 19
79 36
95 94
84 74
65 79
76 13
73 37
5 51
9 64
26 79
0 59
73 65
28 72
19 38
19 97
95 74
96 73
1 30
99 4
55 4
86 95
58 49
99 35
65 82
44 21
19 48
15 36
23 96
58 52
62 25
28 45
24 44
24 42
51 52
78 26
53 96
22 47
94 9
42 62
42 56
73 41
28 82
2 61
89 2
84 4
16 27
72 0
14 45
47 53
39 8
56 22
73 77
30 36
92 91
10 27
35 76
8 71
76 81
82 82
79 89
42 60
73 81
85 55
22 76
6 38
17 87
8 73
45 33
62 92
29 31
13 7
17 83
55 20
84 76
4 71
11 33
91 82
60 31
65 11
98 20
88 12
27 74
80 48
4 79
68 91
35 44
4 95
97 29
19 34
92 87
40 53
70 63
82 95
48 51
67 82
47 45
4 86
2 45
23 39
64 38
92 3
6 3
75 78
94 16
29 52
20 6
3 25
24 59
57 91
4 68
57 64
61 90
30 38
77 76
84 75
69 82
65 6
72 38
94 18
95 90
2 83
69 25
44 18
57 1
50 40
39 36
39 94
40 9
55 70
10 26
27 5
49 62
0 92
16 39
69 40
33 30
68 55
60 41
87 14
9 26
54 56
26 87
72 91
60 44
74 93
99 56
4 64
36 58
24 30
40 79
14 14
86 90
22 51
13 4
58 78
45 30
87 54
34 3
49 69
47 62
98 56
60 77
37 34
27 4
28 37
4 78
94 19
2 13
36 8
82 68
13 57
49 32
17 53
74 66
42 11
47 18
39 92
34 47
97 18
90 80
36 67
92 58
22 64
9 60
41 79
36 80
94 80
76 7
46 23
31 51
12 47
27 90
56 28
90 50
20 19
70 56
9 57
36 46
71 18
70 30
83 75
27 56
84 32
23 37
43 19
16 76
71 92
51 44
76 57
38 39
82 71
46 43
12 42
4 15
70 74
98 23
52 2
28 34
97 25
87 55
87 42
27 12
91 53
30 76
87 7
95 52
67 40
87 76
68 14
83 80
2 15
96 87
17 49
79 85
63 49
5 72
98 48
44 31
61 8
77 89
81 14
91 24
86 61
20 88
83 33
29 38
23 75
75 9
71 63
17 7
26 56
86 66
17 4
42 20
58 28
80 72
22 44
75 10
71 66
41 85
77 37
91 11
42 82
21 6
39 79
7 80
12 20
37 13
37 50
95 29
63 26
24 22
45 42
85 56
93 67
99 89
24 2
0 51
61 34
9 34
66 21
14 57
20 13
70 59
13 61
36 81
94 40
12 94
40 73
67 47
33 91
96 90
85 81
27 27
42 58
24 13
98 10
83 58
20 51
61 53
54 43
29 43
8 26
83 78
74 82
35 10
41 33
54 28
20 72
37 53
78 25
27 21
36 72
0 33
86 23
43 34
97 92
46 20
10 78
4 33
13 25
75 19
9 73
67 7
68 11
1 84
80 5
99 9
85 27
57 84
12 35
64 64
75 71
82 85
29 89
39 48
83 70
20 15
48 81
59 95
93 95
53 73
80 52
39 44
9 42
21 49
5 45
57 57
34 82
62 22
11 11
24 7
98 31
3 28
49 17
24 38
5 25
6 43
31 56
96 52
60 72
35 99
95 96
96 20
88 29
4 28
1 74
98 5
24 39
29 34
18 56
30 95
72 21
60 36
18 12
54 31
38 6
37 96
41 12
66 80
66 95
9 77
2 97
48 75
17 78
7 44
51 54
75 45
33 53
18 66
85 93
99 29
17 81
34 40
31 34
99 78
1 35
97 47
62 99
73 68
62 50
8 80
71 40
2 92
7 18
22 79
22 41
44 26
77 22
35 51
95 86
24 58
68 35
94 5
55 76
76 70
67 41
58 79
2 56
16 70
45 16
32 75
84 49
48 58
69 75
63 79
1 32
99 63
73 28
22 21
92 52
2 49
35 37
81 21
73 99
30 63
64 86
47 3
7 12
58 43
82 41
15 79
11 90
6 56
78 52
63 45
90 56
48 50
29 15
81 17
88 66
8 95
83 60
54 17
1 18
33 56
89 46
41 83
28 54
68 64
58 27
68 80
18 5
42 33
14 15
75 70
90 67
90 8
64 62
94 36
27 94
3 51
0 69
40 21
33 43
38 84
59 50
47 16
49 84
82 60
86 47
83 64
90 55
4 12
86 1
7 38
64 11
74 53
50 4
12 87
5 52
75 67
61 56
45 41
15 31
62 45
90 59
22 14
27 42
57 28
51 24
17 79
80 15
40 13
50 89
92 9
13 89
79 90
58 6
13 48
95 43
77 26
0 67
27 86
15 68
35 79
67 61
85 86
26 15
67 89
84 92
17 68
22 96
43 58
97 42
14 8
28 90
3 1
97 98
68 29
49 58
75 27
28 74
20 7
57 73
78 97
37 97
60 95
2 60
60 4
6 96
25 62
35 82
31 86
97 38
31 19
1 69
64 81
90 15
1 50
37 20
5 35
27 37
41 74
99 88
78 56
9 67
76 94
66 61
79 62
80 4
24 31
67 39
97 54
5 50
43 29
91 79
79 94
59 7
42 5
43 18
89 76
11 30
5 95
54 90
78 57
27 70
21 26
55 83
23 4
35 93
5 19
87 68
9 12
78 87
98 79
68 93
51 29
17 34
73 21
90 58
67 46
46 68
54 92
13 87
86 93
55 81
29 90
91 74
54 50
10 25
13 21
38 57
7 96
19 13
71 15
26 63
19 47
17 28
9 48
74 11
29 86
75 87
18 13
8 79
31 29
44 40
20 41
90 14
66 18
90 39
75 18
72 42
64 90
81 6
63 22
86 87
96 14
1 48
6 75
71 9
80 92
75 30
21 99
93 68
67 20
19 37
90 63
71 77
34 15
78 40
44 29
90 41
37 33
28 83
42 31
14 79
71 93
39 21
20 34
72 11
40 19
54 79
25 35
40 98
59 17
20 29
9 87
49 51
53 84
66 72
34 99
79 73
53 27
61 76
99 14
81 97
9 99
8 63
83 59
85 78
5 60
91 4
39 56
67 84
21 56
69 71
98 96
69 91
87 10
39 93
22 43
43 16
50 79
16 78
10 15
60 18
21 42
67 69
34 37
50 15
31 36
19 33
26 29
77 92
65 87
43 49
49 24
61 3
3 17
67 76
69 5
71 0
34 78
1 58
89 67
2 96
69 33
87 82
95 82
29 0
91 27
54 53
62 89
19 66
12 45
90 0
45 9
87 44
5 80
11 85
47 27
18 48
5 78
68 66
44 57
8 39
62 55
35 20
37 38
62 40
59 32
88 39
33 0
71 94
93 17
27 51
66 37
27 16
56 20
23 90
49 88
94 38
63 34
20 99
61 83
22 3
70 20
6 84
18 8
78 50
20 52
87 25
81 61
43 55
10 24
17 14
75 92
8 15
1 5
98 95
10 93
37 3
77 33
18 34
71 35
89 81
99 11
70 12
37 81
92 20
79 55
53 1
5 17
87 57
48 41
41 72
39 88
63 30
23 65
47 87
33 99
22 55
93 19
13 94
10 36
1 54
50 56
46 57
84 81
45 44
95 79
51 40
99 67
3 79
34 9
93 72
83 21
15 90
67 43
41 49
28 8
14 6
47 86
60 70
32 78
56 6
92 71
13 24
9 18
4 47
19 51
73 31
9 95
88 82
89 50
0 34
64 46
93 28
28 61
82 45
94 59
72 32
81 3
58 65
10 91
10 67
5 63
7 5
1 73
8 32
98 1
52 76
5 70
20 38
91 84
0 87
63 44
23 91
5 54
13 76
76 22
62 77
70 94
37 26
40 83
38 95
90 61
69 83
44 5
38 90
65 54
5 0
84 52
93 97
97 82
94 2
12 14
65 9
33 8
94 81
94 78
54 11
54 75
67 4
68 79
25 70
29 60
16 45
70 47
6 72
98 88
86 45
47 63
38 23
30 98
3 29
38 69
93 96
39 37
75 20
87 53
8 29
16 56
85 6
62 51
44 54
88 7
84 13
97 23
61 49
14 80
35 61
80 13
34 48
3 71
86 83
24 57
0 15
4 37
4 60
85 59
56 23
55 1
59 36
39 46
80 45
54 41
64 18
48 73
36 4
29 69
24 88
44 16
25 11
40 25
51 96
98 71
35 36
86 97
39 65
43 51
82 5
56 92
99 54
51 66
49 91
87 96
77 42
32 58
7 69
3 77
52 11
33 28
19 94
56 14
9 89
86 92
16 14
86 22
56 59
87 51
27 44
30 62
26 67
99 51
2 53
38 56
51 30
78 22
29 84
0 48
88 9
60 37
18 31
97 86
6 10
15 38
97 85
59 61
9 88
20 42
89 24
55 29
54 23
43 23
98 62
60 5
52 82
17 39
83 38
1 59
7 83
65 3
94 7
89 32
60 66
70 50
8 38
32 16
71 76
42 71
26 31
15 43
30 20
17 16
72 78
24 68
92 8
48 32
81 16
20 46
30 91
63 20
76 61
19 29
36 78
78 72
19 19
16 98
29 59
17 99
84 19
52 96
34 84
49 70
67 34
31 52
87 79
16 74
4 74
91 6
49 94
5 4
68 8
79 93
94 88
64 32
67 60
90 69
55 53
34 30
57 99
8 3
88 34
27 88
59 70
19 56
33 37
13 53
82 59
37 44
2 77
33 15
21 68
49 45
60 28
16 97
7 87
48 91
85 89
98 7
31 97
8 11
49 63
45 52
27 23
49 93
23 36
34 71
51 13
63 37
32 34
64 79
40 58
2 55
85 0
72 15
16 1
56 71
77 14
74 35
16 81
48 83
12 79
31 61
54 29
21 47
75 2
11 1
1 53
95 77
44 74
16 87
16 47
89 20
33 96
23 78
92 77
76 74
51 4
3 9
76 18
30 32
51 34
71 17
31 40
60 15
44 32
69 69
38 8
45 98
92 45
88 65
92 78
47 49
40 44
92 36
56 0
9 80
27 60
11 77
16 73
40 2
64 41
20 4
6 54
51 87
11 62
72 6
38 25
71 99
77 18
58 38
47 48
41 93
2 46
65 65
95 0
20 95
15 29
83 61
51 57
99 3
2 16
57 37
59 41
14 78
22 99
55 15
35 0
8 12
8 78
7 92
77 98
44 87
44 85
31 38
96 62
82 24
8 25
80 66
98 4
14 43
33 88
77 21
35 14
70 87
30 61
13 19
74 30
34 56
95 4
16 89
68 31
20 56
76 29
41 47
99 15
96 27
49 16
94 32
24 23
56 25
65 66
35 7
20 94
3 0
30 6
48 86
20 21
87 4
78 60
68 12
98 18
91 20
11 83
35 12
70 48
61 18
51 7
22 88
1 78
5 44
8 81
6 58
67 67
68 22
22 66
61 67
1 71
5 69
1 76
33 65
77 62
55 98
1 93
64 77
76 98
31 64
68 70
78 55
48 42
83 0
9 96
52 29
95 9
40 33
20 81
62 54
36 29
54 51
53 20
12 17
49 25
40 18
68 23
47 34
66 46
16 11
44 90
39 66
33 89
73 86
62 59
5 53
40 23
20 77
50 21
33 48
86 21
27 34
20 91
21 33
42 51
31 98
79 46
33 61
63 87
33 92
95 30
27 2
36 52
26 58
48 99
86 50
3 21
99 74
85 71
33 41
51 38
10 12
20 39
34 4
32 25
9 72
21 58
12 4
19 87
9 13
95 15
49 21
57 97
30 4
6 37
9 45
64 15
90 28
91 93
74 8
90 92
38 0
81 75
99 80
92 70
82 48
63 96
68 21
86 60
20 68
16 19
92 22
66 4
97 13
44 9
9 31
55 86
69 12
82 34
65 52
58 73
17 72
76 97
48 84
29 54
1 94
0 38
51 9
31 72
37 23
68 52
87 70
83 82
35 81
94 21
28 23
25 94
78 11
56 37
77 20
73 98
20 20
16 25
0 42
93 43
19 63
23 13
86 10
0 14
60 62
35 26
55 2
5 41
11 26
53 8
53 61
91 0
58 53
94 84
47 28
94 83
79 43
81 29
2 95
5 59
32 40
30 78
55 5
64 83
73 0
48 1
8 55
97 72
32 1
60 23
16 13
0 41
39 86
99 49
31 9
47 71
20 60
95 1
79 37
63 15
18 45
41 84
84 89
93 48
64 33
40 49
26 37
77 99
64 39
6 17
96 22
26 19
21 15
76 25
71 78
29 16
50 47
46 95
22 70
65 99
73 87
31 74
16 2
85 22
8 83
89 84
85 62
77 80
69 22
70 34
28 53
29 95
19 46
88 28
11 7
48 94
41 46
5 16
6 14
35 24
2 17
73 34
93 20
66 79
76 84
96 19
31 67
47 24
85 34
74 28
42 99
99 44
62 97
78 49
48 26
45 48
33 55
0 93
14 18
0 6
20 63
42 23
30 53
82 39
18 68
92 73
93 77
93 37
23 50
76 86
98 67
67 9
96 3
52 7
24 33
6 49
75 49
64 82
67 29
31 42
42 65
15 5
31 31
59 15
31 88
13 43
78 54
72 53
24 81
1 15
80 70
95 68
77 54
49 90
30 80
92 67
16 69
76 14
93 59
59 67
21 98
78 96
25 13
90 27
75 56
45 3
28 10
10 96
78 32
88 62
71 64
53 14
89 88
44 72
97 20
82 26
25 76
78 2
92 72
32 98
36 64
93 87
69 23
16 22
19 8
11 70
92 56
89 1
45 25
51 15
63 3
98 40
49 47
98 90
20 75
49 56
78 6
26 85
98 63
52 57
90 46
32 36
78 69
6 77
87 38
65 93
25 7
47 52
53 71
98 46
84 35
31 95
39 27
18 83
24 17
17 71
92 85
53 42
77 61
30 65
92 33
2 73
36 15
78 47
84 14
50 8
18 42
9 24
98 2
86 19
68 27
60 40
94 12
39 85
93 88
18 69
54 94
29 57
89 95
86 46
99 98
12 62
36 50
12 26
44 50
11 72
4 66
67 32
4 65
3 78
66 42
35 83
7 82
12 53
91 43
20 26
61 19
28 75
53 52
25 32
87 78
68 86
97 52
62 42
29 22
84 16
8 96
55 50
83 94
58 34
13 29
30 81
38 92
88 54
16 63
83 98
54 27
68 24
7 66
17 11
7 62
58 47
95 97
99 66
16 38
38 10
37 75
69 60
76 48
2 78
89 31
67 72
35 45
92 65
26 83
98 16
5 27
16 80
83 93
84 88
3 98
52 41
41 58
4 48
1 16
77 53
51 25
40 77
1 39
50 59
15 20
43 30
98 3
6 45
62 1
74 37
31 14
55 47
7 3
39 17
96 29
59 1
41 2
95 70
48 53
18 97
8 40
33 26
91 40
81 65
28 25
35 46
58 48
63 77
49 43
10 11
14 69
49 38
37 82
39 20
65 45
27 55
49 77
52 9
29 2
56 17
99 16
60 94
95 48
70 77
37 95
86 43
87 27
14 71
32 47
0 46
71 45
32 96
15 4
44 82
32 6
92 51
38 35
26 64
89 89
37 17
94 85
94 53
4 39
99 90
39 55
30 27
11 50
24 4
88 4
88 31
99 37
58 9
5 48
24 53
5 32
25 92
46 50
20 67
33 90
69 16
19 52
74 91
96 26
77 71
29 33
73 72
18 24
34 51
45 81
57 46
7 37
98 75
43 7
6 89
46 51
1 11
43 47
55 30
36 92
56 81
36 60
84 78
52 17
13 59
23 18
54 6
80 68
56 3
6 52
85 1
55 59
72 82
55 11
51 64
7 40
26 90
34 19
85 17
4 77
33 63
69 31
96 1
88 87
14 72
59 8
40 16
87 19
17 84
24 74
42 9
50 72
98 83
59 79
95 72
75 86
2 99
18 44
40 60
80 16
17 64
35 6
5 30
55 96
42 76
47 56
74 20
10 70
27 57
75 14
61 94
51 85
0 47
3 24
63 93
96 17
41 67
91 37
41 94
54 34
46 76
67 45
66 23
64 5
7 54
48 2
25 8
77 75
35 84
36 97
88 33
12 99
40 52
28 36
42 61
10 1
87 36
28 87
98 25
76 44
97 39
82 70
99 24
28 19
48 87
38 47
43 37
96 95
76 55
69 61
90 53
82 11
89 53
82 37
71 72
35 33
65 92
3 50
63 11
25 10
73 14
33 17
72 1
99 45
15 35
56 63
68 41
44 38
98 60
52 65
94 86
33 93
66 57
77 9
51 50
95 61
88 3
76 76
33 44
49 9
79 63
74 21
78 21
88 23
50 35
63 13
97 21
3 41
36 40
55 23
74 12
71 7
72 77
46 45
98 35
59 65
35 18
82 28
35 78
46 58
82 74
26 39
96 34
75 54
66 71
25 42
82 6
75 29
89 55
57 76
83 6
96 51
44 70
94 89
26 41
14 33
58 58
41 92
45 90
31 12
12 13
55 26
6 26
52 32
48 72
96 48
84 43
68 95
22 69
17 0
63 9
47 39
15 57
66 77
35 30
29 62
69 63
6 5
79 80
10 14
24 16
9 35
13 42
79 15
12 7
44 14
10 81
15 42
95 73
27 35
94 56
66 54
75 69
56 89
60 82
73 16
25 17
56 90
25 36
24 93
37 8
26 86
15 73
23 73
5 1
76 1
80 6
58 54
36 37
26 71
67 12
2 57
44 73
65 2
49 67
26 12
14 63
2 41
21 82
28 78
60 85
56 62
24 70
49 72
96 69
24 97
39 68
45 45
69 62
17 59
98 73
83 1
53 26
37 2
20 92
10 34
60 78
49 64
33 69
14 65
79 50
7 90
98 0
73 74
81 47
42 64
90 97
79 72
54 26
50 52
78 48
40 27
33 72
38 28
94 66
75 90
10 60
24 47
61 86
40 67
78 90
49 57
83 40
32 4
23 42
61 22
73 11
34 7
69 56
18 89
32 62
97 55
96 68
26 77
86 12
76 45
77 30
9 90
87 33
80 39
53 64
66 52
89 93
9 55
31 54
42 35
51 79
81 31
90 77
88 79
80 63
73 42
96 60
27 26
62 14
79 67
17 22
43 43
16 61
20 57
65 95
13 79
21 3
3 83
11 48
8 10
57 52
45 1
25 34
33 35
82 54
60 73
66 44
12 88
58 63
54 32
64 53
4 99
78 24
4 20
60 39
22 74
50 30
80 41
17 95
4 72
87 32
38 74
91 47
95 46
76 58
3 74
11 99
13 63
6 50
60 49
59 38
23 59
29 71
40 26
5 14
44 11
8 47
85 35
33 45
88 88
70 31
11 54
93 78
90 95
34 35
28 68
12 76
76 77
60 32
96 98
78 3
23 94
97 15
89 77
12 31
52 84
67 28
73 3
99 20
91 62
15 6
35 47
46 9
27 73
43 66
65 25
31 84
2 37
82 93
84 98
21 73
46 60
79 20
36 95
45 34
52 93
75 85
89 70
64 1
79 23
20 73
49 49
72 95
76 54
14 31
84 84
75 43
77 73
41 53
7 77
45 8
16 90
93 14
81 54
48 20
73 93
73 82
1 19
8 51
68 97
72 62
37 77
92 80
11 94
75 64
38 34
40 15
20 36
26 24
15 33
35 68
93 90
6 63
69 4
52 46
70 19
96 96
14 12
83 7
58 21
63 0
53 79
45 76
58 93
27 71
54 52
18 54
82 46
24 8
16 50
60 22
76 99
20 10
81 78
85 68
70 9
42 43
24 83
77 43
56 44
22 78
19 54
31 13
93 18
24 34
12 30
74 4
53 32
76 4
74 68
68 39
56 29
18 19
37 91
91 68
25 83
44 61
34 50
42 52
82 23
64 27
64 94
37 19
59 90
84 39
4 0
62 9
41 22
42 48
10 84
68 74
68 92
67 80
87 23
86 69
78 95
24 32
66 85
42 95
11 25
15 28
61 54
32 79
14 2
58 50
45 83
1 47
89 26
57 19
49 33
87 81
30 59
3 19
97 11
46 75
73 18
59 97
49 87
96 0
18 1
69 1
50 87
85 28
11 58
62 69
49 97
2 50
65 94
98 89
72 34
97 70
47 7
1 12
62 21
24 62
97 95
42 39
56 40
91 10
12 98
92 95
1 91
42 97
16 43
27 96
78 5
19 3
57 31
80 80
49 22
77 57
99 60
67 8
69 87
72 7
32 67
0 76
5 29
7 72
24 63
85 37
99 46
96 58
81 45
92 24
68 57
66 35
46 65
19 12
93 9
1 27
44 94
70 27
78 63
71 19
99 32
42 40
27 87
96 44
25 27
34 93
2 28
54 18
81 81
15 82
74 63
53 60
85 29
36 96
40 84
95 33
89 62
51 53
10 56
38 26
86 77
61 44
96 61
66 67
25 18
59 44
59 33
31 4
38 46
39 2
14 23
94 6
91 1
0 97
12 23
99 93
48 45
35 71
53 13
78 71
91 69
73 52
70 55
60 98
28 59
40 70
13 58
27 29
64 47
14 90
5 86
35 70
15 67
13 90
12 52
6 91
48 27
43 79
99 59
17 98
63 19
7 26
41 50
68 3
27 13
37 6
84 6
28 58
52 88
3 26
72 88
24 92
17 48
28 88
99 18
97 96
66 94
56 61
22 25
38 61
8 98
23 48
63 58
60 7
28 95
0 55
51 78
52 52
0 1
88 42
36 86
37 46
36 14
81 13
52 89
52 38
47 90
46 99
48 37
99 79
25 64
33 75
82 78
1 49
90 66
94 58
56 48
27 24
2 39
8 68
72 58
99 30
17 21
62 58
23 77
26 69
26 55
23 10
4 19
77 49
35 40
95 2
37 84
91 5
77 35
59 85
77 94
38 72
73 27
52 4
69 19
19 55
64 99
78 93
66 36
21 38
48 49
66 41
81 34
29 21
7 84
13 81
2 86
57 18
81 0
64 21
89 13
32 19
43 97
70 33
45 53
46 46
73 4
99 53
35 58
21 88
22 73
89 64
50 71
91 98
19 96
15 51
22 16
76 20
13 60
67 38
22 91
54 35
10 23
67 57
74 6
55 94
65 38
78 1
5 58
98 87
56 43
75 55
86 48
51 93
27 38
90 90
69 78
94 99
21 89
86 44
78 41
34 77
18 50
56 53
8 93
83 9
90 68
47 42
35 64
4 34
40 14
45 6
84 79
63 59
82 10
90 26
84 45
10 80
49 11
56 50
73 49
73 54
95 47
48 36
59 9
23 47
20 33
94 94
48 25
24 41
54 83
18 82
66 5
80 9
48 54
1 89
75 58
49 23
95 95
61 10
36 87
67 44
3 70
34 81
6 7
27 50
11 31
29 82
45 70
53 44
14 76
12 60
84 69
56 74
88 15
20 32
70 49
5 57
10 62
30 43
67 42
43 68
94 22
31 8
70 0
83 11
81 19
16 33
75 66
94 76
97 46
86 40
48 39
56 31
9 92
56 21
80 31
45 77
2 84
45 43
69 73
24 78
50 46
92 27
3 12
35 2
38 45
82 16
44 47
21 39
56 38
20 69
84 28
63 71
89 29
7 25
30 94
53 95
77 85
12 41
94 62
57 55
37 48
30 90
53 78
43 27
65 0
43 13
26 1
85 76
60 58
48 29
60 84
16 49
32 97
72 71
71 28
10 90
28 71
34 45
78 68
33 40
69 10
70 53
26 80
20 8
79 64
3 20
41 68
56 94
18 94
41 97
0 8
44 75
60 96
6 11
60 54
45 28
1 36
21 12
63 85
32 31
76 15
79 82
12 69
55 55
62 32
1 38
11 17
2 98
48 33
48 90
28 63
40 50
15 13
96 46
90 22
47 46
31 33
63 60
26 49
84 72
65 88
14 34
66 24
30 85
90 12
84 41
55 19
36 12
61 28
82 81
97 2
42 84
59 37
79 58
7 15
50 37
85 42
3 30
84 93
64 55
91 83
38 89
57 8
30 40
1 92
0 57
35 56
62 19
79 12
89 83
92 28
98 72
63 67
82 97
13 55
62 61
11 46
78 86
47 73
2 62
95 10
19 11
97 69
46 35
6 74
81 88
19 90
79 39
52 45
59 52
40 8
17 61
36 90
74 92
1 13
51 48
53 21
84 9
82 61
46 3
33 59
7 39
37 28
86 8
24 96
0 0
68 61
68 94
52 58
17 38
7 64
91 28
57 63
31 30
36 62
95 60
81 42
22 17
13 72
19 9
91 72
8 8
12 54
86 55
17 45
12 77
15 59
84 86
82 92
6 22
72 65
43 20
32 73
23 38
4 49
43 48
15 34
85 82
92 46
87 85
80 98
46 53
93 62
61 81
25 96
34 72
38 64
11 29
41 25
28 9
22 8
99 43
6 70
77 27
38 33
54 2
94 41
45 0
10 18
68 1
29 87
57 13
51 88
56 83
21 14
3 96
34 0
40 17
99 13
95 81
96 28
97 97
33 46
94 23
56 77
67 93
49 41
65 37
86 2
20 89
17 37
44 1
5 10
8 17
5 71
9 1
55 16
34 6
8 54
93 60
27 32
38 82
81 96
50 34
95 49
76 19
19 44
86 7
91 81
80 88
99 47
12 32
69 14
12 71
95 36
91 13
41 32
19 92
26 61
47 67
40 48
13 69
81 35
63 76
7 30
76 69
54 49
80 34
17 82
89 87
5 11
74 44
31 10
1 62
76 66
10 98
94 44
5 37
68 62
53 12
29 61
13 2
96 21
60 52
55 13
92 94
93 98
86 57
72 54
64 24
89 63
64 26
49 30
13 54
28 77
46 86
59 81
98 59
39 24
51 43
99 10
65 26
32 87
66 53
0 2
27 43
93 25
41 70
20 16
49 52
55 71
69 86
22 23
85 8
12 43
51 98
26 18
69 59
49 8
44 20
70 84
93 10
2 90
81 70
13 34
89 23
12 11
84 30
41 15
13 97
75 0
10 61
79 41
15 84
77 31
34 87
7 86
62 28
70 39
32 95
83 95
75 46
67 92
24 82
16 6
27 91
97 61
42 17
43 3
90 83
83 2
38 81
69 80
93 53
47 33
68 90
25 75
0 79
76 43
40 42
63 35
91 44
63 50
91 21
50 49
33 38
28 46
38 73
99 92
50 80
63 53
65 77
11 21
83 57
63 73
50 66
81 52
22 94
45 64
19 45
7 16
86 86
23 85
42 98
80 19
52 19
97 28
82 77
12 78
66 32
14 37
79 18
74 17
35 25
91 97
99 84
24 69
81 15
88 90
10 33
47 19
8 70
78 0
49 71
70 75
94 91
60 43
69 58
57 30
58 95
84 65
78 83
57 96
15 55
26 30
0 81
31 2
86 38
33 97
1 7
34 97
32 22
34 10
86 75
69 20
19 61
7 47
44 92
97 89
14 87
23 15
37 49
21 97
91 90
30 66
76 28
91 42
89 73
71 47
68 65
74 48
49 39
67 15
73 8
90 94
68 38
15 37
7 41
89 97
82 67
74 83
89 38
73 48
22 77
68 60
22 50
92 32
81 63
10 37
56 10
58 74
96 40
74 34
9 5
35 16
84 15
81 32
87 45
10 13
32 66
59 14
58 60
37 83
51 77
35 77
52 22
15 66
22 61
83 25
3 43
4 85
51 51
82 0
53 58
13 78
53 68
96 74
80 82
44 59
3 93
92 86
40 91
30 17
93 38
88 48
59 96
89 66
7 29
81 93
21 72
24 80
89 8
17 58
85 87
8 49
21 65
18 72
92 69
3 48
23 70
82 90
83 67
7 99
57 42
54 8
22 38
11 8
19 81
74 86
54 86
29 92
90 5
17 76
58 15
49 85
45 74
6 68
80 90
21 8
61 13
16 59
41 10
39 64
26 0
91 41
51 47
18 2
51 6
4 16
11 41
36 66
86 72
20 35
27 61
42 94
93 33
72 45
72 17
79 11
79 32
11 10
43 84
37 72
59 80
31 53
98 47
99 5
92 14
83 96
81 1
50 82
47 91
19 7
80 49
23 62
1 28
80 75
46 32
25 47
4 27
55 84
90 86
62 49
75 76
19 82
94 63
41 63
61 36
30 34
15 70
36 34
52 54
32 41
16 86
80 10
82 1
28 80
15 11
29 4
16 57
40 93
6 28
60 20
60 51
95 71
71 62
61 15
33 33
31 59
43 92
98 6
30 3
98 14
86 56
32 83
61 65
76 2
30 89
58 22
80 67
39 7
43 15
80 42
39 4
54 36
64 35
36 70
57 74
48 10
95 39
84 91
55 27
32 71
41 1
45 69
0 25
14 26
47 96
50 86
79 71
56 51
79 95
28 29
2 19
47 40
11 22
89 11
99 82
42 69
45 54
41 71
50 36
22 83
93 74
74 52
90 76
96 64
57 48
64 88
27 17
27 11
97 34
16 40
86 49
66 48
56 36
78 28
70 18
77 16
73 6
12 22
63 68
67 95
51 49
65 83
88 93
37 67
6 41
0 23
41 26
53 30
12 38
31 45
95 88
59 13
10 58
40 95
23 29
77 83
26 17
49 6
72 72
47 30
54 66
36 49
5 61
24 75
58 86
89 82
62 20
65 58
41 5
68 50
10 51
81 57
45 87
94 39
94 57
77 74
70 36
1 24
0 72
13 8
70 91
6 32
85 49
64 97
6 87
74 18
10 77
38 99
16 21
72 93
81 51
26 6
73 7
9 32
1 68
34 95
28 39
72 51
64 42
42 92
59 28
34 80
14 59
4 22
45 71
15 2
52 33
64 51
19 41
76 60
7 24
88 63
33 31
90 17
78 88
5 94
8 43
31 85
11 42
30 86
30 18
19 95
89 10
39 76
23 35
79 28
36 69
43 26
56 99
39 0
2 58
73 47
47 69
93 50
50 27
83 39
72 40
62 94
98 45
13 39
4 17
48 11
52 80
68 49
96 78
71 49
85 24
43 22
99 71
21 81
43 71
66 47
45 31
30 49
7 49
21 9
22 57
55 48
89 52
87 66
84 0
72 73
94 93
66 60
12 65
16 79
95 51
90 19
2 12
69 97
2 1
35 8
11 87
28 89
57 56
97 71
29 55
9 58
10 45
0 65
84 3
46 84
61 25
80 46
79 81
12 1
12 2
67 35
20 74
62 7
46 54
26 54
60 8
91 23
73 51
97 37
44 43
55 73
66 20
43 35
80 2
17 46
95 44
75 52
56 33
93 23
85 11
27 72
34 39
90 81
19 69
35 19
96 57
87 18
51 71
0 99
84 66
13 46
31 78
26 53
51 21
97 9
14 46
12 5
20 14
51 94
22 46
53 34
28 35
69 85
57 10
3 64
14 55
62 88
67 53
82 3
75 62
1 80
69 7
16 26
82 47
10 71
84 67
41 69
91 87
72 55
8 77
47 41
91 31
69 8
14 66
31 18
68 47
34 32
15 15
68 96
87 15
29 10
55 97
97 68
57 98
91 26
2 43
96 70
15 41
31 5
86 99
4 26
43 83
5 43
80 64
82 84
16 46
13 70
1 95
47 0
43 1
37 39
18 93
25 38
88 47
97 51
94 69
11 80
99 64
58 80
