100 3
64 53
66 56
77 24
82 96
42 27
42 13
2 79
97 50
68 31
18 70
16 65
38 22
24 77
35 54
40 58
41 79
64 31
62 70
33 53
49 72
38 52
39 58
91 68
46 67
89 29
91 26
38 20
25 32
76 87
42 68
34 89
1 54
77 22
10 2
39 4
0 96
74 4
33 55
40 1
19 69
22 60
58 22
68 26
49 56
0 72
94 61
23 55
5 5
42 17
74 69
40 93
45 42
25 24
48 1
20 76
75 10
26 58
89 28
71 12
81 4
41 93
60 87
29 21
99 69
79 25
69 60
50 7
32 45
45 32
20 40
17 55
83 9
18 91
77 53
25 26
67 72
39 64
73 71
82 32
20 43
30 20
51 14
4 24
21 38
40 28
47 91
4 34
74 32
72 44
98 35
53 28
67 24
90 21
91 95
79 59
17 75
86 34
11 40
72 70
63 51
47 65
26 99
91 7
55 93
18 56
66 50
70 53
43 79
3 18
47 83
6 67
86 70
44 26
83 10
68 67
90 62
69 90
3 77
79 93
84 69
47 74
36 58
45 29
55 33
82 95
41 46
56 18
22 85
9 68
93 62
68 86
71 0
50 13
5 64
50 30
93 34
17 1
55 66
97 98
79 57
14 22
2 62
78 8
74 33
8 38
54 90
0 30
84 37
24 68
65 69
75 29
21 85
92 95
40 84
39 73
5 67
28 23
99 39
67 37
36 33
19 43
88 59
51 37
89 19
96 2
1 37
65 79
62 81
23 88
1 97
76 62
10 36
22 13
55 71
24 52
53 37
49 63
60 29
9 46
3 94
48 43
77 99
55 5
31 39
34 54
12 34
6 5
40 55
30 49
36 16
41 42
9 44
0 2
66 72
22 49
83 61
93 37
17 58
40 17
72 87
44 86
82 79
59 27
62 25
0 69
94 25
31 92
18 5
41 7
93 49
79 60
60 14
23 83
48 62
98 68
8 46
92 44
91 20
73 63
24 38
27 67
81 77
98 19
64 12
52 36
42 96
64 37
44 59
18 64
81 78
9 72
26 81
61 17
24 51
3 73
48 16
12 8
75 91
19 57
20 49
42 6
41 59
18 89
66 23
50 54
24 15
42 54
81 33
22 83
94 42
27 70
89 46
38 12
97 37
81 83
35 10
57 81
47 18
10 0
9 92
43 85
37 79
64 93
23 68
38 47
64 6
82 78
20 87
56 67
42 92
73 5
90 66
11 71
55 53
52 39
79 8
44 7
98 30
44 78
67 82
56 31
77 16
9 93
7 16
78 96
78 85
31 75
19 54
8 32
78 66
75 14
52 24
9 20
12 58
75 49
33 58
95 63
96 20
3 34
70 58
64 14
60 76
91 47
34 48
37 6
42 10
55 77
97 67
23 98
99 62
45 48
8 43
54 88
27 11
96 71
10 1
80 75
36 59
16 25
30 67
91 27
56 60
57 88
39 14
85 36
6 6
98 16
74 13
58 69
5 97
5 32
31 27
33 18
4 68
82 23
26 32
52 86
80 28
20 85
20 13
15 2
24 11
17 5
35 45
12 51
53 55
6 49
3 56
61 72
97 17
25 41
22 19
99 50
96 55
66 45
11 76
19 22
88 86
40 53
59 86
54 78
97 4
52 89
71 95
0 24
79 46
49 29
96 18
63 98
89 78
33 28
2 73
19 84
75 61
31 40
76 47
16 27
30 12
53 14
11 39
32 91
31 99
59 73
72 15
16 57
96 80
94 3
78 86
67 4
6 45
47 98
71 26
7 92
39 38
83 49
36 95
57 96
43 17
61 65
37 80
12 80
5 93
53 96
11 67
17 43
48 85
67 21
11 24
58 85
66 76
62 84
39 31
43 99
30 17
87 10
75 95
53 95
3 8
43 77
41 13
60 94
13 54
86 88
56 77
90 91
36 34
71 90
0 89
29 33
54 50
64 24
34 81
89 23
61 6
88 75
45 12
81 10
62 97
22 32
42 16
16 15
23 79
8 23
20 26
32 82
69 75
46 14
75 70
50 34
26 11
17 35
59 44
32 25
80 98
9 65
50 70
9 94
77 73
44 55
30 35
3 24
39 9
93 28
16 44
61 48
83 95
74 30
6 70
72 30
26 38
94 56
43 48
54 56
28 28
13 97
15 42
8 25
89 69
22 6
68 12
26 19
26 55
10 18
92 0
42 48
24 56
30 71
48 73
89 82
90 9
75 42
62 50
76 37
73 16
46 59
18 96
6 16
59 23
59 18
76 34
30 42
83 88
4 40
39 33
38 39
77 54
66 49
29 78
22 65
40 80
16 52
98 41
25 63
86 30
32 50
3 99
14 28
90 53
23 57
95 61
66 94
27 42
76 66
55 63
5 58
1 40
62 2
68 75
64 33
29 46
47 89
1 79
12 43
65 33
26 95
61 8
11 31
83 16
80 22
75 92
60 52
80 53
96 46
70 43
95 83
46 52
16 96
56 49
5 74
4 81
98 78
14 92
10 45
35 17
8 90
33 52
70 0
66 79
74 84
12 56
35 11
3 39
79 58
18 61
12 94
24 5
56 62
36 11
51 54
54 22
95 31
47 22
69 80
61 75
75 35
10 30
52 78
53 32
61 56
17 49
96 97
28 30
43 87
34 9
32 32
89 2
70 68
85 23
36 28
58 63
62 28
65 44
94 51
10 81
27 47
50 40
98 97
76 81
34 35
5 80
96 57
64 7
41 57
0 91
77 32
14 88
12 42
73 30
27 89
33 3
28 53
36 62
93 66
31 69
76 10
8 10
72 61
71 15
59 94
21 42
73 20
1 66
63 86
95 65
30 16
25 33
44 18
98 21
22 40
5 91
67 84
60 82
38 57
94 15
65 92
76 25
82 0
90 16
61 92
33 63
27 52
24 8
0 29
73 90
84 38
68 38
13 45
59 12
3 30
41 66
53 5
26 68
53 60
57 63
67 34
1 39
22 63
53 1
59 41
69 3
81 71
34 38
69 50
18 48
90 81
65 88
28 39
47 64
68 73
30 88
57 26
91 10
85 64
16 2
48 52
50 79
34 10
88 97
92 62
94 28
15 27
68 43
53 12
30 44
23 29
78 53
11 86
42 26
34 0
90 83
94 36
49 18
91 98
50 49
83 32
86 67
67 3
17 85
75 71
35 50
76 67
68 57
38 29
51 1
91 78
56 19
64 90
56 44
41 2
20 11
8 81
51 77
90 87
92 38
87 13
98 43
3 90
71 66
44 10
4 45
91 97
95 82
31 29
25 53
37 52
80 88
44 74
76 42
36 6
88 78
30 96
31 32
29 91
77 35
70 26
26 5
73 13
1 98
48 69
63 46
43 0
88 88
71 37
91 56
42 65
32 40
11 80
21 76
35 94
39 72
78 29
80 1
72 60
38 33
66 47
17 21
1 30
72 6
17 72
68 15
86 10
12 38
18 65
95 27
69 6
36 47
65 21
14 64
37 30
8 45
63 40
48 45
72 74
41 69
81 79
53 80
98 34
85 56
97 39
30 31
11 11
26 85
11 97
82 60
98 15
5 25
26 39
13 10
8 7
84 89
8 31
46 13
17 59
39 8
26 52
94 77
46 48
0 59
36 4
97 94
45 91
9 51
76 69
98 86
48 87
27 79
45 89
74 59
96 83
36 9
5 41
54 12
16 95
52 30
91 22
46 3
79 44
2 29
19 92
34 51
55 65
31 46
22 88
11 46
97 2
77 57
1 60
82 39
3 11
72 16
67 75
22 87
1 42
50 96
87 92
41 6
1 81
40 18
68 37
82 70
26 10
74 57
28 72
70 12
99 70
89 42
5 28
12 14
54 97
91 12
22 24
4 18
44 54
40 10
19 16
67 0
80 49
42 45
5 39
62 18
29 44
74 5
57 84
30 51
57 50
56 14
23 76
6 18
61 26
1 78
21 54
86 33
65 74
21 88
58 33
47 13
20 95
83 93
60 4
12 18
85 82
52 50
0 47
25 42
65 53
92 88
76 98
82 99
63 77
21 15
37 65
29 73
50 42
63 76
87 28
29 35
43 33
12 63
44 32
8 95
10 44
25 94
15 36
65 61
35 41
76 33
57 9
75 60
14 23
76 5
72 72
15 0
57 36
37 69
38 95
45 27
32 76
21 86
39 56
12 26
95 46
49 21
46 50
86 2
67 29
68 16
9 24
81 99
87 9
43 27
15 17
51 94
90 24
42 80
30 50
18 51
27 64
29 90
10 46
84 24
98 57
38 45
2 47
3 44
75 59
24 35
36 12
29 2
41 71
18 94
51 29
53 88
71 75
34 57
51 38
67 71
60 28
7 97
91 16
45 77
90 70
84 96
81 15
54 66
88 20
69 23
49 92
63 43
79 30
56 3
91 35
59 96
84 87
46 7
18 23
52 31
88 66
61 47
15 3
58 90
92 68
94 82
16 71
65 4
13 67
50 59
91 9
50 3
72 59
4 16
43 16
50 85
16 66
66 91
32 89
5 84
33 74
79 89
42 47
5 50
36 74
16 97
53 18
98 84
51 74
46 89
36 87
22 59
96 13
21 20
19 36
77 33
81 41
23 87
4 91
75 81
65 23
77 70
80 59
6 92
38 26
38 96
57 13
50 78
71 45
28 43
39 57
83 42
37 87
40 67
28 4
70 78
32 20
13 66
29 11
4 2
13 85
40 68
62 56
74 78
61 58
8 49
77 78
37 72
58 27
80 2
25 9
13 69
54 48
92 85
49 12
94 29
17 23
18 60
64 45
60 10
87 8
48 15
47 73
53 83
67 73
54 59
17 15
3 96
92 33
55 34
93 47
1 77
23 3
64 92
47 69
92 78
19 67
90 65
30 87
60 34
95 34
70 96
87 87
82 36
78 59
64 87
84 62
28 7
79 14
81 9
57 57
3 12
75 21
0 81
36 65
23 23
79 4
30 8
23 53
53 63
52 3
97 33
1 32
11 17
36 67
95 91
98 18
62 30
39 20
87 95
68 61
11 77
15 25
45 81
83 24
72 23
42 1
49 17
56 89
6 89
67 48
35 65
50 53
47 47
78 75
14 62
19 41
61 79
99 26
98 44
14 54
18 62
30 64
55 54
35 99
28 93
34 91
22 81
65 52
78 90
83 84
69 2
26 0
39 48
30 10
61 19
66 67
34 59
14 41
3 67
38 42
31 94
17 19
97 32
50 80
50 51
3 38
52 48
77 61
30 24
18 43
16 51
93 73
80 41
35 3
43 26
42 62
31 2
4 89
85 4
48 50
44 21
67 53
38 70
32 3
80 72
7 22
91 81
80 17
47 15
86 25
75 19
58 44
47 97
53 7
80 79
0 61
34 30
45 28
40 39
18 86
35 86
60 32
24 94
74 73
31 65
84 36
24 32
55 24
37 61
93 78
11 70
96 79
64 52
59 74
18 21
46 91
50 60
89 71
80 10
5 90
51 98
38 92
72 12
48 51
38 68
95 11
99 31
50 66
14 35
19 91
36 18
90 93
74 12
58 97
40 73
93 94
52 51
25 21
82 54
4 85
71 72
54 11
74 2
40 13
35 51
32 92
63 1
94 44
6 39
43 12
43 44
37 77
51 57
62 48
37 37
62 23
69 59
94 89
94 98
53 52
78 87
69 22
77 52
64 43
95 9
56 42
6 41
15 75
57 17
47 32
94 23
0 15
78 93
66 1
25 10
55 62
51 84
56 84
19 70
41 87
9 84
43 78
52 29
91 13
79 85
15 28
22 8
89 62
13 91
50 10
66 54
33 73
6 74
87 72
41 48
91 82
32 18
88 65
99 30
51 71
9 22
83 57
28 9
10 70
75 65
11 79
97 0
37 98
32 14
24 67
82 86
92 64
62 42
52 20
31 45
14 76
59 75
86 94
65 43
29 39
12 95
59 45
30 25
86 8
79 70
36 50
35 87
24 93
20 42
64 75
16 84
7 30
5 61
73 31
18 85
87 78
18 36
16 88
15 4
16 19
75 82
17 80
8 51
94 17
41 84
90 44
72 1
49 79
43 20
8 30
2 1
43 32
14 56
31 42
88 52
51 31
17 4
59 39
69 56
36 73
25 39
7 63
74 81
92 43
94 0
84 51
45 56
84 34
49 51
44 5
53 70
14 79
53 46
44 0
86 50
64 4
73 35
87 34
59 25
92 57
80 94
84 50
65 8
64 98
96 89
46 74
68 84
98 50
94 92
62 72
0 36
2 96
5 30
8 16
33 10
0 92
51 2
35 8
98 1
12 73
81 91
2 21
75 99
81 57
11 16
6 32
25 11
66 93
45 6
2 90
64 54
98 77
82 21
68 99
50 25
80 29
76 3
37 45
82 74
32 65
89 93
33 84
52 69
20 84
62 32
98 2
5 54
86 0
48 82
84 33
85 6
45 71
82 30
71 63
36 27
61 24
63 68
0 62
14 75
87 90
98 4
54 81
68 64
93 52
72 47
18 32
24 9
77 12
90 63
30 54
50 48
38 36
11 22
2 24
41 4
46 39
64 64
38 18
27 61
39 95
28 98
80 42
55 48
38 49
71 25
19 96
30 36
47 56
38 51
61 41
17 30
13 56
81 68
46 96
43 60
39 87
98 23
89 27
68 81
64 27
23 9
52 8
83 43
20 15
30 86
56 15
18 4
1 73
24 3
79 3
33 22
70 17
33 13
90 28
76 58
2 32
6 61
0 97
35 68
59 42
99 2
56 41
41 29
47 42
17 99
75 22
5 81
14 94
43 23
83 41
76 0
75 72
73 85
50 75
5 57
86 26
11 91
75 46
16 78
42 14
38 32
4 27
51 32
11 12
10 43
11 49
53 25
68 91
87 33
79 20
19 18
35 52
99 91
57 14
12 54
22 90
35 82
28 3
19 33
54 72
69 36
47 68
27 77
69 46
33 99
97 73
13 50
14 1
4 73
81 58
76 23
25 89
43 30
71 13
78 81
1 36
85 61
20 77
40 59
72 42
47 45
9 88
97 71
10 54
78 23
23 80
6 84
83 86
99 4
45 73
15 22
52 6
31 77
12 92
15 34
31 1
66 73
87 43
81 42
71 21
87 2
25 69
57 59
94 12
14 78
17 44
11 59
64 72
65 77
28 57
56 37
39 94
26 27
10 96
46 78
53 77
5 0
53 84
35 13
61 42
37 50
34 58
46 62
26 67
61 73
71 11
88 79
32 27
20 19
69 81
82 15
72 25
39 2
76 30
84 77
77 5
32 88
80 92
48 91
35 21
83 44
42 85
53 6
16 61
99 63
74 17
12 49
59 88
78 71
86 42
80 90
7 4
61 95
59 57
42 99
23 52
45 35
90 35
28 80
52 92
21 4
50 86
59 43
24 98
87 51
68 69
3 51
96 98
75 63
76 13
60 96
97 45
1 43
15 31
7 62
91 76
85 37
62 34
63 42
47 43
28 99
2 5
66 58
77 68
52 9
89 86
54 73
87 57
16 63
48 38
66 41
3 25
71 77
50 61
70 91
21 23
89 35
78 69
53 85
5 60
92 72
10 35
60 38
99 0
17 36
48 14
99 53
37 47
15 62
17 6
88 45
78 73
46 77
16 14
0 17
52 95
79 35
95 12
34 95
45 16
49 9
24 30
10 73
99 67
6 51
10 57
97 70
41 53
66 99
78 60
86 11
71 49
72 96
47 12
65 20
10 9
85 79
58 21
52 35
65 22
10 34
85 78
31 81
13 75
18 25
39 42
40 40
31 35
80 13
81 85
52 75
50 19
63 8
6 76
60 16
72 34
23 50
61 16
20 59
43 84
30 53
51 36
49 1
42 0
85 32
61 35
37 67
2 4
94 73
29 76
12 17
1 23
56 24
36 8
78 14
46 49
44 3
10 22
81 14
39 74
88 2
38 0
77 17
25 19
23 14
26 88
70 18
54 13
94 67
15 81
18 88
72 55
64 60
82 82
54 8
84 30
63 24
23 34
78 3
70 79
30 73
2 84
2 57
13 20
6 94
31 87
58 60
85 71
23 43
82 56
20 33
39 23
25 40
92 53
63 18
13 37
8 41
18 66
12 57
81 35
54 28
10 23
23 91
91 0
64 58
1 82
66 29
73 42
31 55
96 51
57 67
51 0
84 39
73 51
5 6
66 46
96 58
54 17
69 13
90 61
20 74
51 97
33 75
61 27
93 33
33 14
15 24
15 73
74 41
52 76
20 46
40 30
7 37
60 49
74 39
71 98
46 76
62 61
94 48
15 53
58 13
93 60
1 16
71 3
5 78
88 73
66 77
54 83
49 2
71 48
7 74
54 23
50 36
52 21
2 0
49 15
4 6
48 89
78 17
52 67
56 59
3 78
70 21
21 35
54 43
73 70
37 25
82 40
33 32
53 44
67 44
88 33
10 69
18 18
47 1
41 67
81 40
82 58
77 62
94 65
21 33
81 62
99 82
26 46
44 12
85 88
27 0
48 70
58 5
97 64
42 50
71 43
48 66
0 51
39 76
39 50
41 32
28 13
19 87
24 41
81 21
82 29
58 57
74 21
67 22
82 44
89 8
77 75
64 19
91 31
75 48
15 61
54 9
57 80
6 62
68 41
47 21
63 32
52 54
23 12
19 31
87 86
59 79
47 24
27 58
82 50
94 4
45 38
91 79
26 82
89 34
32 93
0 76
87 40
88 92
40 9
73 95
54 31
23 48
79 45
33 30
74 23
60 42
30 19
83 37
67 8
45 65
96 31
8 36
9 13
15 86
27 65
35 88
87 89
84 12
74 25
23 32
79 98
40 62
50 81
97 75
80 50
43 46
75 40
56 30
63 22
12 27
75 30
15 12
62 0
63 88
79 43
71 74
96 86
51 66
84 70
16 48
27 10
19 51
95 28
55 28
60 51
43 36
6 46
28 85
70 23
51 61
71 70
7 25
76 91
20 61
56 90
51 28
27 2
70 51
84 20
84 54
71 97
10 42
40 26
44 90
7 41
71 27
26 47
81 18
78 6
43 45
71 65
76 20
26 37
78 27
58 94
35 42
7 20
20 50
0 68
14 12
30 9
43 2
29 1
20 35
16 40
72 58
95 0
23 33
70 20
31 64
70 77
84 76
67 2
43 25
90 12
54 87
44 37
54 42
4 58
18 2
96 52
38 88
66 20
91 74
15 91
1 83
36 75
61 94
96 36
56 88
70 64
24 40
89 99
78 18
60 25
23 59
73 50
29 69
31 97
0 37
82 9
37 66
26 54
65 1
83 23
38 64
80 63
39 79
14 27
63 75
57 44
3 82
83 5
53 98
73 29
21 19
20 68
62 73
10 66
21 32
7 13
91 60
7 75
83 26
92 59
45 8
86 95
83 35
51 20
96 22
53 71
25 60
46 30
58 41
92 7
74 55
90 72
75 85
53 23
87 23
62 82
46 64
95 62
78 37
86 12
69 74
53 67
40 22
98 25
8 69
87 55
94 9
11 45
22 61
23 89
55 18
62 89
43 34
1 3
90 86
22 41
83 4
17 34
29 70
55 96
0 73
27 20
27 19
45 31
46 9
28 46
0 26
74 20
70 14
29 34
8 42
9 4
68 70
57 0
46 26
44 81
96 1
78 52
55 40
41 31
9 87
64 41
56 32
0 33
0 55
23 77
30 80
46 5
56 79
32 13
56 5
27 85
45 0
4 78
49 36
95 13
89 76
50 6
78 77
8 1
28 1
71 38
29 58
45 70
31 20
96 82
70 6
33 46
34 47
10 48
20 39
60 95
29 8
4 15
71 92
99 56
73 17
61 91
50 41
32 73
73 49
59 33
63 70
98 3
51 88
62 96
41 52
40 43
33 40
49 87
1 75
44 19
83 22
89 63
97 58
16 92
6 31
98 92
13 60
56 43
92 9
92 98
33 87
36 77
17 13
39 49
77 66
79 1
73 67
75 69
4 65
28 27
70 34
7 26
9 11
76 35
89 65
79 38
32 7
79 7
96 7
48 26
59 48
54 10
10 19
11 89
45 45
66 53
1 33
48 46
87 26
42 38
24 74
51 45
97 7
67 10
6 55
96 38
61 99
42 15
36 14
20 30
99 64
22 7
19 28
66 70
47 72
57 77
22 72
19 6
42 51
65 71
84 66
54 64
30 69
32 2
14 46
8 65
76 1
70 47
58 67
98 27
90 76
51 35
32 26
83 79
48 98
43 7
75 28
71 81
91 11
80 14
39 12
1 70
2 59
52 42
25 8
18 92
31 82
2 72
51 64
89 13
72 88
87 39
93 75
20 20
0 78
46 98
31 59
32 53
51 89
4 4
92 99
24 92
93 90
76 72
19 71
78 65
13 24
36 53
74 22
3 92
9 49
66 83
0 49
99 9
2 31
79 9
33 56
11 64
66 75
46 57
57 27
32 16
84 72
48 25
58 52
87 64
92 1
28 25
99 81
83 89
74 82
23 8
0 83
68 3
80 0
33 9
18 76
26 44
67 68
48 24
19 63
6 93
21 7
86 74
58 32
89 90
26 75
96 12
42 18
42 32
27 30
3 20
25 44
94 24
2 98
54 4
11 27
37 95
36 54
36 45
63 71
42 88
59 30
8 35
60 84
78 58
98 72
39 36
48 65
11 36
67 17
0 79
37 12
31 3
94 69
28 60
94 63
60 89
14 80
8 47
10 61
75 79
4 17
37 3
52 80
60 85
98 59
30 60
23 39
28 84
73 45
21 66
65 76
58 77
59 67
98 42
17 56
53 8
88 3
23 90
94 78
42 72
76 6
10 33
42 39
6 98
51 91
23 19
10 58
85 80
88 12
22 30
6 58
31 60
10 71
4 75
19 85
61 69
58 7
92 29
2 56
9 63
7 88
85 76
66 40
0 70
21 17
18 28
88 0
1 52
80 54
8 87
90 20
28 61
92 83
72 71
99 24
0 23
78 63
55 13
40 69
16 56
34 11
74 74
45 47
21 21
85 83
5 92
22 34
78 44
24 2
11 41
9 19
82 97
10 88
68 29
63 94
75 53
54 24
24 62
58 12
71 60
11 99
55 47
7 72
94 47
58 3
62 14
14 26
84 9
73 81
71 93
40 45
64 56
26 12
3 49
10 68
63 16
15 10
7 17
9 12
78 46
93 84
5 23
57 31
40 41
9 29
69 57
89 64
76 85
58 25
48 77
62 41
38 35
72 10
35 60
10 90
16 13
25 93
54 95
73 78
23 22
74 47
55 38
14 19
3 70
65 59
43 86
1 9
59 6
3 55
38 3
96 87
76 94
96 39
60 13
98 22
64 63
95 69
22 53
1 22
18 77
53 19
10 21
11 43
5 15
26 79
56 12
87 49
0 71
32 49
14 63
75 6
80 11
61 87
91 65
66 63
53 48
64 67
46 16
8 57
74 60
93 50
71 91
36 39
60 12
90 84
86 65
58 16
93 80
44 42
90 8
46 73
21 81
96 40
14 0
37 22
87 98
69 27
48 5
91 94
94 86
23 15
22 43
99 1
27 76
56 57
95 59
68 19
32 56
37 57
28 88
17 47
30 93
87 68
89 9
44 91
48 94
54 39
35 29
28 81
52 65
50 98
88 22
46 75
18 42
69 71
65 41
60 7
95 79
78 98
88 81
50 28
51 47
20 41
93 64
61 66
95 38
26 1
96 29
84 2
28 51
3 29
74 14
90 57
18 50
46 47
14 59
76 26
29 72
45 50
35 12
84 75
24 79
27 4
88 37
88 35
15 90
60 39
0 52
14 44
74 27
92 84
6 97
72 64
63 83
70 49
38 65
40 94
79 66
92 34
28 92
73 48
94 87
98 76
29 4
54 74
77 80
2 70
40 57
33 47
26 66
95 14
44 4
72 0
76 93
32 87
1 6
36 44
60 8
58 53
54 41
18 63
80 67
49 34
70 13
34 15
76 29
49 20
4 98
57 75
3 13
77 71
17 62
93 42
83 31
7 43
45 40
52 83
72 89
77 41
70 22
49 24
50 45
26 64
45 59
46 79
38 9
93 39
7 18
51 6
75 74
91 63
72 40
80 20
29 98
68 65
68 28
95 8
41 55
36 38
6 0
10 13
26 89
33 77
28 89
44 35
62 39
49 89
32 96
90 82
50 21
24 55
4 74
45 58
95 85
6 63
28 76
22 93
24 42
53 92
16 73
9 50
63 85
95 51
90 43
93 86
41 23
85 18
15 55
5 3
32 4
16 30
81 2
39 66
7 89
13 65
29 14
47 79
49 55
24 13
48 35
29 71
54 38
8 55
97 31
18 26
79 49
9 70
32 15
29 88
45 3
45 78
84 49
18 98
2 2
39 27
27 80
2 19
32 99
69 15
32 23
20 96
11 88
22 99
21 74
44 13
99 11
59 28
74 46
9 26
94 1
37 94
81 31
25 23
11 18
81 94
44 84
2 51
78 50
3 1
0 43
11 92
63 7
13 98
80 96
88 23
53 45
83 38
45 51
48 12
17 84
69 96
48 32
12 84
25 18
13 19
18 16
75 3
31 8
31 9
86 32
16 32
57 53
41 88
48 29
75 31
5 42
45 85
25 68
10 53
66 36
70 16
12 81
59 84
80 44
54 68
34 90
22 73
55 83
16 87
19 55
18 73
45 19
36 93
6 65
79 65
28 29
95 76
79 31
68 82
25 27
1 17
7 81
38 83
1 58
63 15
18 79
58 80
55 69
4 49
78 16
80 4
36 85
99 45
97 5
81 6
70 1
2 20
14 71
32 95
50 8
94 49
16 28
43 80
59 64
93 85
0 80
23 10
86 64
45 64
35 55
9 78
85 86
96 93
33 91
12 99
86 59
49 70
77 43
44 67
72 57
70 19
42 87
45 37
13 70
76 16
91 93
70 84
50 99
21 63
64 9
16 17
33 12
75 4
17 86
59 19
3 36
43 24
25 25
98 49
60 15
4 7
36 96
35 49
70 99
32 19
21 13
28 32
8 59
69 84
11 9
65 66
26 69
44 39
11 19
73 38
43 29
37 14
25 84
81 46
10 79
53 91
5 49
52 73
38 87
92 58
11 23
77 65
59 91
22 29
65 56
28 68
72 28
38 53
85 1
99 51
74 92
27 51
46 46
71 85
8 24
28 71
95 71
85 60
95 3
36 13
41 77
2 52
87 19
15 92
29 94
58 40
53 72
14 73
80 3
12 5
77 40
9 77
64 3
13 43
69 63
52 77
42 78
96 75
97 85
36 5
97 91
99 6
51 90
88 31
39 46
46 85
14 40
89 75
54 77
13 53
24 44
19 8
60 79
6 29
28 66
39 39
55 20
27 99
14 65
81 92
64 95
29 92
49 58
37 43
64 50
57 4
91 86
67 43
37 36
1 84
86 53
37 10
8 8
88 55
23 99
23 45
61 53
12 36
76 51
19 37
55 29
57 69
40 64
44 98
43 51
24 29
5 65
77 1
18 10
81 43
5 70
19 98
76 17
81 8
52 38
74 58
97 35
93 24
63 20
80 7
32 67
60 72
55 85
52 63
12 35
85 5
43 38
56 85
67 97
85 72
37 74
44 60
51 69
97 47
48 93
62 69
31 96
70 66
89 31
90 39
16 43
24 46
76 46
11 85
76 48
95 26
35 96
43 6
23 42
74 8
23 95
44 16
65 99
1 26
61 25
7 68
31 54
95 64
28 45
50 69
41 60
37 68
52 16
73 94
92 8
51 3
13 18
95 50
15 23
39 65
97 44
24 1
11 84
48 53
70 86
57 45
79 36
63 27
96 34
15 8
68 79
83 78
14 6
61 10
9 8
9 34
95 44
8 72
79 29
72 82
42 64
1 5
7 36
54 15
39 68
22 58
54 27
42 73
51 16
8 27
15 82
36 99
33 89
70 73
98 71
23 71
14 57
71 39
3 28
13 57
24 70
63 61
70 36
1 29
99 47
15 60
34 22
65 11
47 51
18 93
14 93
44 48
44 6
23 86
92 20
66 55
4 92
25 76
4 41
70 55
62 29
62 21
35 56
44 44
38 93
13 59
7 99
81 56
77 11
13 71
33 78
14 86
83 18
58 39
68 6
72 73
1 48
28 38
70 41
82 72
55 49
43 55
19 97
24 0
34 1
14 43
90 54
69 65
16 79
66 64
74 52
93 56
1 20
66 97
38 48
70 85
64 34
84 57
95 6
52 79
21 14
40 3
89 30
8 53
95 77
61 64
59 97
54 67
33 2
66 95
60 93
64 49
91 99
34 97
63 29
35 6
21 78
35 0
6 28
30 89
57 29
6 96
10 37
33 26
58 23
62 11
67 49
41 18
7 3
46 82
58 18
65 0
69 58
0 45
19 38
72 31
95 52
77 67
59 66
7 56
71 1
30 0
38 82
35 35
87 93
95 58
61 32
77 87
95 10
38 90
3 52
35 81
30 2
80 39
32 51
32 59
68 49
89 14
19 0
91 59
4 12
37 11
3 17
89 73
1 99
83 96
92 16
33 70
37 26
1 31
39 67
50 15
1 57
55 50
96 62
22 68
21 0
75 76
1 85
54 29
23 67
22 54
26 50
9 23
32 98
56 72
26 71
17 26
84 73
65 75
67 86
73 84
43 10
61 11
16 54
68 63
57 62
14 29
24 82
8 92
64 99
44 85
2 30
50 74
28 36
34 23
25 79
53 81
68 14
57 72
79 68
90 0
61 81
84 59
37 38
87 37
15 65
90 34
54 6
47 38
17 96
47 53
13 0
41 33
83 74
97 49
55 42
23 75
83 36
34 42
45 10
31 10
93 43
78 56
97 99
32 57
53 59
52 18
89 92
38 74
13 36
91 49
4 70
49 53
38 4
96 10
59 1
20 64
69 7
19 10
82 49
13 32
89 97
1 90
4 44
86 90
84 35
87 29
51 18
21 27
19 12
20 54
63 84
28 35
35 84
66 87
16 86
7 24
87 27
34 71
4 39
96 6
32 48
65 81
17 52
26 56
95 23
25 20
23 20
44 17
44 93
53 22
25 54
30 52
27 9
6 12
99 27
53 34
15 93
98 63
1 11
29 63
93 67
51 46
59 54
90 47
0 9
82 52
34 93
78 20
8 89
26 61
64 71
8 71
35 40
20 9
65 94
11 33
76 97
76 9
74 11
2 7
68 88
99 46
93 10
73 47
2 9
2 82
31 26
70 44
13 3
48 81
86 92
25 36
33 83
91 55
46 95
14 31
20 99
47 27
25 6
71 46
52 5
38 16
41 39
24 66
38 27
6 19
48 67
55 45
31 90
22 33
48 8
58 36
31 21
16 35
3 42
56 26
79 86
17 76
84 74
67 11
90 31
29 77
32 86
60 69
44 70
69 12
20 67
17 16
54 51
50 22
29 93
52 19
8 74
53 20
26 49
76 74
61 49
75 57
31 37
57 54
65 9
76 61
68 1
30 57
42 52
2 33
51 26
51 82
11 56
94 76
66 66
10 10
39 98
39 71
75 26
23 66
64 39
6 81
21 31
36 70
58 55
32 35
94 57
60 80
71 71
68 97
22 48
45 55
8 80
33 36
25 31
43 15
91 29
38 86
60 45
43 42
84 56
46 38
37 17
90 98
55 26
65 93
28 65
88 85
26 91
58 31
80 87
81 73
27 83
94 37
78 94
21 83
47 16
93 59
2 50
36 78
19 50
15 52
34 45
21 3
77 21
93 41
69 94
72 52
18 55
43 96
71 42
42 9
72 39
48 61
46 27
68 27
11 96
96 69
19 48
81 60
93 96
76 27
49 52
19 24
0 50
60 48
90 23
83 51
13 40
63 4
49 50
23 58
52 44
98 13
17 17
91 67
53 68
81 17
68 58
37 44
45 2
3 72
88 34
84 91
98 17
11 60
74 28
32 70
41 12
0 53
64 20
58 49
26 24
7 1
75 47
20 89
31 89
52 96
15 97
19 21
16 21
73 9
35 39
11 14
71 99
13 16
77 82
9 37
7 7
61 29
57 23
1 47
88 42
90 64
40 52
50 33
66 48
21 69
70 52
61 0
5 40
2 22
93 23
21 39
82 6
11 83
97 65
16 69
37 64
2 91
44 15
53 40
67 41
84 1
4 84
2 25
8 63
64 2
77 93
67 30
3 6
56 9
25 99
11 1
0 38
65 62
92 86
13 22
13 42
75 1
53 53
45 79
71 16
96 66
77 48
16 70
27 44
30 30
49 77
58 95
10 29
78 26
68 47
37 59
55 2
84 81
16 59
74 35
63 9
26 70
29 9
19 9
34 66
84 27
90 99
94 85
38 15
45 13
72 46
76 38
84 93
36 35
93 27
6 52
35 79
37 15
25 22
56 70
25 13
60 41
91 66
5 83
68 96
18 67
75 18
52 90
56 58
52 7
88 83
21 97
41 82
27 50
52 11
54 3
23 11
61 30
26 98
9 64
17 42
67 92
83 27
66 32
52 71
27 23
57 32
62 3
61 62
31 38
76 54
64 26
57 82
8 88
67 69
44 51
65 98
17 74
58 28
44 20
54 69
77 56
55 15
19 45
66 78
20 1
36 43
76 83
2 48
11 55
77 60
23 73
41 25
51 33
0 12
84 60
5 85
31 79
77 72
16 50
18 24
42 67
29 20
23 60
24 85
41 1
13 80
10 24
47 88
43 57
65 58
53 65
1 12
23 61
70 15
62 17
80 71
50 93
86 81
60 56
61 97
83 85
60 77
18 71
29 23
68 72
29 95
24 83
23 96
8 58
20 18
99 52
58 68
43 54
82 59
85 95
93 8
9 90
62 60
31 63
64 82
60 1
64 21
39 16
51 17
92 17
78 21
85 66
93 87
6 50
48 88
63 53
54 53
93 76
83 13
38 75
14 8
76 39
42 33
60 66
27 3
43 41
9 67
29 42
26 17
78 68
9 76
33 51
93 20
83 21
35 30
9 7
76 18
88 28
7 64
42 28
77 85
54 60
94 11
3 74
39 21
89 72
39 18
67 83
74 86
34 69
85 43
59 93
50 43
45 80
7 85
86 86
79 37
38 63
75 32
11 98
73 11
97 88
2 35
21 90
76 50
92 52
39 13
99 5
7 78
45 94
40 95
37 41
76 71
65 32
56 10
56 47
88 47
17 24
3 81
45 96
1 87
45 11
7 28
15 76
21 53
56 34
56 52
0 13
28 86
1 89
99 41
35 9
16 11
13 94
58 99
35 19
34 36
2 61
43 75
71 68
32 85
35 62
27 82
42 29
96 68
73 88
7 45
72 19
71 22
12 66
2 37
55 22
0 19
40 81
64 62
4 51
22 21
60 63
2 18
77 84
81 87
28 70
92 5
85 50
41 15
60 54
41 74
25 58
20 86
50 62
8 98
89 5
81 51
74 3
35 38
75 52
25 50
98 95
5 71
31 7
40 51
8 76
71 54
83 47
36 72
14 60
37 91
84 67
41 89
27 14
70 83
42 98
50 56
59 83
70 88
57 5
45 61
11 93
89 70
38 30
77 42
51 59
94 50
54 52
46 61
67 51
27 90
90 14
57 83
40 91
15 83
96 65
56 65
53 38
2 81
73 21
44 83
3 23
65 7
59 51
42 20
90 67
36 41
85 30
38 50
17 9
94 53
20 65
19 65
55 35
7 51
95 7
57 87
53 33
61 21
53 97
68 30
95 36
56 76
61 63
46 0
45 24
20 29
42 22
17 92
50 52
20 24
56 98
3 64
0 85
85 27
89 95
27 96
89 43
37 9
51 9
43 28
87 35
89 88
2 71
17 12
64 57
56 71
18 8
19 86
66 85
49 47
32 80
2 65
35 75
49 62
30 37
66 37
7 55
87 53
81 0
36 7
89 39
95 97
45 97
7 61
85 96
65 90
65 3
2 67
18 75
91 46
13 96
26 59
68 23
71 33
23 63
7 31
70 4
29 49
48 22
21 82
34 13
38 25
86 83
91 6
49 90
41 38
1 50
56 8
14 36
25 96
44 25
38 24
60 20
79 73
81 86
65 2
37 90
66 96
94 8
45 68
18 68
77 9
90 73
9 35
97 78
5 46
32 11
64 5
53 58
66 60
62 40
11 34
84 21
42 21
98 20
0 28
34 6
5 24
83 0
80 83
38 78
35 34
14 18
30 45
26 93
35 69
92 69
12 3
38 13
24 21
47 19
57 41
80 25
56 39
7 76
84 29
46 55
79 0
47 59
88 43
94 64
93 21
85 65
32 0
62 5
51 42
24 99
80 5
16 26
11 82
77 18
92 2
57 28
34 29
29 79
35 48
80 62
11 35
48 76
48 64
42 41
21 10
63 35
33 11
19 27
11 15
6 25
18 82
54 33
0 94
60 0
43 49
23 72
40 16
63 33
21 62
89 25
33 5
19 93
58 71
67 33
92 74
19 74
31 84
71 19
10 91
72 90
66 5
37 92
35 66
45 98
14 39
6 85
65 72
90 88
53 50
57 48
90 59
99 7
79 52
8 82
27 7
52 53
91 53
39 60
83 64
36 97
59 81
32 84
88 39
76 76
98 39
73 60
21 79
45 62
15 99
99 14
73 83
32 41
37 84
75 75
39 44
70 92
21 22
2 17
29 62
79 72
67 63
59 34
73 36
93 57
16 89
39 22
94 41
83 66
9 79
7 6
79 15
69 76
30 62
20 48
67 32
72 97
41 50
53 31
44 69
23 17
56 23
67 27
77 34
56 81
57 85
24 28
16 58
59 26
76 77
89 37
24 54
77 49
57 47
32 12
49 95
95 53
80 19
85 26
36 29
28 94
27 41
84 55
89 7
9 95
19 42
77 2
43 88
70 5
86 22
34 50
97 74
97 46
42 97
20 58
95 20
39 70
27 87
18 81
12 55
78 72
31 88
28 59
15 84
87 66
28 97
87 54
41 5
98 94
27 60
88 9
7 50
43 50
66 10
18 37
6 7
57 8
12 71
71 55
6 40
74 90
77 27
38 55
7 83
7 46
25 3
42 76
11 90
58 84
56 74
96 43
93 7
45 52
83 58
43 76
37 13
48 6
49 71
23 25
50 55
27 56
41 0
58 45
8 79
74 50
66 65
30 77
16 80
89 17
41 64
89 47
53 86
70 40
61 54
82 84
19 52
67 58
46 23
15 32
98 11
63 36
8 54
71 35
65 24
80 9
72 5
59 82
82 16
13 8
86 89
75 9
62 93
66 38
78 95
89 89
37 73
24 91
13 78
33 62
75 17
15 68
54 20
34 78
91 21
75 66
43 14
44 11
18 58
95 43
99 77
43 94
47 33
78 57
59 77
17 38
87 71
50 31
82 24
95 89
47 11
8 9
64 30
84 82
30 83
27 97
88 44
89 59
16 38
93 55
25 85
34 88
82 93
72 63
68 60
26 65
65 37
91 69
52 14
59 76
37 31
62 27
71 20
14 21
4 5
34 61
99 12
47 86
80 43
59 13
95 49
41 58
5 36
29 66
91 30
73 58
82 76
48 95
88 4
67 85
35 22
58 98
36 71
12 12
62 75
19 75
34 80
3 10
85 90
70 82
87 42
17 89
24 43
64 11
66 61
74 53
96 32
4 69
48 30
33 65
45 36
15 30
64 85
85 10
81 32
95 17
88 56
71 41
17 20
52 25
86 39
69 0
0 31
10 50
62 94
9 21
52 13
60 22
14 77
69 91
72 9
30 99
51 19
28 95
96 3
96 42
92 39
58 50
91 23
33 21
28 8
28 58
92 66
96 90
18 22
25 86
22 38
44 58
40 20
31 17
35 44
85 75
14 72
11 26
71 2
19 95
92 65
87 50
86 75
66 17
69 29
94 46
59 9
57 65
40 72
6 1
72 20
24 20
73 73
96 30
30 74
84 17
83 82
80 48
48 11
33 79
41 62
38 94
70 56
70 50
94 96
62 26
43 35
66 39
41 20
15 79
64 86
30 32
92 93
58 87
11 29
34 31
40 32
98 48
40 29
60 81
76 64
78 62
81 53
40 75
1 88
41 41
34 75
58 14
81 45
95 72
96 27
13 55
27 84
66 4
98 10
10 84
97 92
57 22
62 78
99 65
7 5
62 4
65 30
16 18
74 64
67 70
85 84
85 97
22 23
79 99
61 12
32 29
9 57
40 97
35 23
51 60
47 94
80 36
44 24
59 89
37 39
94 27
40 25
5 38
46 70
26 7
43 70
8 64
10 67
70 2
90 48
78 74
55 95
26 96
55 64
73 98
83 25
68 46
16 67
77 98
54 0
11 52
23 16
4 25
30 40
81 67
82 8
25 2
62 57
91 2
13 61
34 85
87 58
67 66
80 34
12 6
52 57
16 83
26 30
0 95
92 23
10 94
91 36
16 1
97 68
40 79
38 56
90 79
47 2
96 72
32 21
19 81
87 56
68 36
0 67
79 88
84 43
72 77
35 27
1 44
29 27
1 93
82 73
60 17
76 7
46 20
85 9
13 29
21 50
3 48
31 57
10 93
69 64
8 13
42 55
54 21
0 88
2 14
51 85
38 99
99 60
83 7
73 57
56 35
56 4
21 94
74 16
16 91
50 18
95 35
12 29
1 68
24 81
38 67
13 26
61 40
21 46
82 18
47 35
77 92
43 3
59 60
3 37
89 33
17 79
12 90
97 29
20 81
41 10
84 78
95 86
15 72
27 49
7 27
25 95
60 64
63 19
3 43
52 10
63 89
62 46
81 25
8 66
93 93
94 79
81 84
39 52
66 31
82 43
75 56
69 55
89 96
54 91
21 72
0 21
82 26
20 17
17 98
95 40
27 29
69 28
61 23
21 89
82 5
54 1
31 33
40 50
0 99
51 83
5 8
10 60
24 26
77 97
24 89
36 63
94 43
82 75
72 53
62 33
35 58
18 59
49 93
68 59
33 23
60 24
40 44
1 91
71 7
45 26
95 81
41 49
93 79
45 90
50 27
47 99
95 29
39 37
4 94
22 47
19 11
56 17
5 26
7 73
68 42
32 75
31 43
32 90
47 82
61 88
25 7
85 47
16 74
4 48
21 55
1 21
77 59
90 33
62 8
79 10
14 98
5 77
77 13
52 40
55 73
57 60
95 70
52 28
92 97
92 67
8 14
81 54
18 78
75 80
72 69
44 80
82 13
97 59
69 40
21 99
44 43
62 98
9 74
85 14
70 90
34 27
20 88
40 56
23 6
17 40
86 27
95 93
91 34
12 75
86 73
16 45
61 67
1 63
12 76
2 10
6 75
56 82
68 7
70 94
81 65
24 88
95 21
34 40
55 0
25 73
46 12
34 25
19 14
5 63
78 48
28 77
47 85
24 19
70 87
89 87
2 80
66 92
50 82
21 84
7 59
12 77
73 23
23 56
2 75
39 78
82 35
24 7
18 41
56 83
96 25
3 98
12 33
18 84
95 30
94 83
70 81
59 72
65 6
71 87
24 48
29 85
19 76
91 43
29 6
1 19
13 49
17 22
62 9
53 16
51 86
55 51
85 99
86 60
61 90
4 80
42 93
2 93
31 91
60 21
15 56
82 69
0 4
82 51
82 89
67 95
59 85
24 61
68 34
12 60
62 10
93 26
0 1
55 97
72 35
91 38
83 46
72 81
20 53
32 5
48 39
28 21
25 30
45 93
59 40
15 33
92 79
79 51
93 72
54 36
67 96
92 11
13 93
6 87
44 28
69 38
76 11
18 57
13 81
62 31
12 48
89 52
4 43
34 77
88 72
12 97
54 70
52 2
25 65
5 73
96 94
78 35
2 68
45 23
43 18
74 83
62 52
94 14
84 25
63 99
45 66
30 81
36 84
28 91
4 83
50 71
99 55
90 29
76 4
6 27
78 1
49 27
93 98
0 5
83 56
35 5
46 66
58 42
55 27
37 1
27 34
15 49
9 52
12 93
9 66
80 61
74 70
7 23
35 76
72 83
42 82
18 30
46 18
93 69
7 90
85 91
4 87
49 46
90 3
26 6
51 49
11 66
31 78
52 59
31 31
77 8
16 72
98 12
56 48
53 57
28 44
46 42
79 21
53 42
31 86
87 22
93 54
36 79
53 94
41 90
83 87
79 77
37 56
81 16
80 26
52 84
53 76
45 20
99 29
52 0
74 24
23 44
76 55
91 62
57 24
14 4
93 74
71 32
46 58
62 64
50 29
60 9
31 66
60 75
39 30
23 81
63 80
88 62
0 14
21 48
64 22
43 5
9 2
23 47
93 92
48 71
31 95
27 78
9 86
25 67
76 63
75 90
47 26
46 56
72 76
25 87
92 40
86 84
2 16
31 15
96 59
55 92
81 81
12 20
71 29
38 40
23 46
71 8
77 94
82 38
81 28
7 2
46 36
36 83
97 84
38 77
38 79
41 70
55 52
17 11
51 81
22 92
41 24
98 51
28 18
44 23
96 4
84 68
84 19
95 74
88 61
48 3
92 36
26 29
32 47
47 40
46 41
63 3
80 31
84 11
85 33
57 20
41 37
55 46
61 20
94 32
39 55
66 19
67 9
47 66
79 34
13 58
1 24
28 22
57 11
12 88
55 76
15 66
3 58
85 89
73 65
84 26
11 50
10 62
48 27
83 12
80 33
15 69
9 41
0 7
68 44
25 59
5 11
47 25
1 69
48 80
5 94
44 88
22 45
86 66
6 91
24 57
15 21
85 63
90 45
65 39
57 7
21 80
7 34
11 94
92 35
22 77
99 10
22 18
74 42
97 86
56 11
4 63
77 47
61 77
4 30
80 23
58 26
31 30
29 45
0 39
36 21
57 70
36 42
89 40
53 43
65 10
3 4
75 23
93 5
1 34
26 20
80 84
12 47
55 99
43 92
33 68
3 45
3 79
99 90
19 60
8 28
27 88
92 41
55 12
27 6
84 79
37 42
55 19
25 71
70 62
98 0
69 19
25 57
24 60
92 18
70 67
75 11
74 26
76 56
34 8
57 99
2 87
89 74
83 62
59 21
59 95
96 48
71 82
68 21
72 27
35 37
84 13
6 42
88 15
14 33
79 42
46 28
0 57
68 85
2 43
30 29
9 3
76 28
82 98
22 79
24 45
15 88
62 83
0 77
59 78
98 7
97 56
5 72
41 95
74 49
28 6
86 1
92 75
67 16
95 94
78 43
78 13
32 66
31 80
24 37
65 91
92 71
68 25
71 36
89 55
12 98
14 51
39 5
94 72
0 41
87 24
37 63
95 80
64 97
61 50
25 70
73 26
41 63
41 36
5 52
98 26
37 76
75 54
46 92
18 74
23 49
80 89
6 22
39 92
23 2
47 96
98 75
24 50
1 61
95 48
57 92
24 75
6 57
58 24
46 83
67 88
97 61
14 50
76 95
3 35
10 82
43 52
90 50
67 78
47 3
56 54
70 70
92 10
13 1
26 13
27 38
85 87
75 27
94 71
21 57
62 65
22 57
78 84
76 15
4 61
93 82
95 87
33 20
62 79
1 38
67 81
29 41
36 46
22 31
47 41
40 89
39 24
30 6
82 7
12 13
31 14
58 11
26 87
71 83
89 61
99 35
33 43
16 93
67 57
16 7
49 59
41 35
92 37
39 85
49 37
81 70
82 91
65 16
69 72
7 54
71 23
78 34
9 5
22 94
90 52
56 0
13 77
40 76
78 92
39 35
63 65
54 61
91 71
41 44
14 7
68 24
90 25
16 4
58 29
68 87
83 53
62 71
29 89
9 47
5 66
30 55
59 61
53 3
62 45
10 87
52 43
66 57
37 18
29 82
18 39
47 49
98 89
54 99
89 11
31 18
10 86
9 60
52 99
78 32
73 0
35 63
94 74
29 10
39 32
77 63
1 25
35 85
6 38
78 54
15 95
73 54
56 94
65 47
54 26
7 32
86 40
34 37
77 25
84 90
29 81
96 15
54 40
78 55
40 78
10 38
49 86
38 69
74 48
24 90
15 9
68 5
62 43
52 33
15 54
64 70
5 31
50 46
92 26
40 88
15 58
1 45
44 61
20 92
8 20
40 31
22 66
34 34
8 52
22 69
23 54
82 10
64 0
18 29
33 1
63 64
30 91
23 62
80 68
16 16
2 94
49 35
98 24
35 14
78 7
96 53
76 8
2 39
53 56
54 44
82 28
64 73
99 58
25 46
8 3
21 44
3 68
30 48
42 35
32 24
80 27
18 19
20 79
33 33
57 71
86 29
6 21
55 25
30 66
19 64
20 6
36 24
59 71
0 90
75 12
9 45
48 40
33 59
79 22
4 95
98 80
25 55
11 62
27 91
7 10
41 97
90 19
84 15
6 33
92 73
91 25
37 49
50 67
37 99
29 51
29 3
44 76
42 56
10 52
19 61
16 90
38 14
25 88
6 11
2 76
5 27
98 52
88 54
79 11
82 85
27 27
22 95
62 36
66 69
12 23
14 89
7 65
95 99
14 3
40 37
58 65
37 60
75 7
82 12
86 68
49 5
83 83
84 85
25 61
3 97
42 5
39 90
78 2
81 3
95 67
38 6
19 73
7 35
37 46
44 40
94 54
66 98
62 54
98 93
20 63
75 68
22 1
89 36
11 4
99 74
13 44
14 42
16 47
30 92
15 41
69 42
99 75
63 47
12 37
7 58
51 65
68 32
90 71
74 40
63 5
29 5
94 70
56 56
43 97
51 25
43 91
55 89
19 7
66 2
82 34
85 15
93 12
69 93
32 42
5 87
68 18
11 81
69 33
96 21
53 61
57 37
15 6
56 13
97 22
36 61
83 63
96 96
54 5
5 17
32 64
68 17
63 67
22 35
62 99
18 9
56 38
96 41
42 60
45 30
45 15
31 56
26 97
30 43
10 20
23 78
7 53
32 78
53 0
11 30
19 47
3 57
11 68
95 55
52 22
37 55
97 79
41 19
36 80
89 41
13 2
91 90
68 76
52 82
57 19
29 12
25 83
2 3
17 82
85 0
84 94
14 49
14 82
39 15
16 3
84 7
54 80
98 90
35 46
64 83
99 3
27 24
95 68
94 99
25 15
22 50
52 15
77 38
81 12
42 91
27 73
92 24
43 11
11 25
81 22
3 31
94 62
13 52
27 75
18 80
6 68
65 49
37 96
53 30
22 44
92 25
62 22
84 65
78 5
5 19
4 82
16 12
9 48
37 20
84 83
51 63
42 44
9 62
43 59
0 40
51 5
95 47
4 76
56 55
0 87
5 79
71 96
54 75
14 34
94 58
80 86
1 80
49 76
96 92
98 8
4 56
66 12
11 3
66 42
92 4
26 41
2 13
87 3
6 47
8 94
93 58
99 34
88 49
80 57
5 12
30 5
98 73
8 84
12 44
42 3
66 84
17 71
8 39
96 17
80 16
48 17
11 0
99 8
27 86
66 6
66 3
21 67
69 21
19 34
64 36
39 6
33 38
55 14
82 41
61 59
97 19
46 1
79 26
31 47
19 3
50 12
2 27
92 27
86 93
97 48
14 67
8 48
10 17
48 84
30 18
99 25
72 85
75 39
32 77
12 91
48 86
93 32
0 82
4 22
56 73
6 79
56 78
51 22
43 68
3 9
15 78
23 13
14 52
35 47
19 82
32 30
88 21
73 1
60 74
16 53
93 70
88 46
64 8
84 18
20 0
45 87
49 45
83 19
21 73
90 4
67 60
82 48
90 58
83 65
67 45
26 90
53 89
32 58
80 66
95 57
20 75
21 25
68 90
49 78
84 6
65 27
70 29
69 95
68 39
46 31
60 67
81 89
89 38
42 90
55 11
69 92
44 72
83 34
25 47
95 66
29 52
61 1
59 16
84 41
49 60
57 55
48 23
98 46
21 36
27 39
52 70
74 66
14 83
94 90
32 36
28 14
50 76
49 16
46 37
58 8
0 8
80 21
44 34
98 58
7 82
23 40
53 66
22 37
86 20
61 2
45 43
70 35
41 91
12 61
51 55
38 85
17 54
5 59
95 96
4 19
96 8
29 54
0 86
80 37
6 69
15 96
77 83
50 77
69 62
5 20
23 18
87 76
83 14
81 61
82 46
69 14
28 12
29 68
1 96
63 11
74 6
18 38
59 46
14 97
18 14
35 83
11 65
36 49
2 60
67 26
74 43
8 70
20 69
14 99
82 27
68 4
15 18
14 96
60 73
3 88
18 53
39 0
87 61
81 26
77 91
69 45
56 93
81 59
81 64
42 25
72 4
77 10
86 19
47 62
7 95
68 51
66 52
7 84
89 49
57 79
34 28
97 15
37 48
74 65
61 31
8 78
43 69
32 54
3 61
58 89
38 91
88 68
36 32
94 95
58 81
58 43
74 63
2 86
30 26
99 36
39 88
85 41
90 17
31 93
60 97
26 73
96 85
99 43
19 58
30 28
31 11
92 80
99 19
42 69
13 86
74 45
44 99
38 44
25 91
49 0
63 57
35 77
5 98
75 20
54 96
2 69
84 23
41 47
45 22
68 52
16 77
71 6
50 87
35 15
73 87
31 72
79 54
89 22
14 24
16 75
33 61
0 58
43 73
30 78
3 91
35 71
12 10
94 97
56 63
88 24
42 30
51 99
8 26
56 20
86 72
26 23
77 7
32 1
76 36
79 92
23 93
11 47
53 13
97 24
9 1
64 59
8 83
83 92
29 31
90 49
82 45
6 59
55 16
57 18
62 67
19 78
21 91
43 37
41 34
75 43
73 66
36 40
46 24
63 52
61 36
95 42
76 89
22 0
82 42
92 21
17 83
39 17
94 19
75 5
5 9
93 77
31 76
68 9
21 64
46 25
43 81
3 19
66 7
86 61
98 83
88 69
22 91
4 37
93 1
35 70
2 8
80 24
22 26
88 48
4 32
73 91
35 98
9 17
42 31
40 33
93 15
49 28
28 48
96 99
36 90
1 59
87 88
57 21
43 72
47 34
69 49
75 15
37 7
35 78
0 25
47 30
55 30
39 62
89 10
24 23
21 26
99 99
30 13
27 59
41 61
73 64
15 5
24 80
83 39
40 70
61 46
77 95
53 41
86 91
3 0
8 61
97 8
14 68
58 70
42 46
84 45
8 21
25 17
91 91
3 80
65 51
31 83
60 71
85 55
62 66
1 13
25 92
69 24
41 76
86 63
22 70
0 74
53 47
51 87
95 18
96 64
57 40
35 73
90 85
40 49
37 40
14 61
13 73
74 19
65 38
58 2
53 78
49 74
64 81
40 77
4 20
55 86
20 16
19 66
34 99
13 6
73 39
83 2
33 54
73 12
2 44
39 83
3 76
6 30
9 89
25 66
30 72
50 11
86 69
96 37
51 40
52 81
66 18
32 81
9 27
86 85
51 62
77 19
39 41
87 81
27 46
0 65
40 21
37 8
37 2
98 55
53 17
35 74
27 8
27 18
80 95
20 34
50 1
58 37
51 11
19 49
88 25
52 74
91 37
20 2
77 31
26 35
78 78
9 36
18 52
89 85
52 97
63 97
0 11
41 65
52 55
35 67
81 74
26 25
82 90
7 96
97 69
59 62
48 60
50 97
32 71
94 10
59 59
42 84
47 50
88 60
27 36
64 76
29 59
85 38
72 43
48 55
85 48
79 17
56 36
60 3
76 31
54 25
85 92
17 53
71 79
16 68
27 95
84 80
64 29
90 69
29 30
44 66
53 2
68 62
61 13
67 5
2 66
21 51
78 79
97 34
58 9
79 23
19 4
88 5
29 16
33 6
90 22
15 48
23 35
73 40
26 86
10 97
36 23
62 77
87 77
59 31
10 72
16 22
29 7
33 29
66 8
56 61
20 55
84 5
67 80
12 1
84 14
58 34
54 47
42 7
86 71
68 48
48 4
64 40
92 81
70 89
5 45
44 62
13 4
72 8
75 45
84 71
72 91
83 6
71 14
78 97
46 17
2 53
38 59
13 72
4 0
91 58
38 54
73 52
96 28
15 7
28 16
41 80
25 43
12 69
5 4
4 62
33 7
91 50
49 84
96 61
36 10
11 73
13 76
93 14
21 52
80 85
6 83
48 20
26 14
78 70
14 32
67 74
61 70
46 34
37 51
36 52
20 71
20 25
60 19
97 30
47 70
26 43
56 7
57 64
29 56
44 47
72 56
6 72
89 98
52 88
14 45
41 94
85 49
96 14
37 53
28 62
20 37
96 60
43 43
69 52
36 81
26 18
44 79
28 74
38 23
71 30
5 96
85 73
27 15
55 78
85 93
1 10
96 76
15 1
46 22
78 9
51 4
7 21
25 52
83 30
56 53
62 37
14 55
87 16
19 56
63 55
82 22
17 61
82 83
88 90
79 81
45 4
47 14
27 28
69 37
98 70
30 46
76 24
75 58
46 44
67 79
10 6
48 72
12 83
65 5
69 43
43 58
42 24
78 61
37 54
25 75
21 12
72 98
34 24
71 4
55 10
29 17
79 84
19 79
99 87
33 57
86 14
99 76
63 10
74 89
60 68
36 69
22 82
60 57
86 13
98 85
55 8
25 37
22 14
34 98
92 94
67 50
43 66
62 55
7 48
20 78
40 42
86 99
55 90
59 35
83 3
44 1
16 31
79 83
74 9
13 27
77 6
27 1
41 45
77 50
38 11
54 49
68 13
7 71
61 55
2 11
34 55
15 47
74 34
92 77
4 71
22 55
35 95
99 32
7 79
35 72
60 35
18 90
17 65
74 79
26 60
64 10
47 75
49 19
35 59
81 29
92 31
14 95
90 36
74 95
76 41
42 40
19 40
79 13
25 62
8 93
9 0
36 91
49 7
11 8
99 17
46 94
65 57
67 1
4 90
80 93
4 10
20 98
67 65
21 77
15 46
68 54
9 40
38 73
72 48
30 90
41 81
77 26
88 99
17 93
64 28
46 51
30 58
7 87
75 62
49 82
95 24
55 98
99 80
42 12
30 39
18 17
87 85
18 35
51 27
1 46
37 78
87 15
25 72
62 80
88 38
9 9
81 37
34 67
56 91
85 31
84 84
30 97
7 38
50 23
0 48
87 74
51 15
55 6
88 27
78 88
6 54
35 64
23 4
83 45
25 38
47 54
39 75
40 85
54 76
20 12
45 53
45 1
36 1
91 1
9 97
30 22
32 17
85 74
63 21
34 83
3 53
68 50
91 61
51 24
32 61
46 65
97 6
42 74
86 80
66 59
0 98
33 67
47 76
81 66
34 20
64 23
61 14
19 83
8 22
55 41
78 76
7 8
0 63
88 19
66 74
50 90
43 39
98 6
66 13
53 54
35 97
98 99
41 17
17 66
87 21
13 68
48 19
88 36
45 84
45 74
78 39
40 65
74 94
83 29
42 83
16 34
60 43
80 64
8 60
62 13
59 10
17 87
40 36
40 83
51 67
39 11
89 58
41 96
71 57
80 47
28 17
72 41
82 14
84 99
10 32
15 85
93 63
45 95
57 51
74 61
11 21
23 51
10 40
24 24
29 97
13 99
69 97
21 30
88 7
12 53
88 77
68 35
3 71
78 25
22 76
73 97
29 28
34 43
70 48
61 61
22 97
97 27
44 52
51 96
50 91
51 92
12 79
93 81
39 1
83 60
5 7
82 68
92 89
38 5
39 3
49 41
69 68
92 82
94 80
80 97
83 70
48 57
55 59
36 48
9 25
75 41
90 60
15 67
38 60
23 82
89 24
31 4
97 43
32 62
73 77
71 58
13 14
26 94
93 38
43 98
21 29
24 65
22 9
36 88
72 93
76 2
26 84
52 56
24 69
62 12
61 57
3 93
81 52
69 67
8 0
4 72
42 81
87 44
91 52
12 72
75 36
86 87
85 25
48 13
52 12
87 11
33 90
94 30
97 93
4 14
28 31
33 50
35 92
94 93
91 44
66 24
14 30
69 53
49 43
92 48
56 25
35 31
97 3
21 58
37 83
38 46
54 93
52 64
17 94
53 36
97 16
46 33
88 87
93 91
64 88
75 25
88 84
26 21
3 54
68 77
76 84
45 46
28 47
75 94
95 1
22 64
46 10
32 22
51 41
82 53
58 82
46 60
39 59
80 52
27 74
57 58
18 15
66 11
96 23
78 45
32 37
55 7
7 93
88 94
75 78
6 8
87 82
58 10
94 81
66 88
40 48
63 34
20 51
97 62
93 35
23 27
7 70
24 58
90 41
29 18
88 8
86 18
93 51
33 44
76 78
70 57
8 86
87 36
56 46
12 0
63 23
81 44
8 67
81 98
76 52
3 15
89 15
67 28
73 76
81 80
43 40
29 83
5 56
25 12
45 67
30 14
72 94
31 36
97 25
92 51
8 2
12 7
39 54
92 28
46 11
53 15
96 81
13 7
60 6
25 5
72 49
89 21
75 87
70 25
17 37
2 42
64 47
69 89
19 94
22 10
7 69
13 41
82 62
74 44
30 1
30 65
43 74
72 14
83 11
53 93
22 27
88 17
59 65
74 38
44 97
78 64
44 22
93 0
20 72
4 54
58 93
25 64
65 31
85 46
93 13
8 96
24 95
40 90
68 40
35 1
20 7
89 94
21 61
3 89
46 97
73 68
2 92
69 9
74 72
44 41
91 72
71 9
30 94
61 82
77 55
50 65
12 22
65 14
14 87
30 76
49 88
67 23
29 0
48 37
19 1
93 99
96 95
95 98
69 54
52 45
4 97
33 88
80 70
96 70
86 98
52 26
49 67
73 96
40 11
23 41
7 0
90 55
14 13
9 14
25 56
22 11
15 45
78 40
3 86
69 5
0 34
69 11
72 36
69 86
41 78
40 15
8 73
6 86
2 46
48 0
96 50
36 37
13 12
27 16
67 31
2 15
49 40
12 85
82 20
59 92
85 69
97 23
45 99
13 48
56 68
41 40
79 12
34 19
19 89
80 6
49 10
84 97
4 3
34 3
62 85
57 15
21 6
87 96
83 75
58 17
7 9
93 3
57 73
45 21
85 11
33 45
77 86
23 28
59 63
40 8
25 82
99 13
10 26
6 10
41 56
12 40
88 70
26 28
19 62
43 83
30 47
49 39
86 62
79 71
17 18
88 63
61 28
8 34
66 51
83 52
56 27
36 68
34 21
13 13
96 88
66 28
65 46
23 84
82 80
66 90
42 63
48 78
86 44
65 78
74 56
62 16
65 36
95 95
85 22
9 99
7 66
63 91
85 29
80 46
53 10
47 90
16 24
37 34
39 10
68 74
82 33
24 39
84 61
84 48
21 70
27 35
48 36
66 0
11 38
87 0
81 30
78 89
64 91
58 56
19 59
79 67
50 24
57 39
27 25
99 61
13 9
62 51
6 44
49 48
6 9
77 44
94 59
10 3
26 40
75 37
70 7
49 3
38 17
6 53
15 87
46 88
63 78
24 76
82 77
80 77
31 49
6 99
66 16
7 40
73 69
78 80
65 86
32 6
25 77
51 70
39 93
86 79
83 50
25 45
2 74
58 47
85 28
31 22
88 29
3 75
99 57
78 22
23 1
15 44
42 66
71 34
33 76
91 92
39 26
34 92
20 94
47 80
41 30
42 34
97 57
2 77
73 10
99 28
9 30
27 71
64 55
11 53
5 69
16 94
21 59
83 67
45 86
82 47
31 41
22 12
57 46
1 72
7 14
76 40
53 26
6 4
75 55
86 21
25 74
93 6
24 27
50 94
90 74
9 28
85 62
17 63
67 12
45 69
84 64
57 61
31 28
7 77
17 29
67 56
50 72
44 82
82 87
8 75
27 31
51 72
28 56
47 71
79 78
55 39
87 18
96 54
12 82
58 83
70 30
11 57
8 29
43 4
1 1
59 29
97 95
29 61
5 68
94 91
40 12
80 55
84 0
11 42
75 93
8 5
81 38
14 85
21 98
0 54
2 12
5 88
42 86
75 2
16 81
25 51
24 53
83 94
64 48
86 7
59 37
73 33
5 14
77 58
15 64
1 14
15 71
98 53
37 29
79 97
83 1
63 37
51 76
6 13
32 55
4 93
54 79
49 68
80 76
29 57
9 31
56 1
35 80
25 34
48 63
49 38
77 3
55 70
57 76
31 74
31 70
77 88
8 40
99 20
86 76
18 72
31 12
57 93
86 16
47 9
56 22
19 99
55 81
49 32
34 86
39 89
4 8
12 9
73 44
41 54
47 63
15 43
37 4
54 94
5 82
75 0
97 76
46 6
73 53
48 33
17 45
58 91
62 1
15 94
64 17
51 80
11 75
56 96
91 40
3 21
40 86
11 37
60 65
74 0
81 20
88 41
7 15
34 76
21 1
69 61
94 38
58 0
48 9
4 86
13 83
13 90
43 65
60 83
33 25
48 21
86 24
39 45
93 53
93 36
69 8
43 1
83 59
19 19
30 34
52 47
9 39
88 96
87 94
74 1
72 21
85 39
53 82
9 75
20 31
74 91
14 5
59 2
50 50
52 4
5 18
89 56
15 89
54 55
47 78
52 58
61 52
28 83
67 55
91 87
70 71
97 72
79 76
46 21
66 82
67 40
83 97
13 28
77 46
56 80
98 60
70 8
4 38
37 89
70 98
5 75
8 50
39 51
30 98
33 48
16 49
11 63
90 13
19 80
93 11
77 45
41 73
59 55
22 46
21 47
33 86
78 11
79 19
24 84
97 18
94 45
47 81
4 11
23 69
78 12
98 37
96 74
63 41
17 27
98 56
51 23
22 56
38 34
51 34
78 83
76 49
42 2
95 16
19 29
12 4
40 7
13 88
69 31
56 92
31 0
1 74
2 78
16 20
59 47
67 90
29 50
69 32
29 47
51 21
54 98
60 62
91 57
47 60
91 80
89 66
26 77
21 8
56 40
56 99
47 4
26 57
71 5
74 75
9 71
70 54
79 2
99 66
15 15
36 64
75 83
34 53
55 36
47 23
26 74
28 96
79 27
77 74
33 49
32 8
39 40
74 18
84 42
70 32
66 89
49 8
93 61
85 53
49 33
64 44
48 18
99 94
42 95
72 95
69 77
46 93
83 69
29 15
21 2
95 60
18 12
47 7
52 1
9 38
88 67
20 97
89 16
43 67
1 18
54 16
79 16
12 2
71 73
87 46
94 7
0 0
63 48
50 32
77 0
45 76
15 11
7 86
8 18
30 82
64 1
43 21
32 83
59 20
88 89
35 4
77 14
27 45
71 31
87 38
79 5
32 94
49 4
80 40
94 6
36 2
55 17
98 31
73 80
49 30
89 0
27 55
68 66
16 8
4 47
27 43
21 43
57 52
22 3
78 10
12 50
70 80
73 79
6 43
97 77
33 72
42 37
29 19
73 24
52 85
19 5
28 54
27 62
73 46
51 78
14 38
25 98
86 15
10 64
32 63
55 87
47 77
66 33
79 24
33 27
58 19
5 51
38 8
60 90
3 69
34 7
1 0
71 51
85 81
54 19
84 44
2 45
71 78
81 96
76 65
9 96
29 32
10 59
73 2
76 21
28 40
60 33
3 63
18 3
56 29
86 77
27 22
46 80
71 86
23 64
60 11
3 16
79 6
94 13
11 95
0 35
30 7
74 36
73 82
90 40
47 6
79 40
28 87
94 5
14 90
77 23
76 75
81 13
42 75
22 78
17 95
23 36
15 74
69 44
80 60
6 17
59 4
69 73
72 86
95 92
99 44
20 45
59 99
5 48
89 53
81 90
12 67
10 75
7 49
22 89
34 70
57 86
96 26
16 62
52 68
14 81
22 42
49 94
93 19
73 61
45 33
40 60
96 24
39 34
58 20
28 64
88 16
70 65
32 72
6 23
39 80
32 34
1 15
73 6
49 11
7 57
44 45
98 38
76 92
9 85
72 99
25 80
44 38
49 96
83 48
31 73
30 15
6 95
37 81
61 60
24 49
70 59
29 67
11 54
87 32
95 75
99 23
60 60
46 29
61 98
37 75
99 37
19 39
50 44
10 25
39 82
10 55
49 98
43 71
5 29
10 4
98 62
18 47
85 51
91 89
6 34
79 47
73 59
15 51
6 48
93 2
21 65
90 46
86 52
10 49
97 14
46 72
85 70
7 91
47 8
2 49
45 41
73 74
64 32
50 89
1 35
26 33
31 34
89 32
64 77
63 50
75 51
40 47
84 53
8 68
32 33
16 36
88 18
89 54
83 40
79 50
26 76
24 96
90 2
55 55
90 32
85 52
3 62
22 96
50 84
82 92
38 19
97 28
61 5
21 24
67 39
37 19
91 48
67 36
27 37
40 63
64 78
47 46
9 83
97 66
79 91
75 33
99 93
61 43
90 90
24 31
59 17
40 66
58 72
59 0
33 16
48 56
42 77
65 68
51 58
17 97
20 5
11 72
86 36
65 64
4 64
86 3
17 2
77 89
1 8
66 62
37 82
46 84
0 60
49 83
91 45
9 80
34 46
39 77
58 54
32 60
31 62
60 70
10 31
67 42
24 34
91 14
37 58
34 33
81 39
45 25
48 83
99 86
79 95
76 22
29 65
25 48
43 62
15 59
31 85
89 44
97 53
72 66
66 34
48 31
59 11
79 69
30 84
31 13
88 53
88 80
48 99
85 19
28 73
59 3
34 94
30 70
4 26
39 28
62 44
55 43
65 80
95 78
23 31
91 73
22 84
78 0
71 84
13 38
64 66
67 91
84 40
88 14
97 96
97 97
20 21
82 64
78 36
19 17
26 83
10 8
47 44
6 14
63 54
77 90
45 82
88 98
54 62
85 58
22 4
62 90
17 28
82 2
64 16
63 56
11 2
73 32
35 90
23 26
66 71
7 44
87 6
46 81
23 5
75 84
73 14
22 15
48 54
80 56
9 33
34 79
4 1
9 6
19 20
44 75
61 86
96 84
51 73
49 49
53 87
74 10
11 58
27 33
53 99
94 52
1 27
39 19
35 26
54 30
84 52
9 73
12 52
85 42
34 5
93 89
17 81
70 75
91 54
87 25
16 33
73 41
93 97
37 21
15 70
73 22
33 17
62 88
81 97
62 74
71 94
70 28
28 15
89 77
66 22
14 15
76 86
72 24
48 10
73 56
72 7
59 24
84 16
47 67
2 36
71 59
25 97
37 23
63 0
10 12
43 90
0 56
52 98
85 16
6 37
90 78
87 45
33 42
37 5
5 53
80 18
49 6
35 57
24 16
55 94
92 50
38 28
17 41
17 50
81 75
40 6
53 39
0 64
12 41
36 19
8 33
4 35
86 96
39 43
91 28
81 27
79 74
83 72
98 91
83 20
9 56
26 45
42 89
26 42
17 25
0 18
40 61
67 64
10 74
89 81
69 88
76 96
76 44
99 71
60 59
26 2
23 30
72 54
41 16
92 61
48 42
67 93
54 32
7 12
76 80
77 37
13 33
85 24
34 60
64 79
62 19
73 15
65 35
32 46
14 47
82 17
79 61
62 49
16 41
92 92
53 11
72 75
65 12
41 72
99 40
96 33
20 44
20 32
63 60
67 47
35 16
38 97
34 84
85 57
24 47
61 44
24 14
20 66
92 76
37 93
83 55
97 1
35 43
22 2
44 77
51 50
67 77
13 62
86 4
45 63
56 69
49 25
78 4
48 79
65 87
76 99
50 38
96 56
50 37
27 92
69 87
28 78
0 46
80 73
49 69
26 36
96 91
24 59
31 24
84 32
24 22
16 98
56 87
3 7
81 50
83 28
63 49
62 6
36 56
78 31
48 2
47 10
88 6
33 96
10 15
46 99
99 18
95 37
49 97
47 36
16 76
55 91
94 21
57 6
98 79
34 63
44 49
60 31
61 80
4 29
22 52
14 10
83 17
82 88
67 76
56 64
72 62
52 52
52 49
15 57
26 15
42 61
4 66
6 3
61 76
63 44
98 65
26 9
98 64
73 93
58 38
92 19
29 86
73 27
49 26
97 54
37 33
40 27
97 89
9 18
50 47
97 87
13 74
87 48
42 19
69 51
88 13
36 26
0 27
33 19
81 7
76 57
99 21
46 69
77 81
93 44
74 77
34 87
22 67
75 44
42 23
30 41
34 62
42 8
62 62
51 53
70 72
55 68
50 2
17 69
22 28
18 54
34 26
58 74
89 91
62 59
49 31
63 28
44 57
16 0
19 77
66 80
47 31
29 22
69 26
89 45
98 88
14 37
0 16
90 80
18 45
52 27
45 60
48 41
95 22
54 2
17 31
39 84
13 17
57 38
27 81
21 96
29 26
95 90
78 28
13 84
96 11
11 5
91 3
45 34
92 14
33 97
98 54
17 8
6 35
23 65
33 35
24 36
57 97
93 95
47 57
58 66
51 10
65 89
11 87
83 76
48 48
49 91
10 16
14 9
90 92
35 93
74 96
63 63
76 73
0 32
29 25
28 90
70 61
60 86
73 62
27 72
55 58
18 27
0 6
71 50
45 57
45 75
53 49
61 3
99 73
97 38
34 68
28 41
66 81
54 63
13 25
71 76
50 39
56 51
61 89
15 40
17 64
79 96
80 35
43 82
21 18
81 95
29 84
60 88
77 15
91 4
55 72
7 47
9 15
22 75
18 20
6 73
37 71
67 62
99 68
33 15
50 73
49 80
1 49
3 85
0 66
4 36
86 78
75 38
3 41
84 47
55 31
31 44
96 78
78 51
65 54
96 0
12 65
45 54
34 56
22 17
54 14
33 34
87 62
44 46
46 53
75 67
85 7
37 24
48 47
55 79
73 18
17 10
58 48
0 84
42 59
19 15
43 31
74 7
50 68
62 38
77 36
97 40
58 59
50 20
80 69
99 88
87 73
85 17
47 61
40 24
98 32
31 16
98 67
65 48
1 28
35 28
65 63
73 19
58 75
27 12
79 48
45 5
26 8
32 31
59 80
86 48
93 18
58 78
96 67
78 82
79 32
35 25
8 56
7 33
12 96
84 92
37 70
3 95
70 10
27 63
28 52
50 92
28 5
55 4
35 7
93 29
11 51
61 74
95 84
36 94
85 67
36 22
70 27
70 69
54 82
59 58
44 89
19 88
19 25
28 50
80 38
62 58
91 18
80 65
89 12
59 68
64 42
61 34
43 61
22 71
34 44
78 47
11 32
36 15
19 46
3 14
89 20
70 95
70 24
93 40
71 88
87 63
59 5
3 47
58 64
20 62
86 6
57 91
20 38
62 95
32 44
21 87
18 69
65 29
96 5
13 92
85 8
2 88
99 54
86 46
94 88
27 54
44 14
96 44
1 94
29 75
61 9
73 7
87 59
82 57
2 40
10 76
14 58
35 61
73 72
3 65
36 20
48 68
36 0
66 30
89 6
72 26
69 78
22 5
90 94
61 78
77 28
60 58
92 49
50 4
65 28
94 55
44 8
62 24
25 81
50 35
73 99
42 57
67 15
63 30
35 18
87 47
68 80
74 76
59 52
18 40
30 11
17 48
15 38
16 10
12 78
29 60
2 34
2 99
74 67
32 69
66 68
60 91
84 63
52 66
10 47
54 84
53 27
70 11
67 67
46 32
91 19
34 16
3 5
47 95
99 84
94 22
65 97
31 50
47 48
5 76
6 77
85 13
57 94
12 87
95 41
72 65
61 83
71 24
7 94
17 70
81 24
27 40
10 92
0 42
42 11
5 86
27 98
94 94
8 85
98 81
46 45
30 33
44 9
20 82
94 66
85 34
92 54
22 20
5 47
54 71
14 16
57 2
20 22
88 10
53 51
98 29
53 24
72 29
8 6
29 40
71 52
31 23
99 85
52 87
96 9
81 55
34 41
6 88
60 37
87 99
20 90
97 83
97 26
94 34
65 17
33 69
55 23
96 45
60 30
67 59
76 45
59 38
90 51
64 89
3 50
63 95
14 70
19 26
24 10
92 30
29 48
56 6
64 38
90 42
83 81
55 67
4 50
51 39
81 76
47 58
56 75
17 88
46 68
17 0
88 76
41 27
82 19
32 38
82 25
61 68
46 87
17 73
35 24
99 59
12 25
38 31
86 47
74 31
39 96
84 31
34 73
26 31
68 92
30 63
99 49
64 18
56 28
65 40
9 98
52 34
27 13
33 37
74 80
91 5
51 52
67 99
65 65
77 79
63 87
65 13
98 61
7 11
71 44
10 11
22 25
38 2
69 35
70 60
49 75
8 99
81 88
84 98
86 51
80 80
51 13
45 7
31 71
55 37
87 4
75 13
90 10
51 68
75 50
26 26
40 14
71 62
6 56
15 98
44 68
56 45
83 54
94 68
44 73
61 96
21 16
87 65
40 54
82 81
54 7
23 94
43 64
21 37
59 50
69 85
42 43
91 83
65 45
77 30
5 16
90 75
37 88
47 39
89 18
80 91
26 34
98 45
40 4
83 68
64 68
19 68
60 46
38 1
67 54
29 38
28 24
29 87
25 29
74 71
93 65
48 97
81 34
94 16
53 79
85 40
13 79
20 23
97 9
74 62
60 55
47 28
67 18
22 62
83 90
97 52
57 95
13 31
27 53
66 15
65 60
47 20
55 57
71 40
62 92
58 61
63 13
82 1
86 82
45 39
34 49
43 56
92 22
28 11
34 2
28 82
90 18
34 12
79 94
9 61
29 96
22 98
63 69
2 54
77 4
24 78
81 5
67 94
12 59
80 12
99 97
56 50
6 24
11 69
54 46
57 10
95 2
70 97
34 96
22 22
57 49
92 47
90 56
65 67
83 15
43 89
14 66
63 2
23 0
28 37
14 11
93 17
73 37
13 51
7 52
79 55
41 28
4 57
72 32
36 51
70 3
59 69
18 49
35 33
58 88
86 41
95 32
22 86
83 71
89 68
26 78
78 99
47 84
9 43
2 64
97 60
26 4
10 95
78 33
78 91
25 14
41 86
98 36
75 34
71 80
9 10
37 0
84 58
18 13
79 80
95 33
79 28
94 26
29 36
61 4
77 76
5 55
61 51
90 37
59 70
2 23
20 73
0 3
79 56
81 19
90 96
68 45
45 72
94 35
92 42
86 23
18 87
19 2
73 4
91 42
69 69
6 60
6 78
61 71
55 21
66 43
58 51
12 24
58 79
71 56
25 4
53 64
37 28
47 5
91 64
86 56
15 37
76 68
98 28
72 84
37 85
42 42
95 73
3 22
5 1
59 14
51 51
92 87
10 39
20 70
61 18
12 16
32 28
19 72
28 26
67 87
50 9
89 60
46 35
30 85
72 92
75 88
53 73
42 4
10 99
34 14
49 42
4 33
15 63
62 63
91 77
98 9
60 53
27 66
45 88
73 8
2 26
42 94
67 35
72 78
15 80
59 53
85 59
28 2
38 58
52 94
50 63
50 83
4 28
90 26
35 36
58 73
88 26
33 41
74 97
65 73
93 83
89 67
6 80
37 35
63 12
90 11
76 32
18 46
61 84
87 70
18 44
10 28
34 65
34 32
91 24
5 21
94 75
18 1
89 50
31 6
20 91
90 5
9 54
67 46
56 2
77 64
40 34
68 8
55 9
23 38
79 79
51 12
34 17
62 53
13 95
61 93
69 79
29 55
89 79
17 57
17 51
47 92
10 63
92 90
85 44
71 53
72 45
75 89
46 54
38 84
93 71
8 4
9 53
65 83
45 18
48 59
59 15
34 52
41 14
62 86
12 62
4 52
14 53
91 15
94 18
87 14
95 5
1 4
92 96
59 32
46 63
16 42
40 87
26 3
99 96
38 72
97 41
44 27
92 6
6 26
12 74
41 8
68 0
49 85
84 88
86 58
33 82
46 2
41 22
94 40
10 77
98 96
9 55
20 3
69 39
57 33
91 51
13 23
9 32
97 82
57 42
12 64
68 68
18 83
77 77
20 56
26 80
57 66
52 17
44 36
2 55
14 69
36 66
1 71
55 61
86 35
98 5
88 93
49 44
21 41
4 96
34 64
28 33
5 43
13 34
11 74
50 14
93 48
65 15
41 92
53 62
52 37
71 18
89 48
48 74
12 89
76 59
21 93
60 98
49 57
90 38
70 42
50 16
59 56
6 15
40 82
57 16
57 89
40 5
44 2
63 38
28 20
3 66
11 78
12 31
81 11
89 1
9 59
69 66
95 25
87 79
86 9
85 77
28 49
35 53
30 95
78 42
66 25
31 5
5 33
3 46
83 80
74 54
73 89
37 27
25 16
18 31
36 17
39 25
90 30
5 13
73 43
70 9
49 81
99 72
35 91
44 33
31 98
75 86
72 11
26 63
33 85
68 98
1 95
84 8
27 48
81 69
6 90
21 68
1 65
49 99
16 6
17 33
39 53
81 63
59 49
6 82
29 29
93 25
40 0
81 36
57 35
4 60
58 76
23 97
58 62
99 22
48 34
34 72
2 63
87 91
31 48
93 9
91 70
40 35
56 16
63 82
33 31
61 33
59 22
20 10
16 60
31 61
3 84
72 22
44 94
87 41
76 12
12 39
91 88
81 48
85 68
55 3
64 13
49 54
36 82
85 54
17 67
79 82
65 26
82 11
14 17
11 10
8 44
97 10
70 46
2 41
82 94
69 34
11 13
0 22
39 81
72 2
29 24
84 86
77 29
75 77
36 30
36 76
66 86
4 79
19 23
87 20
45 83
49 61
59 36
54 92
40 19
94 84
8 97
89 84
64 94
31 19
55 74
16 64
10 41
38 89
13 15
10 56
44 64
95 88
4 31
27 17
99 33
35 32
36 60
64 74
96 63
84 22
78 38
63 25
86 54
24 64
60 44
70 74
46 4
45 14
63 14
16 82
8 37
4 77
63 26
17 60
76 88
41 98
79 33
76 90
90 1
23 70
21 49
44 95
12 32
75 24
62 15
76 43
32 97
2 85
53 35
8 15
62 87
8 62
93 30
97 51
88 57
99 89
26 22
58 6
45 9
87 52
46 15
30 3
42 70
15 20
22 36
19 53
41 51
75 16
5 44
95 45
35 20
92 32
20 60
15 14
33 92
60 40
3 59
49 65
53 21
92 15
49 13
92 56
38 98
61 39
4 59
63 81
69 4
24 33
17 3
20 8
98 82
91 32
88 11
79 63
51 56
99 79
58 46
92 70
32 9
2 58
54 37
86 37
75 96
64 51
89 3
54 85
36 89
62 47
44 53
34 82
50 57
1 51
85 21
90 95
77 96
45 92
57 56
67 6
78 41
41 3
11 44
40 96
54 58
47 29
74 99
56 21
29 99
18 99
80 99
69 47
15 50
83 91
51 43
54 18
10 98
31 68
33 60
86 55
30 68
10 5
33 24
13 39
93 22
18 7
64 84
33 93
79 18
50 17
39 91
68 95
44 50
30 59
4 13
32 52
20 4
74 85
97 80
62 76
99 98
63 96
82 4
70 93
82 61
5 37
64 15
93 4
16 9
28 63
71 64
12 19
70 45
24 25
40 23
97 36
98 69
88 64
80 78
17 68
87 12
0 93
57 90
80 58
88 91
99 78
76 60
99 16
60 78
57 34
58 92
83 33
60 18
60 26
6 64
51 75
17 46
21 56
69 99
80 45
49 22
36 86
50 95
52 46
87 30
68 11
83 73
69 18
43 19
99 42
72 37
31 51
25 90
89 51
51 30
10 80
92 63
90 7
26 51
17 32
71 61
24 87
87 67
72 50
68 10
93 45
52 91
60 27
72 51
1 64
23 24
53 90
38 71
57 30
59 87
82 71
64 80
27 68
12 11
92 46
13 64
31 25
57 12
65 18
75 97
24 18
20 47
8 91
3 33
82 31
98 47
24 4
87 80
91 75
14 84
51 95
12 68
28 79
85 20
3 60
87 69
57 78
33 80
84 46
79 41
31 67
46 43
63 39
26 48
43 22
9 16
97 55
97 20
93 16
16 46
5 10
71 67
38 76
51 79
89 57
48 28
67 7
82 3
48 92
3 26
62 35
94 20
69 48
38 7
69 70
81 93
99 38
54 45
97 13
20 14
60 50
86 49
33 71
68 22
65 85
41 99
80 51
63 90
78 49
38 38
15 19
58 15
0 10
10 89
69 30
5 99
27 69
4 88
48 75
79 62
3 2
70 38
83 8
67 98
13 63
85 35
25 28
85 45
79 53
83 77
56 97
32 43
53 4
96 47
27 21
63 74
76 70
91 85
42 71
28 19
20 93
12 70
97 11
64 25
59 7
59 98
64 69
95 4
67 89
77 39
34 39
17 77
15 29
55 82
48 7
96 77
57 43
65 96
34 18
17 39
1 41
58 4
99 95
88 40
98 66
13 46
51 48
23 74
47 93
66 14
19 35
17 78
13 87
86 57
89 26
18 97
67 61
84 28
38 10
63 6
39 47
24 72
73 55
0 44
62 7
65 19
28 34
65 25
87 7
94 39
29 80
68 55
72 3
21 45
13 47
22 39
88 32
50 26
87 5
73 28
39 7
3 3
73 25
46 86
65 55
60 36
26 72
97 90
41 68
64 65
93 68
13 35
65 84
42 53
27 5
26 62
40 98
40 99
54 86
64 35
10 65
66 26
87 31
58 96
53 69
33 64
47 87
20 27
52 41
26 53
12 28
15 77
61 15
47 37
41 85
42 58
37 16
1 86
11 6
63 62
29 13
5 62
11 20
93 88
89 80
50 58
26 16
5 2
17 91
84 10
24 86
3 32
33 8
25 1
27 32
81 72
48 96
91 41
40 2
1 76
88 50
50 0
61 85
97 63
90 6
32 10
66 9
71 47
29 43
46 40
81 49
84 3
95 15
85 85
15 39
20 28
19 44
10 7
4 21
38 81
54 35
21 11
97 12
99 83
80 32
38 61
87 97
24 71
74 37
36 92
95 56
54 65
91 8
39 61
71 10
86 97
56 66
76 53
65 82
30 56
21 95
46 71
48 49
33 66
98 87
52 93
21 75
12 86
61 38
33 98
49 23
2 6
72 13
73 86
62 91
58 86
92 12
55 32
43 53
55 80
36 57
78 67
48 58
18 95
10 14
38 62
24 97
37 62
43 13
21 28
27 94
33 39
1 55
5 22
56 95
55 84
33 0
90 15
31 58
7 67
42 79
31 53
74 88
44 87
61 22
1 53
46 8
84 95
50 5
16 37
88 74
40 74
39 86
53 75
7 98
79 75
21 71
74 98
57 68
52 72
44 92
55 75
7 80
41 21
27 93
53 74
81 1
27 57
90 97
41 75
79 64
31 52
14 74
1 92
16 85
23 21
43 8
65 34
53 29
71 89
36 36
2 97
46 90
88 58
67 14
63 59
69 25
44 56
69 17
93 31
1 2
96 49
39 97
24 73
60 61
54 54
9 42
54 89
98 33
35 2
33 94
4 55
15 16
67 13
38 43
14 25
78 19
94 31
95 54
38 37
94 33
34 4
84 4
80 15
60 5
70 39
18 11
57 25
56 86
6 66
97 42
87 83
72 17
41 26
0 20
91 96
21 40
41 43
11 48
86 38
28 42
10 51
35 89
80 74
5 95
30 4
72 18
45 17
29 37
49 14
18 6
92 13
61 37
36 3
65 50
72 68
4 23
28 10
45 44
67 38
30 21
47 0
91 39
97 21
73 34
86 31
76 19
14 48
68 33
55 56
12 21
95 19
30 23
81 23
80 8
78 30
44 65
58 58
69 82
68 94
76 79
23 37
68 78
94 60
12 46
87 60
25 0
74 29
92 60
15 26
92 3
63 45
45 49
55 44
49 73
59 90
15 35
39 69
94 2
1 7
22 51
68 56
30 79
93 46
74 87
47 17
21 5
57 74
43 95
14 14
16 39
41 83
86 17
92 45
96 19
11 7
6 36
4 9
30 75
4 99
22 80
44 31
71 28
44 29
21 34
61 45
6 2
60 47
82 67
51 44
61 7
68 2
63 31
49 66
74 15
86 43
56 33
51 93
32 79
68 71
19 13
55 1
66 27
98 74
17 14
9 82
48 44
16 5
19 30
13 30
62 68
85 2
20 57
92 55
20 52
40 92
6 20
68 20
73 3
88 51
44 96
44 71
52 60
18 34
74 68
42 49
40 71
7 60
2 95
64 46
85 12
83 98
19 90
37 97
43 9
25 35
13 21
58 30
52 23
60 99
16 29
82 66
88 95
47 55
43 93
55 60
71 17
67 20
60 2
85 3
30 61
17 90
36 98
8 19
14 20
98 98
23 7
87 84
57 3
4 42
16 23
20 36
14 91
88 30
82 63
97 81
88 1
95 39
3 83
64 61
37 86
5 89
7 39
28 75
77 51
57 98
3 27
33 95
88 71
81 82
38 41
18 0
96 35
75 73
6 71
52 61
11 28
99 92
2 89
59 8
28 69
7 42
12 15
54 34
9 81
10 83
32 39
10 85
58 1
1 56
25 49
25 78
36 31
70 31
60 92
16 99
65 42
17 7
1 67
16 55
91 17
99 15
68 89
28 67
87 75
24 6
69 83
9 91
69 10
74 93
99 48
32 74
69 16
8 12
89 4
24 17
90 89
87 1
63 72
49 64
77 20
68 93
36 25
70 37
29 53
64 96
79 87
21 92
27 26
5 35
30 38
51 8
12 30
21 9
13 5
55 88
47 52
15 13
8 77
83 99
4 67
24 12
33 81
87 17
22 16
82 65
10 78
72 80
71 69
72 38
8 11
66 35
92 91
77 69
2 38
79 39
39 29
79 90
78 15
50 88
72 67
86 5
33 4
18 33
73 92
39 99
24 63
20 80
40 38
80 81
63 58
80 30
75 64
75 8
52 62
52 32
11 61
65 95
74 51
14 2
4 53
69 98
41 9
96 16
86 28
3 87
34 74
85 98
38 21
38 80
66 44
43 47
69 41
91 33
12 45
28 55
3 40
80 82
21 60
10 27
90 27
44 30
38 66
75 98
98 40
72 79
67 52
58 35
39 63
63 66
63 79
48 90
66 21
37 32
98 14
23 92
44 63
40 46
89 83
30 27
5 34
51 7
2 28
42 36
82 55
23 85
63 73
4 46
46 19
7 29
76 82
68 83
20 83
41 11
76 14
9 69
67 25
13 82
22 74
63 92
32 68
70 76
60 23
36 55
85 94
8 17
29 74
29 64
78 24
70 33
73 75
26 92
81 47
28 0
53 9
19 32
68 53
72 33
7 19
50 64
62 20
96 73
63 17
13 11
13 89
90 68
9 58
2 83
88 82
1 62
0 75
90 77
82 37
91 84
86 45
70 63
63 93
65 70
69 20
67 19
54 57
57 1
69 1
43 63
