100 3
63 33
10 51
10 55
67 35
83 70
26 64
50 77
6 76
79 89
14 22
91 83
98 58
94 4
42 48
23 12
62 78
49 44
3 69
97 62
82 91
44 99
16 96
18 85
24 91
77 21
80 26
44 6
63 28
87 49
37 45
57 52
33 81
31 96
72 60
88 12
21 14
19 65
45 21
47 80
47 54
51 16
6 64
35 70
89 33
55 3
2 4
5 10
41 79
87 80
54 30
97 9
81 71
97 27
78 80
63 20
60 95
41 12
39 77
2 28
54 89
24 63
78 26
27 66
10 45
18 24
62 14
11 40
14 28
20 64
62 17
77 32
98 34
58 45
50 55
25 78
45 41
84 74
6 81
37 35
86 71
47 74
25 0
6 94
60 41
47 6
94 57
54 64
21 32
74 38
41 6
88 2
14 46
18 90
19 55
7 63
1 41
28 55
99 59
23 1
96 83
39 6
18 41
92 47
1 61
25 15
98 18
29 36
43 99
97 37
96 47
26 60
85 35
37 75
97 1
61 14
92 27
12 54
8 33
58 59
78 22
59 45
9 46
50 76
91 54
45 96
75 12
28 47
86 28
79 62
42 9
34 33
91 26
55 35
24 41
72 56
92 46
19 11
81 88
13 58
18 91
65 16
64 66
46 99
54 95
9 61
93 67
63 59
34 92
94 79
74 76
67 20
27 49
11 41
56 10
94 28
47 90
64 31
34 82
81 74
4 62
27 27
91 66
52 69
23 2
3 1
18 55
29 46
12 87
94 76
4 11
22 10
1 90
91 25
44 98
70 99
33 47
56 30
98 48
31 71
2 31
3 37
73 9
79 10
42 24
35 96
6 54
63 95
35 14
82 8
15 56
13 11
70 63
9 55
47 56
3 77
94 68
13 38
40 15
29 91
96 26
34 61
21 48
77 87
51 11
11 93
66 77
37 43
43 55
47 8
81 59
20 88
5 78
15 31
53 93
9 77
29 58
38 9
53 54
57 4
9 65
8 95
63 19
79 9
47 52
37 54
85 70
75 63
12 55
56 47
54 38
97 53
0 32
59 88
49 71
5 3
90 46
48 54
5 56
58 74
97 56
14 42
62 22
12 32
97 54
81 36
72 35
2 81
79 13
29 56
98 14
74 69
65 57
51 55
67 94
16 90
35 44
23 62
55 72
26 74
31 99
47 83
3 84
44 14
55 23
57 92
60 83
7 85
25 11
28 62
89 47
97 48
42 74
8 32
74 56
4 44
80 6
45 88
35 65
60 86
88 66
4 54
78 76
26 66
35 54
80 68
64 90
58 7
49 93
4 78
71 57
99 99
52 6
36 36
85 63
55 22
62 20
91 24
81 29
40 2
79 35
60 5
20 38
92 87
4 35
71 97
64 32
50 58
73 28
69 30
71 41
57 83
46 31
77 89
67 88
70 47
43 6
64 5
71 98
89 27
14 32
30 33
80 78
25 4
51 32
95 95
50 1
22 37
25 34
54 31
37 0
22 35
34 16
47 51
67 38
52 93
75 29
29 24
52 46
62 58
36 98
82 57
14 35
95 65
82 56
3 30
15 41
61 72
67 55
89 68
58 92
90 60
37 23
81 68
10 4
20 53
43 59
2 96
87 6
7 53
78 56
82 75
64 76
80 97
89 31
35 94
72 84
61 64
81 87
5 13
23 46
14 15
71 58
76 14
48 78
27 34
75 40
43 76
28 93
11 0
97 6
66 66
44 69
17 11
4 17
12 49
87 47
12 27
41 53
89 87
76 1
33 61
51 74
97 78
66 33
37 9
1 11
77 19
8 91
80 19
5 94
71 0
96 20
99 82
91 2
46 21
36 40
52 79
78 19
27 38
26 78
41 86
32 82
14 38
86 23
67 18
9 84
10 12
26 26
93 31
22 41
41 14
85 17
49 81
75 22
10 78
85 45
86 40
23 16
36 27
80 4
85 5
29 29
61 93
85 14
88 11
42 45
45 17
75 23
34 49
71 23
37 16
35 23
54 1
74 88
89 83
89 35
30 45
12 90
49 75
49 98
34 47
87 95
19 50
18 73
84 89
5 17
41 83
59 68
1 47
56 12
20 83
60 58
70 42
56 75
50 3
73 45
58 93
33 80
39 40
88 18
79 20
71 71
85 52
46 56
89 69
41 24
95 38
17 50
61 47
44 22
43 34
47 34
8 20
92 55
56 99
81 89
70 35
49 82
0 39
7 38
38 34
18 77
49 30
51 46
5 32
97 96
68 89
17 37
80 53
25 38
60 18
3 2
76 95
9 90
77 29
80 54
65 28
42 41
38 82
46 54
79 5
67 44
25 43
50 70
18 58
60 21
41 38
16 35
16 55
93 37
22 79
89 6
69 13
98 21
86 37
42 99
14 19
79 49
28 8
43 17
20 18
1 98
68 47
33 93
86 69
82 59
68 77
75 71
13 79
42 31
57 63
49 39
84 76
65 20
87 36
13 59
64 72
33 83
98 32
28 90
17 23
96 77
70 58
10 29
65 58
64 83
90 81
26 84
12 44
61 1
60 77
57 68
1 51
59 86
14 88
54 45
30 95
74 46
25 39
67 98
95 71
81 63
76 87
18 7
13 29
97 20
54 80
10 48
44 81
73 79
64 91
19 60
61 95
67 82
49 69
24 15
59 30
7 46
92 19
56 6
77 96
55 41
32 44
31 49
55 13
9 64
84 22
43 2
10 36
94 35
30 17
31 93
55 57
93 26
4 84
34 86
92 11
16 95
69 98
0 28
61 41
94 90
75 32
80 50
68 20
59 84
67 50
16 56
19 91
94 34
79 96
51 20
52 11
74 92
69 44
98 54
71 48
97 69
3 54
51 9
94 17
98 81
69 65
15 20
99 12
55 53
43 74
91 3
38 27
40 53
75 98
49 26
62 39
24 55
4 22
16 45
76 2
70 64
15 13
90 83
91 5
98 64
46 15
12 74
3 53
4 68
19 71
37 14
80 3
6 95
57 53
60 63
2 16
76 78
16 31
5 4
39 42
45 37
8 19
91 97
44 52
31 65
77 98
12 1
58 32
11 18
64 14
47 67
72 42
37 24
77 26
0 9
33 57
34 56
38 91
22 70
27 45
28 42
80 99
59 25
1 7
52 24
52 26
69 84
9 51
5 45
84 34
22 99
75 0
19 68
69 15
23 68
23 90
29 71
29 65
83 66
16 98
22 26
37 83
93 63
73 7
49 51
38 99
69 70
20 82
23 32
90 40
50 64
68 24
96 53
78 81
75 31
11 96
62 45
68 81
20 97
28 35
14 18
15 96
91 45
77 38
99 95
77 94
69 54
12 76
52 57
67 63
41 11
46 35
77 72
48 64
92 50
41 48
26 82
63 70
2 77
85 32
40 48
87 40
16 40
87 73
71 38
57 89
2 32
53 72
17 68
62 9
43 66
57 34
35 41
64 38
24 49
41 82
34 85
62 92
26 63
67 93
80 60
74 53
37 79
37 39
14 91
93 29
74 41
22 43
73 88
33 39
20 65
65 73
36 2
39 24
3 14
65 85
70 23
41 58
53 47
81 75
36 20
98 92
72 31
18 37
98 53
26 73
76 33
85 54
68 26
98 99
69 83
83 75
82 40
82 87
18 78
42 10
1 71
30 73
33 52
59 44
17 96
55 97
1 28
24 17
75 73
10 86
46 80
19 98
10 71
92 45
65 71
83 58
93 92
69 73
52 73
5 61
4 55
42 63
71 60
4 25
19 19
71 49
34 99
58 49
76 96
76 88
41 0
80 38
7 43
30 66
17 20
49 63
55 0
55 21
99 72
10 58
25 67
71 68
3 65
3 47
91 98
88 36
49 34
13 39
97 95
64 34
98 33
32 10
71 14
18 51
2 75
46 61
9 99
60 25
93 8
82 49
85 49
14 14
85 38
1 3
55 50
57 18
70 65
81 82
76 55
54 83
81 56
97 29
88 95
92 72
10 42
76 30
40 81
39 70
44 96
57 95
53 36
82 4
89 78
39 50
44 9
58 15
80 67
20 16
42 68
79 33
28 59
60 52
80 75
35 15
70 44
29 83
39 84
79 85
76 80
55 38
3 36
49 88
67 31
63 66
86 17
62 54
53 88
86 15
8 74
89 14
38 50
19 17
83 83
53 70
41 88
56 38
3 67
27 55
99 42
23 87
43 94
26 40
93 81
45 44
58 56
20 31
40 94
59 16
25 80
58 41
97 90
81 35
12 68
1 64
59 40
60 76
5 35
72 22
54 88
22 11
1 29
70 74
39 85
78 64
95 40
48 11
59 15
94 6
60 36
52 78
14 21
48 2
5 28
95 41
77 9
57 50
10 99
18 53
46 60
72 99
97 23
8 77
68 78
44 30
72 74
25 21
62 95
62 69
76 37
88 45
82 37
43 85
79 64
86 1
76 89
8 30
95 52
38 46
30 59
81 28
43 7
43 1
67 70
44 25
85 82
84 8
18 69
9 8
42 37
20 61
57 71
26 17
11 34
36 41
87 43
68 43
71 32
24 25
5 54
54 49
62 12
82 83
77 37
53 48
48 81
62 26
84 2
50 84
78 4
5 87
25 60
32 88
80 43
8 47
76 12
62 72
54 82
4 79
52 14
65 11
17 29
15 30
46 8
76 91
98 36
16 46
56 67
48 89
28 49
44 23
61 9
42 73
93 17
83 52
35 57
85 93
2 85
56 14
11 80
58 90
33 91
16 32
52 31
7 14
41 10
0 44
65 36
36 0
45 67
45 52
98 24
55 24
38 24
71 31
70 28
55 27
80 24
48 49
3 56
73 1
89 18
29 12
78 21
82 6
41 31
44 86
68 96
97 18
93 16
28 4
46 20
9 33
83 16
1 4
13 46
80 52
6 1
77 41
50 32
43 23
6 11
15 39
26 45
33 99
57 40
55 85
25 75
68 2
90 50
71 73
33 12
19 63
50 5
19 77
69 92
79 65
83 98
29 66
95 90
11 48
63 34
35 29
98 5
96 66
41 89
35 9
21 71
43 26
21 21
47 69
33 4
21 43
81 53
79 97
41 37
49 57
50 65
50 86
32 93
31 51
73 66
75 3
31 48
56 50
57 7
90 25
20 32
30 29
47 59
35 78
51 60
21 44
47 95
14 44
51 38
87 29
65 4
20 56
31 97
17 5
71 65
53 87
29 72
69 96
28 39
36 87
59 96
61 34
12 33
89 5
58 75
62 47
53 64
79 66
52 98
6 10
99 54
9 56
19 38
95 5
86 85
39 63
44 7
36 78
13 53
88 6
93 95
28 50
27 77
49 90
72 14
92 90
66 58
74 4
14 69
92 54
82 32
9 26
32 45
53 85
60 22
18 99
20 6
97 8
87 74
92 86
36 59
86 20
28 54
69 74
82 84
52 52
67 46
65 70
14 60
59 69
34 74
92 39
48 94
37 7
62 79
68 73
17 4
13 95
76 52
99 96
22 64
38 68
44 44
50 34
3 35
52 29
61 45
75 11
72 65
27 96
53 97
49 64
92 51
73 19
42 18
97 16
45 28
23 79
27 75
58 34
8 56
11 70
31 36
44 12
84 73
90 82
31 60
54 15
7 19
51 48
65 97
47 42
89 56
24 79
78 31
38 2
8 84
34 87
97 28
74 62
52 48
4 42
9 39
21 80
68 16
47 31
22 27
95 22
7 29
15 11
33 14
65 83
98 47
23 57
20 17
4 23
95 70
38 71
24 93
88 88
48 52
11 37
52 65
64 70
27 7
66 60
86 30
64 63
35 80
9 52
87 4
2 72
77 10
74 40
83 51
81 73
42 67
49 42
22 49
53 44
69 80
31 29
77 95
24 90
3 86
95 27
71 35
69 60
12 35
6 40
60 50
11 5
54 74
58 3
11 98
13 99
88 30
33 22
98 95
98 29
29 33
31 23
25 37
36 71
92 75
59 7
72 77
16 91
88 99
55 30
57 0
39 29
66 13
37 56
23 67
22 32
92 18
48 76
92 44
82 72
47 36
51 92
24 31
48 4
73 14
18 47
3 92
60 34
81 97
31 12
65 59
3 9
93 94
84 29
58 71
79 17
12 48
72 64
97 19
49 38
5 38
51 66
36 55
1 17
13 34
73 31
49 99
88 62
72 21
65 17
27 67
6 97
39 26
5 44
89 89
99 79
90 5
75 96
70 48
56 79
20 81
94 77
6 67
29 1
32 7
10 3
32 84
25 51
12 94
44 47
62 90
80 81
85 53
5 16
32 54
58 40
72 25
68 75
51 35
52 91
46 66
40 68
45 82
83 40
84 58
30 13
98 82
76 48
57 86
62 96
79 16
96 46
70 38
73 32
80 41
25 10
99 37
4 63
54 12
51 12
80 86
86 92
96 82
38 74
46 33
47 55
32 0
78 27
69 55
60 99
22 42
37 42
43 16
47 35
93 19
46 62
91 18
9 5
69 5
65 25
4 43
4 95
68 0
39 71
86 16
95 80
47 65
78 93
36 51
81 21
42 78
78 48
69 22
59 12
88 40
15 8
12 14
56 59
86 81
65 5
64 26
53 61
40 20
20 43
45 98
8 78
94 13
70 69
99 25
39 3
64 52
25 50
10 49
23 80
79 21
77 13
52 59
24 95
1 5
20 9
33 21
34 68
80 89
37 61
73 57
94 37
47 93
38 20
59 22
90 84
36 83
44 97
20 3
45 27
74 98
79 75
67 76
66 15
94 73
24 9
46 58
1 72
68 17
77 33
69 51
45 46
98 37
71 6
97 59
88 77
72 11
13 28
76 67
70 49
85 46
65 24
49 19
42 93
82 7
80 22
3 26
92 0
8 85
24 12
69 56
39 1
96 63
40 42
85 84
34 18
6 33
94 19
59 47
1 87
17 18
53 43
43 65
56 64
74 79
3 39
76 27
23 33
86 25
20 85
74 48
36 4
13 8
24 28
40 75
29 81
1 48
16 51
55 63
76 31
23 49
43 39
90 12
42 0
78 55
60 11
99 41
17 13
2 44
17 25
6 65
42 15
1 10
54 51
92 33
13 51
64 61
86 48
54 70
31 77
42 95
48 77
46 73
96 56
90 55
66 99
32 2
66 1
51 19
78 17
33 55
44 76
53 75
28 53
82 34
63 64
91 92
94 5
44 65
9 82
90 54
96 96
1 59
9 22
4 60
48 16
3 76
15 89
75 15
42 47
85 9
92 5
13 61
51 80
52 75
17 80
98 94
24 51
11 28
50 30
63 26
19 41
0 2
87 41
3 55
70 89
62 71
91 0
21 64
93 90
84 39
51 26
58 52
58 83
70 95
63 55
99 58
83 50
30 10
18 72
84 61
30 2
20 22
86 88
23 95
66 98
92 98
73 30
47 71
46 6
15 6
55 52
22 8
69 35
94 21
11 79
65 13
72 26
21 93
50 80
61 69
89 41
72 93
80 73
87 5
85 57
75 64
7 17
52 97
9 57
15 44
29 57
24 26
78 0
25 99
23 93
85 85
89 16
83 94
74 23
63 85
34 17
19 62
78 1
64 0
71 16
91 78
0 73
86 36
36 8
48 33
73 18
18 88
38 32
53 5
5 90
66 9
97 30
2 59
95 37
57 27
4 74
73 54
26 19
65 75
72 38
80 96
6 27
52 40
44 88
59 75
9 16
41 84
4 71
99 64
96 28
49 52
18 36
42 34
45 56
2 15
81 23
13 80
55 32
80 59
40 38
60 55
97 68
57 8
4 59
98 16
77 15
32 15
85 64
24 59
97 0
19 43
56 72
25 46
75 50
16 19
54 62
10 59
11 45
75 28
56 69
93 99
97 26
59 33
7 11
39 55
25 55
56 81
60 27
92 2
21 6
12 75
11 14
72 86
23 39
81 11
43 11
55 48
91 15
68 38
24 60
64 96
30 11
41 25
74 82
90 43
64 93
65 29
14 86
56 85
98 40
18 87
13 54
55 36
30 7
23 8
21 36
97 72
65 86
97 99
3 97
27 58
32 38
86 57
62 27
25 18
29 86
54 42
23 74
40 86
68 34
97 70
71 40
32 3
84 42
59 73
44 64
91 64
57 45
27 54
39 57
52 43
58 50
62 19
15 86
46 90
46 12
39 68
2 39
47 9
76 57
78 29
16 62
53 74
53 67
39 76
84 38
28 51
12 17
51 37
48 65
62 65
70 10
8 62
28 94
53 26
87 51
21 55
18 66
96 70
77 97
0 63
67 60
97 92
14 11
60 2
1 99
21 70
7 92
30 76
40 98
88 33
85 81
57 70
33 19
41 16
19 87
4 72
40 87
91 17
33 76
21 63
60 88
6 4
67 52
8 46
42 35
69 36
23 29
0 14
41 54
56 27
62 98
52 83
72 2
90 75
89 39
37 86
2 13
53 69
57 32
14 63
83 44
61 49
85 22
22 28
28 61
19 66
77 86
63 31
10 61
34 14
75 69
0 90
95 32
17 84
56 89
34 59
4 93
81 38
38 60
55 25
16 36
24 0
84 75
43 19
15 37
7 73
52 85
23 66
70 80
29 92
87 54
66 56
81 41
13 22
83 57
26 48
11 2
61 44
5 36
5 76
22 51
39 67
43 54
24 38
46 0
50 29
99 10
85 13
3 46
55 71
1 78
29 54
40 6
53 62
40 12
70 18
73 4
47 33
56 28
22 76
59 3
3 6
20 86
77 60
44 51
57 60
33 85
40 11
66 8
98 75
58 67
7 26
70 22
19 96
10 19
60 44
25 72
2 87
28 96
2 71
36 33
77 4
46 19
18 63
16 69
58 43
87 14
40 35
20 60
69 75
81 60
90 86
24 74
11 88
91 95
35 25
35 19
49 6
7 2
39 72
88 22
34 80
85 48
40 34
58 72
13 66
59 43
65 77
29 62
9 1
66 64
7 18
84 86
66 46
58 99
76 51
84 26
80 76
37 57
12 46
10 66
28 12
60 68
77 70
83 32
28 84
97 65
80 7
42 26
89 37
72 18
10 62
53 58
37 4
91 22
98 11
88 25
32 99
12 39
55 80
61 32
72 97
11 83
21 89
32 98
44 61
77 34
72 53
1 36
99 14
86 49
63 98
80 94
11 78
68 58
47 87
13 32
3 23
63 80
77 65
65 72
71 19
65 84
26 97
6 42
22 67
66 62
98 45
11 38
74 30
32 42
90 78
39 73
20 76
89 63
36 54
91 29
49 5
2 2
58 38
28 92
12 15
67 26
51 90
41 78
10 87
76 26
52 2
66 22
79 60
36 38
16 66
35 39
94 86
4 67
99 57
82 45
16 25
4 19
27 68
97 24
10 40
44 5
11 67
23 4
78 35
44 56
26 80
59 34
51 95
78 14
48 38
89 50
84 13
34 5
49 49
36 14
19 78
38 35
12 25
58 22
55 89
92 66
75 24
6 31
26 91
53 14
52 39
11 90
15 25
76 69
49 12
74 49
55 39
2 8
96 12
47 75
46 51
69 37
27 73
60 51
61 66
49 68
89 22
91 74
5 66
30 78
20 68
23 5
1 14
48 66
95 86
25 66
21 75
7 33
3 79
10 1
46 24
49 66
57 67
85 87
67 69
90 91
27 81
42 46
21 74
3 25
46 91
69 81
69 67
23 81
55 2
54 3
10 47
95 62
68 11
62 70
66 28
72 80
4 2
8 79
99 35
30 51
82 85
73 81
63 68
27 25
71 75
41 93
41 21
2 48
64 40
8 44
83 71
18 79
60 28
98 17
63 82
78 95
15 59
92 82
97 38
43 79
94 59
42 83
80 90
59 64
63 79
59 36
86 89
13 31
69 93
50 0
43 82
55 17
47 38
95 60
32 60
60 94
63 45
22 71
33 78
11 53
79 24
86 87
89 97
4 12
12 20
50 50
72 78
44 78
58 30
87 21
33 6
94 91
51 54
40 57
5 91
77 0
61 26
57 88
1 69
96 0
48 26
75 84
31 80
22 95
35 5
55 67
13 10
88 80
34 91
49 79
16 86
83 74
5 65
94 98
66 35
19 10
2 79
64 65
16 82
38 44
85 65
92 7
43 33
85 59
24 61
79 71
15 7
27 99
68 32
13 2
41 55
32 95
22 14
86 35
40 66
91 57
22 23
17 15
2 30
4 86
91 31
48 30
49 15
52 80
1 33
38 79
43 87
85 62
62 41
6 16
75 91
78 39
72 91
95 39
90 87
10 76
83 23
75 76
90 14
91 37
37 33
46 27
96 45
22 91
34 67
47 2
38 14
64 71
12 56
78 66
92 16
3 29
5 51
78 52
81 72
94 51
23 28
6 12
36 80
69 2
92 15
23 31
32 81
34 42
22 81
72 32
29 70
28 36
50 4
34 60
43 56
92 35
3 28
27 9
62 59
91 41
36 57
45 31
60 48
26 15
41 4
62 43
36 9
64 81
29 45
58 9
6 92
87 98
53 56
21 34
39 4
48 97
22 78
31 94
44 66
84 19
25 71
51 58
20 71
99 5
75 74
86 68
59 53
98 44
24 54
26 23
83 59
77 17
80 56
44 26
13 78
76 46
36 60
88 0
49 20
1 62
77 24
32 69
11 82
88 23
15 80
34 54
82 21
92 41
18 26
71 10
58 25
42 75
0 77
99 22
35 31
73 58
60 17
95 1
27 51
94 54
66 86
89 67
10 16
99 46
34 43
41 56
64 55
14 9
0 96
14 92
88 78
54 21
87 9
85 69
98 19
97 22
90 93
61 30
71 94
62 48
57 39
41 20
91 9
52 42
1 12
93 23
61 27
8 75
70 0
33 5
61 4
14 7
82 52
11 74
45 54
29 18
21 42
15 90
3 80
3 78
31 15
32 63
64 89
10 41
68 68
66 52
35 42
82 53
15 66
59 62
19 83
73 8
94 71
85 86
27 12
85 77
6 2
87 86
14 0
59 39
21 5
48 36
8 50
19 53
15 17
79 26
73 40
85 26
6 85
35 69
14 20
69 86
99 1
24 21
36 47
44 27
93 79
15 65
25 31
44 95
39 88
3 64
44 43
10 72
95 57
77 91
83 54
47 79
5 58
49 85
98 38
66 67
84 51
61 10
68 97
57 54
46 38
24 48
33 30
25 95
15 91
92 40
31 45
11 86
47 96
10 44
32 24
54 65
31 83
16 23
17 63
16 63
60 62
81 18
27 48
2 11
25 3
13 13
39 51
26 13
61 85
55 55
82 19
31 85
37 95
43 27
61 0
47 82
18 93
41 99
19 35
0 67
20 44
39 17
55 46
81 26
29 23
95 45
98 52
34 0
6 70
26 6
35 32
4 53
29 48
16 61
15 15
6 90
53 82
52 71
37 66
21 79
50 62
50 90
70 73
92 83
15 62
62 86
19 52
87 18
66 79
40 54
65 91
84 1
44 2
9 29
8 86
49 94
63 49
46 36
4 96
32 37
29 88
67 40
90 79
51 99
2 5
94 47
3 24
38 80
63 44
32 65
50 75
11 8
81 15
11 25
10 69
7 5
82 9
43 86
75 7
70 70
27 62
55 94
64 62
62 61
58 77
19 99
73 46
1 34
23 71
45 12
50 25
98 85
5 31
94 25
25 41
27 29
65 45
46 63
11 63
0 13
78 5
10 90
26 31
60 96
44 80
57 30
86 91
3 41
91 36
92 21
30 75
4 27
27 53
96 17
22 33
23 48
80 31
0 11
83 21
2 92
13 92
60 12
30 54
11 15
48 71
60 56
82 12
78 73
75 61
7 64
57 72
27 89
15 46
65 30
2 34
33 1
43 72
33 24
14 66
45 42
53 3
99 83
84 20
45 66
16 41
27 21
88 60
30 64
28 15
67 83
95 25
35 75
99 15
44 10
56 43
94 66
0 51
26 59
74 29
15 58
7 61
28 65
14 43
68 1
75 93
73 80
93 4
55 86
67 8
56 42
50 92
80 79
80 13
18 15
63 2
34 32
7 54
4 77
54 39
79 28
20 30
21 49
32 29
43 68
45 87
41 13
53 83
30 80
38 42
12 30
14 6
43 50
77 78
96 7
63 97
16 20
99 70
30 9
26 96
55 11
51 1
74 73
32 20
61 82
76 29
48 0
85 28
92 14
58 33
97 45
18 14
76 20
31 9
9 32
65 90
83 4
67 68
67 24
60 20
26 81
94 48
69 47
66 34
18 71
61 54
7 28
55 79
88 50
62 53
45 22
35 13
48 19
56 44
89 92
96 88
58 80
66 97
36 17
46 76
16 14
54 59
79 36
42 30
43 48
67 37
39 94
87 53
27 5
47 19
17 49
64 39
41 71
16 78
91 21
31 78
97 94
45 10
40 13
49 18
94 93
99 62
19 29
78 65
27 15
73 47
15 55
53 1
73 38
6 78
74 22
86 90
53 21
45 11
68 41
82 44
18 5
15 18
45 75
72 75
79 53
13 91
87 64
5 80
79 84
52 89
35 66
26 34
19 74
24 73
73 56
81 19
75 30
74 57
4 76
63 84
25 69
25 68
35 83
28 11
1 46
79 63
19 6
93 75
12 47
58 62
53 77
57 17
53 9
81 98
69 29
41 44
1 89
9 73
98 68
57 97
83 81
7 90
22 93
7 69
27 88
56 52
71 81
38 25
48 83
6 0
90 52
72 10
38 26
79 80
16 87
20 42
53 32
98 0
33 50
72 70
17 72
43 67
88 15
95 66
21 81
77 79
21 39
46 16
27 85
41 98
54 32
75 49
40 32
28 7
96 43
71 25
89 85
90 41
83 73
99 86
91 60
12 91
16 54
35 30
56 23
99 78
63 61
77 75
91 73
40 31
69 64
20 24
85 99
55 12
64 25
31 90
38 29
83 82
83 26
68 59
86 66
90 26
64 1
83 89
71 59
77 51
69 12
89 80
99 6
36 88
95 12
9 75
7 65
32 64
33 94
61 37
29 94
80 29
50 7
77 59
80 9
71 13
43 64
81 0
44 57
99 84
21 11
99 16
93 78
28 80
51 39
23 84
95 69
67 86
33 18
11 95
56 3
72 48
39 34
2 45
59 83
19 45
18 81
46 75
81 54
44 54
71 91
27 95
71 53
77 84
81 95
17 2
45 83
61 25
6 20
72 5
36 81
12 67
64 54
24 58
49 73
47 49
48 39
96 94
2 41
10 28
36 79
34 21
68 91
33 42
92 8
69 59
46 34
33 38
58 31
0 86
13 76
50 19
28 2
75 88
46 49
28 75
7 44
33 66
10 54
21 91
98 50
72 7
95 7
52 12
75 59
92 24
96 10
10 89
66 61
31 62
19 8
56 55
47 85
39 49
64 87
30 72
2 68
45 91
64 69
24 64
85 51
50 81
30 70
17 76
34 53
15 87
64 94
21 59
24 29
49 27
61 74
10 63
70 26
27 44
84 41
9 2
80 69
36 10
69 85
24 72
88 70
19 40
69 40
72 24
18 62
0 83
38 11
91 52
94 67
12 22
84 69
33 49
7 99
56 9
51 70
37 19
17 55
75 65
48 3
71 76
44 91
61 91
86 58
82 77
51 69
31 26
20 27
6 99
66 11
48 7
56 92
70 37
31 61
49 58
31 82
2 64
2 25
39 60
15 21
82 80
88 49
49 40
61 19
78 58
64 35
24 56
28 0
49 14
66 70
96 62
65 69
26 70
81 7
10 64
29 59
90 51
60 4
53 53
95 51
91 32
47 16
23 43
87 93
60 45
67 99
74 51
3 94
16 71
2 0
14 76
8 42
38 23
49 72
74 54
15 95
33 75
44 59
47 68
99 89
12 80
76 39
94 78
11 44
33 31
70 19
39 99
70 25
5 69
34 66
47 99
24 98
99 68
71 5
66 48
50 68
31 43
70 13
3 42
76 13
96 23
19 81
25 58
45 68
38 69
63 46
96 2
90 68
37 50
63 96
67 71
75 57
17 46
7 37
24 76
23 22
48 98
31 33
16 34
52 13
14 98
5 40
92 94
72 6
78 36
44 17
58 68
94 50
36 65
61 80
57 69
91 91
62 16
62 51
39 78
36 50
6 44
85 11
0 45
5 96
25 49
10 80
40 0
58 61
25 88
98 69
91 63
34 55
11 64
9 54
14 3
83 38
51 85
26 25
53 37
72 58
23 17
78 86
74 13
51 82
26 54
8 57
10 5
41 26
37 71
8 58
85 27
60 43
7 7
88 7
71 62
7 27
46 44
90 69
43 3
86 31
64 86
32 79
5 19
81 77
64 44
32 94
71 50
39 46
21 15
79 73
76 93
17 14
41 47
43 51
49 70
35 74
22 58
8 64
8 51
36 62
88 57
10 23
34 69
93 64
43 44
87 17
46 74
51 93
24 71
12 69
94 63
23 42
3 51
84 49
83 36
87 3
65 48
78 25
55 68
86 4
38 88
63 76
37 11
22 73
30 89
37 76
2 54
21 50
21 60
7 36
49 28
81 40
6 29
48 15
6 8
84 14
54 99
76 36
59 65
67 21
93 13
83 49
21 73
96 76
52 58
52 86
42 70
98 79
4 13
71 67
51 52
58 8
50 10
38 65
48 14
80 8
79 23
69 88
67 16
70 96
98 51
61 84
97 63
46 28
54 16
63 24
13 42
39 2
65 66
82 96
83 72
29 17
4 0
82 66
58 70
3 95
51 33
98 91
98 63
93 98
3 71
30 1
75 18
23 15
56 94
51 2
33 20
63 39
32 17
8 36
88 35
63 14
16 47
9 83
59 41
15 98
51 31
17 28
15 4
59 31
29 22
69 48
93 84
76 71
52 22
58 21
53 94
79 46
25 70
89 82
59 94
34 58
91 1
26 86
44 55
18 82
25 93
13 47
8 63
97 25
43 84
96 15
64 98
69 18
51 30
99 53
34 12
1 27
6 91
73 42
87 55
62 4
96 33
5 26
36 72
75 62
54 93
1 83
46 25
30 67
25 13
49 53
58 76
22 46
95 4
72 9
26 10
66 18
11 24
98 22
57 10
31 7
22 87
90 13
94 15
51 28
93 65
27 74
7 1
5 92
90 49
61 46
68 35
30 25
3 34
66 50
60 97
2 49
97 58
74 39
87 96
78 97
17 10
28 30
84 53
98 74
21 51
14 79
29 27
14 2
69 78
57 11
52 92
86 42
65 12
65 26
7 89
78 72
31 31
21 95
71 72
17 35
9 28
54 52
67 62
49 22
81 85
84 85
24 69
92 58
28 88
16 83
54 50
40 52
91 86
54 46
72 62
0 79
73 59
82 92
12 37
54 17
99 55
12 60
38 15
7 47
99 24
68 80
95 18
31 92
24 4
51 64
68 23
71 51
87 12
10 46
93 58
56 26
33 15
90 33
42 81
11 56
73 35
31 54
77 3
4 88
74 37
9 95
55 9
0 26
44 29
19 2
43 29
20 45
78 28
50 37
54 76
47 27
83 46
0 25
22 63
92 10
63 36
69 26
39 74
66 29
22 61
89 52
63 7
62 1
44 73
56 57
48 10
3 74
30 31
37 46
54 97
75 1
78 20
3 66
65 96
44 82
39 83
86 18
99 23
2 67
26 56
35 1
15 16
7 9
96 61
47 64
21 54
58 42
11 30
93 22
70 9
2 73
37 37
50 73
87 25
38 70
38 56
94 43
86 84
67 36
83 87
82 0
47 45
21 41
68 86
21 56
97 87
48 24
45 49
81 22
80 95
21 29
87 8
66 82
85 68
67 89
88 87
43 89
56 78
46 71
72 13
97 4
96 85
40 73
58 97
62 87
46 83
11 65
28 76
21 28
28 3
1 6
67 48
96 90
10 20
91 61
13 35
95 21
65 64
38 93
7 25
28 85
52 51
86 53
86 7
20 37
3 88
9 62
54 29
54 53
28 37
38 36
47 20
57 57
55 43
63 78
16 39
59 66
86 47
53 31
71 24
88 53
42 57
34 31
16 4
78 82
5 6
77 57
24 40
0 5
48 44
60 75
95 99
5 20
58 29
82 43
16 12
99 74
63 51
83 13
54 90
53 57
83 37
87 70
95 15
67 3
44 40
48 88
32 58
80 72
2 37
41 92
35 91
0 59
7 67
13 73
12 38
53 39
99 18
64 4
37 69
92 6
17 88
19 86
45 3
81 50
17 1
56 84
37 51
65 47
51 36
20 10
1 13
60 65
66 57
70 53
22 39
77 74
93 52
78 42
74 3
61 65
30 38
90 64
94 14
36 96
73 64
77 28
43 14
70 94
33 90
24 97
1 96
93 82
69 53
75 4
65 51
30 26
44 67
90 0
99 49
8 67
89 29
63 37
28 31
10 94
85 47
73 15
25 7
33 67
17 81
71 56
18 4
72 27
98 15
1 73
67 87
80 77
80 34
17 34
8 25
75 41
19 92
44 35
93 93
27 57
69 27
55 15
53 12
21 20
79 47
0 16
82 24
97 55
2 3
41 76
15 75
21 13
83 28
77 2
51 97
82 62
1 92
60 69
51 57
77 90
87 34
96 22
13 5
1 55
18 19
49 36
90 2
17 30
27 33
21 76
39 95
16 24
88 51
18 70
32 52
0 24
65 60
26 33
68 50
65 50
70 67
68 33
33 23
43 53
8 12
85 19
69 23
19 79
12 78
95 68
77 47
60 90
13 44
84 67
64 99
78 70
38 58
15 74
80 21
49 9
17 8
16 64
71 61
40 44
44 8
17 32
22 0
47 92
96 18
62 23
50 60
70 32
34 34
87 67
47 40
65 6
69 50
45 36
17 59
27 16
33 51
65 23
95 87
4 64
37 70
25 5
46 69
18 12
85 44
62 50
93 32
3 81
36 15
78 59
6 30
28 86
91 59
53 7
37 34
1 43
83 97
48 92
25 9
73 33
13 65
49 80
64 67
71 83
60 80
64 27
38 87
90 74
19 76
22 68
42 33
86 65
35 28
3 85
82 15
82 16
12 58
81 84
98 61
50 82
92 25
9 53
26 21
17 57
99 40
78 62
68 40
87 30
43 12
10 34
22 40
52 56
75 39
90 42
51 5
52 68
61 86
7 91
30 96
44 58
24 53
94 82
0 3
25 23
68 65
93 69
28 70
43 92
37 26
88 39
6 53
97 83
45 1
86 33
16 79
85 90
67 25
81 34
17 33
59 29
33 59
92 26
93 18
56 60
47 12
71 44
58 27
63 48
88 56
61 79
57 42
90 90
6 66
38 5
50 66
66 83
42 56
36 85
91 68
26 62
99 21
87 61
63 32
71 87
40 27
8 66
3 87
26 1
85 98
18 75
12 71
30 37
32 56
49 25
12 81
95 77
92 36
68 46
23 38
72 72
6 48
30 68
17 36
76 59
15 61
48 53
59 4
28 44
3 33
9 30
56 18
0 36
4 92
5 81
48 55
64 56
46 88
88 41
85 80
35 89
46 23
78 85
98 96
69 31
22 31
91 67
45 0
21 66
58 91
30 18
85 8
39 52
18 28
21 40
16 13
60 8
52 25
7 52
37 15
47 48
63 30
12 42
54 35
33 58
22 19
88 55
8 54
8 93
87 82
38 0
86 2
88 67
0 0
26 90
95 49
76 90
57 47
12 10
42 64
12 66
16 33
24 99
48 95
63 18
52 72
98 88
30 53
93 44
13 1
42 6
94 64
0 49
51 25
50 54
85 7
74 55
40 39
93 25
58 5
2 97
63 23
46 85
47 32
61 28
14 52
41 67
98 84
8 69
58 51
26 92
75 26
16 6
91 56
26 89
21 65
33 97
25 97
37 25
34 50
86 41
25 86
45 20
94 33
45 79
17 67
6 25
60 32
62 91
57 16
43 91
44 32
56 2
61 70
64 2
44 83
9 92
53 20
26 93
23 47
23 86
28 23
23 20
76 17
67 74
75 42
50 69
95 14
93 57
57 55
16 52
62 28
5 12
22 7
31 34
70 54
40 60
10 88
88 58
63 69
83 22
14 39
37 96
2 19
72 92
26 38
96 1
2 7
51 76
74 60
17 85
13 7
74 5
85 88
63 94
85 10
21 87
69 25
16 2
84 48
79 1
37 97
37 94
17 9
5 98
64 22
23 82
12 19
82 79
26 65
74 15
12 62
39 96
43 88
56 4
24 1
65 22
19 22
88 31
73 61
74 84
72 49
30 21
68 8
16 70
86 56
87 85
94 65
88 93
86 14
35 34
30 34
0 43
50 20
6 41
36 67
51 14
36 82
27 91
70 6
41 8
29 64
59 59
59 52
60 38
43 71
24 68
65 44
6 15
10 52
62 85
99 20
93 66
75 38
69 66
61 18
57 98
48 75
36 26
86 70
22 30
17 79
70 66
46 14
16 50
79 67
71 20
24 23
77 88
16 80
0 66
5 64
49 37
6 93
44 63
57 13
76 43
61 6
30 44
63 63
50 16
13 62
13 55
52 61
57 28
11 72
14 84
89 34
21 84
49 32
47 66
27 18
84 15
1 9
46 37
58 89
69 68
62 64
25 82
24 78
37 31
83 45
32 96
39 9
73 37
92 59
55 65
37 49
64 17
80 30
84 81
20 73
33 74
93 15
78 16
10 43
74 80
12 82
59 0
95 61
23 94
97 31
74 68
36 95
78 49
91 79
80 71
32 4
55 16
70 24
46 81
81 61
55 95
72 66
6 14
62 52
27 43
45 39
82 33
33 88
69 19
91 82
1 84
96 32
66 42
10 75
62 75
51 88
65 1
57 66
37 85
12 85
95 28
13 26
99 11
23 51
39 20
47 50
70 76
15 42
20 95
48 67
98 12
51 8
65 42
49 13
26 8
10 17
16 48
86 95
20 34
10 11
68 4
2 93
84 46
92 30
16 15
32 92
22 82
55 61
67 10
42 77
50 95
81 9
11 55
91 62
90 34
92 95
38 83
64 49
81 78
27 84
2 29
22 77
50 59
74 91
53 23
60 42
93 40
61 7
41 73
58 28
71 88
47 60
58 6
45 95
92 99
75 46
55 42
74 42
95 0
79 86
50 74
99 7
79 32
51 18
66 63
8 49
26 4
43 70
29 2
29 32
43 31
40 41
79 87
94 88
61 81
73 13
0 89
74 10
61 16
44 46
87 31
20 94
24 45
41 3
84 91
23 11
18 65
98 42
92 96
14 68
69 94
75 14
31 50
19 49
43 41
31 13
35 85
52 36
44 18
27 39
20 63
90 32
21 92
68 95
56 7
15 76
81 12
96 86
34 63
41 60
26 16
18 0
12 36
22 1
54 73
62 66
98 71
25 74
54 23
40 17
10 77
28 72
30 14
6 58
53 10
80 58
55 98
9 69
31 86
30 50
51 56
36 12
1 42
40 92
57 31
39 41
38 7
29 6
97 91
13 71
86 54
32 16
48 31
89 20
5 49
27 30
29 40
53 13
1 91
41 19
42 38
44 92
1 95
70 50
0 55
56 36
53 81
52 9
84 93
59 56
77 20
65 74
99 77
43 18
12 3
0 53
16 53
26 37
30 3
22 24
22 66
45 15
47 46
63 93
8 8
46 5
62 0
63 57
34 45
15 27
2 58
82 23
83 0
26 75
57 81
30 69
62 88
27 31
3 93
83 56
81 66
22 13
67 29
30 56
88 5
68 62
62 97
80 28
28 10
90 95
53 86
86 96
89 43
51 79
74 72
32 27
1 86
58 16
19 69
75 92
21 35
49 29
43 25
13 19
40 93
39 35
90 39
35 61
79 68
31 44
35 63
23 24
80 5
33 35
90 76
65 35
25 6
81 58
23 85
82 13
57 78
6 72
43 36
58 10
95 33
85 50
88 61
12 11
55 99
43 45
76 44
8 1
2 53
81 1
17 90
29 52
53 2
25 87
77 81
16 30
74 97
20 48
80 27
34 30
65 87
21 86
74 95
64 50
20 77
9 7
83 76
0 50
15 48
12 28
1 15
93 53
73 5
44 89
0 27
66 38
38 59
68 3
79 88
84 50
7 0
54 94
29 13
12 21
25 73
45 59
0 20
67 77
47 29
35 26
27 24
9 0
88 68
76 28
92 60
92 4
42 98
95 2
9 10
30 35
29 77
96 42
94 18
49 43
2 66
64 59
69 95
76 68
51 22
20 72
98 27
78 11
90 77
83 65
12 64
75 90
1 77
17 3
11 54
69 76
4 75
89 77
28 19
63 10
51 87
41 40
42 79
39 53
75 35
49 11
17 62
44 87
68 63
38 85
9 6
93 6
85 24
8 96
55 28
8 13
2 82
5 24
43 78
44 50
45 99
92 56
95 67
42 87
8 10
81 52
32 57
41 62
97 52
12 79
84 92
58 44
91 44
51 27
66 72
58 20
81 93
19 85
33 98
50 18
93 35
98 28
71 26
98 67
75 27
74 2
85 16
40 70
36 76
3 20
95 35
42 72
83 80
14 71
45 5
62 13
34 27
90 10
57 23
75 33
22 2
7 4
32 53
59 79
83 25
13 77
61 89
62 25
43 63
16 26
43 62
40 65
5 86
18 83
52 99
87 65
86 8
11 20
61 12
66 43
59 48
92 76
10 15
26 87
4 85
42 4
99 52
20 78
29 75
76 79
54 96
33 86
39 18
57 21
10 7
74 1
14 99
40 37
71 8
37 22
18 61
58 69
21 25
41 59
97 79
18 97
97 17
75 52
29 41
48 35
76 75
28 25
52 49
33 13
88 32
42 32
0 23
18 84
58 17
46 57
32 80
87 84
13 33
33 54
43 35
14 95
64 21
55 31
31 14
67 4
59 95
17 44
18 32
86 64
6 73
85 79
59 89
35 50
9 47
22 57
50 8
23 19
39 98
83 78
78 87
27 98
88 92
99 98
15 60
42 90
26 14
49 47
88 52
48 27
8 52
50 87
61 75
81 43
37 27
99 34
19 0
50 31
32 47
92 43
30 49
31 64
81 47
5 2
55 62
71 34
95 47
5 52
61 92
79 39
97 5
89 9
49 21
12 13
42 28
7 10
72 82
84 64
31 91
57 24
92 38
68 42
18 35
20 57
93 61
63 42
83 30
42 59
9 12
24 46
79 14
14 13
95 9
88 27
54 78
44 0
3 82
36 3
9 44
92 73
23 18
4 45
77 68
97 80
6 88
95 11
63 35
4 80
91 84
65 41
2 52
8 89
74 47
97 66
40 23
44 3
26 32
3 43
26 22
19 57
33 34
24 70
31 57
21 9
70 81
5 85
76 21
46 43
83 35
3 70
21 33
95 8
93 55
66 84
91 13
85 15
20 51
12 95
62 83
63 62
93 97
54 85
74 59
96 93
36 30
94 55
96 75
94 27
54 58
33 73
47 61
1 20
19 16
64 80
74 36
34 95
58 4
1 53
92 67
22 21
57 29
82 76
30 90
66 90
23 40
95 10
23 69
8 11
21 96
44 33
10 79
85 72
43 73
46 65
24 2
84 55
9 42
42 84
77 63
10 53
94 42
37 30
67 84
59 28
63 65
74 21
72 41
83 20
96 72
91 11
18 56
77 66
81 76
24 7
41 69
29 89
46 13
3 50
17 99
14 25
97 42
61 17
84 52
96 95
55 90
64 64
62 7
46 55
85 20
25 24
49 0
98 7
76 35
48 82
25 53
49 46
0 62
38 97
42 44
62 33
52 53
90 30
68 70
27 56
20 93
98 2
95 30
19 24
55 29
98 31
53 24
58 13
59 42
95 13
38 48
0 84
12 7
65 34
99 88
24 8
6 69
10 24
9 63
12 92
78 6
67 43
25 61
74 52
8 27
66 68
28 52
6 19
86 32
99 76
24 47
39 15
19 34
91 28
34 57
15 51
21 67
69 0
53 71
70 34
74 35
70 17
65 14
69 71
45 74
28 79
82 10
40 91
83 43
41 50
93 48
60 93
34 4
90 45
91 93
59 71
99 85
74 34
42 55
98 98
97 32
4 10
17 70
93 45
64 33
84 79
27 11
56 33
31 41
95 36
83 33
37 93
75 44
1 0
3 98
43 75
17 69
69 79
7 68
66 47
62 36
60 15
89 65
12 43
4 70
87 68
2 9
44 74
24 22
41 57
11 89
99 91
89 70
8 60
24 87
64 13
30 94
23 73
3 5
55 10
27 26
0 19
97 93
73 85
86 59
47 4
99 66
15 35
70 77
35 24
88 59
73 16
48 34
63 53
80 80
12 72
86 78
33 25
5 8
19 30
22 12
59 18
20 74
20 35
94 53
89 26
38 18
93 10
74 87
80 46
37 72
69 43
66 17
11 39
12 41
68 21
36 48
12 29
32 35
91 75
62 60
83 17
37 29
32 6
48 79
46 22
66 6
52 90
84 66
61 15
64 53
79 2
9 59
51 24
74 81
70 90
77 12
82 70
74 0
68 57
20 0
34 7
25 36
85 74
4 83
37 90
8 88
75 36
71 82
90 35
93 91
41 18
79 12
67 33
57 48
21 19
72 50
68 64
15 29
91 49
60 85
85 55
84 47
79 40
25 44
45 33
74 27
8 65
88 20
42 13
92 61
80 25
32 51
69 9
72 67
56 24
36 68
20 52
11 47
6 26
81 4
52 34
73 29
78 94
49 4
76 8
46 97
32 31
93 73
89 7
97 97
24 82
8 23
9 15
90 17
50 51
26 88
9 38
26 79
61 8
77 83
31 72
27 80
23 3
10 30
60 57
99 4
75 72
95 84
15 78
24 77
62 40
75 16
83 8
69 11
11 31
76 64
10 92
82 26
4 20
29 11
51 96
91 90
45 69
94 87
62 73
28 66
33 26
78 77
59 9
15 70
47 47
95 63
93 2
1 80
28 78
55 70
77 52
30 93
70 51
81 10
1 88
61 56
96 8
87 59
93 80
24 43
4 48
71 22
65 7
96 31
44 34
67 7
82 35
89 38
53 99
4 81
72 29
77 1
7 34
95 97
79 81
48 63
98 25
14 97
69 52
28 83
63 81
23 97
50 52
39 92
85 2
13 15
53 16
29 63
35 16
27 69
36 6
0 91
94 40
34 76
14 94
28 87
15 81
79 57
9 96
22 29
48 6
32 41
68 88
16 5
93 1
77 14
96 64
36 7
97 61
97 67
67 65
38 39
8 38
0 93
59 76
63 16
33 62
81 25
56 73
89 98
56 95
79 7
87 38
41 23
21 47
64 73
41 42
70 40
67 61
64 10
41 90
8 82
78 91
34 13
29 30
24 57
35 79
12 88
95 55
47 39
21 37
41 66
90 92
0 35
3 59
41 15
23 88
22 90
4 14
49 45
88 79
10 60
92 52
97 21
72 40
70 86
76 6
14 33
40 80
51 15
91 19
62 46
98 60
37 36
65 21
4 90
78 3
91 23
52 1
87 71
81 81
91 94
63 73
67 41
17 12
31 88
89 84
10 98
10 81
28 5
7 6
98 62
20 20
57 9
34 73
71 45
74 12
46 84
85 97
5 50
57 75
77 35
19 31
11 35
74 93
35 22
82 25
86 38
96 14
87 2
85 71
10 56
64 57
78 54
77 69
32 43
29 42
49 74
52 7
69 72
34 44
20 47
29 8
61 55
97 39
76 24
29 95
5 18
67 92
91 8
51 71
81 30
53 18
38 61
70 31
68 36
15 36
37 44
18 60
8 43
44 75
1 58
44 79
33 9
53 19
65 61
27 63
84 78
71 4
32 59
24 85
61 36
65 65
50 99
37 63
52 81
74 63
49 55
5 72
0 56
63 72
77 56
20 80
95 20
27 92
82 95
7 8
89 57
25 33
62 18
26 53
4 47
7 75
92 79
36 29
54 0
12 65
36 77
63 52
65 27
35 90
96 87
9 34
27 59
57 82
23 83
44 90
81 24
27 36
58 94
88 94
68 51
50 96
32 90
77 8
0 74
53 73
73 0
74 94
59 82
74 67
32 85
6 43
39 89
11 81
25 27
9 11
35 17
39 33
15 45
76 40
89 12
46 68
54 86
47 78
78 23
30 52
74 58
25 40
95 81
34 62
99 32
3 13
64 7
2 27
92 91
68 67
28 28
89 88
79 22
38 40
48 99
49 89
11 92
82 67
51 53
80 66
84 63
93 11
48 51
58 26
75 81
40 18
40 82
21 83
57 85
5 83
16 84
18 16
72 89
71 86
33 45
11 52
87 63
31 81
88 21
30 36
78 43
25 90
32 5
11 46
25 45
22 72
44 45
53 15
73 70
25 57
55 37
93 54
68 53
6 38
88 72
11 42
57 74
27 78
31 67
12 96
11 21
51 44
85 37
94 16
87 57
16 76
61 31
6 71
33 46
37 67
46 98
3 96
23 10
72 98
32 1
86 99
0 97
40 83
84 4
0 85
37 58
51 78
59 13
54 63
9 58
9 86
98 93
60 92
67 30
19 64
76 41
75 66
45 80
13 52
20 7
81 27
66 21
90 38
36 90
18 27
79 18
58 78
9 78
1 49
74 20
77 7
91 47
19 73
40 69
78 74
47 13
92 71
41 87
66 75
4 41
32 76
33 77
29 39
2 83
35 76
48 17
12 12
11 17
71 1
52 67
96 36
8 14
69 6
36 23
21 30
89 51
40 59
30 85
95 82
23 30
92 12
23 56
35 18
92 74
13 69
23 92
78 32
30 4
4 28
56 48
46 86
70 78
90 16
48 5
59 5
5 21
5 68
88 71
37 78
43 15
37 98
96 5
94 81
8 70
55 69
2 6
15 83
14 1
96 69
39 10
79 30
30 24
17 53
54 8
15 14
41 32
77 93
7 58
12 31
28 33
12 40
50 15
82 51
32 74
68 31
20 19
35 95
79 0
44 70
95 26
11 77
27 65
22 53
97 49
30 86
84 32
59 6
40 8
76 74
14 83
9 49
56 98
31 95
17 27
48 61
93 68
14 47
33 68
29 16
89 13
33 71
6 32
92 70
39 19
66 53
31 27
15 40
13 64
34 78
86 77
20 67
87 46
21 58
36 64
28 99
47 89
34 38
84 54
69 87
38 53
7 21
38 30
48 70
79 27
6 35
24 86
83 34
41 75
30 30
61 43
82 14
10 83
83 90
53 89
90 59
50 56
53 76
59 21
62 31
13 74
56 58
75 25
94 44
56 96
19 12
39 65
16 0
0 80
11 61
62 10
77 77
69 41
74 50
41 63
45 71
41 9
79 91
86 11
30 57
15 34
21 68
55 26
83 85
69 10
37 82
87 39
8 0
96 65
72 3
39 47
1 66
59 19
15 43
37 17
28 68
19 75
66 45
6 77
94 2
92 84
84 17
20 69
26 71
3 58
24 92
87 90
0 33
21 10
46 96
51 72
33 89
14 58
73 26
80 42
53 11
33 32
39 21
76 62
71 47
95 24
68 19
42 23
42 16
10 32
7 15
36 74
36 91
47 91
94 39
5 30
28 21
26 72
33 87
52 54
10 6
30 98
76 49
64 58
45 30
69 49
4 8
23 60
48 59
3 44
65 67
95 31
17 60
25 22
19 23
4 39
33 10
1 65
74 6
44 60
18 48
19 70
81 64
49 8
86 50
26 28
30 48
3 63
69 1
45 97
25 8
5 9
77 62
51 45
26 24
53 33
72 68
38 86
54 81
9 4
68 85
52 77
49 97
34 96
92 81
10 82
53 51
59 50
72 69
68 82
72 19
63 56
67 49
66 95
62 38
0 12
41 39
95 54
81 62
61 60
33 60
54 84
95 73
3 49
8 31
11 12
80 51
79 94
84 6
7 82
29 74
0 7
38 94
47 62
50 17
97 2
80 55
2 21
11 29
80 87
57 73
14 36
4 16
54 79
50 35
81 92
31 98
46 47
7 22
44 37
56 1
0 18
76 54
90 28
21 77
40 25
79 6
93 14
26 55
29 43
16 28
42 96
7 20
25 19
8 16
86 27
82 90
52 82
79 82
75 99
27 3
75 47
23 98
81 65
66 78
29 85
80 23
95 50
14 48
27 97
63 88
96 91
75 60
89 30
72 1
31 24
93 96
61 2
6 9
60 6
58 37
53 52
51 40
88 89
65 93
22 38
97 34
98 70
33 7
18 43
14 27
31 70
4 82
7 62
68 28
55 8
83 10
94 58
21 52
6 74
90 97
73 75
78 83
22 89
71 27
89 71
84 83
26 49
81 80
4 89
9 27
88 1
94 10
5 67
81 44
32 55
24 42
38 43
9 60
66 41
68 15
60 31
52 60
17 87
13 72
77 73
52 21
95 78
77 30
7 71
85 0
52 32
23 61
44 62
24 20
76 53
1 22
36 63
41 68
70 15
65 37
89 53
70 75
4 98
10 96
36 86
86 29
26 77
8 3
76 70
31 3
1 79
17 78
85 73
46 78
7 41
1 76
30 83
22 88
98 3
40 43
13 0
76 83
50 67
32 28
65 81
13 43
62 32
23 13
60 81
13 36
88 63
97 3
48 45
72 61
84 11
80 63
64 74
60 70
14 17
6 55
81 55
72 33
6 23
55 14
57 93
30 91
54 27
4 69
18 86
25 98
24 34
51 0
11 19
53 17
66 92
74 66
68 5
97 85
83 91
54 69
88 34
15 5
15 24
84 65
61 77
37 65
71 90
26 7
70 59
99 38
41 27
35 97
5 33
35 84
30 32
40 49
66 55
16 59
4 91
87 44
95 91
45 93
57 15
88 42
67 57
36 18
29 53
61 88
50 53
95 3
24 5
76 99
20 41
31 46
89 45
22 9
32 91
15 47
79 48
72 17
71 70
54 61
43 77
31 75
0 40
15 79
22 62
89 99
90 65
43 42
85 43
16 58
70 20
43 4
45 76
10 27
97 60
16 17
15 71
95 59
66 73
27 8
19 7
43 10
80 33
19 44
61 63
59 1
42 58
5 29
78 10
43 13
56 56
83 9
73 82
43 47
44 42
82 30
18 25
22 47
96 29
45 9
2 40
72 8
78 44
73 44
46 70
78 89
47 57
75 70
53 38
50 91
2 1
88 10
96 37
75 17
23 75
68 71
44 93
42 94
23 55
39 14
47 84
21 1
29 51
57 38
61 48
11 16
60 49
64 78
51 3
39 0
72 95
18 1
29 78
45 53
48 43
45 89
35 73
85 30
83 48
87 81
18 59
91 33
75 56
80 82
36 97
2 94
51 77
66 44
44 41
46 64
11 4
51 67
29 35
73 83
79 3
59 37
63 47
17 47
8 15
71 92
9 50
46 52
50 28
32 70
69 90
82 97
8 24
16 81
2 35
53 50
16 38
28 98
4 56
72 79
16 92
58 96
1 31
81 79
74 33
51 43
77 64
5 97
70 27
93 36
26 20
94 75
73 12
96 71
29 79
23 23
97 46
79 56
23 54
94 94
1 60
5 46
21 31
2 43
44 72
54 41
30 39
17 42
28 22
81 39
67 90
38 12
32 49
89 66
47 5
40 10
40 40
37 1
95 75
50 57
8 18
6 5
51 42
46 53
60 9
97 44
48 18
37 53
0 37
22 34
15 57
69 16
18 95
74 83
50 83
58 12
86 63
23 78
93 88
12 77
89 42
18 6
61 40
96 74
24 24
77 43
24 37
96 21
29 98
92 20
79 92
6 57
33 92
32 61
52 66
47 7
33 8
97 33
79 69
27 70
49 7
78 47
90 6
89 17
1 30
75 54
53 90
34 10
14 81
65 53
8 71
96 55
82 11
93 59
28 69
82 89
89 36
89 95
67 32
76 38
39 64
6 7
52 27
66 7
38 31
89 23
47 63
59 8
32 8
48 57
61 58
58 11
11 58
38 51
9 48
57 1
83 79
24 67
12 84
31 47
43 52
14 23
48 68
28 45
32 77
21 90
80 98
7 70
3 21
11 33
34 65
67 51
28 46
49 65
15 92
12 45
94 24
70 79
30 12
73 36
7 24
10 97
75 82
39 86
43 21
26 42
99 93
19 20
14 16
40 29
19 46
69 28
58 88
28 27
78 63
82 1
98 6
73 43
73 53
7 79
37 84
97 86
33 56
70 45
36 39
34 98
18 67
29 69
40 85
20 28
86 6
2 51
54 28
31 53
32 68
56 37
29 82
27 41
52 41
12 70
40 19
69 14
66 10
17 94
41 97
14 54
5 47
73 3
61 33
38 67
9 89
37 91
43 81
89 0
59 14
59 32
66 3
64 79
86 3
98 77
49 33
86 43
68 87
73 89
48 8
56 39
83 5
32 39
33 84
30 27
38 13
5 1
76 25
39 30
95 17
87 72
63 38
38 55
2 76
37 68
71 3
60 71
70 61
49 95
8 83
72 23
70 57
85 89
88 83
84 96
93 86
74 90
15 84
88 24
87 26
31 21
76 4
20 59
48 62
1 38
18 39
71 7
11 84
17 77
52 76
58 14
44 49
15 88
40 67
51 41
63 90
84 3
64 47
97 36
61 38
57 2
95 89
81 99
97 77
98 13
87 11
38 78
80 74
36 66
6 17
0 98
11 75
87 24
94 1
58 46
81 8
27 60
30 22
98 41
28 77
56 13
46 3
62 29
89 59
41 33
39 44
87 87
73 96
52 38
5 41
7 84
11 51
19 90
76 42
25 26
86 94
48 32
14 24
2 70
45 26
2 80
94 31
54 14
71 52
96 41
43 8
20 33
38 33
12 9
91 71
55 5
90 21
66 69
18 44
80 2
58 86
87 76
27 86
67 54
38 95
96 38
73 48
15 19
3 99
57 20
67 73
77 45
40 76
5 57
56 90
70 30
45 45
33 70
23 53
67 56
59 91
2 88
74 24
46 87
75 80
80 61
82 29
31 84
11 26
65 98
12 50
92 92
31 4
95 42
2 12
9 17
56 19
36 49
0 47
84 95
79 95
25 81
52 50
55 77
74 11
30 65
74 45
73 72
55 40
45 35
81 86
61 94
29 3
86 52
87 28
85 75
63 27
56 82
89 3
1 25
79 79
76 81
97 10
56 53
23 0
82 48
97 76
39 62
27 2
26 83
60 61
36 73
62 3
69 63
95 6
69 34
29 87
25 42
5 75
14 34
11 69
0 21
22 5
38 75
10 73
18 31
3 83
64 19
68 22
8 80
90 24
28 40
89 54
94 11
56 15
72 16
75 21
68 29
59 67
66 27
56 63
30 63
80 84
20 12
42 17
16 3
24 66
49 23
25 77
41 91
71 21
4 57
25 76
86 24
17 16
66 24
89 79
79 51
36 42
61 97
70 29
72 73
43 38
32 30
2 24
72 52
13 4
44 77
0 48
94 97
93 87
18 13
35 47
25 89
99 44
6 89
89 10
75 53
77 55
79 45
92 42
31 76
30 6
71 12
38 22
70 85
98 76
27 0
79 41
55 88
58 0
32 87
36 19
85 23
14 62
33 48
63 75
65 54
82 82
74 18
31 63
28 9
66 32
70 83
97 15
58 36
82 94
94 96
7 94
27 22
0 42
79 43
82 41
72 37
64 84
45 77
99 26
94 92
48 29
87 75
47 81
74 65
73 94
37 87
94 38
39 58
91 96
48 58
19 32
27 10
84 60
46 11
84 97
34 79
43 24
87 1
56 83
86 22
9 80
20 40
16 27
57 12
97 41
71 74
98 49
43 83
0 30
8 41
19 25
6 28
51 86
63 92
67 91
25 56
49 3
76 84
76 23
73 65
34 8
32 23
35 59
87 58
9 72
53 40
72 96
84 88
4 3
50 93
32 25
82 81
61 22
68 13
30 81
42 71
24 27
4 52
27 17
22 48
91 85
52 35
73 2
33 40
47 70
88 96
9 20
96 73
15 69
11 68
83 47
18 46
72 34
46 46
43 90
60 0
47 94
42 20
65 89
34 40
26 85
23 35
63 11
24 30
97 57
58 73
38 96
51 17
45 90
33 96
71 96
17 71
6 68
42 22
29 19
99 67
20 15
33 16
80 15
74 74
93 60
29 26
90 18
90 72
37 3
48 96
77 80
78 9
97 74
5 99
49 83
42 88
36 53
14 51
77 67
45 4
44 28
13 6
65 46
41 94
73 60
99 17
56 21
14 5
97 73
78 15
80 39
75 95
19 61
85 36
25 52
68 27
1 85
41 1
30 61
45 51
14 65
21 88
89 75
58 81
56 16
34 28
13 3
37 62
25 16
53 91
53 27
99 8
15 63
23 89
84 68
87 27
7 39
28 82
87 22
48 84
65 2
8 6
51 49
55 81
58 53
66 30
94 95
80 40
37 8
69 46
27 6
44 71
49 60
4 87
74 70
14 50
86 74
10 57
57 51
85 67
60 72
32 46
31 38
4 37
7 49
92 9
53 95
94 69
39 54
28 43
33 64
34 51
15 68
91 16
67 66
17 86
71 69
79 98
3 11
76 22
48 28
51 50
45 38
73 51
92 85
78 51
97 51
85 94
86 51
29 34
27 19
80 70
68 72
5 0
20 25
31 69
53 55
55 73
93 56
28 17
72 94
49 77
34 93
37 74
87 32
9 31
17 66
78 38
73 78
81 96
84 23
6 63
85 4
94 80
46 18
16 99
64 68
22 84
14 74
76 72
66 4
34 11
76 82
57 91
20 66
43 80
10 26
61 3
88 76
55 1
2 47
25 65
28 74
94 49
2 90
45 64
36 28
42 61
25 85
72 76
21 3
87 99
46 50
43 95
13 50
41 85
74 19
25 91
94 56
83 42
25 32
29 47
34 20
45 50
91 51
90 15
77 6
91 4
63 6
85 66
31 20
29 99
30 28
13 93
83 11
75 20
99 65
39 27
45 24
34 41
56 87
24 36
6 22
45 72
62 49
96 49
62 62
70 11
63 43
45 43
36 1
69 4
4 18
69 82
53 84
62 8
7 57
56 41
26 46
68 61
29 5
50 39
13 21
84 27
18 29
39 13
53 49
62 93
48 47
34 72
62 15
36 44
42 66
98 97
85 58
66 85
78 99
77 31
43 60
51 73
71 85
94 83
3 91
45 60
37 80
62 21
51 6
4 32
89 72
23 7
59 54
6 86
40 46
18 8
85 95
91 55
17 82
57 49
39 12
78 67
57 76
99 47
74 16
55 82
88 98
96 19
97 84
5 79
87 10
67 11
31 58
52 3
2 98
87 97
8 4
48 90
89 8
64 37
63 67
81 2
69 99
7 30
43 46
49 16
0 38
93 12
65 55
11 85
58 87
51 61
13 60
78 79
92 63
69 58
61 23
90 3
82 2
43 43
80 45
30 74
78 30
15 2
99 31
17 64
51 65
26 41
23 91
55 54
83 14
10 93
96 60
46 67
47 22
9 71
50 63
51 81
35 52
64 51
20 87
15 54
71 54
25 2
64 41
54 6
66 25
36 56
2 89
50 6
83 68
60 91
80 44
44 68
17 19
49 62
48 46
39 87
50 98
81 20
91 53
64 36
0 60
69 97
75 85
7 66
98 87
34 29
73 87
58 63
70 33
10 65
35 3
11 43
83 92
83 77
23 50
86 62
0 68
13 82
10 13
80 88
97 50
86 5
69 8
48 23
28 58
5 53
91 65
12 23
41 45
91 40
5 89
57 56
3 8
0 8
93 77
19 14
11 49
10 84
79 42
84 82
9 85
17 43
34 1
77 50
15 23
6 75
73 69
64 16
34 64
15 82
2 61
35 58
30 5
38 72
20 99
39 25
78 40
54 47
35 72
99 27
59 72
64 46
11 6
66 59
73 68
31 5
74 9
89 1
0 52
96 40
14 64
52 96
39 22
9 9
94 8
21 45
91 14
10 10
49 59
90 7
10 2
82 98
68 30
3 89
16 11
6 51
90 36
64 12
8 7
34 39
4 66
68 69
21 23
3 31
70 72
83 93
67 34
8 92
19 26
77 54
89 74
77 23
6 79
39 11
27 94
23 6
78 92
21 7
89 25
75 6
85 56
86 67
50 36
72 88
35 86
95 76
8 68
64 77
94 12
39 45
14 93
40 77
79 8
88 28
92 80
60 67
99 81
70 12
87 23
11 22
94 70
88 26
1 16
17 40
55 18
15 38
27 83
70 52
64 42
52 64
56 70
12 26
97 64
89 86
84 71
2 62
55 74
27 1
80 18
37 21
87 77
11 36
6 36
47 3
41 29
16 75
40 14
60 47
88 54
19 88
97 7
59 20
93 74
67 19
36 37
27 4
39 91
77 49
23 21
16 8
54 4
99 13
33 3
48 87
95 85
26 69
12 34
30 87
56 74
72 71
27 50
11 3
85 61
98 59
31 42
14 87
34 24
61 20
41 5
35 45
69 17
99 2
35 64
31 74
40 33
78 75
25 35
98 80
59 61
23 9
40 30
59 70
23 59
64 95
89 64
49 76
35 2
40 3
40 36
6 34
26 9
11 50
39 31
53 59
66 5
0 6
68 7
5 95
45 61
58 39
34 9
67 80
5 71
92 57
65 19
18 98
6 52
20 62
53 34
2 38
63 89
68 49
44 11
87 50
38 16
61 83
55 49
96 99
1 8
45 29
17 52
54 98
85 29
67 81
27 46
92 69
65 43
81 48
34 83
81 45
37 48
21 12
68 14
26 12
69 21
75 94
29 31
30 20
16 57
32 86
91 80
49 61
39 38
21 97
24 33
40 1
8 59
21 22
48 86
19 28
32 97
64 82
56 40
76 11
35 60
74 44
86 12
85 31
80 91
93 20
98 55
31 6
19 97
86 46
29 84
42 49
5 34
25 92
71 55
30 82
1 37
42 25
61 68
17 93
52 20
80 83
72 59
44 13
31 55
13 40
88 75
84 72
1 40
44 84
62 77
82 17
42 7
19 13
35 8
98 23
19 94
33 44
20 23
61 5
88 44
68 44
20 2
56 97
56 80
68 98
31 73
77 18
41 52
82 47
37 77
73 98
91 70
42 85
84 5
85 42
22 15
94 84
83 63
82 46
15 3
90 94
75 5
91 50
40 88
47 53
34 19
16 93
47 23
63 74
81 83
27 28
50 23
55 44
37 64
88 17
9 24
36 94
1 75
13 87
39 59
68 66
98 57
98 9
55 58
6 60
17 0
77 42
16 85
43 5
5 88
28 89
15 28
10 14
50 46
74 43
47 30
91 42
62 67
57 5
86 73
46 92
94 74
22 97
6 13
67 96
57 99
63 21
31 0
93 51
98 46
44 48
99 87
87 91
51 91
74 85
58 82
97 82
5 22
57 26
71 33
48 40
6 47
70 87
95 53
67 27
93 50
40 74
18 38
40 61
9 13
37 55
8 39
63 15
38 17
94 99
15 9
59 87
3 72
56 17
39 79
25 25
52 0
67 67
36 32
63 5
25 48
27 42
12 52
58 58
95 48
19 1
63 91
70 16
18 22
94 20
16 88
61 29
41 49
16 73
73 92
35 6
38 84
10 35
56 65
49 92
83 27
15 93
85 25
54 56
41 95
10 68
44 36
75 19
46 10
40 45
26 51
71 37
60 87
39 75
83 24
14 67
41 96
27 47
91 35
99 43
98 43
70 41
29 25
0 76
32 9
46 94
35 11
61 90
7 42
88 82
90 20
27 40
11 87
9 79
4 1
89 55
9 25
79 70
95 94
8 29
69 42
72 87
41 51
83 19
58 48
83 41
56 71
74 17
93 5
98 4
75 8
43 97
36 34
45 18
26 5
56 88
7 86
60 53
73 22
71 28
4 6
48 41
7 76
59 97
33 69
23 27
24 65
6 21
62 68
9 18
84 18
19 67
98 90
9 43
86 13
40 4
22 45
85 18
63 25
49 35
16 97
82 58
18 92
50 13
32 13
76 34
68 39
99 97
62 57
70 5
43 20
8 76
21 27
46 77
5 27
4 61
87 94
3 17
1 26
38 62
5 11
59 2
53 65
93 47
65 40
47 25
75 51
18 74
67 59
87 89
84 12
5 59
20 79
42 19
81 33
11 91
62 99
10 38
86 34
82 68
95 56
94 61
23 77
71 84
90 56
38 64
96 58
9 40
67 85
1 82
22 6
88 4
47 76
57 25
59 27
47 28
10 9
87 83
91 58
77 11
6 49
80 11
51 59
47 77
57 90
0 94
67 14
11 76
2 55
83 67
71 42
86 26
22 69
52 88
87 42
91 20
92 23
84 98
46 2
34 35
6 18
87 78
59 49
99 92
50 78
95 23
7 60
72 30
73 86
56 86
22 36
66 19
59 10
13 45
18 45
77 58
14 53
28 38
20 96
11 7
37 32
71 11
3 15
83 6
77 48
62 24
30 71
31 59
90 98
40 56
23 58
95 79
7 32
52 44
39 81
9 35
24 6
96 30
12 59
34 77
13 16
37 41
42 40
82 3
9 21
42 91
65 52
95 34
49 78
74 14
60 78
23 52
46 59
78 45
63 77
1 70
35 98
13 83
66 80
8 90
59 35
46 7
47 44
76 15
62 56
82 63
82 20
44 20
51 4
70 68
62 80
58 47
32 26
5 55
69 91
9 81
70 4
55 87
14 85
67 58
2 42
42 39
17 74
35 48
23 96
47 73
57 43
30 55
15 26
89 11
45 81
98 26
35 20
12 51
76 19
75 67
13 85
82 60
32 62
60 33
49 84
58 57
96 89
27 32
95 46
14 40
89 58
14 70
34 52
53 78
61 21
23 36
89 44
5 7
68 9
56 8
81 49
39 23
80 16
15 0
5 25
22 86
56 31
62 76
75 97
73 27
28 71
55 78
84 70
91 34
42 1
59 57
5 5
65 88
7 80
82 36
83 15
63 17
50 41
36 11
90 99
87 60
14 49
76 94
99 56
69 45
23 25
88 90
54 55
18 96
54 20
84 25
48 74
36 75
29 76
42 54
16 37
53 30
14 10
39 39
56 22
22 52
14 31
65 94
63 1
61 62
68 99
34 3
57 84
64 9
55 4
99 30
22 3
61 57
76 98
64 20
31 35
31 39
1 67
12 2
61 96
50 9
1 24
21 8
16 43
54 75
47 11
38 3
20 49
20 26
78 69
74 28
69 32
70 46
31 87
50 21
7 81
0 72
51 62
90 23
29 67
66 81
86 75
17 22
89 40
47 41
96 27
28 81
54 72
40 21
11 11
97 89
56 91
24 89
91 77
30 84
4 38
91 43
72 55
13 86
93 39
25 14
96 92
35 35
23 65
81 3
26 44
83 60
29 61
30 97
68 18
39 16
76 9
38 57
16 1
88 16
21 72
5 93
64 30
77 44
92 65
1 35
5 14
43 40
43 57
65 56
25 12
40 84
79 74
0 61
92 77
56 5
53 92
16 18
16 42
90 44
99 33
1 2
73 20
7 35
54 57
72 15
34 25
39 80
28 64
60 74
61 39
13 9
61 87
93 46
23 70
32 40
94 7
70 55
83 96
19 89
95 93
27 87
39 8
33 79
22 92
19 36
15 97
12 99
11 66
15 72
65 80
66 91
32 11
93 43
92 62
45 2
4 5
20 36
9 97
98 1
82 78
52 19
33 0
82 54
37 47
78 68
49 67
71 80
20 84
40 90
16 74
34 84
40 95
22 94
67 5
31 8
53 42
60 89
39 69
8 22
52 62
91 72
54 34
23 76
25 63
61 99
66 89
80 47
34 81
23 45
5 84
43 93
93 42
11 73
45 94
96 68
0 46
87 62
38 92
88 69
11 1
83 31
84 56
88 3
59 60
64 88
31 18
73 23
52 15
5 37
33 65
1 57
50 42
6 39
91 87
21 57
28 48
69 69
89 61
45 86
99 9
40 63
19 54
66 31
54 18
3 12
11 97
41 46
50 94
84 21
84 7
3 3
47 37
76 60
50 45
21 85
16 22
1 23
85 34
36 22
21 0
59 46
99 0
92 48
90 88
63 0
97 11
29 50
54 2
10 18
32 18
20 50
39 5
9 23
99 60
63 12
38 37
83 55
0 99
31 40
9 36
41 2
29 55
7 83
67 15
89 93
32 33
32 12
94 22
34 26
99 48
32 36
83 3
88 91
5 23
29 0
92 28
61 78
24 18
40 72
48 42
35 7
52 37
67 23
2 10
58 54
52 87
58 85
4 15
76 92
70 36
48 73
15 67
34 2
20 58
65 38
40 71
66 51
59 78
50 72
47 0
13 37
45 84
35 87
91 76
72 36
54 92
64 23
31 25
64 97
93 70
20 46
98 10
18 80
21 78
29 21
18 21
12 86
44 24
19 37
99 36
88 29
44 31
93 7
25 17
10 25
57 65
28 13
35 38
17 95
99 19
60 1
61 67
24 80
20 29
49 50
9 98
37 2
5 39
9 91
19 42
67 53
99 90
32 21
1 97
88 38
7 74
84 80
27 90
82 39
22 65
79 50
90 4
31 56
24 94
51 47
5 60
3 40
86 98
28 26
89 4
3 61
70 7
63 58
52 55
63 87
93 9
17 91
20 8
13 81
40 9
73 67
11 94
71 30
90 58
9 66
41 22
40 22
84 59
20 70
50 47
82 27
81 51
28 56
37 6
60 30
51 51
94 0
77 71
55 7
90 37
90 71
42 2
38 66
66 71
21 24
56 35
54 54
70 1
94 85
51 10
82 86
92 49
54 11
72 81
14 77
53 66
58 18
68 12
90 85
59 93
16 9
45 47
33 36
66 39
1 1
29 44
96 78
82 38
79 99
87 48
3 19
76 56
83 86
65 31
60 14
4 73
70 82
46 30
16 60
72 20
90 57
65 49
76 18
14 61
25 30
86 61
73 74
92 37
68 48
13 57
66 36
90 67
22 96
88 37
74 86
80 0
9 70
60 37
47 98
65 63
31 16
71 2
63 41
35 10
18 54
1 68
67 45
55 45
47 1
26 50
92 22
2 74
67 64
52 47
65 10
19 3
27 20
27 13
41 30
13 96
20 54
76 58
46 42
8 26
27 76
53 41
46 17
43 28
14 72
30 58
17 61
65 18
8 73
40 55
75 58
76 10
30 19
61 50
83 62
22 20
69 89
86 76
61 24
89 49
95 92
68 45
68 90
10 21
50 48
71 46
5 70
6 59
50 97
17 41
4 24
66 76
97 14
80 36
93 41
82 42
98 39
46 39
55 96
54 25
8 55
78 57
72 4
81 31
48 22
26 2
99 28
66 37
66 20
17 6
88 64
28 18
66 54
91 30
67 1
32 73
68 74
30 42
36 16
0 88
34 36
62 44
22 16
71 77
25 83
26 30
83 12
42 52
68 79
77 16
57 77
54 26
28 6
54 87
79 93
22 83
54 77
65 62
39 36
96 67
72 63
90 19
36 84
5 74
34 90
85 60
23 99
84 84
37 99
66 65
8 97
71 15
24 11
24 88
99 45
26 0
81 91
89 19
65 0
77 61
98 30
16 10
24 83
89 90
23 72
24 39
18 50
35 55
85 40
24 13
23 41
98 35
72 12
38 54
59 98
50 12
92 13
45 70
34 48
22 60
29 37
21 17
17 17
76 63
88 19
51 89
2 36
9 3
25 94
15 22
84 45
9 74
88 48
46 41
40 64
55 56
58 60
52 84
81 94
80 20
53 68
23 63
7 56
39 93
71 39
48 69
68 56
78 18
24 3
54 13
15 77
29 49
12 0
6 84
43 30
6 24
42 97
98 86
35 53
74 78
13 20
94 29
45 14
67 28
85 6
10 31
99 61
29 93
28 32
51 63
82 69
13 27
73 17
65 82
81 37
1 56
62 81
56 54
17 75
22 44
2 26
28 41
52 8
89 15
33 41
23 14
74 31
26 18
35 21
80 17
10 67
14 57
0 78
97 88
33 95
52 4
0 95
21 99
33 28
78 50
28 60
19 59
7 31
48 60
60 40
98 89
14 78
90 63
87 20
89 48
38 21
67 39
50 2
30 88
26 95
79 83
30 0
82 73
77 99
69 77
51 68
27 71
47 97
86 97
67 0
90 22
1 32
44 4
12 8
60 16
78 53
20 13
85 1
94 89
53 79
9 93
50 85
13 18
55 47
26 94
86 19
81 13
24 19
7 77
84 33
37 60
60 35
53 46
42 50
88 73
0 87
15 99
82 22
20 98
20 55
86 86
14 82
23 34
50 22
73 62
24 96
7 95
0 81
35 67
82 65
39 7
60 46
15 49
0 70
59 90
64 28
76 66
56 77
38 77
18 33
99 75
34 6
93 0
50 38
6 80
62 34
64 85
16 16
62 11
78 60
93 3
88 86
75 68
25 28
54 66
25 59
72 90
66 93
85 33
69 3
57 19
78 61
78 84
90 66
64 92
96 13
95 58
35 40
8 87
46 45
4 50
21 4
90 11
1 19
45 55
4 4
96 39
42 60
26 68
67 97
79 59
2 60
78 34
68 25
71 63
3 68
54 67
0 92
13 88
92 34
42 36
86 0
0 71
40 47
78 41
39 48
13 25
57 37
76 61
45 58
40 96
60 82
60 13
11 62
60 29
48 12
79 58
0 57
89 81
34 89
22 56
60 59
87 15
14 75
24 35
65 79
7 13
52 45
6 83
35 56
97 12
31 37
0 41
46 9
37 59
71 64
31 52
78 37
1 74
3 18
34 37
50 61
20 90
77 27
77 39
18 49
89 21
53 63
45 85
83 95
82 71
18 11
57 94
35 46
88 13
2 78
55 33
6 56
41 70
46 1
57 44
13 84
45 62
80 32
53 35
28 20
89 94
39 37
12 53
92 29
49 86
33 27
80 1
35 51
49 17
65 95
15 12
49 41
45 6
25 79
66 40
29 10
80 48
90 27
19 5
18 20
19 95
57 87
25 84
14 37
42 51
62 2
54 7
7 51
36 58
36 93
8 61
52 63
22 85
48 13
17 58
90 80
9 14
41 41
79 61
67 42
31 89
68 76
70 21
19 9
62 84
78 90
23 26
52 95
62 89
80 92
44 39
28 14
93 30
33 82
43 9
36 69
63 9
37 52
72 51
72 57
60 39
25 29
10 33
83 88
75 37
73 34
66 87
42 76
66 16
3 10
20 75
26 67
33 2
48 85
89 46
57 64
71 29
41 80
38 1
9 67
18 2
38 52
95 98
26 47
62 63
14 55
24 52
52 94
11 99
16 29
87 56
98 78
48 25
29 68
6 82
3 27
68 6
86 21
98 66
73 52
20 4
4 29
10 50
88 8
24 81
68 94
2 56
35 36
46 72
66 96
26 27
93 21
38 47
44 21
71 66
79 52
7 50
75 78
41 61
30 62
19 33
13 75
74 75
56 46
55 83
42 12
73 24
61 11
59 92
99 80
36 45
94 60
63 3
91 69
60 26
82 93
78 88
28 29
82 50
44 94
29 96
16 68
70 71
0 22
4 65
75 45
65 76
17 65
3 62
84 24
53 8
32 83
95 72
17 48
70 88
33 11
39 56
34 15
94 36
4 58
13 23
73 25
2 46
84 28
98 65
94 62
38 19
32 78
65 3
30 43
89 60
24 75
70 97
52 30
36 31
63 29
11 23
96 24
43 61
20 1
24 16
65 15
32 89
50 26
49 54
79 76
17 7
10 37
64 75
91 7
37 38
37 18
19 48
70 43
8 53
83 61
22 54
19 39
19 27
44 19
51 21
1 81
26 98
36 89
26 11
50 71
21 62
77 76
15 10
81 16
30 77
86 82
75 48
64 18
14 41
15 94
36 13
24 44
66 88
60 98
84 77
21 98
53 60
0 58
13 90
55 66
11 10
61 98
52 74
41 43
50 79
68 83
78 46
77 5
67 12
97 13
61 53
48 93
86 39
63 4
57 35
65 99
60 19
86 45
17 51
89 2
72 0
3 7
14 4
42 92
4 46
89 91
63 40
73 99
42 53
91 27
50 24
35 37
44 15
67 95
99 29
91 12
55 20
60 79
71 36
67 79
35 12
9 76
67 75
68 54
34 70
13 14
40 24
28 97
58 24
81 70
37 89
79 29
80 65
84 9
58 55
2 33
78 13
7 93
81 69
71 99
91 81
88 14
86 44
4 40
67 6
41 7
86 60
12 61
81 14
11 60
31 30
80 93
4 94
53 80
99 71
28 67
47 15
55 92
13 17
7 23
85 39
32 75
29 14
7 87
95 44
65 9
96 51
67 22
12 4
35 4
42 62
47 14
84 10
91 46
29 80
12 57
45 19
12 24
26 52
69 57
93 83
94 9
30 47
7 97
59 81
3 60
83 64
88 9
11 71
0 54
53 45
31 17
51 75
86 9
77 85
41 72
58 65
29 20
67 9
29 4
93 33
14 73
17 89
87 69
70 3
32 14
32 34
98 56
56 11
14 12
51 23
90 61
37 88
37 40
54 44
94 30
22 80
80 57
45 65
66 74
46 29
30 23
81 5
54 40
62 6
96 3
56 62
38 28
41 35
32 50
96 25
53 28
41 17
77 22
31 10
37 5
50 11
14 26
70 8
99 73
5 15
42 8
28 34
20 89
17 56
38 45
45 7
65 68
64 60
21 26
19 47
2 86
20 14
45 78
50 33
57 80
60 84
46 93
73 73
10 22
94 26
21 61
52 17
25 20
33 43
15 52
90 48
74 64
84 16
12 89
47 21
14 30
19 18
73 55
84 90
36 99
0 75
31 68
87 88
40 7
10 0
48 1
65 39
16 65
29 97
60 66
76 97
89 96
75 89
6 3
13 97
13 12
41 81
87 52
8 99
86 80
35 93
47 26
2 18
28 95
25 62
61 51
11 9
65 92
73 39
92 1
55 6
70 92
86 55
15 33
94 72
64 45
56 76
35 88
45 34
71 78
48 50
81 46
45 25
2 99
61 76
62 37
28 1
19 82
36 5
7 96
22 59
82 61
14 56
86 72
64 6
36 25
0 82
70 14
99 63
33 37
25 54
73 10
10 91
79 19
66 14
44 53
18 23
35 77
96 79
56 32
84 94
0 15
69 24
81 17
47 18
13 98
7 59
64 3
6 96
51 94
96 35
33 63
45 63
73 21
56 25
64 11
90 53
40 62
50 88
14 59
41 34
26 57
54 36
4 51
53 29
43 32
74 99
69 33
13 24
70 93
70 39
73 91
93 27
2 20
10 74
47 58
79 4
58 84
53 22
8 5
25 47
36 21
83 18
25 1
55 93
20 39
42 65
43 69
45 73
6 62
88 46
89 76
19 4
60 73
57 96
8 81
48 20
49 48
19 72
66 2
8 94
84 62
97 47
90 62
34 22
71 93
45 32
85 91
41 74
54 24
80 35
79 25
18 3
83 39
11 57
65 8
46 89
45 57
22 74
5 73
87 33
46 40
7 16
76 76
69 7
81 6
95 96
70 91
4 97
38 89
84 36
42 11
7 98
82 31
95 29
18 34
59 55
52 70
61 71
57 36
32 71
96 4
42 80
59 24
17 73
69 38
13 67
8 28
52 5
37 10
52 18
44 85
95 74
90 29
84 44
4 26
54 91
91 10
8 98
42 89
52 16
1 63
62 5
10 95
82 99
2 50
14 89
8 40
53 6
55 84
18 30
95 83
21 82
2 23
80 12
68 93
28 16
92 68
85 96
49 56
73 50
26 58
0 69
37 28
18 57
85 12
88 43
2 14
27 64
63 99
49 96
63 13
71 9
5 42
42 42
59 58
79 31
8 21
78 2
27 35
3 22
26 36
16 7
0 64
55 64
54 37
56 20
88 81
58 19
97 81
57 62
94 32
91 88
45 13
12 18
26 35
76 32
94 41
44 16
24 14
63 22
30 99
94 52
83 99
74 8
1 94
1 21
9 68
42 21
22 75
26 99
51 83
62 82
70 84
38 90
56 68
75 87
70 98
20 5
24 10
35 0
3 45
55 19
80 62
78 98
38 81
78 96
55 60
31 32
66 49
76 7
34 97
8 37
1 54
93 76
79 44
56 66
29 9
7 55
39 32
96 80
55 75
91 99
76 0
29 15
70 62
79 72
59 17
81 67
18 52
15 85
83 7
9 45
27 23
38 38
43 58
80 14
95 64
63 8
59 74
68 84
57 22
87 7
24 50
28 57
54 60
57 41
27 79
67 78
48 80
91 6
63 71
76 16
21 18
54 5
41 28
13 56
48 91
78 33
99 50
1 18
79 54
65 78
47 86
78 24
60 24
72 43
73 6
80 10
69 62
49 10
55 34
43 49
96 57
77 92
10 70
96 16
38 98
86 10
60 60
75 79
90 1
42 82
80 64
98 83
66 12
86 93
66 0
87 79
73 11
16 72
98 8
8 2
83 84
40 89
59 38
74 32
29 28
57 59
6 45
38 4
97 40
7 88
43 22
48 56
77 46
50 49
8 9
17 54
60 54
38 10
98 20
13 30
73 95
30 46
79 78
91 48
6 37
82 28
59 80
93 72
96 50
4 99
0 17
44 38
85 21
99 3
27 52
71 95
22 55
88 47
95 19
6 46
60 10
72 83
12 73
35 71
7 48
73 49
99 69
48 48
98 72
89 62
67 17
22 22
35 81
75 34
92 78
50 14
75 75
42 86
97 75
20 91
77 40
50 40
51 7
87 16
70 2
14 29
51 98
2 91
72 46
41 36
11 32
73 84
3 16
15 73
49 31
60 64
72 54
57 14
79 38
76 73
53 0
92 93
51 84
13 41
16 67
22 18
85 78
30 8
17 83
3 0
88 97
46 32
4 36
52 23
5 62
16 49
85 76
95 16
84 30
15 64
9 88
43 98
40 79
14 90
52 28
60 23
85 83
57 33
63 54
56 29
19 21
83 1
81 42
38 8
66 23
89 28
54 10
76 3
67 47
37 12
93 24
59 23
1 45
73 93
12 63
82 5
26 3
36 24
17 38
84 31
87 92
26 76
67 13
47 43
13 94
27 93
79 37
32 72
42 29
46 26
76 5
5 43
19 51
93 49
75 10
94 3
93 34
42 14
50 43
51 29
34 88
12 98
76 45
78 8
96 81
68 55
20 21
53 4
21 94
19 58
79 90
34 94
96 98
81 90
90 8
83 2
56 34
64 48
91 39
96 11
46 48
5 63
96 48
30 15
36 61
2 69
65 33
32 48
30 41
73 71
30 92
3 48
88 65
13 49
75 55
68 92
7 12
84 35
15 32
5 77
2 65
1 44
94 23
2 95
56 0
37 81
34 75
42 43
18 40
16 21
1 52
55 91
82 64
84 57
25 64
16 89
23 64
58 1
96 44
57 58
92 53
4 30
73 63
47 88
93 89
87 13
45 16
40 51
18 76
72 45
26 29
9 41
79 11
31 28
89 24
93 62
29 60
73 41
14 96
71 17
79 55
8 45
76 86
48 72
27 61
9 37
35 43
22 50
6 87
18 9
1 50
17 21
10 8
20 92
59 85
23 44
31 1
79 34
0 65
21 16
58 66
64 8
0 31
74 77
59 11
78 78
11 13
74 25
32 67
37 92
26 61
74 89
47 10
68 60
17 31
2 57
49 87
96 97
42 27
15 1
0 29
2 17
61 35
37 13
77 53
72 44
54 19
8 34
47 72
69 39
80 49
53 25
7 72
64 43
74 61
32 22
6 98
31 2
87 35
73 76
3 90
54 68
49 91
13 48
58 2
77 25
87 0
9 87
69 61
31 11
50 89
45 92
76 47
37 20
82 18
62 42
12 5
48 9
96 84
4 21
39 97
21 53
36 46
42 69
8 35
63 50
39 43
36 70
4 33
12 97
0 34
31 79
80 85
38 41
96 59
99 51
70 60
27 82
49 1
75 86
38 73
38 76
12 6
93 71
55 51
87 19
8 48
43 0
22 25
67 2
49 24
22 98
15 53
4 7
86 83
46 79
49 2
43 37
90 89
58 79
84 87
45 40
3 73
19 56
64 15
8 17
59 51
24 84
31 19
23 37
62 94
45 48
5 48
90 70
3 32
3 57
62 55
90 9
31 22
1 93
29 90
96 34
24 62
96 6
56 61
43 96
40 16
70 56
92 17
4 49
79 15
30 40
56 49
47 17
36 52
4 34
17 24
35 27
35 33
71 79
62 30
35 62
35 82
2 22
41 77
45 8
18 64
35 92
42 3
16 44
73 90
40 5
88 85
41 64
3 38
96 9
90 96
61 73
52 33
97 98
39 66
2 84
72 85
71 18
63 60
44 1
40 78
78 12
13 68
71 43
7 40
91 89
75 77
66 94
69 20
16 94
63 86
17 97
38 6
18 68
56 51
27 72
74 96
18 17
76 85
40 28
98 73
18 89
92 3
85 3
77 82
89 73
88 84
87 37
28 73
85 92
65 32
25 96
14 8
24 32
68 37
92 31
5 82
90 73
32 66
89 32
95 88
31 66
8 72
7 3
81 32
28 63
17 26
46 4
3 52
76 50
12 83
18 94
78 71
6 50
82 55
76 77
74 7
55 59
45 23
0 4
61 42
61 52
14 45
17 45
99 94
72 39
82 88
67 72
74 26
81 57
58 23
9 19
90 31
33 17
33 33
68 10
84 37
64 29
29 73
86 79
32 19
36 92
57 6
33 29
21 46
20 11
42 5
22 4
1 39
34 71
80 37
53 96
28 91
58 64
87 45
7 45
54 43
58 98
61 61
30 60
3 4
34 23
7 78
56 93
48 37
66 26
79 77
0 1
19 93
72 47
13 63
59 77
36 43
39 28
97 71
57 46
35 49
88 74
34 46
76 65
12 93
28 24
18 18
35 99
11 27
84 43
19 80
27 37
30 16
46 95
61 13
33 53
13 70
73 77
97 35
9 94
92 64
40 97
92 89
50 27
73 97
6 6
3 75
54 48
75 9
75 83
48 21
83 29
17 92
17 98
75 43
99 39
51 13
96 52
59 26
75 13
91 38
97 43
52 10
74 71
68 52
72 28
84 99
46 82
95 43
17 39
54 22
47 24
75 2
29 38
39 82
57 79
93 28
96 54
15 50
62 74
32 32
58 35
13 89
18 10
54 33
30 79
92 32
40 50
39 61
38 63
92 97
71 89
27 14
22 17
54 71
21 69
87 66
2 63
50 44
21 2
57 3
37 73
10 85
33 72
84 40
59 63
56 45
16 77
92 88
61 59
60 7
4 31
90 47
94 45
0 10
19 84
83 69
35 68
14 80
93 85
26 39
21 38
29 7
6 61
36 35
40 99
93 38
94 46
63 83
55 76
57 61
12 16
41 65
62 35
82 74
4 9
77 36
40 58
11 59
39 90
54 9
84 0
18 42
83 53
10 39
26 43
64 24
60 3
59 99
51 34
19 15
78 7
53 98
85 41
58 95
40 26
38 49
