13 15 0 U 1
12 15 0 U 1
11 15 1 U 1
10 15 0 U 1
9 15 0 U 1
8 15 0 U 1
7 15 0 U 1
6 15 0 U 1
5 15 1 U 1
4 15 0 U 1
3 15 0 U 1
2 15 1 L 1
4 2 0 D 1
5 2 0 D 1
6 2 0 D 1
7 2 0 D 1
8 2 0 D 1
9 2 0 D 1
10 2 0 D 1
3 9 0 D 1
12 1 0 R 1
11 2 0 D 1
4 9 0 D 1
2 15 0 D 1
12 2 0 R 1
5 9 0 D 1
3 15 0 D 1
1 13 0 D 1
12 3 0 R 1
9 6 0 D 1
6 9 0 R 1
4 15 0 D 1
2 13 0 D 1
12 4 0 R 1
10 6 0 D 1
6 16 0 D 1
6 10 0 D 1
5 15 1 D 1
3 13 0 D 1
12 5 0 R 1
11 6 0 D 1
7 16 0 D 1
7 10 0 D 1
6 15 0 D 1
4 13 0 D 1
12 6 0 R 1
8 16 0 D 1
8 10 0 D 1
7 15 0 D 1
5 13 0 D 1
12 7 1 R 1
9 16 1 D 1
9 10 0 D 1
8 15 0 D 1
6 13 0 D 1
12 8 0 R 1
10 16 0 D 1
10 10 0 D 1
9 15 0 D 1
7 13 0 D 1
12 9 0 R 1
11 16 0 D 1
11 10 0 D 1
10 15 0 D 1
8 13 0 D 1
12 16 0 L 1
12 10 1 R 1
11 15 1 D 1
9 13 0 D 1
12 15 0 L 1
12 11 1 R 1
10 13 0 D 1
12 14 0 L 1
12 12 0 R 1
11 15 0 D 1
12 15 0 L 1
12 14 0 L 1
12 13 7 L 7
15 13 0 U 1
14 13 0 U 1
13 13 0 U 1
12 13 7 L 7
13 14 0 U 1
12 14 0 L 1
12 13 7 U 6
10 12 0 D 1
11 12 0 D 1
12 12 0 R 1
12 13 7 L 7
12 11 0 R 1
12 12 0 R 1
12 13 7 L 7
12 13 0 D 1
13 13 0 D 1
14 13 0 D 1
15 13 0 D 1
16 13 1 L 1
16 12 0 L 1
11 13 0 D 1
12 13 0 D 1
13 13 0 D 1
14 13 0 D 1
15 13 0 D 1
16 13 1 L 1
16 12 0 L 1
16 15 0 L 1
9 16 0 D 1
5 0 0 D 1
16 14 0 U 1
10 16 0 D 1
6 0 0 D 1
2 4 0 D 1
15 14 0 U 1
11 16 0 D 1
7 0 0 D 1
6 1 0 D 1
3 4 0 D 1
14 14 0 U 1
12 16 0 L 1
8 0 0 D 1
7 1 0 D 1
4 4 0 D 1
13 14 0 U 1
12 15 0 L 1
9 0 0 D 1
8 1 0 D 1
5 8 0 D 1
5 4 0 D 1
12 14 0 L 1
10 0 0 D 1
9 1 0 D 1
6 8 0 D 1
6 4 0 D 1
12 13 0 L 1
11 0 0 D 1
10 1 0 D 1
7 8 0 D 1
7 4 0 D 1
12 12 0 L 1
12 0 0 R 1
11 1 0 D 1
8 8 0 D 1
8 4 0 D 1
16 7 0 U 1
14 3 0 U 1
12 11 0 L 1
12 1 0 R 1
9 8 0 D 1
9 4 0 D 1
15 7 0 U 1
13 3 0 U 1
12 10 0 L 1
12 2 0 R 1
10 8 0 D 1
10 4 0 D 1
14 7 0 U 1
12 9 0 L 1
12 3 0 R 1
11 8 0 D 1
11 4 0 D 1
13 7 0 U 1
12 8 0 L 1
12 7 3 L 1
12 6 0 L 1
12 5 0 L 1
12 7 1 L 1
12 6 0 L 1
12 5 0 L 1
16 0 0 R 1
16 1 0 R 1
16 2 0 R 1
16 3 0 R 1
16 4 0 R 1
8 14 0 D 1
9 14 0 D 1
10 14 0 D 1
15 12 0 U 1
11 14 0 D 1
14 12 0 U 1
12 14 0 L 1
13 12 0 U 1
12 13 0 L 1
12 12 0 L 1
12 11 0 L 1
12 10 0 L 1
12 9 0 L 1
12 8 0 L 1
12 7 0 D 1
13 7 0 D 1
14 7 0 D 1
15 7 0 L 1
15 6 0 L 1
13 1 0 U 1
12 1 0 U 1
11 1 0 U 1
10 1 0 U 1
9 1 0 U 1
8 1 0 U 1
7 1 0 U 1
6 1 0 U 1
5 1 0 R 1
5 2 0 U 1
4 2 0 R 1
4 3 0 R 1
4 4 0 R 1
2 6 0 D 1
4 5 0 R 1
3 6 0 D 1
4 6 0 R 1
4 7 0 R 1
4 8 0 D 1
5 8 0 D 1
6 8 0 D 1
7 8 0 D 1
8 8 0 D 1
9 8 0 D 1
10 8 0 D 1
11 8 0 D 1
12 8 0 R 1
12 9 0 R 1
12 10 0 R 1
12 11 0 R 1
2 0 0 D 1
3 0 0 D 1
4 0 1 D 1
5 0 0 R 1
2 3 0 D 1
5 1 0 R 1
3 3 0 D 1
5 2 0 R 1
4 3 0 D 1
5 3 0 R 1
5 4 0 R 1
5 5 0 R 1
5 6 0 R 1
5 7 0 R 1
5 8 0 R 1
5 9 0 R 1
5 10 0 R 1
5 11 0 R 1
5 12 0 R 1
5 13 0 R 1
5 14 0 R 1
5 15 0 D 1
6 15 0 D 1
7 15 0 D 1
8 15 0 D 1
9 15 0 D 1
10 15 0 D 1
11 15 0 R 1
1 10 0 D 1
2 10 0 D 1
3 10 0 D 1
4 10 0 D 1
5 10 0 D 1
6 10 0 D 1
7 10 0 D 1
8 10 0 D 1
9 10 0 D 1
10 10 0 D 1
11 10 0 D 1
12 10 0 D 1
13 10 0 D 1
14 10 0 R 1
14 11 0 R 1
14 12 0 R 1
14 13 0 R 1
14 14 0 R 1
14 15 0 R 1
14 16 0 D 1
4 0 0 D 1
16 13 0 U 1
5 0 0 D 1
15 13 0 U 1
6 0 0 R 1
14 13 0 U 1
6 1 0 R 1
13 13 0 U 1
6 2 0 R 1
12 13 0 U 1
6 3 0 R 1
11 13 0 U 1
6 4 0 R 1
10 13 0 U 1
6 5 0 R 1
9 13 0 U 1
8 13 0 U 1
7 13 0 U 1
6 13 0 L 1
6 12 0 L 1
6 11 0 L 1
6 10 0 L 1
6 9 0 L 1
6 8 0 L 1
6 7 0 L 1
