9 6 0 L 1
9 5 0 U 1
8 5 0 U 1
7 5 0 R 1
7 6 0 U 1
6 6 0 U 1
5 6 0 R 1
5 7 0 R 1
6 11 0 D 1
7 11 0 L 1
7 10 0 L 1
7 9 0 L 1
7 8 1 L 1
7 7 0 L 1
7 6 0 L 1
7 5 0 L 1
7 4 0 L 1
7 3 1 L 1
7 2 0 L 1
5 2 0 L 1
7 1 0 U 1
5 1 0 D 1
6 1 0 L 1
5 0 0 D 1
6 0 0 R 1
6 1 0 D 1
7 1 0 D 1
8 1 1 R 1
8 2 0 D 1
9 2 0 D 1
10 2 1 D 1
1 3 0 U 1
0 3 0 R 1
0 4 0 R 1
4 11 0 D 1
0 7 0 L 1
0 5 0 R 1
5 11 1 D 1
0 6 1 D 1
6 11 0 D 1
1 6 0 D 1
7 11 0 L 1
2 6 1 D 1
7 10 0 L 1
3 6 0 D 1
7 9 0 L 1
4 6 0 D 1
7 8 1 L 1
5 6 0 D 1
7 7 0 L 1
6 6 0 D 1
7 6 0 L 1
7 5 0 L 1
7 4 0 L 1
7 3 1 D 1
8 3 0 L 1
8 2 0 L 1
8 0 0 R 1
8 1 5 R 2
8 1 0 L 1
8 0 0 D 1
9 0 0 D 1
10 0 0 R 1
10 9 0 R 1
10 10 1 U 1
10 2 0 U 1
9 10 0 R 1
9 2 0 U 1
9 11 1 U 1
9 7 0 L 1
8 2 0 U 1
5 3 0 D 1
9 6 0 L 1
8 11 0 U 1
8 3 0 U 1
7 2 0 R 1
6 3 0 D 1
9 5 0 U 1
7 11 0 U 1
7 3 0 R 1
8 5 0 U 1
7 4 0 R 1
6 11 0 U 1
7 5 0 R 1
5 11 0 L 1
7 6 0 U 1
5 10 1 L 1
6 6 0 U 1
5 9 0 L 1
4 4 0 U 1
5 8 0 L 1
5 6 0 U 1
3 4 0 U 1
5 7 0 U 1
4 6 0 U 1
2 4 0 R 1
4 7 1 U 1
3 6 0 U 1
2 5 1 R 1
3 7 1 U 1
2 6 1 U 1
1 11 0 U 1
2 7 0 R 1
1 6 0 U 1
0 11 1 L 1
2 8 0 U 1
0 10 0 L 1
0 6 0 R 1
0 9 0 L 1
0 7 3 R 1
0 11 0 L 1
0 10 0 L 1
0 9 0 L 1
0 8 7 L 5
1 9 0 U 1
0 9 0 L 1
0 8 7 L 5
0 8 0 D 1
0 7 0 R 1
0 8 0 D 1
11 8 0 R 1
11 9 1 U 1
10 9 0 R 1
10 10 0 U 1
9 10 0 R 1
9 11 0 U 1
8 11 0 U 1
10 4 0 U 1
7 11 0 U 1
9 4 1 R 1
6 11 0 U 1
9 5 0 U 1
5 11 0 L 1
8 5 0 U 1
6 9 0 U 1
5 10 1 L 1
7 5 0 R 1
5 9 0 L 1
7 6 0 U 1
5 8 0 L 1
6 6 0 U 1
5 7 0 U 1
5 6 0 U 1
4 7 0 U 1
4 6 0 U 1
3 7 1 U 1
3 5 0 U 1
3 6 0 U 1
2 7 0 L 1
2 5 1 R 1
2 6 1 U 1
1 6 0 U 1
0 1 0 D 1
1 1 0 R 1
0 6 0 L 1
1 2 0 R 1
0 5 0 L 1
1 3 0 U 1
0 3 0 R 1
2 1 0 U 1
1 1 0 R 1
1 2 0 R 1
1 3 0 U 1
0 3 0 R 1
0 4 0 R 1
0 5 0 R 1
0 6 0 D 1
1 6 0 D 1
2 6 1 D 1
3 6 0 D 1
4 6 0 D 1
5 6 0 D 1
6 6 0 D 1
7 6 0 R 1
7 7 0 R 1
7 8 1 R 1
7 9 0 R 1
7 10 0 R 1
7 11 0 D 1
8 11 0 D 1
9 11 0 L 1
9 10 0 D 1
10 10 0 L 1
10 9 0 D 1
11 9 0 U 1
10 9 0 R 1
10 10 0 U 1
9 10 0 R 1
9 11 0 U 1
8 11 0 U 1
7 11 0 L 1
7 10 0 L 1
7 9 0 L 1
7 8 1 L 1
7 7 0 L 1
7 6 0 L 1
7 5 0 L 1
7 4 0 L 1
7 3 0 D 1
3 11 0 D 1
4 11 0 D 1
5 11 0 D 1
6 11 0 D 1
7 11 0 L 1
3 7 0 D 1
7 10 0 L 1
4 7 0 D 1
7 9 0 L 1
5 7 0 D 1
7 8 1 L 1
6 7 0 D 1
7 7 0 L 1
7 6 0 L 1
7 5 0 L 1
7 4 0 U 1
6 4 0 D 1
7 4 0 R 1
7 5 0 D 1
8 5 0 D 1
9 5 0 D 1
9 4 0 R 1
3 10 0 D 1
9 5 0 U 1
6 10 0 U 1
4 10 0 D 1
8 5 0 U 1
7 8 0 U 1
5 10 0 L 1
7 5 0 R 1
6 8 0 U 1
5 9 0 L 1
7 6 0 U 1
5 8 0 L 1
6 6 0 U 1
5 7 0 U 1
3 3 0 R 1
5 6 0 U 1
4 7 0 U 1
3 4 0 U 1
4 6 0 U 1
3 7 0 U 1
2 4 0 R 1
3 6 0 U 1
2 7 0 L 1
2 5 1 R 1
2 6 0 U 1
2 5 0 R 1
2 6 0 U 1
