1 6 0 D 1
0 3 0 D 1
3 11 0 L 1
2 6 0 D 1
1 3 0 D 1
3 10 0 D 1
3 6 0 D 1
2 3 0 D 1
14 12 0 R 1
5 11 0 D 1
4 10 0 D 1
4 6 0 D 1
3 3 0 D 1
14 13 0 U 1
10 13 0 D 1
6 11 0 D 1
5 10 0 D 1
5 6 0 D 1
4 3 0 D 1
13 13 0 U 1
11 13 0 D 1
7 11 0 D 1
6 10 1 D 1
6 6 0 D 1
5 7 0 D 1
5 3 0 D 1
12 13 0 L 1
8 11 0 D 1
7 10 0 D 1
7 6 0 D 1
6 7 0 D 1
6 3 0 D 1
5 8 0 D 1
12 12 0 L 1
9 11 0 D 1
8 10 0 L 1
8 6 0 L 1
7 9 0 D 1
7 7 0 D 1
7 3 0 D 1
6 8 0 D 1
12 11 0 D 1
10 11 0 L 1
8 9 0 L 1
8 7 0 R 1
8 5 0 D 1
8 3 0 D 1
7 8 0 D 1
13 11 0 L 1
10 10 0 L 1
10 0 0 D 1
9 5 0 D 1
9 3 0 L 1
8 8 0 D 1
13 10 0 D 1
11 0 0 D 1
10 9 0 D 1
10 5 0 R 1
9 8 0 D 1
9 2 0 D 1
14 10 0 L 1
12 0 0 R 1
11 9 0 L 1
10 8 0 D 1
10 6 0 D 1
10 2 0 D 1
14 9 0 L 1
12 1 0 R 1
11 8 0 D 1
11 6 0 R 1
11 2 0 D 1
14 8 0 L 1
12 8 0 L 1
12 2 0 R 1
11 7 0 D 1
14 7 0 U 1
12 7 4 D 1
12 3 0 D 1
13 7 1 L 1
12 7 0 D 1
13 7 4 L 1
13 3 0 R 1
13 6 2 L 1
14 5 0 U 1
13 5 7 L 2
13 5 0 U 1
12 5 0 L 1
13 7 1 L 1
13 6 0 L 1
13 5 1 L 1
13 4 0 U 1
13 5 0 U 1
12 5 0 L 1
11 3 0 L 1
11 2 0 U 1
10 2 0 U 1
9 2 0 U 1
8 2 0 R 1
8 3 0 R 1
8 4 0 R 1
8 5 0 R 1
8 6 0 U 1
7 6 0 U 1
6 6 0 R 1
6 7 0 R 1
6 8 0 R 1
6 9 0 R 1
6 10 0 U 1
5 10 0 U 1
4 10 0 U 1
3 10 0 L 1
3 9 0 L 1
3 8 0 L 1
3 7 0 L 1
3 6 0 L 1
13 7 0 U 1
12 7 0 U 1
11 7 0 U 1
11 14 0 L 1
10 7 0 R 1
11 13 0 L 1
10 8 0 U 1
11 12 0 L 1
9 8 0 U 1
11 11 0 U 1
8 8 0 U 1
10 11 0 U 1
7 8 0 U 1
9 11 0 U 1
6 8 0 U 1
8 11 0 U 1
5 8 0 U 1
7 11 0 U 1
4 8 0 U 1
6 11 0 U 1
3 8 0 U 1
6 12 0 U 1
5 11 0 R 1
2 8 0 R 1
5 12 0 U 1
2 9 0 R 1
4 12 0 U 1
2 10 0 R 1
3 12 0 U 1
2 11 0 R 1
2 12 0 R 1
2 13 0 D 1
3 13 0 L 1
3 12 0 L 1
3 11 0 L 1
3 10 0 L 1
3 9 0 L 1
3 8 0 L 1
3 7 0 L 1
3 6 0 L 1
3 5 0 L 1
3 4 0 L 1
3 3 0 U 1
2 3 0 U 1
13 3 0 U 1
12 3 0 U 1
11 3 0 L 1
11 2 0 U 1
10 2 0 U 1
6 0 0 D 1
9 2 0 L 1
7 0 0 D 1
9 1 0 L 1
8 0 0 D 1
9 0 0 R 1
9 1 0 R 1
9 2 0 R 1
9 3 0 R 1
9 4 0 R 1
