15 12 0 R 1
15 13 0 U 1
14 13 1 U 1
13 13 0 R 1
2 0 0 D 1
13 14 1 R 1
3 0 1 D 1
13 15 0 U 1
4 0 0 D 1
12 15 0 U 1
5 0 0 R 1
11 15 1 U 1
5 1 0 D 1
10 15 0 U 1
6 1 0 D 1
9 15 0 R 1
7 1 0 D 1
14 3 0 U 1
9 16 0 U 1
8 1 1 R 1
13 3 0 R 1
8 16 0 U 1
8 2 1 D 1
13 4 0 U 1
9 2 1 D 1
7 16 1 L 1
1 8 0 D 1
12 4 1 R 1
10 2 0 R 1
7 15 0 L 1
2 8 0 D 1
12 5 0 U 1
10 3 0 R 1
7 14 0 U 1
3 8 0 L 1
2 7 0 D 1
11 5 0 U 1
10 4 0 R 1
6 14 0 L 1
3 7 0 D 1
10 5 0 R 1
6 13 0 L 1
4 7 0 D 1
10 6 0 U 1
6 12 0 L 1
5 7 0 D 1
9 6 0 R 1
6 11 0 D 1
6 7 0 R 1
9 7 1 R 1
7 11 0 L 1
6 8 1 R 1
9 8 1 U 1
7 10 0 L 1
6 9 0 D 1
8 8 0 R 1
7 9 2 D 1
6 8 0 R 1
6 9 0 D 1
7 9 2 D 1
8 9 7 D 2
8 9 0 D 1
9 9 1 D 1
7 9 0 D 1
8 9 0 D 1
9 9 1 D 1
8 1 0 R 1
7 2 0 D 1
8 2 1 D 1
9 2 1 D 1
10 12 0 D 1
10 2 0 R 1
11 12 0 D 1
10 3 0 R 1
12 12 0 L 1
10 4 0 R 1
12 11 0 L 1
10 5 0 R 1
12 10 0 L 1
10 6 0 U 1
12 9 0 U 1
9 6 0 R 1
11 9 0 U 1
9 7 1 R 1
10 9 1 U 1
9 8 1 U 1
9 9 1 U 1
8 8 0 R 1
8 9 0 U 1
7 9 0 R 1
7 10 0 R 1
7 11 0 U 1
6 11 0 R 1
6 12 0 R 1
6 13 0 R 1
5 14 0 D 1
6 14 0 D 1
7 14 0 R 1
7 15 0 R 1
7 16 1 D 1
8 16 0 D 1
9 16 0 D 1
10 16 0 L 1
10 15 0 D 1
11 15 1 D 1
12 15 0 D 1
13 15 0 L 1
13 14 1 D 1
14 14 0 D 1
15 14 0 R 1
15 16 0 L 1
11 1 0 U 1
8 2 0 D 1
10 1 0 R 1
9 2 0 D 1
12 4 0 R 1
10 2 0 R 1
12 5 0 U 1
10 3 0 R 1
11 5 0 U 1
10 4 0 R 1
10 5 0 R 1
10 6 0 U 1
9 6 0 R 1
9 7 0 R 1
9 8 1 U 1
8 8 0 R 1
0 16 0 D 1
8 9 0 U 1
2 11 0 D 1
1 16 0 D 1
7 9 0 R 1
3 11 0 R 1
2 16 1 L 1
7 10 0 R 1
3 12 0 D 1
2 15 0 D 1
7 11 0 U 1
4 12 0 R 1
3 15 0 L 1
6 11 0 R 1
4 13 0 D 1
3 14 0 D 1
6 12 0 R 1
5 13 0 D 1
4 14 0 D 1
6 13 0 R 1
5 14 0 D 1
6 14 0 D 1
7 14 0 R 1
5 16 0 D 1
7 15 1 R 1
7 16 1 D 1
7 15 0 R 1
6 16 0 D 1
7 16 2 D 1
8 16 0 D 1
7 16 1 D 1
9 16 0 D 1
8 16 0 D 1
10 16 0 L 1
9 16 0 D 1
10 15 1 D 1
10 16 0 L 1
11 15 1 D 1
10 15 0 D 1
11 15 2 D 1
12 15 0 D 1
11 15 1 D 1
13 15 1 L 1
12 15 0 D 1
16 13 0 U 1
13 14 1 D 1
13 15 0 L 1
13 14 1 D 1
15 13 0 U 1
14 13 0 R 1
11 15 0 U 1
10 15 0 U 1
9 15 0 R 1
2 16 0 L 1
1 11 0 D 1
9 16 0 U 1
2 15 0 D 1
2 11 0 D 1
8 16 0 U 1
3 15 0 L 1
3 11 0 R 1
7 16 1 L 1
3 14 0 D 1
3 12 0 D 1
3 0 0 D 1
7 15 0 L 1
5 15 0 L 1
4 14 0 D 1
4 12 0 R 1
4 0 0 D 1
2 6 0 D 1
1 7 0 D 1
7 14 0 U 1
5 14 0 D 1
5 0 0 R 1
4 13 0 D 1
3 6 0 R 1
2 7 0 D 1
6 14 0 L 1
5 13 0 D 1
5 1 0 D 1
3 7 0 D 1
6 13 0 L 1
6 1 0 D 1
5 2 0 D 1
4 7 0 D 1
7 1 0 D 1
6 12 0 L 1
6 2 0 D 1
5 7 0 D 1
15 10 0 U 1
11 0 0 U 1
8 1 0 R 1
7 2 0 D 1
6 11 0 D 1
6 7 0 R 1
16 8 0 U 1
14 10 1 U 1
10 0 0 R 1
8 2 0 D 1
7 11 0 L 1
6 8 0 R 1
15 8 0 U 1
13 10 0 U 1
10 1 0 R 1
9 2 0 D 1
7 10 0 L 1
6 9 0 D 1
14 8 0 U 1
12 10 0 L 1
10 2 0 R 1
7 9 0 D 1
13 8 0 U 1
12 9 0 U 1
10 3 0 R 1
8 9 0 D 1
12 8 0 U 1
11 9 0 U 1
10 4 0 R 1
9 9 1 D 1
11 8 0 U 1
10 9 3 L 1
9 9 0 D 1
10 5 0 R 1
10 8 2 L 1
10 7 0 D 1
11 7 0 L 1
11 6 0 D 1
12 6 0 L 1
12 5 0 D 1
13 5 0 L 1
10 9 1 L 1
9 8 0 D 1
10 8 0 L 1
10 7 2 L 1
10 9 0 L 1
10 8 0 L 1
10 7 2 L 1
10 6 7 L 4
10 6 0 D 1
11 6 0 D 1
12 6 0 L 1
12 5 0 D 1
13 5 0 L 1
10 7 0 D 1
11 7 0 L 1
11 6 0 D 1
12 6 0 L 1
12 5 0 D 1
13 5 0 L 1
13 14 0 R 1
13 15 0 U 1
12 15 0 U 1
11 15 0 U 1
10 15 0 U 1
9 15 0 R 1
9 16 0 U 1
8 16 0 U 1
7 16 0 L 1
7 15 0 L 1
3 9 0 L 1
7 14 0 U 1
3 8 0 L 1
6 14 0 L 1
3 7 0 D 1
6 13 0 L 1
4 7 0 D 1
6 12 0 L 1
5 7 0 D 1
6 11 0 D 1
6 7 0 R 1
5 8 0 D 1
14 10 0 U 1
7 11 0 L 1
6 8 0 R 1
1 3 0 D 1
13 10 0 U 1
7 10 0 L 1
6 9 0 D 1
2 3 0 R 1
15 3 0 U 1
12 10 0 L 1
7 9 0 D 1
2 4 0 D 1
14 3 0 U 1
12 9 0 U 1
8 9 0 D 1
3 4 0 D 1
13 3 0 R 1
11 9 0 U 1
9 9 0 D 1
4 4 0 L 1
13 4 0 U 1
10 9 0 L 1
4 3 0 D 1
12 4 0 R 1
10 8 0 L 1
5 3 0 D 1
12 5 0 U 1
10 7 0 L 1
6 3 0 L 1
11 5 0 U 1
10 6 0 L 1
6 2 0 D 1
10 5 0 L 1
7 2 0 D 1
10 4 0 L 1
8 2 0 D 1
10 3 0 L 1
10 2 0 U 1
9 2 0 U 1
8 2 0 U 1
7 2 0 L 1
