4 7 0 U 1
3 7 1 R 2
9 3 0 U 1
8 3 1 U 2
12 2 0 R 1
12 3 0 R 1
12 4 0 U 1
11 4 0 U 1
10 4 0 U 1
9 4 0 U 1
8 4 0 U 1
7 4 0 R 1
7 5 0 U 1
6 5 0 R 1
6 6 0 U 1
5 6 0 R 1
5 7 1 R 2
6 1 0 R 1
12 9 0 L 1
12 8 0 U 1
11 8 0 U 1
10 8 0 U 1
9 8 0 R 1
9 9 0 R 1
9 10 0 U 1
6 2 0 R 1
6 3 2 D 2
6 3 0 U 1
5 3 0 R 1
5 4 0 R 1
5 5 0 R 1
8 10 0 L 1
8 9 0 U 1
5 6 0 R 1
7 9 0 U 1
5 7 1 R 2
6 9 0 U 1
5 9 0 R 1
3 9 0 R 1
3 10 0 D 1
1 12 0 D 1
5 10 1 U 1
4 10 0 R 1
2 12 0 R 1
4 11 0 R 1
2 13 0 D 1
3 13 0 D 1
4 12 2 R 1
4 12 0 R 1
5 7 0 U 1
4 7 0 U 1
3 7 1 U 2
1 7 0 U 1
0 7 0 L 1
0 6 0 L 1
0 5 0 L 1
0 4 0 L 1
0 3 0 L 1
0 2 0 L 1
0 9 0 L 1
0 8 0 L 1
4 13 0 D 1
0 7 0 D 1
1 7 0 D 1
5 13 0 D 1
2 7 0 D 1
6 13 0 D 1
3 7 0 D 1
4 7 0 D 1
5 7 0 R 1
5 8 0 D 1
6 8 0 D 1
7 8 0 D 1
7 13 0 D 1
5 10 0 D 1
8 13 0 L 1
8 3 0 R 1
8 4 1 R 2
8 12 0 L 1
6 10 0 D 1
7 10 0 L 1
7 9 0 D 1
8 9 1 D 2
8 4 0 R 1
8 5 1 R 2
8 11 0 L 1
8 10 0 L 1
8 9 0 L 1
8 7 0 R 1
6 7 0 D 1
8 6 0 R 1
7 7 0 D 1
8 7 0 R 1
8 8 0 R 1
8 9 0 R 1
8 5 0 D 1
9 5 0 D 1
10 5 0 D 1
11 5 0 D 1
12 5 0 D 1
10 9 0 L 1
13 5 0 R 1
10 8 0 D 1
13 6 0 R 1
11 8 0 D 1
12 8 0 D 1
13 7 0 R 1
