6 0 0 R 1
6 1 1 R 2
13 6 0 U 1
12 6 1 U 1
2 3 0 R 1
2 4 0 D 1
3 4 0 D 1
4 4 0 D 1
5 4 0 R 1
5 5 0 R 1
5 6 0 D 1
6 6 0 D 1
7 6 0 D 1
8 5 0 R 1
8 6 0 D 1
9 6 0 R 1
9 7 0 R 1
9 8 0 R 1
9 9 1 R 2
0 9 0 L 1
11 5 0 L 1
0 8 0 D 1
1 8 0 D 1
11 4 0 U 1
10 3 0 R 1
10 4 0 U 1
9 4 1 U 2
2 8 0 D 1
3 8 0 D 1
4 8 1 D 2
7 3 0 R 1
7 4 0 D 1
8 4 1 R 1
8 5 0 R 1
8 6 1 D 1
6 8 0 D 1
10 11 0 U 1
7 9 0 L 1
7 8 0 D 1
8 8 1 D 1
8 6 0 D 1
9 6 0 R 1
9 7 0 R 1
9 8 2 U 3
9 11 2 L 2
9 8 0 R 1
9 9 0 D 1
10 9 1 D 2
12 9 0 L 1
12 8 1 D 1
11 9 0 U 1
10 9 0 U 1
9 9 0 L 1
12 6 0 U 1
5 12 0 L 1
9 8 0 U 1
11 6 0 L 1
11 5 0 L 1
11 4 0 U 1
10 4 0 U 1
9 4 1 U 1
8 8 0 U 1
5 11 0 U 1
7 8 0 U 1
11 2 0 U 1
4 11 0 L 1
6 8 1 U 2
10 2 0 U 1
3 10 0 D 1
4 10 0 L 1
4 9 0 L 1
4 8 0 L 1
4 7 0 L 1
4 6 0 L 1
4 5 2 L 2
9 2 0 U 1
8 2 0 U 1
8 4 1 U 1
7 4 0 L 1
2 5 0 D 1
7 3 0 L 1
7 2 0 U 1
6 5 0 U 1
5 5 0 U 1
6 1 0 R 1
6 2 0 U 1
5 2 1 U 2
3 5 0 D 1
4 5 4 R 5
3 2 0 D 1
4 2 0 R 1
4 5 2 L 2
6 3 0 U 1
5 3 1 U 1
0 0 0 R 1
0 1 0 D 1
1 1 0 D 1
2 1 0 D 1
3 0 0 R 1
3 1 0 D 1
4 1 0 R 1
4 2 1 D 2
4 2 0 R 1
5 3 0 U 1
4 3 1 R 2
4 5 2 R 3
3 7 0 D 1
4 7 0 R 1
1 10 0 D 1
6 8 0 R 1
4 8 0 R 1
8 12 0 L 1
2 10 0 D 1
3 10 0 D 1
8 11 0 U 1
4 9 0 R 1
6 9 0 R 1
6 10 0 R 1
4 10 0 R 1
4 11 0 D 1
5 11 1 R 2
7 11 0 U 1
6 11 0 U 1
5 11 1 R 2
5 13 0 D 1
8 4 0 D 1
4 13 0 D 1
5 13 0 L 1
5 12 0 L 1
12 11 0 L 1
12 8 0 U 1
0 6 0 D 1
5 11 0 D 1
6 11 0 D 1
7 11 1 L 2
12 10 0 U 1
11 8 0 R 1
1 6 0 L 1
11 10 0 L 1
11 9 0 U 1
1 5 0 D 1
10 9 0 U 1
2 5 0 D 1
9 9 0 L 1
3 5 0 D 1
7 9 0 L 1
9 8 0 L 1
4 3 0 D 1
4 5 0 D 1
7 8 0 L 1
5 2 0 R 1
5 3 0 D 1
6 2 0 R 1
6 3 0 D 1
7 3 0 R 1
7 4 1 D 2
5 5 0 D 1
9 7 0 L 1
7 7 0 L 1
7 6 0 D 1
6 5 0 D 1
9 6 0 U 1
8 6 0 L 1
7 5 0 D 1
8 5 0 L 1
8 4 0 D 1
0 13 0 D 1
1 13 0 D 1
2 13 0 L 1
13 12 0 U 1
12 12 0 L 1
2 12 0 D 1
3 12 0 L 1
3 11 0 D 1
4 11 0 D 1
5 11 0 D 1
6 11 0 D 1
7 11 2 L 3
12 11 0 L 1
12 10 0 U 1
11 10 0 L 1
11 9 0 U 1
10 9 0 U 1
9 9 0 L 1
9 8 0 U 1
8 8 0 U 1
7 8 0 L 1
7 7 0 L 1
7 6 0 L 1
7 5 0 L 1
7 11 0 D 1
8 11 0 D 1
9 11 0 D 1
10 11 0 R 1
