4 10 0 D 1
5 10 0 D 1
6 10 0 D 1
7 10 0 D 1
8 10 0 D 1
9 10 0 D 1
10 10 0 L 1
10 9 1 L 1
10 8 0 L 1
10 7 0 L 1
10 6 0 L 1
10 5 0 U 1
9 5 0 L 1
8 6 0 U 1
10 3 0 U 1
9 4 0 L 1
7 6 0 U 1
9 3 0 U 1
6 6 0 R 1
8 3 0 L 1
6 7 0 U 1
0 1 0 D 1
8 2 0 U 1
5 7 0 U 1
1 1 0 R 1
7 2 0 U 1
4 7 0 U 1
1 2 1 D 1
6 2 0 R 1
3 7 0 L 1
2 2 0 R 1
6 3 0 U 1
3 6 0 L 1
2 3 0 R 1
5 3 0 U 1
3 5 0 D 1
2 4 0 D 1
4 5 0 L 1
4 3 0 R 1
3 4 0 D 1
4 4 0 D 1
4 1 0 R 1
4 2 0 R 1
4 3 0 R 1
4 4 0 U 1
3 4 0 U 1
2 4 0 R 1
2 5 0 R 1
2 6 0 R 1
2 7 0 U 1
1 7 0 R 1
1 8 0 R 1
1 9 0 R 1
1 10 0 R 1
1 11 0 D 1
1 3 0 D 1
2 3 0 R 1
2 4 0 D 1
3 4 0 D 1
4 4 0 D 1
5 4 0 L 1
5 3 0 D 1
6 3 0 L 1
6 2 0 L 1
6 1 0 L 1
7 9 0 D 1
8 9 0 R 1
8 10 0 D 1
9 10 0 D 1
10 10 0 L 1
10 9 1 L 1
10 8 0 L 1
10 7 0 L 1
10 6 0 L 1
10 5 0 U 1
9 5 0 L 1
9 4 0 L 1
9 3 0 U 1
8 3 0 L 1
8 2 0 U 1
7 2 0 U 1
6 2 0 R 1
6 3 0 U 1
5 3 0 U 1
4 3 0 L 1
4 2 0 L 1
4 1 0 L 1
4 0 0 U 1
3 0 0 U 1
2 0 0 U 1
1 0 0 U 1
0 0 0 D 1
1 0 0 D 1
2 0 0 D 1
3 0 0 D 1
4 0 0 R 1
4 1 0 R 1
4 2 0 R 1
4 3 0 R 1
4 4 0 R 1
7 5 0 U 1
6 5 0 R 1
6 6 0 R 1
6 7 0 U 1
5 7 0 U 1
4 7 0 U 1
3 7 0 L 1
3 6 0 L 1
3 5 0 D 1
4 5 0 L 1
4 4 0 D 1
5 4 0 L 1
5 3 0 D 1
6 3 0 L 1
6 2 0 D 1
7 2 0 D 1
8 2 0 D 1
9 2 0 D 1
10 2 0 R 1
10 3 0 R 1
10 4 0 R 1
10 5 0 R 1
10 6 0 R 1
10 7 0 R 1
10 8 0 R 1
10 9 0 R 1
10 10 0 R 1
1 2 0 D 1
2 2 0 R 1
2 3 0 R 1
2 4 0 R 1
2 5 0 R 1
2 6 0 R 1
2 7 0 U 1
1 7 0 U 1
0 7 0 L 1
