13 3 0 U 1
12 3 0 L 1
12 2 0 U 1
11 2 1 U 1
10 2 0 U 1
9 2 0 U 1
8 2 1 R 1
2 14 0 D 1
3 14 0 D 1
2 13 0 D 1
4 14 0 L 1
3 13 0 D 1
1 11 0 D 1
11 14 0 U 1
4 13 0 L 1
2 11 0 L 1
10 14 0 L 1
8 14 0 U 1
4 12 0 D 1
2 10 0 D 1
10 13 1 L 1
7 14 0 L 1
5 12 0 L 1
3 10 0 D 1
13 9 0 U 1
11 11 0 U 1
11 9 0 D 1
10 12 0 L 1
8 12 0 U 1
7 13 0 L 1
5 11 0 D 1
4 10 0 D 1
14 7 0 U 1
12 9 0 L 1
11 10 0 U 1
10 11 0 U 1
7 12 0 L 1
6 11 0 D 1
5 10 0 D 1
13 7 0 U 1
12 8 0 L 1
10 10 0 U 1
9 11 1 L 1
7 11 0 L 1
6 10 1 D 1
0 0 0 D 1
12 7 0 U 1
9 10 0 L 1
7 10 1 L 1
6 10 0 D 1
1 0 0 R 1
11 7 0 U 1
11 5 0 U 1
9 9 0 L 1
7 9 1 L 1
7 10 0 L 1
2 2 0 L 1
1 1 0 D 1
10 7 0 U 1
10 5 0 R 1
9 8 1 L 1
7 8 0 L 1
7 9 0 L 1
5 6 0 D 1
2 1 1 D 1
10 6 0 U 1
9 7 0 U 1
9 8 0 L 1
6 6 0 D 1
3 1 0 D 1
9 6 0 U 1
8 7 1 L 1
9 7 0 U 1
7 7 2 D 1
7 8 0 L 1
4 1 0 D 1
8 6 1 L 1
8 7 1 L 1
7 7 0 D 1
5 1 0 D 1
8 5 0 L 1
8 6 0 L 1
8 7 0 L 1
7 6 0 D 1
6 1 0 R 1
8 4 0 D 1
8 5 0 L 1
8 6 0 L 1
6 2 0 D 1
9 4 0 L 1
8 4 0 D 1
8 5 0 L 1
7 2 0 D 1
9 3 0 D 1
9 4 0 L 1
8 4 0 D 1
8 2 0 D 1
10 3 0 L 1
9 3 0 D 1
9 4 0 L 1
10 2 2 D 1
11 2 0 D 1
10 3 3 L 1
10 2 0 D 1
11 2 0 D 1
9 3 5 L 1
9 2 0 D 1
10 2 0 D 1
11 2 0 D 1
9 3 1 D 1
10 3 0 L 1
10 2 0 D 1
11 2 0 D 1
9 3 0 D 1
10 3 0 L 1
10 2 0 D 1
11 2 0 D 1
2 1 0 D 1
3 1 0 D 1
5 4 0 U 1
4 1 0 D 1
5 1 0 D 1
4 4 0 U 1
0 14 0 D 1
6 1 0 R 1
3 4 0 R 1
1 14 0 D 1
6 2 0 D 1
3 5 0 R 1
2 14 0 D 1
7 2 0 D 1
3 14 0 D 1
3 6 0 D 1
1 12 0 L 1
8 2 0 R 1
4 14 0 L 1
4 6 0 D 1
1 11 0 D 1
8 3 0 R 1
5 6 0 D 1
4 13 0 L 1
2 11 0 L 1
8 4 0 R 1
6 6 0 D 1
4 12 0 D 1
2 10 0 D 1
8 5 0 R 1
7 6 0 D 1
6 13 0 D 1
5 12 0 L 1
3 10 0 D 1
8 6 0 D 1
7 13 0 L 1
5 11 0 D 1
4 10 0 D 1
9 6 0 R 1
7 12 0 L 1
6 11 0 D 1
5 10 0 D 1
9 7 0 R 1
7 11 0 L 1
6 10 0 D 1
10 13 0 L 1
9 8 0 R 1
7 10 0 D 1
10 12 0 L 1
9 9 0 R 1
8 10 0 D 1
10 11 0 U 1
9 10 1 R 1
9 11 0 D 1
10 11 0 D 1
11 11 0 L 1
11 10 0 D 1
12 10 1 L 1
12 9 0 L 1
12 8 0 L 1
9 10 0 D 1
10 10 0 D 1
11 10 0 D 1
12 10 1 L 1
12 9 0 L 1
12 8 0 L 1
14 12 0 U 1
13 12 0 L 1
13 11 0 L 1
13 10 0 U 1
12 10 0 U 1
11 10 0 U 1
0 13 0 D 1
10 10 0 U 1
1 13 0 L 1
9 10 0 U 1
1 12 0 L 1
8 10 0 U 1
1 11 0 D 1
7 10 0 U 1
2 11 0 L 1
6 10 0 U 1
2 10 0 D 1
5 10 0 U 1
3 10 0 D 1
4 10 0 L 1
4 9 0 L 1
4 8 0 L 1
4 7 0 U 1
4 0 0 D 1
3 7 0 L 1
5 0 0 R 1
3 6 0 L 1
1 4 0 D 1
5 1 0 R 1
3 5 0 L 1
2 4 0 D 1
5 2 0 R 1
3 4 0 D 1
5 3 0 U 1
4 4 0 L 1
4 3 0 D 1
5 3 0 L 1
5 2 0 D 1
6 2 0 D 1
7 2 0 D 1
8 2 0 D 1
9 2 0 D 1
10 2 0 R 1
