13 13 0 D 1
14 13 0 D 1
15 13 1 D 1
16 13 0 L 1
16 12 0 L 1
16 11 0 L 1
16 10 0 U 1
15 10 0 L 1
15 9 0 L 1
15 8 1 U 1
14 8 0 L 1
14 7 0 U 1
13 7 0 L 1
13 6 0 U 1
12 6 0 L 1
12 5 0 U 1
11 5 0 U 1
10 5 0 U 1
9 5 0 U 1
8 5 0 R 1
8 6 0 R 1
8 7 0 R 1
8 8 1 U 1
7 8 0 U 1
6 8 1 U 1
5 8 0 L 1
5 7 0 L 1
5 6 0 L 1
5 5 0 L 1
5 4 0 D 1
9 10 0 L 1
9 9 0 U 1
8 9 0 U 1
7 9 0 U 1
6 9 0 U 1
13 11 0 L 1
13 10 0 D 1
14 10 0 D 1
15 10 0 L 1
15 9 0 L 1
15 8 1 U 1
14 8 0 L 1
14 7 0 U 1
13 7 0 L 1
11 1 0 R 1
13 6 0 U 1
11 2 1 R 1
12 6 0 L 1
11 3 0 R 1
12 5 0 U 1
11 4 0 R 1
11 5 0 U 1
10 5 0 U 1
10 6 0 U 1
9 5 0 U 1
9 6 0 U 1
8 5 0 R 1
8 6 0 R 1
8 7 0 R 1
8 8 1 U 1
7 8 0 U 1
6 8 1 U 1
5 8 0 R 1
5 9 0 R 1
5 10 0 U 1
4 10 0 U 1
3 10 0 L 1
3 9 0 U 1
2 9 0 D 1
3 9 0 R 1
3 10 0 D 1
4 10 0 D 1
5 10 0 L 1
5 9 0 L 1
5 8 0 L 1
5 7 0 L 1
5 6 0 L 1
5 5 0 L 1
5 4 0 L 1
5 3 0 L 1
5 2 0 L 1
15 16 0 D 1
16 16 0 L 1
16 15 0 L 1
16 14 0 L 1
16 13 0 L 1
16 12 0 L 1
16 11 0 L 1
16 10 0 U 1
15 10 0 L 1
15 9 0 L 1
15 8 1 U 1
14 8 0 L 1
14 7 0 U 1
13 7 0 L 1
13 6 0 U 1
12 6 0 L 1
12 5 0 U 1
11 5 0 U 1
10 5 0 U 1
9 5 0 U 1
8 5 0 R 1
8 6 0 R 1
8 7 0 R 1
8 8 0 U 1
7 8 0 U 1
6 8 1 U 1
5 8 0 R 1
5 9 0 R 1
5 10 0 U 1
4 10 0 R 1
4 11 0 R 1
4 12 0 U 1
3 12 0 U 1
2 12 0 U 1
1 12 0 U 1
0 12 0 R 1
0 13 0 R 1
1 5 0 D 1
2 5 0 D 1
3 5 0 D 1
4 5 0 D 1
5 5 0 R 1
5 6 0 D 1
6 6 0 R 1
6 7 0 R 1
6 8 1 D 1
7 8 0 D 1
8 8 0 L 1
8 7 0 L 1
8 6 0 D 1
9 6 0 D 1
10 6 0 L 1
10 5 0 D 1
11 5 0 D 1
12 5 0 D 1
13 5 0 R 1
13 6 0 R 1
13 7 0 D 1
14 7 0 D 1
15 7 0 R 1
15 8 1 R 1
15 9 0 R 1
15 10 0 D 1
16 10 0 R 1
16 11 0 R 1
16 12 0 U 1
15 12 0 R 1
15 13 0 D 1
16 13 0 L 1
16 12 0 L 1
16 11 0 L 1
16 10 0 U 1
15 10 0 L 1
15 9 0 L 1
15 8 1 U 1
14 8 0 L 1
14 7 0 U 1
13 7 0 L 1
13 6 0 U 1
12 6 0 L 1
12 5 0 U 1
11 5 0 L 1
11 4 0 L 1
11 3 0 U 1
15 8 0 U 1
14 8 0 L 1
14 7 0 U 1
13 7 0 L 1
13 6 0 L 1
13 5 0 L 1
13 4 0 D 1
14 4 0 D 1
15 4 0 D 1
16 4 0 U 1
15 4 0 U 1
14 4 0 U 1
13 4 0 R 1
13 5 0 U 1
12 5 0 U 1
11 5 0 U 1
10 5 0 U 1
9 5 0 U 1
8 5 0 L 1
8 4 0 L 1
8 3 0 U 1
11 2 0 R 1
11 3 0 R 1
11 4 0 R 1
11 5 0 U 1
10 5 0 U 1
9 5 0 U 1
8 5 0 L 1
8 4 0 L 1
8 3 0 L 1
8 2 0 L 1
8 1 0 L 1
8 0 0 U 1
7 5 0 D 1
8 5 0 R 1
8 6 0 R 1
8 7 0 R 1
8 8 0 U 1
7 8 0 U 1
6 8 0 U 1
5 8 0 R 1
5 9 0 R 1
5 10 0 U 1
4 10 0 R 1
4 11 0 R 1
4 12 0 U 1
3 12 0 U 1
2 12 0 U 1
1 12 0 U 1
0 12 0 R 1
10 0 0 D 1
11 0 0 R 1
11 1 0 R 1
11 2 0 R 1
11 3 0 R 1
11 4 0 R 1
11 5 0 U 1
10 5 0 U 1
9 5 0 U 1
8 5 0 R 1
8 6 0 R 1
8 7 0 R 1
8 8 0 U 1
7 8 0 U 1
6 8 0 U 1
5 8 0 R 1
5 9 0 R 1
5 10 0 U 1
4 10 0 U 1
15 3 0 R 1
15 4 0 U 1
14 4 0 U 1
13 4 0 R 1
13 5 0 U 1
12 5 0 U 1
11 5 0 U 1
10 5 0 U 1
9 5 0 U 1
8 5 0 R 1
8 6 0 R 1
8 7 0 R 1
8 8 0 U 1
7 8 0 U 1
6 8 0 R 1
6 9 0 R 1
6 10 0 R 1
6 11 0 D 1
0 16 0 L 1
0 15 0 L 1
0 14 0 L 1
0 13 0 L 1
0 12 0 L 1
0 11 0 L 1
0 10 0 D 1
1 10 1 L 1
1 10 0 L 1
1 9 2 D 2
1 9 0 D 1
2 9 0 D 1
3 9 1 R 1
3 10 0 D 1
4 10 0 D 1
5 10 0 L 1
5 9 0 L 1
5 8 0 L 1
5 7 0 U 1
4 7 0 L 1
4 6 0 L 1
4 5 0 U 1
3 5 0 U 1
2 5 0 U 1
1 5 0 L 1
1 4 0 L 1
1 3 0 L 1
1 2 0 L 1
1 1 0 L 1
3 0 0 D 1
4 0 0 R 1
4 1 0 D 1
5 1 0 R 1
5 2 0 R 1
5 3 0 R 1
3 9 0 R 1
5 4 0 R 1
3 10 0 D 1
5 5 0 R 1
4 10 0 D 1
5 10 0 D 1
5 6 0 D 1
6 10 0 L 1
6 6 0 R 1
6 9 0 D 1
6 7 0 R 1
7 9 0 D 1
6 8 0 D 1
8 9 0 L 1
7 8 0 D 1
8 8 0 L 1
8 7 0 L 1
8 6 0 D 1
9 6 0 D 1
10 6 0 L 1
10 5 0 D 1
11 5 0 D 1
12 5 0 D 1
13 5 0 R 1
13 6 0 R 1
13 7 0 D 1
14 7 0 D 1
15 7 0 R 1
15 8 0 R 1
15 9 0 R 1
15 10 0 D 1
16 10 0 R 1
16 11 0 R 1
16 12 0 U 1
15 12 0 U 1
14 12 0 R 1
14 13 0 U 1
13 13 0 R 1
13 14 0 R 1
13 15 0 D 1
14 15 0 D 1
15 15 0 L 1
