9 8 0 U 1
8 8 0 U 1
12 13 0 R 1
12 14 0 U 1
10 2 0 D 1
11 14 1 U 1
11 2 0 D 1
12 2 1 L 1
10 14 0 U 1
12 1 0 D 1
9 14 0 U 1
13 1 0 D 1
8 14 1 L 1
14 1 1 R 1
8 13 0 L 1
14 2 0 R 1
8 12 0 L 1
14 3 0 U 1
8 11 0 L 1
13 3 0 R 1
8 10 0 L 1
13 4 0 U 1
8 9 0 L 1
12 4 0 U 1
8 8 0 U 1
11 4 0 U 1
7 8 0 L 1
10 4 0 U 1
9 5 0 U 1
7 7 0 L 1
9 4 1 U 1
8 5 0 U 1
7 6 0 L 1
8 4 0 U 1
7 5 0 L 1
7 4 0 L 1
7 3 1 L 1
8 1 0 U 1
7 2 1 L 1
7 1 0 U 1
6 1 1 U 1
5 1 0 L 1
5 0 0 U 1
4 0 1 U 1
3 0 0 U 1
2 0 1 R 1
2 1 0 R 1
2 2 0 U 1
1 2 0 R 1
1 3 0 R 1
1 4 0 U 1
0 4 0 R 1
0 5 0 R 1
0 6 1 R 1
0 7 1 R 1
0 8 0 R 1
0 9 0 R 1
0 12 0 L 1
0 11 0 L 1
0 10 5 L 5
0 10 0 L 1
0 9 0 L 1
0 8 0 L 1
0 7 1 L 1
0 6 1 D 1
1 6 0 D 1
2 6 0 D 1
3 6 1 L 1
3 5 1 L 1
3 4 0 L 1
11 5 0 L 1
11 4 0 D 1
12 4 0 D 1
13 4 0 D 1
14 4 0 L 1
14 3 0 L 1
14 2 0 L 1
14 1 1 U 1
13 1 0 U 1
12 1 0 L 1
12 0 0 U 1
11 0 0 U 1
11 9 0 L 1
11 8 0 D 1
12 8 0 D 1
13 8 0 R 1
13 9 0 D 1
14 9 0 R 1
14 10 1 R 1
14 11 1 R 1
14 12 0 R 1
14 13 0 U 1
13 13 0 U 1
12 13 0 R 1
12 14 0 U 1
11 14 0 U 1
10 14 0 U 1
9 14 0 U 1
8 14 1 L 1
8 13 0 L 1
8 12 0 L 1
8 11 0 L 1
8 10 0 L 1
8 9 0 L 1
8 8 0 U 1
7 8 0 L 1
7 7 0 L 1
7 6 0 L 1
7 5 0 L 1
7 4 0 L 1
7 3 1 L 1
7 2 1 L 1
7 1 0 U 1
6 1 1 U 1
3 5 0 L 1
3 4 0 L 1
3 3 0 L 1
3 2 0 U 1
2 2 0 L 1
2 1 0 L 1
2 0 1 D 1
3 0 0 D 1
4 0 1 D 1
5 0 0 R 1
7 2 0 D 1
8 2 1 R 1
8 3 0 R 1
8 4 0 D 1
9 4 1 D 1
10 4 0 D 1
11 4 0 D 1
12 4 0 D 1
13 4 0 D 1
14 4 0 L 1
14 3 0 L 1
14 2 0 L 1
12 2 0 L 1
12 1 0 D 1
13 1 0 D 1
14 1 2 R 2
14 1 0 R 1
14 2 0 R 1
14 3 1 U 1
6 13 0 R 1
6 14 0 D 1
7 14 0 D 1
8 14 1 L 1
8 13 0 L 1
8 12 0 L 1
8 11 0 L 1
8 10 0 L 1
6 8 0 D 1
8 9 0 L 1
7 8 0 D 1
8 8 0 L 1
8 7 1 L 1
8 6 0 D 1
9 6 0 L 1
9 5 0 L 1
9 4 0 U 1
8 4 0 U 1
7 4 0 L 1
7 3 1 L 1
7 2 0 L 1
7 1 0 U 1
6 1 1 U 1
5 1 0 L 1
5 0 0 U 1
4 0 1 U 1
3 0 0 U 1
2 0 1 R 1
2 1 0 R 1
2 2 0 U 1
1 2 0 R 1
1 3 0 R 1
1 4 0 U 1
0 4 0 R 1
0 5 1 R 1
0 6 1 R 1
0 7 1 R 1
0 8 0 R 1
0 9 0 R 1
0 10 0 R 1
0 11 0 R 1
0 12 0 D 1
1 12 0 D 1
2 12 0 L 1
13 0 0 D 1
14 0 1 R 1
14 1 0 R 1
14 2 0 R 1
14 3 1 U 1
13 3 0 R 1
13 4 0 U 1
12 4 0 U 1
11 4 0 U 1
10 4 0 U 1
9 4 0 U 1
8 4 0 L 1
8 3 0 L 1
8 2 0 L 1
8 1 0 L 1
8 0 0 U 1
7 0 0 U 1
6 0 0 U 1
5 0 0 U 1
4 0 1 U 1
3 0 0 U 1
2 0 1 R 1
2 1 0 R 1
2 2 0 D 1
3 2 0 R 1
3 3 0 D 1
0 6 0 L 1
3 6 0 L 1
2 5 0 D 1
0 5 0 L 1
4 4 0 U 1
3 5 0 L 1
0 4 0 D 1
14 11 0 R 1
3 4 0 L 1
1 4 0 L 1
14 12 0 R 1
3 3 0 L 1
1 3 0 L 1
14 13 0 U 1
3 2 0 U 1
1 2 0 D 1
13 13 0 U 1
2 2 0 L 1
12 13 0 R 1
5 12 0 R 1
2 1 0 L 1
12 14 0 U 1
5 13 0 D 1
2 0 1 D 1
11 14 0 U 1
6 13 0 R 1
3 0 0 D 1
10 14 0 U 1
6 14 0 D 1
4 0 1 D 1
9 14 0 U 1
7 14 0 D 1
5 0 0 D 1
14 0 0 R 1
8 14 1 L 1
6 0 0 D 1
14 1 0 R 1
8 13 0 L 1
7 0 0 D 1
6 1 0 D 1
14 2 0 R 1
8 12 0 L 1
8 0 0 R 1
7 1 0 D 1
5 7 0 R 1
14 3 1 U 1
8 11 0 L 1
8 1 0 R 1
5 8 0 D 1
13 3 0 R 1
8 10 0 L 1
8 2 0 R 1
6 8 0 D 1
13 4 0 U 1
8 9 0 L 1
8 3 0 R 1
7 8 0 D 1
12 4 0 U 1
8 8 0 L 1
8 4 0 D 1
9 4 0 D 1
8 7 0 L 1
10 4 0 R 1
8 6 0 D 1
10 5 0 R 1
9 6 2 D 1
10 6 2 R 1
10 7 1 L 1
10 6 0 D 1
11 6 0 L 1
11 5 0 L 1
10 7 0 L 1
10 6 0 D 1
11 6 0 L 1
11 5 0 L 1
9 6 0 D 1
10 6 0 D 1
11 6 0 L 1
11 5 0 L 1
3 9 0 R 1
3 10 0 R 1
3 11 0 U 1
2 11 0 R 1
2 12 0 U 1
1 13 0 U 1
1 12 0 U 1
0 13 0 L 1
0 12 0 L 1
0 11 0 L 1
0 10 0 L 1
0 9 0 L 1
0 8 0 L 1
0 7 0 L 1
0 6 0 L 1
0 5 0 L 1
0 4 0 D 1
1 4 0 L 1
1 3 0 L 1
1 2 0 D 1
2 2 0 L 1
2 1 0 L 1
2 0 0 D 1
3 0 0 D 1
4 0 0 D 1
14 3 0 U 1
5 0 0 D 1
13 3 0 R 1
6 0 0 D 1
13 4 0 U 1
7 0 0 D 1
12 4 0 U 1
8 0 0 R 1
11 4 0 U 1
8 1 0 R 1
10 4 0 U 1
8 2 0 R 1
7 3 0 D 1
9 4 0 U 1
8 3 0 R 1
14 10 0 R 1
8 4 0 R 1
14 11 0 R 1
8 5 0 R 1
14 12 0 R 1
8 6 0 R 1
14 13 0 U 1
8 7 0 R 1
13 13 0 U 1
8 8 0 R 1
12 13 0 R 1
8 9 0 R 1
12 14 0 U 1
8 10 0 R 1
11 14 0 U 1
8 11 0 R 1
10 14 0 U 1
8 12 0 R 1
9 14 0 U 1
8 13 2 R 1
8 14 1 L 1
8 13 0 L 1
8 12 0 L 1
8 11 0 L 1
8 10 0 D 1
9 10 0 D 1
8 14 0 L 1
8 13 0 L 1
8 12 0 L 1
8 11 0 L 1
8 10 0 D 1
9 10 0 D 1
