0 11 0 L 1
0 9 0 R 1
0 10 0 D 1
1 10 0 L 1
1 9 0 L 1
1 8 1 L 1
1 7 1 L 2
1 5 0 L 1
1 3 0 R 1
1 4 0 U 1
0 4 1 L 2
0 2 1 L 2
0 1 0 L 1
0 0 0 D 1
1 0 0 D 1
2 0 0 R 1
2 1 0 D 1
3 1 0 D 1
4 1 1 D 2
6 1 1 D 1
7 1 0 L 1
7 0 0 D 1
8 0 0 D 1
9 1 0 L 1
9 0 0 D 1
10 0 2 D 2
12 0 1 R 2
12 2 0 R 1
5 1 0 U 1
4 1 0 R 1
4 2 0 R 1
4 3 0 D 1
5 3 0 D 1
6 3 1 R 2
6 5 0 R 1
6 6 0 R 1
6 7 0 R 1
6 8 1 R 2
6 8 0 R 1
6 9 1 R 2
6 10 1 R 1
6 11 1 U 1
5 11 2 R 1
5 12 1 U 2
4 12 0 U 1
3 12 0 U 1
10 0 0 U 1
9 0 0 U 1
8 0 0 U 1
7 0 0 U 1
6 1 0 L 1
6 0 0 U 1
5 0 0 R 1
5 1 0 U 1
4 1 0 R 1
4 2 0 R 1
4 3 0 D 1
5 3 0 R 1
5 4 0 D 1
3 5 0 U 1
2 5 0 R 1
2 6 0 R 1
2 7 0 R 1
10 11 0 U 1
2 8 1 D 2
9 11 0 R 1
9 12 0 U 1
2 10 0 D 1
4 8 1 R 2
8 12 0 U 1
7 11 0 R 1
7 12 0 U 1
6 12 1 L 2
3 10 0 D 1
4 10 3 D 1
4 10 0 D 1
5 10 1 D 1
6 10 1 L 1
6 9 0 D 1
7 9 0 D 1
8 9 2 L 3
11 12 0 D 1
12 12 0 L 1
12 11 0 L 1
12 10 1 L 2
8 6 0 D 1
9 6 1 D 2
12 8 0 L 1
12 7 0 L 1
11 6 1 D 1
12 9 0 L 1
12 8 0 L 1
12 7 0 L 1
12 6 5 U 4
12 6 0 L 1
5 12 0 D 1
6 12 0 L 1
6 11 2 L 3
6 4 0 R 1
7 5 0 U 1
6 5 0 R 1
6 6 1 R 2
6 8 0 D 1
8 9 0 L 1
7 8 0 D 1
8 8 1 L 2
8 6 1 D 2
10 6 0 D 1
11 6 1 D 1
12 10 0 L 1
12 9 0 L 1
12 8 0 L 1
12 7 0 L 1
12 6 0 U 1
11 6 0 U 1
10 6 1 U 2
10 6 0 U 1
9 6 1 R 2
9 8 1 U 2
8 8 0 U 1
7 8 0 U 1
6 8 0 R 1
6 9 0 R 1
6 11 1 U 1
5 11 1 L 1
6 10 1 U 1
5 10 1 U 1
4 10 0 U 1
3 10 0 U 1
2 10 0 U 1
1 10 0 L 1
1 9 3 L 4
1 2 0 R 1
1 9 0 L 1
1 3 0 R 1
1 8 1 L 2
1 4 0 R 1
1 5 1 R 1
9 6 0 U 1
8 6 0 R 1
8 7 0 U 1
7 7 0 U 1
6 7 2 L 2
12 0 0 U 1
9 2 0 L 1
11 0 0 U 1
6 7 0 L 1
10 0 0 U 1
9 1 0 L 1
6 6 0 L 1
6 5 2 L 2
9 0 0 U 1
8 0 0 U 1
6 3 1 U 2
7 0 0 U 1
6 0 0 U 1
5 0 0 U 1
4 3 0 L 1
4 2 0 L 1
4 0 0 R 1
4 1 0 U 1
3 1 0 U 1
2 1 0 L 1
1 8 0 L 1
2 0 1 U 2
0 7 0 D 1
1 7 0 L 1
1 6 1 L 2
0 0 0 R 1
0 1 0 R 1
1 5 0 L 1
1 4 0 U 1
0 4 1 L 1
0 3 2 L 2
0 2 1 R 1
0 2 0 L 1
0 1 0 L 1
0 0 0 D 1
9 8 0 L 1
7 3 0 U 1
6 3 0 R 1
6 4 1 R 2
6 6 0 R 1
6 7 0 D 1
7 7 0 D 1
8 7 0 D 1
6 10 0 R 1
6 11 0 U 1
5 11 0 L 1
5 10 0 U 1
4 10 0 U 1
3 10 0 U 1
2 10 0 U 1
4 8 0 U 1
3 8 0 U 1
6 5 0 L 1
1 10 0 L 1
6 4 0 U 1
2 8 0 U 1
1 9 0 L 1
1 8 0 L 1
5 4 0 L 1
5 3 0 U 1
1 7 0 L 1
4 3 0 L 1
1 6 0 L 1
1 5 0 L 1
4 2 0 L 1
1 4 0 U 1
4 1 0 U 1
0 4 0 L 1
3 1 0 U 1
2 1 0 L 1
0 3 0 L 1
2 0 0 U 1
0 2 0 L 1
0 1 1 L 1
0 1 0 L 1
1 0 0 U 1
