8 8 0 U 1
7 8 1 L 2
0 0 0 R 1
0 1 1 D 2
1 11 0 R 1
13 1 0 U 1
13 3 0 L 1
12 1 0 R 1
13 2 0 U 1
12 2 1 U 2
10 1 0 R 1
12 13 0 U 1
10 2 0 U 1
11 13 0 L 1
11 12 0 U 1
9 3 0 L 1
9 2 0 U 1
9 9 0 U 1
10 12 0 U 1
8 2 0 U 1
8 9 0 U 1
9 12 0 L 1
9 11 1 D 1
7 2 1 U 1
9 11 0 U 1
6 2 1 R 2
7 9 1 R 2
8 11 0 U 1
8 5 0 U 1
7 5 0 R 1
7 6 0 U 1
6 3 0 R 1
6 4 0 U 1
5 4 0 R 1
5 5 7 D 1
6 6 1 U 1
7 11 0 U 1
6 11 0 U 1
5 6 3 L 1
5 5 1 U 1
5 6 0 L 1
5 11 0 U 1
4 11 0 U 1
4 5 0 U 1
5 5 0 U 1
3 11 0 L 1
3 5 0 U 1
4 5 0 U 1
3 5 0 R 1
3 6 0 U 1
2 5 4 R 1
3 10 0 L 1
2 6 0 R 1
2 5 0 R 1
3 9 0 L 1
3 8 0 U 1
2 7 1 U 1
2 6 0 R 1
2 7 4 R 1
1 7 0 R 1
2 7 0 U 1
1 8 1 R 1
1 7 0 R 1
2 8 5 U 1
1 9 0 R 1
1 8 0 R 1
2 8 0 U 1
1 10 0 R 1
1 9 0 R 1
1 8 0 R 1
1 11 1 R 1
1 10 1 R 1
1 9 0 R 1
1 11 1 R 1
1 10 0 R 1
1 13 0 L 1
1 12 0 L 1
1 11 7 L 4
1 11 0 R 1
10 10 0 R 1
10 11 1 U 2
8 11 0 U 1
7 11 0 U 1
6 10 0 R 1
6 11 0 U 1
5 11 0 U 1
4 11 0 L 1
4 10 0 L 1
10 6 0 R 1
5 0 0 D 1
6 0 0 D 1
7 0 0 D 1
6 2 0 D 1
8 0 0 R 1
7 2 0 D 1
8 1 0 R 1
12 2 0 U 1
8 2 0 D 1
9 2 0 D 1
11 2 0 U 1
10 2 0 R 1
10 3 0 R 1
10 4 4 U 5
6 5 0 R 1
6 6 0 D 1
7 6 1 D 2
10 11 0 L 1
10 4 0 R 1
10 10 0 L 1
9 6 0 D 1
10 9 0 L 1
13 5 0 U 1
12 5 0 U 1
11 5 0 U 1
10 5 4 R 4
10 5 0 R 1
10 8 0 L 1
10 6 0 R 1
5 13 0 D 1
6 13 0 D 1
7 13 0 L 1
13 6 0 U 1
7 12 0 L 1
12 6 0 L 1
7 11 0 L 1
12 4 0 R 1
12 5 0 U 1
11 5 0 U 1
10 5 0 U 1
9 5 0 U 1
8 5 0 U 1
7 5 1 U 2
7 10 0 L 1
7 9 0 L 1
7 8 0 U 1
6 8 0 L 1
6 7 0 U 1
1 4 0 D 1
2 4 0 D 1
5 7 0 L 1
5 6 0 L 1
3 4 0 D 1
4 4 0 D 1
5 5 0 L 1
1 7 0 D 1
2 7 0 D 1
3 7 0 L 1
3 6 0 L 1
3 5 0 D 1
4 5 0 D 1
5 5 0 R 1
5 6 0 R 1
0 1 0 D 1
1 2 0 L 1
1 1 0 D 1
2 1 0 D 1
3 1 0 D 1
4 1 0 R 1
4 2 0 D 1
5 2 0 D 1
6 2 0 R 1
6 3 0 R 1
6 4 0 D 1
7 4 0 R 1
7 5 1 R 2
7 6 0 R 1
7 7 0 R 1
7 8 0 R 1
10 9 0 R 1
10 10 0 R 1
7 9 0 R 1
10 11 0 U 1
7 10 0 R 1
7 11 0 D 1
9 11 0 U 1
8 11 0 R 1
