3 11 0 D 1
4 11 1 D 2
4 1 0 L 1
4 0 1 D 2
0 11 0 D 1
1 11 0 D 1
0 0 0 D 1
2 11 0 D 1
5 14 0 D 1
1 0 0 R 1
3 12 0 L 1
3 11 0 D 1
4 11 0 L 1
4 10 0 D 1
5 10 0 L 1
5 9 0 L 1
5 8 0 L 1
5 7 0 D 1
6 7 0 L 1
6 6 2 L 3
6 14 0 L 1
0 4 0 R 1
1 1 0 D 1
0 5 0 D 1
1 5 1 D 2
2 1 0 D 1
6 13 0 L 1
3 1 0 D 1
11 13 0 L 1
1 5 0 D 1
6 12 0 D 1
7 12 0 D 1
8 12 0 L 1
8 11 0 L 1
8 10 1 L 2
2 5 0 R 1
2 6 1 D 2
13 11 0 L 1
13 10 0 U 1
12 10 0 U 1
11 10 0 U 1
10 10 1 U 1
4 0 0 R 1
4 1 0 D 1
5 1 0 R 1
5 2 0 D 1
6 2 1 D 2
11 12 1 L 2
2 6 0 D 1
11 10 0 U 1
3 6 0 D 1
4 6 0 D 1
5 6 2 D 3
10 10 0 U 1
9 10 1 L 1
9 9 0 L 1
9 8 0 L 1
9 7 0 L 1
9 6 2 L 3
11 8 0 U 1
5 6 0 D 1
7 8 0 D 1
6 5 0 R 1
6 6 0 D 1
7 6 1 D 2
8 8 0 D 1
10 8 0 U 1
8 2 0 D 1
9 3 1 L 1
9 2 0 D 1
10 2 1 R 2
9 8 0 L 1
9 7 2 L 1
9 6 1 L 1
9 7 0 L 1
12 3 0 U 1
11 3 0 R 1
10 4 0 D 1
9 5 0 D 1
8 6 0 D 1
9 6 0 L 1
9 5 1 D 2
11 4 0 R 1
10 5 6 D 1
11 5 1 R 1
10 5 0 D 1
11 5 0 R 1
12 0 0 U 1
11 1 0 L 1
11 0 0 U 1
10 0 1 U 2
8 0 1 U 1
7 0 0 R 1
7 1 1 R 2
7 1 0 R 1
7 2 1 D 2
10 2 0 U 1
9 2 0 R 1
9 3 2 R 3
9 5 0 R 1
6 11 0 L 1
6 10 0 D 1
7 10 0 D 1
8 10 0 D 1
9 10 2 D 2
9 6 0 R 1
9 7 0 R 1
9 8 0 R 1
9 9 0 R 1
9 10 2 D 2
11 12 0 L 1
11 11 0 L 1
11 10 4 U 4
11 10 0 R 1
9 3 0 U 1
8 3 1 U 1
8 3 0 U 1
6 3 0 D 1
7 3 2 L 3
6 0 0 D 1
7 0 0 D 1
8 0 1 D 2
13 14 0 U 1
12 14 0 U 1
11 14 0 L 1
11 13 0 L 1
11 12 0 L 1
3 8 0 D 1
4 4 0 R 1
11 11 0 L 1
4 8 0 D 1
11 10 0 U 1
4 5 0 D 1
5 8 0 L 1
5 5 0 D 1
10 10 0 U 1
5 7 0 D 1
6 7 0 D 1
9 10 0 L 1
6 5 0 D 1
7 5 0 R 1
7 7 0 L 1
9 9 0 L 1
9 8 0 L 1
7 6 0 D 1
8 6 0 D 1
9 7 0 L 1
9 6 0 L 1
9 5 0 D 1
10 5 0 D 1
13 2 0 D 1
14 2 0 L 1
14 1 0 L 1
14 0 0 U 1
13 0 0 U 1
12 0 0 U 1
11 0 0 U 1
10 0 0 U 1
9 0 0 U 1
8 0 0 U 1
7 0 0 R 1
7 1 0 R 1
7 3 1 L 1
7 2 0 U 1
6 2 0 R 1
7 3 0 U 1
6 3 0 R 1
6 4 0 R 1
6 5 0 U 1
5 5 1 R 2
3 5 0 D 1
4 5 0 D 1
0 13 0 D 1
1 13 0 L 1
5 5 0 R 1
1 12 0 L 1
8 9 0 R 1
3 14 0 L 1
5 6 0 R 1
3 13 0 L 1
8 10 0 U 1
5 7 0 R 1
1 11 0 D 1
2 11 0 D 1
3 11 0 R 1
3 12 0 D 1
5 8 0 R 1
7 10 0 U 1
6 10 0 U 1
5 9 1 R 1
4 12 0 L 1
4 11 0 D 1
5 10 1 R 1
5 9 0 R 1
5 10 0 R 1
