3 4 0 D 1
4 4 1 D 1
5 4 0 D 1
6 4 0 R 1
6 5 0 D 1
7 5 1 D 1
8 5 0 R 1
8 6 0 D 1
9 6 0 D 1
10 6 0 D 1
11 6 0 R 1
11 7 1 R 1
11 8 0 R 1
11 9 0 D 1
13 8 0 D 1
12 9 1 D 1
14 8 0 R 1
13 9 0 D 1
14 9 0 R 1
14 10 1 R 1
14 11 0 R 1
14 12 0 R 1
14 13 1 R 1
14 14 1 R 1
15 16 0 U 1
14 16 0 L 1
14 15 4 L 4
14 15 0 U 1
9 17 0 L 1
9 16 1 U 1
8 16 0 U 1
7 17 0 U 1
7 16 0 U 1
6 17 1 L 1
6 16 0 L 1
6 15 0 L 1
3 8 0 U 1
6 14 0 D 1
2 8 0 R 1
7 14 0 L 1
2 9 0 R 1
7 13 0 L 1
2 10 0 D 1
7 12 1 L 1
3 10 0 D 1
7 11 0 L 1
4 10 0 L 1
7 10 0 U 1
4 9 0 D 1
10 14 0 D 1
6 10 1 L 1
5 9 1 D 1
11 14 1 L 1
9 12 0 D 1
7 0 0 D 1
6 9 0 L 1
11 13 0 L 1
10 12 0 D 1
8 0 1 D 1
6 8 1 D 1
11 12 1 L 1
9 0 1 D 1
7 8 0 D 1
5 6 0 D 1
11 11 1 L 1
10 0 0 D 1
8 8 0 D 1
6 6 0 D 1
12 9 0 U 1
11 10 0 L 1
11 0 0 D 1
9 8 0 D 1
7 6 0 D 1
12 0 0 D 1
11 9 0 L 1
10 8 2 D 1
8 6 0 D 1
13 0 0 R 1
11 8 1 L 1
10 8 1 D 1
11 2 0 D 1
9 6 0 D 1
13 1 0 D 1
12 2 0 D 1
11 7 0 L 1
11 8 0 L 1
10 7 0 D 1
11 3 0 D 1
14 1 1 D 1
13 2 1 D 1
12 3 0 R 1
11 6 1 D 1
11 7 0 L 1
10 6 0 D 1
15 1 0 D 1
14 2 0 R 1
12 6 1 L 1
11 6 0 D 1
12 6 5 L 1
12 4 0 D 1
16 1 0 R 1
14 3 0 D 1
13 4 1 D 1
12 5 0 D 1
12 6 1 L 1
16 2 0 R 1
15 3 0 D 1
14 4 0 D 1
13 5 0 D 1
12 5 0 D 1
16 3 0 R 1
15 4 0 D 1
14 5 0 D 1
13 5 0 D 1
16 4 0 R 1
15 5 7 D 1
14 5 3 D 1
16 5 1 R 1
15 5 1 D 1
14 5 0 D 1
16 6 1 R 1
16 5 1 R 1
15 5 0 D 1
16 6 7 R 1
16 5 4 R 1
16 7 2 R 1
16 8 0 D 1
17 8 0 R 1
16 6 3 R 1
16 7 0 D 1
17 7 0 R 1
17 8 0 R 1
16 6 1 L 1
16 6 0 L 1
16 5 6 U 4
16 5 0 R 1
16 6 0 R 1
16 7 0 D 1
17 7 0 R 1
17 8 0 R 1
9 3 0 U 1
8 3 0 U 1
7 3 0 U 1
6 2 0 R 1
4 4 0 D 1
6 3 1 R 1
5 4 0 D 1
6 4 0 R 1
6 5 0 D 1
7 5 1 D 1
8 5 0 R 1
8 6 0 D 1
9 6 0 D 1
10 6 0 D 1
11 6 0 R 1
11 7 0 R 1
11 8 0 R 1
11 9 0 R 1
11 10 0 R 1
11 11 1 R 1
11 15 0 L 1
11 14 1 L 1
11 13 0 L 1
11 12 4 L 4
12 12 0 U 1
11 12 4 L 3
12 14 0 U 1
11 14 1 L 1
11 13 0 L 1
11 12 4 U 2
11 12 0 L 1
11 11 1 L 1
11 10 0 D 1
12 10 0 D 1
13 10 1 R 1
8 0 0 D 1
9 0 1 D 1
10 0 0 R 1
10 1 1 R 1
5 2 0 D 1
10 2 1 D 1
6 2 0 R 1
11 2 0 D 1
6 3 1 R 1
12 2 0 R 1
6 4 0 R 1
12 3 0 R 1
6 5 0 D 1
12 4 0 R 1
7 5 1 D 1
12 5 1 U 1
8 5 0 R 1
11 5 1 U 1
8 6 0 D 1
6 8 0 D 1
10 5 0 R 1
9 6 0 D 1
7 8 0 D 1
10 6 0 R 1
8 8 0 D 1
10 7 0 R 1
9 8 0 D 1
10 8 1 R 1
11 11 0 U 1
10 11 0 L 1
10 10 0 L 1
10 1 0 R 1
10 2 1 D 1
11 2 0 D 1
12 2 0 R 1
12 3 0 R 1
12 4 0 R 1
12 5 1 U 1
11 5 1 U 1
10 5 0 R 1
10 6 0 U 1
9 6 0 U 1
8 6 0 U 1
7 6 0 U 1
6 6 0 U 1
5 6 0 U 1
4 6 0 L 1
4 5 0 U 1
3 5 0 U 1
2 5 1 U 1
1 5 0 U 1
0 5 1 L 1
0 4 0 L 1
0 3 0 R 1
0 4 0 R 1
0 5 1 D 1
1 5 0 D 1
2 5 1 D 1
3 5 0 D 1
4 5 0 R 1
4 6 0 D 1
5 6 0 R 1
5 7 1 R 1
5 8 0 R 1
5 9 1 U 1
4 9 0 R 1
4 10 0 U 1
3 10 0 U 1
2 10 0 L 1
2 9 0 L 1
2 14 0 L 1
2 13 0 L 1
2 12 0 D 1
3 12 1 L 1
3 11 1 L 1
3 10 0 D 1
4 10 0 L 1
4 9 0 D 1
5 9 1 L 1
5 8 0 L 1
5 7 1 U 1
4 2 0 R 1
4 3 0 R 1
4 4 0 R 1
4 5 0 R 1
4 6 0 R 1
7 2 0 U 1
6 2 0 R 1
6 3 1 R 1
6 4 0 R 1
6 5 0 D 1
7 5 1 D 1
8 5 0 R 1
8 6 0 D 1
9 6 0 D 1
10 6 0 D 1
14 11 0 U 1
13 11 0 L 1
13 10 1 U 1
12 10 0 U 1
11 10 0 L 1
11 9 1 L 1
11 8 1 L 1
11 7 0 L 1
17 0 0 U 1
16 0 0 U 1
15 0 0 R 1
9 0 0 D 1
15 1 0 U 1
10 0 0 R 1
14 1 0 U 1
10 1 0 R 1
13 1 0 R 1
10 2 1 D 1
13 2 0 U 1
11 2 0 D 1
12 2 0 R 1
0 0 0 R 1
13 4 0 U 1
12 3 0 R 1
0 1 0 D 1
14 10 0 U 1
12 4 0 R 1
1 1 0 D 1
13 10 1 U 1
12 5 0 U 1
3 0 0 R 1
2 1 0 D 1
12 10 0 U 1
11 5 0 U 1
3 1 0 D 1
0 6 0 D 1
11 10 0 U 1
10 5 0 R 1
4 1 0 R 1
1 6 0 L 1
10 10 0 U 1
10 6 0 U 1
4 2 0 R 1
1 5 0 D 1
11 8 0 U 1
9 10 0 L 1
9 6 0 U 1
4 3 0 R 1
2 5 1 D 1
10 8 1 U 1
9 9 0 U 1
8 6 0 U 1
7 5 0 U 1
4 4 0 R 1
3 5 0 D 1
9 8 0 U 1
8 9 0 L 1
7 6 0 U 1
6 5 0 R 1
4 5 0 R 1
8 8 0 U 1
6 6 0 U 1
7 8 0 U 1
5 6 1 R 1
4 6 0 D 1
6 10 0 L 1
6 8 0 U 1
5 7 2 R 1
5 6 0 R 1
6 9 0 U 1
5 8 2 R 1
5 7 0 R 1
5 9 0 U 1
5 8 0 R 1
4 9 0 R 1
5 9 0 U 1
4 10 0 U 1
4 9 0 R 1
3 10 0 U 1
4 10 0 U 1
2 10 0 R 1
3 10 0 U 1
2 11 0 R 1
2 10 0 R 1
2 12 0 U 1
2 11 0 R 1
1 12 1 U 1
2 12 1 U 1
0 12 1 R 1
1 12 1 U 1
2 12 0 U 1
0 12 7 R 1
1 12 1 U 1
0 13 0 R 1
0 12 1 R 1
1 12 0 U 1
0 12 1 R 1
0 14 0 R 1
0 13 0 R 1
0 15 0 R 1
0 14 0 R 1
0 16 2 D 1
1 16 1 U 1
0 12 0 D 1
1 12 0 D 1
2 12 0 D 1
3 12 1 L 1
3 11 1 L 1
3 10 0 D 1
4 10 0 L 1
4 9 0 D 1
5 9 0 L 1
5 8 0 L 1
5 7 0 U 1
4 7 0 L 1
4 6 0 L 1
4 5 0 U 1
3 5 0 U 1
2 5 1 L 1
0 5 0 D 1
1 5 0 D 1
2 5 1 L 1
2 4 2 D 2
2 4 0 D 1
3 4 0 L 1
3 3 0 L 1
3 2 0 L 1
9 16 0 U 1
8 16 0 U 1
7 16 0 U 1
6 16 0 L 1
6 15 0 L 1
6 14 0 D 1
7 14 0 L 1
3 12 0 L 1
7 13 0 L 1
3 11 0 L 1
7 12 1 L 1
3 10 0 D 1
7 11 0 L 1
4 10 0 L 1
7 10 0 U 1
4 9 0 D 1
6 10 0 L 1
5 9 0 D 1
6 9 0 L 1
6 8 0 D 1
13 10 0 U 1
7 8 0 D 1
12 10 0 U 1
8 8 0 D 1
11 10 0 L 1
9 8 0 D 1
11 9 0 L 1
10 8 1 D 1
11 8 0 L 1
11 7 0 L 1
11 6 0 D 1
12 6 1 L 1
12 5 0 D 1
13 5 0 D 1
14 5 0 D 1
15 5 0 D 1
16 5 0 R 1
16 6 0 R 1
16 7 0 U 1
15 7 0 D 1
16 7 0 L 1
16 6 0 L 1
16 5 0 U 1
15 5 0 U 1
14 5 0 L 1
14 4 0 L 1
2 5 0 D 1
3 5 0 D 1
4 5 0 R 1
4 6 0 D 1
5 6 0 D 1
14 6 0 L 1
6 6 0 D 1
14 5 0 U 1
7 6 0 D 1
13 5 0 U 1
8 6 0 D 1
12 5 0 U 1
9 6 0 D 1
11 5 0 R 1
10 6 0 D 1
11 6 0 R 1
11 7 0 R 1
11 8 0 R 1
11 9 0 D 1
12 9 0 D 1
13 9 0 D 1
14 9 0 R 1
11 14 0 D 1
14 10 0 R 1
12 14 0 D 1
14 11 0 R 1
13 14 0 D 1
14 14 1 L 1
14 12 0 R 1
14 14 0 L 1
14 13 4 U 4
16 12 0 U 1
15 12 0 U 1
14 12 0 R 1
14 13 4 L 4
14 13 0 L 1
14 12 0 L 1
14 11 0 L 1
14 10 0 L 1
14 9 1 L 1
12 17 0 D 1
13 17 0 L 1
13 16 0 L 1
13 15 0 L 1
3 17 0 L 1
13 14 0 U 1
3 16 0 L 1
12 14 0 U 1
4 14 0 U 1
3 15 0 L 1
11 14 0 U 1
6 17 0 L 1
3 14 0 U 1
10 14 0 L 1
10 2 0 D 1
6 16 0 L 1
2 14 0 L 1
1 13 0 D 1
14 9 0 U 1
11 2 0 D 1
10 13 0 U 1
6 15 0 L 1
5 12 0 U 1
2 13 0 L 1
13 9 0 U 1
12 2 0 R 1
9 13 0 L 1
6 14 0 D 1
4 12 0 U 1
2 12 0 D 1
12 9 0 U 1
12 3 0 R 1
9 12 0 L 1
7 14 0 L 1
3 12 0 L 1
12 4 0 R 1
11 9 0 U 1
9 11 0 L 1
7 13 0 L 1
3 11 0 L 1
12 5 0 U 1
10 9 0 U 1
9 10 0 L 1
7 12 0 L 1
3 10 0 D 1
0 7 0 L 1
12 6 0 U 1
11 5 0 U 1
10 8 0 U 1
9 9 0 U 1
7 11 0 L 1
4 10 0 L 1
0 6 0 D 1
11 6 0 U 1
10 5 0 R 1
9 8 0 U 1
8 9 0 L 1
7 10 0 U 1
4 9 0 D 1
1 6 0 L 1
10 6 0 U 1
8 8 0 U 1
6 10 0 L 1
5 9 0 D 1
1 5 0 D 1
9 6 0 U 1
7 8 0 U 1
6 9 3 L 1
2 5 0 D 1
1 2 0 D 1
8 6 0 U 1
6 8 0 L 1
6 9 0 L 1
3 5 0 D 1
2 2 0 D 1
6 7 0 L 1
6 8 0 L 1
4 5 0 L 1
3 2 0 D 1
6 6 0 L 1
6 7 0 L 1
4 4 0 D 1
4 2 0 D 1
6 5 0 L 1
6 6 0 L 1
5 2 0 D 1
6 4 2 L 1
6 3 1 R 1
6 4 3 R 1
6 5 0 D 1
7 5 0 R 1
6 3 0 R 1
6 4 0 R 1
6 5 0 D 1
7 5 0 R 1
6 2 0 R 1
6 3 0 R 1
6 4 0 U 1
5 4 0 D 1
6 4 0 R 1
6 5 0 D 1
7 5 0 R 1
0 15 0 L 1
0 14 0 D 1
0 16 0 L 1
0 15 0 L 1
1 14 0 D 1
0 14 0 D 1
1 16 0 U 1
0 16 0 L 1
0 15 0 L 1
2 14 0 D 1
1 14 0 D 1
0 14 0 D 1
2 14 0 D 1
1 14 0 D 1
2 14 0 D 1
