13 10 0 U 1
12 10 1 L 2
12 4 0 U 1
11 4 0 U 1
10 4 0 U 1
9 4 0 U 1
3 1 0 D 1
8 4 0 U 1
7 4 0 R 1
4 1 0 R 1
1 4 0 D 1
2 4 0 D 1
7 5 0 U 1
4 2 0 R 1
4 3 0 R 1
3 4 0 D 1
6 5 1 U 2
8 8 0 U 1
4 4 0 R 1
7 9 0 L 1
7 8 0 U 1
4 5 0 R 1
6 8 0 U 1
4 6 0 R 1
4 7 0 R 1
5 8 0 U 1
4 8 0 R 1
8 13 0 U 1
4 9 0 R 1
7 13 1 U 2
4 11 0 L 1
4 10 6 D 6
4 10 0 R 1
4 11 0 R 1
4 12 0 R 1
5 13 0 U 1
4 13 1 L 2
6 10 0 D 1
8 11 0 L 1
7 10 0 D 1
12 8 0 U 1
8 10 0 L 1
8 9 0 L 1
11 8 0 L 1
11 7 0 U 1
8 8 0 L 1
12 6 0 U 1
10 7 0 L 1
11 6 0 U 1
8 7 0 L 1
6 5 0 D 1
8 6 0 D 1
10 6 0 U 1
7 5 0 D 1
8 5 0 D 1
9 6 0 L 1
9 5 0 L 1
9 4 0 L 1
8 1 0 D 1
8 3 0 D 1
9 3 0 L 1
9 1 0 R 1
12 2 0 U 1
11 2 0 U 1
10 2 0 U 1
9 2 0 U 1
1 9 0 L 1
8 2 0 U 1
1 8 0 D 1
7 2 0 U 1
4 11 0 L 1
4 10 0 L 1
2 8 0 D 1
6 2 0 U 1
3 8 0 D 1
4 9 0 L 1
5 2 0 U 1
4 8 0 L 1
4 2 0 R 1
4 7 0 L 1
4 3 0 R 1
4 4 0 R 1
4 6 0 L 1
1 12 0 D 1
4 0 0 D 1
5 0 0 D 1
7 13 0 D 1
6 0 0 D 1
7 0 0 D 1
8 13 0 D 1
8 0 0 D 1
9 13 0 D 1
10 13 0 L 1
9 0 0 D 1
10 12 0 L 1
10 0 0 R 1
10 1 0 R 1
10 10 0 R 1
10 11 0 D 1
12 10 0 U 1
11 11 0 L 1
10 2 0 R 1
11 10 0 L 1
10 3 0 R 1
11 9 0 L 1
10 4 0 R 1
10 5 0 R 1
11 8 0 L 1
10 6 0 R 1
11 7 0 U 1
