11 15 0 U 1
10 15 1 U 1
13 1 0 U 1
12 1 0 U 1
11 1 0 U 1
10 1 0 U 1
8 1 0 D 1
9 1 0 R 1
9 2 1 R 2
9 4 0 R 1
9 5 0 R 1
9 6 0 R 1
9 7 1 R 2
15 9 0 D 1
16 9 0 L 1
16 8 0 L 1
16 7 0 L 1
16 6 0 L 1
16 5 0 U 1
15 5 0 L 1
15 4 0 U 1
14 4 0 L 1
14 3 0 L 1
14 2 0 L 1
14 1 0 U 1
13 1 0 U 1
12 1 0 U 1
11 1 0 U 1
10 1 0 U 1
9 1 1 R 2
5 0 0 R 1
5 1 0 D 1
6 1 0 D 1
7 1 0 D 1
8 1 0 D 1
9 1 2 D 3
2 7 0 U 1
1 7 0 R 1
1 8 0 R 1
1 9 0 R 1
1 10 1 R 2
9 1 0 R 1
16 12 0 R 1
16 13 0 U 1
15 13 0 U 1
14 13 0 U 1
13 13 0 L 1
13 12 1 L 1
9 2 1 R 2
10 4 0 U 1
9 4 0 R 1
9 5 0 R 1
9 6 2 D 3
0 13 0 R 1
1 12 0 L 1
0 14 0 D 1
1 10 0 R 1
1 11 0 D 1
2 11 0 D 1
3 11 1 D 1
13 12 0 L 1
9 6 0 R 1
1 14 0 D 1
2 14 0 D 1
3 14 1 D 2
13 11 1 U 1
12 11 0 U 1
11 11 0 U 1
10 11 0 U 1
9 11 0 R 1
9 12 0 U 1
8 12 1 U 1
3 10 0 R 1
3 11 0 D 1
4 11 3 R 4
9 7 0 R 1
10 16 0 L 1
10 15 0 U 1
9 15 1 L 1
9 14 0 L 1
9 13 0 L 1
9 12 1 U 2
4 15 0 D 1
9 8 0 R 1
5 14 0 R 1
5 15 0 D 1
9 9 0 R 1
6 15 0 L 1
9 10 0 R 1
9 11 0 R 1
6 14 0 L 1
9 12 1 U 2
6 13 0 L 1
7 12 1 L 2
6 12 0 D 1
7 12 1 L 2
13 15 0 U 1
12 15 0 U 1
11 15 0 U 1
10 15 0 U 1
9 15 1 L 2
9 13 0 L 1
9 12 0 L 1
9 11 0 L 1
9 10 1 L 2
9 8 0 L 1
9 7 0 L 1
8 6 0 D 1
9 6 0 L 1
9 5 0 L 1
0 5 0 D 1
1 5 0 L 1
1 4 0 D 1
2 4 0 D 1
3 4 0 L 1
3 3 0 D 1
4 3 0 L 1
4 2 0 L 1
4 1 0 D 1
5 1 0 D 1
6 1 0 D 1
7 1 0 D 1
8 1 0 D 1
9 1 0 R 1
9 2 1 R 2
9 4 2 R 3
9 7 0 R 1
9 8 0 R 1
9 9 0 R 1
9 10 1 R 2
9 12 0 U 1
8 12 1 U 2
4 8 0 U 1
6 12 0 R 1
6 13 0 U 1
3 8 0 L 1
5 13 0 U 1
3 7 0 U 1
4 13 1 L 2
2 7 0 U 1
1 7 0 R 1
4 11 2 U 3
0 8 0 D 1
1 8 0 R 1
1 9 0 R 1
1 10 0 R 1
1 0 0 R 1
1 1 0 D 1
2 1 0 D 1
3 1 0 D 1
4 1 0 D 1
5 1 0 D 1
6 1 0 D 1
7 1 0 D 1
8 1 0 D 1
9 1 1 R 2
9 1 0 R 1
9 2 1 R 2
9 4 2 R 3
9 7 0 R 1
9 8 0 R 1
9 9 0 R 1
9 10 1 R 2
9 12 0 U 1
8 12 1 U 2
6 12 0 R 1
6 13 0 U 1
5 13 0 U 1
4 13 1 L 2
4 11 2 U 3
1 11 1 L 2
1 9 0 L 1
1 8 0 L 1
1 7 0 D 1
2 7 0 D 1
3 7 0 D 1
4 7 0 D 1
5 7 0 D 1
8 12 0 U 1
7 11 0 R 1
7 12 1 U 1
6 12 1 R 2
6 14 0 U 1
5 14 0 U 1
4 14 1 L 2
4 12 0 L 1
4 11 2 U 3
1 11 1 U 1
1 11 0 D 1
2 11 0 D 1
3 11 0 D 1
4 11 0 R 1
4 12 2 R 3
4 12 0 R 1
4 14 0 L 1
4 13 0 D 1
5 13 0 D 1
6 13 0 L 1
6 12 0 D 1
7 12 0 D 1
8 12 0 D 1
9 12 0 L 1
9 11 2 L 3
13 11 0 U 1
12 11 0 U 1
11 11 0 U 1
10 11 0 U 1
9 11 2 L 3
9 3 0 R 1
9 4 2 R 2
9 8 0 L 1
9 6 0 R 1
9 7 0 D 1
10 7 0 L 1
10 6 0 D 1
11 6 0 D 1
12 6 0 R 1
12 7 0 R 1
12 8 1 D 1
12 8 0 D 1
3 14 0 D 1
4 15 0 L 1
4 14 0 D 1
5 14 0 D 1
6 14 0 D 1
7 14 0 D 1
8 14 0 D 1
9 14 1 L 2
9 12 0 L 1
9 11 0 L 1
9 10 2 L 3
9 10 0 L 1
9 9 0 L 1
9 8 0 L 1
9 7 0 L 1
9 6 0 L 1
9 5 2 L 3
9 2 0 D 1
10 2 0 L 1
10 1 0 D 1
11 1 0 D 1
12 1 0 R 1
12 2 0 R 1
12 3 0 U 1
9 5 0 L 1
9 4 1 L 2
9 2 0 D 1
10 2 0 L 1
10 1 0 D 1
11 1 0 D 1
12 1 0 D 1
13 1 0 D 1
14 1 0 R 1
14 2 0 D 1
15 2 0 R 1
9 14 0 R 1
9 15 0 D 1
10 15 0 D 1
11 15 0 D 1
12 15 0 D 1
13 15 0 D 1
14 15 0 R 1
14 16 0 D 1
