17 3 0 U 1
16 3 1 U 2
1 14 0 R 1
1 15 0 D 1
2 16 0 L 1
2 15 0 D 1
3 15 1 D 2
5 16 0 L 1
5 15 0 D 1
6 15 0 L 1
6 14 0 D 1
3 8 0 D 1
5 6 0 R 1
4 8 0 D 1
4 12 0 D 1
5 7 0 R 1
5 8 1 R 1
5 9 0 R 1
5 10 0 D 1
6 10 0 D 1
7 10 0 D 1
8 10 1 L 2
7 14 0 D 1
5 12 0 L 1
5 11 0 D 1
8 13 0 R 1
8 14 0 D 1
9 14 0 D 1
10 14 0 D 1
11 14 1 L 2
6 11 0 D 1
7 11 1 D 1
8 1 0 D 1
9 1 0 R 1
7 11 0 D 1
14 3 0 L 1
14 2 0 U 1
13 2 0 U 1
12 2 0 U 1
11 2 1 R 2
9 2 0 R 1
8 11 2 L 3
9 3 0 D 1
10 3 0 D 1
11 12 0 L 1
11 3 0 R 1
11 4 0 R 1
11 5 1 D 2
8 8 1 D 1
11 11 0 L 1
9 8 0 L 1
9 7 3 L 4
11 10 0 L 1
9 7 0 D 1
13 9 0 U 1
11 9 0 D 1
10 7 1 D 2
12 9 0 L 1
12 8 0 L 1
12 7 7 U 3
13 5 0 R 1
13 6 0 D 1
12 7 0 D 1
14 6 0 D 1
13 7 0 D 1
15 6 0 D 1
14 7 0 D 1
15 9 0 L 1
15 8 1 L 1
15 7 7 U 4
17 8 0 U 1
16 8 0 U 1
15 8 1 L 1
15 7 7 U 4
16 6 0 R 1
16 7 3 U 4
15 7 2 D 1
15 8 0 L 1
15 7 0 R 1
16 7 0 R 1
15 8 0 R 1
16 8 1 R 1
16 8 0 R 1
15 9 0 D 1
16 16 0 L 1
16 15 0 L 1
16 14 0 U 1
15 14 1 U 2
1 16 0 R 1
1 17 0 D 1
2 17 0 L 1
2 16 0 L 1
2 15 2 D 2
13 14 0 R 1
13 15 1 U 2
11 15 0 U 1
3 15 0 D 1
4 15 0 L 1
4 14 0 L 1
4 13 0 L 1
4 12 0 D 1
5 12 0 L 1
5 11 0 D 1
6 11 0 D 1
7 11 0 L 1
7 10 0 L 1
10 15 0 U 1
9 15 0 L 1
9 13 0 R 1
9 14 0 U 1
8 14 0 L 1
8 13 0 L 1
8 12 1 L 2
5 8 0 R 1
5 9 0 R 1
5 10 0 D 1
8 10 1 U 1
6 10 0 D 1
7 10 0 L 1
15 13 0 R 1
16 4 0 L 1
16 3 0 U 1
14 4 0 L 1
15 3 0 U 1
6 0 0 R 1
14 3 0 L 1
6 1 0 D 1
7 1 0 D 1
14 2 0 U 1
8 1 0 D 1
13 2 0 U 1
9 1 0 R 1
12 2 0 U 1
11 2 0 R 1
11 3 0 R 1
11 4 1 D 1
9 2 0 R 1
3 17 0 U 1
9 3 1 R 2
2 17 0 L 1
12 4 1 R 2
9 5 0 D 1
2 16 0 L 1
10 5 0 R 1
10 6 2 U 1
2 15 0 D 1
3 15 0 D 1
4 15 0 D 1
5 15 0 D 1
6 15 0 L 1
6 14 0 D 1
7 14 2 D 3
12 6 0 R 1
3 14 0 L 1
3 13 0 D 1
4 13 1 R 2
10 6 0 R 1
10 7 1 D 1
12 7 0 U 1
11 7 7 R 5
4 15 0 D 1
11 7 2 R 3
5 15 0 D 1
8 11 1 R 2
6 15 0 L 1
6 14 0 D 1
8 13 0 D 1
11 10 0 R 1
7 14 0 D 1
8 14 0 D 1
11 11 0 R 1
9 14 0 L 1
9 13 0 D 1
11 12 1 R 2
10 14 0 L 1
10 13 0 D 1
11 13 1 R 1
11 14 0 R 1
11 13 0 R 1
17 11 0 U 1
11 15 1 D 1
11 14 0 R 1
16 11 0 R 1
12 15 1 D 2
11 15 0 D 1
12 15 2 D 2
12 15 1 D 1
16 12 0 U 1
13 15 1 L 1
15 12 0 R 1
14 15 0 L 1
14 14 1 D 1
13 14 0 D 1
14 14 0 D 1
15 13 0 R 1
14 10 0 U 1
13 10 0 R 1
13 11 0 U 1
12 11 0 U 1
11 11 1 R 1
11 4 0 R 1
11 5 0 U 1
10 5 0 U 1
9 5 0 R 1
9 6 2 R 3
11 12 0 U 1
10 12 0 U 1
9 12 1 U 1
9 9 0 U 1
8 12 1 L 2
8 10 1 L 1
8 9 0 R 1
8 10 1 U 2
6 10 0 U 1
5 10 0 L 1
5 9 0 L 1
5 8 0 U 1
4 7 0 R 1
4 8 0 U 1
3 8 0 L 1
3 7 0 U 1
2 7 0 L 1
2 6 1 L 2
2 4 0 U 1
1 4 1 U 1
0 0 0 D 1
1 0 0 D 1
2 0 0 D 1
3 0 0 D 1
4 0 0 R 1
0 5 0 L 1
4 2 0 L 1
4 1 0 D 1
5 1 0 D 1
6 1 0 D 1
7 1 0 D 1
8 1 0 D 1
9 1 0 R 1
9 2 1 R 2
0 4 0 D 1
1 4 0 D 1
2 4 0 D 1
3 4 0 D 1
4 4 0 R 1
4 5 0 D 1
5 5 0 R 1
5 6 0 R 1
5 7 0 R 1
5 8 0 R 1
5 9 0 R 1
5 10 0 D 1
6 10 0 D 1
7 10 1 D 1
11 1 0 R 1
11 2 0 R 1
11 3 0 U 1
9 2 0 R 1
10 3 0 U 1
9 3 1 R 2
9 5 0 R 1
9 6 2 R 3
9 9 0 U 1
8 9 0 R 1
8 10 1 R 2
8 12 1 D 1
0 10 0 D 1
1 10 0 L 1
1 9 0 D 1
2 9 0 D 1
3 9 0 L 1
4 13 0 L 1
12 15 0 U 1
3 8 0 D 1
4 12 0 D 1
11 15 0 L 1
4 8 0 D 1
11 14 0 L 1
5 12 0 L 1
5 8 0 R 1
5 11 0 D 1
11 13 0 L 1
5 9 0 R 1
5 10 0 D 1
11 12 0 L 1
6 10 0 R 1
6 11 0 D 1
11 11 0 L 1
7 10 0 R 1
7 11 0 D 1
8 12 0 L 1
11 10 0 L 1
8 11 1 L 2
11 9 0 L 1
7 9 0 D 1
8 8 0 R 1
8 9 0 D 1
9 9 1 L 2
11 8 1 L 1
11 7 2 U 2
9 7 2 L 1
12 4 0 U 1
11 4 0 L 1
9 6 2 L 3
10 7 0 U 1
9 7 0 L 1
9 6 3 L 4
11 3 0 U 1
10 3 0 U 1
9 3 1 U 1
9 2 0 R 1
9 3 0 L 1
8 3 1 U 2
9 2 0 U 1
8 2 0 U 1
7 2 0 U 1
6 3 2 L 1
6 2 0 L 1
5 3 0 D 1
6 3 0 L 1
6 2 1 L 2
6 1 0 U 1
6 0 0 R 1
5 1 1 U 1
6 1 0 U 1
5 1 0 U 1
11 0 0 U 1
6 2 0 D 1
10 0 0 U 1
7 2 0 D 1
9 0 0 R 1
9 1 0 R 1
8 2 0 D 1
9 2 0 R 1
8 3 0 D 1
9 3 0 R 1
9 4 0 R 1
9 5 2 R 3
17 16 0 U 1
16 16 0 L 1
16 15 0 L 1
16 14 0 U 1
15 14 0 U 1
13 13 0 R 1
14 14 0 U 1
9 5 0 R 1
9 6 0 R 1
9 7 0 R 1
9 8 0 U 1
8 8 0 R 1
8 9 5 R 5
13 14 0 R 1
13 15 0 U 1
12 15 0 U 1
11 15 0 U 1
10 15 0 U 1
9 15 0 L 1
9 14 2 U 2
9 14 0 U 1
8 14 0 U 1
7 14 0 U 1
6 14 0 U 1
5 14 0 U 1
4 14 0 U 1
3 14 0 L 1
3 13 0 U 1
2 6 0 D 1
3 6 0 D 1
4 6 0 D 1
5 6 0 R 1
11 8 0 L 1
11 7 0 U 1
5 7 0 R 1
5 8 0 R 1
10 7 0 U 1
5 9 0 R 1
9 7 0 R 1
5 10 0 D 1
9 9 0 L 1
9 8 0 U 1
7 17 0 U 1
8 8 1 R 1
6 10 0 D 1
7 10 0 D 1
8 9 2 R 1
8 8 0 R 1
6 17 0 U 1
5 17 0 L 1
8 10 1 R 1
8 9 0 R 1
5 16 0 L 1
8 11 0 R 1
8 10 0 R 1
5 15 0 D 1
8 12 0 R 1
8 11 0 R 1
6 15 0 L 1
8 13 0 R 1
8 12 0 R 1
8 14 1 U 1
8 13 0 R 1
8 14 0 U 1
6 14 0 D 1
