4 12 0 L 1
4 11 1 L 1
4 10 0 U 1
3 10 0 L 1
3 9 1 U 1
2 9 0 L 1
2 8 1 U 1
1 8 0 L 1
1 7 0 L 1
1 6 1 D 1
2 6 1 D 1
3 6 0 D 1
4 6 0 L 1
4 5 0 L 1
4 4 1 L 1
5 0 0 D 1
4 3 0 D 1
6 0 0 D 1
5 3 0 L 1
7 0 0 R 1
5 2 0 D 1
16 10 0 U 1
7 1 1 R 1
6 2 0 D 1
15 10 1 L 1
7 2 1 R 1
15 9 0 U 1
7 3 0 D 1
14 9 0 U 1
8 3 0 R 1
13 9 0 R 1
8 4 0 R 1
13 10 1 R 1
8 5 0 U 1
13 11 0 U 1
7 5 0 R 1
7 6 0 R 1
7 7 0 R 1
7 8 1 R 1
7 9 0 R 1
7 10 0 R 1
7 11 0 R 1
7 12 0 D 1
8 12 0 D 1
9 12 0 D 1
10 12 1 D 1
11 12 0 D 1
12 12 0 L 1
3 13 0 L 1
3 12 1 D 1
4 12 0 L 1
4 11 0 L 1
2 11 0 U 1
4 10 0 U 1
1 11 0 U 1
3 10 0 L 1
0 11 0 L 1
3 9 1 U 1
0 10 0 L 1
2 9 0 L 1
0 9 0 L 1
2 8 0 U 1
0 8 0 D 1
1 8 0 L 1
1 7 0 L 1
1 6 1 D 1
16 0 0 U 1
2 6 1 D 1
15 16 0 D 1
15 0 0 U 1
3 6 0 D 1
16 16 0 L 1
16 2 0 R 1
14 0 0 U 1
11 1 0 D 1
4 6 0 L 1
2 0 0 R 1
16 15 0 L 1
16 3 0 R 1
15 14 0 D 1
13 0 0 R 1
12 1 0 D 1
4 5 0 L 1
3 4 0 D 1
2 1 0 D 1
16 14 0 L 1
16 4 0 R 1
13 1 0 R 1
4 4 0 L 1
3 1 0 D 1
16 13 0 L 1
16 5 0 U 1
13 2 0 R 1
4 3 0 D 1
4 1 0 D 1
16 12 0 L 1
15 5 0 U 1
13 3 0 R 1
5 3 0 L 1
5 1 2 R 1
16 11 0 L 1
14 5 0 U 1
13 4 0 U 1
5 2 0 D 1
5 1 0 R 1
16 10 0 U 1
15 7 0 U 1
14 6 0 U 1
13 5 0 U 1
12 4 0 R 1
10 2 0 U 1
7 1 0 R 1
6 2 2 D 1
5 2 0 D 1
15 10 0 L 1
14 7 0 U 1
13 6 0 U 1
12 5 0 R 1
10 3 0 U 1
9 2 0 R 1
7 2 0 R 1
6 2 0 D 1
15 9 0 U 1
13 7 0 U 1
12 6 0 U 1
9 3 0 U 1
7 3 2 D 1
7 2 0 R 1
14 9 0 U 1
12 7 0 U 1
11 6 0 U 1
10 5 0 U 1
9 4 0 U 1
8 3 1 R 1
7 3 0 D 1
13 9 0 R 1
11 7 0 U 1
10 6 3 R 1
9 5 0 U 1
8 4 2 R 1
8 3 1 R 1
13 10 0 R 1
10 7 1 R 1
10 6 0 R 1
8 5 0 U 1
8 4 0 R 1
8 3 0 R 1
13 11 0 U 1
10 8 0 U 1
10 7 0 R 1
7 5 0 R 1
8 5 0 U 1
8 4 0 R 1
12 11 0 R 1
11 14 0 U 1
9 8 0 U 1
10 8 0 U 1
7 6 0 R 1
7 5 0 R 1
8 5 0 U 1
12 12 0 U 1
10 14 0 U 1
8 8 1 U 1
9 8 0 U 1
11 12 0 U 1
10 13 0 L 1
9 14 0 R 1
9 10 0 R 1
8 9 0 U 1
7 8 1 R 1
8 8 0 U 1
7 7 6 R 1
7 6 6 R 1
7 5 0 R 1
0 15 0 D 1
10 12 1 U 1
9 15 0 U 1
9 11 0 U 1
7 9 0 R 1
7 8 0 R 1
7 7 0 R 1
7 6 0 R 1
1 15 0 D 1
9 12 0 U 1
8 15 0 U 1
8 11 0 U 1
7 10 1 R 1
7 9 1 R 1
7 8 1 R 1
7 7 0 R 1
2 15 0 D 1
8 12 0 U 1
7 15 0 L 1
7 11 7 R 1
7 10 7 R 1
7 9 7 R 1
7 8 7 R 1
3 15 0 D 1
7 14 0 U 1
7 12 0 U 1
7 11 0 R 1
7 10 0 R 1
7 9 0 R 1
7 8 0 R 1
7 12 0 U 1
7 11 0 R 1
7 10 0 R 1
7 9 0 R 1
7 12 0 U 1
7 11 0 R 1
7 10 0 R 1
7 12 0 U 1
7 11 0 R 1
7 12 0 U 1
4 15 0 D 1
6 14 0 U 1
5 15 0 L 1
5 14 0 L 1
5 16 0 L 1
5 15 0 L 1
5 14 0 L 1
5 13 5 D 2
5 13 0 D 1
6 13 0 L 1
3 12 0 D 1
4 12 0 L 1
4 11 0 L 1
4 10 0 U 1
3 10 0 L 1
3 9 0 U 1
2 9 0 L 1
2 8 0 U 1
1 8 0 L 1
1 7 0 L 1
1 6 0 D 1
5 7 0 L 1
2 6 0 D 1
5 6 0 U 1
3 6 0 D 1
4 6 0 L 1
4 5 0 L 1
4 4 0 L 1
4 3 0 D 1
5 3 0 L 1
5 2 0 D 1
6 2 0 D 1
7 2 0 R 1
7 3 0 D 1
8 3 0 R 1
10 16 0 D 1
8 4 0 R 1
11 16 0 L 1
11 15 0 L 1
2 14 0 R 1
11 14 0 U 1
2 15 0 D 1
10 14 0 U 1
3 15 0 D 1
9 14 0 R 1
4 15 0 D 1
10 12 0 U 1
9 15 0 U 1
5 15 0 L 1
9 12 0 U 1
8 15 0 U 1
5 14 0 D 1
8 12 0 U 1
7 15 0 L 1
6 14 0 D 1
7 14 0 L 1
7 12 0 R 1
7 13 0 L 1
7 12 0 L 1
7 11 0 L 1
7 10 0 L 1
7 9 0 D 1
8 9 0 L 1
8 8 0 L 1
8 7 0 L 1
8 6 0 L 1
15 2 0 D 1
16 2 0 R 1
16 3 0 R 1
16 4 0 R 1
16 5 0 U 1
15 5 0 U 1
14 4 0 U 1
14 5 0 U 1
13 4 0 U 1
13 5 0 U 1
12 4 0 R 1
12 5 0 R 1
12 6 0 U 1
10 4 0 R 1
11 6 0 U 1
10 5 0 R 1
10 6 0 R 1
10 7 0 R 1
10 8 0 U 1
9 8 0 R 1
9 9 0 R 1
9 10 0 R 1
9 11 0 U 1
8 11 0 R 1
8 12 0 R 1
8 13 0 L 1
8 12 0 D 1
