7 4 0 D 1
8 4 0 R 1
8 5 0 R 1
8 6 0 D 1
9 6 0 R 1
9 7 0 R 1
9 8 0 R 1
9 9 0 R 1
9 10 0 R 1
9 11 0 R 1
9 12 0 R 1
9 13 0 R 1
9 14 1 U 1
8 14 0 D 1
9 14 1 L 1
9 13 0 L 1
9 12 0 L 1
9 11 0 U 1
8 11 0 U 1
7 11 0 U 1
6 11 0 R 1
6 12 0 U 1
5 12 0 U 1
4 12 0 U 1
3 12 0 R 1
3 13 0 R 1
3 14 0 R 1
13 12 0 D 1
1 6 0 D 1
14 12 0 L 1
2 6 0 D 1
14 11 0 L 1
3 6 0 L 1
14 10 0 U 1
3 5 0 L 1
13 10 0 U 1
3 4 0 L 1
12 10 0 U 1
3 3 0 D 1
11 10 0 L 1
4 3 0 D 1
11 9 0 L 1
5 3 0 D 1
11 8 0 L 1
6 3 0 D 1
11 7 0 D 1
7 3 0 L 1
12 7 1 L 1
7 2 0 D 1
12 6 0 L 1
8 2 0 D 1
12 5 1 L 1
9 2 1 D 1
12 4 0 L 1
10 2 0 D 1
12 3 1 L 1
11 2 0 D 1
12 1 0 R 1
0 1 0 D 1
1 1 1 R 1
1 2 0 D 1
5 15 0 U 1
2 2 0 R 1
1 3 0 D 1
4 15 0 U 1
2 3 0 D 1
6 0 0 D 1
3 15 0 L 1
3 3 0 D 1
7 0 0 R 1
4 3 0 D 1
3 14 0 L 1
2 13 0 D 1
7 1 0 R 1
5 3 0 D 1
3 13 0 L 1
7 2 0 D 1
6 3 0 D 1
3 12 0 D 1
8 2 0 D 1
7 3 0 R 1
4 12 0 D 1
9 2 0 R 1
7 4 0 D 1
5 12 0 D 1
9 3 0 R 1
8 4 0 D 1
6 12 0 L 1
9 4 0 D 1
6 11 0 D 1
10 4 1 R 1
7 11 0 D 1
10 5 1 D 1
8 11 0 D 1
11 5 0 R 1
9 11 0 D 1
12 7 0 U 1
11 6 0 R 1
10 11 0 D 1
10 7 0 D 1
11 11 0 D 1
11 7 0 R 1
12 11 0 L 1
11 8 0 R 1
12 10 0 D 1
11 9 0 D 1
13 10 0 D 1
12 9 0 D 1
15 9 0 U 1
14 10 0 L 1
13 9 1 D 1
14 9 2 L 1
14 8 1 R 1
14 9 0 R 1
14 10 0 R 1
14 11 0 R 1
14 12 0 U 1
13 12 0 R 1
13 13 0 U 1
12 13 0 U 1
11 13 0 R 1
11 14 0 R 1
14 8 0 R 1
14 9 0 R 1
14 10 0 R 1
14 11 0 R 1
14 12 0 U 1
13 12 0 R 1
13 13 0 U 1
12 13 0 U 1
11 13 0 R 1
11 14 0 R 1
13 9 0 D 1
14 9 0 R 1
14 10 0 R 1
14 11 0 R 1
14 12 0 U 1
13 12 0 R 1
13 13 0 U 1
12 13 0 U 1
11 13 0 R 1
11 14 0 R 1
1 1 0 R 1
1 2 0 D 1
2 2 0 R 1
2 3 0 R 1
2 4 0 R 1
2 5 0 R 1
2 6 0 R 1
2 7 0 R 1
2 8 0 R 1
2 9 0 R 1
2 10 0 D 1
3 10 0 R 1
3 11 0 R 1
3 12 0 R 1
3 13 0 R 1
6 15 0 U 1
5 15 0 U 1
4 15 0 U 1
3 15 0 L 1
1 0 0 R 1
1 1 0 R 1
1 2 0 D 1
2 2 0 R 1
2 3 0 D 1
3 3 0 D 1
4 3 0 D 1
5 3 0 D 1
6 3 0 D 1
5 4 0 D 1
7 3 0 R 1
6 4 0 D 1
0 12 0 D 1
7 4 0 D 1
1 12 0 D 1
8 4 0 D 1
2 12 0 D 1
12 3 0 R 1
9 4 0 D 1
3 12 0 D 1
12 4 0 R 1
10 4 1 R 1
4 12 0 D 1
12 5 0 U 1
10 5 1 D 1
5 12 0 D 1
11 5 0 R 1
6 12 0 L 1
11 6 0 R 1
6 11 0 D 1
11 7 0 R 1
7 11 0 D 1
11 8 0 R 1
8 11 0 D 1
11 9 0 D 1
9 11 0 R 1
12 9 0 D 1
9 12 0 R 1
13 9 0 D 1
9 13 0 R 1
14 9 0 R 1
9 14 1 R 1
14 10 0 R 1
9 15 0 D 1
14 11 0 R 1
10 15 0 D 1
14 12 0 R 1
11 15 0 D 1
14 13 0 R 1
12 15 0 D 1
14 14 0 R 1
13 15 0 D 1
12 14 0 D 1
13 14 0 D 1
14 14 0 R 1
14 15 6 L 6
14 15 0 U 1
13 15 0 L 1
13 14 0 L 1
0 9 0 D 1
1 9 0 D 1
2 9 0 L 1
2 8 0 D 1
3 8 0 L 1
3 7 0 L 1
14 9 0 U 1
13 8 0 R 1
9 14 0 L 1
3 6 0 L 1
0 3 0 D 1
13 9 0 U 1
9 13 0 L 1
3 5 0 L 1
1 3 0 D 1
12 9 0 U 1
9 12 0 L 1
3 4 0 L 1
2 3 0 D 1
11 9 0 U 1
9 11 0 L 1
3 3 0 D 1
10 9 0 U 1
9 10 0 L 1
4 3 0 D 1
10 4 0 U 1
9 9 0 L 1
5 3 0 D 1
9 8 0 U 1
9 4 0 U 1
6 3 0 D 1
8 8 0 L 1
8 4 0 U 1
7 3 0 R 1
8 7 0 U 1
7 4 0 R 1
7 7 0 L 1
7 5 0 R 1
7 6 0 D 1
8 6 0 D 1
10 5 0 L 1
10 4 0 U 1
9 4 0 U 1
8 4 0 U 1
7 4 0 U 1
6 4 0 U 1
5 4 0 L 1
5 3 0 U 1
4 3 0 U 1
3 3 0 U 1
2 3 0 U 1
1 3 0 U 1
0 3 0 L 1
