12 1 0 U 1
11 1 1 U 2
8 17 0 U 1
12 8 0 U 1
10 0 0 U 1
11 3 0 L 1
11 2 0 L 1
11 1 0 U 1
10 1 0 U 1
9 0 0 R 1
9 1 0 R 1
9 2 4 U 2
9 2 0 U 1
8 2 1 U 1
17 14 0 U 1
16 14 0 L 1
16 13 0 L 1
16 12 0 L 1
16 11 0 U 1
15 11 0 U 1
14 11 0 R 1
14 12 0 R 1
14 13 1 R 2
7 2 1 R 1
7 3 0 U 1
6 3 0 U 1
5 3 0 U 1
4 3 1 U 2
11 12 0 D 1
12 12 0 D 1
13 12 0 D 1
14 12 1 R 2
1 2 0 R 1
2 3 0 U 1
14 14 1 U 2
1 3 1 R 2
13 14 0 U 1
14 15 0 U 1
12 14 0 R 1
1 5 1 R 1
13 15 0 U 1
12 15 1 U 1
11 15 0 R 1
11 16 0 U 1
10 16 1 U 1
1 6 1 D 2
3 6 0 R 1
3 7 0 D 1
4 7 0 R 1
4 8 1 R 2
9 16 1 R 1
5 9 0 U 1
9 17 0 U 1
8 17 0 U 1
4 9 1 R 2
9 14 0 U 1
4 10 0 R 1
5 11 0 U 1
8 14 0 U 1
7 14 0 U 1
6 14 1 U 2
7 17 0 U 1
6 17 5 L 6
4 11 1 R 2
6 17 0 L 1
4 11 0 R 1
4 12 0 U 1
3 12 1 R 2
6 16 0 L 1
6 15 1 U 2
4 13 0 U 1
3 13 1 R 2
4 15 1 L 1
4 14 0 U 1
3 14 1 R 2
3 15 0 R 1
14 3 0 U 1
13 3 0 L 1
13 2 1 U 1
12 2 0 U 1
11 2 0 U 1
10 2 0 U 1
9 2 1 U 2
7 2 1 R 1
7 3 0 U 1
6 3 0 U 1
5 3 0 U 1
4 3 0 U 1
3 3 0 U 1
3 12 0 U 1
2 12 0 L 1
3 11 0 U 1
2 11 0 L 1
2 10 3 U 2
0 10 1 L 2
6 15 0 R 1
9 7 0 L 1
9 6 0 L 1
9 5 0 U 1
8 5 1 U 2
8 5 0 U 1
7 5 0 U 1
6 5 2 R 3
6 8 0 R 1
6 9 0 R 1
6 10 0 R 1
6 11 3 R 4
6 14 0 R 1
6 15 0 R 1
9 9 0 D 1
10 9 0 R 1
10 10 1 D 1
11 10 0 R 1
11 11 0 D 1
12 11 0 R 1
12 12 0 D 1
13 12 1 D 1
14 12 0 R 1
14 13 2 R 2
14 13 0 R 1
14 14 1 U 2
12 14 0 R 1
12 15 0 U 1
11 15 0 R 1
11 16 0 U 1
10 16 3 U 1
10 16 0 U 1
9 16 1 R 1
9 17 0 U 1
8 17 0 U 1
7 17 0 U 1
6 17 1 L 2
0 16 0 L 1
0 15 0 L 1
0 14 1 D 2
6 15 0 U 1
2 15 0 L 1
2 14 0 D 1
3 14 0 D 1
4 14 0 L 1
4 13 0 L 1
5 12 0 U 1
4 12 0 L 1
4 11 0 L 1
4 10 2 L 3
5 15 0 U 1
1 12 0 D 1
6 13 0 U 1
4 15 1 L 2
5 13 0 U 1
2 12 0 D 1
3 13 0 D 1
4 13 0 L 1
4 12 0 L 1
4 11 4 L 4
3 12 0 D 1
2 10 0 U 1
4 12 0 L 1
4 11 0 L 1
1 10 1 U 1
0 10 1 L 2
4 10 0 L 1
4 9 1 L 1
6 0 0 D 1
4 8 1 U 2
4 9 0 L 1
4 8 1 U 2
0 8 0 D 1
7 0 0 D 1
8 0 0 D 1
2 8 1 L 1
1 8 0 D 1
9 0 0 R 1
2 7 0 L 1
2 8 0 L 1
9 1 0 R 1
2 6 1 U 1
2 7 0 L 1
9 2 0 U 1
1 6 1 L 2
2 6 0 U 1
1 6 6 L 2
1 6 1 L 1
8 2 1 U 1
1 5 1 L 2
7 2 1 R 1
1 4 6 L 1
1 3 2 D 1
1 4 0 L 1
7 3 0 U 1
6 3 0 U 1
2 3 2 D 2
1 3 2 D 1
2 3 2 D 2
1 3 0 D 1
2 3 2 D 2
5 3 0 U 1
13 0 0 D 1
11 8 0 U 1
10 8 0 R 1
9 11 0 L 1
9 10 0 D 1
10 9 0 R 1
10 10 0 D 1
11 10 0 R 1
11 11 0 D 1
12 11 0 R 1
12 12 0 D 1
14 10 0 R 1
17 17 0 U 1
16 16 0 R 1
16 17 0 U 1
15 17 0 L 1
15 16 0 U 1
14 16 0 L 1
14 15 2 L 3
13 12 0 D 1
14 11 0 R 1
14 12 2 R 3
14 15 0 U 1
13 15 0 U 1
12 15 0 U 1
11 15 0 R 1
11 16 0 U 1
10 16 1 U 1
9 16 1 R 1
10 16 0 U 1
9 16 1 R 1
9 17 0 U 1
8 17 0 U 1
9 13 0 U 1
7 17 1 U 1
6 17 0 L 1
7 17 0 U 1
8 13 0 R 1
8 14 0 U 1
0 13 0 R 1
0 14 0 D 1
1 14 0 D 1
2 14 0 D 1
3 14 0 D 1
4 14 1 D 2
6 16 0 L 1
6 17 0 L 1
7 14 0 U 1
6 15 0 U 1
6 16 0 L 1
6 14 2 R 1
6 15 0 L 1
6 14 2 L 3
5 15 1 U 1
5 15 0 L 1
4 15 1 L 2
5 14 0 U 1
4 14 1 L 1
4 13 0 L 1
4 14 0 L 1
6 11 1 U 2
4 12 5 L 1
4 13 0 L 1
4 11 0 L 1
4 12 0 L 1
6 5 0 R 1
4 10 0 L 1
4 11 0 L 1
0 10 0 L 1
6 6 0 R 1
4 9 1 L 1
4 10 0 L 1
0 9 0 L 1
6 7 0 U 1
0 8 0 D 1
5 7 0 U 1
4 8 1 U 2
4 9 0 L 1
4 8 7 U 2
4 8 1 U 1
3 8 1 L 2
4 7 0 U 1
3 7 0 U 1
2 7 0 L 1
2 8 0 L 1
1 8 0 D 1
2 6 1 U 1
3 6 0 U 1
0 0 0 R 1
0 1 0 D 1
1 6 1 L 1
2 6 0 U 1
2 7 0 L 1
2 8 0 L 1
1 5 0 L 1
1 6 0 L 1
2 6 0 U 1
2 7 0 L 1
1 1 0 D 1
2 1 0 D 1
1 4 0 L 1
1 5 0 L 1
1 6 0 L 1
2 6 0 U 1
1 3 2 D 1
1 4 2 L 1
1 5 2 L 1
1 6 0 L 1
3 1 0 R 1
3 2 0 D 1
2 3 2 D 3
1 3 2 D 1
1 4 2 L 1
1 5 0 L 1
2 3 6 D 3
1 3 6 D 1
1 4 4 L 1
2 3 2 D 2
1 3 2 D 1
1 4 0 L 1
2 3 6 D 2
1 3 4 D 1
2 3 2 D 1
1 3 0 D 1
2 3 4 D 1
5 3 0 D 1
2 3 2 D 3
4 3 2 D 1
4 2 0 R 1
3 3 3 D 1
6 3 0 D 1
5 3 0 D 1
4 3 0 D 1
3 3 0 D 1
7 3 1 L 1
6 3 1 D 1
5 3 1 D 1
4 3 0 D 1
12 5 0 L 1
7 2 1 D 1
7 3 1 L 1
6 3 1 D 1
5 3 0 D 1
8 2 0 D 1
7 2 0 D 1
7 3 0 L 1
6 3 0 D 1
12 4 0 U 1
11 4 0 L 1
9 2 0 D 1
8 2 0 D 1
7 2 0 D 1
7 3 0 L 1
9 2 0 L 1
8 2 0 D 1
7 2 0 D 1
11 3 0 L 1
9 1 0 D 1
9 2 0 L 1
8 2 0 D 1
10 2 2 D 1
9 2 0 D 1
9 1 0 L 1
10 1 0 D 1
10 2 0 L 1
9 0 0 D 1
11 2 0 D 1
11 1 0 D 1
10 1 0 D 1
10 0 0 D 1
12 1 1 L 1
12 2 1 L 1
16 1 0 U 1
12 0 0 D 1
11 0 0 D 1
11 1 0 L 1
15 1 0 L 1
13 0 1 D 1
12 0 1 D 1
11 0 0 D 1
15 0 0 U 1
13 0 1 D 1
12 0 1 D 1
12 1 1 L 1
12 2 0 L 1
13 0 1 D 1
12 0 1 D 1
12 1 0 L 1
13 0 1 D 1
12 0 0 D 1
13 0 0 D 1
17 1 0 U 1
16 1 0 U 1
15 1 0 L 1
13 7 0 L 1
14 5 0 L 1
16 3 0 U 1
13 6 0 U 1
15 0 0 U 1
15 3 0 U 1
14 4 0 L 1
14 0 0 U 1
12 6 0 L 1
13 0 0 U 1
14 3 0 U 1
12 5 0 L 1
12 0 0 U 1
13 3 0 L 1
12 4 0 U 1
13 2 0 U 1
11 4 0 L 1
11 0 0 U 1
12 2 0 U 1
10 0 0 U 1
11 3 0 L 1
11 2 0 U 1
9 0 0 R 1
9 1 0 R 1
10 2 0 U 1
9 2 0 U 1
8 2 0 U 1
7 2 0 R 1
7 3 0 U 1
6 3 0 U 1
5 3 0 U 1
4 3 0 U 1
3 3 0 U 1
2 3 0 U 1
1 3 0 R 1
1 4 0 R 1
1 5 0 R 1
1 6 0 D 1
2 6 0 R 1
2 7 0 R 1
2 8 7 U 2
2 8 0 D 1
5 5 0 D 1
1 10 0 D 1
6 5 0 R 1
3 8 1 D 1
6 6 0 R 1
2 10 0 R 1
4 8 0 R 1
3 8 0 D 1
4 9 0 D 1
4 8 0 R 1
4 9 0 R 1
2 11 0 D 1
6 7 0 R 1
3 11 0 D 1
4 10 0 R 1
6 8 0 R 1
5 9 1 D 1
4 11 0 D 1
6 9 0 R 1
5 9 0 D 1
6 10 1 R 1
6 9 0 R 1
5 11 0 R 1
5 12 0 D 1
6 11 2 R 1
6 10 0 R 1
6 12 0 R 1
6 11 0 R 1
4 15 0 D 1
6 13 2 R 1
6 12 0 R 1
5 15 0 D 1
6 14 1 R 1
6 13 0 R 1
6 15 0 R 1
6 14 0 R 1
6 16 0 R 1
6 15 0 R 1
6 17 0 D 1
6 16 0 R 1
7 17 0 D 1
6 17 0 D 1
8 17 0 D 1
7 17 0 D 1
9 17 1 L 1
8 17 0 D 1
9 16 0 D 1
9 17 0 L 1
17 15 0 L 1
10 16 0 D 1
9 16 0 D 1
11 16 0 L 1
10 16 0 D 1
17 14 0 U 1
16 14 0 L 1
11 15 0 D 1
11 16 0 L 1
12 15 0 D 1
11 15 0 D 1
14 17 0 L 1
12 15 0 L 1
16 13 0 L 1
13 15 0 D 1
12 14 0 D 1
16 12 0 L 1
13 14 1 D 1
16 11 0 U 1
15 11 0 U 1
14 14 0 L 1
14 15 0 L 1
14 16 0 L 1
14 11 0 R 1
14 13 3 L 1
14 14 3 L 1
13 14 0 D 1
14 15 0 L 1
14 12 0 U 1
14 13 0 L 1
14 14 0 L 1
13 12 0 U 1
14 12 0 U 1
14 13 0 L 1
12 12 0 U 1
13 12 0 U 1
14 12 0 U 1
12 12 0 L 1
13 12 0 U 1
12 11 0 U 1
12 12 0 L 1
11 11 0 L 1
12 11 0 U 1
11 12 5 L 1
11 10 0 U 1
11 11 0 L 1
11 12 0 L 1
10 10 1 L 1
11 10 1 U 1
11 11 0 L 1
10 10 1 L 1
11 10 0 U 1
10 10 0 L 1
