12 1 0 D 1
13 1 1 R 1
13 2 0 D 1
14 2 1 R 1
14 3 0 R 1
14 4 1 U 1
13 4 1 U 1
12 4 0 L 1
12 3 1 U 1
11 3 1 U 1
10 3 0 U 1
9 3 0 U 1
8 3 0 U 1
7 3 0 U 1
6 3 0 U 1
5 3 1 L 1
5 2 0 L 1
5 1 0 L 1
5 0 0 R 1
5 1 0 R 1
5 2 0 R 1
5 3 1 R 1
5 4 1 U 1
4 4 0 R 1
4 5 1 R 1
4 6 1 R 1
4 7 1 R 1
4 8 0 R 1
17 11 0 U 1
16 11 1 R 1
16 12 0 U 1
15 12 0 U 1
14 12 0 U 1
13 12 0 L 1
13 11 0 U 1
12 11 0 U 1
11 11 0 L 1
11 10 1 L 1
11 9 0 L 1
11 8 0 L 1
11 7 0 D 1
12 7 0 L 1
12 6 0 L 1
12 5 0 L 1
12 4 0 L 1
12 3 0 R 1
12 4 0 D 1
13 4 1 D 1
14 4 1 D 1
15 4 0 R 1
15 5 0 R 1
2 1 0 U 1
1 1 0 U 1
0 1 0 R 1
0 16 0 D 1
0 2 0 R 1
1 16 0 R 1
0 3 1 R 1
1 17 1 R 1
0 4 0 D 1
4 1 0 D 1
1 18 0 D 1
1 4 1 R 1
17 1 0 U 1
5 1 0 R 1
2 18 1 D 1
1 5 1 D 1
16 1 0 U 1
5 2 0 D 1
3 18 1 L 1
2 5 0 R 1
15 1 0 R 1
13 1 0 R 1
6 2 1 R 1
3 17 1 D 1
2 6 0 D 1
15 2 0 U 1
13 2 0 D 1
9 4 0 D 1
6 3 0 R 1
4 17 1 D 1
3 6 0 D 1
14 2 1 R 1
10 4 1 L 1
6 4 0 R 1
5 17 1 D 1
4 6 1 D 1
3 7 0 D 1
1 9 0 R 1
14 3 0 R 1
10 3 0 D 1
6 17 0 L 1
6 5 1 R 1
5 6 0 D 1
4 7 1 D 1
1 10 0 D 1
14 4 1 U 1
11 3 1 D 1
6 16 1 L 1
6 6 0 R 1
5 7 0 D 1
2 10 0 D 1
13 4 1 U 1
12 3 0 R 1
6 15 0 D 1
6 7 0 D 1
3 10 0 R 1
12 4 0 R 1
10 18 0 L 1
7 15 0 L 1
7 7 0 R 1
3 11 0 D 1
12 19 0 L 1
12 5 0 R 1
10 17 0 D 1
7 14 0 L 1
7 8 1 D 1
4 11 0 D 1
12 18 1 L 1
12 6 0 R 1
11 17 1 D 1
8 8 0 D 1
7 13 0 D 1
5 11 1 D 1
19 8 0 R 1
12 17 0 L 1
12 7 0 U 1
9 8 0 D 1
8 13 1 D 1
6 11 1 D 1
19 9 1 U 1
12 16 0 L 1
11 7 0 R 1
10 8 0 D 1
9 13 0 D 1
7 11 1 D 1
18 9 0 U 1
12 15 0 L 1
11 8 0 R 1
10 13 0 D 1
8 11 0 D 1
17 9 0 U 1
15 15 0 L 1
12 14 1 L 1
11 13 0 D 1
11 9 0 R 1
9 11 1 D 1
16 11 0 R 1
16 9 0 U 1
15 14 0 L 1
12 13 1 D 1
11 10 1 R 1
10 11 0 D 1
16 12 0 U 1
15 13 0 U 1
15 9 1 U 1
13 13 1 D 1
11 11 0 D 1
15 12 0 U 1
14 13 0 L 1
14 9 0 R 1
14 12 0 L 1
13 9 0 D 1
14 9 0 R 1
14 10 2 R 1
14 11 7 U 6
15 9 0 U 1
14 9 0 R 1
14 10 2 R 1
14 11 7 U 4
14 11 0 U 1
13 11 0 U 1
14 10 0 R 1
14 11 0 U 1
13 11 0 U 1
18 2 0 D 1
19 2 0 R 1
19 3 0 R 1
19 4 0 R 1
19 5 1 U 1
18 5 0 U 1
17 5 1 U 1
16 5 0 U 1
15 5 0 U 1
14 5 1 L 1
17 17 0 L 1
17 7 0 R 1
14 4 0 U 1
17 16 1 L 1
17 8 0 U 1
13 4 1 U 1
17 15 0 U 1
16 8 1 R 1
13 19 0 U 1
12 4 0 R 1
4 2 0 D 1
16 15 0 U 1
16 9 0 U 1
12 19 0 L 1
12 5 0 R 1
7 4 0 U 1
5 2 0 R 1
15 15 0 L 1
15 9 0 U 1
12 18 1 L 1
12 6 0 R 1
6 4 0 U 1
5 3 1 R 1
15 14 0 L 1
14 9 0 R 1
12 17 0 U 1
12 7 0 U 1
6 5 0 U 1
5 4 1 R 1
4 5 0 D 1
0 9 0 D 1
15 13 0 U 1
14 10 0 R 1
11 17 0 U 1
11 7 0 R 1
5 5 0 R 1
1 9 0 R 1
14 13 0 U 1
14 11 0 U 1
11 8 0 U 1
10 17 0 L 1
5 6 0 R 1
1 10 0 D 1
13 13 1 U 1
13 11 0 U 1
12 14 0 U 1
10 16 1 L 1
10 8 0 U 1
5 7 0 R 1
3 9 0 D 1
2 10 0 D 1
12 13 1 U 1
12 11 0 U 1
11 14 0 U 1
10 15 0 L 1
9 8 0 R 1
5 8 1 R 1
4 9 0 D 1
3 10 0 R 1
11 13 0 U 1
11 11 0 U 1
10 14 0 U 1
9 9 0 R 1
5 9 0 R 1
3 11 0 D 1
10 13 0 U 1
10 11 1 U 1
9 14 0 L 1
9 10 0 R 1
5 14 0 D 1
5 10 0 D 1
4 11 0 D 1
9 11 1 U 1
6 14 0 D 1
6 10 0 D 1
5 11 1 D 1
8 11 0 U 1
7 14 0 L 1
7 10 2 R 1
7 13 0 L 1
7 11 3 R 1
9 11 0 U 1
8 11 0 U 1
7 11 3 R 1
7 12 7 R 3
7 12 0 D 1
8 12 0 R 1
8 13 1 D 1
6 11 1 D 1
7 11 1 L 1
7 10 0 R 1
7 11 1 D 1
8 11 0 R 1
8 12 0 R 1
8 13 1 D 1
1 17 0 R 1
18 17 0 U 1
1 18 0 D 1
17 17 0 L 1
15 19 0 U 1
2 18 1 D 1
17 16 1 L 1
14 19 1 U 1
3 18 1 L 1
17 15 0 U 1
14 0 0 D 1
13 19 0 U 1
7 19 0 U 1
5 19 0 D 1
3 17 1 D 1
16 15 0 U 1
15 0 1 R 1
12 19 0 L 1
6 19 1 L 1
4 17 1 D 1
0 3 0 R 1
15 15 0 L 1
15 1 0 R 1
12 18 1 L 1
6 18 0 L 1
5 17 1 D 1
0 4 0 D 1
15 14 0 L 1
15 2 0 U 1
12 17 0 U 1
6 17 0 L 1
1 4 0 R 1
16 4 0 U 1
15 13 0 U 1
14 2 1 R 1
11 17 0 U 1
6 16 0 L 1
1 5 0 D 1
15 4 0 U 1
14 13 0 U 1
14 3 0 R 1
10 17 0 L 1
6 15 0 D 1
3 12 0 L 1
3 4 0 D 1
2 5 0 R 1
1 6 0 D 1
14 4 0 U 1
13 13 1 U 1
10 16 1 L 1
7 15 1 L 1
4 4 0 D 1
3 11 0 D 1
2 8 0 L 1
2 6 0 D 1
13 4 1 U 1
12 13 1 U 1
10 15 0 L 1
7 14 0 L 1
5 4 0 D 1
4 11 0 D 1
3 6 0 D 1
2 7 1 D 1
12 4 0 R 1
11 13 0 U 1
10 14 0 L 1
7 13 0 D 1
6 4 0 R 1
5 11 0 D 1
4 6 1 D 1
3 7 0 D 1
12 5 0 R 1
10 13 0 L 1
8 13 1 L 1
6 11 1 D 1
6 5 0 R 1
5 6 0 D 1
4 7 1 D 1
12 6 0 R 1
10 12 0 L 1
8 12 0 L 1
7 11 1 D 1
6 6 0 R 1
5 7 0 D 1
12 7 0 U 1
10 11 0 U 1
8 11 1 D 1
6 7 0 D 1
5 8 0 D 1
11 7 0 R 1
9 11 0 L 1
8 11 0 D 1
7 7 0 R 1
11 8 0 U 1
9 10 0 L 1
9 11 0 L 1
7 8 0 D 1
6 8 0 D 1
10 8 0 U 1
9 9 2 L 1
9 10 0 L 1
9 8 0 L 1
9 9 0 L 1
8 8 3 D 1
7 8 0 D 1
9 8 0 L 1
8 8 0 D 1
9 8 0 L 1
9 6 0 R 1
19 16 0 R 1
19 17 1 U 1
3 17 0 D 1
18 17 0 U 1
4 17 1 D 1
17 17 0 L 1
5 17 1 D 1
17 16 1 L 1
6 17 0 L 1
17 15 0 U 1
6 16 0 L 1
16 15 0 U 1
6 15 0 D 1
16 8 0 R 1
15 15 0 L 1
7 15 1 L 1
16 9 0 U 1
15 14 0 L 1
7 14 0 L 1
15 13 0 U 1
15 9 0 U 1
7 13 0 D 1
14 13 0 U 1
14 9 0 R 1
8 13 1 D 1
6 11 0 D 1
14 10 0 R 1
13 13 1 L 1
9 13 0 D 1
7 11 1 D 1
14 11 0 U 1
13 12 0 L 1
10 13 0 L 1
8 11 0 D 1
13 11 0 U 1
10 12 0 L 1
9 11 0 D 1
12 11 0 U 1
10 11 0 D 1
11 11 0 L 1
17 4 0 U 1
11 10 1 L 1
16 4 0 U 1
11 9 0 L 1
15 4 0 U 1
11 8 0 L 1
14 4 0 U 1
11 7 0 D 1
13 4 1 U 1
12 4 0 R 1
12 5 0 U 1
11 5 0 D 1
12 5 0 R 1
12 6 0 R 1
6 19 0 L 1
6 18 0 L 1
0 12 0 D 1
14 17 0 L 1
6 17 0 L 1
1 12 1 D 1
14 16 0 U 1
6 16 0 L 1
2 12 0 D 1
13 16 0 U 1
6 15 0 D 1
3 12 0 L 1
12 16 0 U 1
8 16 0 D 1
7 15 1 L 1
5 13 0 D 1
3 11 0 D 1
11 16 1 U 1
9 16 0 D 1
7 14 0 L 1
6 13 0 D 1
4 11 0 D 1
10 16 1 L 1
7 13 0 D 1
5 11 0 D 1
10 15 0 L 1
8 13 1 D 1
6 11 0 D 1
10 14 0 L 1
9 13 0 D 1
7 11 1 D 1
10 13 0 L 1
8 11 0 D 1
10 12 0 L 1
9 11 0 D 1
10 11 0 D 1
11 11 0 L 1
11 10 1 L 1
11 9 0 L 1
11 8 0 L 1
11 7 0 D 1
12 7 0 L 1
12 6 0 L 1
12 5 0 L 1
12 4 0 D 1
13 4 1 D 1
14 4 0 R 1
14 5 0 L 1
14 4 0 L 1
14 3 0 L 1
14 2 1 D 1
15 2 0 L 1
11 0 0 R 1
11 1 0 D 1
15 0 0 R 1
12 1 0 D 1
8 1 0 D 1
15 1 0 R 1
13 1 0 R 1
9 1 0 R 1
6 2 0 R 1
5 3 0 D 1
15 2 0 U 1
13 2 0 D 1
9 2 0 D 1
6 3 0 R 1
14 2 1 R 1
10 2 0 R 1
6 4 0 R 1
4 6 0 D 1
14 3 0 R 1
10 3 0 D 1
6 5 0 R 1
5 6 0 D 1
14 4 0 U 1
11 3 1 D 1
6 6 0 R 1
13 4 1 U 1
12 3 0 R 1
6 7 0 D 1
12 4 0 R 1
7 7 0 R 1
12 5 0 R 1
7 8 0 D 1
12 6 0 R 1
8 8 0 D 1
12 7 0 U 1
9 8 0 D 1
11 7 0 R 1
10 8 0 D 1
11 8 0 R 1
11 9 0 R 1
11 10 0 R 1
11 11 0 D 1
12 11 0 D 1
13 11 0 D 1
14 11 0 R 1
14 12 0 D 1
15 12 0 R 1
15 13 0 R 1
15 14 0 R 1
15 15 1 U 1
14 15 0 D 1
15 15 0 D 1
16 15 0 D 1
17 15 0 L 1
17 14 0 D 1
18 14 0 L 1
18 13 0 L 1
19 17 0 U 1
18 17 0 U 1
19 11 0 L 1
17 17 0 L 1
19 10 0 U 1
17 16 1 L 1
15 18 0 U 1
19 5 0 U 1
18 10 0 L 1
17 15 0 U 1
14 18 0 U 1
18 9 0 U 1
18 5 0 U 1
16 15 0 U 1
13 18 0 U 1
17 9 0 U 1
17 5 0 U 1
15 15 0 L 1
12 18 1 L 1
16 9 0 U 1
16 5 0 U 1
15 14 0 L 1
12 17 0 U 1
15 13 0 U 1
15 9 0 U 1
15 5 0 U 1
14 2 0 R 1
11 17 0 U 1
14 13 0 U 1
14 9 0 R 1
14 5 0 L 1
14 3 0 R 1
10 17 0 L 1
14 10 0 R 1
14 4 0 U 1
13 13 1 U 1
10 16 1 L 1
14 11 0 U 1
13 4 1 U 1
12 13 1 U 1
10 15 0 L 1
13 11 0 U 1
12 4 0 R 1
11 13 0 U 1
10 14 0 L 1
12 11 0 U 1
12 5 0 R 1
10 13 0 L 1
12 6 0 R 1
11 11 0 U 1
10 12 0 L 1
12 7 0 U 1
10 11 0 U 1
11 7 0 R 1
9 11 0 L 1
11 8 0 U 1
9 10 0 L 1
10 8 0 U 1
9 9 0 L 1
9 8 0 L 1
9 7 0 L 1
9 6 0 D 1
10 6 0 U 1
9 6 0 R 1
9 7 0 R 1
9 8 0 U 1
8 8 0 U 1
7 8 0 U 1
6 8 0 L 1
19 1 0 R 1
19 2 0 R 1
19 3 0 R 1
19 4 0 R 1
19 5 0 U 1
18 5 0 U 1
17 5 0 U 1
16 5 0 U 1
15 5 0 U 1
14 5 0 L 1
14 4 0 U 1
13 4 1 U 1
19 13 0 U 1
12 4 0 R 1
18 13 0 L 1
12 5 0 R 1
18 12 0 U 1
12 6 0 R 1
0 6 0 D 1
17 12 0 U 1
12 7 0 U 1
1 6 0 D 1
16 12 0 U 1
11 7 0 R 1
2 6 0 D 1
15 12 0 U 1
11 8 0 U 1
3 6 0 D 1
14 12 0 U 1
10 8 0 U 1
4 6 0 D 1
13 12 0 R 1
11 16 0 U 1
9 8 0 R 1
5 6 0 R 1
4 7 0 D 1
1 12 0 D 1
13 13 1 U 1
10 16 0 L 1
9 9 0 R 1
5 7 0 R 1
2 12 0 D 1
12 13 0 U 1
10 15 0 L 1
9 10 0 R 1
5 8 0 R 1
3 12 0 L 1
11 13 0 U 1
10 14 0 U 1
9 11 0 U 1
5 9 0 R 1
3 11 0 D 1
10 13 0 U 1
9 14 0 L 1
8 11 0 U 1
5 10 0 D 1
4 11 0 D 1
9 13 0 U 1
7 11 1 U 1
6 10 0 R 1
5 11 0 D 1
8 13 1 U 1
6 11 0 R 1
7 13 0 U 1
6 12 0 R 1
6 13 0 R 1
7 15 0 U 1
6 14 1 R 1
6 15 0 R 1
6 14 0 R 1
6 16 0 R 1
6 15 0 R 1
6 17 1 U 1
6 16 0 R 1
5 17 1 U 1
6 17 0 U 1
1 15 0 R 1
4 17 0 U 1
5 17 1 U 1
1 16 0 R 1
3 17 1 R 1
4 17 0 U 1
1 17 0 R 1
3 18 2 U 1
2 18 0 U 1
1 18 0 U 1
3 17 0 R 1
3 18 0 U 1
2 18 0 U 1
1 18 0 U 1
15 7 0 U 1
16 3 0 R 1
14 7 0 L 1
16 4 0 U 1
14 6 0 L 1
15 4 0 U 1
14 5 0 L 1
14 4 0 U 1
13 4 1 U 1
12 4 0 R 1
12 5 0 R 1
12 6 0 R 1
5 17 0 D 1
12 7 0 U 1
6 17 0 L 1
11 7 0 R 1
6 16 0 L 1
11 8 0 R 1
6 15 0 D 1
11 9 0 R 1
7 15 0 L 1
11 10 0 R 1
7 14 0 L 1
11 11 0 U 1
7 13 0 D 1
10 11 0 R 1
8 13 1 D 1
10 12 0 R 1
9 13 0 D 1
10 13 0 D 1
11 13 0 D 1
12 13 0 R 1
12 14 0 R 1
12 15 0 R 1
12 16 0 D 1
13 16 0 D 1
14 16 0 R 1
14 17 0 R 1
14 18 0 R 1
14 19 0 U 1
13 19 0 U 1
12 19 0 L 1
12 18 1 L 1
12 17 0 L 1
12 16 0 L 1
12 15 0 L 1
12 14 0 L 1
12 13 0 D 1
13 13 1 L 1
13 12 0 L 1
2 19 0 D 1
3 19 0 D 1
4 19 0 D 1
5 19 0 D 1
6 19 0 L 1
11 19 0 D 1
6 18 0 L 1
17 16 0 L 1
12 19 0 L 1
6 17 0 L 1
2 13 0 D 1
19 9 0 U 1
17 15 0 U 1
12 18 0 L 1
6 16 0 L 1
3 13 0 L 1
18 9 0 U 1
16 15 0 U 1
12 17 0 U 1
6 15 0 D 1
3 12 0 L 1
17 9 0 U 1
15 15 0 L 1
11 17 0 U 1
7 15 0 L 1
3 11 0 D 1
16 9 0 U 1
15 14 0 L 1
10 17 0 L 1
7 14 0 L 1
4 11 0 D 1
2 7 0 D 1
15 13 0 U 1
15 9 0 U 1
10 16 0 L 1
7 13 0 D 1
5 11 0 D 1
3 7 0 D 1
14 13 0 U 1
14 9 0 R 1
10 15 0 L 1
8 13 0 D 1
6 11 0 D 1
4 7 0 D 1
14 10 0 R 1
13 13 0 L 1
10 14 0 L 1
9 13 0 D 1
7 11 0 D 1
5 7 0 D 1
14 11 0 U 1
13 12 0 L 1
10 13 0 L 1
8 11 0 D 1
6 7 0 D 1
13 11 0 U 1
10 12 0 L 1
9 11 0 D 1
7 7 0 R 1
12 11 0 U 1
10 11 2 D 1
7 8 0 D 1
11 11 0 L 1
10 11 0 D 1
8 8 0 D 1
11 10 0 L 1
11 11 0 L 1
9 8 0 D 1
11 9 0 L 1
11 10 0 L 1
11 8 0 L 1
11 9 0 L 1
10 8 0 D 1
11 7 0 D 1
11 8 0 L 1
10 4 0 L 1
12 7 0 L 1
11 7 0 D 1
10 3 0 D 1
12 6 0 L 1
12 7 0 L 1
11 3 0 D 1
12 5 0 L 1
12 6 0 L 1
12 4 2 D 1
13 4 0 D 1
14 4 0 R 1
14 5 0 R 1
12 5 0 L 1
12 3 0 R 1
12 4 0 D 1
13 4 0 D 1
14 4 0 R 1
14 5 0 R 1
