3 9 0 L 1
3 7 0 R 1
3 8 0 D 1
4 8 0 L 1
4 7 0 D 1
5 7 0 D 1
1 0 0 D 1
6 7 1 L 2
2 0 0 D 1
6 5 0 D 1
3 0 0 R 1
7 5 0 L 1
3 1 0 D 1
4 1 0 D 1
5 1 1 D 2
7 4 1 L 2
7 2 0 L 1
8 0 0 R 1
7 1 0 D 1
11 1 0 U 1
10 1 0 U 1
9 1 0 U 1
8 1 4 U 4
8 1 0 D 1
9 1 0 R 1
13 4 0 R 1
13 5 0 R 1
7 12 0 R 1
13 6 0 R 1
7 13 0 D 1
8 13 0 D 1
9 13 0 L 1
9 12 0 L 1
9 11 0 L 1
9 10 0 U 1
8 10 0 L 1
8 9 1 U 2
13 7 0 R 1
13 8 0 U 1
12 8 0 R 1
12 9 0 U 1
11 9 0 U 1
10 8 0 R 1
10 9 0 U 1
4 1 0 D 1
5 1 0 R 1
5 2 1 R 2
9 9 0 U 1
8 9 0 U 1
4 13 0 D 1
5 13 0 L 1
7 9 0 L 1
7 8 0 U 1
6 8 0 L 1
6 7 0 U 1
5 7 1 U 2
5 12 0 L 1
5 4 0 R 1
5 11 0 U 1
5 5 1 R 2
4 11 0 U 1
5 7 1 U 2
3 11 1 L 2
3 9 0 L 1
3 7 0 R 1
13 3 0 R 1
13 4 0 R 1
13 5 0 R 1
13 6 0 R 1
12 12 0 U 1
13 7 0 R 1
11 12 0 U 1
13 8 0 U 1
10 12 0 U 1
12 8 0 R 1
12 9 0 U 1
9 12 0 L 1
9 11 0 U 1
11 9 0 U 1
10 9 0 U 1
8 11 0 L 1
8 10 0 L 1
9 9 0 U 1
8 9 0 U 1
7 9 2 L 3
7 9 0 U 1
6 9 0 U 1
5 9 0 R 1
5 10 0 U 1
4 10 0 U 1
2 14 0 D 1
3 14 0 D 1
4 14 0 L 1
4 13 0 D 1
5 13 0 L 1
5 12 0 L 1
5 11 0 L 1
5 10 0 L 1
5 9 0 D 1
6 9 0 D 1
7 9 0 L 1
7 8 0 L 1
7 7 0 L 1
7 6 0 L 1
7 5 0 L 1
7 4 3 L 3
7 1 0 D 1
8 1 0 D 1
9 1 0 D 1
10 1 0 D 1
11 1 0 R 1
3 11 0 L 1
3 10 1 L 2
3 8 0 D 1
4 8 0 L 1
4 7 0 D 1
5 7 0 L 1
5 6 0 L 1
5 5 0 L 1
5 4 0 U 1
7 4 0 U 1
5 3 0 L 1
5 2 0 U 1
4 2 0 R 1
4 3 0 R 1
6 4 0 U 1
5 4 0 U 1
1 13 0 L 1
1 12 0 L 1
2 9 0 R 1
1 11 0 U 1
2 10 0 U 1
1 10 0 U 1
0 11 0 L 1
0 10 0 L 1
4 4 0 U 1
3 4 0 U 1
0 9 0 L 1
2 4 0 U 1
1 4 0 R 1
1 5 0 R 1
1 6 3 R 2
0 8 0 D 1
1 8 1 L 2
1 6 0 D 1
1 8 0 U 1
0 8 0 R 1
3 10 0 U 1
0 9 0 R 1
0 10 0 D 1
2 10 0 U 1
1 10 0 R 1
1 11 0 R 1
1 12 0 R 1
1 13 0 U 1
0 13 0 R 1
