2 10 0 D 1
3 10 1 L 2
7 1 0 U 1
2 9 0 D 1
4 0 0 R 1
4 1 0 U 1
3 1 0 U 1
2 1 0 R 1
2 2 1 R 1
2 3 1 R 2
2 5 1 R 2
2 7 0 D 1
3 7 0 R 1
3 8 2 R 1
1 9 0 D 1
2 9 0 D 1
3 9 0 L 1
3 8 1 D 1
4 8 0 D 1
5 8 0 D 1
6 8 0 D 1
8 8 0 U 1
7 8 0 L 1
2 2 0 R 1
2 3 0 D 1
3 3 1 L 2
7 7 0 D 1
8 7 0 L 1
3 1 0 D 1
8 6 1 L 2
4 1 0 D 1
5 0 0 R 1
5 1 0 D 1
6 1 3 D 4
8 4 0 D 1
9 4 1 L 2
9 2 0 D 1
10 2 0 L 1
4 10 0 U 1
3 10 1 L 2
11 11 0 U 1
1 5 0 D 1
2 5 0 L 1
2 4 0 D 1
3 4 0 D 1
4 4 0 R 1
4 5 0 D 1
5 5 1 D 2
3 8 0 D 1
4 7 0 R 1
4 8 0 D 1
5 8 0 D 1
6 8 0 D 1
7 8 0 D 1
8 8 1 R 2
10 11 0 U 1
9 10 0 R 1
9 11 0 U 1
8 11 1 L 2
8 9 0 L 1
9 0 0 D 1
10 0 1 R 2
8 8 0 L 1
8 7 0 L 1
7 4 0 R 1
7 5 0 D 1
8 5 1 D 2
10 2 0 R 1
7 6 0 D 1
8 6 1 L 1
8 5 2 D 3
10 3 0 R 1
10 4 0 R 1
11 5 0 U 1
10 5 2 U 3
11 0 0 U 1
10 0 0 U 1
9 0 0 R 1
9 1 0 R 1
9 2 0 R 1
9 3 0 R 1
9 4 0 U 1
8 4 1 U 2
6 1 0 R 1
6 2 0 R 1
6 3 0 R 1
6 4 0 R 1
6 5 3 U 2
4 5 0 R 1
4 6 0 R 1
4 7 0 R 1
4 8 1 U 2
2 8 0 R 1
2 9 0 R 1
2 10 0 R 1
2 11 0 U 1
8 1 0 R 1
8 2 0 U 1
7 2 0 U 1
6 2 0 R 1
6 3 0 R 1
6 4 1 D 1
8 5 1 U 2
6 4 0 R 1
6 5 3 U 1
5 5 1 L 1
3 10 0 L 1
3 9 0 L 1
3 8 0 D 1
4 8 0 D 1
5 9 0 L 1
5 8 0 D 1
6 8 0 D 1
7 8 0 R 1
7 9 0 R 1
7 10 2 D 1
7 4 0 R 1
8 5 0 R 1
8 6 0 U 1
7 5 0 R 1
7 6 0 R 1
7 7 3 R 4
3 3 0 L 1
3 2 0 U 1
2 2 0 R 1
2 3 0 R 1
2 4 1 R 2
7 11 0 D 1
8 10 0 R 1
5 3 0 D 1
6 3 0 R 1
5 5 0 D 1
6 5 0 L 1
6 4 0 D 1
7 4 0 D 1
10 8 0 L 1
8 4 0 R 1
10 7 0 U 1
8 5 0 R 1
8 6 0 R 1
9 7 0 U 1
8 7 0 R 1
8 8 0 R 1
8 9 0 R 1
8 10 0 R 1
