12 8 0 U 1
11 8 0 U 1
10 8 0 U 1
9 8 0 L 1
9 7 0 U 1
8 7 0 U 1
7 7 0 U 1
6 7 0 U 1
5 7 0 L 1
5 6 0 U 1
2 12 0 D 1
3 12 0 D 1
4 12 0 D 1
5 12 0 L 1
5 11 0 D 1
6 11 0 D 1
7 11 0 D 1
8 11 0 D 1
9 11 1 D 1
10 11 0 L 1
10 10 0 L 1
10 9 0 L 1
10 8 0 L 1
10 7 0 L 1
10 6 0 L 1
10 5 0 L 1
9 11 0 D 1
10 11 0 L 1
10 10 0 L 1
10 9 0 L 1
10 8 0 D 1
11 8 0 L 1
11 7 0 L 1
11 6 0 L 1
11 5 0 L 1
11 4 0 L 1
11 3 0 L 1
11 2 0 U 1
4 1 0 D 1
5 1 0 R 1
5 2 0 D 1
6 2 0 R 1
6 3 0 R 1
6 4 0 R 1
6 5 0 R 1
6 6 0 R 1
6 7 0 R 1
6 8 0 R 1
6 9 0 D 1
7 9 0 R 1
7 10 1 D 1
8 10 0 R 1
8 11 0 D 1
9 11 0 R 1
0 7 0 D 1
1 7 0 D 1
2 7 0 D 1
3 7 0 L 1
1 5 0 D 1
3 6 1 D 1
2 5 1 D 1
4 6 0 D 1
3 5 0 D 1
5 6 0 D 1
4 5 0 D 1
6 6 0 L 1
5 5 0 D 1
8 5 0 L 1
8 4 0 U 1
7 4 0 U 1
6 4 0 R 1
7 10 0 U 1
6 10 0 L 1
6 9 0 L 1
3 6 0 D 1
2 5 0 D 1
6 8 0 L 1
6 0 0 D 1
4 6 0 D 1
3 5 0 D 1
7 0 0 D 1
6 7 0 D 1
5 6 0 D 1
4 5 0 D 1
8 0 0 D 1
7 7 0 D 1
6 6 0 D 1
5 5 0 D 1
9 0 0 D 1
8 7 0 D 1
7 6 0 D 1
6 5 0 L 1
10 0 0 D 1
9 7 0 D 1
8 6 0 L 1
6 4 0 D 1
11 0 0 R 1
10 7 0 D 1
8 5 0 D 1
7 4 0 D 1
11 7 0 L 1
11 1 0 R 1
9 5 0 D 1
8 4 0 D 1
11 6 0 L 1
11 2 0 R 1
10 5 0 D 1
9 4 0 D 1
11 5 0 L 1
11 3 0 R 1
10 4 0 D 1
11 4 0 D 1
12 4 0 U 1
11 4 0 R 1
11 5 0 R 1
11 6 0 R 1
11 7 0 R 1
0 3 0 L 1
0 2 0 D 1
1 2 0 D 1
12 0 0 U 1
2 2 0 D 1
11 0 0 U 1
3 2 0 D 1
10 0 0 U 1
4 2 0 D 1
9 0 0 U 1
5 2 0 D 1
8 0 0 U 1
6 2 0 D 1
7 2 0 L 1
7 0 0 R 1
7 1 0 R 1
7 2 0 U 1
6 2 0 R 1
6 3 0 R 1
6 4 0 R 1
6 5 0 R 1
6 6 0 R 1
6 7 0 R 1
0 0 0 D 1
1 0 0 R 1
1 1 0 D 1
2 1 0 D 1
3 1 0 D 1
4 1 0 D 1
5 1 0 R 1
5 2 0 D 1
6 2 0 D 1
7 2 0 D 1
8 2 0 D 1
9 2 0 R 1
9 3 0 R 1
9 4 0 D 1
10 4 0 R 1
10 5 0 R 1
10 6 0 R 1
10 7 0 R 1
10 8 0 R 1
10 9 0 R 1
10 10 0 R 1
