11 1 0 U 1
10 1 1 R 2
3 15 0 U 1
16 0 0 R 1
16 1 0 U 1
2 15 0 U 1
1 15 1 L 2
15 2 0 L 1
15 1 0 U 1
14 1 1 U 2
0 15 0 D 1
1 15 0 L 1
1 14 2 L 3
15 9 0 U 1
10 13 0 L 1
14 8 0 R 1
14 9 0 U 1
13 9 1 U 1
12 9 1 U 2
10 12 0 U 1
12 0 0 R 1
12 1 0 U 1
11 1 1 U 2
9 12 0 L 1
9 11 0 L 1
9 10 2 U 1
12 9 0 U 1
1 11 0 D 1
2 11 0 L 1
2 10 0 L 1
2 9 1 D 2
11 9 1 U 1
10 9 2 L 3
9 1 0 U 1
8 10 0 L 1
2 9 0 D 1
8 1 0 U 1
8 9 1 U 2
10 6 0 U 1
9 6 0 L 1
9 5 1 U 2
3 9 1 L 2
7 1 0 R 1
6 9 0 L 1
6 8 0 L 1
6 7 1 L 2
5 7 0 R 1
5 8 0 D 1
6 8 1 L 2
7 2 0 R 1
7 3 0 R 1
7 4 0 R 1
7 5 2 D 3
3 7 0 L 1
3 5 0 R 1
3 6 1 D 1
4 6 2 L 3
4 3 0 R 1
4 4 0 R 1
4 5 2 D 1
6 6 0 L 1
7 5 0 U 1
6 5 1 U 1
0 5 0 D 1
5 0 0 D 1
6 0 0 D 1
1 5 0 R 1
1 6 1 L 2
7 0 0 D 1
1 6 0 D 1
6 2 0 D 1
16 3 0 R 1
16 4 0 U 1
15 4 1 U 1
13 1 0 U 1
8 0 0 D 1
2 6 1 D 1
4 6 0 U 1
9 0 0 D 1
7 2 0 D 1
12 1 0 U 1
3 6 0 R 1
3 7 0 R 1
3 8 1 R 1
10 0 0 R 1
11 1 0 U 1
10 1 5 R 6
8 3 0 L 1
8 2 0 D 1
14 4 1 R 2
10 1 0 R 1
10 2 5 R 6
1 14 1 D 1
9 2 0 D 1
14 6 0 U 1
13 6 0 U 1
12 6 0 R 1
12 7 1 U 2
10 2 0 R 1
2 14 0 L 1
2 13 0 D 1
3 13 0 D 1
4 13 0 D 1
5 13 2 D 2
8 4 0 R 1
3 9 1 D 2
10 3 0 R 1
5 16 0 L 1
8 5 0 R 1
8 6 2 R 3
10 4 2 R 1
5 9 0 D 1
8 7 0 L 1
8 6 0 D 1
9 6 0 D 1
10 6 2 R 2
6 15 0 U 1
5 15 0 L 1
5 14 2 U 1
10 5 2 R 3
10 4 0 R 1
11 5 0 U 1
12 7 0 U 1
10 5 1 R 1
10 6 5 R 6
6 8 0 R 1
6 9 0 D 1
7 9 2 D 1
4 14 0 D 1
5 14 0 L 1
5 13 3 D 2
10 6 0 R 1
11 7 1 U 1
10 7 2 R 3
11 7 0 U 1
8 9 2 R 3
10 7 2 R 3
6 13 0 D 1
7 13 0 L 1
7 12 1 D 2
10 8 0 R 1
8 12 1 L 1
8 11 0 D 1
9 10 1 R 1
9 11 0 D 1
10 11 2 R 2
10 10 1 R 2
10 9 1 R 1
10 10 2 R 1
10 9 0 R 1
10 13 0 D 1
11 14 0 L 1
11 13 0 D 1
12 13 1 L 2
10 12 1 D 2
10 10 1 R 2
9 12 0 D 1
10 12 1 D 1
10 11 2 R 1
11 12 1 D 2
10 12 1 D 1
11 12 5 D 2
12 12 1 D 2
12 11 1 R 1
11 12 2 D 1
14 12 1 R 2
12 12 1 D 2
11 12 1 D 1
14 12 1 D 1
12 12 1 D 2
13 12 2 D 1
14 12 1 R 1
13 12 0 D 1
14 12 2 D 1
14 12 1 R 1
14 13 1 D 1
14 14 1 D 2
14 13 0 R 1
15 13 1 D 1
15 12 1 R 1
15 13 1 R 1
15 12 0 R 1
14 14 1 D 2
16 13 1 R 1
15 13 0 D 1
15 14 1 D 1
16 13 1 R 1
1 10 0 L 1
10 16 0 D 1
15 5 0 L 1
15 4 0 U 1
16 13 0 U 1
11 16 0 D 1
12 16 0 L 1
12 15 1 L 2
14 15 0 L 1
16 8 0 L 1
14 4 1 R 2
15 14 0 L 1
15 13 0 U 1
14 13 1 L 1
16 9 0 R 1
16 10 0 U 1
15 10 0 L 1
15 9 1 U 2
14 14 1 L 2
16 7 0 U 1
15 7 0 U 1
14 7 0 U 1
13 8 0 L 1
13 7 0 U 1
12 7 0 U 1
11 7 0 U 1
10 7 5 R 6
15 9 0 U 1
14 5 0 R 1
14 6 0 U 1
13 6 0 U 1
12 6 0 R 1
12 7 0 U 1
11 7 2 U 3
14 12 0 U 1
13 12 2 U 3
14 9 0 U 1
13 12 0 U 1
12 13 0 U 1
11 13 2 U 1
12 12 0 U 1
11 12 0 R 1
11 13 0 U 1
13 9 1 U 1
12 9 1 U 2
10 13 2 L 3
1 0 0 R 1
12 9 0 U 1
0 2 0 D 1
1 1 0 R 1
11 10 0 L 1
11 9 0 U 1
11 7 0 U 1
10 9 1 L 1
10 7 0 U 1
1 2 0 R 1
1 4 1 L 1
1 3 0 D 1
2 3 0 D 1
3 3 0 R 1
3 4 0 R 1
3 5 4 D 3
9 7 1 U 1
9 7 0 R 1
10 8 0 U 1
10 10 1 U 2
5 12 0 R 1
8 7 0 R 1
8 8 0 U 1
7 8 0 U 1
6 8 0 U 1
5 8 0 R 1
5 9 7 U 3
9 8 0 U 1
8 9 0 L 1
8 8 0 U 1
9 10 0 U 1
8 10 0 L 1
8 9 1 U 2
5 13 2 U 3
4 5 0 U 1
7 7 0 R 1
7 8 0 U 1
6 8 1 U 1
3 5 0 R 1
2 13 0 U 1
6 9 5 U 1
2 6 0 D 1
3 6 0 R 1
3 7 0 R 1
3 8 7 R 1
1 13 0 L 1
5 9 1 U 1
5 8 0 R 1
6 9 4 U 1
1 12 0 L 1
1 11 0 L 1
1 10 0 L 1
1 9 3 D 2
3 8 2 R 1
4 9 1 U 2
5 9 1 U 1
6 9 0 U 1
3 9 3 U 2
3 8 0 R 1
4 9 5 U 1
5 9 2 U 1
3 9 3 U 2
4 9 3 U 1
5 9 0 U 1
3 9 3 U 2
4 9 1 U 1
3 9 3 U 2
2 9 0 U 1
1 9 7 R 3
4 1 0 L 1
0 8 0 L 1
4 0 0 D 1
5 0 0 D 1
0 7 0 D 1
15 16 0 U 1
1 7 0 D 1
6 0 0 D 1
14 16 0 U 1
13 16 0 U 1
7 0 0 D 1
2 7 0 D 1
5 13 0 D 1
8 0 0 D 1
12 16 0 L 1
3 7 0 R 1
6 13 0 D 1
3 8 0 R 1
12 15 0 L 1
12 14 0 U 1
11 14 0 L 1
11 13 0 L 1
11 12 0 U 1
10 12 4 L 5
9 0 0 D 1
7 13 0 L 1
3 9 0 D 1
11 0 0 U 1
10 0 0 R 1
10 1 0 R 1
10 2 0 R 1
10 3 0 R 1
10 4 1 R 2
14 4 0 R 1
7 12 1 D 2
4 9 0 D 1
5 9 0 D 1
6 9 1 D 2
14 5 0 U 1
13 5 0 U 1
11 3 0 U 1
10 3 0 R 1
10 13 1 L 2
12 5 0 U 1
9 12 0 D 1
10 12 1 L 2
7 9 0 D 1
11 5 0 U 1
10 4 0 R 1
8 9 0 L 1
10 5 1 R 2
10 11 1 L 2
8 8 0 D 1
10 10 1 L 2
10 7 1 R 1
10 9 1 L 1
9 8 1 D 1
9 8 0 D 1
12 3 0 U 1
11 3 0 U 1
10 3 0 R 1
9 15 0 U 1
10 4 0 R 1
10 5 1 R 2
8 15 0 U 1
7 15 0 L 1
10 7 1 R 2
7 14 0 L 1
7 13 0 L 1
10 9 0 R 1
7 12 0 D 1
8 12 0 D 1
10 10 1 R 2
9 12 0 D 1
10 13 0 L 1
10 12 0 D 1
11 12 0 D 1
12 12 0 R 1
12 13 0 R 1
12 14 0 R 1
12 15 0 R 1
12 16 0 D 1
12 11 0 R 1
12 12 0 U 1
11 12 0 U 1
10 11 0 R 1
10 12 0 U 1
9 12 0 U 1
8 12 0 L 1
10 5 0 U 1
8 11 0 L 1
8 10 0 L 1
9 5 0 U 1
8 5 0 U 1
7 5 1 R 2
8 9 0 U 1
7 9 0 U 1
6 5 1 R 2
6 9 0 L 1
7 7 0 U 1
6 8 1 L 1
1 16 0 L 1
1 15 0 L 1
14 14 0 L 1
14 13 0 L 1
14 12 0 U 1
13 12 0 U 1
12 12 0 U 1
11 12 0 U 1
10 12 0 L 1
10 11 0 L 1
10 10 0 L 1
10 9 1 L 2
1 14 0 L 1
1 13 0 L 1
1 12 2 L 2
14 10 0 U 1
13 10 0 L 1
1 10 0 D 1
2 10 0 L 1
13 9 1 U 2
2 9 0 D 1
11 9 0 U 1
3 9 0 D 1
4 9 0 D 1
10 9 1 L 2
5 9 0 D 1
10 6 0 R 1
10 7 0 U 1
9 7 1 U 2
6 8 0 R 1
6 9 0 D 1
7 9 0 L 1
7 8 1 D 2
14 1 0 U 1
7 8 0 L 1
13 1 0 U 1
7 7 0 L 1
7 6 0 L 1
6 5 0 D 1
12 1 0 U 1
11 1 0 U 1
7 5 0 L 1
7 4 0 L 1
10 1 0 U 1
9 1 0 U 1
7 3 0 L 1
8 1 0 U 1
7 1 0 R 1
7 2 0 U 1
6 2 1 L 1
6 2 0 L 1
1 12 0 U 1
13 9 0 D 1
1 4 0 D 1
2 4 0 D 1
3 4 0 D 1
4 4 0 D 1
5 4 0 R 1
5 5 0 D 1
6 5 0 D 1
7 5 0 D 1
8 5 0 D 1
6 11 0 D 1
9 5 0 D 1
7 11 0 D 1
10 5 0 D 1
8 11 0 D 1
11 5 0 D 1
9 8 0 L 1
9 7 0 D 1
9 11 0 D 1
10 7 0 D 1
12 5 0 D 1
10 11 0 L 1
10 9 0 R 1
10 10 0 D 1
11 7 0 D 1
13 5 0 D 1
12 7 0 D 1
14 5 0 R 1
11 10 0 L 1
14 6 0 R 1
11 9 0 D 1
13 7 0 D 1
12 9 0 D 1
14 7 0 R 1
14 8 0 R 1
13 9 0 D 1
