5 18 0 D 1
6 18 0 L 1
6 17 0 L 1
6 16 1 D 1
7 16 0 L 1
7 15 0 D 1
8 15 1 D 1
9 15 0 L 1
9 14 0 D 1
10 14 0 L 1
10 13 0 L 1
10 12 0 L 1
10 11 1 L 1
10 10 0 L 1
10 9 1 U 1
9 9 0 L 1
9 8 0 U 1
8 8 0 L 1
8 7 1 U 1
7 7 0 U 1
6 7 0 U 1
5 7 0 L 1
0 6 0 D 1
5 6 1 U 1
1 6 0 D 1
4 6 1 U 1
2 6 0 D 1
3 6 0 L 1
5 6 0 U 1
4 6 1 U 1
3 6 0 L 1
3 5 3 L 2
3 5 0 D 1
4 5 1 D 1
5 5 0 D 1
6 5 0 D 1
7 5 0 D 1
18 13 0 L 1
18 12 0 U 1
6 16 0 D 1
17 12 0 U 1
7 16 0 L 1
16 12 0 L 1
9 17 0 L 1
7 15 0 D 1
16 11 0 L 1
9 16 1 L 1
8 15 1 D 1
16 10 0 U 1
9 15 0 L 1
15 10 0 U 1
9 14 0 D 1
14 10 0 L 1
10 14 0 L 1
14 9 0 L 1
10 13 0 L 1
3 12 0 U 1
2 13 0 L 1
14 8 0 L 1
12 6 0 R 1
10 12 0 L 1
2 12 0 U 1
14 7 0 L 1
12 7 0 U 1
10 11 1 L 1
1 12 0 L 1
14 6 0 L 1
11 7 0 U 1
10 10 0 L 1
1 11 0 L 1
14 5 0 U 1
10 9 1 U 1
10 7 0 R 1
1 10 0 D 1
13 5 0 L 1
10 8 0 U 1
9 9 0 L 1
2 10 0 L 1
13 4 1 U 1
9 8 0 U 1
2 9 0 D 1
12 4 0 L 1
8 8 0 L 1
3 9 0 D 1
12 3 1 U 1
8 7 1 U 1
4 9 0 L 1
11 3 0 U 1
7 7 0 U 1
4 8 0 D 1
10 3 0 U 1
6 7 0 U 1
5 8 0 L 1
9 3 0 U 1
5 7 0 L 1
8 3 0 U 1
5 6 0 U 1
7 3 1 U 1
4 6 1 U 1
6 3 0 U 1
3 6 0 L 1
5 3 0 U 1
3 5 0 L 1
3 1 0 R 1
4 3 1 U 1
3 4 6 L 1
2 1 0 D 1
3 1 0 R 1
3 2 2 R 1
3 3 7 D 7
0 3 0 D 1
1 3 0 D 1
2 3 0 D 1
3 3 7 R 3
3 3 0 D 1
4 3 1 D 1
5 3 0 D 1
6 3 0 D 1
7 3 1 D 1
8 3 0 L 1
8 2 0 L 1
8 1 0 L 1
8 0 0 U 1
3 2 1 R 1
3 3 0 R 1
3 4 0 D 1
4 4 0 D 1
5 4 0 D 1
6 4 0 L 1
6 3 0 D 1
7 3 1 D 1
8 3 0 L 1
8 2 0 L 1
8 1 0 L 1
8 0 0 U 1
4 0 0 R 1
4 1 0 R 1
4 2 0 D 1
5 2 0 D 1
6 2 0 R 1
6 3 0 D 1
7 3 1 D 1
8 3 0 D 1
6 9 0 D 1
9 3 0 D 1
7 9 0 R 1
4 18 0 D 1
10 3 0 D 1
7 10 0 D 1
5 18 0 D 1
4 17 0 D 1
13 1 0 R 1
11 11 0 U 1
11 3 0 D 1
8 10 0 R 1
6 18 0 L 1
5 17 0 D 1
13 2 0 R 1
12 3 1 D 1
10 11 0 U 1
10 9 0 D 1
8 11 0 D 1
6 17 0 L 1
13 3 0 D 1
11 9 0 L 1
9 11 1 R 1
6 16 0 D 1
14 3 0 R 1
11 8 0 L 1
9 12 0 R 1
8 13 0 D 1
7 16 0 L 1
14 4 1 D 1
11 7 0 D 1
9 13 0 R 1
7 15 0 D 1
15 4 0 D 1
12 7 0 D 1
9 14 0 R 1
8 15 1 D 1
16 4 0 R 1
13 7 0 D 1
9 15 0 R 1
16 5 0 R 1
14 7 0 D 1
9 16 0 D 1
16 6 0 R 1
15 7 1 D 1
10 16 0 D 1
16 7 0 R 1
11 16 0 D 1
16 8 0 R 1
12 16 0 L 1
16 9 1 R 1
12 15 0 D 1
16 10 0 R 1
13 15 0 D 1
16 11 0 R 1
14 15 1 R 1
18 18 0 U 1
16 12 0 R 1
14 16 0 D 1
17 18 0 L 1
16 13 0 R 1
15 16 0 D 1
17 17 0 L 1
16 16 0 D 1
16 14 0 D 1
17 16 2 L 1
17 15 0 U 1
16 15 0 R 1
16 16 0 U 1
15 16 0 U 1
14 16 0 L 1
14 15 1 L 1
14 14 0 L 1
14 13 0 U 1
17 14 0 R 1
17 15 1 R 1
17 16 0 U 1
16 16 0 U 1
15 16 0 U 1
14 16 0 L 1
14 15 1 L 1
14 14 0 L 1
14 13 0 U 1
17 15 0 U 1
16 15 0 R 1
16 16 0 U 1
15 16 0 U 1
14 16 0 L 1
14 15 1 L 1
14 14 0 L 1
14 13 0 U 1
18 14 0 U 1
17 14 0 U 1
14 15 0 U 1
16 14 0 L 1
13 15 0 U 1
16 13 0 L 1
12 15 0 R 1
3 14 0 D 1
18 0 0 U 1
16 12 0 L 1
12 16 0 U 1
4 14 0 D 1
17 0 0 U 1
16 11 0 L 1
11 16 0 U 1
5 14 0 D 1
2 17 0 U 1
16 10 0 U 1
16 0 0 U 1
10 16 0 U 1
6 14 0 D 1
1 17 0 U 1
16 9 0 U 1
15 10 0 U 1
15 0 0 R 1
9 16 0 L 1
8 15 0 D 1
7 14 0 D 1
6 13 0 L 1
0 17 0 L 1
15 9 0 U 1
15 1 0 U 1
14 10 0 L 1
9 15 0 L 1
8 14 0 D 1
6 12 0 U 1
6 10 0 D 1
0 16 0 L 1
14 9 0 L 1
14 1 0 U 1
9 14 0 D 1
7 10 0 D 1
5 12 0 U 1
0 15 0 L 1
15 7 0 U 1
14 8 0 L 1
14 4 0 U 1
13 1 0 R 1
10 14 0 L 1
8 10 0 R 1
4 12 0 U 1
0 14 0 L 1
14 7 0 U 1
13 4 0 U 1
13 2 0 U 1
10 13 0 L 1
8 11 0 D 1
3 12 0 U 1
0 13 0 L 1
13 7 0 U 1
12 4 0 L 1
12 2 0 U 1
10 12 0 L 1
9 11 0 D 1
2 12 0 U 1
0 12 0 D 1
0 8 0 R 1
12 7 0 U 1
12 3 0 U 1
11 2 0 U 1
10 11 0 L 1
1 12 0 L 1
0 9 0 R 1
11 7 0 U 1
11 3 0 U 1
10 10 0 L 1
10 2 0 U 1
1 11 0 L 1
0 10 0 D 1
10 9 0 U 1
10 7 0 R 1
10 3 0 U 1
9 2 0 U 1
1 10 0 D 1
10 8 0 U 1
9 9 0 L 1
9 3 0 U 1
8 2 0 R 1
2 10 0 L 1
1 1 0 D 1
9 8 0 U 1
8 3 0 U 1
6 1 0 R 1
2 9 0 D 1
2 1 0 D 1
8 8 1 L 1
8 4 0 R 1
7 3 0 U 1
6 2 0 U 1
3 9 0 D 1
3 1 0 D 1
8 7 0 U 1
8 8 0 L 1
8 5 0 U 1
6 3 0 U 1
5 2 0 U 1
4 9 0 L 1
4 1 0 R 1
3 2 0 D 1
7 7 0 U 1
8 7 0 U 1
7 5 0 U 1
5 3 0 U 1
4 8 0 D 1
4 2 2 R 1
6 7 0 U 1
7 7 0 U 1
6 7 0 U 1
6 5 0 U 1
5 8 0 L 1
4 3 0 R 1
4 2 0 R 1
5 5 0 U 1
4 4 2 R 1
4 3 0 R 1
4 5 2 R 1
4 6 0 D 1
5 6 0 R 1
4 4 0 U 1
4 5 0 U 1
3 4 0 R 1
3 5 0 R 1
3 6 0 D 1
4 6 0 D 1
5 6 0 R 1
