10 14 0 L 1
12 2 0 L 1
8 0 0 R 1
8 1 1 D 1
9 6 0 U 1
8 6 1 U 2
9 1 0 U 1
8 1 0 R 1
8 2 0 U 1
7 2 0 U 1
6 2 0 R 1
6 3 1 R 2
4 2 0 L 1
4 1 0 U 1
3 1 0 U 1
2 1 0 R 1
2 2 1 R 2
6 3 0 U 1
5 3 0 U 1
4 3 1 R 2
1 4 0 L 1
1 3 0 D 1
2 3 2 R 3
5 5 0 U 1
4 5 0 U 1
9 10 0 U 1
8 10 0 R 1
3 5 0 U 1
2 4 0 R 1
2 5 0 R 1
2 6 5 R 2
9 11 0 U 1
8 11 0 R 1
8 12 0 U 1
7 12 0 U 1
6 12 0 U 1
5 12 2 L 3
2 6 0 R 1
2 7 1 R 2
5 12 0 U 1
2 9 0 U 1
5 15 0 U 1
4 12 1 U 2
1 9 0 R 1
4 15 0 U 1
1 10 0 R 1
3 15 0 U 1
2 15 0 L 1
2 14 1 U 2
2 12 0 U 1
1 12 0 L 1
1 11 0 U 1
0 11 0 R 1
0 12 0 R 1
0 13 1 R 1
0 13 0 R 1
13 15 0 L 1
13 14 0 L 1
13 13 0 L 1
14 12 0 U 1
13 12 0 U 1
12 12 0 U 1
11 12 0 U 1
10 13 0 L 1
10 12 0 U 1
9 12 0 U 1
8 12 2 U 3
2 13 0 L 1
2 12 0 D 1
3 12 0 D 1
8 12 0 L 1
4 12 0 D 1
14 3 0 U 1
8 11 0 L 1
10 8 0 R 1
10 9 0 U 1
9 9 0 U 1
8 9 1 L 2
5 12 0 L 1
6 11 0 U 1
5 11 0 L 1
5 10 5 L 6
12 6 0 U 1
13 3 0 L 1
8 10 0 L 1
2 7 0 D 1
13 1 0 R 1
13 2 0 U 1
12 2 0 L 1
12 1 0 U 1
11 1 0 U 1
10 2 0 L 1
10 1 0 U 1
9 2 0 L 1
9 1 0 U 1
8 1 0 R 1
8 2 0 U 1
7 2 0 U 1
6 2 2 L 2
8 9 0 L 1
3 7 0 R 1
3 8 0 D 1
11 6 0 U 1
8 8 1 L 2
4 8 0 D 1
10 6 0 U 1
9 5 0 R 1
9 6 0 U 1
5 9 1 L 1
5 8 0 D 1
6 8 1 L 2
8 6 0 U 1
0 0 0 D 1
7 7 0 U 1
1 0 0 D 1
6 7 0 L 1
5 6 0 D 1
7 6 5 U 1
2 3 0 L 1
6 6 1 L 2
7 6 0 U 1
2 0 0 D 1
2 2 1 D 2
6 6 1 L 1
4 2 0 R 1
4 3 0 D 1
5 3 0 R 1
5 4 0 L 1
3 0 0 D 1
6 5 1 L 2
6 4 5 L 1
4 0 0 R 1
6 3 2 L 1
5 3 0 D 1
6 4 4 L 1
4 1 0 D 1
5 1 0 D 1
6 2 2 L 2
6 3 2 L 1
6 4 0 L 1
6 2 2 L 2
6 2 1 R 1
6 3 6 R 5
6 2 0 R 1
6 3 6 R 5
6 3 0 L 1
6 2 0 L 1
6 1 0 L 1
15 14 0 U 1
14 14 0 U 1
13 14 0 L 1
15 10 0 L 1
15 9 0 U 1
13 13 0 L 1
14 9 0 U 1
12 11 0 U 1
13 12 0 U 1
11 3 0 U 1
13 9 0 U 1
12 12 0 U 1
11 12 0 L 1
11 11 0 U 1
10 3 0 R 1
12 9 0 U 1
10 11 0 U 1
9 13 0 L 1
9 12 0 L 1
9 11 0 U 1
11 9 0 U 1
10 4 0 U 1
10 9 0 U 1
9 4 0 U 1
8 11 0 L 1
8 4 0 U 1
8 10 0 L 1
9 9 0 U 1
8 9 0 L 1
7 4 0 U 1
6 5 0 L 1
6 4 0 U 1
2 14 0 U 1
9 7 0 U 1
8 8 0 L 1
5 4 0 U 1
8 7 0 U 1
7 7 0 U 1
6 7 0 U 1
5 7 0 R 1
5 8 0 U 1
4 8 0 U 1
3 8 1 U 1
1 14 0 L 1
6 6 0 U 1
4 4 0 U 1
0 6 0 L 1
2 2 0 R 1
1 13 0 L 1
1 12 0 L 1
3 4 0 U 1
2 3 0 R 1
5 6 0 R 1
5 10 0 L 1
0 5 0 D 1
1 5 0 D 1
2 4 0 R 1
2 5 0 R 1
2 6 0 R 1
2 7 0 R 1
2 8 4 D 1
6 8 0 U 1
5 9 0 U 1
1 11 0 L 1
5 7 0 R 1
1 10 0 L 1
5 8 0 U 1
4 9 0 U 1
4 8 0 U 1
1 9 0 D 1
3 9 0 U 1
3 8 2 U 1
2 9 1 L 1
2 9 0 L 1
3 8 0 R 1
