2 3 0 D 1
3 3 0 L 1
3 2 0 D 1
4 2 0 L 1
4 1 0 D 1
5 1 0 D 1
6 1 0 D 1
7 1 0 D 1
8 1 1 R 1
8 2 0 R 1
8 3 1 R 1
8 4 0 D 1
9 4 0 D 1
10 4 0 R 1
10 5 0 R 1
10 6 0 U 1
9 6 0 U 1
8 6 0 R 1
8 7 0 U 1
7 7 0 U 1
0 8 0 R 1
6 7 0 U 1
0 9 0 D 1
5 7 1 U 1
1 9 0 R 1
4 7 1 R 1
1 10 1 D 1
4 8 0 R 1
2 10 0 D 1
4 9 0 R 1
3 10 0 D 1
4 10 0 R 1
4 11 0 R 1
4 12 0 D 1
5 12 0 R 1
5 13 0 R 1
5 14 0 R 1
4 16 0 D 1
5 16 0 L 1
5 15 3 L 3
5 15 0 U 1
4 15 0 L 1
4 14 0 U 1
3 14 0 U 1
15 5 0 U 1
15 4 0 U 1
14 5 0 U 1
14 4 0 U 1
13 5 0 L 1
13 4 0 L 1
13 3 0 L 1
13 2 0 U 1
12 2 0 L 1
12 1 0 L 1
12 0 1 U 1
11 0 0 U 1
10 0 0 U 1
9 0 0 U 1
8 0 0 R 1
8 1 0 R 1
8 2 0 R 1
8 3 1 R 1
8 4 0 D 1
9 4 0 D 1
13 9 0 L 1
10 4 0 R 1
13 8 0 U 1
11 12 0 L 1
10 5 0 R 1
12 8 1 U 1
11 11 0 L 1
10 6 0 U 1
11 10 0 L 1
11 8 0 U 1
9 6 0 U 1
11 9 0 U 1
10 8 0 U 1
8 6 0 R 1
10 9 1 U 1
9 8 0 R 1
8 7 0 U 1
9 9 0 U 1
7 7 0 U 1
8 9 0 U 1
7 9 0 U 1
6 9 0 U 1
5 9 0 U 1
4 9 0 U 1
3 9 0 R 1
3 10 0 U 1
2 10 0 U 1
1 10 0 D 1
2 10 0 D 1
3 10 0 D 1
4 10 0 L 1
4 9 0 L 1
4 8 0 L 1
4 7 1 D 1
5 7 1 D 1
16 15 0 R 1
16 16 0 U 1
15 16 1 U 1
14 16 0 U 1
13 16 0 U 1
12 16 0 U 1
11 16 0 L 1
5 12 0 U 1
11 15 0 L 1
4 12 0 L 1
15 10 0 R 1
11 14 0 U 1
4 11 0 L 1
15 11 0 U 1
10 14 1 L 1
4 10 0 D 1
14 11 0 U 1
10 13 0 L 1
5 10 0 L 1
13 11 0 U 1
10 12 0 D 1
5 9 0 D 1
12 11 0 U 1
11 12 0 L 1
6 9 0 D 1
11 11 0 L 1
7 9 0 D 1
11 10 0 L 1
8 9 0 D 1
11 9 0 U 1
9 9 0 D 1
10 9 1 L 1
1 4 0 L 1
10 8 0 L 1
1 3 0 D 1
10 7 0 L 1
2 3 0 D 1
10 6 0 L 1
3 3 0 L 1
10 5 0 L 1
3 2 0 D 1
10 4 0 U 1
4 2 0 L 1
9 4 0 U 1
4 1 0 D 1
8 4 0 L 1
5 1 0 D 1
8 3 1 L 1
6 1 0 D 1
8 2 0 L 1
7 1 0 D 1
6 0 0 D 1
8 1 0 L 1
7 0 0 D 1
8 0 0 D 1
9 0 0 D 1
10 0 0 D 1
11 0 0 D 1
13 1 0 U 1
12 1 0 L 1
12 0 7 U 4
15 0 0 U 1
14 0 0 U 1
13 0 0 U 1
12 0 7 U 3
12 0 0 D 1
13 0 0 D 1
14 0 0 D 1
15 0 0 D 1
0 16 0 D 1
1 16 0 D 1
2 16 0 L 1
2 15 0 L 1
2 14 0 L 1
15 16 0 U 1
7 16 0 D 1
2 13 0 L 1
14 16 0 U 1
8 16 0 D 1
2 12 0 L 1
13 16 0 U 1
9 16 0 D 1
2 11 0 D 1
12 16 0 U 1
10 16 0 D 1
3 11 0 D 1
13 14 0 U 1
11 16 0 L 1
4 11 0 L 1
12 14 0 U 1
11 15 0 L 1
4 10 0 D 1
11 14 0 U 1
5 10 0 L 1
10 14 1 L 1
5 9 0 D 1
10 13 0 L 1
6 9 0 D 1
4 7 0 D 1
10 12 0 D 1
8 10 0 D 1
7 9 0 D 1
5 7 1 D 1
11 12 0 L 1
9 10 0 L 1
8 9 0 D 1
6 7 0 D 1
11 11 0 L 1
9 9 0 D 1
7 7 0 D 1
11 10 0 L 1
10 9 0 D 1
8 7 0 L 1
11 9 0 L 1
8 6 0 D 1
11 8 0 L 1
9 6 0 D 1
11 7 0 L 1
12 8 0 U 1
11 8 0 L 1
11 7 0 L 1
11 6 7 R 6
11 6 0 U 1
10 6 0 L 1
10 5 0 L 1
10 4 0 U 1
9 4 0 U 1
8 4 1 L 1
8 3 1 L 1
8 2 0 L 1
8 1 0 U 1
7 1 0 U 1
6 1 0 U 1
5 1 0 U 1
4 1 0 U 1
3 1 0 R 1
8 4 0 L 1
8 3 1 L 1
8 2 0 L 1
8 1 0 U 1
7 1 0 U 1
6 1 0 U 1
5 1 0 U 1
4 1 0 U 1
3 1 0 R 1
16 1 0 U 1
1 0 0 R 1
15 1 0 U 1
1 1 0 R 1
14 1 0 U 1
1 2 0 D 1
13 1 0 U 1
2 2 0 D 1
12 1 0 L 1
3 2 0 D 1
3 0 0 D 1
12 0 0 U 1
4 2 0 L 1
4 0 0 R 1
11 0 0 U 1
4 1 0 D 1
10 0 0 U 1
5 1 0 D 1
9 0 0 U 1
6 1 0 D 1
8 0 0 R 1
7 1 0 D 1
8 1 0 R 1
8 2 0 R 1
8 3 0 R 1
8 4 0 D 1
5 7 0 D 1
9 4 0 D 1
6 7 0 D 1
10 4 0 R 1
7 7 0 R 1
10 5 0 R 1
7 8 0 R 1
10 6 0 D 1
7 9 0 D 1
11 6 0 R 1
8 9 0 D 1
11 7 0 R 1
9 9 0 D 1
11 8 0 R 1
10 9 0 D 1
11 9 0 R 1
11 10 0 R 1
11 11 0 R 1
11 12 0 U 1
10 12 0 R 1
10 14 0 L 1
