4 0 0 R 1
4 1 0 D 1
5 1 1 D 1
6 1 0 D 1
7 1 0 R 1
7 2 1 D 1
3 12 0 D 1
8 2 0 D 1
4 12 0 L 1
9 2 1 R 1
4 11 0 L 1
9 3 0 R 1
4 10 1 D 1
9 4 0 R 1
5 10 1 D 1
9 5 1 R 1
6 10 1 D 1
9 6 1 R 1
7 10 0 D 1
9 7 0 R 1
8 10 0 L 1
9 8 1 R 1
8 9 1 D 1
8 9 0 D 1
9 9 3 L 2
9 9 0 U 1
8 9 0 L 1
8 8 0 L 1
8 7 0 L 1
8 6 0 L 1
12 6 0 L 1
12 5 0 L 1
12 4 0 U 1
11 4 0 L 1
11 3 0 U 1
10 3 0 U 1
9 3 0 U 1
9 2 0 U 1
8 3 0 U 1
8 2 0 U 1
7 3 0 U 1
7 2 1 U 1
6 3 0 L 1
6 2 0 U 1
5 2 1 U 1
4 2 0 U 1
3 2 1 R 1
3 3 0 U 1
2 3 0 R 1
2 4 0 R 1
2 5 0 U 1
1 5 0 U 1
0 5 0 R 1
0 6 1 R 1
0 7 1 R 1
0 8 0 R 1
0 9 1 R 1
0 10 0 R 1
1 11 0 U 1
0 11 0 L 1
1 1 0 D 1
0 10 0 L 1
2 1 0 D 1
0 9 0 D 1
3 11 0 D 1
3 1 0 D 1
1 9 1 D 1
4 11 0 L 1
4 1 0 D 1
3 2 0 D 1
2 9 1 D 1
0 7 0 D 1
6 0 0 D 1
5 1 1 D 1
4 10 0 D 1
4 2 0 D 1
3 9 0 D 1
1 7 0 D 1
12 1 0 R 1
10 11 0 U 1
7 12 0 L 1
7 0 0 D 1
6 1 0 D 1
5 10 0 D 1
5 2 0 D 1
4 9 0 D 1
2 7 0 L 1
12 2 0 R 1
10 0 0 U 1
9 11 0 U 1
8 0 0 D 1
7 11 1 D 1
7 1 0 R 1
6 10 0 D 1
6 2 0 D 1
5 9 0 D 1
2 6 0 D 1
12 3 0 U 1
9 0 0 R 1
8 11 0 L 1
7 10 0 D 1
7 2 0 D 1
6 9 0 L 1
5 4 0 D 1
3 6 0 D 1
11 3 0 U 1
9 1 0 R 1
8 10 0 L 1
8 2 0 D 1
6 8 1 D 1
6 4 0 D 1
4 6 0 D 1
10 3 0 U 1
9 2 2 R 1
8 9 0 D 1
7 8 0 D 1
7 4 1 D 1
5 6 1 D 1
11 9 0 U 1
9 9 0 D 1
9 3 0 R 1
9 2 0 R 1
8 8 0 D 1
6 6 0 D 1
10 9 0 L 1
9 4 1 R 1
9 3 0 R 1
8 4 1 D 1
7 6 0 D 1
10 8 1 L 1
9 8 0 D 1
9 5 1 D 1
9 4 0 R 1
9 5 1 D 1
8 6 0 D 1
10 7 2 L 1
9 5 0 D 1
10 5 0 R 1
10 6 7 U 4
10 6 0 L 1
10 8 0 U 1
10 7 0 U 1
9 8 0 L 1
9 7 3 L 1
9 6 0 D 1
10 6 0 L 1
9 7 0 D 1
10 7 0 L 1
10 6 0 L 1
2 0 0 D 1
3 0 0 D 1
4 0 0 R 1
4 1 0 D 1
5 1 0 D 1
6 1 0 R 1
8 4 0 U 1
6 2 0 R 1
1 9 0 D 1
7 4 0 U 1
6 3 0 R 1
2 9 0 D 1
7 11 0 L 1
6 4 0 R 1
3 9 0 D 1
7 10 0 U 1
6 5 0 R 1
5 6 0 D 1
4 9 0 D 1
6 10 0 L 1
6 6 0 R 1
5 9 0 D 1
6 9 0 L 1
6 7 3 R 1
6 8 0 D 1
7 8 0 D 1
8 8 0 D 1
9 8 0 D 1
6 7 0 D 1
7 7 0 D 1
8 7 0 D 1
9 7 0 D 1
10 7 0 R 1
0 6 0 R 1
0 7 0 D 1
1 7 0 R 1
1 8 0 R 1
1 9 0 D 1
2 9 0 D 1
3 9 0 D 1
4 9 0 R 1
4 10 0 R 1
4 11 0 R 1
