7 17 0 U 1
6 17 0 L 1
6 16 0 L 1
6 15 0 L 1
6 14 1 U 1
5 14 0 U 1
4 14 0 U 1
3 14 0 U 1
2 14 0 L 1
2 13 1 L 1
2 12 0 L 1
2 11 0 L 1
2 10 0 U 1
1 10 0 L 1
1 9 1 L 1
1 7 0 R 1
1 8 2 R 2
1 8 0 U 1
0 8 0 R 1
0 9 1 R 1
0 10 0 R 1
0 11 0 R 1
0 12 1 R 1
0 9 0 D 1
1 9 1 D 1
2 9 1 R 1
2 10 0 R 1
2 11 0 R 1
2 12 0 D 1
3 12 1 R 1
3 13 1 R 1
3 14 0 D 1
4 14 0 D 1
5 14 0 D 1
6 14 1 D 1
15 10 0 U 1
7 14 0 R 1
14 10 0 R 1
7 15 1 D 1
14 11 1 R 1
8 15 1 D 1
14 12 0 R 1
9 15 1 R 1
15 14 0 U 1
14 13 1 R 1
9 16 1 D 1
14 14 0 U 1
10 16 1 D 1
13 14 1 R 1
11 16 0 D 1
13 15 1 R 1
12 16 1 D 1
13 16 1 D 1
14 16 1 D 1
15 16 1 D 1
16 16 0 D 1
17 16 1 D 1
18 16 1 R 1
18 17 0 D 1
19 17 1 R 1
19 12 0 U 1
2 13 0 D 1
19 19 0 U 1
18 12 1 R 1
3 13 1 L 1
18 19 0 U 1
18 13 0 U 1
3 12 0 D 1
19 17 0 U 1
17 19 0 L 1
17 13 0 R 1
8 18 0 D 1
4 12 0 L 1
18 17 0 U 1
17 18 1 L 1
17 14 1 R 1
10 19 0 D 1
9 18 0 L 1
8 17 0 D 1
4 11 0 L 1
18 16 0 U 1
17 17 0 L 1
17 15 1 U 1
11 19 1 L 1
9 17 1 D 1
9 15 0 R 1
5 13 0 D 1
4 10 1 L 1
0 2 0 D 1
17 16 1 U 1
16 15 0 R 1
11 18 0 L 1
10 17 0 D 1
9 16 1 D 1
6 13 0 D 1
4 9 0 L 1
2 5 0 D 1
1 6 0 D 1
1 2 0 D 1
16 16 0 U 1
11 17 0 L 1
10 16 0 D 1
7 13 0 D 1
6 12 0 D 1
4 8 0 D 1
3 5 0 D 1
3 1 0 D 1
2 6 0 D 1
2 2 0 D 1
15 16 1 U 1
11 16 0 D 1
8 13 1 D 1
7 12 0 D 1
5 8 0 D 1
4 5 1 L 1
4 1 0 L 1
3 6 0 D 1
3 2 1 D 1
3 0 0 D 1
14 16 1 U 1
15 16 0 U 1
14 17 0 L 1
9 13 0 D 1
8 12 0 L 1
6 8 1 D 1
4 6 0 D 1
4 4 0 L 1
4 2 0 D 1
4 0 0 D 1
3 3 0 D 1
13 16 1 L 1
14 16 0 U 1
12 16 3 D 1
10 13 0 D 1
10 7 0 U 1
8 11 1 D 1
8 7 0 D 1
7 8 1 D 1
6 1 0 L 1
5 6 0 D 1
5 2 1 D 1
5 0 0 D 1
4 3 1 D 1
13 15 1 L 1
13 16 1 L 1
12 16 1 D 1
11 13 1 D 1
9 11 0 D 1
9 7 0 R 1
8 10 0 D 1
8 8 0 D 1
6 6 0 D 1
6 2 0 D 1
6 0 1 D 1
5 3 1 D 1
13 14 1 D 1
13 15 1 L 1
13 16 0 L 1
13 14 7 D 1
13 15 3 L 1
12 13 0 L 1
11 12 0 D 1
10 11 0 D 1
9 10 0 L 1
9 8 1 R 1
7 6 1 L 1
7 2 0 D 1
7 0 0 D 1
6 3 1 D 1
14 14 1 L 1
13 14 1 D 1
13 15 0 L 1
12 12 0 D 1
11 11 1 D 1
9 9 0 D 1
9 8 0 R 1
8 9 0 D 1
8 2 0 R 1
8 0 0 D 1
7 5 0 D 1
7 3 1 D 1
14 13 1 L 1
14 14 1 L 1
13 14 1 D 1
14 13 7 L 1
14 14 3 L 1
12 11 0 L 1
11 10 0 D 1
10 9 0 D 1
9 9 0 D 1
9 0 1 D 1
8 5 0 D 1
8 3 0 D 1
7 3 0 D 1
7 4 0 D 1
14 12 1 L 1
14 13 1 L 1
14 14 0 L 1
12 10 0 D 1
11 9 1 D 1
10 9 0 D 1
10 0 0 D 1
9 5 0 D 1
9 3 0 D 1
8 3 0 D 1
8 4 0 D 1
14 11 0 L 1
14 12 0 L 1
14 13 1 L 1
13 12 0 D 1
12 9 1 D 1
11 9 0 D 1
12 9 3 D 1
11 0 0 D 1
10 5 0 L 1
10 3 1 D 1
9 3 0 D 1
9 4 0 D 1
16 10 0 D 1
14 10 0 L 1
14 11 0 L 1
14 12 0 L 1
12 0 0 D 1
11 3 1 D 1
10 3 0 D 1
11 3 2 D 1
11 1 0 D 1
10 4 1 D 1
17 10 0 L 1
14 9 0 L 1
14 10 0 L 1
14 11 0 L 1
13 10 3 D 1
13 0 0 D 1
12 3 1 R 1
11 3 1 D 1
12 1 0 D 1
17 9 1 D 1
16 8 0 U 1
14 8 2 D 1
14 9 2 L 1
14 10 2 L 1
13 10 0 D 1
14 0 0 D 1
13 1 0 D 1
12 4 0 D 1
12 3 0 R 1
11 4 0 D 1
19 10 0 L 1
18 9 1 D 1
15 8 1 L 1
14 8 1 D 1
14 9 1 L 1
14 10 0 L 1
13 9 6 D 1
12 9 1 D 1
15 0 0 D 1
14 1 0 D 1
13 4 1 R 1
12 4 0 D 1
19 9 0 L 1
16 0 0 D 1
15 7 1 L 1
15 8 1 L 1
14 8 1 D 1
14 9 1 L 1
13 9 1 D 1
15 7 7 L 1
15 8 7 L 1
14 8 7 D 1
14 9 7 L 1
13 9 0 D 1
15 1 0 D 1
13 5 1 D 1
13 4 1 R 1
19 8 0 L 1
17 0 1 R 1
16 1 3 D 1
15 6 0 D 1
15 7 1 L 1
15 8 1 L 1
14 8 1 D 1
14 9 1 L 1
15 7 7 L 1
15 8 7 L 1
14 8 7 D 1
14 9 0 L 1
14 5 1 D 1
13 5 1 D 1
13 4 0 R 1
12 5 0 D 1
19 7 0 L 1
19 1 0 R 1
17 1 1 R 1
16 1 0 D 1
17 1 3 R 1
16 6 0 L 1
15 6 0 D 1
15 7 1 L 1
15 8 1 L 1
14 8 1 D 1
15 7 7 L 1
15 8 7 L 1
14 8 0 D 1
19 6 1 L 1
19 2 1 R 1
17 2 1 R 1
17 1 1 R 1
16 5 1 D 1
16 6 1 L 1
15 6 1 D 1
15 7 1 L 1
15 8 1 L 1
15 4 0 D 1
19 5 0 U 1
19 3 1 U 1
17 5 5 D 1
16 5 5 D 1
16 6 5 L 1
15 6 5 D 1
15 7 5 L 1
17 3 2 D 1
17 2 0 R 1
16 4 1 D 1
18 5 2 L 1
19 2 0 R 1
18 4 0 D 1
18 3 2 D 1
19 3 2 R 1
18 3 0 D 1
19 3 2 R 1
17 5 2 L 1
18 5 1 U 1
16 5 3 D 1
16 6 3 L 1
15 6 3 D 1
15 7 1 L 1
17 4 6 L 1
17 3 0 D 1
18 3 1 D 1
19 3 2 R 1
17 5 1 D 1
16 5 1 D 1
16 6 1 L 1
15 6 0 D 1
18 5 1 L 1
17 5 1 D 1
16 5 1 D 1
16 6 1 L 1
18 5 7 L 1
17 5 7 D 1
16 5 7 D 1
16 6 0 L 1
18 4 2 L 1
18 3 1 D 1
19 3 2 R 1
18 3 0 D 1
19 3 2 R 1
18 5 3 L 1
19 3 1 U 1
18 3 0 R 1
18 4 7 U 3
18 4 0 D 1
17 5 3 D 1
18 5 1 D 1
19 5 0 L 1
17 5 0 D 1
18 5 1 D 1
19 5 0 L 1
16 5 0 D 1
17 5 1 D 1
18 5 1 D 1
19 5 0 L 1
15 5 0 D 1
14 5 0 D 1
13 5 0 D 1
17 4 1 R 1
16 5 7 D 1
17 4 0 R 1
17 5 7 U 4
17 5 0 D 1
18 5 1 D 1
19 5 0 L 1
16 5 0 D 1
17 5 0 D 1
18 5 1 D 1
19 5 0 L 1
15 5 0 D 1
16 5 0 D 1
17 5 1 D 1
18 5 1 D 1
19 5 0 L 1
14 5 0 D 1
15 5 0 D 1
16 5 0 D 1
18 5 0 U 1
17 5 4 U 2
17 5 0 D 1
18 5 0 D 1
19 5 0 L 1
2 0 0 D 1
3 0 0 D 1
2 1 0 D 1
4 0 0 D 1
3 1 0 D 1
5 0 0 D 1
4 1 0 R 1
6 0 1 D 1
4 2 0 D 1
7 0 0 D 1
5 2 1 D 1
8 0 0 D 1
6 2 0 D 1
5 3 0 D 1
9 0 1 D 1
7 2 0 D 1
6 3 1 D 1
10 0 0 D 1
8 2 0 R 1
7 3 0 D 1
17 0 0 R 1
11 0 0 D 1
8 3 0 D 1
19 3 0 U 1
17 1 1 R 1
12 0 0 R 1
10 2 0 D 1
9 3 0 D 1
1 19 0 L 1
1 9 0 D 1
18 3 0 U 1
17 2 0 R 1
12 1 0 R 1
11 2 1 D 1
10 3 0 D 1
6 7 0 R 1
2 9 1 R 1
1 18 1 L 1
17 3 0 R 1
12 2 0 R 1
11 3 1 D 1
6 8 1 D 1
4 10 0 R 1
2 10 0 R 1
1 17 0 L 1
0 12 0 D 1
17 4 0 U 1
12 3 0 R 1
7 8 1 D 1
4 11 0 R 1
2 11 0 R 1
1 16 1 L 1
1 12 0 D 1
16 4 1 U 1
12 4 0 D 1
8 8 0 D 1
4 12 0 U 1
2 12 0 D 1
1 15 0 D 1
15 4 0 R 1
13 4 0 R 1
9 8 0 R 1
3 12 0 R 1
2 15 0 L 1
15 5 0 R 1
13 5 0 R 1
9 9 0 D 1
3 13 1 R 1
2 14 0 D 1
18 9 0 U 1
15 6 0 R 1
13 6 0 R 1
10 9 0 D 1
3 14 0 D 1
17 9 1 U 1
15 7 1 R 1
13 7 0 R 1
11 9 0 D 1
4 14 0 D 1
16 9 0 R 1
15 8 0 U 1
13 8 4 D 1
12 9 1 D 1
5 18 0 D 1
5 14 0 D 1
16 10 0 U 1
14 8 0 R 1
13 8 1 D 1
11 13 0 D 1
11 11 0 D 1
6 18 0 D 1
6 14 1 D 1
15 10 0 U 1
14 9 2 R 1
14 8 0 R 1
13 9 0 D 1
12 13 0 L 1
12 11 0 R 1
7 18 1 D 1
7 14 0 R 1
14 10 0 R 1
14 9 0 R 1
12 12 0 D 1
8 18 0 D 1
7 15 1 D 1
14 11 0 R 1
14 10 0 R 1
9 18 0 L 1
8 15 1 D 1
14 12 1 R 1
14 11 0 R 1
13 12 1 D 1
9 17 1 D 1
9 15 0 R 1
14 13 1 R 1
14 12 1 R 1
13 12 0 D 1
14 13 7 R 1
14 12 1 R 1
10 17 0 D 1
9 16 1 D 1
14 14 1 U 1
14 13 1 R 1
14 12 0 R 1
11 17 0 L 1
10 16 0 D 1
13 14 1 R 1
14 14 1 U 1
14 13 1 R 1
13 14 7 R 1
14 14 1 U 1
11 16 0 D 1
13 15 0 R 1
13 14 1 R 1
14 14 0 U 1
13 14 1 R 1
13 16 0 D 1
13 15 0 R 1
12 15 0 D 1
18 14 0 U 1
14 16 0 D 1
13 16 0 D 1
13 15 0 R 1
12 16 1 D 1
17 14 1 R 1
15 16 0 D 1
14 16 0 D 1
13 16 0 D 1
17 15 0 R 1
16 16 3 D 1
15 16 3 D 1
14 16 3 D 1
17 16 0 R 1
16 16 0 D 1
15 16 0 D 1
14 16 0 D 1
17 17 2 R 1
17 18 0 D 1
17 16 3 R 1
17 17 0 D 1
18 17 0 R 1
16 16 4 D 1
17 14 0 R 1
17 15 0 R 1
17 16 7 U 7
19 16 0 U 1
18 16 0 U 1
17 16 7 U 6
17 16 0 D 1
18 16 0 R 1
18 17 0 R 1
15 16 0 D 1
16 16 0 D 1
17 16 0 D 1
18 16 0 R 1
18 17 0 R 1
9 0 0 U 1
17 1 0 R 1
8 0 0 U 1
17 2 0 R 1
11 2 0 U 1
7 0 0 U 1
1 0 0 D 1
17 3 0 R 1
11 3 0 U 1
10 2 0 R 1
6 0 0 U 1
2 0 0 D 1
19 6 0 R 1
17 4 0 U 1
10 3 0 U 1
5 0 0 U 1
3 0 0 D 1
19 7 0 U 1
16 4 0 U 1
15 3 0 R 1
10 4 0 U 1
9 3 0 U 1
4 0 0 R 1
18 7 0 R 1
15 4 0 R 1
9 4 0 U 1
8 3 0 U 1
6 3 0 U 1
5 2 0 U 1
4 1 0 R 1
3 2 0 D 1
2 3 0 U 1
18 8 0 U 1
15 5 0 R 1
8 4 0 U 1
7 3 0 R 1
5 3 0 U 1
4 2 0 R 1
1 3 0 R 1
0 4 0 D 1
17 8 0 U 1
15 6 0 R 1
7 4 0 R 1
4 3 0 R 1
1 4 0 R 1
17 9 0 U 1
16 8 0 U 1
15 7 0 R 1
7 5 0 U 1
4 4 0 R 1
1 5 0 R 1
16 9 0 R 1
15 8 0 U 1
13 8 0 D 1
7 6 0 U 1
6 5 0 R 1
4 5 0 R 1
1 6 0 R 1
19 13 0 U 1
18 12 0 R 1
16 10 0 U 1
14 8 0 R 1
6 6 0 R 1
4 6 0 R 1
1 7 0 R 1
19 14 0 U 1
18 13 0 U 1
16 11 0 U 1
15 10 0 U 1
14 9 0 R 1
12 9 0 U 1
6 7 0 R 1
4 7 0 R 1
2 19 0 U 1
1 8 0 D 1
18 14 0 U 1
17 13 0 R 1
15 11 0 U 1
14 10 1 R 1
11 9 0 U 1
6 10 0 U 1
6 8 0 D 1
4 8 0 R 1
3 9 0 U 1
2 8 0 R 1
1 19 0 L 1
17 14 0 R 1
14 11 0 R 1
14 10 0 R 1
10 9 0 U 1
7 8 0 D 1
5 10 0 U 1
4 9 1 R 1
2 9 0 R 1
1 18 0 L 1
1 10 0 D 1
0 17 0 D 1
17 15 0 U 1
14 12 1 R 1
14 11 0 R 1
9 9 0 U 1
8 8 0 R 1
7 9 0 D 1
4 10 0 R 1
4 9 0 R 1
2 10 0 R 1
1 17 0 L 1
16 15 0 R 1
14 13 0 R 1
14 12 0 R 1
8 9 0 R 1
4 11 0 R 1
4 10 0 R 1
2 11 0 R 1
1 16 0 L 1
16 16 0 U 1
14 14 1 U 1
14 13 0 R 1
8 10 1 R 1
4 12 0 U 1
4 11 0 R 1
1 15 0 D 1
15 16 0 U 1
13 14 0 R 1
14 14 0 U 1
8 11 1 U 1
8 10 0 R 1
3 12 1 R 1
4 12 0 U 1
2 12 1 D 1
2 15 0 L 1
14 16 0 U 1
13 15 0 U 1
13 14 0 R 1
7 11 0 R 1
8 11 0 U 1
4 16 0 L 1
3 13 0 R 1
3 12 0 R 1
2 12 0 D 1
13 16 0 U 1
12 15 1 U 1
13 15 0 U 1
8 13 0 U 1
7 12 0 U 1
7 11 0 R 1
4 15 0 L 1
3 14 1 D 1
3 13 1 R 1
3 12 0 R 1
12 16 0 U 1
11 19 0 L 1
11 15 5 R 1
12 15 1 U 1
7 13 0 U 1
6 12 1 R 1
7 12 0 U 1
4 14 0 D 1
3 14 0 D 1
3 13 0 R 1
2 14 0 D 1
11 18 0 L 1
11 16 1 U 1
11 15 1 R 1
12 15 0 U 1
8 15 0 U 1
6 13 1 R 1
6 12 0 R 1
11 17 0 U 1
10 16 1 U 1
11 16 1 U 1
11 15 0 R 1
7 15 0 U 1
6 14 2 R 1
6 13 0 R 1
5 14 6 D 1
4 14 6 D 1
3 14 4 D 1
10 17 0 U 1
9 16 2 R 1
10 16 2 U 1
11 16 0 U 1
6 15 0 R 1
6 14 0 R 1
5 14 0 D 1
4 14 0 D 1
3 14 0 D 1
9 17 0 U 1
9 16 0 R 1
10 16 0 U 1
6 16 0 R 1
6 15 0 R 1
6 14 0 R 1
5 14 0 D 1
4 14 0 D 1
8 17 0 U 1
9 17 0 U 1
9 16 0 R 1
7 17 2 R 1
7 18 0 U 1
6 18 0 R 1
6 17 0 R 1
6 18 0 R 1
6 16 0 R 1
6 17 0 R 1
6 18 0 R 1
6 15 0 R 1
6 14 0 R 1
5 14 0 D 1
6 16 0 R 1
6 15 0 R 1
6 14 0 R 1
8 17 3 U 1
6 17 0 R 1
6 16 0 R 1
6 15 0 R 1
6 18 0 R 1
6 17 0 R 1
6 16 0 R 1
6 18 0 R 1
6 17 0 R 1
6 18 0 R 1
7 17 0 U 1
6 17 0 R 1
6 18 0 R 1
8 17 0 U 1
7 17 0 U 1
6 17 0 R 1
6 18 0 R 1
9 17 0 U 1
8 17 0 U 1
7 17 0 U 1
6 17 0 R 1
6 18 0 R 1
