2 3 0 D 1
3 3 1 D 2
6 11 0 D 1
7 11 0 L 1
7 10 0 L 1
7 9 1 L 2
7 9 0 L 1
7 8 1 L 2
7 7 0 L 1
7 6 0 U 1
6 6 0 L 1
6 5 0 L 1
6 4 1 L 2
6 2 0 R 1
6 3 0 U 1
5 3 1 U 2
3 3 1 U 2
1 3 0 R 1
1 4 0 U 1
0 4 1 R 1
7 8 0 D 1
1 0 0 R 1
0 1 0 D 1
1 1 0 R 1
1 2 0 R 1
1 3 0 D 1
2 3 1 D 2
4 3 0 D 1
5 3 1 D 1
5 3 0 D 1
6 3 0 R 1
6 4 2 D 3
9 4 0 R 1
9 5 0 R 1
9 6 0 R 1
9 7 0 U 1
8 7 0 R 1
8 8 1 U 2
11 2 0 R 1
11 3 0 R 1
11 4 0 R 1
11 5 1 R 1
11 5 0 R 1
11 6 0 U 1
10 6 0 U 1
9 6 0 L 1
9 5 0 U 1
8 5 0 U 1
7 5 0 U 1
6 5 1 L 2
6 5 0 L 1
6 4 1 L 2
6 2 0 L 1
6 1 0 U 1
2 3 0 D 1
3 3 0 D 1
4 3 0 D 1
5 3 0 D 1
6 3 0 R 1
6 4 1 R 2
6 6 0 U 1
5 6 0 R 1
5 7 0 R 1
5 8 2 D 2
6 8 0 U 1
5 8 0 R 1
5 9 1 U 2
3 9 0 L 1
9 0 0 U 1
8 0 0 U 1
7 0 1 R 2
7 2 0 U 1
6 2 0 R 1
6 3 0 R 1
6 4 1 R 2
6 6 0 U 1
4 6 0 D 1
5 6 0 R 1
5 7 1 R 2
5 9 0 U 1
4 9 1 U 2
2 9 0 U 1
1 9 0 U 1
0 9 0 L 1
3 10 0 D 1
4 9 0 R 1
4 10 0 D 1
5 10 0 L 1
5 9 0 L 1
5 8 1 D 2
7 8 0 D 1
8 8 0 L 1
8 7 0 D 1
9 7 0 D 1
10 7 0 L 1
10 6 2 U 1
10 6 0 D 1
2 7 0 L 1
2 6 0 L 1
0 4 0 D 1
5 8 0 L 1
2 5 0 D 1
1 4 0 D 1
5 7 0 L 1
5 6 0 D 1
6 6 0 L 1
6 5 1 D 2
2 4 0 D 1
3 5 0 L 1
3 4 0 D 1
4 4 0 L 1
4 3 0 D 1
6 5 0 L 1
5 3 1 D 1
8 3 0 L 1
8 2 0 U 1
7 2 1 U 1
6 4 0 L 1
6 3 0 L 1
6 2 0 L 1
6 1 0 U 1
5 1 0 U 1
4 1 0 L 1
9 6 0 L 1
5 3 0 D 1
9 5 0 U 1
6 3 0 L 1
8 5 0 L 1
6 2 0 D 1
8 4 0 L 1
7 0 0 D 1
8 3 0 L 1
7 2 0 D 1
8 2 0 D 1
9 2 0 L 1
9 1 3 D 1
8 0 0 D 1
9 0 0 R 1
