16 1 0 U 1
15 1 0 R 1
15 2 0 U 1
3 16 0 D 1
3 2 0 D 1
14 2 1 U 1
6 0 0 D 1
4 16 0 D 1
4 2 0 D 1
13 2 0 U 1
12 1 0 U 1
7 0 0 D 1
5 16 1 D 1
5 2 1 D 1
4 3 0 D 1
3 14 0 D 1
12 2 1 U 1
11 1 0 U 1
8 0 0 R 1
6 16 1 D 1
6 2 0 D 1
5 3 0 D 1
4 14 0 D 1
0 10 0 D 1
11 2 0 U 1
10 1 0 R 1
8 1 0 R 1
7 16 1 D 1
7 2 0 D 1
6 15 0 D 1
6 3 0 D 1
5 14 0 D 1
4 13 0 L 1
2 11 0 D 1
1 10 0 D 1
10 2 0 R 1
8 16 0 D 1
8 2 0 R 1
7 15 0 D 1
7 3 0 D 1
6 14 0 D 1
4 12 0 D 1
3 11 0 D 1
2 10 1 D 1
15 8 0 U 1
10 3 0 U 1
9 16 0 L 1
8 15 0 D 1
8 3 0 D 1
7 14 0 D 1
5 12 0 D 1
4 11 0 L 1
3 10 0 D 1
14 8 0 U 1
9 15 0 L 1
9 3 0 R 1
8 14 0 D 1
6 12 0 D 1
4 10 0 D 1
13 8 0 U 1
12 7 0 U 1
11 6 0 U 1
9 14 0 L 1
9 4 1 R 1
7 12 0 D 1
5 10 0 D 1
12 8 0 U 1
11 7 0 U 1
10 6 0 U 1
9 13 0 L 1
9 5 0 R 1
8 12 1 D 1
8 6 0 D 1
6 10 0 D 1
11 8 0 U 1
10 7 0 U 1
9 12 0 L 1
9 6 0 R 1
7 10 0 D 1
10 8 0 U 1
9 11 1 L 1
9 7 0 R 1
8 7 0 D 1
9 7 0 R 1
8 10 0 D 1
9 10 2 L 1
9 11 0 L 1
9 10 2 L 1
9 9 7 D 3
9 9 0 L 1
8 12 0 D 1
9 12 0 L 1
9 11 0 L 1
9 10 2 L 2
9 10 0 L 1
9 9 0 L 1
12 16 0 L 1
12 15 0 D 1
13 15 0 L 1
13 14 0 L 1
13 13 0 L 1
13 12 0 U 1
10 15 0 U 1
12 12 0 U 1
9 15 0 U 1
12 11 0 L 1
11 12 0 U 1
8 15 0 U 1
12 10 0 U 1
10 12 0 U 1
7 15 0 U 1
6 16 0 U 1
11 10 0 U 1
9 12 0 U 1
6 15 0 U 1
5 16 1 U 1
13 7 0 U 1
10 10 0 U 1
8 12 0 U 1
5 15 0 U 1
4 16 0 U 1
12 7 0 U 1
9 10 0 U 1
7 12 0 U 1
4 15 0 U 1
3 16 0 L 1
11 7 0 U 1
8 10 0 U 1
6 12 0 U 1
3 15 0 L 1
10 7 0 U 1
7 10 0 U 1
5 12 0 U 1
3 14 0 L 1
9 7 0 U 1
6 10 0 U 1
4 12 0 U 1
3 13 0 L 1
8 7 0 U 1
5 10 0 U 1
3 12 0 L 1
7 7 0 U 1
4 10 0 U 1
3 11 0 L 1
2 10 0 U 1
6 7 0 U 1
3 10 0 L 1
1 10 0 L 1
5 7 0 U 1
3 9 0 L 1
1 9 0 L 1
4 7 0 U 1
3 8 0 L 1
1 8 0 L 1
3 7 0 U 1
1 7 0 D 1
2 7 1 L 1
2 6 0 D 1
3 6 0 D 1
2 7 0 D 1
3 7 0 D 1
4 7 0 L 1
1 1 0 U 1
5 16 0 D 1
0 1 0 R 1
6 16 0 D 1
0 2 0 R 1
7 16 0 D 1
0 3 0 D 1
8 16 0 D 1
1 3 0 D 1
9 16 0 L 1
2 3 0 R 1
9 15 0 L 1
2 4 0 D 1
9 14 0 L 1
5 2 0 D 1
4 5 0 L 1
3 4 0 D 1
9 13 0 D 1
6 2 0 D 1
4 4 0 D 1
16 11 0 L 1
10 13 0 L 1
7 2 0 D 1
5 4 0 D 1
16 10 0 U 1
14 12 0 U 1
10 12 0 D 1
9 1 0 D 1
8 2 0 R 1
6 4 0 D 1
15 10 0 U 1
13 12 0 U 1
11 12 0 D 1
10 1 0 D 1
8 3 0 D 1
7 4 0 R 1
6 5 0 D 1
14 10 0 U 1
14 2 0 U 1
12 12 0 L 1
11 1 0 R 1
9 3 0 D 1
7 5 0 D 1
14 3 0 U 1
13 10 0 U 1
13 2 0 R 1
12 11 0 L 1
11 2 0 R 1
10 3 0 D 1
8 5 0 D 1
13 3 0 R 1
12 10 0 L 1
11 3 0 R 1
9 5 0 D 1
13 4 0 U 1
12 9 0 L 1
11 4 0 D 1
12 8 0 L 1
12 4 0 R 1
12 7 0 L 1
12 6 0 U 1
11 6 0 U 1
10 6 0 L 1
12 5 0 U 1
11 5 0 U 1
2 0 0 D 1
3 0 0 D 1
4 0 0 D 1
5 0 0 D 1
6 0 0 D 1
7 0 0 D 1
12 2 0 U 1
8 0 0 R 1
11 2 0 U 1
9 8 0 L 1
8 1 0 R 1
10 2 0 R 1
9 7 0 L 1
8 2 0 R 1
10 3 0 U 1
9 6 0 L 1
8 3 0 D 1
9 5 0 L 1
9 3 0 R 1
9 4 0 D 1
