10 14 0 D 1
7 1 0 R 1
7 2 1 D 2
9 10 0 U 1
8 10 1 L 2
10 6 0 R 1
9 14 0 D 1
10 14 0 D 1
11 14 0 D 1
13 14 0 U 1
12 14 0 L 1
12 13 5 L 6
12 13 0 L 1
11 12 0 D 1
14 3 0 L 1
13 12 0 U 1
14 10 0 U 1
12 12 0 L 1
14 0 0 U 1
14 2 0 U 1
12 11 0 L 1
13 2 0 L 1
13 1 0 L 1
13 0 0 U 1
13 10 0 L 1
12 0 0 U 1
13 9 1 U 2
0 14 0 D 1
12 10 1 U 1
12 10 0 L 1
11 10 1 U 1
12 9 0 U 1
11 10 0 L 1
11 0 0 U 1
10 10 1 R 1
10 11 0 U 1
1 13 0 R 1
1 14 0 D 1
2 14 1 L 2
14 7 0 U 1
10 0 0 U 1
9 0 0 R 1
9 1 0 U 1
8 1 0 U 1
7 2 0 L 1
7 1 0 U 1
6 1 0 R 1
6 2 2 U 3
11 9 0 U 1
13 6 0 L 1
13 5 0 U 1
12 5 0 L 1
12 4 0 U 1
11 4 1 U 2
13 7 1 U 2
6 11 0 L 1
6 10 0 D 1
9 11 0 L 1
9 10 1 U 1
0 9 0 R 1
7 9 0 R 1
7 10 0 L 1
9 10 0 L 1
10 9 1 U 2
6 12 0 U 1
5 12 0 L 1
5 11 1 U 1
8 0 0 U 1
2 12 1 L 2
11 4 0 L 1
11 3 0 U 1
10 3 1 U 1
11 7 0 U 1
0 10 0 D 1
1 10 1 D 2
7 9 1 D 1
8 10 2 L 2
9 9 0 L 1
9 8 1 L 1
7 0 0 U 1
10 7 2 U 3
4 11 0 L 1
1 10 0 D 1
8 8 0 L 1
8 7 7 U 6
8 10 1 L 2
8 9 1 L 1
7 9 0 D 1
4 10 1 U 1
9 3 0 R 1
9 4 3 D 4
6 0 0 U 1
9 7 0 U 1
2 10 0 D 1
5 0 0 R 1
1 2 0 U 1
9 4 1 U 2
8 7 2 U 1
8 8 2 L 1
8 9 0 L 1
3 10 2 L 3
0 2 0 R 1
7 7 0 U 1
8 7 0 U 1
8 8 0 L 1
5 2 0 L 1
5 1 0 U 1
7 3 0 R 1
7 4 0 U 1
6 4 1 U 2
4 1 0 U 1
0 3 0 R 1
3 8 0 L 1
6 7 0 U 1
7 7 0 U 1
8 7 0 U 1
1 6 0 L 1
0 5 0 L 1
0 4 0 D 1
1 4 1 D 2
3 1 1 R 2
2 0 0 R 1
2 1 0 D 1
3 1 2 R 3
1 5 0 L 1
5 7 1 U 1
6 7 1 U 1
7 7 0 U 1
5 7 1 L 1
5 8 0 L 1
6 7 0 U 1
1 4 1 D 2
5 6 1 U 1
5 7 0 L 1
3 1 1 R 1
3 2 6 D 6
3 1 0 R 1
3 2 6 D 6
3 3 1 R 2
3 2 0 R 1
4 4 0 U 1
4 6 0 L 1
4 7 0 L 1
3 7 0 D 1
2 8 0 D 1
3 8 0 L 1
3 7 0 D 1
4 7 5 D 5
3 3 1 R 2
4 5 1 U 1
4 6 1 L 1
4 7 0 L 1
5 6 6 U 1
4 5 1 U 1
4 6 1 L 1
5 6 1 U 1
4 5 1 U 1
4 6 0 L 1
3 4 1 R 1
4 5 0 U 1
3 4 0 R 1
1 11 0 D 1
2 11 0 L 1
2 10 0 D 1
3 10 3 D 1
9 2 1 D 2
4 10 0 R 1
4 11 1 D 2
11 2 1 R 2
4 11 0 D 1
5 11 0 D 1
6 11 0 D 1
7 11 0 L 1
7 10 1 D 2
11 5 0 L 1
11 4 0 D 1
12 4 0 R 1
12 5 0 D 1
13 5 0 R 1
13 6 3 R 4
12 6 0 D 1
9 10 0 D 1
13 6 0 R 1
10 10 1 L 1
10 9 0 D 1
13 7 1 R 2
11 9 0 D 1
12 9 0 D 1
13 9 1 R 2
14 12 0 U 1
13 12 0 L 1
13 11 7 L 6
13 11 0 R 1
13 12 0 R 1
1 4 0 R 1
8 12 0 R 1
8 13 0 U 1
7 13 0 U 1
12 3 0 U 1
6 13 0 L 1
5 14 0 U 1
4 14 0 U 1
6 12 0 U 1
11 3 0 U 1
3 14 0 U 1
10 2 0 R 1
10 3 0 U 1
9 3 1 R 1
5 12 0 L 1
2 14 1 L 2
5 11 0 U 1
10 4 0 U 1
4 11 0 L 1
9 4 0 U 1
8 4 0 U 1
7 4 1 U 2
6 2 0 U 1
2 12 0 L 1
2 11 0 L 1
2 10 1 L 2
4 10 0 U 1
5 2 0 U 1
3 10 3 L 3
4 2 0 U 1
3 2 0 R 1
5 4 0 U 1
2 8 0 L 1
3 7 0 U 1
3 3 0 R 1
3 4 2 D 3
4 4 0 U 1
3 4 0 U 1
2 7 0 L 1
2 4 0 U 1
2 6 0 U 1
1 4 0 R 1
1 6 0 L 1
2 14 0 D 1
3 14 0 D 1
6 4 0 D 1
8 2 0 D 1
2 10 0 D 1
4 14 0 D 1
5 6 0 R 1
9 2 0 D 1
10 2 0 D 1
11 2 2 R 3
3 10 0 D 1
7 4 1 D 2
5 14 0 D 1
6 14 0 D 1
4 10 0 R 1
5 7 0 D 1
4 11 0 D 1
6 7 0 D 1
9 3 0 R 1
9 4 0 D 1
10 4 1 D 2
7 14 0 L 1
7 7 0 D 1
5 11 0 D 1
7 13 0 D 1
8 7 0 D 1
8 13 0 L 1
6 11 0 D 1
7 11 0 L 1
12 4 0 D 1
11 5 0 D 1
8 12 0 D 1
9 8 0 L 1
9 7 0 D 1
7 10 0 D 1
13 4 0 R 1
12 5 0 D 1
10 7 0 D 1
9 12 0 L 1
11 7 0 D 1
13 5 1 R 2
9 11 0 D 1
8 10 1 D 2
10 11 0 L 1
12 7 1 D 2
10 10 0 D 1
13 7 1 R 2
14 7 0 R 1
11 10 0 D 1
12 10 1 D 1
13 9 0 D 1
12 10 0 R 1
14 8 3 R 1
13 10 0 D 1
12 11 0 D 1
13 11 0 D 1
14 10 1 R 1
14 9 1 R 1
14 8 0 R 1
14 10 1 R 1
14 9 0 R 1
14 10 0 R 1
11 2 0 L 1
11 1 0 L 1
13 7 0 U 1
12 7 0 U 1
13 5 0 U 1
8 10 0 L 1
11 7 0 U 1
10 7 0 U 1
8 9 0 L 1
12 5 0 U 1
8 8 0 L 1
9 7 0 U 1
11 5 0 L 1
11 4 0 U 1
8 7 0 U 1
7 7 0 U 1
10 4 0 U 1
9 4 0 U 1
6 7 0 U 1
8 4 0 U 1
5 7 0 U 1
7 4 0 U 1
4 7 0 U 1
3 7 0 U 1
6 4 0 U 1
2 7 0 L 1
5 4 0 U 1
2 6 0 U 1
4 4 0 U 1
3 4 0 U 1
1 6 0 L 1
1 5 0 U 1
2 4 0 U 1
1 4 0 U 1
0 5 0 L 1
