8 6 0 R 1
0 13 0 L 1
0 12 1 D 2
7 7 0 D 1
11 13 0 D 1
12 13 0 L 1
12 12 0 L 1
12 11 1 L 2
12 11 0 L 1
12 9 0 R 1
12 10 0 U 1
11 10 0 L 1
11 9 0 L 1
11 8 0 L 1
11 7 2 L 3
11 7 0 U 1
10 7 0 U 1
9 7 2 U 3
9 6 0 R 1
9 7 0 U 1
8 7 3 U 1
7 7 0 U 1
6 7 1 U 1
4 7 0 D 1
5 7 0 L 1
5 6 1 L 2
5 4 1 L 2
6 2 0 U 1
5 2 0 L 1
5 1 1 L 1
5 0 1 U 2
3 0 1 R 2
3 2 0 U 1
2 2 0 U 1
0 3 0 D 1
1 3 0 D 1
0 1 0 L 1
2 3 0 L 1
2 2 0 D 1
0 0 0 D 1
1 12 0 D 1
1 0 0 D 1
3 2 0 L 1
2 0 0 D 1
2 12 0 D 1
3 12 0 D 1
4 12 1 D 2
3 1 0 L 1
3 0 0 D 1
4 0 2 D 2
4 0 0 D 1
6 13 0 L 1
6 12 1 U 1
5 12 1 L 2
10 4 0 U 1
5 0 1 R 2
9 5 0 L 1
9 4 0 U 1
8 4 0 U 1
5 10 1 L 1
5 2 0 R 1
7 4 0 U 1
6 4 0 U 1
5 9 0 D 1
5 3 0 R 1
5 4 0 R 1
5 5 0 R 1
5 6 0 R 1
5 7 5 D 6
7 9 0 U 1
6 9 0 L 1
6 8 1 L 1
6 7 1 U 1
5 0 0 D 1
6 0 0 R 1
6 1 1 D 2
0 9 0 D 1
1 9 0 R 1
1 10 1 D 1
2 10 1 R 2
0 12 0 D 1
7 1 0 D 1
8 1 0 R 1
1 12 0 D 1
2 11 0 R 1
2 12 0 D 1
3 12 1 D 2
8 2 0 D 1
13 0 0 U 1
12 0 0 R 1
12 1 0 R 1
12 2 0 R 1
12 3 1 U 1
9 2 0 R 1
4 12 0 R 1
4 13 0 D 1
5 13 0 D 1
6 13 1 L 2
9 3 0 D 1
10 3 0 D 1
5 12 0 D 1
6 13 0 L 1
11 3 0 R 1
6 11 0 R 1
6 12 0 D 1
7 12 0 D 1
8 12 0 L 1
8 11 0 L 1
8 10 0 D 1
9 10 0 D 1
10 10 0 D 1
11 10 0 D 1
12 10 5 R 3
11 4 1 R 2
8 7 0 D 1
10 5 0 D 1
9 7 0 D 1
11 5 0 R 1
13 6 0 U 1
10 7 0 D 1
11 6 0 D 1
11 7 0 D 1
12 6 5 R 1
12 7 0 R 1
12 6 0 R 1
10 11 0 L 1
10 10 0 D 1
12 8 0 R 1
12 7 0 R 1
11 10 0 D 1
12 9 1 R 1
12 8 0 R 1
13 9 0 U 1
12 9 6 U 6
12 9 0 R 1
6 1 0 U 1
5 1 0 R 1
5 2 0 R 1
5 3 0 R 1
5 4 0 R 1
10 8 0 U 1
5 5 0 R 1
9 8 0 U 1
5 6 0 R 1
8 8 0 R 1
5 7 0 D 1
8 9 0 U 1
6 7 0 R 1
6 8 0 R 1
7 9 0 U 1
6 9 0 U 1
5 9 0 R 1
5 10 0 R 1
5 11 6 U 1
3 12 0 D 1
4 12 0 D 1
5 11 0 R 1
12 3 0 D 1
13 4 0 L 1
2 10 0 U 1
1 10 0 L 1
1 9 0 L 1
1 8 0 L 1
1 7 0 L 1
1 6 0 D 1
2 6 0 D 1
3 5 0 R 1
3 6 0 D 1
4 6 0 D 1
5 6 0 L 1
5 5 0 D 1
6 5 0 D 1
7 5 0 D 1
8 5 0 D 1
9 5 0 D 1
10 5 0 D 1
11 5 0 L 1
11 4 0 D 1
12 4 0 D 1
13 4 0 L 1
