11 8 0 L 1
11 7 1 U 2
4 4 0 D 1
5 4 1 R 2
14 1 0 U 1
13 1 0 U 1
12 1 1 U 2
12 2 0 L 1
12 1 0 U 1
11 1 0 R 1
11 2 0 R 1
11 3 0 U 1
10 3 1 U 2
13 11 0 U 1
0 15 0 D 1
12 11 0 U 1
11 12 0 L 1
11 11 0 U 1
10 11 0 U 1
9 11 0 U 1
8 11 0 L 1
8 10 0 L 1
8 9 0 L 1
1 15 0 D 1
0 1 0 D 1
3 15 0 D 1
4 15 0 L 1
4 14 1 L 2
10 3 0 U 1
2 15 0 L 1
1 1 0 L 1
1 0 0 D 1
2 14 0 L 1
9 3 0 R 1
9 4 1 R 2
2 0 0 D 1
3 0 0 R 1
2 13 0 L 1
9 5 0 L 1
9 4 0 U 1
8 4 1 U 2
2 12 0 D 1
3 1 0 R 1
4 12 0 U 1
3 2 1 R 2
3 12 0 L 1
9 7 1 U 2
3 3 0 R 1
8 7 0 R 1
8 8 0 U 1
7 8 1 U 2
0 9 0 L 1
0 8 0 D 1
1 8 0 D 1
2 8 0 D 1
3 8 0 L 1
3 7 0 D 1
4 11 0 U 1
3 11 0 L 1
3 10 1 L 2
6 4 0 R 1
6 5 0 U 1
5 5 1 R 2
3 4 0 D 1
5 4 0 U 1
4 4 0 R 1
4 5 0 R 1
4 6 4 U 3
7 7 1 U 2
6 7 0 U 1
5 8 0 L 1
3 8 0 L 1
5 5 0 R 1
5 6 1 R 1
5 7 6 U 4
5 7 0 U 1
4 6 0 R 1
3 7 0 D 1
8 14 0 D 1
9 14 0 L 1
14 9 0 R 1
14 10 0 U 1
13 10 2 U 3
10 13 0 U 1
9 13 0 L 1
9 12 0 L 1
9 11 0 L 1
10 10 0 U 1
9 10 0 L 1
9 9 0 L 1
9 8 1 L 2
9 6 2 L 3
9 2 0 R 1
9 3 0 D 1
10 3 1 L 2
10 1 0 R 1
10 2 2 U 3
15 1 0 L 1
15 0 0 U 1
14 0 0 R 1
14 1 0 U 1
13 1 0 U 1
12 1 0 U 1
11 1 0 U 1
10 1 1 U 2
10 0 0 R 1
10 1 0 U 1
9 1 1 R 1
9 2 0 U 1
8 2 0 R 1
8 3 0 R 1
8 4 2 U 3
7 2 0 R 1
7 3 0 U 1
6 3 0 U 1
5 3 1 R 2
11 7 0 U 1
10 7 0 U 1
7 4 0 U 1
5 3 0 R 1
9 7 1 U 2
6 4 0 U 1
15 15 0 U 1
5 5 0 L 1
5 4 0 U 1
4 4 0 U 1
3 4 0 U 1
2 4 0 U 1
1 4 0 R 1
1 5 0 R 1
1 6 7 R 8
14 15 0 U 1
13 15 0 U 1
12 15 0 U 1
11 15 0 U 1
10 15 0 U 1
9 15 0 U 1
8 15 0 L 1
8 14 1 L 2
7 7 1 U 2
5 6 0 R 1
5 7 0 U 1
4 7 2 U 3
1 6 1 R 1
8 14 0 U 1
3 9 0 R 1
1 7 0 R 1
1 6 0 R 1
3 10 1 U 2
1 8 0 R 1
1 7 0 R 1
7 14 1 U 2
1 9 1 R 1
1 8 0 R 1
1 10 0 R 1
1 9 0 R 1
5 14 0 U 1
1 11 0 U 1
2 10 0 U 1
1 10 0 R 1
1 11 0 R 1
1 12 0 R 1
1 13 1 U 1
4 14 1 U 2
0 11 0 R 1
2 14 0 U 1
0 12 3 R 1
1 14 1 U 1
0 13 0 R 1
0 14 7 D 8
0 12 0 R 1
0 13 0 R 1
13 0 0 U 1
12 0 0 U 1
11 0 0 U 1
10 0 0 U 1
9 0 0 U 1
8 0 0 R 1
8 1 0 R 1
8 2 0 R 1
8 3 2 D 3
10 12 0 U 1
12 6 0 U 1
9 12 0 U 1
4 7 0 D 1
11 6 0 U 1
8 3 0 R 1
8 12 0 L 1
5 7 0 D 1
10 6 0 U 1
8 4 0 R 1
6 7 0 D 1
8 5 1 R 2
8 11 0 L 1
9 6 2 R 2
8 10 0 L 1
7 7 0 D 1
9 8 1 U 1
8 6 0 R 1
8 7 7 R 7
8 9 0 L 1
8 5 0 R 1
8 6 0 R 1
8 7 7 R 7
9 7 0 U 1
8 7 7 R 7
7 8 0 D 1
8 8 0 L 1
8 7 7 R 7
8 7 0 R 1
3 10 0 D 1
4 9 0 R 1
4 10 0 D 1
5 10 0 D 1
6 10 0 D 1
7 10 0 D 1
8 10 0 D 1
9 10 0 D 1
10 10 1 D 2
9 6 0 D 1
10 6 0 D 1
11 6 0 R 1
11 7 0 R 1
11 8 0 D 1
12 8 1 D 2
10 10 0 D 1
9 8 0 D 1
11 10 0 D 1
12 10 2 L 2
10 8 0 D 1
11 8 0 D 1
1 14 0 R 1
7 14 0 U 1
6 14 1 U 2
4 14 1 U 2
2 14 0 U 1
1 14 0 R 1
1 2 0 D 1
2 2 0 D 1
3 2 0 D 1
4 2 0 D 1
5 2 0 D 1
6 2 0 D 1
7 2 0 D 1
8 2 0 D 1
9 1 0 R 1
9 2 0 R 1
9 3 3 D 4
9 3 0 D 1
10 3 0 D 1
1 13 0 D 1
11 3 0 D 1
12 4 0 L 1
12 3 0 D 1
2 13 0 R 1
2 14 0 D 1
13 3 0 R 1
13 4 0 D 1
3 14 0 D 1
4 14 0 D 1
14 5 0 L 1
14 4 0 D 1
5 14 0 D 1
15 4 0 R 1
15 5 0 R 1
6 14 0 D 1
7 14 0 D 1
12 10 0 L 1
12 9 0 D 1
15 6 0 R 1
13 10 1 L 1
13 9 0 D 1
15 7 0 R 1
8 14 0 D 1
14 8 0 D 1
9 14 0 D 1
14 9 0 D 1
15 8 5 R 1
15 9 1 R 1
15 8 0 R 1
10 14 0 D 1
15 10 0 R 1
15 9 0 R 1
11 14 0 D 1
15 11 0 R 1
15 10 0 R 1
12 14 0 D 1
15 12 0 R 1
15 11 0 R 1
13 14 0 D 1
14 14 1 D 1
14 14 0 D 1
15 13 1 R 1
15 12 0 R 1
15 13 0 R 1
13 10 0 L 1
13 9 0 L 1
13 8 0 L 1
13 7 0 L 1
13 6 0 L 1
13 5 0 L 1
