q 28 2 8 2 9 2 10 2 11 3 8 3 9 3 10 3 11 4 8 4 9 4 10 4 11 5 8 5 9 5 10 5 11 6 8 6 9 6 10 6 11 7 8 7 9 7 10 7 11 8 8 8 9 8 10 8 11
q 45 5 1 5 2 5 3 5 4 5 5 6 1 6 2 6 3 6 4 6 5 7 1 7 2 7 3 7 4 7 5 8 1 8 2 8 3 8 4 8 5 9 1 9 2 9 3 9 4 9 5 10 1 10 2 10 3 10 4 10 5 11 1 11 2 11 3 11 4 11 5 12 1 12 2 12 3 12 4 12 5 13 1 13 2 13 3 13 4 13 5
q 30 1 10 1 11 1 12 2 10 2 11 2 12 3 10 3 11 3 12 4 10 4 11 4 12 5 10 5 11 5 12 6 10 6 11 6 12 7 10 7 11 7 12 8 10 8 11 8 12 9 10 9 11 9 12 10 10 10 11 10 12
q 48 10 2 10 3 10 4 10 5 10 6 10 7 10 8 10 9 10 10 10 11 10 12 10 13 11 2 11 3 11 4 11 5 11 6 11 7 11 8 11 9 11 10 11 11 11 12 11 13 12 2 12 3 12 4 12 5 12 6 12 7 12 8 12 9 12 10 12 11 12 12 12 13 13 2 13 3 13 4 13 5 13 6 13 7 13 8 13 9 13 10 13 11 13 12 13 13
q 42 3 7 3 8 3 9 3 10 3 11 3 12 4 7 4 8 4 9 4 10 4 11 4 12 5 7 5 8 5 9 5 10 5 11 5 12 6 7 6 8 6 9 6 10 6 11 6 12 7 7 7 8 7 9 7 10 7 11 7 12 8 7 8 8 8 9 8 10 8 11 8 12 9 7 9 8 9 9 9 10 9 11 9 12
q 50 7 2 7 3 7 4 7 5 7 6 7 7 7 8 7 9 7 10 7 11 8 2 8 3 8 4 8 5 8 6 8 7 8 8 8 9 8 10 8 11 9 2 9 3 9 4 9 5 9 6 9 7 9 8 9 9 9 10 9 11 10 2 10 3 10 4 10 5 10 6 10 7 10 8 10 9 10 10 10 11 11 2 11 3 11 4 11 5 11 6 11 7 11 8 11 9 11 10 11 11
q 30 8 0 8 1 8 2 8 3 8 4 8 5 8 6 8 7 8 8 8 9 8 10 8 11 8 12 8 13 8 14 9 0 9 1 9 2 9 3 9 4 9 5 9 6 9 7 9 8 9 9 9 10 9 11 9 12 9 13 9 14
q 42 8 0 8 1 8 2 8 3 8 4 8 5 8 6 8 7 8 8 8 9 8 10 8 11 8 12 8 13 9 0 9 1 9 2 9 3 9 4 9 5 9 6 9 7 9 8 9 9 9 10 9 11 9 12 9 13 10 0 10 1 10 2 10 3 10 4 10 5 10 6 10 7 10 8 10 9 10 10 10 11 10 12 10 13
q 44 0 2 0 3 0 4 0 5 1 2 1 3 1 4 1 5 2 2 2 3 2 4 2 5 3 2 3 3 3 4 3 5 4 2 4 3 4 4 4 5 5 2 5 3 5 4 5 5 6 2 6 3 6 4 6 5 7 2 7 3 7 4 7 5 8 2 8 3 8 4 8 5 9 2 9 3 9 4 9 5 10 2 10 3 10 4 10 5
q 36 2 3 2 4 2 5 3 3 3 4 3 5 4 3 4 4 4 5 5 3 5 4 5 5 6 3 6 4 6 5 7 3 7 4 7 5 8 3 8 4 8 5 9 3 9 4 9 5 10 3 10 4 10 5 11 3 11 4 11 5 12 3 12 4 12 5 13 3 13 4 13 5
q 32 3 7 3 8 3 9 3 10 4 7 4 8 4 9 4 10 5 7 5 8 5 9 5 10 6 7 6 8 6 9 6 10 7 7 7 8 7 9 7 10 8 7 8 8 8 9 8 10 9 7 9 8 9 9 9 10 10 7 10 8 10 9 10 10
q 35 7 5 7 6 7 7 7 8 7 9 7 10 7 11 8 5 8 6 8 7 8 8 8 9 8 10 8 11 9 5 9 6 9 7 9 8 9 9 9 10 9 11 10 5 10 6 10 7 10 8 10 9 10 10 10 11 11 5 11 6 11 7 11 8 11 9 11 10 11 11
q 54 5 9 5 10 5 11 5 12 5 13 5 14 6 9 6 10 6 11 6 12 6 13 6 14 7 9 7 10 7 11 7 12 7 13 7 14 8 9 8 10 8 11 8 12 8 13 8 14 9 9 9 10 9 11 9 12 9 13 9 14 10 9 10 10 10 11 10 12 10 13 10 14 11 9 11 10 11 11 11 12 11 13 11 14 12 9 12 10 12 11 12 12 12 13 12 14 13 9 13 10 13 11 13 12 13 13 13 14
q 60 5 1 5 2 5 3 5 4 5 5 5 6 5 7 5 8 5 9 5 10 6 1 6 2 6 3 6 4 6 5 6 6 6 7 6 8 6 9 6 10 7 1 7 2 7 3 7 4 7 5 7 6 7 7 7 8 7 9 7 10 8 1 8 2 8 3 8 4 8 5 8 6 8 7 8 8 8 9 8 10 9 1 9 2 9 3 9 4 9 5 9 6 9 7 9 8 9 9 9 10 10 1 10 2 10 3 10 4 10 5 10 6 10 7 10 8 10 9 10 10
q 60 4 0 4 1 4 2 4 3 4 4 4 5 4 6 4 7 4 8 4 9 4 10 4 11 4 12 4 13 4 14 5 0 5 1 5 2 5 3 5 4 5 5 5 6 5 7 5 8 5 9 5 10 5 11 5 12 5 13 5 14 6 0 6 1 6 2 6 3 6 4 6 5 6 6 6 7 6 8 6 9 6 10 6 11 6 12 6 13 6 14 7 0 7 1 7 2 7 3 7 4 7 5 7 6 7 7 7 8 7 9 7 10 7 11 7 12 7 13 7 14
q 30 6 7 6 8 6 9 6 10 6 11 6 12 7 7 7 8 7 9 7 10 7 11 7 12 8 7 8 8 8 9 8 10 8 11 8 12 9 7 9 8 9 9 9 10 9 11 9 12 10 7 10 8 10 9 10 10 10 11 10 12
q 64 2 3 2 4 2 5 2 6 2 7 2 8 2 9 2 10 3 3 3 4 3 5 3 6 3 7 3 8 3 9 3 10 4 3 4 4 4 5 4 6 4 7 4 8 4 9 4 10 5 3 5 4 5 5 5 6 5 7 5 8 5 9 5 10 6 3 6 4 6 5 6 6 6 7 6 8 6 9 6 10 7 3 7 4 7 5 7 6 7 7 7 8 7 9 7 10 8 3 8 4 8 5 8 6 8 7 8 8 8 9 8 10 9 3 9 4 9 5 9 6 9 7 9 8 9 9 9 10
q 30 8 1 8 2 8 3 8 4 8 5 8 6 9 1 9 2 9 3 9 4 9 5 9 6 10 1 10 2 10 3 10 4 10 5 10 6 11 1 11 2 11 3 11 4 11 5 11 6 12 1 12 2 12 3 12 4 12 5 12 6
q 45 0 4 0 5 0 6 1 4 1 5 1 6 2 4 2 5 2 6 3 4 3 5 3 6 4 4 4 5 4 6 5 4 5 5 5 6 6 4 6 5 6 6 7 4 7 5 7 6 8 4 8 5 8 6 9 4 9 5 9 6 10 4 10 5 10 6 11 4 11 5 11 6 12 4 12 5 12 6 13 4 13 5 13 6 14 4 14 5 14 6
q 54 5 0 5 1 5 2 5 3 5 4 5 5 5 6 5 7 5 8 6 0 6 1 6 2 6 3 6 4 6 5 6 6 6 7 6 8 7 0 7 1 7 2 7 3 7 4 7 5 7 6 7 7 7 8 8 0 8 1 8 2 8 3 8 4 8 5 8 6 8 7 8 8 9 0 9 1 9 2 9 3 9 4 9 5 9 6 9 7 9 8 10 0 10 1 10 2 10 3 10 4 10 5 10 6 10 7 10 8
q 35 8 8 8 9 8 10 8 11 8 12 9 8 9 9 9 10 9 11 9 12 10 8 10 9 10 10 10 11 10 12 11 8 11 9 11 10 11 11 11 12 12 8 12 9 12 10 12 11 12 12 13 8 13 9 13 10 13 11 13 12 14 8 14 9 14 10 14 11 14 12
q 26 1 5 1 6 2 5 2 6 3 5 3 6 4 5 4 6 5 5 5 6 6 5 6 6 7 5 7 6 8 5 8 6 9 5 9 6 10 5 10 6 11 5 11 6 12 5 12 6 13 5 13 6
q 45 1 2 1 3 1 4 1 5 1 6 1 7 1 8 1 9 1 10 2 2 2 3 2 4 2 5 2 6 2 7 2 8 2 9 2 10 3 2 3 3 3 4 3 5 3 6 3 7 3 8 3 9 3 10 4 2 4 3 4 4 4 5 4 6 4 7 4 8 4 9 4 10 5 2 5 3 5 4 5 5 5 6 5 7 5 8 5 9 5 10
q 40 3 2 3 3 3 4 3 5 3 6 3 7 3 8 3 9 4 2 4 3 4 4 4 5 4 6 4 7 4 8 4 9 5 2 5 3 5 4 5 5 5 6 5 7 5 8 5 9 6 2 6 3 6 4 6 5 6 6 6 7 6 8 6 9 7 2 7 3 7 4 7 5 7 6 7 7 7 8 7 9
q 33 4 0 4 1 4 2 5 0 5 1 5 2 6 0 6 1 6 2 7 0 7 1 7 2 8 0 8 1 8 2 9 0 9 1 9 2 10 0 10 1 10 2 11 0 11 1 11 2 12 0 12 1 12 2 13 0 13 1 13 2 14 0 14 1 14 2
q 48 6 3 6 4 6 5 6 6 6 7 6 8 6 9 6 10 6 11 6 12 6 13 6 14 7 3 7 4 7 5 7 6 7 7 7 8 7 9 7 10 7 11 7 12 7 13 7 14 8 3 8 4 8 5 8 6 8 7 8 8 8 9 8 10 8 11 8 12 8 13 8 14 9 3 9 4 9 5 9 6 9 7 9 8 9 9 9 10 9 11 9 12 9 13 9 14
q 63 4 6 4 7 4 8 4 9 4 10 4 11 4 12 4 13 4 14 5 6 5 7 5 8 5 9 5 10 5 11 5 12 5 13 5 14 6 6 6 7 6 8 6 9 6 10 6 11 6 12 6 13 6 14 7 6 7 7 7 8 7 9 7 10 7 11 7 12 7 13 7 14 8 6 8 7 8 8 8 9 8 10 8 11 8 12 8 13 8 14 9 6 9 7 9 8 9 9 9 10 9 11 9 12 9 13 9 14 10 6 10 7 10 8 10 9 10 10 10 11 10 12 10 13 10 14
q 27 12 5 12 6 12 7 12 8 12 9 12 10 12 11 12 12 12 13 13 5 13 6 13 7 13 8 13 9 13 10 13 11 13 12 13 13 14 5 14 6 14 7 14 8 14 9 14 10 14 11 14 12 14 13
q 48 3 2 3 3 3 4 3 5 3 6 3 7 3 8 3 9 4 2 4 3 4 4 4 5 4 6 4 7 4 8 4 9 5 2 5 3 5 4 5 5 5 6 5 7 5 8 5 9 6 2 6 3 6 4 6 5 6 6 6 7 6 8 6 9 7 2 7 3 7 4 7 5 7 6 7 7 7 8 7 9 8 2 8 3 8 4 8 5 8 6 8 7 8 8 8 9
q 28 12 0 12 1 12 2 12 3 12 4 12 5 12 6 12 7 12 8 12 9 12 10 12 11 12 12 12 13 13 0 13 1 13 2 13 3 13 4 13 5 13 6 13 7 13 8 13 9 13 10 13 11 13 12 13 13
q 33 9 2 9 3 9 4 9 5 9 6 9 7 9 8 9 9 9 10 9 11 9 12 10 2 10 3 10 4 10 5 10 6 10 7 10 8 10 9 10 10 10 11 10 12 11 2 11 3 11 4 11 5 11 6 11 7 11 8 11 9 11 10 11 11 11 12
q 27 5 10 5 11 5 12 6 10 6 11 6 12 7 10 7 11 7 12 8 10 8 11 8 12 9 10 9 11 9 12 10 10 10 11 10 12 11 10 11 11 11 12 12 10 12 11 12 12 13 10 13 11 13 12
q 64 1 4 1 5 1 6 1 7 1 8 1 9 1 10 1 11 2 4 2 5 2 6 2 7 2 8 2 9 2 10 2 11 3 4 3 5 3 6 3 7 3 8 3 9 3 10 3 11 4 4 4 5 4 6 4 7 4 8 4 9 4 10 4 11 5 4 5 5 5 6 5 7 5 8 5 9 5 10 5 11 6 4 6 5 6 6 6 7 6 8 6 9 6 10 6 11 7 4 7 5 7 6 7 7 7 8 7 9 7 10 7 11 8 4 8 5 8 6 8 7 8 8 8 9 8 10 8 11
q 39 9 2 9 3 9 4 9 5 9 6 9 7 9 8 9 9 9 10 9 11 9 12 9 13 9 14 10 2 10 3 10 4 10 5 10 6 10 7 10 8 10 9 10 10 10 11 10 12 10 13 10 14 11 2 11 3 11 4 11 5 11 6 11 7 11 8 11 9 11 10 11 11 11 12 11 13 11 14
q 28 0 9 0 10 0 11 0 12 1 9 1 10 1 11 1 12 2 9 2 10 2 11 2 12 3 9 3 10 3 11 3 12 4 9 4 10 4 11 4 12 5 9 5 10 5 11 5 12 6 9 6 10 6 11 6 12
q 60 2 0 2 1 2 2 2 3 2 4 2 5 2 6 2 7 2 8 2 9 2 10 2 11 2 12 2 13 2 14 3 0 3 1 3 2 3 3 3 4 3 5 3 6 3 7 3 8 3 9 3 10 3 11 3 12 3 13 3 14 4 0 4 1 4 2 4 3 4 4 4 5 4 6 4 7 4 8 4 9 4 10 4 11 4 12 4 13 4 14 5 0 5 1 5 2 5 3 5 4 5 5 5 6 5 7 5 8 5 9 5 10 5 11 5 12 5 13 5 14
q 26 0 7 0 8 1 7 1 8 2 7 2 8 3 7 3 8 4 7 4 8 5 7 5 8 6 7 6 8 7 7 7 8 8 7 8 8 9 7 9 8 10 7 10 8 11 7 11 8 12 7 12 8
q 33 0 9 0 10 0 11 1 9 1 10 1 11 2 9 2 10 2 11 3 9 3 10 3 11 4 9 4 10 4 11 5 9 5 10 5 11 6 9 6 10 6 11 7 9 7 10 7 11 8 9 8 10 8 11 9 9 9 10 9 11 10 9 10 10 10 11
q 49 6 0 6 1 6 2 6 3 6 4 6 5 6 6 7 0 7 1 7 2 7 3 7 4 7 5 7 6 8 0 8 1 8 2 8 3 8 4 8 5 8 6 9 0 9 1 9 2 9 3 9 4 9 5 9 6 10 0 10 1 10 2 10 3 10 4 10 5 10 6 11 0 11 1 11 2 11 3 11 4 11 5 11 6 12 0 12 1 12 2 12 3 12 4 12 5 12 6
q 60 0 3 0 4 0 5 0 6 0 7 0 8 0 9 0 10 0 11 0 12 0 13 0 14 1 3 1 4 1 5 1 6 1 7 1 8 1 9 1 10 1 11 1 12 1 13 1 14 2 3 2 4 2 5 2 6 2 7 2 8 2 9 2 10 2 11 2 12 2 13 2 14 3 3 3 4 3 5 3 6 3 7 3 8 3 9 3 10 3 11 3 12 3 13 3 14 4 3 4 4 4 5 4 6 4 7 4 8 4 9 4 10 4 11 4 12 4 13 4 14
q 30 3 5 3 6 3 7 3 8 3 9 3 10 4 5 4 6 4 7 4 8 4 9 4 10 5 5 5 6 5 7 5 8 5 9 5 10 6 5 6 6 6 7 6 8 6 9 6 10 7 5 7 6 7 7 7 8 7 9 7 10
q 52 0 11 0 12 0 13 0 14 1 11 1 12 1 13 1 14 2 11 2 12 2 13 2 14 3 11 3 12 3 13 3 14 4 11 4 12 4 13 4 14 5 11 5 12 5 13 5 14 6 11 6 12 6 13 6 14 7 11 7 12 7 13 7 14 8 11 8 12 8 13 8 14 9 11 9 12 9 13 9 14 10 11 10 12 10 13 10 14 11 11 11 12 11 13 11 14 12 11 12 12 12 13 12 14
q 42 5 7 5 8 5 9 5 10 5 11 5 12 6 7 6 8 6 9 6 10 6 11 6 12 7 7 7 8 7 9 7 10 7 11 7 12 8 7 8 8 8 9 8 10 8 11 8 12 9 7 9 8 9 9 9 10 9 11 9 12 10 7 10 8 10 9 10 10 10 11 10 12 11 7 11 8 11 9 11 10 11 11 11 12
q 48 1 1 1 2 1 3 1 4 1 5 1 6 1 7 1 8 1 9 1 10 1 11 1 12 2 1 2 2 2 3 2 4 2 5 2 6 2 7 2 8 2 9 2 10 2 11 2 12 3 1 3 2 3 3 3 4 3 5 3 6 3 7 3 8 3 9 3 10 3 11 3 12 4 1 4 2 4 3 4 4 4 5 4 6 4 7 4 8 4 9 4 10 4 11 4 12
q 39 0 11 0 12 0 13 1 11 1 12 1 13 2 11 2 12 2 13 3 11 3 12 3 13 4 11 4 12 4 13 5 11 5 12 5 13 6 11 6 12 6 13 7 11 7 12 7 13 8 11 8 12 8 13 9 11 9 12 9 13 10 11 10 12 10 13 11 11 11 12 11 13 12 11 12 12 12 13
q 35 4 5 4 6 4 7 4 8 4 9 5 5 5 6 5 7 5 8 5 9 6 5 6 6 6 7 6 8 6 9 7 5 7 6 7 7 7 8 7 9 8 5 8 6 8 7 8 8 8 9 9 5 9 6 9 7 9 8 9 9 10 5 10 6 10 7 10 8 10 9
q 30 2 2 2 3 2 4 3 2 3 3 3 4 4 2 4 3 4 4 5 2 5 3 5 4 6 2 6 3 6 4 7 2 7 3 7 4 8 2 8 3 8 4 9 2 9 3 9 4 10 2 10 3 10 4 11 2 11 3 11 4
q 28 5 1 5 2 5 3 5 4 5 5 5 6 5 7 5 8 5 9 5 10 5 11 5 12 5 13 5 14 6 1 6 2 6 3 6 4 6 5 6 6 6 7 6 8 6 9 6 10 6 11 6 12 6 13 6 14
q 42 3 0 3 1 3 2 3 3 3 4 3 5 4 0 4 1 4 2 4 3 4 4 4 5 5 0 5 1 5 2 5 3 5 4 5 5 6 0 6 1 6 2 6 3 6 4 6 5 7 0 7 1 7 2 7 3 7 4 7 5 8 0 8 1 8 2 8 3 8 4 8 5 9 0 9 1 9 2 9 3 9 4 9 5
q 30 2 3 2 4 2 5 2 6 2 7 2 8 3 3 3 4 3 5 3 6 3 7 3 8 4 3 4 4 4 5 4 6 4 7 4 8 5 3 5 4 5 5 5 6 5 7 5 8 6 3 6 4 6 5 6 6 6 7 6 8
q 44 0 4 0 5 0 6 0 7 1 4 1 5 1 6 1 7 2 4 2 5 2 6 2 7 3 4 3 5 3 6 3 7 4 4 4 5 4 6 4 7 5 4 5 5 5 6 5 7 6 4 6 5 6 6 6 7 7 4 7 5 7 6 7 7 8 4 8 5 8 6 8 7 9 4 9 5 9 6 9 7 10 4 10 5 10 6 10 7
q 26 1 1 1 2 2 1 2 2 3 1 3 2 4 1 4 2 5 1 5 2 6 1 6 2 7 1 7 2 8 1 8 2 9 1 9 2 10 1 10 2 11 1 11 2 12 1 12 2 13 1 13 2
q 64 7 5 7 6 7 7 7 8 7 9 7 10 7 11 7 12 8 5 8 6 8 7 8 8 8 9 8 10 8 11 8 12 9 5 9 6 9 7 9 8 9 9 9 10 9 11 9 12 10 5 10 6 10 7 10 8 10 9 10 10 10 11 10 12 11 5 11 6 11 7 11 8 11 9 11 10 11 11 11 12 12 5 12 6 12 7 12 8 12 9 12 10 12 11 12 12 13 5 13 6 13 7 13 8 13 9 13 10 13 11 13 12 14 5 14 6 14 7 14 8 14 9 14 10 14 11 14 12
q 36 9 8 9 9 9 10 9 11 9 12 9 13 10 8 10 9 10 10 10 11 10 12 10 13 11 8 11 9 11 10 11 11 11 12 11 13 12 8 12 9 12 10 12 11 12 12 12 13 13 8 13 9 13 10 13 11 13 12 13 13 14 8 14 9 14 10 14 11 14 12 14 13
q 60 3 9 3 10 3 11 3 12 3 13 3 14 4 9 4 10 4 11 4 12 4 13 4 14 5 9 5 10 5 11 5 12 5 13 5 14 6 9 6 10 6 11 6 12 6 13 6 14 7 9 7 10 7 11 7 12 7 13 7 14 8 9 8 10 8 11 8 12 8 13 8 14 9 9 9 10 9 11 9 12 9 13 9 14 10 9 10 10 10 11 10 12 10 13 10 14 11 9 11 10 11 11 11 12 11 13 11 14 12 9 12 10 12 11 12 12 12 13 12 14
q 40 1 8 1 9 1 10 1 11 2 8 2 9 2 10 2 11 3 8 3 9 3 10 3 11 4 8 4 9 4 10 4 11 5 8 5 9 5 10 5 11 6 8 6 9 6 10 6 11 7 8 7 9 7 10 7 11 8 8 8 9 8 10 8 11 9 8 9 9 9 10 9 11 10 8 10 9 10 10 10 11
q 28 6 3 6 4 6 5 6 6 6 7 6 8 6 9 7 3 7 4 7 5 7 6 7 7 7 8 7 9 8 3 8 4 8 5 8 6 8 7 8 8 8 9 9 3 9 4 9 5 9 6 9 7 9 8 9 9
q 63 0 4 0 5 0 6 0 7 0 8 0 9 0 10 0 11 0 12 1 4 1 5 1 6 1 7 1 8 1 9 1 10 1 11 1 12 2 4 2 5 2 6 2 7 2 8 2 9 2 10 2 11 2 12 3 4 3 5 3 6 3 7 3 8 3 9 3 10 3 11 3 12 4 4 4 5 4 6 4 7 4 8 4 9 4 10 4 11 4 12 5 4 5 5 5 6 5 7 5 8 5 9 5 10 5 11 5 12 6 4 6 5 6 6 6 7 6 8 6 9 6 10 6 11 6 12
q 48 0 10 0 11 0 12 0 13 1 10 1 11 1 12 1 13 2 10 2 11 2 12 2 13 3 10 3 11 3 12 3 13 4 10 4 11 4 12 4 13 5 10 5 11 5 12 5 13 6 10 6 11 6 12 6 13 7 10 7 11 7 12 7 13 8 10 8 11 8 12 8 13 9 10 9 11 9 12 9 13 10 10 10 11 10 12 10 13 11 10 11 11 11 12 11 13
q 36 1 2 1 3 1 4 1 5 1 6 1 7 2 2 2 3 2 4 2 5 2 6 2 7 3 2 3 3 3 4 3 5 3 6 3 7 4 2 4 3 4 4 4 5 4 6 4 7 5 2 5 3 5 4 5 5 5 6 5 7 6 2 6 3 6 4 6 5 6 6 6 7
q 42 8 5 8 6 8 7 8 8 8 9 8 10 9 5 9 6 9 7 9 8 9 9 9 10 10 5 10 6 10 7 10 8 10 9 10 10 11 5 11 6 11 7 11 8 11 9 11 10 12 5 12 6 12 7 12 8 12 9 12 10 13 5 13 6 13 7 13 8 13 9 13 10 14 5 14 6 14 7 14 8 14 9 14 10
q 30 2 5 2 6 2 7 2 8 2 9 3 5 3 6 3 7 3 8 3 9 4 5 4 6 4 7 4 8 4 9 5 5 5 6 5 7 5 8 5 9 6 5 6 6 6 7 6 8 6 9 7 5 7 6 7 7 7 8 7 9
q 40 3 2 3 3 3 4 3 5 3 6 4 2 4 3 4 4 4 5 4 6 5 2 5 3 5 4 5 5 5 6 6 2 6 3 6 4 6 5 6 6 7 2 7 3 7 4 7 5 7 6 8 2 8 3 8 4 8 5 8 6 9 2 9 3 9 4 9 5 9 6 10 2 10 3 10 4 10 5 10 6
q 36 8 2 8 3 8 4 8 5 8 6 8 7 8 8 8 9 8 10 9 2 9 3 9 4 9 5 9 6 9 7 9 8 9 9 9 10 10 2 10 3 10 4 10 5 10 6 10 7 10 8 10 9 10 10 11 2 11 3 11 4 11 5 11 6 11 7 11 8 11 9 11 10
q 63 4 2 4 3 4 4 4 5 4 6 4 7 4 8 5 2 5 3 5 4 5 5 5 6 5 7 5 8 6 2 6 3 6 4 6 5 6 6 6 7 6 8 7 2 7 3 7 4 7 5 7 6 7 7 7 8 8 2 8 3 8 4 8 5 8 6 8 7 8 8 9 2 9 3 9 4 9 5 9 6 9 7 9 8 10 2 10 3 10 4 10 5 10 6 10 7 10 8 11 2 11 3 11 4 11 5 11 6 11 7 11 8 12 2 12 3 12 4 12 5 12 6 12 7 12 8
q 50 7 1 7 2 7 3 7 4 7 5 7 6 7 7 7 8 7 9 7 10 8 1 8 2 8 3 8 4 8 5 8 6 8 7 8 8 8 9 8 10 9 1 9 2 9 3 9 4 9 5 9 6 9 7 9 8 9 9 9 10 10 1 10 2 10 3 10 4 10 5 10 6 10 7 10 8 10 9 10 10 11 1 11 2 11 3 11 4 11 5 11 6 11 7 11 8 11 9 11 10
q 50 5 5 5 6 5 7 5 8 5 9 5 10 5 11 5 12 5 13 5 14 6 5 6 6 6 7 6 8 6 9 6 10 6 11 6 12 6 13 6 14 7 5 7 6 7 7 7 8 7 9 7 10 7 11 7 12 7 13 7 14 8 5 8 6 8 7 8 8 8 9 8 10 8 11 8 12 8 13 8 14 9 5 9 6 9 7 9 8 9 9 9 10 9 11 9 12 9 13 9 14
q 54 6 3 6 4 6 5 6 6 6 7 6 8 7 3 7 4 7 5 7 6 7 7 7 8 8 3 8 4 8 5 8 6 8 7 8 8 9 3 9 4 9 5 9 6 9 7 9 8 10 3 10 4 10 5 10 6 10 7 10 8 11 3 11 4 11 5 11 6 11 7 11 8 12 3 12 4 12 5 12 6 12 7 12 8 13 3 13 4 13 5 13 6 13 7 13 8 14 3 14 4 14 5 14 6 14 7 14 8
q 50 9 2 9 3 9 4 9 5 9 6 9 7 9 8 9 9 9 10 9 11 10 2 10 3 10 4 10 5 10 6 10 7 10 8 10 9 10 10 10 11 11 2 11 3 11 4 11 5 11 6 11 7 11 8 11 9 11 10 11 11 12 2 12 3 12 4 12 5 12 6 12 7 12 8 12 9 12 10 12 11 13 2 13 3 13 4 13 5 13 6 13 7 13 8 13 9 13 10 13 11
q 42 5 9 5 10 5 11 5 12 5 13 5 14 6 9 6 10 6 11 6 12 6 13 6 14 7 9 7 10 7 11 7 12 7 13 7 14 8 9 8 10 8 11 8 12 8 13 8 14 9 9 9 10 9 11 9 12 9 13 9 14 10 9 10 10 10 11 10 12 10 13 10 14 11 9 11 10 11 11 11 12 11 13 11 14
q 28 7 10 7 11 7 12 7 13 8 10 8 11 8 12 8 13 9 10 9 11 9 12 9 13 10 10 10 11 10 12 10 13 11 10 11 11 11 12 11 13 12 10 12 11 12 12 12 13 13 10 13 11 13 12 13 13
q 56 11 1 11 2 11 3 11 4 11 5 11 6 11 7 11 8 11 9 11 10 11 11 11 12 11 13 11 14 12 1 12 2 12 3 12 4 12 5 12 6 12 7 12 8 12 9 12 10 12 11 12 12 12 13 12 14 13 1 13 2 13 3 13 4 13 5 13 6 13 7 13 8 13 9 13 10 13 11 13 12 13 13 13 14 14 1 14 2 14 3 14 4 14 5 14 6 14 7 14 8 14 9 14 10 14 11 14 12 14 13 14 14
q 48 0 0 0 1 0 2 0 3 0 4 0 5 0 6 0 7 0 8 0 9 0 10 0 11 1 0 1 1 1 2 1 3 1 4 1 5 1 6 1 7 1 8 1 9 1 10 1 11 2 0 2 1 2 2 2 3 2 4 2 5 2 6 2 7 2 8 2 9 2 10 2 11 3 0 3 1 3 2 3 3 3 4 3 5 3 6 3 7 3 8 3 9 3 10 3 11
q 39 5 0 5 1 5 2 5 3 5 4 5 5 5 6 5 7 5 8 5 9 5 10 5 11 5 12 6 0 6 1 6 2 6 3 6 4 6 5 6 6 6 7 6 8 6 9 6 10 6 11 6 12 7 0 7 1 7 2 7 3 7 4 7 5 7 6 7 7 7 8 7 9 7 10 7 11 7 12
q 36 1 1 1 2 1 3 1 4 1 5 1 6 1 7 1 8 1 9 1 10 1 11 1 12 2 1 2 2 2 3 2 4 2 5 2 6 2 7 2 8 2 9 2 10 2 11 2 12 3 1 3 2 3 3 3 4 3 5 3 6 3 7 3 8 3 9 3 10 3 11 3 12
q 52 1 3 1 4 1 5 1 6 2 3 2 4 2 5 2 6 3 3 3 4 3 5 3 6 4 3 4 4 4 5 4 6 5 3 5 4 5 5 5 6 6 3 6 4 6 5 6 6 7 3 7 4 7 5 7 6 8 3 8 4 8 5 8 6 9 3 9 4 9 5 9 6 10 3 10 4 10 5 10 6 11 3 11 4 11 5 11 6 12 3 12 4 12 5 12 6 13 3 13 4 13 5 13 6
q 32 1 4 1 5 1 6 1 7 2 4 2 5 2 6 2 7 3 4 3 5 3 6 3 7 4 4 4 5 4 6 4 7 5 4 5 5 5 6 5 7 6 4 6 5 6 6 6 7 7 4 7 5 7 6 7 7 8 4 8 5 8 6 8 7
q 30 3 4 3 5 3 6 4 4 4 5 4 6 5 4 5 5 5 6 6 4 6 5 6 6 7 4 7 5 7 6 8 4 8 5 8 6 9 4 9 5 9 6 10 4 10 5 10 6 11 4 11 5 11 6 12 4 12 5 12 6
q 55 8 4 8 5 8 6 8 7 8 8 8 9 8 10 8 11 8 12 8 13 8 14 9 4 9 5 9 6 9 7 9 8 9 9 9 10 9 11 9 12 9 13 9 14 10 4 10 5 10 6 10 7 10 8 10 9 10 10 10 11 10 12 10 13 10 14 11 4 11 5 11 6 11 7 11 8 11 9 11 10 11 11 11 12 11 13 11 14 12 4 12 5 12 6 12 7 12 8 12 9 12 10 12 11 12 12 12 13 12 14
q 55 1 0 1 1 1 2 1 3 1 4 2 0 2 1 2 2 2 3 2 4 3 0 3 1 3 2 3 3 3 4 4 0 4 1 4 2 4 3 4 4 5 0 5 1 5 2 5 3 5 4 6 0 6 1 6 2 6 3 6 4 7 0 7 1 7 2 7 3 7 4 8 0 8 1 8 2 8 3 8 4 9 0 9 1 9 2 9 3 9 4 10 0 10 1 10 2 10 3 10 4 11 0 11 1 11 2 11 3 11 4
q 28 1 1 1 2 2 1 2 2 3 1 3 2 4 1 4 2 5 1 5 2 6 1 6 2 7 1 7 2 8 1 8 2 9 1 9 2 10 1 10 2 11 1 11 2 12 1 12 2 13 1 13 2 14 1 14 2
q 60 2 0 2 1 2 2 2 3 2 4 2 5 2 6 2 7 2 8 2 9 2 10 2 11 3 0 3 1 3 2 3 3 3 4 3 5 3 6 3 7 3 8 3 9 3 10 3 11 4 0 4 1 4 2 4 3 4 4 4 5 4 6 4 7 4 8 4 9 4 10 4 11 5 0 5 1 5 2 5 3 5 4 5 5 5 6 5 7 5 8 5 9 5 10 5 11 6 0 6 1 6 2 6 3 6 4 6 5 6 6 6 7 6 8 6 9 6 10 6 11
q 45 2 1 2 2 2 3 2 4 2 5 3 1 3 2 3 3 3 4 3 5 4 1 4 2 4 3 4 4 4 5 5 1 5 2 5 3 5 4 5 5 6 1 6 2 6 3 6 4 6 5 7 1 7 2 7 3 7 4 7 5 8 1 8 2 8 3 8 4 8 5 9 1 9 2 9 3 9 4 9 5 10 1 10 2 10 3 10 4 10 5
q 60 11 0 11 1 11 2 11 3 11 4 11 5 11 6 11 7 11 8 11 9 11 10 11 11 11 12 11 13 11 14 12 0 12 1 12 2 12 3 12 4 12 5 12 6 12 7 12 8 12 9 12 10 12 11 12 12 12 13 12 14 13 0 13 1 13 2 13 3 13 4 13 5 13 6 13 7 13 8 13 9 13 10 13 11 13 12 13 13 13 14 14 0 14 1 14 2 14 3 14 4 14 5 14 6 14 7 14 8 14 9 14 10 14 11 14 12 14 13 14 14
q 30 0 4 0 5 1 4 1 5 2 4 2 5 3 4 3 5 4 4 4 5 5 4 5 5 6 4 6 5 7 4 7 5 8 4 8 5 9 4 9 5 10 4 10 5 11 4 11 5 12 4 12 5 13 4 13 5 14 4 14 5
q 36 1 4 1 5 1 6 1 7 2 4 2 5 2 6 2 7 3 4 3 5 3 6 3 7 4 4 4 5 4 6 4 7 5 4 5 5 5 6 5 7 6 4 6 5 6 6 6 7 7 4 7 5 7 6 7 7 8 4 8 5 8 6 8 7 9 4 9 5 9 6 9 7
q 40 10 0 10 1 10 2 10 3 10 4 10 5 10 6 10 7 11 0 11 1 11 2 11 3 11 4 11 5 11 6 11 7 12 0 12 1 12 2 12 3 12 4 12 5 12 6 12 7 13 0 13 1 13 2 13 3 13 4 13 5 13 6 13 7 14 0 14 1 14 2 14 3 14 4 14 5 14 6 14 7
q 25 6 2 6 3 6 4 6 5 6 6 7 2 7 3 7 4 7 5 7 6 8 2 8 3 8 4 8 5 8 6 9 2 9 3 9 4 9 5 9 6 10 2 10 3 10 4 10 5 10 6
q 30 3 0 3 1 3 2 3 3 3 4 3 5 3 6 3 7 3 8 3 9 4 0 4 1 4 2 4 3 4 4 4 5 4 6 4 7 4 8 4 9 5 0 5 1 5 2 5 3 5 4 5 5 5 6 5 7 5 8 5 9
q 44 4 10 4 11 4 12 4 13 5 10 5 11 5 12 5 13 6 10 6 11 6 12 6 13 7 10 7 11 7 12 7 13 8 10 8 11 8 12 8 13 9 10 9 11 9 12 9 13 10 10 10 11 10 12 10 13 11 10 11 11 11 12 11 13 12 10 12 11 12 12 12 13 13 10 13 11 13 12 13 13 14 10 14 11 14 12 14 13
q 60 0 7 0 8 0 9 0 10 1 7 1 8 1 9 1 10 2 7 2 8 2 9 2 10 3 7 3 8 3 9 3 10 4 7 4 8 4 9 4 10 5 7 5 8 5 9 5 10 6 7 6 8 6 9 6 10 7 7 7 8 7 9 7 10 8 7 8 8 8 9 8 10 9 7 9 8 9 9 9 10 10 7 10 8 10 9 10 10 11 7 11 8 11 9 11 10 12 7 12 8 12 9 12 10 13 7 13 8 13 9 13 10 14 7 14 8 14 9 14 10
q 42 3 9 3 10 3 11 3 12 3 13 3 14 4 9 4 10 4 11 4 12 4 13 4 14 5 9 5 10 5 11 5 12 5 13 5 14 6 9 6 10 6 11 6 12 6 13 6 14 7 9 7 10 7 11 7 12 7 13 7 14 8 9 8 10 8 11 8 12 8 13 8 14 9 9 9 10 9 11 9 12 9 13 9 14
q 55 3 7 3 8 3 9 3 10 3 11 4 7 4 8 4 9 4 10 4 11 5 7 5 8 5 9 5 10 5 11 6 7 6 8 6 9 6 10 6 11 7 7 7 8 7 9 7 10 7 11 8 7 8 8 8 9 8 10 8 11 9 7 9 8 9 9 9 10 9 11 10 7 10 8 10 9 10 10 10 11 11 7 11 8 11 9 11 10 11 11 12 7 12 8 12 9 12 10 12 11 13 7 13 8 13 9 13 10 13 11
q 50 4 5 4 6 4 7 4 8 4 9 5 5 5 6 5 7 5 8 5 9 6 5 6 6 6 7 6 8 6 9 7 5 7 6 7 7 7 8 7 9 8 5 8 6 8 7 8 8 8 9 9 5 9 6 9 7 9 8 9 9 10 5 10 6 10 7 10 8 10 9 11 5 11 6 11 7 11 8 11 9 12 5 12 6 12 7 12 8 12 9 13 5 13 6 13 7 13 8 13 9
q 60 10 0 10 1 10 2 10 3 10 4 10 5 10 6 10 7 10 8 10 9 10 10 10 11 10 12 10 13 10 14 11 0 11 1 11 2 11 3 11 4 11 5 11 6 11 7 11 8 11 9 11 10 11 11 11 12 11 13 11 14 12 0 12 1 12 2 12 3 12 4 12 5 12 6 12 7 12 8 12 9 12 10 12 11 12 12 12 13 12 14 13 0 13 1 13 2 13 3 13 4 13 5 13 6 13 7 13 8 13 9 13 10 13 11 13 12 13 13 13 14
q 55 7 3 7 4 7 5 7 6 7 7 7 8 7 9 7 10 7 11 7 12 7 13 8 3 8 4 8 5 8 6 8 7 8 8 8 9 8 10 8 11 8 12 8 13 9 3 9 4 9 5 9 6 9 7 9 8 9 9 9 10 9 11 9 12 9 13 10 3 10 4 10 5 10 6 10 7 10 8 10 9 10 10 10 11 10 12 10 13 11 3 11 4 11 5 11 6 11 7 11 8 11 9 11 10 11 11 11 12 11 13
q 36 8 3 8 4 8 5 8 6 8 7 8 8 8 9 8 10 8 11 9 3 9 4 9 5 9 6 9 7 9 8 9 9 9 10 9 11 10 3 10 4 10 5 10 6 10 7 10 8 10 9 10 10 10 11 11 3 11 4 11 5 11 6 11 7 11 8 11 9 11 10 11 11
q 54 3 4 3 5 3 6 3 7 3 8 3 9 4 4 4 5 4 6 4 7 4 8 4 9 5 4 5 5 5 6 5 7 5 8 5 9 6 4 6 5 6 6 6 7 6 8 6 9 7 4 7 5 7 6 7 7 7 8 7 9 8 4 8 5 8 6 8 7 8 8 8 9 9 4 9 5 9 6 9 7 9 8 9 9 10 4 10 5 10 6 10 7 10 8 10 9 11 4 11 5 11 6 11 7 11 8 11 9
q 36 9 1 9 2 9 3 9 4 9 5 9 6 9 7 9 8 9 9 9 10 9 11 9 12 10 1 10 2 10 3 10 4 10 5 10 6 10 7 10 8 10 9 10 10 10 11 10 12 11 1 11 2 11 3 11 4 11 5 11 6 11 7 11 8 11 9 11 10 11 11 11 12
q 39 0 6 0 7 0 8 1 6 1 7 1 8 2 6 2 7 2 8 3 6 3 7 3 8 4 6 4 7 4 8 5 6 5 7 5 8 6 6 6 7 6 8 7 6 7 7 7 8 8 6 8 7 8 8 9 6 9 7 9 8 10 6 10 7 10 8 11 6 11 7 11 8 12 6 12 7 12 8
q 55 8 2 8 3 8 4 8 5 8 6 8 7 8 8 8 9 8 10 8 11 8 12 9 2 9 3 9 4 9 5 9 6 9 7 9 8 9 9 9 10 9 11 9 12 10 2 10 3 10 4 10 5 10 6 10 7 10 8 10 9 10 10 10 11 10 12 11 2 11 3 11 4 11 5 11 6 11 7 11 8 11 9 11 10 11 11 11 12 12 2 12 3 12 4 12 5 12 6 12 7 12 8 12 9 12 10 12 11 12 12
q 45 2 10 2 11 2 12 2 13 2 14 3 10 3 11 3 12 3 13 3 14 4 10 4 11 4 12 4 13 4 14 5 10 5 11 5 12 5 13 5 14 6 10 6 11 6 12 6 13 6 14 7 10 7 11 7 12 7 13 7 14 8 10 8 11 8 12 8 13 8 14 9 10 9 11 9 12 9 13 9 14 10 10 10 11 10 12 10 13 10 14
q 27 8 1 8 2 8 3 8 4 8 5 8 6 8 7 8 8 8 9 9 1 9 2 9 3 9 4 9 5 9 6 9 7 9 8 9 9 10 1 10 2 10 3 10 4 10 5 10 6 10 7 10 8 10 9
q 28 10 8 10 9 10 10 10 11 10 12 10 13 10 14 11 8 11 9 11 10 11 11 11 12 11 13 11 14 12 8 12 9 12 10 12 11 12 12 12 13 12 14 13 8 13 9 13 10 13 11 13 12 13 13 13 14
q 42 7 4 7 5 7 6 7 7 7 8 7 9 8 4 8 5 8 6 8 7 8 8 8 9 9 4 9 5 9 6 9 7 9 8 9 9 10 4 10 5 10 6 10 7 10 8 10 9 11 4 11 5 11 6 11 7 11 8 11 9 12 4 12 5 12 6 12 7 12 8 12 9 13 4 13 5 13 6 13 7 13 8 13 9
q 25 10 10 10 11 10 12 10 13 10 14 11 10 11 11 11 12 11 13 11 14 12 10 12 11 12 12 12 13 12 14 13 10 13 11 13 12 13 13 13 14 14 10 14 11 14 12 14 13 14 14
q 48 0 5 0 6 0 7 0 8 0 9 0 10 0 11 0 12 1 5 1 6 1 7 1 8 1 9 1 10 1 11 1 12 2 5 2 6 2 7 2 8 2 9 2 10 2 11 2 12 3 5 3 6 3 7 3 8 3 9 3 10 3 11 3 12 4 5 4 6 4 7 4 8 4 9 4 10 4 11 4 12 5 5 5 6 5 7 5 8 5 9 5 10 5 11 5 12
q 33 9 2 9 3 9 4 9 5 9 6 9 7 9 8 9 9 9 10 9 11 9 12 10 2 10 3 10 4 10 5 10 6 10 7 10 8 10 9 10 10 10 11 10 12 11 2 11 3 11 4 11 5 11 6 11 7 11 8 11 9 11 10 11 11 11 12
q 40 3 10 3 11 3 12 3 13 3 14 4 10 4 11 4 12 4 13 4 14 5 10 5 11 5 12 5 13 5 14 6 10 6 11 6 12 6 13 6 14 7 10 7 11 7 12 7 13 7 14 8 10 8 11 8 12 8 13 8 14 9 10 9 11 9 12 9 13 9 14 10 10 10 11 10 12 10 13 10 14
q 45 2 1 2 2 2 3 2 4 2 5 2 6 2 7 2 8 2 9 3 1 3 2 3 3 3 4 3 5 3 6 3 7 3 8 3 9 4 1 4 2 4 3 4 4 4 5 4 6 4 7 4 8 4 9 5 1 5 2 5 3 5 4 5 5 5 6 5 7 5 8 5 9 6 1 6 2 6 3 6 4 6 5 6 6 6 7 6 8 6 9
q 39 1 6 1 7 1 8 2 6 2 7 2 8 3 6 3 7 3 8 4 6 4 7 4 8 5 6 5 7 5 8 6 6 6 7 6 8 7 6 7 7 7 8 8 6 8 7 8 8 9 6 9 7 9 8 10 6 10 7 10 8 11 6 11 7 11 8 12 6 12 7 12 8 13 6 13 7 13 8
q 50 3 3 3 4 3 5 3 6 3 7 4 3 4 4 4 5 4 6 4 7 5 3 5 4 5 5 5 6 5 7 6 3 6 4 6 5 6 6 6 7 7 3 7 4 7 5 7 6 7 7 8 3 8 4 8 5 8 6 8 7 9 3 9 4 9 5 9 6 9 7 10 3 10 4 10 5 10 6 10 7 11 3 11 4 11 5 11 6 11 7 12 3 12 4 12 5 12 6 12 7
q 39 1 0 1 1 1 2 1 3 1 4 1 5 1 6 1 7 1 8 1 9 1 10 1 11 1 12 2 0 2 1 2 2 2 3 2 4 2 5 2 6 2 7 2 8 2 9 2 10 2 11 2 12 3 0 3 1 3 2 3 3 3 4 3 5 3 6 3 7 3 8 3 9 3 10 3 11 3 12
q 40 10 3 10 4 10 5 10 6 10 7 10 8 10 9 10 10 10 11 10 12 11 3 11 4 11 5 11 6 11 7 11 8 11 9 11 10 11 11 11 12 12 3 12 4 12 5 12 6 12 7 12 8 12 9 12 10 12 11 12 12 13 3 13 4 13 5 13 6 13 7 13 8 13 9 13 10 13 11 13 12
q 60 0 1 0 2 0 3 0 4 0 5 0 6 0 7 0 8 0 9 0 10 0 11 0 12 1 1 1 2 1 3 1 4 1 5 1 6 1 7 1 8 1 9 1 10 1 11 1 12 2 1 2 2 2 3 2 4 2 5 2 6 2 7 2 8 2 9 2 10 2 11 2 12 3 1 3 2 3 3 3 4 3 5 3 6 3 7 3 8 3 9 3 10 3 11 3 12 4 1 4 2 4 3 4 4 4 5 4 6 4 7 4 8 4 9 4 10 4 11 4 12
q 33 7 3 7 4 7 5 7 6 7 7 7 8 7 9 7 10 7 11 7 12 7 13 8 3 8 4 8 5 8 6 8 7 8 8 8 9 8 10 8 11 8 12 8 13 9 3 9 4 9 5 9 6 9 7 9 8 9 9 9 10 9 11 9 12 9 13
q 60 3 3 3 4 3 5 3 6 3 7 4 3 4 4 4 5 4 6 4 7 5 3 5 4 5 5 5 6 5 7 6 3 6 4 6 5 6 6 6 7 7 3 7 4 7 5 7 6 7 7 8 3 8 4 8 5 8 6 8 7 9 3 9 4 9 5 9 6 9 7 10 3 10 4 10 5 10 6 10 7 11 3 11 4 11 5 11 6 11 7 12 3 12 4 12 5 12 6 12 7 13 3 13 4 13 5 13 6 13 7 14 3 14 4 14 5 14 6 14 7
q 30 6 0 6 1 6 2 6 3 6 4 6 5 6 6 6 7 6 8 6 9 6 10 6 11 6 12 6 13 6 14 7 0 7 1 7 2 7 3 7 4 7 5 7 6 7 7 7 8 7 9 7 10 7 11 7 12 7 13 7 14
q 27 2 3 2 4 2 5 3 3 3 4 3 5 4 3 4 4 4 5 5 3 5 4 5 5 6 3 6 4 6 5 7 3 7 4 7 5 8 3 8 4 8 5 9 3 9 4 9 5 10 3 10 4 10 5
q 44 4 10 4 11 4 12 4 13 5 10 5 11 5 12 5 13 6 10 6 11 6 12 6 13 7 10 7 11 7 12 7 13 8 10 8 11 8 12 8 13 9 10 9 11 9 12 9 13 10 10 10 11 10 12 10 13 11 10 11 11 11 12 11 13 12 10 12 11 12 12 12 13 13 10 13 11 13 12 13 13 14 10 14 11 14 12 14 13
q 30 0 3 0 4 0 5 0 6 0 7 0 8 0 9 0 10 0 11 0 12 1 3 1 4 1 5 1 6 1 7 1 8 1 9 1 10 1 11 1 12 2 3 2 4 2 5 2 6 2 7 2 8 2 9 2 10 2 11 2 12
q 48 5 2 5 3 5 4 5 5 5 6 5 7 5 8 5 9 5 10 5 11 5 12 5 13 6 2 6 3 6 4 6 5 6 6 6 7 6 8 6 9 6 10 6 11 6 12 6 13 7 2 7 3 7 4 7 5 7 6 7 7 7 8 7 9 7 10 7 11 7 12 7 13 8 2 8 3 8 4 8 5 8 6 8 7 8 8 8 9 8 10 8 11 8 12 8 13
q 27 5 6 5 7 5 8 5 9 5 10 5 11 5 12 5 13 5 14 6 6 6 7 6 8 6 9 6 10 6 11 6 12 6 13 6 14 7 6 7 7 7 8 7 9 7 10 7 11 7 12 7 13 7 14
q 52 1 10 1 11 1 12 1 13 2 10 2 11 2 12 2 13 3 10 3 11 3 12 3 13 4 10 4 11 4 12 4 13 5 10 5 11 5 12 5 13 6 10 6 11 6 12 6 13 7 10 7 11 7 12 7 13 8 10 8 11 8 12 8 13 9 10 9 11 9 12 9 13 10 10 10 11 10 12 10 13 11 10 11 11 11 12 11 13 12 10 12 11 12 12 12 13 13 10 13 11 13 12 13 13
q 14 3 13 3 14 4 13 4 14 5 13 5 14 6 13 6 14 7 13 7 14 8 13 8 14 9 13 9 14
q 45 2 8 2 9 2 10 2 11 2 12 3 8 3 9 3 10 3 11 3 12 4 8 4 9 4 10 4 11 4 12 5 8 5 9 5 10 5 11 5 12 6 8 6 9 6 10 6 11 6 12 7 8 7 9 7 10 7 11 7 12 8 8 8 9 8 10 8 11 8 12 9 8 9 9 9 10 9 11 9 12 10 8 10 9 10 10 10 11 10 12
q 15 13 0 13 1 13 2 13 3 13 4 13 5 13 6 13 7 13 8 13 9 13 10 13 11 13 12 13 13 13 14
q 35 1 8 1 9 1 10 1 11 1 12 2 8 2 9 2 10 2 11 2 12 3 8 3 9 3 10 3 11 3 12 4 8 4 9 4 10 4 11 4 12 5 8 5 9 5 10 5 11 5 12 6 8 6 9 6 10 6 11 6 12 7 8 7 9 7 10 7 11 7 12
q 8 13 10 13 11 13 12 13 13 14 10 14 11 14 12 14 13
q 39 1 5 1 6 1 7 2 5 2 6 2 7 3 5 3 6 3 7 4 5 4 6 4 7 5 5 5 6 5 7 6 5 6 6 6 7 7 5 7 6 7 7 8 5 8 6 8 7 9 5 9 6 9 7 10 5 10 6 10 7 11 5 11 6 11 7 12 5 12 6 12 7 13 5 13 6 13 7
q 24 7 3 7 4 7 5 7 6 7 7 7 8 7 9 7 10 8 3 8 4 8 5 8 6 8 7 8 8 8 9 8 10 9 3 9 4 9 5 9 6 9 7 9 8 9 9 9 10
q 63 3 1 3 2 3 3 3 4 3 5 3 6 3 7 3 8 3 9 4 1 4 2 4 3 4 4 4 5 4 6 4 7 4 8 4 9 5 1 5 2 5 3 5 4 5 5 5 6 5 7 5 8 5 9 6 1 6 2 6 3 6 4 6 5 6 6 6 7 6 8 6 9 7 1 7 2 7 3 7 4 7 5 7 6 7 7 7 8 7 9 8 1 8 2 8 3 8 4 8 5 8 6 8 7 8 8 8 9 9 1 9 2 9 3 9 4 9 5 9 6 9 7 9 8 9 9
q 20 0 9 0 10 1 9 1 10 2 9 2 10 3 9 3 10 4 9 4 10 5 9 5 10 6 9 6 10 7 9 7 10 8 9 8 10 9 9 9 10
q 18 9 5 9 6 9 7 10 5 10 6 10 7 11 5 11 6 11 7 12 5 12 6 12 7 13 5 13 6 13 7 14 5 14 6 14 7
q 10 0 8 0 9 1 8 1 9 2 8 2 9 3 8 3 9 4 8 4 9
q 39 11 2 11 3 11 4 11 5 11 6 11 7 11 8 11 9 11 10 11 11 11 12 11 13 11 14 12 2 12 3 12 4 12 5 12 6 12 7 12 8 12 9 12 10 12 11 12 12 12 13 12 14 13 2 13 3 13 4 13 5 13 6 13 7 13 8 13 9 13 10 13 11 13 12 13 13 13 14
q 36 2 2 2 3 2 4 2 5 2 6 2 7 2 8 2 9 2 10 2 11 2 12 2 13 3 2 3 3 3 4 3 5 3 6 3 7 3 8 3 9 3 10 3 11 3 12 3 13 4 2 4 3 4 4 4 5 4 6 4 7 4 8 4 9 4 10 4 11 4 12 4 13
q 25 7 0 7 1 7 2 7 3 7 4 8 0 8 1 8 2 8 3 8 4 9 0 9 1 9 2 9 3 9 4 10 0 10 1 10 2 10 3 10 4 11 0 11 1 11 2 11 3 11 4
q 24 3 8 3 9 3 10 3 11 4 8 4 9 4 10 4 11 5 8 5 9 5 10 5 11 6 8 6 9 6 10 6 11 7 8 7 9 7 10 7 11 8 8 8 9 8 10 8 11
q 30 10 0 10 1 10 2 10 3 10 4 10 5 10 6 10 7 10 8 10 9 10 10 10 11 10 12 10 13 10 14 11 0 11 1 11 2 11 3 11 4 11 5 11 6 11 7 11 8 11 9 11 10 11 11 11 12 11 13 11 14
q 16 5 6 5 7 5 8 5 9 5 10 5 11 5 12 5 13 6 6 6 7 6 8 6 9 6 10 6 11 6 12 6 13
q 36 2 8 2 9 2 10 2 11 2 12 2 13 3 8 3 9 3 10 3 11 3 12 3 13 4 8 4 9 4 10 4 11 4 12 4 13 5 8 5 9 5 10 5 11 5 12 5 13 6 8 6 9 6 10 6 11 6 12 6 13 7 8 7 9 7 10 7 11 7 12 7 13
q 21 4 1 4 2 4 3 4 4 4 5 4 6 4 7 5 1 5 2 5 3 5 4 5 5 5 6 5 7 6 1 6 2 6 3 6 4 6 5 6 6 6 7
q 50 1 8 1 9 1 10 1 11 1 12 2 8 2 9 2 10 2 11 2 12 3 8 3 9 3 10 3 11 3 12 4 8 4 9 4 10 4 11 4 12 5 8 5 9 5 10 5 11 5 12 6 8 6 9 6 10 6 11 6 12 7 8 7 9 7 10 7 11 7 12 8 8 8 9 8 10 8 11 8 12 9 8 9 9 9 10 9 11 9 12 10 8 10 9 10 10 10 11 10 12
q 35 8 1 8 2 8 3 8 4 8 5 9 1 9 2 9 3 9 4 9 5 10 1 10 2 10 3 10 4 10 5 11 1 11 2 11 3 11 4 11 5 12 1 12 2 12 3 12 4 12 5 13 1 13 2 13 3 13 4 13 5 14 1 14 2 14 3 14 4 14 5
q 14 13 5 13 6 13 7 13 8 13 9 13 10 13 11 14 5 14 6 14 7 14 8 14 9 14 10 14 11
q 8 4 7 4 8 5 7 5 8 6 7 6 8 7 7 7 8
q 16 8 7 8 8 8 9 8 10 8 11 8 12 8 13 8 14 9 7 9 8 9 9 9 10 9 11 9 12 9 13 9 14
q 60 4 0 4 1 4 2 4 3 4 4 4 5 4 6 4 7 4 8 4 9 5 0 5 1 5 2 5 3 5 4 5 5 5 6 5 7 5 8 5 9 6 0 6 1 6 2 6 3 6 4 6 5 6 6 6 7 6 8 6 9 7 0 7 1 7 2 7 3 7 4 7 5 7 6 7 7 7 8 7 9 8 0 8 1 8 2 8 3 8 4 8 5 8 6 8 7 8 8 8 9 9 0 9 1 9 2 9 3 9 4 9 5 9 6 9 7 9 8 9 9
q 56 1 5 1 6 1 7 1 8 1 9 1 10 1 11 2 5 2 6 2 7 2 8 2 9 2 10 2 11 3 5 3 6 3 7 3 8 3 9 3 10 3 11 4 5 4 6 4 7 4 8 4 9 4 10 4 11 5 5 5 6 5 7 5 8 5 9 5 10 5 11 6 5 6 6 6 7 6 8 6 9 6 10 6 11 7 5 7 6 7 7 7 8 7 9 7 10 7 11 8 5 8 6 8 7 8 8 8 9 8 10 8 11
q 36 4 1 4 2 4 3 4 4 4 5 4 6 5 1 5 2 5 3 5 4 5 5 5 6 6 1 6 2 6 3 6 4 6 5 6 6 7 1 7 2 7 3 7 4 7 5 7 6 8 1 8 2 8 3 8 4 8 5 8 6 9 1 9 2 9 3 9 4 9 5 9 6
q 60 6 3 6 4 6 5 6 6 6 7 6 8 6 9 6 10 6 11 6 12 6 13 6 14 7 3 7 4 7 5 7 6 7 7 7 8 7 9 7 10 7 11 7 12 7 13 7 14 8 3 8 4 8 5 8 6 8 7 8 8 8 9 8 10 8 11 8 12 8 13 8 14 9 3 9 4 9 5 9 6 9 7 9 8 9 9 9 10 9 11 9 12 9 13 9 14 10 3 10 4 10 5 10 6 10 7 10 8 10 9 10 10 10 11 10 12 10 13 10 14
q 64 5 7 5 8 5 9 5 10 5 11 5 12 5 13 5 14 6 7 6 8 6 9 6 10 6 11 6 12 6 13 6 14 7 7 7 8 7 9 7 10 7 11 7 12 7 13 7 14 8 7 8 8 8 9 8 10 8 11 8 12 8 13 8 14 9 7 9 8 9 9 9 10 9 11 9 12 9 13 9 14 10 7 10 8 10 9 10 10 10 11 10 12 10 13 10 14 11 7 11 8 11 9 11 10 11 11 11 12 11 13 11 14 12 7 12 8 12 9 12 10 12 11 12 12 12 13 12 14
q 24 8 3 8 4 8 5 8 6 8 7 8 8 9 3 9 4 9 5 9 6 9 7 9 8 10 3 10 4 10 5 10 6 10 7 10 8 11 3 11 4 11 5 11 6 11 7 11 8
q 30 6 0 6 1 6 2 6 3 6 4 6 5 6 6 6 7 6 8 6 9 6 10 6 11 6 12 6 13 6 14 7 0 7 1 7 2 7 3 7 4 7 5 7 6 7 7 7 8 7 9 7 10 7 11 7 12 7 13 7 14
q 40 5 5 5 6 5 7 5 8 6 5 6 6 6 7 6 8 7 5 7 6 7 7 7 8 8 5 8 6 8 7 8 8 9 5 9 6 9 7 9 8 10 5 10 6 10 7 10 8 11 5 11 6 11 7 11 8 12 5 12 6 12 7 12 8 13 5 13 6 13 7 13 8 14 5 14 6 14 7 14 8
q 12 0 12 0 13 0 14 1 12 1 13 1 14 2 12 2 13 2 14 3 12 3 13 3 14
q 39 3 1 3 2 3 3 3 4 3 5 3 6 3 7 3 8 3 9 3 10 3 11 3 12 3 13 4 1 4 2 4 3 4 4 4 5 4 6 4 7 4 8 4 9 4 10 4 11 4 12 4 13 5 1 5 2 5 3 5 4 5 5 5 6 5 7 5 8 5 9 5 10 5 11 5 12 5 13
q 54 1 9 1 10 1 11 1 12 1 13 1 14 2 9 2 10 2 11 2 12 2 13 2 14 3 9 3 10 3 11 3 12 3 13 3 14 4 9 4 10 4 11 4 12 4 13 4 14 5 9 5 10 5 11 5 12 5 13 5 14 6 9 6 10 6 11 6 12 6 13 6 14 7 9 7 10 7 11 7 12 7 13 7 14 8 9 8 10 8 11 8 12 8 13 8 14 9 9 9 10 9 11 9 12 9 13 9 14
q 60 0 3 0 4 0 5 0 6 0 7 0 8 0 9 0 10 0 11 0 12 0 13 0 14 1 3 1 4 1 5 1 6 1 7 1 8 1 9 1 10 1 11 1 12 1 13 1 14 2 3 2 4 2 5 2 6 2 7 2 8 2 9 2 10 2 11 2 12 2 13 2 14 3 3 3 4 3 5 3 6 3 7 3 8 3 9 3 10 3 11 3 12 3 13 3 14 4 3 4 4 4 5 4 6 4 7 4 8 4 9 4 10 4 11 4 12 4 13 4 14
q 13 5 0 5 1 5 2 5 3 5 4 5 5 5 6 5 7 5 8 5 9 5 10 5 11 5 12
q 6 4 4 5 4 6 4 7 4 8 4 9 4
q 16 6 1 6 2 7 1 7 2 8 1 8 2 9 1 9 2 10 1 10 2 11 1 11 2 12 1 12 2 13 1 13 2
q 24 13 2 13 3 13 4 13 5 13 6 13 7 13 8 13 9 13 10 13 11 13 12 13 13 14 2 14 3 14 4 14 5 14 6 14 7 14 8 14 9 14 10 14 11 14 12 14 13
q 30 0 12 0 13 1 12 1 13 2 12 2 13 3 12 3 13 4 12 4 13 5 12 5 13 6 12 6 13 7 12 7 13 8 12 8 13 9 12 9 13 10 12 10 13 11 12 11 13 12 12 12 13 13 12 13 13 14 12 14 13
q 8 8 11 8 12 8 13 8 14 9 11 9 12 9 13 9 14
q 35 6 3 6 4 6 5 6 6 6 7 7 3 7 4 7 5 7 6 7 7 8 3 8 4 8 5 8 6 8 7 9 3 9 4 9 5 9 6 9 7 10 3 10 4 10 5 10 6 10 7 11 3 11 4 11 5 11 6 11 7 12 3 12 4 12 5 12 6 12 7
q 32 0 1 0 2 0 3 0 4 1 1 1 2 1 3 1 4 2 1 2 2 2 3 2 4 3 1 3 2 3 3 3 4 4 1 4 2 4 3 4 4 5 1 5 2 5 3 5 4 6 1 6 2 6 3 6 4 7 1 7 2 7 3 7 4
q 39 0 10 0 11 0 12 1 10 1 11 1 12 2 10 2 11 2 12 3 10 3 11 3 12 4 10 4 11 4 12 5 10 5 11 5 12 6 10 6 11 6 12 7 10 7 11 7 12 8 10 8 11 8 12 9 10 9 11 9 12 10 10 10 11 10 12 11 10 11 11 11 12 12 10 12 11 12 12
q 32 9 5 9 6 9 7 9 8 9 9 9 10 9 11 9 12 10 5 10 6 10 7 10 8 10 9 10 10 10 11 10 12 11 5 11 6 11 7 11 8 11 9 11 10 11 11 11 12 12 5 12 6 12 7 12 8 12 9 12 10 12 11 12 12
q 13 6 2 6 3 6 4 6 5 6 6 6 7 6 8 6 9 6 10 6 11 6 12 6 13 6 14
q 13 1 1 1 2 1 3 1 4 1 5 1 6 1 7 1 8 1 9 1 10 1 11 1 12 1 13
q 36 3 2 3 3 3 4 3 5 3 6 3 7 4 2 4 3 4 4 4 5 4 6 4 7 5 2 5 3 5 4 5 5 5 6 5 7 6 2 6 3 6 4 6 5 6 6 6 7 7 2 7 3 7 4 7 5 7 6 7 7 8 2 8 3 8 4 8 5 8 6 8 7
q 30 12 5 12 6 12 7 12 8 12 9 12 10 12 11 12 12 12 13 12 14 13 5 13 6 13 7 13 8 13 9 13 10 13 11 13 12 13 13 13 14 14 5 14 6 14 7 14 8 14 9 14 10 14 11 14 12 14 13 14 14
q 60 6 5 6 6 6 7 6 8 6 9 6 10 6 11 6 12 6 13 6 14 7 5 7 6 7 7 7 8 7 9 7 10 7 11 7 12 7 13 7 14 8 5 8 6 8 7 8 8 8 9 8 10 8 11 8 12 8 13 8 14 9 5 9 6 9 7 9 8 9 9 9 10 9 11 9 12 9 13 9 14 10 5 10 6 10 7 10 8 10 9 10 10 10 11 10 12 10 13 10 14 11 5 11 6 11 7 11 8 11 9 11 10 11 11 11 12 11 13 11 14
q 12 0 3 0 4 0 5 1 3 1 4 1 5 2 3 2 4 2 5 3 3 3 4 3 5
q 28 1 1 1 2 2 1 2 2 3 1 3 2 4 1 4 2 5 1 5 2 6 1 6 2 7 1 7 2 8 1 8 2 9 1 9 2 10 1 10 2 11 1 11 2 12 1 12 2 13 1 13 2 14 1 14 2
q 9 1 1 1 2 1 3 1 4 1 5 1 6 1 7 1 8 1 9
q 2 13 3 13 4
q 14 0 13 1 13 2 13 3 13 4 13 5 13 6 13 7 13 8 13 9 13 10 13 11 13 12 13 13 13
q 15 10 10 10 11 10 12 10 13 10 14 11 10 11 11 11 12 11 13 11 14 12 10 12 11 12 12 12 13 12 14
q 42 7 0 7 1 7 2 7 3 7 4 7 5 7 6 7 7 7 8 7 9 7 10 7 11 7 12 7 13 8 0 8 1 8 2 8 3 8 4 8 5 8 6 8 7 8 8 8 9 8 10 8 11 8 12 8 13 9 0 9 1 9 2 9 3 9 4 9 5 9 6 9 7 9 8 9 9 9 10 9 11 9 12 9 13
q 36 1 5 1 6 1 7 2 5 2 6 2 7 3 5 3 6 3 7 4 5 4 6 4 7 5 5 5 6 5 7 6 5 6 6 6 7 7 5 7 6 7 7 8 5 8 6 8 7 9 5 9 6 9 7 10 5 10 6 10 7 11 5 11 6 11 7 12 5 12 6 12 7
q 26 2 3 2 4 3 3 3 4 4 3 4 4 5 3 5 4 6 3 6 4 7 3 7 4 8 3 8 4 9 3 9 4 10 3 10 4 11 3 11 4 12 3 12 4 13 3 13 4 14 3 14 4
q 30 0 1 0 2 1 1 1 2 2 1 2 2 3 1 3 2 4 1 4 2 5 1 5 2 6 1 6 2 7 1 7 2 8 1 8 2 9 1 9 2 10 1 10 2 11 1 11 2 12 1 12 2 13 1 13 2 14 1 14 2
q 5 10 3 11 3 12 3 13 3 14 3
q 3 0 3 0 4 0 5
q 36 2 2 2 3 2 4 2 5 2 6 2 7 2 8 2 9 2 10 2 11 2 12 2 13 3 2 3 3 3 4 3 5 3 6 3 7 3 8 3 9 3 10 3 11 3 12 3 13 4 2 4 3 4 4 4 5 4 6 4 7 4 8 4 9 4 10 4 11 4 12 4 13
q 14 4 1 4 2 4 3 4 4 4 5 4 6 4 7 4 8 4 9 4 10 4 11 4 12 4 13 4 14
q 55 2 6 2 7 2 8 2 9 2 10 3 6 3 7 3 8 3 9 3 10 4 6 4 7 4 8 4 9 4 10 5 6 5 7 5 8 5 9 5 10 6 6 6 7 6 8 6 9 6 10 7 6 7 7 7 8 7 9 7 10 8 6 8 7 8 8 8 9 8 10 9 6 9 7 9 8 9 9 9 10 10 6 10 7 10 8 10 9 10 10 11 6 11 7 11 8 11 9 11 10 12 6 12 7 12 8 12 9 12 10
q 12 3 8 4 8 5 8 6 8 7 8 8 8 9 8 10 8 11 8 12 8 13 8 14 8
q 42 0 2 0 3 0 4 1 2 1 3 1 4 2 2 2 3 2 4 3 2 3 3 3 4 4 2 4 3 4 4 5 2 5 3 5 4 6 2 6 3 6 4 7 2 7 3 7 4 8 2 8 3 8 4 9 2 9 3 9 4 10 2 10 3 10 4 11 2 11 3 11 4 12 2 12 3 12 4 13 2 13 3 13 4
q 10 13 2 13 3 13 4 13 5 13 6 13 7 13 8 13 9 13 10 13 11
q 7 7 0 7 1 7 2 7 3 7 4 7 5 7 6
q 27 1 0 1 1 1 2 1 3 1 4 1 5 1 6 1 7 1 8 2 0 2 1 2 2 2 3 2 4 2 5 2 6 2 7 2 8 3 0 3 1 3 2 3 3 3 4 3 5 3 6 3 7 3 8
q 14 1 0 2 0 3 0 4 0 5 0 6 0 7 0 8 0 9 0 10 0 11 0 12 0 13 0 14 0
q 8 12 1 12 2 12 3 12 4 13 1 13 2 13 3 13 4
q 24 9 1 9 2 9 3 9 4 10 1 10 2 10 3 10 4 11 1 11 2 11 3 11 4 12 1 12 2 12 3 12 4 13 1 13 2 13 3 13 4 14 1 14 2 14 3 14 4
q 56 0 5 0 6 0 7 0 8 0 9 0 10 0 11 0 12 1 5 1 6 1 7 1 8 1 9 1 10 1 11 1 12 2 5 2 6 2 7 2 8 2 9 2 10 2 11 2 12 3 5 3 6 3 7 3 8 3 9 3 10 3 11 3 12 4 5 4 6 4 7 4 8 4 9 4 10 4 11 4 12 5 5 5 6 5 7 5 8 5 9 5 10 5 11 5 12 6 5 6 6 6 7 6 8 6 9 6 10 6 11 6 12
q 8 4 10 5 10 6 10 7 10 8 10 9 10 10 10 11 10
q 30 1 3 1 4 1 5 1 6 1 7 1 8 2 3 2 4 2 5 2 6 2 7 2 8 3 3 3 4 3 5 3 6 3 7 3 8 4 3 4 4 4 5 4 6 4 7 4 8 5 3 5 4 5 5 5 6 5 7 5 8
q 20 10 6 10 7 10 8 10 9 10 10 11 6 11 7 11 8 11 9 11 10 12 6 12 7 12 8 12 9 12 10 13 6 13 7 13 8 13 9 13 10
q 15 0 2 1 2 2 2 3 2 4 2 5 2 6 2 7 2 8 2 9 2 10 2 11 2 12 2 13 2 14 2
q 12 1 5 1 6 1 7 1 8 1 9 1 10 2 5 2 6 2 7 2 8 2 9 2 10
q 27 8 2 8 3 8 4 8 5 8 6 8 7 8 8 8 9 8 10 9 2 9 3 9 4 9 5 9 6 9 7 9 8 9 9 9 10 10 2 10 3 10 4 10 5 10 6 10 7 10 8 10 9 10 10
q 7 4 6 5 6 6 6 7 6 8 6 9 6 10 6
q 4 0 11 0 12 1 11 1 12
q 14 3 5 3 6 3 7 3 8 3 9 3 10 3 11 4 5 4 6 4 7 4 8 4 9 4 10 4 11
q 42 1 8 1 9 1 10 2 8 2 9 2 10 3 8 3 9 3 10 4 8 4 9 4 10 5 8 5 9 5 10 6 8 6 9 6 10 7 8 7 9 7 10 8 8 8 9 8 10 9 8 9 9 9 10 10 8 10 9 10 10 11 8 11 9 11 10 12 8 12 9 12 10 13 8 13 9 13 10 14 8 14 9 14 10
q 25 1 0 1 1 1 2 1 3 1 4 2 0 2 1 2 2 2 3 2 4 3 0 3 1 3 2 3 3 3 4 4 0 4 1 4 2 4 3 4 4 5 0 5 1 5 2 5 3 5 4
q 42 7 1 7 2 7 3 7 4 7 5 7 6 7 7 7 8 7 9 7 10 7 11 7 12 7 13 7 14 8 1 8 2 8 3 8 4 8 5 8 6 8 7 8 8 8 9 8 10 8 11 8 12 8 13 8 14 9 1 9 2 9 3 9 4 9 5 9 6 9 7 9 8 9 9 9 10 9 11 9 12 9 13 9 14
q 3 0 10 1 10 2 10
q 48 2 2 2 3 2 4 2 5 2 6 2 7 3 2 3 3 3 4 3 5 3 6 3 7 4 2 4 3 4 4 4 5 4 6 4 7 5 2 5 3 5 4 5 5 5 6 5 7 6 2 6 3 6 4 6 5 6 6 6 7 7 2 7 3 7 4 7 5 7 6 7 7 8 2 8 3 8 4 8 5 8 6 8 7 9 2 9 3 9 4 9 5 9 6 9 7
q 42 8 0 8 1 8 2 8 3 8 4 8 5 8 6 8 7 8 8 8 9 8 10 8 11 8 12 8 13 9 0 9 1 9 2 9 3 9 4 9 5 9 6 9 7 9 8 9 9 9 10 9 11 9 12 9 13 10 0 10 1 10 2 10 3 10 4 10 5 10 6 10 7 10 8 10 9 10 10 10 11 10 12 10 13
q 30 7 7 7 8 7 9 7 10 7 11 8 7 8 8 8 9 8 10 8 11 9 7 9 8 9 9 9 10 9 11 10 7 10 8 10 9 10 10 10 11 11 7 11 8 11 9 11 10 11 11 12 7 12 8 12 9 12 10 12 11
q 44 0 2 0 3 0 4 0 5 0 6 0 7 0 8 0 9 0 10 0 11 0 12 1 2 1 3 1 4 1 5 1 6 1 7 1 8 1 9 1 10 1 11 1 12 2 2 2 3 2 4 2 5 2 6 2 7 2 8 2 9 2 10 2 11 2 12 3 2 3 3 3 4 3 5 3 6 3 7 3 8 3 9 3 10 3 11 3 12
q 12 2 10 3 10 4 10 5 10 6 10 7 10 8 10 9 10 10 10 11 10 12 10 13 10
q 48 5 3 5 4 5 5 5 6 5 7 5 8 6 3 6 4 6 5 6 6 6 7 6 8 7 3 7 4 7 5 7 6 7 7 7 8 8 3 8 4 8 5 8 6 8 7 8 8 9 3 9 4 9 5 9 6 9 7 9 8 10 3 10 4 10 5 10 6 10 7 10 8 11 3 11 4 11 5 11 6 11 7 11 8 12 3 12 4 12 5 12 6 12 7 12 8
q 36 0 4 0 5 0 6 0 7 0 8 0 9 1 4 1 5 1 6 1 7 1 8 1 9 2 4 2 5 2 6 2 7 2 8 2 9 3 4 3 5 3 6 3 7 3 8 3 9 4 4 4 5 4 6 4 7 4 8 4 9 5 4 5 5 5 6 5 7 5 8 5 9
q 40 10 5 10 6 10 7 10 8 10 9 10 10 10 11 10 12 10 13 10 14 11 5 11 6 11 7 11 8 11 9 11 10 11 11 11 12 11 13 11 14 12 5 12 6 12 7 12 8 12 9 12 10 12 11 12 12 12 13 12 14 13 5 13 6 13 7 13 8 13 9 13 10 13 11 13 12 13 13 13 14
q 55 10 0 10 1 10 2 10 3 10 4 10 5 10 6 10 7 10 8 10 9 10 10 11 0 11 1 11 2 11 3 11 4 11 5 11 6 11 7 11 8 11 9 11 10 12 0 12 1 12 2 12 3 12 4 12 5 12 6 12 7 12 8 12 9 12 10 13 0 13 1 13 2 13 3 13 4 13 5 13 6 13 7 13 8 13 9 13 10 14 0 14 1 14 2 14 3 14 4 14 5 14 6 14 7 14 8 14 9 14 10
q 16 6 5 6 6 7 5 7 6 8 5 8 6 9 5 9 6 10 5 10 6 11 5 11 6 12 5 12 6 13 5 13 6
q 50 8 0 8 1 8 2 8 3 8 4 8 5 8 6 8 7 8 8 8 9 9 0 9 1 9 2 9 3 9 4 9 5 9 6 9 7 9 8 9 9 10 0 10 1 10 2 10 3 10 4 10 5 10 6 10 7 10 8 10 9 11 0 11 1 11 2 11 3 11 4 11 5 11 6 11 7 11 8 11 9 12 0 12 1 12 2 12 3 12 4 12 5 12 6 12 7 12 8 12 9
q 36 9 3 9 4 9 5 9 6 9 7 9 8 9 9 9 10 9 11 10 3 10 4 10 5 10 6 10 7 10 8 10 9 10 10 10 11 11 3 11 4 11 5 11 6 11 7 11 8 11 9 11 10 11 11 12 3 12 4 12 5 12 6 12 7 12 8 12 9 12 10 12 11
q 48 2 7 2 8 2 9 2 10 3 7 3 8 3 9 3 10 4 7 4 8 4 9 4 10 5 7 5 8 5 9 5 10 6 7 6 8 6 9 6 10 7 7 7 8 7 9 7 10 8 7 8 8 8 9 8 10 9 7 9 8 9 9 9 10 10 7 10 8 10 9 10 10 11 7 11 8 11 9 11 10 12 7 12 8 12 9 12 10 13 7 13 8 13 9 13 10
q 4 13 8 13 9 14 8 14 9
q 5 8 8 9 8 10 8 11 8 12 8
q 14 8 13 8 14 9 13 9 14 10 13 10 14 11 13 11 14 12 13 12 14 13 13 13 14 14 13 14 14
q 28 6 3 6 4 6 5 6 6 6 7 6 8 6 9 7 3 7 4 7 5 7 6 7 7 7 8 7 9 8 3 8 4 8 5 8 6 8 7 8 8 8 9 9 3 9 4 9 5 9 6 9 7 9 8 9 9
q 6 11 6 11 7 12 6 12 7 13 6 13 7
q 42 7 0 7 1 7 2 7 3 7 4 7 5 8 0 8 1 8 2 8 3 8 4 8 5 9 0 9 1 9 2 9 3 9 4 9 5 10 0 10 1 10 2 10 3 10 4 10 5 11 0 11 1 11 2 11 3 11 4 11 5 12 0 12 1 12 2 12 3 12 4 12 5 13 0 13 1 13 2 13 3 13 4 13 5
q 20 8 2 8 3 8 4 8 5 9 2 9 3 9 4 9 5 10 2 10 3 10 4 10 5 11 2 11 3 11 4 11 5 12 2 12 3 12 4 12 5
q 12 6 7 6 8 6 9 6 10 7 7 7 8 7 9 7 10 8 7 8 8 8 9 8 10
q 7 2 1 2 2 2 3 2 4 2 5 2 6 2 7
q 22 1 8 1 9 2 8 2 9 3 8 3 9 4 8 4 9 5 8 5 9 6 8 6 9 7 8 7 9 8 8 8 9 9 8 9 9 10 8 10 9 11 8 11 9
q 30 0 4 0 5 1 4 1 5 2 4 2 5 3 4 3 5 4 4 4 5 5 4 5 5 6 4 6 5 7 4 7 5 8 4 8 5 9 4 9 5 10 4 10 5 11 4 11 5 12 4 12 5 13 4 13 5 14 4 14 5
q 36 6 3 6 4 6 5 6 6 6 7 6 8 6 9 6 10 6 11 6 12 6 13 6 14 7 3 7 4 7 5 7 6 7 7 7 8 7 9 7 10 7 11 7 12 7 13 7 14 8 3 8 4 8 5 8 6 8 7 8 8 8 9 8 10 8 11 8 12 8 13 8 14
q 7 5 14 6 14 7 14 8 14 9 14 10 14 11 14
q 60 8 3 8 4 8 5 8 6 8 7 8 8 8 9 8 10 8 11 8 12 9 3 9 4 9 5 9 6 9 7 9 8 9 9 9 10 9 11 9 12 10 3 10 4 10 5 10 6 10 7 10 8 10 9 10 10 10 11 10 12 11 3 11 4 11 5 11 6 11 7 11 8 11 9 11 10 11 11 11 12 12 3 12 4 12 5 12 6 12 7 12 8 12 9 12 10 12 11 12 12 13 3 13 4 13 5 13 6 13 7 13 8 13 9 13 10 13 11 13 12
q 24 13 1 13 2 13 3 13 4 13 5 13 6 13 7 13 8 13 9 13 10 13 11 13 12 14 1 14 2 14 3 14 4 14 5 14 6 14 7 14 8 14 9 14 10 14 11 14 12
q 35 2 5 2 6 2 7 2 8 2 9 2 10 2 11 3 5 3 6 3 7 3 8 3 9 3 10 3 11 4 5 4 6 4 7 4 8 4 9 4 10 4 11 5 5 5 6 5 7 5 8 5 9 5 10 5 11 6 5 6 6 6 7 6 8 6 9 6 10 6 11
q 33 1 3 1 4 1 5 1 6 1 7 1 8 1 9 1 10 1 11 1 12 1 13 2 3 2 4 2 5 2 6 2 7 2 8 2 9 2 10 2 11 2 12 2 13 3 3 3 4 3 5 3 6 3 7 3 8 3 9 3 10 3 11 3 12 3 13
q 36 7 9 7 10 7 11 7 12 7 13 7 14 8 9 8 10 8 11 8 12 8 13 8 14 9 9 9 10 9 11 9 12 9 13 9 14 10 9 10 10 10 11 10 12 10 13 10 14 11 9 11 10 11 11 11 12 11 13 11 14 12 9 12 10 12 11 12 12 12 13 12 14
q 28 1 3 1 4 1 5 1 6 1 7 1 8 1 9 2 3 2 4 2 5 2 6 2 7 2 8 2 9 3 3 3 4 3 5 3 6 3 7 3 8 3 9 4 3 4 4 4 5 4 6 4 7 4 8 4 9
q 45 0 1 0 2 0 3 1 1 1 2 1 3 2 1 2 2 2 3 3 1 3 2 3 3 4 1 4 2 4 3 5 1 5 2 5 3 6 1 6 2 6 3 7 1 7 2 7 3 8 1 8 2 8 3 9 1 9 2 9 3 10 1 10 2 10 3 11 1 11 2 11 3 12 1 12 2 12 3 13 1 13 2 13 3 14 1 14 2 14 3
q 30 0 3 0 4 0 5 1 3 1 4 1 5 2 3 2 4 2 5 3 3 3 4 3 5 4 3 4 4 4 5 5 3 5 4 5 5 6 3 6 4 6 5 7 3 7 4 7 5 8 3 8 4 8 5 9 3 9 4 9 5
q 6 11 1 11 2 11 3 12 1 12 2 12 3
q 1 2 3
q 1 2 10
q 1 3 1
q 1 3 3
q 1 3 6
q 1 3 10
q 1 4 0
q 1 4 1
q 1 4 2
q 1 4 3
q 1 4 4
q 1 4 5
q 1 4 6
q 1 4 10
q 1 5 1
q 1 5 2
q 1 5 3
q 1 5 4
q 1 5 5
q 1 5 10
q 1 5 11
q 1 5 12
q 1 5 13
q 1 6 1
q 1 6 2
q 1 6 4
q 1 6 10
q 1 6 11
q 1 7 9
q 1 7 10
q 1 7 11
q 1 7 12
q 1 8 10
q 1 8 11
q 1 8 12
q 1 9 10
q 1 9 12
q 1 10 12
q 1 1 3
q 1 2 2
q 1 2 4
q 1 1 10
q 1 2 9
q 1 2 11
q 1 2 1
q 1 3 0
q 1 3 2
q 1 3 4
q 1 2 6
q 1 3 5
q 1 3 7
q 1 3 9
q 1 3 11
q 1 5 0
q 1 5 6
q 1 4 7
q 1 4 9
q 1 4 11
q 1 6 3
q 1 6 5
q 1 5 9
q 1 4 12
q 1 6 12
q 1 4 13
q 1 6 13
q 1 5 14
q 1 6 0
q 1 7 1
q 1 7 2
q 1 7 4
q 1 6 9
q 1 7 8
q 1 8 9
q 1 7 13
q 1 9 11
q 1 8 13
q 1 9 9
q 1 10 10
q 1 9 13
q 1 10 11
q 1 11 12
q 1 10 13
a 38 2 3 2 10 3 1 3 3 3 6 3 10 4 0 4 1 4 2 4 3 4 4 4 5 4 6 4 10 5 1 5 2 5 3 5 4 5 5 5 10 5 11 5 12 5 13 6 1 6 2 6 4 6 10 6 11 7 9 7 10 7 11 7 12 8 10 8 11 8 12 9 10 9 12 10 12 
