q 36 6 1 6 2 6 3 6 4 6 5 6 6 6 7 6 8 6 9 6 10 6 11 6 12 6 13 6 14 6 15 6 16 6 17 6 18 7 1 7 2 7 3 7 4 7 5 7 6 7 7 7 8 7 9 7 10 7 11 7 12 7 13 7 14 7 15 7 16 7 17 7 18
q 60 5 5 5 6 5 7 5 8 5 9 5 10 5 11 5 12 5 13 5 14 6 5 6 6 6 7 6 8 6 9 6 10 6 11 6 12 6 13 6 14 7 5 7 6 7 7 7 8 7 9 7 10 7 11 7 12 7 13 7 14 8 5 8 6 8 7 8 8 8 9 8 10 8 11 8 12 8 13 8 14 9 5 9 6 9 7 9 8 9 9 9 10 9 11 9 12 9 13 9 14 10 5 10 6 10 7 10 8 10 9 10 10 10 11 10 12 10 13 10 14
q 64 4 8 4 9 4 10 4 11 4 12 4 13 4 14 4 15 5 8 5 9 5 10 5 11 5 12 5 13 5 14 5 15 6 8 6 9 6 10 6 11 6 12 6 13 6 14 6 15 7 8 7 9 7 10 7 11 7 12 7 13 7 14 7 15 8 8 8 9 8 10 8 11 8 12 8 13 8 14 8 15 9 8 9 9 9 10 9 11 9 12 9 13 9 14 9 15 10 8 10 9 10 10 10 11 10 12 10 13 10 14 10 15 11 8 11 9 11 10 11 11 11 12 11 13 11 14 11 15
q 54 0 0 0 1 0 2 0 3 0 4 0 5 0 6 0 7 0 8 0 9 0 10 0 11 0 12 0 13 0 14 0 15 0 16 0 17 1 0 1 1 1 2 1 3 1 4 1 5 1 6 1 7 1 8 1 9 1 10 1 11 1 12 1 13 1 14 1 15 1 16 1 17 2 0 2 1 2 2 2 3 2 4 2 5 2 6 2 7 2 8 2 9 2 10 2 11 2 12 2 13 2 14 2 15 2 16 2 17
q 64 7 1 7 2 7 3 7 4 7 5 7 6 7 7 7 8 7 9 7 10 7 11 7 12 7 13 7 14 7 15 7 16 8 1 8 2 8 3 8 4 8 5 8 6 8 7 8 8 8 9 8 10 8 11 8 12 8 13 8 14 8 15 8 16 9 1 9 2 9 3 9 4 9 5 9 6 9 7 9 8 9 9 9 10 9 11 9 12 9 13 9 14 9 15 9 16 10 1 10 2 10 3 10 4 10 5 10 6 10 7 10 8 10 9 10 10 10 11 10 12 10 13 10 14 10 15 10 16
q 32 0 11 0 12 1 11 1 12 2 11 2 12 3 11 3 12 4 11 4 12 5 11 5 12 6 11 6 12 7 11 7 12 8 11 8 12 9 11 9 12 10 11 10 12 11 11 11 12 12 11 12 12 13 11 13 12 14 11 14 12 15 11 15 12
q 42 13 0 13 1 13 2 13 3 13 4 13 5 13 6 13 7 13 8 13 9 13 10 13 11 13 12 13 13 14 0 14 1 14 2 14 3 14 4 14 5 14 6 14 7 14 8 14 9 14 10 14 11 14 12 14 13 15 0 15 1 15 2 15 3 15 4 15 5 15 6 15 7 15 8 15 9 15 10 15 11 15 12 15 13
q 34 2 7 2 8 3 7 3 8 4 7 4 8 5 7 5 8 6 7 6 8 7 7 7 8 8 7 8 8 9 7 9 8 10 7 10 8 11 7 11 8 12 7 12 8 13 7 13 8 14 7 14 8 15 7 15 8 16 7 16 8 17 7 17 8 18 7 18 8
q 49 8 4 8 5 8 6 8 7 8 8 8 9 8 10 9 4 9 5 9 6 9 7 9 8 9 9 9 10 10 4 10 5 10 6 10 7 10 8 10 9 10 10 11 4 11 5 11 6 11 7 11 8 11 9 11 10 12 4 12 5 12 6 12 7 12 8 12 9 12 10 13 4 13 5 13 6 13 7 13 8 13 9 13 10 14 4 14 5 14 6 14 7 14 8 14 9 14 10
q 45 0 2 0 3 0 4 0 5 0 6 0 7 0 8 0 9 0 10 0 11 0 12 0 13 0 14 0 15 0 16 1 2 1 3 1 4 1 5 1 6 1 7 1 8 1 9 1 10 1 11 1 12 1 13 1 14 1 15 1 16 2 2 2 3 2 4 2 5 2 6 2 7 2 8 2 9 2 10 2 11 2 12 2 13 2 14 2 15 2 16
q 64 3 3 3 4 3 5 3 6 3 7 3 8 3 9 3 10 4 3 4 4 4 5 4 6 4 7 4 8 4 9 4 10 5 3 5 4 5 5 5 6 5 7 5 8 5 9 5 10 6 3 6 4 6 5 6 6 6 7 6 8 6 9 6 10 7 3 7 4 7 5 7 6 7 7 7 8 7 9 7 10 8 3 8 4 8 5 8 6 8 7 8 8 8 9 8 10 9 3 9 4 9 5 9 6 9 7 9 8 9 9 9 10 10 3 10 4 10 5 10 6 10 7 10 8 10 9 10 10
q 44 8 0 8 1 8 2 8 3 8 4 8 5 8 6 8 7 8 8 8 9 8 10 9 0 9 1 9 2 9 3 9 4 9 5 9 6 9 7 9 8 9 9 9 10 10 0 10 1 10 2 10 3 10 4 10 5 10 6 10 7 10 8 10 9 10 10 11 0 11 1 11 2 11 3 11 4 11 5 11 6 11 7 11 8 11 9 11 10
q 32 0 8 0 9 0 10 0 11 0 12 0 13 0 14 0 15 1 8 1 9 1 10 1 11 1 12 1 13 1 14 1 15 2 8 2 9 2 10 2 11 2 12 2 13 2 14 2 15 3 8 3 9 3 10 3 11 3 12 3 13 3 14 3 15
q 32 1 0 1 1 2 0 2 1 3 0 3 1 4 0 4 1 5 0 5 1 6 0 6 1 7 0 7 1 8 0 8 1 9 0 9 1 10 0 10 1 11 0 11 1 12 0 12 1 13 0 13 1 14 0 14 1 15 0 15 1 16 0 16 1
q 60 10 6 10 7 10 8 10 9 10 10 10 11 10 12 10 13 10 14 10 15 11 6 11 7 11 8 11 9 11 10 11 11 11 12 11 13 11 14 11 15 12 6 12 7 12 8 12 9 12 10 12 11 12 12 12 13 12 14 12 15 13 6 13 7 13 8 13 9 13 10 13 11 13 12 13 13 13 14 13 15 14 6 14 7 14 8 14 9 14 10 14 11 14 12 14 13 14 14 14 15 15 6 15 7 15 8 15 9 15 10 15 11 15 12 15 13 15 14 15 15
q 36 6 7 6 8 6 9 7 7 7 8 7 9 8 7 8 8 8 9 9 7 9 8 9 9 10 7 10 8 10 9 11 7 11 8 11 9 12 7 12 8 12 9 13 7 13 8 13 9 14 7 14 8 14 9 15 7 15 8 15 9 16 7 16 8 16 9 17 7 17 8 17 9
q 63 10 1 10 2 10 3 10 4 10 5 10 6 10 7 11 1 11 2 11 3 11 4 11 5 11 6 11 7 12 1 12 2 12 3 12 4 12 5 12 6 12 7 13 1 13 2 13 3 13 4 13 5 13 6 13 7 14 1 14 2 14 3 14 4 14 5 14 6 14 7 15 1 15 2 15 3 15 4 15 5 15 6 15 7 16 1 16 2 16 3 16 4 16 5 16 6 16 7 17 1 17 2 17 3 17 4 17 5 17 6 17 7 18 1 18 2 18 3 18 4 18 5 18 6 18 7
q 36 3 0 3 1 3 2 3 3 3 4 3 5 4 0 4 1 4 2 4 3 4 4 4 5 5 0 5 1 5 2 5 3 5 4 5 5 6 0 6 1 6 2 6 3 6 4 6 5 7 0 7 1 7 2 7 3 7 4 7 5 8 0 8 1 8 2 8 3 8 4 8 5
q 30 9 10 9 11 9 12 9 13 9 14 10 10 10 11 10 12 10 13 10 14 11 10 11 11 11 12 11 13 11 14 12 10 12 11 12 12 12 13 12 14 13 10 13 11 13 12 13 13 13 14 14 10 14 11 14 12 14 13 14 14
q 44 3 2 3 3 3 4 3 5 3 6 3 7 3 8 3 9 3 10 3 11 3 12 4 2 4 3 4 4 4 5 4 6 4 7 4 8 4 9 4 10 4 11 4 12 5 2 5 3 5 4 5 5 5 6 5 7 5 8 5 9 5 10 5 11 5 12 6 2 6 3 6 4 6 5 6 6 6 7 6 8 6 9 6 10 6 11 6 12
q 60 9 9 9 10 9 11 9 12 9 13 9 14 9 15 9 16 9 17 9 18 10 9 10 10 10 11 10 12 10 13 10 14 10 15 10 16 10 17 10 18 11 9 11 10 11 11 11 12 11 13 11 14 11 15 11 16 11 17 11 18 12 9 12 10 12 11 12 12 12 13 12 14 12 15 12 16 12 17 12 18 13 9 13 10 13 11 13 12 13 13 13 14 13 15 13 16 13 17 13 18 14 9 14 10 14 11 14 12 14 13 14 14 14 15 14 16 14 17 14 18
q 42 15 1 15 2 15 3 15 4 15 5 15 6 15 7 15 8 15 9 15 10 15 11 15 12 15 13 15 14 16 1 16 2 16 3 16 4 16 5 16 6 16 7 16 8 16 9 16 10 16 11 16 12 16 13 16 14 17 1 17 2 17 3 17 4 17 5 17 6 17 7 17 8 17 9 17 10 17 11 17 12 17 13 17 14
q 60 7 9 7 10 7 11 7 12 7 13 7 14 7 15 7 16 7 17 7 18 8 9 8 10 8 11 8 12 8 13 8 14 8 15 8 16 8 17 8 18 9 9 9 10 9 11 9 12 9 13 9 14 9 15 9 16 9 17 9 18 10 9 10 10 10 11 10 12 10 13 10 14 10 15 10 16 10 17 10 18 11 9 11 10 11 11 11 12 11 13 11 14 11 15 11 16 11 17 11 18 12 9 12 10 12 11 12 12 12 13 12 14 12 15 12 16 12 17 12 18
q 42 4 10 4 11 4 12 4 13 4 14 4 15 4 16 5 10 5 11 5 12 5 13 5 14 5 15 5 16 6 10 6 11 6 12 6 13 6 14 6 15 6 16 7 10 7 11 7 12 7 13 7 14 7 15 7 16 8 10 8 11 8 12 8 13 8 14 8 15 8 16 9 10 9 11 9 12 9 13 9 14 9 15 9 16
q 48 6 8 6 9 6 10 6 11 6 12 6 13 6 14 6 15 7 8 7 9 7 10 7 11 7 12 7 13 7 14 7 15 8 8 8 9 8 10 8 11 8 12 8 13 8 14 8 15 9 8 9 9 9 10 9 11 9 12 9 13 9 14 9 15 10 8 10 9 10 10 10 11 10 12 10 13 10 14 10 15 11 8 11 9 11 10 11 11 11 12 11 13 11 14 11 15
q 64 7 2 7 3 7 4 7 5 7 6 7 7 7 8 7 9 8 2 8 3 8 4 8 5 8 6 8 7 8 8 8 9 9 2 9 3 9 4 9 5 9 6 9 7 9 8 9 9 10 2 10 3 10 4 10 5 10 6 10 7 10 8 10 9 11 2 11 3 11 4 11 5 11 6 11 7 11 8 11 9 12 2 12 3 12 4 12 5 12 6 12 7 12 8 12 9 13 2 13 3 13 4 13 5 13 6 13 7 13 8 13 9 14 2 14 3 14 4 14 5 14 6 14 7 14 8 14 9
q 50 8 5 8 6 8 7 8 8 8 9 8 10 8 11 8 12 8 13 8 14 9 5 9 6 9 7 9 8 9 9 9 10 9 11 9 12 9 13 9 14 10 5 10 6 10 7 10 8 10 9 10 10 10 11 10 12 10 13 10 14 11 5 11 6 11 7 11 8 11 9 11 10 11 11 11 12 11 13 11 14 12 5 12 6 12 7 12 8 12 9 12 10 12 11 12 12 12 13 12 14
q 42 12 6 12 7 12 8 12 9 12 10 12 11 13 6 13 7 13 8 13 9 13 10 13 11 14 6 14 7 14 8 14 9 14 10 14 11 15 6 15 7 15 8 15 9 15 10 15 11 16 6 16 7 16 8 16 9 16 10 16 11 17 6 17 7 17 8 17 9 17 10 17 11 18 6 18 7 18 8 18 9 18 10 18 11
q 39 3 4 3 5 3 6 4 4 4 5 4 6 5 4 5 5 5 6 6 4 6 5 6 6 7 4 7 5 7 6 8 4 8 5 8 6 9 4 9 5 9 6 10 4 10 5 10 6 11 4 11 5 11 6 12 4 12 5 12 6 13 4 13 5 13 6 14 4 14 5 14 6 15 4 15 5 15 6
q 60 5 7 5 8 5 9 5 10 5 11 6 7 6 8 6 9 6 10 6 11 7 7 7 8 7 9 7 10 7 11 8 7 8 8 8 9 8 10 8 11 9 7 9 8 9 9 9 10 9 11 10 7 10 8 10 9 10 10 10 11 11 7 11 8 11 9 11 10 11 11 12 7 12 8 12 9 12 10 12 11 13 7 13 8 13 9 13 10 13 11 14 7 14 8 14 9 14 10 14 11 15 7 15 8 15 9 15 10 15 11 16 7 16 8 16 9 16 10 16 11
q 42 0 12 0 13 0 14 0 15 0 16 0 17 1 12 1 13 1 14 1 15 1 16 1 17 2 12 2 13 2 14 2 15 2 16 2 17 3 12 3 13 3 14 3 15 3 16 3 17 4 12 4 13 4 14 4 15 4 16 4 17 5 12 5 13 5 14 5 15 5 16 5 17 6 12 6 13 6 14 6 15 6 16 6 17
q 54 16 0 16 1 16 2 16 3 16 4 16 5 16 6 16 7 16 8 16 9 16 10 16 11 16 12 16 13 16 14 16 15 16 16 16 17 17 0 17 1 17 2 17 3 17 4 17 5 17 6 17 7 17 8 17 9 17 10 17 11 17 12 17 13 17 14 17 15 17 16 17 17 18 0 18 1 18 2 18 3 18 4 18 5 18 6 18 7 18 8 18 9 18 10 18 11 18 12 18 13 18 14 18 15 18 16 18 17
q 48 6 1 6 2 6 3 6 4 6 5 6 6 6 7 6 8 6 9 6 10 6 11 6 12 6 13 6 14 6 15 6 16 7 1 7 2 7 3 7 4 7 5 7 6 7 7 7 8 7 9 7 10 7 11 7 12 7 13 7 14 7 15 7 16 8 1 8 2 8 3 8 4 8 5 8 6 8 7 8 8 8 9 8 10 8 11 8 12 8 13 8 14 8 15 8 16
q 39 3 0 3 1 3 2 4 0 4 1 4 2 5 0 5 1 5 2 6 0 6 1 6 2 7 0 7 1 7 2 8 0 8 1 8 2 9 0 9 1 9 2 10 0 10 1 10 2 11 0 11 1 11 2 12 0 12 1 12 2 13 0 13 1 13 2 14 0 14 1 14 2 15 0 15 1 15 2
q 44 1 4 1 5 1 6 1 7 1 8 1 9 1 10 1 11 1 12 1 13 1 14 2 4 2 5 2 6 2 7 2 8 2 9 2 10 2 11 2 12 2 13 2 14 3 4 3 5 3 6 3 7 3 8 3 9 3 10 3 11 3 12 3 13 3 14 4 4 4 5 4 6 4 7 4 8 4 9 4 10 4 11 4 12 4 13 4 14
q 56 4 8 4 9 4 10 4 11 4 12 4 13 4 14 4 15 5 8 5 9 5 10 5 11 5 12 5 13 5 14 5 15 6 8 6 9 6 10 6 11 6 12 6 13 6 14 6 15 7 8 7 9 7 10 7 11 7 12 7 13 7 14 7 15 8 8 8 9 8 10 8 11 8 12 8 13 8 14 8 15 9 8 9 9 9 10 9 11 9 12 9 13 9 14 9 15 10 8 10 9 10 10 10 11 10 12 10 13 10 14 10 15
q 36 7 0 7 1 7 2 7 3 7 4 7 5 7 6 7 7 7 8 7 9 7 10 7 11 7 12 7 13 7 14 7 15 7 16 7 17 8 0 8 1 8 2 8 3 8 4 8 5 8 6 8 7 8 8 8 9 8 10 8 11 8 12 8 13 8 14 8 15 8 16 8 17
q 36 6 0 6 1 6 2 6 3 6 4 6 5 6 6 6 7 6 8 6 9 6 10 6 11 6 12 6 13 6 14 6 15 6 16 6 17 7 0 7 1 7 2 7 3 7 4 7 5 7 6 7 7 7 8 7 9 7 10 7 11 7 12 7 13 7 14 7 15 7 16 7 17
q 36 6 8 6 9 6 10 6 11 7 8 7 9 7 10 7 11 8 8 8 9 8 10 8 11 9 8 9 9 9 10 9 11 10 8 10 9 10 10 10 11 11 8 11 9 11 10 11 11 12 8 12 9 12 10 12 11 13 8 13 9 13 10 13 11 14 8 14 9 14 10 14 11
q 60 8 4 8 5 8 6 8 7 8 8 8 9 8 10 8 11 8 12 8 13 8 14 8 15 8 16 8 17 8 18 9 4 9 5 9 6 9 7 9 8 9 9 9 10 9 11 9 12 9 13 9 14 9 15 9 16 9 17 9 18 10 4 10 5 10 6 10 7 10 8 10 9 10 10 10 11 10 12 10 13 10 14 10 15 10 16 10 17 10 18 11 4 11 5 11 6 11 7 11 8 11 9 11 10 11 11 11 12 11 13 11 14 11 15 11 16 11 17 11 18
q 45 9 8 9 9 9 10 9 11 9 12 9 13 9 14 9 15 9 16 10 8 10 9 10 10 10 11 10 12 10 13 10 14 10 15 10 16 11 8 11 9 11 10 11 11 11 12 11 13 11 14 11 15 11 16 12 8 12 9 12 10 12 11 12 12 12 13 12 14 12 15 12 16 13 8 13 9 13 10 13 11 13 12 13 13 13 14 13 15 13 16
q 34 1 10 1 11 2 10 2 11 3 10 3 11 4 10 4 11 5 10 5 11 6 10 6 11 7 10 7 11 8 10 8 11 9 10 9 11 10 10 10 11 11 10 11 11 12 10 12 11 13 10 13 11 14 10 14 11 15 10 15 11 16 10 16 11 17 10 17 11
q 60 7 14 7 15 7 16 7 17 7 18 8 14 8 15 8 16 8 17 8 18 9 14 9 15 9 16 9 17 9 18 10 14 10 15 10 16 10 17 10 18 11 14 11 15 11 16 11 17 11 18 12 14 12 15 12 16 12 17 12 18 13 14 13 15 13 16 13 17 13 18 14 14 14 15 14 16 14 17 14 18 15 14 15 15 15 16 15 17 15 18 16 14 16 15 16 16 16 17 16 18 17 14 17 15 17 16 17 17 17 18 18 14 18 15 18 16 18 17 18 18
q 48 8 1 8 2 8 3 8 4 8 5 8 6 8 7 8 8 9 1 9 2 9 3 9 4 9 5 9 6 9 7 9 8 10 1 10 2 10 3 10 4 10 5 10 6 10 7 10 8 11 1 11 2 11 3 11 4 11 5 11 6 11 7 11 8 12 1 12 2 12 3 12 4 12 5 12 6 12 7 12 8 13 1 13 2 13 3 13 4 13 5 13 6 13 7 13 8
q 64 2 5 2 6 2 7 2 8 3 5 3 6 3 7 3 8 4 5 4 6 4 7 4 8 5 5 5 6 5 7 5 8 6 5 6 6 6 7 6 8 7 5 7 6 7 7 7 8 8 5 8 6 8 7 8 8 9 5 9 6 9 7 9 8 10 5 10 6 10 7 10 8 11 5 11 6 11 7 11 8 12 5 12 6 12 7 12 8 13 5 13 6 13 7 13 8 14 5 14 6 14 7 14 8 15 5 15 6 15 7 15 8 16 5 16 6 16 7 16 8 17 5 17 6 17 7 17 8
q 36 3 7 3 8 3 9 3 10 3 11 3 12 3 13 3 14 3 15 4 7 4 8 4 9 4 10 4 11 4 12 4 13 4 14 4 15 5 7 5 8 5 9 5 10 5 11 5 12 5 13 5 14 5 15 6 7 6 8 6 9 6 10 6 11 6 12 6 13 6 14 6 15
q 36 0 0 0 1 1 0 1 1 2 0 2 1 3 0 3 1 4 0 4 1 5 0 5 1 6 0 6 1 7 0 7 1 8 0 8 1 9 0 9 1 10 0 10 1 11 0 11 1 12 0 12 1 13 0 13 1 14 0 14 1 15 0 15 1 16 0 16 1 17 0 17 1
q 27 10 2 10 3 10 4 11 2 11 3 11 4 12 2 12 3 12 4 13 2 13 3 13 4 14 2 14 3 14 4 15 2 15 3 15 4 16 2 16 3 16 4 17 2 17 3 17 4 18 2 18 3 18 4
q 60 15 2 15 3 15 4 15 5 15 6 15 7 15 8 15 9 15 10 15 11 15 12 15 13 15 14 15 15 15 16 16 2 16 3 16 4 16 5 16 6 16 7 16 8 16 9 16 10 16 11 16 12 16 13 16 14 16 15 16 16 17 2 17 3 17 4 17 5 17 6 17 7 17 8 17 9 17 10 17 11 17 12 17 13 17 14 17 15 17 16 18 2 18 3 18 4 18 5 18 6 18 7 18 8 18 9 18 10 18 11 18 12 18 13 18 14 18 15 18 16
q 60 2 9 2 10 2 11 2 12 2 13 2 14 2 15 2 16 2 17 2 18 3 9 3 10 3 11 3 12 3 13 3 14 3 15 3 16 3 17 3 18 4 9 4 10 4 11 4 12 4 13 4 14 4 15 4 16 4 17 4 18 5 9 5 10 5 11 5 12 5 13 5 14 5 15 5 16 5 17 5 18 6 9 6 10 6 11 6 12 6 13 6 14 6 15 6 16 6 17 6 18 7 9 7 10 7 11 7 12 7 13 7 14 7 15 7 16 7 17 7 18
q 44 2 15 2 16 2 17 2 18 3 15 3 16 3 17 3 18 4 15 4 16 4 17 4 18 5 15 5 16 5 17 5 18 6 15 6 16 6 17 6 18 7 15 7 16 7 17 7 18 8 15 8 16 8 17 8 18 9 15 9 16 9 17 9 18 10 15 10 16 10 17 10 18 11 15 11 16 11 17 11 18 12 15 12 16 12 17 12 18
q 48 4 11 4 12 4 13 4 14 5 11 5 12 5 13 5 14 6 11 6 12 6 13 6 14 7 11 7 12 7 13 7 14 8 11 8 12 8 13 8 14 9 11 9 12 9 13 9 14 10 11 10 12 10 13 10 14 11 11 11 12 11 13 11 14 12 11 12 12 12 13 12 14 13 11 13 12 13 13 13 14 14 11 14 12 14 13 14 14 15 11 15 12 15 13 15 14
q 32 11 0 11 1 11 2 11 3 12 0 12 1 12 2 12 3 13 0 13 1 13 2 13 3 14 0 14 1 14 2 14 3 15 0 15 1 15 2 15 3 16 0 16 1 16 2 16 3 17 0 17 1 17 2 17 3 18 0 18 1 18 2 18 3
q 57 16 0 16 1 16 2 16 3 16 4 16 5 16 6 16 7 16 8 16 9 16 10 16 11 16 12 16 13 16 14 16 15 16 16 16 17 16 18 17 0 17 1 17 2 17 3 17 4 17 5 17 6 17 7 17 8 17 9 17 10 17 11 17 12 17 13 17 14 17 15 17 16 17 17 17 18 18 0 18 1 18 2 18 3 18 4 18 5 18 6 18 7 18 8 18 9 18 10 18 11 18 12 18 13 18 14 18 15 18 16 18 17 18 18
q 28 8 0 8 1 8 2 8 3 9 0 9 1 9 2 9 3 10 0 10 1 10 2 10 3 11 0 11 1 11 2 11 3 12 0 12 1 12 2 12 3 13 0 13 1 13 2 13 3 14 0 14 1 14 2 14 3
q 42 9 6 9 7 9 8 9 9 9 10 9 11 10 6 10 7 10 8 10 9 10 10 10 11 11 6 11 7 11 8 11 9 11 10 11 11 12 6 12 7 12 8 12 9 12 10 12 11 13 6 13 7 13 8 13 9 13 10 13 11 14 6 14 7 14 8 14 9 14 10 14 11 15 6 15 7 15 8 15 9 15 10 15 11
q 30 1 16 1 17 2 16 2 17 3 16 3 17 4 16 4 17 5 16 5 17 6 16 6 17 7 16 7 17 8 16 8 17 9 16 9 17 10 16 10 17 11 16 11 17 12 16 12 17 13 16 13 17 14 16 14 17 15 16 15 17
q 48 12 10 12 11 12 12 12 13 12 14 12 15 12 16 12 17 13 10 13 11 13 12 13 13 13 14 13 15 13 16 13 17 14 10 14 11 14 12 14 13 14 14 14 15 14 16 14 17 15 10 15 11 15 12 15 13 15 14 15 15 15 16 15 17 16 10 16 11 16 12 16 13 16 14 16 15 16 16 16 17 17 10 17 11 17 12 17 13 17 14 17 15 17 16 17 17
q 28 5 8 5 9 6 8 6 9 7 8 7 9 8 8 8 9 9 8 9 9 10 8 10 9 11 8 11 9 12 8 12 9 13 8 13 9 14 8 14 9 15 8 15 9 16 8 16 9 17 8 17 9 18 8 18 9
q 26 4 0 4 1 5 0 5 1 6 0 6 1 7 0 7 1 8 0 8 1 9 0 9 1 10 0 10 1 11 0 11 1 12 0 12 1 13 0 13 1 14 0 14 1 15 0 15 1 16 0 16 1
q 54 0 3 0 4 0 5 1 3 1 4 1 5 2 3 2 4 2 5 3 3 3 4 3 5 4 3 4 4 4 5 5 3 5 4 5 5 6 3 6 4 6 5 7 3 7 4 7 5 8 3 8 4 8 5 9 3 9 4 9 5 10 3 10 4 10 5 11 3 11 4 11 5 12 3 12 4 12 5 13 3 13 4 13 5 14 3 14 4 14 5 15 3 15 4 15 5 16 3 16 4 16 5 17 3 17 4 17 5
q 40 15 0 15 1 15 2 15 3 15 4 15 5 15 6 15 7 15 8 15 9 16 0 16 1 16 2 16 3 16 4 16 5 16 6 16 7 16 8 16 9 17 0 17 1 17 2 17 3 17 4 17 5 17 6 17 7 17 8 17 9 18 0 18 1 18 2 18 3 18 4 18 5 18 6 18 7 18 8 18 9
q 54 15 0 15 1 15 2 15 3 15 4 15 5 15 6 15 7 15 8 15 9 15 10 15 11 15 12 15 13 15 14 15 15 15 16 15 17 16 0 16 1 16 2 16 3 16 4 16 5 16 6 16 7 16 8 16 9 16 10 16 11 16 12 16 13 16 14 16 15 16 16 16 17 17 0 17 1 17 2 17 3 17 4 17 5 17 6 17 7 17 8 17 9 17 10 17 11 17 12 17 13 17 14 17 15 17 16 17 17
q 56 3 4 3 5 3 6 3 7 3 8 3 9 3 10 4 4 4 5 4 6 4 7 4 8 4 9 4 10 5 4 5 5 5 6 5 7 5 8 5 9 5 10 6 4 6 5 6 6 6 7 6 8 6 9 6 10 7 4 7 5 7 6 7 7 7 8 7 9 7 10 8 4 8 5 8 6 8 7 8 8 8 9 8 10 9 4 9 5 9 6 9 7 9 8 9 9 9 10 10 4 10 5 10 6 10 7 10 8 10 9 10 10
q 30 5 1 5 2 5 3 5 4 5 5 6 1 6 2 6 3 6 4 6 5 7 1 7 2 7 3 7 4 7 5 8 1 8 2 8 3 8 4 8 5 9 1 9 2 9 3 9 4 9 5 10 1 10 2 10 3 10 4 10 5
q 52 0 7 0 8 0 9 0 10 1 7 1 8 1 9 1 10 2 7 2 8 2 9 2 10 3 7 3 8 3 9 3 10 4 7 4 8 4 9 4 10 5 7 5 8 5 9 5 10 6 7 6 8 6 9 6 10 7 7 7 8 7 9 7 10 8 7 8 8 8 9 8 10 9 7 9 8 9 9 9 10 10 7 10 8 10 9 10 10 11 7 11 8 11 9 11 10 12 7 12 8 12 9 12 10
q 26 2 3 2 4 2 5 2 6 2 7 2 8 2 9 2 10 2 11 2 12 2 13 2 14 2 15 3 3 3 4 3 5 3 6 3 7 3 8 3 9 3 10 3 11 3 12 3 13 3 14 3 15
q 52 3 15 3 16 3 17 3 18 4 15 4 16 4 17 4 18 5 15 5 16 5 17 5 18 6 15 6 16 6 17 6 18 7 15 7 16 7 17 7 18 8 15 8 16 8 17 8 18 9 15 9 16 9 17 9 18 10 15 10 16 10 17 10 18 11 15 11 16 11 17 11 18 12 15 12 16 12 17 12 18 13 15 13 16 13 17 13 18 14 15 14 16 14 17 14 18 15 15 15 16 15 17 15 18
q 48 2 6 2 7 2 8 2 9 2 10 2 11 2 12 2 13 2 14 2 15 2 16 2 17 3 6 3 7 3 8 3 9 3 10 3 11 3 12 3 13 3 14 3 15 3 16 3 17 4 6 4 7 4 8 4 9 4 10 4 11 4 12 4 13 4 14 4 15 4 16 4 17 5 6 5 7 5 8 5 9 5 10 5 11 5 12 5 13 5 14 5 15 5 16 5 17
q 48 1 12 1 13 1 14 2 12 2 13 2 14 3 12 3 13 3 14 4 12 4 13 4 14 5 12 5 13 5 14 6 12 6 13 6 14 7 12 7 13 7 14 8 12 8 13 8 14 9 12 9 13 9 14 10 12 10 13 10 14 11 12 11 13 11 14 12 12 12 13 12 14 13 12 13 13 13 14 14 12 14 13 14 14 15 12 15 13 15 14 16 12 16 13 16 14
q 51 0 10 0 11 0 12 1 10 1 11 1 12 2 10 2 11 2 12 3 10 3 11 3 12 4 10 4 11 4 12 5 10 5 11 5 12 6 10 6 11 6 12 7 10 7 11 7 12 8 10 8 11 8 12 9 10 9 11 9 12 10 10 10 11 10 12 11 10 11 11 11 12 12 10 12 11 12 12 13 10 13 11 13 12 14 10 14 11 14 12 15 10 15 11 15 12 16 10 16 11 16 12
q 45 12 1 12 2 12 3 12 4 12 5 12 6 12 7 12 8 12 9 12 10 12 11 12 12 12 13 12 14 12 15 13 1 13 2 13 3 13 4 13 5 13 6 13 7 13 8 13 9 13 10 13 11 13 12 13 13 13 14 13 15 14 1 14 2 14 3 14 4 14 5 14 6 14 7 14 8 14 9 14 10 14 11 14 12 14 13 14 14 14 15
q 32 6 0 6 1 6 2 6 3 6 4 6 5 6 6 6 7 7 0 7 1 7 2 7 3 7 4 7 5 7 6 7 7 8 0 8 1 8 2 8 3 8 4 8 5 8 6 8 7 9 0 9 1 9 2 9 3 9 4 9 5 9 6 9 7
q 51 2 12 2 13 2 14 3 12 3 13 3 14 4 12 4 13 4 14 5 12 5 13 5 14 6 12 6 13 6 14 7 12 7 13 7 14 8 12 8 13 8 14 9 12 9 13 9 14 10 12 10 13 10 14 11 12 11 13 11 14 12 12 12 13 12 14 13 12 13 13 13 14 14 12 14 13 14 14 15 12 15 13 15 14 16 12 16 13 16 14 17 12 17 13 17 14 18 12 18 13 18 14
q 45 1 0 1 1 1 2 2 0 2 1 2 2 3 0 3 1 3 2 4 0 4 1 4 2 5 0 5 1 5 2 6 0 6 1 6 2 7 0 7 1 7 2 8 0 8 1 8 2 9 0 9 1 9 2 10 0 10 1 10 2 11 0 11 1 11 2 12 0 12 1 12 2 13 0 13 1 13 2 14 0 14 1 14 2 15 0 15 1 15 2
q 30 1 3 1 4 1 5 2 3 2 4 2 5 3 3 3 4 3 5 4 3 4 4 4 5 5 3 5 4 5 5 6 3 6 4 6 5 7 3 7 4 7 5 8 3 8 4 8 5 9 3 9 4 9 5 10 3 10 4 10 5
q 42 0 5 0 6 0 7 0 8 0 9 0 10 0 11 0 12 0 13 0 14 0 15 0 16 0 17 0 18 1 5 1 6 1 7 1 8 1 9 1 10 1 11 1 12 1 13 1 14 1 15 1 16 1 17 1 18 2 5 2 6 2 7 2 8 2 9 2 10 2 11 2 12 2 13 2 14 2 15 2 16 2 17 2 18
q 32 9 9 9 10 9 11 9 12 9 13 9 14 9 15 9 16 10 9 10 10 10 11 10 12 10 13 10 14 10 15 10 16 11 9 11 10 11 11 11 12 11 13 11 14 11 15 11 16 12 9 12 10 12 11 12 12 12 13 12 14 12 15 12 16
q 36 1 10 1 11 2 10 2 11 3 10 3 11 4 10 4 11 5 10 5 11 6 10 6 11 7 10 7 11 8 10 8 11 9 10 9 11 10 10 10 11 11 10 11 11 12 10 12 11 13 10 13 11 14 10 14 11 15 10 15 11 16 10 16 11 17 10 17 11 18 10 18 11
q 48 3 11 3 12 3 13 3 14 4 11 4 12 4 13 4 14 5 11 5 12 5 13 5 14 6 11 6 12 6 13 6 14 7 11 7 12 7 13 7 14 8 11 8 12 8 13 8 14 9 11 9 12 9 13 9 14 10 11 10 12 10 13 10 14 11 11 11 12 11 13 11 14 12 11 12 12 12 13 12 14 13 11 13 12 13 13 13 14 14 11 14 12 14 13 14 14
q 64 0 5 0 6 0 7 0 8 1 5 1 6 1 7 1 8 2 5 2 6 2 7 2 8 3 5 3 6 3 7 3 8 4 5 4 6 4 7 4 8 5 5 5 6 5 7 5 8 6 5 6 6 6 7 6 8 7 5 7 6 7 7 7 8 8 5 8 6 8 7 8 8 9 5 9 6 9 7 9 8 10 5 10 6 10 7 10 8 11 5 11 6 11 7 11 8 12 5 12 6 12 7 12 8 13 5 13 6 13 7 13 8 14 5 14 6 14 7 14 8 15 5 15 6 15 7 15 8
q 54 5 1 5 2 5 3 5 4 5 5 5 6 6 1 6 2 6 3 6 4 6 5 6 6 7 1 7 2 7 3 7 4 7 5 7 6 8 1 8 2 8 3 8 4 8 5 8 6 9 1 9 2 9 3 9 4 9 5 9 6 10 1 10 2 10 3 10 4 10 5 10 6 11 1 11 2 11 3 11 4 11 5 11 6 12 1 12 2 12 3 12 4 12 5 12 6 13 1 13 2 13 3 13 4 13 5 13 6
q 32 8 2 8 3 8 4 8 5 8 6 8 7 8 8 8 9 8 10 8 11 8 12 8 13 8 14 8 15 8 16 8 17 9 2 9 3 9 4 9 5 9 6 9 7 9 8 9 9 9 10 9 11 9 12 9 13 9 14 9 15 9 16 9 17
q 63 4 7 4 8 4 9 4 10 4 11 4 12 4 13 5 7 5 8 5 9 5 10 5 11 5 12 5 13 6 7 6 8 6 9 6 10 6 11 6 12 6 13 7 7 7 8 7 9 7 10 7 11 7 12 7 13 8 7 8 8 8 9 8 10 8 11 8 12 8 13 9 7 9 8 9 9 9 10 9 11 9 12 9 13 10 7 10 8 10 9 10 10 10 11 10 12 10 13 11 7 11 8 11 9 11 10 11 11 11 12 11 13 12 7 12 8 12 9 12 10 12 11 12 12 12 13
q 56 4 5 4 6 4 7 4 8 4 9 4 10 4 11 4 12 5 5 5 6 5 7 5 8 5 9 5 10 5 11 5 12 6 5 6 6 6 7 6 8 6 9 6 10 6 11 6 12 7 5 7 6 7 7 7 8 7 9 7 10 7 11 7 12 8 5 8 6 8 7 8 8 8 9 8 10 8 11 8 12 9 5 9 6 9 7 9 8 9 9 9 10 9 11 9 12 10 5 10 6 10 7 10 8 10 9 10 10 10 11 10 12
q 55 8 5 8 6 8 7 8 8 8 9 9 5 9 6 9 7 9 8 9 9 10 5 10 6 10 7 10 8 10 9 11 5 11 6 11 7 11 8 11 9 12 5 12 6 12 7 12 8 12 9 13 5 13 6 13 7 13 8 13 9 14 5 14 6 14 7 14 8 14 9 15 5 15 6 15 7 15 8 15 9 16 5 16 6 16 7 16 8 16 9 17 5 17 6 17 7 17 8 17 9 18 5 18 6 18 7 18 8 18 9
q 64 6 9 6 10 6 11 6 12 6 13 6 14 6 15 6 16 7 9 7 10 7 11 7 12 7 13 7 14 7 15 7 16 8 9 8 10 8 11 8 12 8 13 8 14 8 15 8 16 9 9 9 10 9 11 9 12 9 13 9 14 9 15 9 16 10 9 10 10 10 11 10 12 10 13 10 14 10 15 10 16 11 9 11 10 11 11 11 12 11 13 11 14 11 15 11 16 12 9 12 10 12 11 12 12 12 13 12 14 12 15 12 16 13 9 13 10 13 11 13 12 13 13 13 14 13 15 13 16
q 60 10 3 10 4 10 5 10 6 10 7 10 8 10 9 10 10 10 11 10 12 11 3 11 4 11 5 11 6 11 7 11 8 11 9 11 10 11 11 11 12 12 3 12 4 12 5 12 6 12 7 12 8 12 9 12 10 12 11 12 12 13 3 13 4 13 5 13 6 13 7 13 8 13 9 13 10 13 11 13 12 14 3 14 4 14 5 14 6 14 7 14 8 14 9 14 10 14 11 14 12 15 3 15 4 15 5 15 6 15 7 15 8 15 9 15 10 15 11 15 12
q 42 5 5 5 6 5 7 6 5 6 6 6 7 7 5 7 6 7 7 8 5 8 6 8 7 9 5 9 6 9 7 10 5 10 6 10 7 11 5 11 6 11 7 12 5 12 6 12 7 13 5 13 6 13 7 14 5 14 6 14 7 15 5 15 6 15 7 16 5 16 6 16 7 17 5 17 6 17 7 18 5 18 6 18 7
q 42 12 2 12 3 12 4 12 5 12 6 12 7 12 8 12 9 12 10 12 11 12 12 12 13 12 14 12 15 13 2 13 3 13 4 13 5 13 6 13 7 13 8 13 9 13 10 13 11 13 12 13 13 13 14 13 15 14 2 14 3 14 4 14 5 14 6 14 7 14 8 14 9 14 10 14 11 14 12 14 13 14 14 14 15
q 32 4 1 4 2 4 3 4 4 4 5 4 6 4 7 4 8 4 9 4 10 4 11 4 12 4 13 4 14 4 15 4 16 5 1 5 2 5 3 5 4 5 5 5 6 5 7 5 8 5 9 5 10 5 11 5 12 5 13 5 14 5 15 5 16
q 42 16 5 16 6 16 7 16 8 16 9 16 10 16 11 16 12 16 13 16 14 16 15 16 16 16 17 16 18 17 5 17 6 17 7 17 8 17 9 17 10 17 11 17 12 17 13 17 14 17 15 17 16 17 17 17 18 18 5 18 6 18 7 18 8 18 9 18 10 18 11 18 12 18 13 18 14 18 15 18 16 18 17 18 18
q 44 0 6 0 7 0 8 0 9 0 10 0 11 0 12 0 13 0 14 0 15 0 16 1 6 1 7 1 8 1 9 1 10 1 11 1 12 1 13 1 14 1 15 1 16 2 6 2 7 2 8 2 9 2 10 2 11 2 12 2 13 2 14 2 15 2 16 3 6 3 7 3 8 3 9 3 10 3 11 3 12 3 13 3 14 3 15 3 16
q 63 9 12 9 13 9 14 9 15 9 16 9 17 9 18 10 12 10 13 10 14 10 15 10 16 10 17 10 18 11 12 11 13 11 14 11 15 11 16 11 17 11 18 12 12 12 13 12 14 12 15 12 16 12 17 12 18 13 12 13 13 13 14 13 15 13 16 13 17 13 18 14 12 14 13 14 14 14 15 14 16 14 17 14 18 15 12 15 13 15 14 15 15 15 16 15 17 15 18 16 12 16 13 16 14 16 15 16 16 16 17 16 18 17 12 17 13 17 14 17 15 17 16 17 17 17 18
q 55 9 6 9 7 9 8 9 9 9 10 9 11 9 12 9 13 9 14 9 15 9 16 10 6 10 7 10 8 10 9 10 10 10 11 10 12 10 13 10 14 10 15 10 16 11 6 11 7 11 8 11 9 11 10 11 11 11 12 11 13 11 14 11 15 11 16 12 6 12 7 12 8 12 9 12 10 12 11 12 12 12 13 12 14 12 15 12 16 13 6 13 7 13 8 13 9 13 10 13 11 13 12 13 13 13 14 13 15 13 16
q 36 5 6 5 7 5 8 5 9 6 6 6 7 6 8 6 9 7 6 7 7 7 8 7 9 8 6 8 7 8 8 8 9 9 6 9 7 9 8 9 9 10 6 10 7 10 8 10 9 11 6 11 7 11 8 11 9 12 6 12 7 12 8 12 9 13 6 13 7 13 8 13 9
q 60 13 4 13 5 13 6 13 7 13 8 13 9 13 10 13 11 13 12 13 13 14 4 14 5 14 6 14 7 14 8 14 9 14 10 14 11 14 12 14 13 15 4 15 5 15 6 15 7 15 8 15 9 15 10 15 11 15 12 15 13 16 4 16 5 16 6 16 7 16 8 16 9 16 10 16 11 16 12 16 13 17 4 17 5 17 6 17 7 17 8 17 9 17 10 17 11 17 12 17 13 18 4 18 5 18 6 18 7 18 8 18 9 18 10 18 11 18 12 18 13
q 56 9 2 9 3 9 4 9 5 9 6 9 7 9 8 10 2 10 3 10 4 10 5 10 6 10 7 10 8 11 2 11 3 11 4 11 5 11 6 11 7 11 8 12 2 12 3 12 4 12 5 12 6 12 7 12 8 13 2 13 3 13 4 13 5 13 6 13 7 13 8 14 2 14 3 14 4 14 5 14 6 14 7 14 8 15 2 15 3 15 4 15 5 15 6 15 7 15 8 16 2 16 3 16 4 16 5 16 6 16 7 16 8
q 56 2 0 2 1 2 2 2 3 3 0 3 1 3 2 3 3 4 0 4 1 4 2 4 3 5 0 5 1 5 2 5 3 6 0 6 1 6 2 6 3 7 0 7 1 7 2 7 3 8 0 8 1 8 2 8 3 9 0 9 1 9 2 9 3 10 0 10 1 10 2 10 3 11 0 11 1 11 2 11 3 12 0 12 1 12 2 12 3 13 0 13 1 13 2 13 3 14 0 14 1 14 2 14 3 15 0 15 1 15 2 15 3
q 45 0 4 0 5 0 6 1 4 1 5 1 6 2 4 2 5 2 6 3 4 3 5 3 6 4 4 4 5 4 6 5 4 5 5 5 6 6 4 6 5 6 6 7 4 7 5 7 6 8 4 8 5 8 6 9 4 9 5 9 6 10 4 10 5 10 6 11 4 11 5 11 6 12 4 12 5 12 6 13 4 13 5 13 6 14 4 14 5 14 6
q 42 1 8 1 9 1 10 1 11 1 12 1 13 1 14 2 8 2 9 2 10 2 11 2 12 2 13 2 14 3 8 3 9 3 10 3 11 3 12 3 13 3 14 4 8 4 9 4 10 4 11 4 12 4 13 4 14 5 8 5 9 5 10 5 11 5 12 5 13 5 14 6 8 6 9 6 10 6 11 6 12 6 13 6 14
q 48 12 2 12 3 12 4 12 5 12 6 12 7 12 8 12 9 12 10 12 11 12 12 12 13 13 2 13 3 13 4 13 5 13 6 13 7 13 8 13 9 13 10 13 11 13 12 13 13 14 2 14 3 14 4 14 5 14 6 14 7 14 8 14 9 14 10 14 11 14 12 14 13 15 2 15 3 15 4 15 5 15 6 15 7 15 8 15 9 15 10 15 11 15 12 15 13
q 36 7 1 7 2 7 3 7 4 7 5 7 6 7 7 7 8 7 9 7 10 7 11 7 12 7 13 7 14 7 15 7 16 7 17 7 18 8 1 8 2 8 3 8 4 8 5 8 6 8 7 8 8 8 9 8 10 8 11 8 12 8 13 8 14 8 15 8 16 8 17 8 18
q 34 4 0 4 1 4 2 4 3 4 4 4 5 4 6 4 7 4 8 4 9 4 10 4 11 4 12 4 13 4 14 4 15 4 16 5 0 5 1 5 2 5 3 5 4 5 5 5 6 5 7 5 8 5 9 5 10 5 11 5 12 5 13 5 14 5 15 5 16
q 33 16 3 16 4 16 5 16 6 16 7 16 8 16 9 16 10 16 11 16 12 16 13 17 3 17 4 17 5 17 6 17 7 17 8 17 9 17 10 17 11 17 12 17 13 18 3 18 4 18 5 18 6 18 7 18 8 18 9 18 10 18 11 18 12 18 13
q 40 9 2 9 3 9 4 9 5 9 6 9 7 9 8 9 9 9 10 9 11 10 2 10 3 10 4 10 5 10 6 10 7 10 8 10 9 10 10 10 11 11 2 11 3 11 4 11 5 11 6 11 7 11 8 11 9 11 10 11 11 12 2 12 3 12 4 12 5 12 6 12 7 12 8 12 9 12 10 12 11
q 60 3 11 3 12 3 13 3 14 3 15 4 11 4 12 4 13 4 14 4 15 5 11 5 12 5 13 5 14 5 15 6 11 6 12 6 13 6 14 6 15 7 11 7 12 7 13 7 14 7 15 8 11 8 12 8 13 8 14 8 15 9 11 9 12 9 13 9 14 9 15 10 11 10 12 10 13 10 14 10 15 11 11 11 12 11 13 11 14 11 15 12 11 12 12 12 13 12 14 12 15 13 11 13 12 13 13 13 14 13 15 14 11 14 12 14 13 14 14 14 15
q 39 2 16 2 17 2 18 3 16 3 17 3 18 4 16 4 17 4 18 5 16 5 17 5 18 6 16 6 17 6 18 7 16 7 17 7 18 8 16 8 17 8 18 9 16 9 17 9 18 10 16 10 17 10 18 11 16 11 17 11 18 12 16 12 17 12 18 13 16 13 17 13 18 14 16 14 17 14 18
q 36 6 7 6 8 6 9 6 10 6 11 6 12 6 13 6 14 6 15 6 16 6 17 6 18 7 7 7 8 7 9 7 10 7 11 7 12 7 13 7 14 7 15 7 16 7 17 7 18 8 7 8 8 8 9 8 10 8 11 8 12 8 13 8 14 8 15 8 16 8 17 8 18
q 42 1 7 1 8 1 9 1 10 1 11 1 12 2 7 2 8 2 9 2 10 2 11 2 12 3 7 3 8 3 9 3 10 3 11 3 12 4 7 4 8 4 9 4 10 4 11 4 12 5 7 5 8 5 9 5 10 5 11 5 12 6 7 6 8 6 9 6 10 6 11 6 12 7 7 7 8 7 9 7 10 7 11 7 12
q 60 2 1 2 2 2 3 2 4 3 1 3 2 3 3 3 4 4 1 4 2 4 3 4 4 5 1 5 2 5 3 5 4 6 1 6 2 6 3 6 4 7 1 7 2 7 3 7 4 8 1 8 2 8 3 8 4 9 1 9 2 9 3 9 4 10 1 10 2 10 3 10 4 11 1 11 2 11 3 11 4 12 1 12 2 12 3 12 4 13 1 13 2 13 3 13 4 14 1 14 2 14 3 14 4 15 1 15 2 15 3 15 4 16 1 16 2 16 3 16 4
q 48 1 10 1 11 1 12 1 13 2 10 2 11 2 12 2 13 3 10 3 11 3 12 3 13 4 10 4 11 4 12 4 13 5 10 5 11 5 12 5 13 6 10 6 11 6 12 6 13 7 10 7 11 7 12 7 13 8 10 8 11 8 12 8 13 9 10 9 11 9 12 9 13 10 10 10 11 10 12 10 13 11 10 11 11 11 12 11 13 12 10 12 11 12 12 12 13
q 60 0 9 0 10 0 11 0 12 1 9 1 10 1 11 1 12 2 9 2 10 2 11 2 12 3 9 3 10 3 11 3 12 4 9 4 10 4 11 4 12 5 9 5 10 5 11 5 12 6 9 6 10 6 11 6 12 7 9 7 10 7 11 7 12 8 9 8 10 8 11 8 12 9 9 9 10 9 11 9 12 10 9 10 10 10 11 10 12 11 9 11 10 11 11 11 12 12 9 12 10 12 11 12 12 13 9 13 10 13 11 13 12 14 9 14 10 14 11 14 12
q 42 6 1 6 2 6 3 6 4 6 5 6 6 6 7 6 8 6 9 6 10 6 11 6 12 6 13 6 14 7 1 7 2 7 3 7 4 7 5 7 6 7 7 7 8 7 9 7 10 7 11 7 12 7 13 7 14 8 1 8 2 8 3 8 4 8 5 8 6 8 7 8 8 8 9 8 10 8 11 8 12 8 13 8 14
q 30 3 2 3 3 3 4 4 2 4 3 4 4 5 2 5 3 5 4 6 2 6 3 6 4 7 2 7 3 7 4 8 2 8 3 8 4 9 2 9 3 9 4 10 2 10 3 10 4 11 2 11 3 11 4 12 2 12 3 12 4
q 63 8 1 8 2 8 3 8 4 8 5 8 6 8 7 9 1 9 2 9 3 9 4 9 5 9 6 9 7 10 1 10 2 10 3 10 4 10 5 10 6 10 7 11 1 11 2 11 3 11 4 11 5 11 6 11 7 12 1 12 2 12 3 12 4 12 5 12 6 12 7 13 1 13 2 13 3 13 4 13 5 13 6 13 7 14 1 14 2 14 3 14 4 14 5 14 6 14 7 15 1 15 2 15 3 15 4 15 5 15 6 15 7 16 1 16 2 16 3 16 4 16 5 16 6 16 7
q 30 10 6 10 7 10 8 10 9 10 10 10 11 11 6 11 7 11 8 11 9 11 10 11 11 12 6 12 7 12 8 12 9 12 10 12 11 13 6 13 7 13 8 13 9 13 10 13 11 14 6 14 7 14 8 14 9 14 10 14 11
q 48 11 0 11 1 11 2 11 3 11 4 11 5 12 0 12 1 12 2 12 3 12 4 12 5 13 0 13 1 13 2 13 3 13 4 13 5 14 0 14 1 14 2 14 3 14 4 14 5 15 0 15 1 15 2 15 3 15 4 15 5 16 0 16 1 16 2 16 3 16 4 16 5 17 0 17 1 17 2 17 3 17 4 17 5 18 0 18 1 18 2 18 3 18 4 18 5
q 30 7 0 7 1 7 2 7 3 7 4 7 5 7 6 7 7 7 8 7 9 7 10 7 11 7 12 7 13 7 14 8 0 8 1 8 2 8 3 8 4 8 5 8 6 8 7 8 8 8 9 8 10 8 11 8 12 8 13 8 14
q 35 13 2 13 3 13 4 13 5 13 6 13 7 13 8 14 2 14 3 14 4 14 5 14 6 14 7 14 8 15 2 15 3 15 4 15 5 15 6 15 7 15 8 16 2 16 3 16 4 16 5 16 6 16 7 16 8 17 2 17 3 17 4 17 5 17 6 17 7 17 8
q 38 11 0 11 1 11 2 11 3 11 4 11 5 11 6 11 7 11 8 11 9 11 10 11 11 11 12 11 13 11 14 11 15 11 16 11 17 11 18 12 0 12 1 12 2 12 3 12 4 12 5 12 6 12 7 12 8 12 9 12 10 12 11 12 12 12 13 12 14 12 15 12 16 12 17 12 18
q 64 11 5 11 6 11 7 11 8 11 9 11 10 11 11 11 12 12 5 12 6 12 7 12 8 12 9 12 10 12 11 12 12 13 5 13 6 13 7 13 8 13 9 13 10 13 11 13 12 14 5 14 6 14 7 14 8 14 9 14 10 14 11 14 12 15 5 15 6 15 7 15 8 15 9 15 10 15 11 15 12 16 5 16 6 16 7 16 8 16 9 16 10 16 11 16 12 17 5 17 6 17 7 17 8 17 9 17 10 17 11 17 12 18 5 18 6 18 7 18 8 18 9 18 10 18 11 18 12
q 32 0 12 0 13 1 12 1 13 2 12 2 13 3 12 3 13 4 12 4 13 5 12 5 13 6 12 6 13 7 12 7 13 8 12 8 13 9 12 9 13 10 12 10 13 11 12 11 13 12 12 12 13 13 12 13 13 14 12 14 13 15 12 15 13
q 30 1 5 1 6 1 7 1 8 1 9 1 10 1 11 1 12 1 13 1 14 2 5 2 6 2 7 2 8 2 9 2 10 2 11 2 12 2 13 2 14 3 5 3 6 3 7 3 8 3 9 3 10 3 11 3 12 3 13 3 14
q 64 0 15 0 16 0 17 0 18 1 15 1 16 1 17 1 18 2 15 2 16 2 17 2 18 3 15 3 16 3 17 3 18 4 15 4 16 4 17 4 18 5 15 5 16 5 17 5 18 6 15 6 16 6 17 6 18 7 15 7 16 7 17 7 18 8 15 8 16 8 17 8 18 9 15 9 16 9 17 9 18 10 15 10 16 10 17 10 18 11 15 11 16 11 17 11 18 12 15 12 16 12 17 12 18 13 15 13 16 13 17 13 18 14 15 14 16 14 17 14 18 15 15 15 16 15 17 15 18
q 26 6 6 6 7 7 6 7 7 8 6 8 7 9 6 9 7 10 6 10 7 11 6 11 7 12 6 12 7 13 6 13 7 14 6 14 7 15 6 15 7 16 6 16 7 17 6 17 7 18 6 18 7
q 35 11 12 11 13 11 14 11 15 11 16 11 17 11 18 12 12 12 13 12 14 12 15 12 16 12 17 12 18 13 12 13 13 13 14 13 15 13 16 13 17 13 18 14 12 14 13 14 14 14 15 14 16 14 17 14 18 15 12 15 13 15 14 15 15 15 16 15 17 15 18
q 36 0 15 0 16 0 17 1 15 1 16 1 17 2 15 2 16 2 17 3 15 3 16 3 17 4 15 4 16 4 17 5 15 5 16 5 17 6 15 6 16 6 17 7 15 7 16 7 17 8 15 8 16 8 17 9 15 9 16 9 17 10 15 10 16 10 17 11 15 11 16 11 17
q 42 1 10 1 11 1 12 1 13 1 14 1 15 1 16 2 10 2 11 2 12 2 13 2 14 2 15 2 16 3 10 3 11 3 12 3 13 3 14 3 15 3 16 4 10 4 11 4 12 4 13 4 14 4 15 4 16 5 10 5 11 5 12 5 13 5 14 5 15 5 16 6 10 6 11 6 12 6 13 6 14 6 15 6 16
q 28 2 11 2 12 3 11 3 12 4 11 4 12 5 11 5 12 6 11 6 12 7 11 7 12 8 11 8 12 9 11 9 12 10 11 10 12 11 11 11 12 12 11 12 12 13 11 13 12 14 11 14 12 15 11 15 12
q 64 7 9 7 10 7 11 7 12 7 13 7 14 7 15 7 16 8 9 8 10 8 11 8 12 8 13 8 14 8 15 8 16 9 9 9 10 9 11 9 12 9 13 9 14 9 15 9 16 10 9 10 10 10 11 10 12 10 13 10 14 10 15 10 16 11 9 11 10 11 11 11 12 11 13 11 14 11 15 11 16 12 9 12 10 12 11 12 12 12 13 12 14 12 15 12 16 13 9 13 10 13 11 13 12 13 13 13 14 13 15 13 16 14 9 14 10 14 11 14 12 14 13 14 14 14 15 14 16
q 32 9 0 9 1 9 2 9 3 9 4 9 5 9 6 9 7 10 0 10 1 10 2 10 3 10 4 10 5 10 6 10 7 11 0 11 1 11 2 11 3 11 4 11 5 11 6 11 7 12 0 12 1 12 2 12 3 12 4 12 5 12 6 12 7
q 52 2 3 2 4 2 5 2 6 2 7 2 8 2 9 2 10 2 11 2 12 2 13 2 14 2 15 3 3 3 4 3 5 3 6 3 7 3 8 3 9 3 10 3 11 3 12 3 13 3 14 3 15 4 3 4 4 4 5 4 6 4 7 4 8 4 9 4 10 4 11 4 12 4 13 4 14 4 15 5 3 5 4 5 5 5 6 5 7 5 8 5 9 5 10 5 11 5 12 5 13 5 14 5 15
q 48 0 8 0 9 0 10 0 11 0 12 0 13 0 14 0 15 1 8 1 9 1 10 1 11 1 12 1 13 1 14 1 15 2 8 2 9 2 10 2 11 2 12 2 13 2 14 2 15 3 8 3 9 3 10 3 11 3 12 3 13 3 14 3 15 4 8 4 9 4 10 4 11 4 12 4 13 4 14 4 15 5 8 5 9 5 10 5 11 5 12 5 13 5 14 5 15
q 60 7 1 7 2 7 3 7 4 7 5 7 6 7 7 7 8 7 9 7 10 7 11 7 12 7 13 7 14 7 15 8 1 8 2 8 3 8 4 8 5 8 6 8 7 8 8 8 9 8 10 8 11 8 12 8 13 8 14 8 15 9 1 9 2 9 3 9 4 9 5 9 6 9 7 9 8 9 9 9 10 9 11 9 12 9 13 9 14 9 15 10 1 10 2 10 3 10 4 10 5 10 6 10 7 10 8 10 9 10 10 10 11 10 12 10 13 10 14 10 15
q 36 6 6 6 7 6 8 6 9 6 10 6 11 6 12 6 13 6 14 6 15 6 16 6 17 7 6 7 7 7 8 7 9 7 10 7 11 7 12 7 13 7 14 7 15 7 16 7 17 8 6 8 7 8 8 8 9 8 10 8 11 8 12 8 13 8 14 8 15 8 16 8 17
q 35 5 0 5 1 5 2 5 3 5 4 5 5 5 6 6 0 6 1 6 2 6 3 6 4 6 5 6 6 7 0 7 1 7 2 7 3 7 4 7 5 7 6 8 0 8 1 8 2 8 3 8 4 8 5 8 6 9 0 9 1 9 2 9 3 9 4 9 5 9 6
q 36 0 0 0 1 0 2 0 3 0 4 0 5 0 6 0 7 0 8 0 9 0 10 0 11 0 12 0 13 0 14 0 15 0 16 0 17 1 0 1 1 1 2 1 3 1 4 1 5 1 6 1 7 1 8 1 9 1 10 1 11 1 12 1 13 1 14 1 15 1 16 1 17
q 45 1 1 1 2 1 3 2 1 2 2 2 3 3 1 3 2 3 3 4 1 4 2 4 3 5 1 5 2 5 3 6 1 6 2 6 3 7 1 7 2 7 3 8 1 8 2 8 3 9 1 9 2 9 3 10 1 10 2 10 3 11 1 11 2 11 3 12 1 12 2 12 3 13 1 13 2 13 3 14 1 14 2 14 3 15 1 15 2 15 3
q 36 13 8 13 9 13 10 13 11 13 12 13 13 14 8 14 9 14 10 14 11 14 12 14 13 15 8 15 9 15 10 15 11 15 12 15 13 16 8 16 9 16 10 16 11 16 12 16 13 17 8 17 9 17 10 17 11 17 12 17 13 18 8 18 9 18 10 18 11 18 12 18 13
q 26 5 3 5 4 6 3 6 4 7 3 7 4 8 3 8 4 9 3 9 4 10 3 10 4 11 3 11 4 12 3 12 4 13 3 13 4 14 3 14 4 15 3 15 4 16 3 16 4 17 3 17 4
q 30 3 4 3 5 4 4 4 5 5 4 5 5 6 4 6 5 7 4 7 5 8 4 8 5 9 4 9 5 10 4 10 5 11 4 11 5 12 4 12 5 13 4 13 5 14 4 14 5 15 4 15 5 16 4 16 5 17 4 17 5
q 56 0 9 0 10 0 11 0 12 0 13 0 14 0 15 0 16 1 9 1 10 1 11 1 12 1 13 1 14 1 15 1 16 2 9 2 10 2 11 2 12 2 13 2 14 2 15 2 16 3 9 3 10 3 11 3 12 3 13 3 14 3 15 3 16 4 9 4 10 4 11 4 12 4 13 4 14 4 15 4 16 5 9 5 10 5 11 5 12 5 13 5 14 5 15 5 16 6 9 6 10 6 11 6 12 6 13 6 14 6 15 6 16
q 56 7 1 7 2 7 3 7 4 7 5 7 6 7 7 7 8 7 9 7 10 7 11 7 12 7 13 7 14 8 1 8 2 8 3 8 4 8 5 8 6 8 7 8 8 8 9 8 10 8 11 8 12 8 13 8 14 9 1 9 2 9 3 9 4 9 5 9 6 9 7 9 8 9 9 9 10 9 11 9 12 9 13 9 14 10 1 10 2 10 3 10 4 10 5 10 6 10 7 10 8 10 9 10 10 10 11 10 12 10 13 10 14
q 40 3 2 3 3 3 4 3 5 3 6 3 7 3 8 3 9 3 10 3 11 4 2 4 3 4 4 4 5 4 6 4 7 4 8 4 9 4 10 4 11 5 2 5 3 5 4 5 5 5 6 5 7 5 8 5 9 5 10 5 11 6 2 6 3 6 4 6 5 6 6 6 7 6 8 6 9 6 10 6 11
q 50 14 0 14 1 14 2 14 3 14 4 14 5 14 6 14 7 14 8 14 9 15 0 15 1 15 2 15 3 15 4 15 5 15 6 15 7 15 8 15 9 16 0 16 1 16 2 16 3 16 4 16 5 16 6 16 7 16 8 16 9 17 0 17 1 17 2 17 3 17 4 17 5 17 6 17 7 17 8 17 9 18 0 18 1 18 2 18 3 18 4 18 5 18 6 18 7 18 8 18 9
q 60 7 3 7 4 7 5 7 6 7 7 7 8 7 9 7 10 7 11 7 12 7 13 7 14 7 15 7 16 7 17 8 3 8 4 8 5 8 6 8 7 8 8 8 9 8 10 8 11 8 12 8 13 8 14 8 15 8 16 8 17 9 3 9 4 9 5 9 6 9 7 9 8 9 9 9 10 9 11 9 12 9 13 9 14 9 15 9 16 9 17 10 3 10 4 10 5 10 6 10 7 10 8 10 9 10 10 10 11 10 12 10 13 10 14 10 15 10 16 10 17
q 60 13 9 13 10 13 11 13 12 13 13 13 14 13 15 13 16 13 17 13 18 14 9 14 10 14 11 14 12 14 13 14 14 14 15 14 16 14 17 14 18 15 9 15 10 15 11 15 12 15 13 15 14 15 15 15 16 15 17 15 18 16 9 16 10 16 11 16 12 16 13 16 14 16 15 16 16 16 17 16 18 17 9 17 10 17 11 17 12 17 13 17 14 17 15 17 16 17 17 17 18 18 9 18 10 18 11 18 12 18 13 18 14 18 15 18 16 18 17 18 18
q 55 6 6 6 7 6 8 6 9 6 10 7 6 7 7 7 8 7 9 7 10 8 6 8 7 8 8 8 9 8 10 9 6 9 7 9 8 9 9 9 10 10 6 10 7 10 8 10 9 10 10 11 6 11 7 11 8 11 9 11 10 12 6 12 7 12 8 12 9 12 10 13 6 13 7 13 8 13 9 13 10 14 6 14 7 14 8 14 9 14 10 15 6 15 7 15 8 15 9 15 10 16 6 16 7 16 8 16 9 16 10
q 52 0 1 0 2 0 3 0 4 1 1 1 2 1 3 1 4 2 1 2 2 2 3 2 4 3 1 3 2 3 3 3 4 4 1 4 2 4 3 4 4 5 1 5 2 5 3 5 4 6 1 6 2 6 3 6 4 7 1 7 2 7 3 7 4 8 1 8 2 8 3 8 4 9 1 9 2 9 3 9 4 10 1 10 2 10 3 10 4 11 1 11 2 11 3 11 4 12 1 12 2 12 3 12 4
q 48 6 8 6 9 6 10 6 11 7 8 7 9 7 10 7 11 8 8 8 9 8 10 8 11 9 8 9 9 9 10 9 11 10 8 10 9 10 10 10 11 11 8 11 9 11 10 11 11 12 8 12 9 12 10 12 11 13 8 13 9 13 10 13 11 14 8 14 9 14 10 14 11 15 8 15 9 15 10 15 11 16 8 16 9 16 10 16 11 17 8 17 9 17 10 17 11
q 40 14 0 14 1 14 2 14 3 14 4 14 5 14 6 14 7 14 8 14 9 15 0 15 1 15 2 15 3 15 4 15 5 15 6 15 7 15 8 15 9 16 0 16 1 16 2 16 3 16 4 16 5 16 6 16 7 16 8 16 9 17 0 17 1 17 2 17 3 17 4 17 5 17 6 17 7 17 8 17 9
q 27 12 6 12 7 12 8 12 9 12 10 12 11 12 12 12 13 12 14 13 6 13 7 13 8 13 9 13 10 13 11 13 12 13 13 13 14 14 6 14 7 14 8 14 9 14 10 14 11 14 12 14 13 14 14
q 30 1 4 1 5 2 4 2 5 3 4 3 5 4 4 4 5 5 4 5 5 6 4 6 5 7 4 7 5 8 4 8 5 9 4 9 5 10 4 10 5 11 4 11 5 12 4 12 5 13 4 13 5 14 4 14 5 15 4 15 5
q 56 6 9 6 10 6 11 6 12 6 13 6 14 6 15 7 9 7 10 7 11 7 12 7 13 7 14 7 15 8 9 8 10 8 11 8 12 8 13 8 14 8 15 9 9 9 10 9 11 9 12 9 13 9 14 9 15 10 9 10 10 10 11 10 12 10 13 10 14 10 15 11 9 11 10 11 11 11 12 11 13 11 14 11 15 12 9 12 10 12 11 12 12 12 13 12 14 12 15 13 9 13 10 13 11 13 12 13 13 13 14 13 15
q 44 6 8 6 9 6 10 6 11 7 8 7 9 7 10 7 11 8 8 8 9 8 10 8 11 9 8 9 9 9 10 9 11 10 8 10 9 10 10 10 11 11 8 11 9 11 10 11 11 12 8 12 9 12 10 12 11 13 8 13 9 13 10 13 11 14 8 14 9 14 10 14 11 15 8 15 9 15 10 15 11 16 8 16 9 16 10 16 11
q 60 6 3 6 4 6 5 6 6 6 7 7 3 7 4 7 5 7 6 7 7 8 3 8 4 8 5 8 6 8 7 9 3 9 4 9 5 9 6 9 7 10 3 10 4 10 5 10 6 10 7 11 3 11 4 11 5 11 6 11 7 12 3 12 4 12 5 12 6 12 7 13 3 13 4 13 5 13 6 13 7 14 3 14 4 14 5 14 6 14 7 15 3 15 4 15 5 15 6 15 7 16 3 16 4 16 5 16 6 16 7 17 3 17 4 17 5 17 6 17 7
q 32 14 8 14 9 14 10 14 11 14 12 14 13 14 14 14 15 15 8 15 9 15 10 15 11 15 12 15 13 15 14 15 15 16 8 16 9 16 10 16 11 16 12 16 13 16 14 16 15 17 8 17 9 17 10 17 11 17 12 17 13 17 14 17 15
q 27 10 2 10 3 10 4 11 2 11 3 11 4 12 2 12 3 12 4 13 2 13 3 13 4 14 2 14 3 14 4 15 2 15 3 15 4 16 2 16 3 16 4 17 2 17 3 17 4 18 2 18 3 18 4
q 25 14 12 14 13 14 14 14 15 14 16 15 12 15 13 15 14 15 15 15 16 16 12 16 13 16 14 16 15 16 16 17 12 17 13 17 14 17 15 17 16 18 12 18 13 18 14 18 15 18 16
q 36 4 13 4 14 4 15 4 16 4 17 4 18 5 13 5 14 5 15 5 16 5 17 5 18 6 13 6 14 6 15 6 16 6 17 6 18 7 13 7 14 7 15 7 16 7 17 7 18 8 13 8 14 8 15 8 16 8 17 8 18 9 13 9 14 9 15 9 16 9 17 9 18
q 42 5 2 5 3 5 4 5 5 5 6 5 7 6 2 6 3 6 4 6 5 6 6 6 7 7 2 7 3 7 4 7 5 7 6 7 7 8 2 8 3 8 4 8 5 8 6 8 7 9 2 9 3 9 4 9 5 9 6 9 7 10 2 10 3 10 4 10 5 10 6 10 7 11 2 11 3 11 4 11 5 11 6 11 7
q 55 7 0 7 1 7 2 7 3 7 4 8 0 8 1 8 2 8 3 8 4 9 0 9 1 9 2 9 3 9 4 10 0 10 1 10 2 10 3 10 4 11 0 11 1 11 2 11 3 11 4 12 0 12 1 12 2 12 3 12 4 13 0 13 1 13 2 13 3 13 4 14 0 14 1 14 2 14 3 14 4 15 0 15 1 15 2 15 3 15 4 16 0 16 1 16 2 16 3 16 4 17 0 17 1 17 2 17 3 17 4
q 40 3 7 3 8 3 9 3 10 3 11 3 12 3 13 3 14 4 7 4 8 4 9 4 10 4 11 4 12 4 13 4 14 5 7 5 8 5 9 5 10 5 11 5 12 5 13 5 14 6 7 6 8 6 9 6 10 6 11 6 12 6 13 6 14 7 7 7 8 7 9 7 10 7 11 7 12 7 13 7 14
q 55 0 0 0 1 0 2 0 3 0 4 1 0 1 1 1 2 1 3 1 4 2 0 2 1 2 2 2 3 2 4 3 0 3 1 3 2 3 3 3 4 4 0 4 1 4 2 4 3 4 4 5 0 5 1 5 2 5 3 5 4 6 0 6 1 6 2 6 3 6 4 7 0 7 1 7 2 7 3 7 4 8 0 8 1 8 2 8 3 8 4 9 0 9 1 9 2 9 3 9 4 10 0 10 1 10 2 10 3 10 4
q 35 3 0 3 1 3 2 3 3 3 4 4 0 4 1 4 2 4 3 4 4 5 0 5 1 5 2 5 3 5 4 6 0 6 1 6 2 6 3 6 4 7 0 7 1 7 2 7 3 7 4 8 0 8 1 8 2 8 3 8 4 9 0 9 1 9 2 9 3 9 4
q 51 5 2 5 3 5 4 5 5 5 6 5 7 5 8 5 9 5 10 5 11 5 12 5 13 5 14 5 15 5 16 5 17 5 18 6 2 6 3 6 4 6 5 6 6 6 7 6 8 6 9 6 10 6 11 6 12 6 13 6 14 6 15 6 16 6 17 6 18 7 2 7 3 7 4 7 5 7 6 7 7 7 8 7 9 7 10 7 11 7 12 7 13 7 14 7 15 7 16 7 17 7 18
q 36 3 7 3 8 3 9 3 10 3 11 3 12 3 13 3 14 3 15 3 16 3 17 3 18 4 7 4 8 4 9 4 10 4 11 4 12 4 13 4 14 4 15 4 16 4 17 4 18 5 7 5 8 5 9 5 10 5 11 5 12 5 13 5 14 5 15 5 16 5 17 5 18
q 45 9 14 9 15 9 16 9 17 9 18 10 14 10 15 10 16 10 17 10 18 11 14 11 15 11 16 11 17 11 18 12 14 12 15 12 16 12 17 12 18 13 14 13 15 13 16 13 17 13 18 14 14 14 15 14 16 14 17 14 18 15 14 15 15 15 16 15 17 15 18 16 14 16 15 16 16 16 17 16 18 17 14 17 15 17 16 17 17 17 18
q 26 1 11 1 12 2 11 2 12 3 11 3 12 4 11 4 12 5 11 5 12 6 11 6 12 7 11 7 12 8 11 8 12 9 11 9 12 10 11 10 12 11 11 11 12 12 11 12 12 13 11 13 12
q 36 0 14 0 15 0 16 0 17 1 14 1 15 1 16 1 17 2 14 2 15 2 16 2 17 3 14 3 15 3 16 3 17 4 14 4 15 4 16 4 17 5 14 5 15 5 16 5 17 6 14 6 15 6 16 6 17 7 14 7 15 7 16 7 17 8 14 8 15 8 16 8 17
q 34 1 0 1 1 2 0 2 1 3 0 3 1 4 0 4 1 5 0 5 1 6 0 6 1 7 0 7 1 8 0 8 1 9 0 9 1 10 0 10 1 11 0 11 1 12 0 12 1 13 0 13 1 14 0 14 1 15 0 15 1 16 0 16 1 17 0 17 1
q 36 7 0 7 1 7 2 7 3 7 4 7 5 7 6 7 7 7 8 7 9 7 10 7 11 7 12 7 13 7 14 7 15 7 16 7 17 8 0 8 1 8 2 8 3 8 4 8 5 8 6 8 7 8 8 8 9 8 10 8 11 8 12 8 13 8 14 8 15 8 16 8 17
q 54 0 3 0 4 0 5 0 6 0 7 0 8 0 9 0 10 0 11 1 3 1 4 1 5 1 6 1 7 1 8 1 9 1 10 1 11 2 3 2 4 2 5 2 6 2 7 2 8 2 9 2 10 2 11 3 3 3 4 3 5 3 6 3 7 3 8 3 9 3 10 3 11 4 3 4 4 4 5 4 6 4 7 4 8 4 9 4 10 4 11 5 3 5 4 5 5 5 6 5 7 5 8 5 9 5 10 5 11
q 45 4 6 4 7 4 8 4 9 4 10 4 11 4 12 4 13 4 14 5 6 5 7 5 8 5 9 5 10 5 11 5 12 5 13 5 14 6 6 6 7 6 8 6 9 6 10 6 11 6 12 6 13 6 14 7 6 7 7 7 8 7 9 7 10 7 11 7 12 7 13 7 14 8 6 8 7 8 8 8 9 8 10 8 11 8 12 8 13 8 14
q 39 6 6 6 7 6 8 7 6 7 7 7 8 8 6 8 7 8 8 9 6 9 7 9 8 10 6 10 7 10 8 11 6 11 7 11 8 12 6 12 7 12 8 13 6 13 7 13 8 14 6 14 7 14 8 15 6 15 7 15 8 16 6 16 7 16 8 17 6 17 7 17 8 18 6 18 7 18 8
q 60 0 8 0 9 0 10 0 11 0 12 0 13 1 8 1 9 1 10 1 11 1 12 1 13 2 8 2 9 2 10 2 11 2 12 2 13 3 8 3 9 3 10 3 11 3 12 3 13 4 8 4 9 4 10 4 11 4 12 4 13 5 8 5 9 5 10 5 11 5 12 5 13 6 8 6 9 6 10 6 11 6 12 6 13 7 8 7 9 7 10 7 11 7 12 7 13 8 8 8 9 8 10 8 11 8 12 8 13 9 8 9 9 9 10 9 11 9 12 9 13
q 30 2 2 2 3 3 2 3 3 4 2 4 3 5 2 5 3 6 2 6 3 7 2 7 3 8 2 8 3 9 2 9 3 10 2 10 3 11 2 11 3 12 2 12 3 13 2 13 3 14 2 14 3 15 2 15 3 16 2 16 3
q 39 7 0 7 1 7 2 7 3 7 4 7 5 7 6 7 7 7 8 7 9 7 10 7 11 7 12 8 0 8 1 8 2 8 3 8 4 8 5 8 6 8 7 8 8 8 9 8 10 8 11 8 12 9 0 9 1 9 2 9 3 9 4 9 5 9 6 9 7 9 8 9 9 9 10 9 11 9 12
q 36 5 11 5 12 5 13 5 14 6 11 6 12 6 13 6 14 7 11 7 12 7 13 7 14 8 11 8 12 8 13 8 14 9 11 9 12 9 13 9 14 10 11 10 12 10 13 10 14 11 11 11 12 11 13 11 14 12 11 12 12 12 13 12 14 13 11 13 12 13 13 13 14
q 36 0 8 0 9 1 8 1 9 2 8 2 9 3 8 3 9 4 8 4 9 5 8 5 9 6 8 6 9 7 8 7 9 8 8 8 9 9 8 9 9 10 8 10 9 11 8 11 9 12 8 12 9 13 8 13 9 14 8 14 9 15 8 15 9 16 8 16 9 17 8 17 9
q 56 1 10 1 11 1 12 1 13 2 10 2 11 2 12 2 13 3 10 3 11 3 12 3 13 4 10 4 11 4 12 4 13 5 10 5 11 5 12 5 13 6 10 6 11 6 12 6 13 7 10 7 11 7 12 7 13 8 10 8 11 8 12 8 13 9 10 9 11 9 12 9 13 10 10 10 11 10 12 10 13 11 10 11 11 11 12 11 13 12 10 12 11 12 12 12 13 13 10 13 11 13 12 13 13 14 10 14 11 14 12 14 13
q 30 6 4 6 5 6 6 6 7 6 8 6 9 6 10 6 11 6 12 6 13 7 4 7 5 7 6 7 7 7 8 7 9 7 10 7 11 7 12 7 13 8 4 8 5 8 6 8 7 8 8 8 9 8 10 8 11 8 12 8 13
q 56 1 0 1 1 1 2 1 3 1 4 1 5 1 6 2 0 2 1 2 2 2 3 2 4 2 5 2 6 3 0 3 1 3 2 3 3 3 4 3 5 3 6 4 0 4 1 4 2 4 3 4 4 4 5 4 6 5 0 5 1 5 2 5 3 5 4 5 5 5 6 6 0 6 1 6 2 6 3 6 4 6 5 6 6 7 0 7 1 7 2 7 3 7 4 7 5 7 6 8 0 8 1 8 2 8 3 8 4 8 5 8 6
q 60 7 9 7 10 7 11 7 12 7 13 7 14 8 9 8 10 8 11 8 12 8 13 8 14 9 9 9 10 9 11 9 12 9 13 9 14 10 9 10 10 10 11 10 12 10 13 10 14 11 9 11 10 11 11 11 12 11 13 11 14 12 9 12 10 12 11 12 12 12 13 12 14 13 9 13 10 13 11 13 12 13 13 13 14 14 9 14 10 14 11 14 12 14 13 14 14 15 9 15 10 15 11 15 12 15 13 15 14 16 9 16 10 16 11 16 12 16 13 16 14
q 28 5 4 5 5 5 6 5 7 5 8 5 9 5 10 6 4 6 5 6 6 6 7 6 8 6 9 6 10 7 4 7 5 7 6 7 7 7 8 7 9 7 10 8 4 8 5 8 6 8 7 8 8 8 9 8 10
q 63 1 12 1 13 1 14 1 15 1 16 1 17 1 18 2 12 2 13 2 14 2 15 2 16 2 17 2 18 3 12 3 13 3 14 3 15 3 16 3 17 3 18 4 12 4 13 4 14 4 15 4 16 4 17 4 18 5 12 5 13 5 14 5 15 5 16 5 17 5 18 6 12 6 13 6 14 6 15 6 16 6 17 6 18 7 12 7 13 7 14 7 15 7 16 7 17 7 18 8 12 8 13 8 14 8 15 8 16 8 17 8 18 9 12 9 13 9 14 9 15 9 16 9 17 9 18
q 44 2 9 2 10 2 11 2 12 3 9 3 10 3 11 3 12 4 9 4 10 4 11 4 12 5 9 5 10 5 11 5 12 6 9 6 10 6 11 6 12 7 9 7 10 7 11 7 12 8 9 8 10 8 11 8 12 9 9 9 10 9 11 9 12 10 9 10 10 10 11 10 12 11 9 11 10 11 11 11 12 12 9 12 10 12 11 12 12
q 45 3 11 3 12 3 13 4 11 4 12 4 13 5 11 5 12 5 13 6 11 6 12 6 13 7 11 7 12 7 13 8 11 8 12 8 13 9 11 9 12 9 13 10 11 10 12 10 13 11 11 11 12 11 13 12 11 12 12 12 13 13 11 13 12 13 13 14 11 14 12 14 13 15 11 15 12 15 13 16 11 16 12 16 13 17 11 17 12 17 13
q 42 0 3 0 4 0 5 0 6 0 7 0 8 1 3 1 4 1 5 1 6 1 7 1 8 2 3 2 4 2 5 2 6 2 7 2 8 3 3 3 4 3 5 3 6 3 7 3 8 4 3 4 4 4 5 4 6 4 7 4 8 5 3 5 4 5 5 5 6 5 7 5 8 6 3 6 4 6 5 6 6 6 7 6 8
q 54 11 9 11 10 11 11 11 12 11 13 11 14 11 15 11 16 11 17 12 9 12 10 12 11 12 12 12 13 12 14 12 15 12 16 12 17 13 9 13 10 13 11 13 12 13 13 13 14 13 15 13 16 13 17 14 9 14 10 14 11 14 12 14 13 14 14 14 15 14 16 14 17 15 9 15 10 15 11 15 12 15 13 15 14 15 15 15 16 15 17 16 9 16 10 16 11 16 12 16 13 16 14 16 15 16 16 16 17
q 55 10 5 10 6 10 7 10 8 10 9 10 10 10 11 10 12 10 13 10 14 10 15 11 5 11 6 11 7 11 8 11 9 11 10 11 11 11 12 11 13 11 14 11 15 12 5 12 6 12 7 12 8 12 9 12 10 12 11 12 12 12 13 12 14 12 15 13 5 13 6 13 7 13 8 13 9 13 10 13 11 13 12 13 13 13 14 13 15 14 5 14 6 14 7 14 8 14 9 14 10 14 11 14 12 14 13 14 14 14 15
q 26 15 4 15 5 15 6 15 7 15 8 15 9 15 10 15 11 15 12 15 13 15 14 15 15 15 16 16 4 16 5 16 6 16 7 16 8 16 9 16 10 16 11 16 12 16 13 16 14 16 15 16 16
q 56 7 2 7 3 7 4 7 5 7 6 7 7 7 8 7 9 8 2 8 3 8 4 8 5 8 6 8 7 8 8 8 9 9 2 9 3 9 4 9 5 9 6 9 7 9 8 9 9 10 2 10 3 10 4 10 5 10 6 10 7 10 8 10 9 11 2 11 3 11 4 11 5 11 6 11 7 11 8 11 9 12 2 12 3 12 4 12 5 12 6 12 7 12 8 12 9 13 2 13 3 13 4 13 5 13 6 13 7 13 8 13 9
q 36 3 0 3 1 3 2 4 0 4 1 4 2 5 0 5 1 5 2 6 0 6 1 6 2 7 0 7 1 7 2 8 0 8 1 8 2 9 0 9 1 9 2 10 0 10 1 10 2 11 0 11 1 11 2 12 0 12 1 12 2 13 0 13 1 13 2 14 0 14 1 14 2
q 36 10 1 10 2 10 3 10 4 11 1 11 2 11 3 11 4 12 1 12 2 12 3 12 4 13 1 13 2 13 3 13 4 14 1 14 2 14 3 14 4 15 1 15 2 15 3 15 4 16 1 16 2 16 3 16 4 17 1 17 2 17 3 17 4 18 1 18 2 18 3 18 4
q 40 13 10 13 11 13 12 13 13 13 14 13 15 13 16 13 17 14 10 14 11 14 12 14 13 14 14 14 15 14 16 14 17 15 10 15 11 15 12 15 13 15 14 15 15 15 16 15 17 16 10 16 11 16 12 16 13 16 14 16 15 16 16 16 17 17 10 17 11 17 12 17 13 17 14 17 15 17 16 17 17
q 54 4 1 4 2 4 3 4 4 4 5 4 6 4 7 4 8 4 9 4 10 4 11 4 12 4 13 4 14 4 15 4 16 4 17 4 18 5 1 5 2 5 3 5 4 5 5 5 6 5 7 5 8 5 9 5 10 5 11 5 12 5 13 5 14 5 15 5 16 5 17 5 18 6 1 6 2 6 3 6 4 6 5 6 6 6 7 6 8 6 9 6 10 6 11 6 12 6 13 6 14 6 15 6 16 6 17 6 18
q 50 1 9 1 10 1 11 1 12 1 13 1 14 1 15 1 16 1 17 1 18 2 9 2 10 2 11 2 12 2 13 2 14 2 15 2 16 2 17 2 18 3 9 3 10 3 11 3 12 3 13 3 14 3 15 3 16 3 17 3 18 4 9 4 10 4 11 4 12 4 13 4 14 4 15 4 16 4 17 4 18 5 9 5 10 5 11 5 12 5 13 5 14 5 15 5 16 5 17 5 18
q 14 16 10 16 11 16 12 16 13 16 14 16 15 16 16 17 10 17 11 17 12 17 13 17 14 17 15 17 16
q 52 1 9 1 10 1 11 1 12 2 9 2 10 2 11 2 12 3 9 3 10 3 11 3 12 4 9 4 10 4 11 4 12 5 9 5 10 5 11 5 12 6 9 6 10 6 11 6 12 7 9 7 10 7 11 7 12 8 9 8 10 8 11 8 12 9 9 9 10 9 11 9 12 10 9 10 10 10 11 10 12 11 9 11 10 11 11 11 12 12 9 12 10 12 11 12 12 13 9 13 10 13 11 13 12
q 7 2 2 3 2 4 2 5 2 6 2 7 2 8 2
q 18 6 0 6 1 6 2 6 3 6 4 6 5 6 6 6 7 6 8 6 9 6 10 6 11 6 12 6 13 6 14 6 15 6 16 6 17
q 24 3 5 3 6 4 5 4 6 5 5 5 6 6 5 6 6 7 5 7 6 8 5 8 6 9 5 9 6 10 5 10 6 11 5 11 6 12 5 12 6 13 5 13 6 14 5 14 6
q 20 7 1 7 2 7 3 7 4 7 5 8 1 8 2 8 3 8 4 8 5 9 1 9 2 9 3 9 4 9 5 10 1 10 2 10 3 10 4 10 5
q 8 1 9 1 10 1 11 1 12 1 13 1 14 1 15 1 16
q 21 11 8 11 9 11 10 11 11 11 12 11 13 11 14 12 8 12 9 12 10 12 11 12 12 12 13 12 14 13 8 13 9 13 10 13 11 13 12 13 13 13 14
q 60 5 12 5 13 5 14 5 15 5 16 6 12 6 13 6 14 6 15 6 16 7 12 7 13 7 14 7 15 7 16 8 12 8 13 8 14 8 15 8 16 9 12 9 13 9 14 9 15 9 16 10 12 10 13 10 14 10 15 10 16 11 12 11 13 11 14 11 15 11 16 12 12 12 13 12 14 12 15 12 16 13 12 13 13 13 14 13 15 13 16 14 12 14 13 14 14 14 15 14 16 15 12 15 13 15 14 15 15 15 16 16 12 16 13 16 14 16 15 16 16
q 60 6 0 6 1 6 2 6 3 6 4 7 0 7 1 7 2 7 3 7 4 8 0 8 1 8 2 8 3 8 4 9 0 9 1 9 2 9 3 9 4 10 0 10 1 10 2 10 3 10 4 11 0 11 1 11 2 11 3 11 4 12 0 12 1 12 2 12 3 12 4 13 0 13 1 13 2 13 3 13 4 14 0 14 1 14 2 14 3 14 4 15 0 15 1 15 2 15 3 15 4 16 0 16 1 16 2 16 3 16 4 17 0 17 1 17 2 17 3 17 4
q 32 13 5 13 6 13 7 13 8 13 9 13 10 13 11 13 12 14 5 14 6 14 7 14 8 14 9 14 10 14 11 14 12 15 5 15 6 15 7 15 8 15 9 15 10 15 11 15 12 16 5 16 6 16 7 16 8 16 9 16 10 16 11 16 12
q 17 18 2 18 3 18 4 18 5 18 6 18 7 18 8 18 9 18 10 18 11 18 12 18 13 18 14 18 15 18 16 18 17 18 18
q 27 5 14 5 15 5 16 6 14 6 15 6 16 7 14 7 15 7 16 8 14 8 15 8 16 9 14 9 15 9 16 10 14 10 15 10 16 11 14 11 15 11 16 12 14 12 15 12 16 13 14 13 15 13 16
q 12 8 11 8 12 9 11 9 12 10 11 10 12 11 11 11 12 12 11 12 12 13 11 13 12
q 54 1 12 1 13 1 14 2 12 2 13 2 14 3 12 3 13 3 14 4 12 4 13 4 14 5 12 5 13 5 14 6 12 6 13 6 14 7 12 7 13 7 14 8 12 8 13 8 14 9 12 9 13 9 14 10 12 10 13 10 14 11 12 11 13 11 14 12 12 12 13 12 14 13 12 13 13 13 14 14 12 14 13 14 14 15 12 15 13 15 14 16 12 16 13 16 14 17 12 17 13 17 14 18 12 18 13 18 14
q 20 3 12 3 13 3 14 3 15 4 12 4 13 4 14 4 15 5 12 5 13 5 14 5 15 6 12 6 13 6 14 6 15 7 12 7 13 7 14 7 15
q 36 3 8 3 9 3 10 3 11 4 8 4 9 4 10 4 11 5 8 5 9 5 10 5 11 6 8 6 9 6 10 6 11 7 8 7 9 7 10 7 11 8 8 8 9 8 10 8 11 9 8 9 9 9 10 9 11 10 8 10 9 10 10 10 11 11 8 11 9 11 10 11 11
q 18 0 14 1 14 2 14 3 14 4 14 5 14 6 14 7 14 8 14 9 14 10 14 11 14 12 14 13 14 14 14 15 14 16 14 17 14
q 6 16 0 16 1 16 2 17 0 17 1 17 2
q 38 0 1 0 2 1 1 1 2 2 1 2 2 3 1 3 2 4 1 4 2 5 1 5 2 6 1 6 2 7 1 7 2 8 1 8 2 9 1 9 2 10 1 10 2 11 1 11 2 12 1 12 2 13 1 13 2 14 1 14 2 15 1 15 2 16 1 16 2 17 1 17 2 18 1 18 2
q 12 13 11 13 12 14 11 14 12 15 11 15 12 16 11 16 12 17 11 17 12 18 11 18 12
q 6 10 4 10 5 10 6 10 7 10 8 10 9
q 28 9 7 9 8 9 9 9 10 9 11 9 12 9 13 10 7 10 8 10 9 10 10 10 11 10 12 10 13 11 7 11 8 11 9 11 10 11 11 11 12 11 13 12 7 12 8 12 9 12 10 12 11 12 12 12 13
q 14 11 13 11 14 12 13 12 14 13 13 13 14 14 13 14 14 15 13 15 14 16 13 16 14 17 13 17 14
q 50 4 1 4 2 4 3 4 4 4 5 4 6 4 7 4 8 4 9 4 10 5 1 5 2 5 3 5 4 5 5 5 6 5 7 5 8 5 9 5 10 6 1 6 2 6 3 6 4 6 5 6 6 6 7 6 8 6 9 6 10 7 1 7 2 7 3 7 4 7 5 7 6 7 7 7 8 7 9 7 10 8 1 8 2 8 3 8 4 8 5 8 6 8 7 8 8 8 9 8 10
q 15 1 3 1 4 1 5 1 6 1 7 1 8 1 9 1 10 1 11 1 12 1 13 1 14 1 15 1 16 1 17
q 25 4 9 4 10 4 11 4 12 4 13 5 9 5 10 5 11 5 12 5 13 6 9 6 10 6 11 6 12 6 13 7 9 7 10 7 11 7 12 7 13 8 9 8 10 8 11 8 12 8 13
q 55 8 4 8 5 8 6 8 7 8 8 9 4 9 5 9 6 9 7 9 8 10 4 10 5 10 6 10 7 10 8 11 4 11 5 11 6 11 7 11 8 12 4 12 5 12 6 12 7 12 8 13 4 13 5 13 6 13 7 13 8 14 4 14 5 14 6 14 7 14 8 15 4 15 5 15 6 15 7 15 8 16 4 16 5 16 6 16 7 16 8 17 4 17 5 17 6 17 7 17 8 18 4 18 5 18 6 18 7 18 8
q 51 0 11 0 12 0 13 1 11 1 12 1 13 2 11 2 12 2 13 3 11 3 12 3 13 4 11 4 12 4 13 5 11 5 12 5 13 6 11 6 12 6 13 7 11 7 12 7 13 8 11 8 12 8 13 9 11 9 12 9 13 10 11 10 12 10 13 11 11 11 12 11 13 12 11 12 12 12 13 13 11 13 12 13 13 14 11 14 12 14 13 15 11 15 12 15 13 16 11 16 12 16 13
q 28 4 9 4 10 4 11 4 12 4 13 4 14 4 15 5 9 5 10 5 11 5 12 5 13 5 14 5 15 6 9 6 10 6 11 6 12 6 13 6 14 6 15 7 9 7 10 7 11 7 12 7 13 7 14 7 15
q 10 4 0 5 0 6 0 7 0 8 0 9 0 10 0 11 0 12 0 13 0
q 38 0 4 0 5 1 4 1 5 2 4 2 5 3 4 3 5 4 4 4 5 5 4 5 5 6 4 6 5 7 4 7 5 8 4 8 5 9 4 9 5 10 4 10 5 11 4 11 5 12 4 12 5 13 4 13 5 14 4 14 5 15 4 15 5 16 4 16 5 17 4 17 5 18 4 18 5
q 56 12 1 12 2 12 3 12 4 12 5 12 6 12 7 12 8 12 9 12 10 12 11 12 12 12 13 12 14 13 1 13 2 13 3 13 4 13 5 13 6 13 7 13 8 13 9 13 10 13 11 13 12 13 13 13 14 14 1 14 2 14 3 14 4 14 5 14 6 14 7 14 8 14 9 14 10 14 11 14 12 14 13 14 14 15 1 15 2 15 3 15 4 15 5 15 6 15 7 15 8 15 9 15 10 15 11 15 12 15 13 15 14
q 40 3 9 3 10 3 11 3 12 3 13 3 14 3 15 3 16 3 17 3 18 4 9 4 10 4 11 4 12 4 13 4 14 4 15 4 16 4 17 4 18 5 9 5 10 5 11 5 12 5 13 5 14 5 15 5 16 5 17 5 18 6 9 6 10 6 11 6 12 6 13 6 14 6 15 6 16 6 17 6 18
q 36 2 2 2 3 2 4 2 5 2 6 2 7 2 8 2 9 2 10 2 11 2 12 2 13 3 2 3 3 3 4 3 5 3 6 3 7 3 8 3 9 3 10 3 11 3 12 3 13 4 2 4 3 4 4 4 5 4 6 4 7 4 8 4 9 4 10 4 11 4 12 4 13
q 36 2 2 2 3 2 4 2 5 2 6 2 7 3 2 3 3 3 4 3 5 3 6 3 7 4 2 4 3 4 4 4 5 4 6 4 7 5 2 5 3 5 4 5 5 5 6 5 7 6 2 6 3 6 4 6 5 6 6 6 7 7 2 7 3 7 4 7 5 7 6 7 7
q 60 12 4 12 5 12 6 12 7 12 8 12 9 12 10 12 11 12 12 12 13 13 4 13 5 13 6 13 7 13 8 13 9 13 10 13 11 13 12 13 13 14 4 14 5 14 6 14 7 14 8 14 9 14 10 14 11 14 12 14 13 15 4 15 5 15 6 15 7 15 8 15 9 15 10 15 11 15 12 15 13 16 4 16 5 16 6 16 7 16 8 16 9 16 10 16 11 16 12 16 13 17 4 17 5 17 6 17 7 17 8 17 9 17 10 17 11 17 12 17 13
q 48 1 7 1 8 1 9 2 7 2 8 2 9 3 7 3 8 3 9 4 7 4 8 4 9 5 7 5 8 5 9 6 7 6 8 6 9 7 7 7 8 7 9 8 7 8 8 8 9 9 7 9 8 9 9 10 7 10 8 10 9 11 7 11 8 11 9 12 7 12 8 12 9 13 7 13 8 13 9 14 7 14 8 14 9 15 7 15 8 15 9 16 7 16 8 16 9
q 9 1 13 1 14 1 15 2 13 2 14 2 15 3 13 3 14 3 15
q 40 6 2 6 3 6 4 6 5 6 6 6 7 6 8 6 9 6 10 6 11 7 2 7 3 7 4 7 5 7 6 7 7 7 8 7 9 7 10 7 11 8 2 8 3 8 4 8 5 8 6 8 7 8 8 8 9 8 10 8 11 9 2 9 3 9 4 9 5 9 6 9 7 9 8 9 9 9 10 9 11
q 35 0 0 0 1 0 2 0 3 0 4 1 0 1 1 1 2 1 3 1 4 2 0 2 1 2 2 2 3 2 4 3 0 3 1 3 2 3 3 3 4 4 0 4 1 4 2 4 3 4 4 5 0 5 1 5 2 5 3 5 4 6 0 6 1 6 2 6 3 6 4
q 14 7 4 7 5 7 6 7 7 7 8 7 9 7 10 7 11 7 12 7 13 7 14 7 15 7 16 7 17
q 56 3 6 3 7 3 8 3 9 3 10 3 11 3 12 4 6 4 7 4 8 4 9 4 10 4 11 4 12 5 6 5 7 5 8 5 9 5 10 5 11 5 12 6 6 6 7 6 8 6 9 6 10 6 11 6 12 7 6 7 7 7 8 7 9 7 10 7 11 7 12 8 6 8 7 8 8 8 9 8 10 8 11 8 12 9 6 9 7 9 8 9 9 9 10 9 11 9 12 10 6 10 7 10 8 10 9 10 10 10 11 10 12
q 54 1 1 1 2 1 3 2 1 2 2 2 3 3 1 3 2 3 3 4 1 4 2 4 3 5 1 5 2 5 3 6 1 6 2 6 3 7 1 7 2 7 3 8 1 8 2 8 3 9 1 9 2 9 3 10 1 10 2 10 3 11 1 11 2 11 3 12 1 12 2 12 3 13 1 13 2 13 3 14 1 14 2 14 3 15 1 15 2 15 3 16 1 16 2 16 3 17 1 17 2 17 3 18 1 18 2 18 3
q 30 1 8 1 9 2 8 2 9 3 8 3 9 4 8 4 9 5 8 5 9 6 8 6 9 7 8 7 9 8 8 8 9 9 8 9 9 10 8 10 9 11 8 11 9 12 8 12 9 13 8 13 9 14 8 14 9 15 8 15 9
q 6 4 7 4 8 4 9 5 7 5 8 5 9
q 1 14 14
q 6 5 11 5 12 5 13 6 11 6 12 6 13
q 9 13 7 13 8 13 9 14 7 14 8 14 9 15 7 15 8 15 9
q 34 6 1 6 2 6 3 6 4 6 5 6 6 6 7 6 8 6 9 6 10 6 11 6 12 6 13 6 14 6 15 6 16 6 17 7 1 7 2 7 3 7 4 7 5 7 6 7 7 7 8 7 9 7 10 7 11 7 12 7 13 7 14 7 15 7 16 7 17
q 7 6 12 7 12 8 12 9 12 10 12 11 12 12 12
q 9 11 1 11 2 11 3 12 1 12 2 12 3 13 1 13 2 13 3
q 49 9 1 9 2 9 3 9 4 9 5 9 6 9 7 10 1 10 2 10 3 10 4 10 5 10 6 10 7 11 1 11 2 11 3 11 4 11 5 11 6 11 7 12 1 12 2 12 3 12 4 12 5 12 6 12 7 13 1 13 2 13 3 13 4 13 5 13 6 13 7 14 1 14 2 14 3 14 4 14 5 14 6 14 7 15 1 15 2 15 3 15 4 15 5 15 6 15 7
q 20 9 4 9 5 10 4 10 5 11 4 11 5 12 4 12 5 13 4 13 5 14 4 14 5 15 4 15 5 16 4 16 5 17 4 17 5 18 4 18 5
q 28 4 0 4 1 4 2 4 3 4 4 4 5 4 6 4 7 4 8 4 9 4 10 4 11 4 12 4 13 5 0 5 1 5 2 5 3 5 4 5 5 5 6 5 7 5 8 5 9 5 10 5 11 5 12 5 13
q 20 13 5 13 6 13 7 13 8 13 9 13 10 13 11 13 12 13 13 13 14 14 5 14 6 14 7 14 8 14 9 14 10 14 11 14 12 14 13 14 14
q 8 3 14 4 14 5 14 6 14 7 14 8 14 9 14 10 14
q 16 0 0 0 1 0 2 0 3 0 4 0 5 0 6 0 7 0 8 0 9 0 10 0 11 0 12 0 13 0 14 0 15
q 12 7 7 7 8 7 9 7 10 7 11 7 12 7 13 7 14 7 15 7 16 7 17 7 18
q 36 3 8 3 9 3 10 3 11 3 12 3 13 4 8 4 9 4 10 4 11 4 12 4 13 5 8 5 9 5 10 5 11 5 12 5 13 6 8 6 9 6 10 6 11 6 12 6 13 7 8 7 9 7 10 7 11 7 12 7 13 8 8 8 9 8 10 8 11 8 12 8 13
q 42 11 5 11 6 11 7 11 8 11 9 11 10 12 5 12 6 12 7 12 8 12 9 12 10 13 5 13 6 13 7 13 8 13 9 13 10 14 5 14 6 14 7 14 8 14 9 14 10 15 5 15 6 15 7 15 8 15 9 15 10 16 5 16 6 16 7 16 8 16 9 16 10 17 5 17 6 17 7 17 8 17 9 17 10
q 30 4 4 4 5 4 6 4 7 4 8 4 9 4 10 4 11 4 12 4 13 5 4 5 5 5 6 5 7 5 8 5 9 5 10 5 11 5 12 5 13 6 4 6 5 6 6 6 7 6 8 6 9 6 10 6 11 6 12 6 13
q 26 5 17 5 18 6 17 6 18 7 17 7 18 8 17 8 18 9 17 9 18 10 17 10 18 11 17 11 18 12 17 12 18 13 17 13 18 14 17 14 18 15 17 15 18 16 17 16 18 17 17 17 18
q 30 1 9 1 10 1 11 1 12 1 13 2 9 2 10 2 11 2 12 2 13 3 9 3 10 3 11 3 12 3 13 4 9 4 10 4 11 4 12 4 13 5 9 5 10 5 11 5 12 5 13 6 9 6 10 6 11 6 12 6 13
q 4 4 3 5 3 6 3 7 3
q 60 6 1 6 2 6 3 6 4 6 5 6 6 7 1 7 2 7 3 7 4 7 5 7 6 8 1 8 2 8 3 8 4 8 5 8 6 9 1 9 2 9 3 9 4 9 5 9 6 10 1 10 2 10 3 10 4 10 5 10 6 11 1 11 2 11 3 11 4 11 5 11 6 12 1 12 2 12 3 12 4 12 5 12 6 13 1 13 2 13 3 13 4 13 5 13 6 14 1 14 2 14 3 14 4 14 5 14 6 15 1 15 2 15 3 15 4 15 5 15 6
q 54 0 7 0 8 0 9 1 7 1 8 1 9 2 7 2 8 2 9 3 7 3 8 3 9 4 7 4 8 4 9 5 7 5 8 5 9 6 7 6 8 6 9 7 7 7 8 7 9 8 7 8 8 8 9 9 7 9 8 9 9 10 7 10 8 10 9 11 7 11 8 11 9 12 7 12 8 12 9 13 7 13 8 13 9 14 7 14 8 14 9 15 7 15 8 15 9 16 7 16 8 16 9 17 7 17 8 17 9
q 35 4 14 4 15 4 16 4 17 4 18 5 14 5 15 5 16 5 17 5 18 6 14 6 15 6 16 6 17 6 18 7 14 7 15 7 16 7 17 7 18 8 14 8 15 8 16 8 17 8 18 9 14 9 15 9 16 9 17 9 18 10 14 10 15 10 16 10 17 10 18
q 14 5 17 6 17 7 17 8 17 9 17 10 17 11 17 12 17 13 17 14 17 15 17 16 17 17 17 18 17
q 40 8 4 8 5 8 6 8 7 9 4 9 5 9 6 9 7 10 4 10 5 10 6 10 7 11 4 11 5 11 6 11 7 12 4 12 5 12 6 12 7 13 4 13 5 13 6 13 7 14 4 14 5 14 6 14 7 15 4 15 5 15 6 15 7 16 4 16 5 16 6 16 7 17 4 17 5 17 6 17 7
q 19 6 0 6 1 6 2 6 3 6 4 6 5 6 6 6 7 6 8 6 9 6 10 6 11 6 12 6 13 6 14 6 15 6 16 6 17 6 18
q 56 5 2 5 3 5 4 5 5 5 6 5 7 5 8 6 2 6 3 6 4 6 5 6 6 6 7 6 8 7 2 7 3 7 4 7 5 7 6 7 7 7 8 8 2 8 3 8 4 8 5 8 6 8 7 8 8 9 2 9 3 9 4 9 5 9 6 9 7 9 8 10 2 10 3 10 4 10 5 10 6 10 7 10 8 11 2 11 3 11 4 11 5 11 6 11 7 11 8 12 2 12 3 12 4 12 5 12 6 12 7 12 8
q 16 0 1 0 2 0 3 0 4 1 1 1 2 1 3 1 4 2 1 2 2 2 3 2 4 3 1 3 2 3 3 3 4
q 39 5 14 5 15 5 16 6 14 6 15 6 16 7 14 7 15 7 16 8 14 8 15 8 16 9 14 9 15 9 16 10 14 10 15 10 16 11 14 11 15 11 16 12 14 12 15 12 16 13 14 13 15 13 16 14 14 14 15 14 16 15 14 15 15 15 16 16 14 16 15 16 16 17 14 17 15 17 16
q 35 11 0 11 1 11 2 11 3 11 4 12 0 12 1 12 2 12 3 12 4 13 0 13 1 13 2 13 3 13 4 14 0 14 1 14 2 14 3 14 4 15 0 15 1 15 2 15 3 15 4 16 0 16 1 16 2 16 3 16 4 17 0 17 1 17 2 17 3 17 4
q 40 3 12 3 13 3 14 3 15 3 16 4 12 4 13 4 14 4 15 4 16 5 12 5 13 5 14 5 15 5 16 6 12 6 13 6 14 6 15 6 16 7 12 7 13 7 14 7 15 7 16 8 12 8 13 8 14 8 15 8 16 9 12 9 13 9 14 9 15 9 16 10 12 10 13 10 14 10 15 10 16
q 55 9 4 9 5 9 6 9 7 9 8 9 9 9 10 9 11 9 12 9 13 9 14 10 4 10 5 10 6 10 7 10 8 10 9 10 10 10 11 10 12 10 13 10 14 11 4 11 5 11 6 11 7 11 8 11 9 11 10 11 11 11 12 11 13 11 14 12 4 12 5 12 6 12 7 12 8 12 9 12 10 12 11 12 12 12 13 12 14 13 4 13 5 13 6 13 7 13 8 13 9 13 10 13 11 13 12 13 13 13 14
q 52 6 3 6 4 6 5 6 6 6 7 6 8 6 9 6 10 6 11 6 12 6 13 6 14 6 15 7 3 7 4 7 5 7 6 7 7 7 8 7 9 7 10 7 11 7 12 7 13 7 14 7 15 8 3 8 4 8 5 8 6 8 7 8 8 8 9 8 10 8 11 8 12 8 13 8 14 8 15 9 3 9 4 9 5 9 6 9 7 9 8 9 9 9 10 9 11 9 12 9 13 9 14 9 15
q 16 0 17 0 18 1 17 1 18 2 17 2 18 3 17 3 18 4 17 4 18 5 17 5 18 6 17 6 18 7 17 7 18
q 16 4 3 4 4 4 5 4 6 4 7 4 8 4 9 4 10 4 11 4 12 4 13 4 14 4 15 4 16 4 17 4 18
q 12 9 10 9 11 9 12 10 10 10 11 10 12 11 10 11 11 11 12 12 10 12 11 12 12
q 6 9 16 10 16 11 16 12 16 13 16 14 16
q 30 3 2 3 3 3 4 3 5 3 6 3 7 3 8 3 9 3 10 3 11 4 2 4 3 4 4 4 5 4 6 4 7 4 8 4 9 4 10 4 11 5 2 5 3 5 4 5 5 5 6 5 7 5 8 5 9 5 10 5 11
q 42 10 9 10 10 10 11 10 12 10 13 10 14 10 15 11 9 11 10 11 11 11 12 11 13 11 14 11 15 12 9 12 10 12 11 12 12 12 13 12 14 12 15 13 9 13 10 13 11 13 12 13 13 13 14 13 15 14 9 14 10 14 11 14 12 14 13 14 14 14 15 15 9 15 10 15 11 15 12 15 13 15 14 15 15
q 55 8 14 8 15 8 16 8 17 8 18 9 14 9 15 9 16 9 17 9 18 10 14 10 15 10 16 10 17 10 18 11 14 11 15 11 16 11 17 11 18 12 14 12 15 12 16 12 17 12 18 13 14 13 15 13 16 13 17 13 18 14 14 14 15 14 16 14 17 14 18 15 14 15 15 15 16 15 17 15 18 16 14 16 15 16 16 16 17 16 18 17 14 17 15 17 16 17 17 17 18 18 14 18 15 18 16 18 17 18 18
q 64 8 8 8 9 8 10 8 11 8 12 8 13 8 14 8 15 9 8 9 9 9 10 9 11 9 12 9 13 9 14 9 15 10 8 10 9 10 10 10 11 10 12 10 13 10 14 10 15 11 8 11 9 11 10 11 11 11 12 11 13 11 14 11 15 12 8 12 9 12 10 12 11 12 12 12 13 12 14 12 15 13 8 13 9 13 10 13 11 13 12 13 13 13 14 13 15 14 8 14 9 14 10 14 11 14 12 14 13 14 14 14 15 15 8 15 9 15 10 15 11 15 12 15 13 15 14 15 15
q 49 3 12 3 13 3 14 3 15 3 16 3 17 3 18 4 12 4 13 4 14 4 15 4 16 4 17 4 18 5 12 5 13 5 14 5 15 5 16 5 17 5 18 6 12 6 13 6 14 6 15 6 16 6 17 6 18 7 12 7 13 7 14 7 15 7 16 7 17 7 18 8 12 8 13 8 14 8 15 8 16 8 17 8 18 9 12 9 13 9 14 9 15 9 16 9 17 9 18
q 13 1 4 2 4 3 4 4 4 5 4 6 4 7 4 8 4 9 4 10 4 11 4 12 4 13 4
q 42 2 5 2 6 2 7 2 8 2 9 2 10 3 5 3 6 3 7 3 8 3 9 3 10 4 5 4 6 4 7 4 8 4 9 4 10 5 5 5 6 5 7 5 8 5 9 5 10 6 5 6 6 6 7 6 8 6 9 6 10 7 5 7 6 7 7 7 8 7 9 7 10 8 5 8 6 8 7 8 8 8 9 8 10
q 24 2 15 2 16 2 17 2 18 3 15 3 16 3 17 3 18 4 15 4 16 4 17 4 18 5 15 5 16 5 17 5 18 6 15 6 16 6 17 6 18 7 15 7 16 7 17 7 18
q 14 3 12 3 13 3 14 3 15 3 16 3 17 3 18 4 12 4 13 4 14 4 15 4 16 4 17 4 18
q 28 11 8 11 9 11 10 11 11 11 12 11 13 11 14 12 8 12 9 12 10 12 11 12 12 12 13 12 14 13 8 13 9 13 10 13 11 13 12 13 13 13 14 14 8 14 9 14 10 14 11 14 12 14 13 14 14
q 28 2 13 2 14 2 15 2 16 3 13 3 14 3 15 3 16 4 13 4 14 4 15 4 16 5 13 5 14 5 15 5 16 6 13 6 14 6 15 6 16 7 13 7 14 7 15 7 16 8 13 8 14 8 15 8 16
q 48 0 9 0 10 0 11 1 9 1 10 1 11 2 9 2 10 2 11 3 9 3 10 3 11 4 9 4 10 4 11 5 9 5 10 5 11 6 9 6 10 6 11 7 9 7 10 7 11 8 9 8 10 8 11 9 9 9 10 9 11 10 9 10 10 10 11 11 9 11 10 11 11 12 9 12 10 12 11 13 9 13 10 13 11 14 9 14 10 14 11 15 9 15 10 15 11
q 64 7 1 7 2 7 3 7 4 7 5 7 6 7 7 7 8 7 9 7 10 7 11 7 12 7 13 7 14 7 15 7 16 8 1 8 2 8 3 8 4 8 5 8 6 8 7 8 8 8 9 8 10 8 11 8 12 8 13 8 14 8 15 8 16 9 1 9 2 9 3 9 4 9 5 9 6 9 7 9 8 9 9 9 10 9 11 9 12 9 13 9 14 9 15 9 16 10 1 10 2 10 3 10 4 10 5 10 6 10 7 10 8 10 9 10 10 10 11 10 12 10 13 10 14 10 15 10 16
q 11 4 2 4 3 4 4 4 5 4 6 4 7 4 8 4 9 4 10 4 11 4 12
q 40 1 0 1 1 1 2 1 3 2 0 2 1 2 2 2 3 3 0 3 1 3 2 3 3 4 0 4 1 4 2 4 3 5 0 5 1 5 2 5 3 6 0 6 1 6 2 6 3 7 0 7 1 7 2 7 3 8 0 8 1 8 2 8 3 9 0 9 1 9 2 9 3 10 0 10 1 10 2 10 3
q 64 3 4 3 5 3 6 3 7 3 8 3 9 3 10 3 11 4 4 4 5 4 6 4 7 4 8 4 9 4 10 4 11 5 4 5 5 5 6 5 7 5 8 5 9 5 10 5 11 6 4 6 5 6 6 6 7 6 8 6 9 6 10 6 11 7 4 7 5 7 6 7 7 7 8 7 9 7 10 7 11 8 4 8 5 8 6 8 7 8 8 8 9 8 10 8 11 9 4 9 5 9 6 9 7 9 8 9 9 9 10 9 11 10 4 10 5 10 6 10 7 10 8 10 9 10 10 10 11
q 36 1 15 1 16 2 15 2 16 3 15 3 16 4 15 4 16 5 15 5 16 6 15 6 16 7 15 7 16 8 15 8 16 9 15 9 16 10 15 10 16 11 15 11 16 12 15 12 16 13 15 13 16 14 15 14 16 15 15 15 16 16 15 16 16 17 15 17 16 18 15 18 16
q 21 9 10 9 11 9 12 9 13 9 14 9 15 9 16 10 10 10 11 10 12 10 13 10 14 10 15 10 16 11 10 11 11 11 12 11 13 11 14 11 15 11 16
q 5 14 10 15 10 16 10 17 10 18 10
q 6 15 3 15 4 16 3 16 4 17 3 17 4
q 16 12 0 12 1 12 2 12 3 12 4 12 5 12 6 12 7 12 8 12 9 12 10 12 11 12 12 12 13 12 14 12 15
q 28 0 4 0 5 0 6 0 7 1 4 1 5 1 6 1 7 2 4 2 5 2 6 2 7 3 4 3 5 3 6 3 7 4 4 4 5 4 6 4 7 5 4 5 5 5 6 5 7 6 4 6 5 6 6 6 7
q 11 3 1 4 1 5 1 6 1 7 1 8 1 9 1 10 1 11 1 12 1 13 1
q 60 2 0 2 1 2 2 2 3 2 4 2 5 2 6 2 7 2 8 2 9 2 10 2 11 2 12 2 13 2 14 3 0 3 1 3 2 3 3 3 4 3 5 3 6 3 7 3 8 3 9 3 10 3 11 3 12 3 13 3 14 4 0 4 1 4 2 4 3 4 4 4 5 4 6 4 7 4 8 4 9 4 10 4 11 4 12 4 13 4 14 5 0 5 1 5 2 5 3 5 4 5 5 5 6 5 7 5 8 5 9 5 10 5 11 5 12 5 13 5 14
q 50 14 5 14 6 14 7 14 8 14 9 14 10 14 11 14 12 14 13 14 14 15 5 15 6 15 7 15 8 15 9 15 10 15 11 15 12 15 13 15 14 16 5 16 6 16 7 16 8 16 9 16 10 16 11 16 12 16 13 16 14 17 5 17 6 17 7 17 8 17 9 17 10 17 11 17 12 17 13 17 14 18 5 18 6 18 7 18 8 18 9 18 10 18 11 18 12 18 13 18 14
q 1 1 14
q 32 2 11 2 12 2 13 2 14 2 15 2 16 2 17 2 18 3 11 3 12 3 13 3 14 3 15 3 16 3 17 3 18 4 11 4 12 4 13 4 14 4 15 4 16 4 17 4 18 5 11 5 12 5 13 5 14 5 15 5 16 5 17 5 18
q 54 6 3 6 4 6 5 6 6 6 7 6 8 6 9 6 10 6 11 7 3 7 4 7 5 7 6 7 7 7 8 7 9 7 10 7 11 8 3 8 4 8 5 8 6 8 7 8 8 8 9 8 10 8 11 9 3 9 4 9 5 9 6 9 7 9 8 9 9 9 10 9 11 10 3 10 4 10 5 10 6 10 7 10 8 10 9 10 10 10 11 11 3 11 4 11 5 11 6 11 7 11 8 11 9 11 10 11 11
q 60 3 12 3 13 3 14 3 15 3 16 3 17 4 12 4 13 4 14 4 15 4 16 4 17 5 12 5 13 5 14 5 15 5 16 5 17 6 12 6 13 6 14 6 15 6 16 6 17 7 12 7 13 7 14 7 15 7 16 7 17 8 12 8 13 8 14 8 15 8 16 8 17 9 12 9 13 9 14 9 15 9 16 9 17 10 12 10 13 10 14 10 15 10 16 10 17 11 12 11 13 11 14 11 15 11 16 11 17 12 12 12 13 12 14 12 15 12 16 12 17
q 15 1 4 1 5 1 6 1 7 1 8 1 9 1 10 1 11 1 12 1 13 1 14 1 15 1 16 1 17 1 18
q 40 6 11 6 12 6 13 6 14 6 15 7 11 7 12 7 13 7 14 7 15 8 11 8 12 8 13 8 14 8 15 9 11 9 12 9 13 9 14 9 15 10 11 10 12 10 13 10 14 10 15 11 11 11 12 11 13 11 14 11 15 12 11 12 12 12 13 12 14 12 15 13 11 13 12 13 13 13 14 13 15
q 20 9 7 9 8 9 9 9 10 9 11 10 7 10 8 10 9 10 10 10 11 11 7 11 8 11 9 11 10 11 11 12 7 12 8 12 9 12 10 12 11
q 24 4 7 4 8 4 9 4 10 4 11 4 12 4 13 4 14 5 7 5 8 5 9 5 10 5 11 5 12 5 13 5 14 6 7 6 8 6 9 6 10 6 11 6 12 6 13 6 14
q 48 2 15 2 16 2 17 3 15 3 16 3 17 4 15 4 16 4 17 5 15 5 16 5 17 6 15 6 16 6 17 7 15 7 16 7 17 8 15 8 16 8 17 9 15 9 16 9 17 10 15 10 16 10 17 11 15 11 16 11 17 12 15 12 16 12 17 13 15 13 16 13 17 14 15 14 16 14 17 15 15 15 16 15 17 16 15 16 16 16 17 17 15 17 16 17 17
q 27 2 0 2 1 2 2 2 3 2 4 2 5 2 6 2 7 2 8 3 0 3 1 3 2 3 3 3 4 3 5 3 6 3 7 3 8 4 0 4 1 4 2 4 3 4 4 4 5 4 6 4 7 4 8
q 38 2 0 2 1 2 2 2 3 2 4 2 5 2 6 2 7 2 8 2 9 2 10 2 11 2 12 2 13 2 14 2 15 2 16 2 17 2 18 3 0 3 1 3 2 3 3 3 4 3 5 3 6 3 7 3 8 3 9 3 10 3 11 3 12 3 13 3 14 3 15 3 16 3 17 3 18
q 36 3 7 3 8 3 9 3 10 3 11 3 12 3 13 3 14 3 15 3 16 3 17 3 18 4 7 4 8 4 9 4 10 4 11 4 12 4 13 4 14 4 15 4 16 4 17 4 18 5 7 5 8 5 9 5 10 5 11 5 12 5 13 5 14 5 15 5 16 5 17 5 18
q 57 10 0 10 1 10 2 10 3 10 4 10 5 10 6 10 7 10 8 10 9 10 10 10 11 10 12 10 13 10 14 10 15 10 16 10 17 10 18 11 0 11 1 11 2 11 3 11 4 11 5 11 6 11 7 11 8 11 9 11 10 11 11 11 12 11 13 11 14 11 15 11 16 11 17 11 18 12 0 12 1 12 2 12 3 12 4 12 5 12 6 12 7 12 8 12 9 12 10 12 11 12 12 12 13 12 14 12 15 12 16 12 17 12 18
q 36 4 9 4 10 4 11 4 12 4 13 4 14 4 15 4 16 4 17 5 9 5 10 5 11 5 12 5 13 5 14 5 15 5 16 5 17 6 9 6 10 6 11 6 12 6 13 6 14 6 15 6 16 6 17 7 9 7 10 7 11 7 12 7 13 7 14 7 15 7 16 7 17
q 30 4 1 4 2 4 3 4 4 4 5 4 6 4 7 4 8 4 9 4 10 4 11 4 12 4 13 4 14 4 15 5 1 5 2 5 3 5 4 5 5 5 6 5 7 5 8 5 9 5 10 5 11 5 12 5 13 5 14 5 15
q 22 0 5 0 6 1 5 1 6 2 5 2 6 3 5 3 6 4 5 4 6 5 5 5 6 6 5 6 6 7 5 7 6 8 5 8 6 9 5 9 6 10 5 10 6
q 48 14 4 14 5 14 6 14 7 14 8 14 9 14 10 14 11 14 12 14 13 14 14 14 15 15 4 15 5 15 6 15 7 15 8 15 9 15 10 15 11 15 12 15 13 15 14 15 15 16 4 16 5 16 6 16 7 16 8 16 9 16 10 16 11 16 12 16 13 16 14 16 15 17 4 17 5 17 6 17 7 17 8 17 9 17 10 17 11 17 12 17 13 17 14 17 15
q 14 4 11 4 12 5 11 5 12 6 11 6 12 7 11 7 12 8 11 8 12 9 11 9 12 10 11 10 12
q 11 13 6 13 7 13 8 13 9 13 10 13 11 13 12 13 13 13 14 13 15 13 16
q 42 2 12 2 13 2 14 2 15 2 16 2 17 3 12 3 13 3 14 3 15 3 16 3 17 4 12 4 13 4 14 4 15 4 16 4 17 5 12 5 13 5 14 5 15 5 16 5 17 6 12 6 13 6 14 6 15 6 16 6 17 7 12 7 13 7 14 7 15 7 16 7 17 8 12 8 13 8 14 8 15 8 16 8 17
q 48 0 3 0 4 0 5 0 6 0 7 0 8 1 3 1 4 1 5 1 6 1 7 1 8 2 3 2 4 2 5 2 6 2 7 2 8 3 3 3 4 3 5 3 6 3 7 3 8 4 3 4 4 4 5 4 6 4 7 4 8 5 3 5 4 5 5 5 6 5 7 5 8 6 3 6 4 6 5 6 6 6 7 6 8 7 3 7 4 7 5 7 6 7 7 7 8
q 24 8 0 8 1 8 2 8 3 8 4 8 5 8 6 8 7 9 0 9 1 9 2 9 3 9 4 9 5 9 6 9 7 10 0 10 1 10 2 10 3 10 4 10 5 10 6 10 7
q 11 15 2 15 3 15 4 15 5 15 6 15 7 15 8 15 9 15 10 15 11 15 12
q 19 0 9 1 9 2 9 3 9 4 9 5 9 6 9 7 9 8 9 9 9 10 9 11 9 12 9 13 9 14 9 15 9 16 9 17 9 18 9
q 24 10 16 10 17 10 18 11 16 11 17 11 18 12 16 12 17 12 18 13 16 13 17 13 18 14 16 14 17 14 18 15 16 15 17 15 18 16 16 16 17 16 18 17 16 17 17 17 18
q 39 13 5 13 6 13 7 13 8 13 9 13 10 13 11 13 12 13 13 13 14 13 15 13 16 13 17 14 5 14 6 14 7 14 8 14 9 14 10 14 11 14 12 14 13 14 14 14 15 14 16 14 17 15 5 15 6 15 7 15 8 15 9 15 10 15 11 15 12 15 13 15 14 15 15 15 16 15 17
q 56 14 0 14 1 14 2 14 3 14 4 14 5 14 6 14 7 14 8 14 9 14 10 14 11 14 12 14 13 15 0 15 1 15 2 15 3 15 4 15 5 15 6 15 7 15 8 15 9 15 10 15 11 15 12 15 13 16 0 16 1 16 2 16 3 16 4 16 5 16 6 16 7 16 8 16 9 16 10 16 11 16 12 16 13 17 0 17 1 17 2 17 3 17 4 17 5 17 6 17 7 17 8 17 9 17 10 17 11 17 12 17 13
q 36 8 4 8 5 8 6 8 7 9 4 9 5 9 6 9 7 10 4 10 5 10 6 10 7 11 4 11 5 11 6 11 7 12 4 12 5 12 6 12 7 13 4 13 5 13 6 13 7 14 4 14 5 14 6 14 7 15 4 15 5 15 6 15 7 16 4 16 5 16 6 16 7
q 32 6 1 6 2 6 3 6 4 6 5 6 6 6 7 6 8 7 1 7 2 7 3 7 4 7 5 7 6 7 7 7 8 8 1 8 2 8 3 8 4 8 5 8 6 8 7 8 8 9 1 9 2 9 3 9 4 9 5 9 6 9 7 9 8
q 48 10 7 10 8 10 9 10 10 10 11 10 12 10 13 10 14 10 15 10 16 10 17 10 18 11 7 11 8 11 9 11 10 11 11 11 12 11 13 11 14 11 15 11 16 11 17 11 18 12 7 12 8 12 9 12 10 12 11 12 12 12 13 12 14 12 15 12 16 12 17 12 18 13 7 13 8 13 9 13 10 13 11 13 12 13 13 13 14 13 15 13 16 13 17 13 18
q 18 6 8 6 9 6 10 6 11 6 12 6 13 7 8 7 9 7 10 7 11 7 12 7 13 8 8 8 9 8 10 8 11 8 12 8 13
q 55 1 12 1 13 1 14 1 15 1 16 2 12 2 13 2 14 2 15 2 16 3 12 3 13 3 14 3 15 3 16 4 12 4 13 4 14 4 15 4 16 5 12 5 13 5 14 5 15 5 16 6 12 6 13 6 14 6 15 6 16 7 12 7 13 7 14 7 15 7 16 8 12 8 13 8 14 8 15 8 16 9 12 9 13 9 14 9 15 9 16 10 12 10 13 10 14 10 15 10 16 11 12 11 13 11 14 11 15 11 16
q 7 5 8 6 8 7 8 8 8 9 8 10 8 11 8
q 6 7 9 8 9 9 9 10 9 11 9 12 9
q 16 3 17 4 17 5 17 6 17 7 17 8 17 9 17 10 17 11 17 12 17 13 17 14 17 15 17 16 17 17 17 18 17
q 12 0 15 0 16 0 17 1 15 1 16 1 17 2 15 2 16 2 17 3 15 3 16 3 17
q 36 5 9 5 10 5 11 5 12 5 13 5 14 5 15 5 16 5 17 6 9 6 10 6 11 6 12 6 13 6 14 6 15 6 16 6 17 7 9 7 10 7 11 7 12 7 13 7 14 7 15 7 16 7 17 8 9 8 10 8 11 8 12 8 13 8 14 8 15 8 16 8 17
q 28 16 0 16 1 16 2 16 3 16 4 16 5 16 6 16 7 16 8 16 9 16 10 16 11 16 12 16 13 17 0 17 1 17 2 17 3 17 4 17 5 17 6 17 7 17 8 17 9 17 10 17 11 17 12 17 13
q 18 0 7 1 7 2 7 3 7 4 7 5 7 6 7 7 7 8 7 9 7 10 7 11 7 12 7 13 7 14 7 15 7 16 7 17 7
q 3 9 17 10 17 11 17
q 49 7 9 7 10 7 11 7 12 7 13 7 14 7 15 8 9 8 10 8 11 8 12 8 13 8 14 8 15 9 9 9 10 9 11 9 12 9 13 9 14 9 15 10 9 10 10 10 11 10 12 10 13 10 14 10 15 11 9 11 10 11 11 11 12 11 13 11 14 11 15 12 9 12 10 12 11 12 12 12 13 12 14 12 15 13 9 13 10 13 11 13 12 13 13 13 14 13 15
q 40 14 10 14 11 14 12 14 13 14 14 14 15 14 16 14 17 15 10 15 11 15 12 15 13 15 14 15 15 15 16 15 17 16 10 16 11 16 12 16 13 16 14 16 15 16 16 16 17 17 10 17 11 17 12 17 13 17 14 17 15 17 16 17 17 18 10 18 11 18 12 18 13 18 14 18 15 18 16 18 17
q 54 15 0 15 1 15 2 15 3 15 4 15 5 15 6 15 7 15 8 15 9 15 10 15 11 15 12 15 13 15 14 15 15 15 16 15 17 16 0 16 1 16 2 16 3 16 4 16 5 16 6 16 7 16 8 16 9 16 10 16 11 16 12 16 13 16 14 16 15 16 16 16 17 17 0 17 1 17 2 17 3 17 4 17 5 17 6 17 7 17 8 17 9 17 10 17 11 17 12 17 13 17 14 17 15 17 16 17 17
q 28 8 5 8 6 8 7 8 8 8 9 8 10 8 11 8 12 8 13 8 14 8 15 8 16 8 17 8 18 9 5 9 6 9 7 9 8 9 9 9 10 9 11 9 12 9 13 9 14 9 15 9 16 9 17 9 18
q 16 7 4 7 5 7 6 7 7 8 4 8 5 8 6 8 7 9 4 9 5 9 6 9 7 10 4 10 5 10 6 10 7
q 15 5 4 5 5 5 6 5 7 5 8 5 9 5 10 5 11 5 12 5 13 5 14 5 15 5 16 5 17 5 18
q 56 0 3 0 4 0 5 0 6 0 7 0 8 0 9 0 10 1 3 1 4 1 5 1 6 1 7 1 8 1 9 1 10 2 3 2 4 2 5 2 6 2 7 2 8 2 9 2 10 3 3 3 4 3 5 3 6 3 7 3 8 3 9 3 10 4 3 4 4 4 5 4 6 4 7 4 8 4 9 4 10 5 3 5 4 5 5 5 6 5 7 5 8 5 9 5 10 6 3 6 4 6 5 6 6 6 7 6 8 6 9 6 10
q 33 0 2 0 3 0 4 0 5 0 6 0 7 0 8 0 9 0 10 0 11 0 12 1 2 1 3 1 4 1 5 1 6 1 7 1 8 1 9 1 10 1 11 1 12 2 2 2 3 2 4 2 5 2 6 2 7 2 8 2 9 2 10 2 11 2 12
q 45 12 0 12 1 12 2 12 3 12 4 12 5 12 6 12 7 12 8 12 9 12 10 12 11 12 12 12 13 12 14 13 0 13 1 13 2 13 3 13 4 13 5 13 6 13 7 13 8 13 9 13 10 13 11 13 12 13 13 13 14 14 0 14 1 14 2 14 3 14 4 14 5 14 6 14 7 14 8 14 9 14 10 14 11 14 12 14 13 14 14
q 54 0 0 0 1 0 2 0 3 0 4 0 5 0 6 0 7 0 8 0 9 0 10 0 11 0 12 0 13 0 14 0 15 0 16 0 17 1 0 1 1 1 2 1 3 1 4 1 5 1 6 1 7 1 8 1 9 1 10 1 11 1 12 1 13 1 14 1 15 1 16 1 17 2 0 2 1 2 2 2 3 2 4 2 5 2 6 2 7 2 8 2 9 2 10 2 11 2 12 2 13 2 14 2 15 2 16 2 17
q 2 12 13 12 14
q 1 10 4
q 36 1 11 1 12 1 13 1 14 1 15 1 16 2 11 2 12 2 13 2 14 2 15 2 16 3 11 3 12 3 13 3 14 3 15 3 16 4 11 4 12 4 13 4 14 4 15 4 16 5 11 5 12 5 13 5 14 5 15 5 16 6 11 6 12 6 13 6 14 6 15 6 16
q 55 3 8 3 9 3 10 3 11 3 12 3 13 3 14 3 15 3 16 3 17 3 18 4 8 4 9 4 10 4 11 4 12 4 13 4 14 4 15 4 16 4 17 4 18 5 8 5 9 5 10 5 11 5 12 5 13 5 14 5 15 5 16 5 17 5 18 6 8 6 9 6 10 6 11 6 12 6 13 6 14 6 15 6 16 6 17 6 18 7 8 7 9 7 10 7 11 7 12 7 13 7 14 7 15 7 16 7 17 7 18
q 5 0 7 0 8 0 9 0 10 0 11
q 24 0 11 0 12 1 11 1 12 2 11 2 12 3 11 3 12 4 11 4 12 5 11 5 12 6 11 6 12 7 11 7 12 8 11 8 12 9 11 9 12 10 11 10 12 11 11 11 12
q 60 4 6 4 7 4 8 4 9 4 10 4 11 4 12 4 13 4 14 4 15 5 6 5 7 5 8 5 9 5 10 5 11 5 12 5 13 5 14 5 15 6 6 6 7 6 8 6 9 6 10 6 11 6 12 6 13 6 14 6 15 7 6 7 7 7 8 7 9 7 10 7 11 7 12 7 13 7 14 7 15 8 6 8 7 8 8 8 9 8 10 8 11 8 12 8 13 8 14 8 15 9 6 9 7 9 8 9 9 9 10 9 11 9 12 9 13 9 14 9 15
q 34 0 5 0 6 1 5 1 6 2 5 2 6 3 5 3 6 4 5 4 6 5 5 5 6 6 5 6 6 7 5 7 6 8 5 8 6 9 5 9 6 10 5 10 6 11 5 11 6 12 5 12 6 13 5 13 6 14 5 14 6 15 5 15 6 16 5 16 6
q 42 13 6 13 7 13 8 13 9 13 10 13 11 13 12 14 6 14 7 14 8 14 9 14 10 14 11 14 12 15 6 15 7 15 8 15 9 15 10 15 11 15 12 16 6 16 7 16 8 16 9 16 10 16 11 16 12 17 6 17 7 17 8 17 9 17 10 17 11 17 12 18 6 18 7 18 8 18 9 18 10 18 11 18 12
q 57 0 16 0 17 0 18 1 16 1 17 1 18 2 16 2 17 2 18 3 16 3 17 3 18 4 16 4 17 4 18 5 16 5 17 5 18 6 16 6 17 6 18 7 16 7 17 7 18 8 16 8 17 8 18 9 16 9 17 9 18 10 16 10 17 10 18 11 16 11 17 11 18 12 16 12 17 12 18 13 16 13 17 13 18 14 16 14 17 14 18 15 16 15 17 15 18 16 16 16 17 16 18 17 16 17 17 17 18 18 16 18 17 18 18
q 38 0 10 0 11 1 10 1 11 2 10 2 11 3 10 3 11 4 10 4 11 5 10 5 11 6 10 6 11 7 10 7 11 8 10 8 11 9 10 9 11 10 10 10 11 11 10 11 11 12 10 12 11 13 10 13 11 14 10 14 11 15 10 15 11 16 10 16 11 17 10 17 11 18 10 18 11
q 36 1 11 1 12 2 11 2 12 3 11 3 12 4 11 4 12 5 11 5 12 6 11 6 12 7 11 7 12 8 11 8 12 9 11 9 12 10 11 10 12 11 11 11 12 12 11 12 12 13 11 13 12 14 11 14 12 15 11 15 12 16 11 16 12 17 11 17 12 18 11 18 12
q 11 7 16 8 16 9 16 10 16 11 16 12 16 13 16 14 16 15 16 16 16 17 16
q 55 4 8 4 9 4 10 4 11 4 12 4 13 4 14 4 15 4 16 4 17 4 18 5 8 5 9 5 10 5 11 5 12 5 13 5 14 5 15 5 16 5 17 5 18 6 8 6 9 6 10 6 11 6 12 6 13 6 14 6 15 6 16 6 17 6 18 7 8 7 9 7 10 7 11 7 12 7 13 7 14 7 15 7 16 7 17 7 18 8 8 8 9 8 10 8 11 8 12 8 13 8 14 8 15 8 16 8 17 8 18
q 36 0 9 0 10 0 11 1 9 1 10 1 11 2 9 2 10 2 11 3 9 3 10 3 11 4 9 4 10 4 11 5 9 5 10 5 11 6 9 6 10 6 11 7 9 7 10 7 11 8 9 8 10 8 11 9 9 9 10 9 11 10 9 10 10 10 11 11 9 11 10 11 11
q 55 6 6 6 7 6 8 6 9 6 10 6 11 6 12 6 13 6 14 6 15 6 16 7 6 7 7 7 8 7 9 7 10 7 11 7 12 7 13 7 14 7 15 7 16 8 6 8 7 8 8 8 9 8 10 8 11 8 12 8 13 8 14 8 15 8 16 9 6 9 7 9 8 9 9 9 10 9 11 9 12 9 13 9 14 9 15 9 16 10 6 10 7 10 8 10 9 10 10 10 11 10 12 10 13 10 14 10 15 10 16
q 49 11 10 11 11 11 12 11 13 11 14 11 15 11 16 12 10 12 11 12 12 12 13 12 14 12 15 12 16 13 10 13 11 13 12 13 13 13 14 13 15 13 16 14 10 14 11 14 12 14 13 14 14 14 15 14 16 15 10 15 11 15 12 15 13 15 14 15 15 15 16 16 10 16 11 16 12 16 13 16 14 16 15 16 16 17 10 17 11 17 12 17 13 17 14 17 15 17 16
q 34 7 2 7 3 7 4 7 5 7 6 7 7 7 8 7 9 7 10 7 11 7 12 7 13 7 14 7 15 7 16 7 17 7 18 8 2 8 3 8 4 8 5 8 6 8 7 8 8 8 9 8 10 8 11 8 12 8 13 8 14 8 15 8 16 8 17 8 18
q 57 0 0 0 1 0 2 1 0 1 1 1 2 2 0 2 1 2 2 3 0 3 1 3 2 4 0 4 1 4 2 5 0 5 1 5 2 6 0 6 1 6 2 7 0 7 1 7 2 8 0 8 1 8 2 9 0 9 1 9 2 10 0 10 1 10 2 11 0 11 1 11 2 12 0 12 1 12 2 13 0 13 1 13 2 14 0 14 1 14 2 15 0 15 1 15 2 16 0 16 1 16 2 17 0 17 1 17 2 18 0 18 1 18 2
q 60 7 9 7 10 7 11 7 12 7 13 8 9 8 10 8 11 8 12 8 13 9 9 9 10 9 11 9 12 9 13 10 9 10 10 10 11 10 12 10 13 11 9 11 10 11 11 11 12 11 13 12 9 12 10 12 11 12 12 12 13 13 9 13 10 13 11 13 12 13 13 14 9 14 10 14 11 14 12 14 13 15 9 15 10 15 11 15 12 15 13 16 9 16 10 16 11 16 12 16 13 17 9 17 10 17 11 17 12 17 13 18 9 18 10 18 11 18 12 18 13
q 24 3 10 3 11 4 10 4 11 5 10 5 11 6 10 6 11 7 10 7 11 8 10 8 11 9 10 9 11 10 10 10 11 11 10 11 11 12 10 12 11 13 10 13 11 14 10 14 11
q 27 3 2 3 3 3 4 4 2 4 3 4 4 5 2 5 3 5 4 6 2 6 3 6 4 7 2 7 3 7 4 8 2 8 3 8 4 9 2 9 3 9 4 10 2 10 3 10 4 11 2 11 3 11 4
q 13 3 17 4 17 5 17 6 17 7 17 8 17 9 17 10 17 11 17 12 17 13 17 14 17 15 17
q 15 7 3 7 4 7 5 7 6 7 7 7 8 7 9 7 10 7 11 7 12 7 13 7 14 7 15 7 16 7 17
q 21 6 0 6 1 6 2 6 3 6 4 6 5 6 6 7 0 7 1 7 2 7 3 7 4 7 5 7 6 8 0 8 1 8 2 8 3 8 4 8 5 8 6
q 55 6 3 6 4 6 5 6 6 6 7 7 3 7 4 7 5 7 6 7 7 8 3 8 4 8 5 8 6 8 7 9 3 9 4 9 5 9 6 9 7 10 3 10 4 10 5 10 6 10 7 11 3 11 4 11 5 11 6 11 7 12 3 12 4 12 5 12 6 12 7 13 3 13 4 13 5 13 6 13 7 14 3 14 4 14 5 14 6 14 7 15 3 15 4 15 5 15 6 15 7 16 3 16 4 16 5 16 6 16 7
q 64 8 9 8 10 8 11 8 12 8 13 8 14 8 15 8 16 9 9 9 10 9 11 9 12 9 13 9 14 9 15 9 16 10 9 10 10 10 11 10 12 10 13 10 14 10 15 10 16 11 9 11 10 11 11 11 12 11 13 11 14 11 15 11 16 12 9 12 10 12 11 12 12 12 13 12 14 12 15 12 16 13 9 13 10 13 11 13 12 13 13 13 14 13 15 13 16 14 9 14 10 14 11 14 12 14 13 14 14 14 15 14 16 15 9 15 10 15 11 15 12 15 13 15 14 15 15 15 16
q 10 2 8 2 9 2 10 2 11 2 12 3 8 3 9 3 10 3 11 3 12
q 30 4 3 4 4 4 5 4 6 4 7 4 8 4 9 4 10 4 11 4 12 4 13 4 14 4 15 4 16 4 17 5 3 5 4 5 5 5 6 5 7 5 8 5 9 5 10 5 11 5 12 5 13 5 14 5 15 5 16 5 17
q 36 1 16 1 17 1 18 2 16 2 17 2 18 3 16 3 17 3 18 4 16 4 17 4 18 5 16 5 17 5 18 6 16 6 17 6 18 7 16 7 17 7 18 8 16 8 17 8 18 9 16 9 17 9 18 10 16 10 17 10 18 11 16 11 17 11 18 12 16 12 17 12 18
q 17 0 15 1 15 2 15 3 15 4 15 5 15 6 15 7 15 8 15 9 15 10 15 11 15 12 15 13 15 14 15 15 15 16 15
q 36 1 12 1 13 2 12 2 13 3 12 3 13 4 12 4 13 5 12 5 13 6 12 6 13 7 12 7 13 8 12 8 13 9 12 9 13 10 12 10 13 11 12 11 13 12 12 12 13 13 12 13 13 14 12 14 13 15 12 15 13 16 12 16 13 17 12 17 13 18 12 18 13
q 36 9 8 9 9 9 10 9 11 9 12 9 13 10 8 10 9 10 10 10 11 10 12 10 13 11 8 11 9 11 10 11 11 11 12 11 13 12 8 12 9 12 10 12 11 12 12 12 13 13 8 13 9 13 10 13 11 13 12 13 13 14 8 14 9 14 10 14 11 14 12 14 13
q 54 3 1 3 2 3 3 3 4 3 5 3 6 3 7 3 8 3 9 3 10 3 11 3 12 3 13 3 14 3 15 3 16 3 17 3 18 4 1 4 2 4 3 4 4 4 5 4 6 4 7 4 8 4 9 4 10 4 11 4 12 4 13 4 14 4 15 4 16 4 17 4 18 5 1 5 2 5 3 5 4 5 5 5 6 5 7 5 8 5 9 5 10 5 11 5 12 5 13 5 14 5 15 5 16 5 17 5 18
q 38 10 0 10 1 10 2 10 3 10 4 10 5 10 6 10 7 10 8 10 9 10 10 10 11 10 12 10 13 10 14 10 15 10 16 10 17 10 18 11 0 11 1 11 2 11 3 11 4 11 5 11 6 11 7 11 8 11 9 11 10 11 11 11 12 11 13 11 14 11 15 11 16 11 17 11 18
q 30 13 10 13 11 13 12 13 13 13 14 14 10 14 11 14 12 14 13 14 14 15 10 15 11 15 12 15 13 15 14 16 10 16 11 16 12 16 13 16 14 17 10 17 11 17 12 17 13 17 14 18 10 18 11 18 12 18 13 18 14
q 13 3 2 3 3 3 4 3 5 3 6 3 7 3 8 3 9 3 10 3 11 3 12 3 13 3 14
q 60 9 3 9 4 9 5 9 6 9 7 9 8 9 9 9 10 9 11 9 12 9 13 9 14 9 15 9 16 9 17 10 3 10 4 10 5 10 6 10 7 10 8 10 9 10 10 10 11 10 12 10 13 10 14 10 15 10 16 10 17 11 3 11 4 11 5 11 6 11 7 11 8 11 9 11 10 11 11 11 12 11 13 11 14 11 15 11 16 11 17 12 3 12 4 12 5 12 6 12 7 12 8 12 9 12 10 12 11 12 12 12 13 12 14 12 15 12 16 12 17
q 27 8 6 8 7 8 8 8 9 8 10 8 11 8 12 8 13 8 14 9 6 9 7 9 8 9 9 9 10 9 11 9 12 9 13 9 14 10 6 10 7 10 8 10 9 10 10 10 11 10 12 10 13 10 14
q 15 18 2 18 3 18 4 18 5 18 6 18 7 18 8 18 9 18 10 18 11 18 12 18 13 18 14 18 15 18 16
q 40 7 2 7 3 7 4 7 5 7 6 7 7 7 8 7 9 8 2 8 3 8 4 8 5 8 6 8 7 8 8 8 9 9 2 9 3 9 4 9 5 9 6 9 7 9 8 9 9 10 2 10 3 10 4 10 5 10 6 10 7 10 8 10 9 11 2 11 3 11 4 11 5 11 6 11 7 11 8 11 9
q 1 3 12
q 1 4 7
q 1 4 9
q 1 4 10
q 1 4 11
q 1 4 12
q 1 4 13
q 1 5 2
q 1 5 3
q 1 5 4
q 1 5 5
q 1 5 6
q 1 5 7
q 1 5 8
q 1 5 9
q 1 5 10
q 1 5 11
q 1 5 12
q 1 5 13
q 1 5 14
q 1 6 2
q 1 6 3
q 1 6 5
q 1 6 6
q 1 6 7
q 1 6 8
q 1 6 9
q 1 6 12
q 1 6 13
q 1 6 14
q 1 6 15
q 1 6 16
q 1 6 17
q 1 7 3
q 1 7 4
q 1 7 5
q 1 7 6
q 1 7 7
q 1 7 8
q 1 7 9
q 1 7 10
q 1 7 11
q 1 7 12
q 1 7 13
q 1 7 14
q 1 7 16
q 1 8 3
q 1 8 5
q 1 8 6
q 1 8 7
q 1 8 8
q 1 8 9
q 1 8 10
q 1 8 12
q 1 8 13
q 1 8 14
q 1 8 15
q 1 8 16
q 1 8 17
q 1 8 18
q 1 9 4
q 1 9 5
q 1 9 6
q 1 9 7
q 1 9 8
q 1 9 9
q 1 9 10
q 1 9 12
q 1 9 13
q 1 9 14
q 1 9 15
q 1 10 4
q 1 10 5
q 1 10 6
q 1 10 7
q 1 10 8
q 1 10 9
q 1 10 10
q 1 10 11
q 1 10 12
q 1 10 13
q 1 10 15
q 1 11 4
q 1 11 5
q 1 11 6
q 1 11 7
q 1 11 9
q 1 11 10
q 1 11 11
q 1 11 12
q 1 11 15
q 1 11 16
q 1 12 4
q 1 12 5
q 1 12 7
q 1 12 9
q 1 12 10
q 1 12 12
q 1 13 1
q 1 13 2
q 1 13 3
q 1 13 4
q 1 13 11
q 1 13 12
q 1 2 12
q 1 3 11
q 1 3 13
q 1 3 7
q 1 4 6
q 1 4 8
q 1 3 9
q 1 3 10
q 1 4 14
q 1 4 2
q 1 5 1
q 1 4 3
q 1 4 4
q 1 6 4
q 1 4 5
q 1 6 10
q 1 6 11
q 1 5 15
q 1 6 1
q 1 7 2
q 1 7 15
q 1 5 16
q 1 5 17
q 1 7 17
q 1 6 18
q 1 8 4
q 1 8 11
q 1 8 2
q 1 9 3
q 1 9 16
q 1 9 17
q 1 7 18
q 1 9 18
q 1 9 11
q 1 10 14
q 1 10 3
q 1 11 8
q 1 11 13
q 1 10 16
q 1 11 3
q 1 12 6
q 1 12 11
q 1 11 14
q 1 12 15
q 1 12 16
q 1 11 17
q 1 12 3
q 1 13 5
q 1 13 7
q 1 12 8
q 1 13 9
q 1 13 10
q 1 12 13
q 1 12 1
q 1 13 0
q 1 14 1
q 1 12 2
q 1 14 2
q 1 14 3
q 1 14 4
q 1 14 11
q 1 14 12
q 1 13 13
a 104 3 12 4 7 4 9 4 10 4 11 4 12 4 13 5 2 5 3 5 4 5 5 5 6 5 7 5 8 5 9 5 10 5 11 5 12 5 13 5 14 6 2 6 3 6 5 6 6 6 7 6 8 6 9 6 12 6 13 6 14 6 15 6 16 6 17 7 3 7 4 7 5 7 6 7 7 7 8 7 9 7 10 7 11 7 12 7 13 7 14 7 16 8 3 8 5 8 6 8 7 8 8 8 9 8 10 8 12 8 13 8 14 8 15 8 16 8 17 8 18 9 4 9 5 9 6 9 7 9 8 9 9 9 10 9 12 9 13 9 14 9 15 10 4 10 5 10 6 10 7 10 8 10 9 10 10 10 11 10 12 10 13 10 15 11 4 11 5 11 6 11 7 11 9 11 10 11 11 11 12 11 15 11 16 12 4 12 5 12 7 12 9 12 10 12 12 13 1 13 2 13 3 13 4 13 11 13 12 
