q 39 8 0 8 1 8 2 8 3 8 4 8 5 8 6 8 7 8 8 8 9 8 10 8 11 8 12 9 0 9 1 9 2 9 3 9 4 9 5 9 6 9 7 9 8 9 9 9 10 9 11 9 12 10 0 10 1 10 2 10 3 10 4 10 5 10 6 10 7 10 8 10 9 10 10 10 11 10 12
q 40 5 6 5 7 5 8 5 9 5 10 5 11 5 12 5 13 6 6 6 7 6 8 6 9 6 10 6 11 6 12 6 13 7 6 7 7 7 8 7 9 7 10 7 11 7 12 7 13 8 6 8 7 8 8 8 9 8 10 8 11 8 12 8 13 9 6 9 7 9 8 9 9 9 10 9 11 9 12 9 13
q 26 1 9 1 10 2 9 2 10 3 9 3 10 4 9 4 10 5 9 5 10 6 9 6 10 7 9 7 10 8 9 8 10 9 9 9 10 10 9 10 10 11 9 11 10 12 9 12 10 13 9 13 10
q 60 9 1 9 2 9 3 9 4 9 5 9 6 9 7 9 8 9 9 9 10 9 11 9 12 10 1 10 2 10 3 10 4 10 5 10 6 10 7 10 8 10 9 10 10 10 11 10 12 11 1 11 2 11 3 11 4 11 5 11 6 11 7 11 8 11 9 11 10 11 11 11 12 12 1 12 2 12 3 12 4 12 5 12 6 12 7 12 8 12 9 12 10 12 11 12 12 13 1 13 2 13 3 13 4 13 5 13 6 13 7 13 8 13 9 13 10 13 11 13 12
q 27 5 4 5 5 5 6 6 4 6 5 6 6 7 4 7 5 7 6 8 4 8 5 8 6 9 4 9 5 9 6 10 4 10 5 10 6 11 4 11 5 11 6 12 4 12 5 12 6 13 4 13 5 13 6
q 55 3 2 3 3 3 4 3 5 3 6 3 7 3 8 3 9 3 10 3 11 3 12 4 2 4 3 4 4 4 5 4 6 4 7 4 8 4 9 4 10 4 11 4 12 5 2 5 3 5 4 5 5 5 6 5 7 5 8 5 9 5 10 5 11 5 12 6 2 6 3 6 4 6 5 6 6 6 7 6 8 6 9 6 10 6 11 6 12 7 2 7 3 7 4 7 5 7 6 7 7 7 8 7 9 7 10 7 11 7 12
q 42 3 0 3 1 3 2 3 3 3 4 3 5 3 6 3 7 3 8 3 9 3 10 3 11 3 12 3 13 4 0 4 1 4 2 4 3 4 4 4 5 4 6 4 7 4 8 4 9 4 10 4 11 4 12 4 13 5 0 5 1 5 2 5 3 5 4 5 5 5 6 5 7 5 8 5 9 5 10 5 11 5 12 5 13
q 60 2 1 2 2 2 3 2 4 2 5 2 6 3 1 3 2 3 3 3 4 3 5 3 6 4 1 4 2 4 3 4 4 4 5 4 6 5 1 5 2 5 3 5 4 5 5 5 6 6 1 6 2 6 3 6 4 6 5 6 6 7 1 7 2 7 3 7 4 7 5 7 6 8 1 8 2 8 3 8 4 8 5 8 6 9 1 9 2 9 3 9 4 9 5 9 6 10 1 10 2 10 3 10 4 10 5 10 6 11 1 11 2 11 3 11 4 11 5 11 6
q 36 9 3 9 4 9 5 9 6 9 7 9 8 9 9 9 10 9 11 10 3 10 4 10 5 10 6 10 7 10 8 10 9 10 10 10 11 11 3 11 4 11 5 11 6 11 7 11 8 11 9 11 10 11 11 12 3 12 4 12 5 12 6 12 7 12 8 12 9 12 10 12 11
q 55 1 6 1 7 1 8 1 9 1 10 2 6 2 7 2 8 2 9 2 10 3 6 3 7 3 8 3 9 3 10 4 6 4 7 4 8 4 9 4 10 5 6 5 7 5 8 5 9 5 10 6 6 6 7 6 8 6 9 6 10 7 6 7 7 7 8 7 9 7 10 8 6 8 7 8 8 8 9 8 10 9 6 9 7 9 8 9 9 9 10 10 6 10 7 10 8 10 9 10 10 11 6 11 7 11 8 11 9 11 10
q 36 4 1 4 2 4 3 4 4 4 5 4 6 4 7 4 8 4 9 4 10 4 11 4 12 5 1 5 2 5 3 5 4 5 5 5 6 5 7 5 8 5 9 5 10 5 11 5 12 6 1 6 2 6 3 6 4 6 5 6 6 6 7 6 8 6 9 6 10 6 11 6 12
q 36 3 0 3 1 3 2 3 3 3 4 3 5 3 6 3 7 3 8 3 9 3 10 3 11 4 0 4 1 4 2 4 3 4 4 4 5 4 6 4 7 4 8 4 9 4 10 4 11 5 0 5 1 5 2 5 3 5 4 5 5 5 6 5 7 5 8 5 9 5 10 5 11
q 30 4 5 4 6 4 7 4 8 4 9 5 5 5 6 5 7 5 8 5 9 6 5 6 6 6 7 6 8 6 9 7 5 7 6 7 7 7 8 7 9 8 5 8 6 8 7 8 8 8 9 9 5 9 6 9 7 9 8 9 9
q 39 3 0 3 1 3 2 3 3 3 4 3 5 3 6 3 7 3 8 3 9 3 10 3 11 3 12 4 0 4 1 4 2 4 3 4 4 4 5 4 6 4 7 4 8 4 9 4 10 4 11 4 12 5 0 5 1 5 2 5 3 5 4 5 5 5 6 5 7 5 8 5 9 5 10 5 11 5 12
q 28 5 5 5 6 5 7 5 8 5 9 5 10 5 11 6 5 6 6 6 7 6 8 6 9 6 10 6 11 7 5 7 6 7 7 7 8 7 9 7 10 7 11 8 5 8 6 8 7 8 8 8 9 8 10 8 11
q 44 1 0 1 1 1 2 1 3 1 4 1 5 1 6 1 7 1 8 1 9 1 10 2 0 2 1 2 2 2 3 2 4 2 5 2 6 2 7 2 8 2 9 2 10 3 0 3 1 3 2 3 3 3 4 3 5 3 6 3 7 3 8 3 9 3 10 4 0 4 1 4 2 4 3 4 4 4 5 4 6 4 7 4 8 4 9 4 10
q 40 3 3 3 4 3 5 3 6 3 7 3 8 3 9 3 10 3 11 3 12 4 3 4 4 4 5 4 6 4 7 4 8 4 9 4 10 4 11 4 12 5 3 5 4 5 5 5 6 5 7 5 8 5 9 5 10 5 11 5 12 6 3 6 4 6 5 6 6 6 7 6 8 6 9 6 10 6 11 6 12
q 42 0 0 0 1 0 2 0 3 0 4 0 5 0 6 0 7 0 8 0 9 0 10 0 11 0 12 0 13 1 0 1 1 1 2 1 3 1 4 1 5 1 6 1 7 1 8 1 9 1 10 1 11 1 12 1 13 2 0 2 1 2 2 2 3 2 4 2 5 2 6 2 7 2 8 2 9 2 10 2 11 2 12 2 13
q 56 0 1 0 2 0 3 0 4 1 1 1 2 1 3 1 4 2 1 2 2 2 3 2 4 3 1 3 2 3 3 3 4 4 1 4 2 4 3 4 4 5 1 5 2 5 3 5 4 6 1 6 2 6 3 6 4 7 1 7 2 7 3 7 4 8 1 8 2 8 3 8 4 9 1 9 2 9 3 9 4 10 1 10 2 10 3 10 4 11 1 11 2 11 3 11 4 12 1 12 2 12 3 12 4 13 1 13 2 13 3 13 4
q 49 2 5 2 6 2 7 2 8 2 9 2 10 2 11 3 5 3 6 3 7 3 8 3 9 3 10 3 11 4 5 4 6 4 7 4 8 4 9 4 10 4 11 5 5 5 6 5 7 5 8 5 9 5 10 5 11 6 5 6 6 6 7 6 8 6 9 6 10 6 11 7 5 7 6 7 7 7 8 7 9 7 10 7 11 8 5 8 6 8 7 8 8 8 9 8 10 8 11
q 56 0 3 0 4 0 5 0 6 1 3 1 4 1 5 1 6 2 3 2 4 2 5 2 6 3 3 3 4 3 5 3 6 4 3 4 4 4 5 4 6 5 3 5 4 5 5 5 6 6 3 6 4 6 5 6 6 7 3 7 4 7 5 7 6 8 3 8 4 8 5 8 6 9 3 9 4 9 5 9 6 10 3 10 4 10 5 10 6 11 3 11 4 11 5 11 6 12 3 12 4 12 5 12 6 13 3 13 4 13 5 13 6
q 56 0 9 0 10 0 11 0 12 1 9 1 10 1 11 1 12 2 9 2 10 2 11 2 12 3 9 3 10 3 11 3 12 4 9 4 10 4 11 4 12 5 9 5 10 5 11 5 12 6 9 6 10 6 11 6 12 7 9 7 10 7 11 7 12 8 9 8 10 8 11 8 12 9 9 9 10 9 11 9 12 10 9 10 10 10 11 10 12 11 9 11 10 11 11 11 12 12 9 12 10 12 11 12 12 13 9 13 10 13 11 13 12
q 54 5 0 5 1 5 2 5 3 5 4 5 5 6 0 6 1 6 2 6 3 6 4 6 5 7 0 7 1 7 2 7 3 7 4 7 5 8 0 8 1 8 2 8 3 8 4 8 5 9 0 9 1 9 2 9 3 9 4 9 5 10 0 10 1 10 2 10 3 10 4 10 5 11 0 11 1 11 2 11 3 11 4 11 5 12 0 12 1 12 2 12 3 12 4 12 5 13 0 13 1 13 2 13 3 13 4 13 5
q 49 2 7 2 8 2 9 2 10 2 11 2 12 2 13 3 7 3 8 3 9 3 10 3 11 3 12 3 13 4 7 4 8 4 9 4 10 4 11 4 12 4 13 5 7 5 8 5 9 5 10 5 11 5 12 5 13 6 7 6 8 6 9 6 10 6 11 6 12 6 13 7 7 7 8 7 9 7 10 7 11 7 12 7 13 8 7 8 8 8 9 8 10 8 11 8 12 8 13
q 44 8 3 8 4 8 5 8 6 8 7 8 8 8 9 8 10 8 11 8 12 8 13 9 3 9 4 9 5 9 6 9 7 9 8 9 9 9 10 9 11 9 12 9 13 10 3 10 4 10 5 10 6 10 7 10 8 10 9 10 10 10 11 10 12 10 13 11 3 11 4 11 5 11 6 11 7 11 8 11 9 11 10 11 11 11 12 11 13
q 36 4 1 4 2 4 3 4 4 4 5 4 6 4 7 4 8 4 9 4 10 4 11 4 12 5 1 5 2 5 3 5 4 5 5 5 6 5 7 5 8 5 9 5 10 5 11 5 12 6 1 6 2 6 3 6 4 6 5 6 6 6 7 6 8 6 9 6 10 6 11 6 12
q 36 6 5 6 6 6 7 6 8 6 9 6 10 7 5 7 6 7 7 7 8 7 9 7 10 8 5 8 6 8 7 8 8 8 9 8 10 9 5 9 6 9 7 9 8 9 9 9 10 10 5 10 6 10 7 10 8 10 9 10 10 11 5 11 6 11 7 11 8 11 9 11 10
q 28 4 10 4 11 4 12 4 13 5 10 5 11 5 12 5 13 6 10 6 11 6 12 6 13 7 10 7 11 7 12 7 13 8 10 8 11 8 12 8 13 9 10 9 11 9 12 9 13 10 10 10 11 10 12 10 13
q 64 4 0 4 1 4 2 4 3 4 4 4 5 4 6 4 7 5 0 5 1 5 2 5 3 5 4 5 5 5 6 5 7 6 0 6 1 6 2 6 3 6 4 6 5 6 6 6 7 7 0 7 1 7 2 7 3 7 4 7 5 7 6 7 7 8 0 8 1 8 2 8 3 8 4 8 5 8 6 8 7 9 0 9 1 9 2 9 3 9 4 9 5 9 6 9 7 10 0 10 1 10 2 10 3 10 4 10 5 10 6 10 7 11 0 11 1 11 2 11 3 11 4 11 5 11 6 11 7
q 32 0 2 0 3 0 4 0 5 1 2 1 3 1 4 1 5 2 2 2 3 2 4 2 5 3 2 3 3 3 4 3 5 4 2 4 3 4 4 4 5 5 2 5 3 5 4 5 5 6 2 6 3 6 4 6 5 7 2 7 3 7 4 7 5
q 39 1 0 1 1 1 2 1 3 1 4 1 5 1 6 1 7 1 8 1 9 1 10 1 11 1 12 2 0 2 1 2 2 2 3 2 4 2 5 2 6 2 7 2 8 2 9 2 10 2 11 2 12 3 0 3 1 3 2 3 3 3 4 3 5 3 6 3 7 3 8 3 9 3 10 3 11 3 12
q 26 9 0 9 1 9 2 9 3 9 4 9 5 9 6 9 7 9 8 9 9 9 10 9 11 9 12 10 0 10 1 10 2 10 3 10 4 10 5 10 6 10 7 10 8 10 9 10 10 10 11 10 12
q 28 10 0 10 1 10 2 10 3 10 4 10 5 10 6 10 7 10 8 10 9 10 10 10 11 10 12 10 13 11 0 11 1 11 2 11 3 11 4 11 5 11 6 11 7 11 8 11 9 11 10 11 11 11 12 11 13
q 54 6 1 6 2 6 3 6 4 6 5 6 6 6 7 6 8 6 9 7 1 7 2 7 3 7 4 7 5 7 6 7 7 7 8 7 9 8 1 8 2 8 3 8 4 8 5 8 6 8 7 8 8 8 9 9 1 9 2 9 3 9 4 9 5 9 6 9 7 9 8 9 9 10 1 10 2 10 3 10 4 10 5 10 6 10 7 10 8 10 9 11 1 11 2 11 3 11 4 11 5 11 6 11 7 11 8 11 9
q 56 1 4 1 5 1 6 1 7 1 8 1 9 1 10 2 4 2 5 2 6 2 7 2 8 2 9 2 10 3 4 3 5 3 6 3 7 3 8 3 9 3 10 4 4 4 5 4 6 4 7 4 8 4 9 4 10 5 4 5 5 5 6 5 7 5 8 5 9 5 10 6 4 6 5 6 6 6 7 6 8 6 9 6 10 7 4 7 5 7 6 7 7 7 8 7 9 7 10 8 4 8 5 8 6 8 7 8 8 8 9 8 10
q 39 0 9 0 10 0 11 1 9 1 10 1 11 2 9 2 10 2 11 3 9 3 10 3 11 4 9 4 10 4 11 5 9 5 10 5 11 6 9 6 10 6 11 7 9 7 10 7 11 8 9 8 10 8 11 9 9 9 10 9 11 10 9 10 10 10 11 11 9 11 10 11 11 12 9 12 10 12 11
q 56 0 5 0 6 0 7 0 8 1 5 1 6 1 7 1 8 2 5 2 6 2 7 2 8 3 5 3 6 3 7 3 8 4 5 4 6 4 7 4 8 5 5 5 6 5 7 5 8 6 5 6 6 6 7 6 8 7 5 7 6 7 7 7 8 8 5 8 6 8 7 8 8 9 5 9 6 9 7 9 8 10 5 10 6 10 7 10 8 11 5 11 6 11 7 11 8 12 5 12 6 12 7 12 8 13 5 13 6 13 7 13 8
q 55 8 1 8 2 8 3 8 4 8 5 8 6 8 7 8 8 8 9 8 10 8 11 9 1 9 2 9 3 9 4 9 5 9 6 9 7 9 8 9 9 9 10 9 11 10 1 10 2 10 3 10 4 10 5 10 6 10 7 10 8 10 9 10 10 10 11 11 1 11 2 11 3 11 4 11 5 11 6 11 7 11 8 11 9 11 10 11 11 12 1 12 2 12 3 12 4 12 5 12 6 12 7 12 8 12 9 12 10 12 11
q 42 7 0 7 1 7 2 7 3 7 4 7 5 7 6 7 7 7 8 7 9 7 10 7 11 7 12 7 13 8 0 8 1 8 2 8 3 8 4 8 5 8 6 8 7 8 8 8 9 8 10 8 11 8 12 8 13 9 0 9 1 9 2 9 3 9 4 9 5 9 6 9 7 9 8 9 9 9 10 9 11 9 12 9 13
q 30 8 0 8 1 8 2 8 3 8 4 8 5 9 0 9 1 9 2 9 3 9 4 9 5 10 0 10 1 10 2 10 3 10 4 10 5 11 0 11 1 11 2 11 3 11 4 11 5 12 0 12 1 12 2 12 3 12 4 12 5
q 32 0 4 0 5 0 6 0 7 0 8 0 9 0 10 0 11 1 4 1 5 1 6 1 7 1 8 1 9 1 10 1 11 2 4 2 5 2 6 2 7 2 8 2 9 2 10 2 11 3 4 3 5 3 6 3 7 3 8 3 9 3 10 3 11
q 32 2 0 2 1 2 2 2 3 3 0 3 1 3 2 3 3 4 0 4 1 4 2 4 3 5 0 5 1 5 2 5 3 6 0 6 1 6 2 6 3 7 0 7 1 7 2 7 3 8 0 8 1 8 2 8 3 9 0 9 1 9 2 9 3
q 30 4 0 4 1 4 2 4 3 4 4 4 5 5 0 5 1 5 2 5 3 5 4 5 5 6 0 6 1 6 2 6 3 6 4 6 5 7 0 7 1 7 2 7 3 7 4 7 5 8 0 8 1 8 2 8 3 8 4 8 5
q 63 5 7 5 8 5 9 5 10 5 11 5 12 5 13 6 7 6 8 6 9 6 10 6 11 6 12 6 13 7 7 7 8 7 9 7 10 7 11 7 12 7 13 8 7 8 8 8 9 8 10 8 11 8 12 8 13 9 7 9 8 9 9 9 10 9 11 9 12 9 13 10 7 10 8 10 9 10 10 10 11 10 12 10 13 11 7 11 8 11 9 11 10 11 11 11 12 11 13 12 7 12 8 12 9 12 10 12 11 12 12 12 13 13 7 13 8 13 9 13 10 13 11 13 12 13 13
q 56 9 0 9 1 9 2 9 3 9 4 9 5 9 6 9 7 9 8 9 9 9 10 9 11 9 12 9 13 10 0 10 1 10 2 10 3 10 4 10 5 10 6 10 7 10 8 10 9 10 10 10 11 10 12 10 13 11 0 11 1 11 2 11 3 11 4 11 5 11 6 11 7 11 8 11 9 11 10 11 11 11 12 11 13 12 0 12 1 12 2 12 3 12 4 12 5 12 6 12 7 12 8 12 9 12 10 12 11 12 12 12 13
q 42 3 3 3 4 3 5 3 6 3 7 3 8 4 3 4 4 4 5 4 6 4 7 4 8 5 3 5 4 5 5 5 6 5 7 5 8 6 3 6 4 6 5 6 6 6 7 6 8 7 3 7 4 7 5 7 6 7 7 7 8 8 3 8 4 8 5 8 6 8 7 8 8 9 3 9 4 9 5 9 6 9 7 9 8
q 30 7 5 7 6 7 7 7 8 7 9 7 10 8 5 8 6 8 7 8 8 8 9 8 10 9 5 9 6 9 7 9 8 9 9 9 10 10 5 10 6 10 7 10 8 10 9 10 10 11 5 11 6 11 7 11 8 11 9 11 10
q 42 0 7 0 8 0 9 1 7 1 8 1 9 2 7 2 8 2 9 3 7 3 8 3 9 4 7 4 8 4 9 5 7 5 8 5 9 6 7 6 8 6 9 7 7 7 8 7 9 8 7 8 8 8 9 9 7 9 8 9 9 10 7 10 8 10 9 11 7 11 8 11 9 12 7 12 8 12 9 13 7 13 8 13 9
q 40 7 0 7 1 7 2 7 3 7 4 7 5 7 6 7 7 8 0 8 1 8 2 8 3 8 4 8 5 8 6 8 7 9 0 9 1 9 2 9 3 9 4 9 5 9 6 9 7 10 0 10 1 10 2 10 3 10 4 10 5 10 6 10 7 11 0 11 1 11 2 11 3 11 4 11 5 11 6 11 7
q 36 3 5 3 6 3 7 3 8 4 5 4 6 4 7 4 8 5 5 5 6 5 7 5 8 6 5 6 6 6 7 6 8 7 5 7 6 7 7 7 8 8 5 8 6 8 7 8 8 9 5 9 6 9 7 9 8 10 5 10 6 10 7 10 8 11 5 11 6 11 7 11 8
q 60 1 1 1 2 1 3 1 4 1 5 1 6 1 7 1 8 1 9 1 10 1 11 1 12 2 1 2 2 2 3 2 4 2 5 2 6 2 7 2 8 2 9 2 10 2 11 2 12 3 1 3 2 3 3 3 4 3 5 3 6 3 7 3 8 3 9 3 10 3 11 3 12 4 1 4 2 4 3 4 4 4 5 4 6 4 7 4 8 4 9 4 10 4 11 4 12 5 1 5 2 5 3 5 4 5 5 5 6 5 7 5 8 5 9 5 10 5 11 5 12
q 54 3 0 3 1 3 2 3 3 3 4 3 5 4 0 4 1 4 2 4 3 4 4 4 5 5 0 5 1 5 2 5 3 5 4 5 5 6 0 6 1 6 2 6 3 6 4 6 5 7 0 7 1 7 2 7 3 7 4 7 5 8 0 8 1 8 2 8 3 8 4 8 5 9 0 9 1 9 2 9 3 9 4 9 5 10 0 10 1 10 2 10 3 10 4 10 5 11 0 11 1 11 2 11 3 11 4 11 5
q 42 0 8 0 9 0 10 1 8 1 9 1 10 2 8 2 9 2 10 3 8 3 9 3 10 4 8 4 9 4 10 5 8 5 9 5 10 6 8 6 9 6 10 7 8 7 9 7 10 8 8 8 9 8 10 9 8 9 9 9 10 10 8 10 9 10 10 11 8 11 9 11 10 12 8 12 9 12 10 13 8 13 9 13 10
q 40 1 0 1 1 1 2 1 3 1 4 1 5 1 6 1 7 2 0 2 1 2 2 2 3 2 4 2 5 2 6 2 7 3 0 3 1 3 2 3 3 3 4 3 5 3 6 3 7 4 0 4 1 4 2 4 3 4 4 4 5 4 6 4 7 5 0 5 1 5 2 5 3 5 4 5 5 5 6 5 7
q 48 4 0 4 1 4 2 4 3 4 4 4 5 4 6 4 7 4 8 4 9 4 10 4 11 5 0 5 1 5 2 5 3 5 4 5 5 5 6 5 7 5 8 5 9 5 10 5 11 6 0 6 1 6 2 6 3 6 4 6 5 6 6 6 7 6 8 6 9 6 10 6 11 7 0 7 1 7 2 7 3 7 4 7 5 7 6 7 7 7 8 7 9 7 10 7 11
q 56 0 0 0 1 0 2 0 3 0 4 0 5 0 6 0 7 0 8 0 9 0 10 0 11 0 12 0 13 1 0 1 1 1 2 1 3 1 4 1 5 1 6 1 7 1 8 1 9 1 10 1 11 1 12 1 13 2 0 2 1 2 2 2 3 2 4 2 5 2 6 2 7 2 8 2 9 2 10 2 11 2 12 2 13 3 0 3 1 3 2 3 3 3 4 3 5 3 6 3 7 3 8 3 9 3 10 3 11 3 12 3 13
q 44 0 8 0 9 0 10 0 11 1 8 1 9 1 10 1 11 2 8 2 9 2 10 2 11 3 8 3 9 3 10 3 11 4 8 4 9 4 10 4 11 5 8 5 9 5 10 5 11 6 8 6 9 6 10 6 11 7 8 7 9 7 10 7 11 8 8 8 9 8 10 8 11 9 8 9 9 9 10 9 11 10 8 10 9 10 10 10 11
q 27 10 1 10 2 10 3 10 4 10 5 10 6 10 7 10 8 10 9 11 1 11 2 11 3 11 4 11 5 11 6 11 7 11 8 11 9 12 1 12 2 12 3 12 4 12 5 12 6 12 7 12 8 12 9
q 40 0 8 0 9 0 10 0 11 0 12 1 8 1 9 1 10 1 11 1 12 2 8 2 9 2 10 2 11 2 12 3 8 3 9 3 10 3 11 3 12 4 8 4 9 4 10 4 11 4 12 5 8 5 9 5 10 5 11 5 12 6 8 6 9 6 10 6 11 6 12 7 8 7 9 7 10 7 11 7 12
q 52 3 1 3 2 3 3 3 4 3 5 3 6 3 7 3 8 3 9 3 10 3 11 3 12 3 13 4 1 4 2 4 3 4 4 4 5 4 6 4 7 4 8 4 9 4 10 4 11 4 12 4 13 5 1 5 2 5 3 5 4 5 5 5 6 5 7 5 8 5 9 5 10 5 11 5 12 5 13 6 1 6 2 6 3 6 4 6 5 6 6 6 7 6 8 6 9 6 10 6 11 6 12 6 13
q 35 2 1 2 2 2 3 2 4 2 5 3 1 3 2 3 3 3 4 3 5 4 1 4 2 4 3 4 4 4 5 5 1 5 2 5 3 5 4 5 5 6 1 6 2 6 3 6 4 6 5 7 1 7 2 7 3 7 4 7 5 8 1 8 2 8 3 8 4 8 5
q 50 3 1 3 2 3 3 3 4 3 5 4 1 4 2 4 3 4 4 4 5 5 1 5 2 5 3 5 4 5 5 6 1 6 2 6 3 6 4 6 5 7 1 7 2 7 3 7 4 7 5 8 1 8 2 8 3 8 4 8 5 9 1 9 2 9 3 9 4 9 5 10 1 10 2 10 3 10 4 10 5 11 1 11 2 11 3 11 4 11 5 12 1 12 2 12 3 12 4 12 5
q 28 3 2 3 3 3 4 3 5 3 6 3 7 3 8 4 2 4 3 4 4 4 5 4 6 4 7 4 8 5 2 5 3 5 4 5 5 5 6 5 7 5 8 6 2 6 3 6 4 6 5 6 6 6 7 6 8
q 42 6 0 6 1 6 2 6 3 6 4 6 5 6 6 7 0 7 1 7 2 7 3 7 4 7 5 7 6 8 0 8 1 8 2 8 3 8 4 8 5 8 6 9 0 9 1 9 2 9 3 9 4 9 5 9 6 10 0 10 1 10 2 10 3 10 4 10 5 10 6 11 0 11 1 11 2 11 3 11 4 11 5 11 6
q 30 5 5 5 6 5 7 5 8 5 9 6 5 6 6 6 7 6 8 6 9 7 5 7 6 7 7 7 8 7 9 8 5 8 6 8 7 8 8 8 9 9 5 9 6 9 7 9 8 9 9 10 5 10 6 10 7 10 8 10 9
q 35 4 0 4 1 4 2 4 3 4 4 5 0 5 1 5 2 5 3 5 4 6 0 6 1 6 2 6 3 6 4 7 0 7 1 7 2 7 3 7 4 8 0 8 1 8 2 8 3 8 4 9 0 9 1 9 2 9 3 9 4 10 0 10 1 10 2 10 3 10 4
q 48 8 1 8 2 8 3 8 4 8 5 8 6 8 7 8 8 9 1 9 2 9 3 9 4 9 5 9 6 9 7 9 8 10 1 10 2 10 3 10 4 10 5 10 6 10 7 10 8 11 1 11 2 11 3 11 4 11 5 11 6 11 7 11 8 12 1 12 2 12 3 12 4 12 5 12 6 12 7 12 8 13 1 13 2 13 3 13 4 13 5 13 6 13 7 13 8
q 26 5 0 5 1 5 2 5 3 5 4 5 5 5 6 5 7 5 8 5 9 5 10 5 11 5 12 6 0 6 1 6 2 6 3 6 4 6 5 6 6 6 7 6 8 6 9 6 10 6 11 6 12
q 28 5 0 5 1 5 2 5 3 5 4 5 5 5 6 6 0 6 1 6 2 6 3 6 4 6 5 6 6 7 0 7 1 7 2 7 3 7 4 7 5 7 6 8 0 8 1 8 2 8 3 8 4 8 5 8 6
q 33 1 10 1 11 1 12 2 10 2 11 2 12 3 10 3 11 3 12 4 10 4 11 4 12 5 10 5 11 5 12 6 10 6 11 6 12 7 10 7 11 7 12 8 10 8 11 8 12 9 10 9 11 9 12 10 10 10 11 10 12 11 10 11 11 11 12
q 28 4 5 4 6 4 7 4 8 5 5 5 6 5 7 5 8 6 5 6 6 6 7 6 8 7 5 7 6 7 7 7 8 8 5 8 6 8 7 8 8 9 5 9 6 9 7 9 8 10 5 10 6 10 7 10 8
q 60 1 3 1 4 1 5 1 6 1 7 2 3 2 4 2 5 2 6 2 7 3 3 3 4 3 5 3 6 3 7 4 3 4 4 4 5 4 6 4 7 5 3 5 4 5 5 5 6 5 7 6 3 6 4 6 5 6 6 6 7 7 3 7 4 7 5 7 6 7 7 8 3 8 4 8 5 8 6 8 7 9 3 9 4 9 5 9 6 9 7 10 3 10 4 10 5 10 6 10 7 11 3 11 4 11 5 11 6 11 7 12 3 12 4 12 5 12 6 12 7
q 36 0 5 0 6 0 7 0 8 0 9 0 10 0 11 0 12 0 13 1 5 1 6 1 7 1 8 1 9 1 10 1 11 1 12 1 13 2 5 2 6 2 7 2 8 2 9 2 10 2 11 2 12 2 13 3 5 3 6 3 7 3 8 3 9 3 10 3 11 3 12 3 13
q 40 4 4 4 5 4 6 4 7 4 8 5 4 5 5 5 6 5 7 5 8 6 4 6 5 6 6 6 7 6 8 7 4 7 5 7 6 7 7 7 8 8 4 8 5 8 6 8 7 8 8 9 4 9 5 9 6 9 7 9 8 10 4 10 5 10 6 10 7 10 8 11 4 11 5 11 6 11 7 11 8
q 36 5 2 5 3 5 4 5 5 5 6 5 7 6 2 6 3 6 4 6 5 6 6 6 7 7 2 7 3 7 4 7 5 7 6 7 7 8 2 8 3 8 4 8 5 8 6 8 7 9 2 9 3 9 4 9 5 9 6 9 7 10 2 10 3 10 4 10 5 10 6 10 7
q 56 0 5 0 6 0 7 0 8 1 5 1 6 1 7 1 8 2 5 2 6 2 7 2 8 3 5 3 6 3 7 3 8 4 5 4 6 4 7 4 8 5 5 5 6 5 7 5 8 6 5 6 6 6 7 6 8 7 5 7 6 7 7 7 8 8 5 8 6 8 7 8 8 9 5 9 6 9 7 9 8 10 5 10 6 10 7 10 8 11 5 11 6 11 7 11 8 12 5 12 6 12 7 12 8 13 5 13 6 13 7 13 8
q 45 3 3 3 4 3 5 3 6 3 7 3 8 3 9 3 10 3 11 4 3 4 4 4 5 4 6 4 7 4 8 4 9 4 10 4 11 5 3 5 4 5 5 5 6 5 7 5 8 5 9 5 10 5 11 6 3 6 4 6 5 6 6 6 7 6 8 6 9 6 10 6 11 7 3 7 4 7 5 7 6 7 7 7 8 7 9 7 10 7 11
q 36 7 0 7 1 7 2 7 3 7 4 7 5 7 6 7 7 7 8 7 9 7 10 7 11 8 0 8 1 8 2 8 3 8 4 8 5 8 6 8 7 8 8 8 9 8 10 8 11 9 0 9 1 9 2 9 3 9 4 9 5 9 6 9 7 9 8 9 9 9 10 9 11
q 28 0 7 0 8 1 7 1 8 2 7 2 8 3 7 3 8 4 7 4 8 5 7 5 8 6 7 6 8 7 7 7 8 8 7 8 8 9 7 9 8 10 7 10 8 11 7 11 8 12 7 12 8 13 7 13 8
q 60 9 1 9 2 9 3 9 4 9 5 9 6 9 7 9 8 9 9 9 10 9 11 9 12 10 1 10 2 10 3 10 4 10 5 10 6 10 7 10 8 10 9 10 10 10 11 10 12 11 1 11 2 11 3 11 4 11 5 11 6 11 7 11 8 11 9 11 10 11 11 11 12 12 1 12 2 12 3 12 4 12 5 12 6 12 7 12 8 12 9 12 10 12 11 12 12 13 1 13 2 13 3 13 4 13 5 13 6 13 7 13 8 13 9 13 10 13 11 13 12
q 48 6 1 6 2 6 3 6 4 6 5 6 6 6 7 6 8 6 9 6 10 6 11 6 12 7 1 7 2 7 3 7 4 7 5 7 6 7 7 7 8 7 9 7 10 7 11 7 12 8 1 8 2 8 3 8 4 8 5 8 6 8 7 8 8 8 9 8 10 8 11 8 12 9 1 9 2 9 3 9 4 9 5 9 6 9 7 9 8 9 9 9 10 9 11 9 12
q 50 3 5 3 6 3 7 3 8 3 9 4 5 4 6 4 7 4 8 4 9 5 5 5 6 5 7 5 8 5 9 6 5 6 6 6 7 6 8 6 9 7 5 7 6 7 7 7 8 7 9 8 5 8 6 8 7 8 8 8 9 9 5 9 6 9 7 9 8 9 9 10 5 10 6 10 7 10 8 10 9 11 5 11 6 11 7 11 8 11 9 12 5 12 6 12 7 12 8 12 9
q 48 3 2 3 3 3 4 3 5 3 6 3 7 4 2 4 3 4 4 4 5 4 6 4 7 5 2 5 3 5 4 5 5 5 6 5 7 6 2 6 3 6 4 6 5 6 6 6 7 7 2 7 3 7 4 7 5 7 6 7 7 8 2 8 3 8 4 8 5 8 6 8 7 9 2 9 3 9 4 9 5 9 6 9 7 10 2 10 3 10 4 10 5 10 6 10 7
q 63 3 3 3 4 3 5 3 6 3 7 3 8 3 9 4 3 4 4 4 5 4 6 4 7 4 8 4 9 5 3 5 4 5 5 5 6 5 7 5 8 5 9 6 3 6 4 6 5 6 6 6 7 6 8 6 9 7 3 7 4 7 5 7 6 7 7 7 8 7 9 8 3 8 4 8 5 8 6 8 7 8 8 8 9 9 3 9 4 9 5 9 6 9 7 9 8 9 9 10 3 10 4 10 5 10 6 10 7 10 8 10 9 11 3 11 4 11 5 11 6 11 7 11 8 11 9
q 40 3 2 3 3 3 4 3 5 3 6 4 2 4 3 4 4 4 5 4 6 5 2 5 3 5 4 5 5 5 6 6 2 6 3 6 4 6 5 6 6 7 2 7 3 7 4 7 5 7 6 8 2 8 3 8 4 8 5 8 6 9 2 9 3 9 4 9 5 9 6 10 2 10 3 10 4 10 5 10 6
q 60 8 0 8 1 8 2 8 3 8 4 8 5 8 6 8 7 8 8 8 9 8 10 8 11 9 0 9 1 9 2 9 3 9 4 9 5 9 6 9 7 9 8 9 9 9 10 9 11 10 0 10 1 10 2 10 3 10 4 10 5 10 6 10 7 10 8 10 9 10 10 10 11 11 0 11 1 11 2 11 3 11 4 11 5 11 6 11 7 11 8 11 9 11 10 11 11 12 0 12 1 12 2 12 3 12 4 12 5 12 6 12 7 12 8 12 9 12 10 12 11
q 50 0 0 0 1 0 2 0 3 0 4 0 5 0 6 0 7 0 8 0 9 1 0 1 1 1 2 1 3 1 4 1 5 1 6 1 7 1 8 1 9 2 0 2 1 2 2 2 3 2 4 2 5 2 6 2 7 2 8 2 9 3 0 3 1 3 2 3 3 3 4 3 5 3 6 3 7 3 8 3 9 4 0 4 1 4 2 4 3 4 4 4 5 4 6 4 7 4 8 4 9
q 60 5 0 5 1 5 2 5 3 5 4 5 5 5 6 5 7 5 8 5 9 5 10 5 11 6 0 6 1 6 2 6 3 6 4 6 5 6 6 6 7 6 8 6 9 6 10 6 11 7 0 7 1 7 2 7 3 7 4 7 5 7 6 7 7 7 8 7 9 7 10 7 11 8 0 8 1 8 2 8 3 8 4 8 5 8 6 8 7 8 8 8 9 8 10 8 11 9 0 9 1 9 2 9 3 9 4 9 5 9 6 9 7 9 8 9 9 9 10 9 11
q 48 1 8 1 9 1 10 1 11 2 8 2 9 2 10 2 11 3 8 3 9 3 10 3 11 4 8 4 9 4 10 4 11 5 8 5 9 5 10 5 11 6 8 6 9 6 10 6 11 7 8 7 9 7 10 7 11 8 8 8 9 8 10 8 11 9 8 9 9 9 10 9 11 10 8 10 9 10 10 10 11 11 8 11 9 11 10 11 11 12 8 12 9 12 10 12 11
q 42 7 8 7 9 7 10 7 11 7 12 7 13 8 8 8 9 8 10 8 11 8 12 8 13 9 8 9 9 9 10 9 11 9 12 9 13 10 8 10 9 10 10 10 11 10 12 10 13 11 8 11 9 11 10 11 11 11 12 11 13 12 8 12 9 12 10 12 11 12 12 12 13 13 8 13 9 13 10 13 11 13 12 13 13
q 64 4 1 4 2 4 3 4 4 4 5 4 6 4 7 4 8 5 1 5 2 5 3 5 4 5 5 5 6 5 7 5 8 6 1 6 2 6 3 6 4 6 5 6 6 6 7 6 8 7 1 7 2 7 3 7 4 7 5 7 6 7 7 7 8 8 1 8 2 8 3 8 4 8 5 8 6 8 7 8 8 9 1 9 2 9 3 9 4 9 5 9 6 9 7 9 8 10 1 10 2 10 3 10 4 10 5 10 6 10 7 10 8 11 1 11 2 11 3 11 4 11 5 11 6 11 7 11 8
q 44 5 2 5 3 5 4 5 5 5 6 5 7 5 8 5 9 5 10 5 11 5 12 6 2 6 3 6 4 6 5 6 6 6 7 6 8 6 9 6 10 6 11 6 12 7 2 7 3 7 4 7 5 7 6 7 7 7 8 7 9 7 10 7 11 7 12 8 2 8 3 8 4 8 5 8 6 8 7 8 8 8 9 8 10 8 11 8 12
q 40 0 8 0 9 0 10 0 11 1 8 1 9 1 10 1 11 2 8 2 9 2 10 2 11 3 8 3 9 3 10 3 11 4 8 4 9 4 10 4 11 5 8 5 9 5 10 5 11 6 8 6 9 6 10 6 11 7 8 7 9 7 10 7 11 8 8 8 9 8 10 8 11 9 8 9 9 9 10 9 11
q 54 3 8 3 9 3 10 3 11 3 12 3 13 4 8 4 9 4 10 4 11 4 12 4 13 5 8 5 9 5 10 5 11 5 12 5 13 6 8 6 9 6 10 6 11 6 12 6 13 7 8 7 9 7 10 7 11 7 12 7 13 8 8 8 9 8 10 8 11 8 12 8 13 9 8 9 9 9 10 9 11 9 12 9 13 10 8 10 9 10 10 10 11 10 12 10 13 11 8 11 9 11 10 11 11 11 12 11 13
q 63 6 5 6 6 6 7 6 8 6 9 6 10 6 11 6 12 6 13 7 5 7 6 7 7 7 8 7 9 7 10 7 11 7 12 7 13 8 5 8 6 8 7 8 8 8 9 8 10 8 11 8 12 8 13 9 5 9 6 9 7 9 8 9 9 9 10 9 11 9 12 9 13 10 5 10 6 10 7 10 8 10 9 10 10 10 11 10 12 10 13 11 5 11 6 11 7 11 8 11 9 11 10 11 11 11 12 11 13 12 5 12 6 12 7 12 8 12 9 12 10 12 11 12 12 12 13
q 64 2 6 2 7 2 8 2 9 2 10 2 11 2 12 2 13 3 6 3 7 3 8 3 9 3 10 3 11 3 12 3 13 4 6 4 7 4 8 4 9 4 10 4 11 4 12 4 13 5 6 5 7 5 8 5 9 5 10 5 11 5 12 5 13 6 6 6 7 6 8 6 9 6 10 6 11 6 12 6 13 7 6 7 7 7 8 7 9 7 10 7 11 7 12 7 13 8 6 8 7 8 8 8 9 8 10 8 11 8 12 8 13 9 6 9 7 9 8 9 9 9 10 9 11 9 12 9 13
q 49 1 1 1 2 1 3 1 4 1 5 1 6 1 7 2 1 2 2 2 3 2 4 2 5 2 6 2 7 3 1 3 2 3 3 3 4 3 5 3 6 3 7 4 1 4 2 4 3 4 4 4 5 4 6 4 7 5 1 5 2 5 3 5 4 5 5 5 6 5 7 6 1 6 2 6 3 6 4 6 5 6 6 6 7 7 1 7 2 7 3 7 4 7 5 7 6 7 7
q 42 5 1 5 2 5 3 5 4 5 5 5 6 5 7 6 1 6 2 6 3 6 4 6 5 6 6 6 7 7 1 7 2 7 3 7 4 7 5 7 6 7 7 8 1 8 2 8 3 8 4 8 5 8 6 8 7 9 1 9 2 9 3 9 4 9 5 9 6 9 7 10 1 10 2 10 3 10 4 10 5 10 6 10 7
q 56 8 0 8 1 8 2 8 3 8 4 8 5 8 6 8 7 8 8 8 9 8 10 8 11 8 12 8 13 9 0 9 1 9 2 9 3 9 4 9 5 9 6 9 7 9 8 9 9 9 10 9 11 9 12 9 13 10 0 10 1 10 2 10 3 10 4 10 5 10 6 10 7 10 8 10 9 10 10 10 11 10 12 10 13 11 0 11 1 11 2 11 3 11 4 11 5 11 6 11 7 11 8 11 9 11 10 11 11 11 12 11 13
q 60 1 7 1 8 1 9 1 10 1 11 1 12 2 7 2 8 2 9 2 10 2 11 2 12 3 7 3 8 3 9 3 10 3 11 3 12 4 7 4 8 4 9 4 10 4 11 4 12 5 7 5 8 5 9 5 10 5 11 5 12 6 7 6 8 6 9 6 10 6 11 6 12 7 7 7 8 7 9 7 10 7 11 7 12 8 7 8 8 8 9 8 10 8 11 8 12 9 7 9 8 9 9 9 10 9 11 9 12 10 7 10 8 10 9 10 10 10 11 10 12
q 28 0 0 0 1 1 0 1 1 2 0 2 1 3 0 3 1 4 0 4 1 5 0 5 1 6 0 6 1 7 0 7 1 8 0 8 1 9 0 9 1 10 0 10 1 11 0 11 1 12 0 12 1 13 0 13 1
q 56 0 2 0 3 0 4 0 5 0 6 0 7 0 8 1 2 1 3 1 4 1 5 1 6 1 7 1 8 2 2 2 3 2 4 2 5 2 6 2 7 2 8 3 2 3 3 3 4 3 5 3 6 3 7 3 8 4 2 4 3 4 4 4 5 4 6 4 7 4 8 5 2 5 3 5 4 5 5 5 6 5 7 5 8 6 2 6 3 6 4 6 5 6 6 6 7 6 8 7 2 7 3 7 4 7 5 7 6 7 7 7 8
q 55 1 2 1 3 1 4 1 5 1 6 1 7 1 8 1 9 1 10 1 11 1 12 2 2 2 3 2 4 2 5 2 6 2 7 2 8 2 9 2 10 2 11 2 12 3 2 3 3 3 4 3 5 3 6 3 7 3 8 3 9 3 10 3 11 3 12 4 2 4 3 4 4 4 5 4 6 4 7 4 8 4 9 4 10 4 11 4 12 5 2 5 3 5 4 5 5 5 6 5 7 5 8 5 9 5 10 5 11 5 12
q 30 4 3 4 4 4 5 4 6 4 7 4 8 4 9 4 10 4 11 4 12 5 3 5 4 5 5 5 6 5 7 5 8 5 9 5 10 5 11 5 12 6 3 6 4 6 5 6 6 6 7 6 8 6 9 6 10 6 11 6 12
q 63 3 3 3 4 3 5 3 6 3 7 3 8 3 9 4 3 4 4 4 5 4 6 4 7 4 8 4 9 5 3 5 4 5 5 5 6 5 7 5 8 5 9 6 3 6 4 6 5 6 6 6 7 6 8 6 9 7 3 7 4 7 5 7 6 7 7 7 8 7 9 8 3 8 4 8 5 8 6 8 7 8 8 8 9 9 3 9 4 9 5 9 6 9 7 9 8 9 9 10 3 10 4 10 5 10 6 10 7 10 8 10 9 11 3 11 4 11 5 11 6 11 7 11 8 11 9
q 32 6 5 6 6 6 7 6 8 6 9 6 10 6 11 6 12 7 5 7 6 7 7 7 8 7 9 7 10 7 11 7 12 8 5 8 6 8 7 8 8 8 9 8 10 8 11 8 12 9 5 9 6 9 7 9 8 9 9 9 10 9 11 9 12
q 26 10 1 10 2 10 3 10 4 10 5 10 6 10 7 10 8 10 9 10 10 10 11 10 12 10 13 11 1 11 2 11 3 11 4 11 5 11 6 11 7 11 8 11 9 11 10 11 11 11 12 11 13
q 64 6 4 6 5 6 6 6 7 6 8 6 9 6 10 6 11 7 4 7 5 7 6 7 7 7 8 7 9 7 10 7 11 8 4 8 5 8 6 8 7 8 8 8 9 8 10 8 11 9 4 9 5 9 6 9 7 9 8 9 9 9 10 9 11 10 4 10 5 10 6 10 7 10 8 10 9 10 10 10 11 11 4 11 5 11 6 11 7 11 8 11 9 11 10 11 11 12 4 12 5 12 6 12 7 12 8 12 9 12 10 12 11 13 4 13 5 13 6 13 7 13 8 13 9 13 10 13 11
q 26 11 1 11 2 11 3 11 4 11 5 11 6 11 7 11 8 11 9 11 10 11 11 11 12 11 13 12 1 12 2 12 3 12 4 12 5 12 6 12 7 12 8 12 9 12 10 12 11 12 12 12 13
q 54 6 0 6 1 6 2 6 3 6 4 6 5 6 6 6 7 6 8 7 0 7 1 7 2 7 3 7 4 7 5 7 6 7 7 7 8 8 0 8 1 8 2 8 3 8 4 8 5 8 6 8 7 8 8 9 0 9 1 9 2 9 3 9 4 9 5 9 6 9 7 9 8 10 0 10 1 10 2 10 3 10 4 10 5 10 6 10 7 10 8 11 0 11 1 11 2 11 3 11 4 11 5 11 6 11 7 11 8
q 22 0 4 0 5 1 4 1 5 2 4 2 5 3 4 3 5 4 4 4 5 5 4 5 5 6 4 6 5 7 4 7 5 8 4 8 5 9 4 9 5 10 4 10 5
q 8 11 0 11 1 11 2 11 3 11 4 11 5 11 6 11 7
q 3 10 10 11 10 12 10
q 24 3 5 3 6 3 7 3 8 3 9 3 10 4 5 4 6 4 7 4 8 4 9 4 10 5 5 5 6 5 7 5 8 5 9 5 10 6 5 6 6 6 7 6 8 6 9 6 10
q 11 13 1 13 2 13 3 13 4 13 5 13 6 13 7 13 8 13 9 13 10 13 11
q 48 1 2 1 3 1 4 1 5 2 2 2 3 2 4 2 5 3 2 3 3 3 4 3 5 4 2 4 3 4 4 4 5 5 2 5 3 5 4 5 5 6 2 6 3 6 4 6 5 7 2 7 3 7 4 7 5 8 2 8 3 8 4 8 5 9 2 9 3 9 4 9 5 10 2 10 3 10 4 10 5 11 2 11 3 11 4 11 5 12 2 12 3 12 4 12 5
q 36 4 1 4 2 4 3 4 4 4 5 4 6 4 7 4 8 4 9 4 10 4 11 4 12 5 1 5 2 5 3 5 4 5 5 5 6 5 7 5 8 5 9 5 10 5 11 5 12 6 1 6 2 6 3 6 4 6 5 6 6 6 7 6 8 6 9 6 10 6 11 6 12
q 12 1 12 1 13 2 12 2 13 3 12 3 13 4 12 4 13 5 12 5 13 6 12 6 13
q 35 3 7 3 8 3 9 3 10 3 11 4 7 4 8 4 9 4 10 4 11 5 7 5 8 5 9 5 10 5 11 6 7 6 8 6 9 6 10 6 11 7 7 7 8 7 9 7 10 7 11 8 7 8 8 8 9 8 10 8 11 9 7 9 8 9 9 9 10 9 11
q 40 5 2 5 3 5 4 5 5 5 6 6 2 6 3 6 4 6 5 6 6 7 2 7 3 7 4 7 5 7 6 8 2 8 3 8 4 8 5 8 6 9 2 9 3 9 4 9 5 9 6 10 2 10 3 10 4 10 5 10 6 11 2 11 3 11 4 11 5 11 6 12 2 12 3 12 4 12 5 12 6
q 12 6 0 6 1 6 2 6 3 6 4 6 5 6 6 6 7 6 8 6 9 6 10 6 11
q 36 2 9 2 10 2 11 3 9 3 10 3 11 4 9 4 10 4 11 5 9 5 10 5 11 6 9 6 10 6 11 7 9 7 10 7 11 8 9 8 10 8 11 9 9 9 10 9 11 10 9 10 10 10 11 11 9 11 10 11 11 12 9 12 10 12 11 13 9 13 10 13 11
q 16 9 6 9 7 9 8 9 9 10 6 10 7 10 8 10 9 11 6 11 7 11 8 11 9 12 6 12 7 12 8 12 9
q 5 2 1 3 1 4 1 5 1 6 1
q 12 0 2 0 3 0 4 1 2 1 3 1 4 2 2 2 3 2 4 3 2 3 3 3 4
q 45 7 4 7 5 7 6 7 7 7 8 7 9 7 10 7 11 7 12 8 4 8 5 8 6 8 7 8 8 8 9 8 10 8 11 8 12 9 4 9 5 9 6 9 7 9 8 9 9 9 10 9 11 9 12 10 4 10 5 10 6 10 7 10 8 10 9 10 10 10 11 10 12 11 4 11 5 11 6 11 7 11 8 11 9 11 10 11 11 11 12
q 33 2 2 2 3 2 4 3 2 3 3 3 4 4 2 4 3 4 4 5 2 5 3 5 4 6 2 6 3 6 4 7 2 7 3 7 4 8 2 8 3 8 4 9 2 9 3 9 4 10 2 10 3 10 4 11 2 11 3 11 4 12 2 12 3 12 4
q 26 6 1 6 2 6 3 6 4 6 5 6 6 6 7 6 8 6 9 6 10 6 11 6 12 6 13 7 1 7 2 7 3 7 4 7 5 7 6 7 7 7 8 7 9 7 10 7 11 7 12 7 13
q 7 11 1 11 2 11 3 11 4 11 5 11 6 11 7
q 2 3 10 3 11
q 64 6 0 6 1 6 2 6 3 6 4 6 5 6 6 6 7 7 0 7 1 7 2 7 3 7 4 7 5 7 6 7 7 8 0 8 1 8 2 8 3 8 4 8 5 8 6 8 7 9 0 9 1 9 2 9 3 9 4 9 5 9 6 9 7 10 0 10 1 10 2 10 3 10 4 10 5 10 6 10 7 11 0 11 1 11 2 11 3 11 4 11 5 11 6 11 7 12 0 12 1 12 2 12 3 12 4 12 5 12 6 12 7 13 0 13 1 13 2 13 3 13 4 13 5 13 6 13 7
q 45 5 1 5 2 5 3 5 4 5 5 5 6 5 7 5 8 5 9 6 1 6 2 6 3 6 4 6 5 6 6 6 7 6 8 6 9 7 1 7 2 7 3 7 4 7 5 7 6 7 7 7 8 7 9 8 1 8 2 8 3 8 4 8 5 8 6 8 7 8 8 8 9 9 1 9 2 9 3 9 4 9 5 9 6 9 7 9 8 9 9
q 6 1 3 1 4 1 5 1 6 1 7 1 8
q 54 2 6 2 7 2 8 2 9 2 10 2 11 3 6 3 7 3 8 3 9 3 10 3 11 4 6 4 7 4 8 4 9 4 10 4 11 5 6 5 7 5 8 5 9 5 10 5 11 6 6 6 7 6 8 6 9 6 10 6 11 7 6 7 7 7 8 7 9 7 10 7 11 8 6 8 7 8 8 8 9 8 10 8 11 9 6 9 7 9 8 9 9 9 10 9 11 10 6 10 7 10 8 10 9 10 10 10 11
q 27 11 0 11 1 11 2 11 3 11 4 11 5 11 6 11 7 11 8 12 0 12 1 12 2 12 3 12 4 12 5 12 6 12 7 12 8 13 0 13 1 13 2 13 3 13 4 13 5 13 6 13 7 13 8
q 40 4 8 4 9 4 10 4 11 4 12 5 8 5 9 5 10 5 11 5 12 6 8 6 9 6 10 6 11 6 12 7 8 7 9 7 10 7 11 7 12 8 8 8 9 8 10 8 11 8 12 9 8 9 9 9 10 9 11 9 12 10 8 10 9 10 10 10 11 10 12 11 8 11 9 11 10 11 11 11 12
q 4 8 4 9 4 10 4 11 4
q 10 3 7 3 8 4 7 4 8 5 7 5 8 6 7 6 8 7 7 7 8
q 6 1 8 2 8 3 8 4 8 5 8 6 8
q 63 2 0 2 1 2 2 2 3 2 4 2 5 2 6 2 7 2 8 3 0 3 1 3 2 3 3 3 4 3 5 3 6 3 7 3 8 4 0 4 1 4 2 4 3 4 4 4 5 4 6 4 7 4 8 5 0 5 1 5 2 5 3 5 4 5 5 5 6 5 7 5 8 6 0 6 1 6 2 6 3 6 4 6 5 6 6 6 7 6 8 7 0 7 1 7 2 7 3 7 4 7 5 7 6 7 7 7 8 8 0 8 1 8 2 8 3 8 4 8 5 8 6 8 7 8 8
q 20 5 8 5 9 5 10 5 11 6 8 6 9 6 10 6 11 7 8 7 9 7 10 7 11 8 8 8 9 8 10 8 11 9 8 9 9 9 10 9 11
q 3 9 1 10 1 11 1
q 2 5 9 5 10
q 20 2 6 2 7 2 8 2 9 2 10 3 6 3 7 3 8 3 9 3 10 4 6 4 7 4 8 4 9 4 10 5 6 5 7 5 8 5 9 5 10
q 8 13 1 13 2 13 3 13 4 13 5 13 6 13 7 13 8
q 39 7 0 7 1 7 2 7 3 7 4 7 5 7 6 7 7 7 8 7 9 7 10 7 11 7 12 8 0 8 1 8 2 8 3 8 4 8 5 8 6 8 7 8 8 8 9 8 10 8 11 8 12 9 0 9 1 9 2 9 3 9 4 9 5 9 6 9 7 9 8 9 9 9 10 9 11 9 12
q 12 5 1 5 2 5 3 5 4 6 1 6 2 6 3 6 4 7 1 7 2 7 3 7 4
q 30 3 6 3 7 3 8 4 6 4 7 4 8 5 6 5 7 5 8 6 6 6 7 6 8 7 6 7 7 7 8 8 6 8 7 8 8 9 6 9 7 9 8 10 6 10 7 10 8 11 6 11 7 11 8 12 6 12 7 12 8
q 6 8 7 8 8 8 9 8 10 8 11 8 12
q 40 9 4 9 5 9 6 9 7 9 8 9 9 9 10 9 11 10 4 10 5 10 6 10 7 10 8 10 9 10 10 10 11 11 4 11 5 11 6 11 7 11 8 11 9 11 10 11 11 12 4 12 5 12 6 12 7 12 8 12 9 12 10 12 11 13 4 13 5 13 6 13 7 13 8 13 9 13 10 13 11
q 2 12 9 12 10
q 2 11 5 11 6
q 63 6 1 6 2 6 3 6 4 6 5 6 6 6 7 6 8 6 9 7 1 7 2 7 3 7 4 7 5 7 6 7 7 7 8 7 9 8 1 8 2 8 3 8 4 8 5 8 6 8 7 8 8 8 9 9 1 9 2 9 3 9 4 9 5 9 6 9 7 9 8 9 9 10 1 10 2 10 3 10 4 10 5 10 6 10 7 10 8 10 9 11 1 11 2 11 3 11 4 11 5 11 6 11 7 11 8 11 9 12 1 12 2 12 3 12 4 12 5 12 6 12 7 12 8 12 9
q 18 0 6 0 7 0 8 1 6 1 7 1 8 2 6 2 7 2 8 3 6 3 7 3 8 4 6 4 7 4 8 5 6 5 7 5 8
q 30 0 8 0 9 0 10 0 11 0 12 1 8 1 9 1 10 1 11 1 12 2 8 2 9 2 10 2 11 2 12 3 8 3 9 3 10 3 11 3 12 4 8 4 9 4 10 4 11 4 12 5 8 5 9 5 10 5 11 5 12
q 63 2 5 2 6 2 7 2 8 2 9 2 10 2 11 3 5 3 6 3 7 3 8 3 9 3 10 3 11 4 5 4 6 4 7 4 8 4 9 4 10 4 11 5 5 5 6 5 7 5 8 5 9 5 10 5 11 6 5 6 6 6 7 6 8 6 9 6 10 6 11 7 5 7 6 7 7 7 8 7 9 7 10 7 11 8 5 8 6 8 7 8 8 8 9 8 10 8 11 9 5 9 6 9 7 9 8 9 9 9 10 9 11 10 5 10 6 10 7 10 8 10 9 10 10 10 11
q 7 1 5 2 5 3 5 4 5 5 5 6 5 7 5
q 40 4 3 4 4 4 5 4 6 4 7 5 3 5 4 5 5 5 6 5 7 6 3 6 4 6 5 6 6 6 7 7 3 7 4 7 5 7 6 7 7 8 3 8 4 8 5 8 6 8 7 9 3 9 4 9 5 9 6 9 7 10 3 10 4 10 5 10 6 10 7 11 3 11 4 11 5 11 6 11 7
q 40 3 3 3 4 3 5 3 6 3 7 3 8 3 9 3 10 3 11 3 12 4 3 4 4 4 5 4 6 4 7 4 8 4 9 4 10 4 11 4 12 5 3 5 4 5 5 5 6 5 7 5 8 5 9 5 10 5 11 5 12 6 3 6 4 6 5 6 6 6 7 6 8 6 9 6 10 6 11 6 12
q 27 5 0 5 1 5 2 5 3 5 4 5 5 5 6 5 7 5 8 6 0 6 1 6 2 6 3 6 4 6 5 6 6 6 7 6 8 7 0 7 1 7 2 7 3 7 4 7 5 7 6 7 7 7 8
q 48 1 2 1 3 1 4 1 5 2 2 2 3 2 4 2 5 3 2 3 3 3 4 3 5 4 2 4 3 4 4 4 5 5 2 5 3 5 4 5 5 6 2 6 3 6 4 6 5 7 2 7 3 7 4 7 5 8 2 8 3 8 4 8 5 9 2 9 3 9 4 9 5 10 2 10 3 10 4 10 5 11 2 11 3 11 4 11 5 12 2 12 3 12 4 12 5
q 36 4 3 4 4 4 5 4 6 5 3 5 4 5 5 5 6 6 3 6 4 6 5 6 6 7 3 7 4 7 5 7 6 8 3 8 4 8 5 8 6 9 3 9 4 9 5 9 6 10 3 10 4 10 5 10 6 11 3 11 4 11 5 11 6 12 3 12 4 12 5 12 6
q 33 3 0 3 1 3 2 4 0 4 1 4 2 5 0 5 1 5 2 6 0 6 1 6 2 7 0 7 1 7 2 8 0 8 1 8 2 9 0 9 1 9 2 10 0 10 1 10 2 11 0 11 1 11 2 12 0 12 1 12 2 13 0 13 1 13 2
q 10 2 4 2 5 2 6 2 7 2 8 3 4 3 5 3 6 3 7 3 8
q 36 0 3 0 4 0 5 0 6 0 7 0 8 1 3 1 4 1 5 1 6 1 7 1 8 2 3 2 4 2 5 2 6 2 7 2 8 3 3 3 4 3 5 3 6 3 7 3 8 4 3 4 4 4 5 4 6 4 7 4 8 5 3 5 4 5 5 5 6 5 7 5 8
q 24 1 5 1 6 1 7 1 8 2 5 2 6 2 7 2 8 3 5 3 6 3 7 3 8 4 5 4 6 4 7 4 8 5 5 5 6 5 7 5 8 6 5 6 6 6 7 6 8
q 27 10 3 10 4 10 5 10 6 10 7 10 8 10 9 10 10 10 11 11 3 11 4 11 5 11 6 11 7 11 8 11 9 11 10 11 11 12 3 12 4 12 5 12 6 12 7 12 8 12 9 12 10 12 11
q 12 1 13 2 13 3 13 4 13 5 13 6 13 7 13 8 13 9 13 10 13 11 13 12 13
q 12 2 0 2 1 2 2 3 0 3 1 3 2 4 0 4 1 4 2 5 0 5 1 5 2
q 20 10 4 10 5 10 6 10 7 10 8 10 9 10 10 10 11 10 12 10 13 11 4 11 5 11 6 11 7 11 8 11 9 11 10 11 11 11 12 11 13
q 9 5 1 6 1 7 1 8 1 9 1 10 1 11 1 12 1 13 1
q 10 12 3 12 4 12 5 12 6 12 7 13 3 13 4 13 5 13 6 13 7
q 56 7 0 7 1 7 2 7 3 7 4 7 5 7 6 7 7 7 8 7 9 7 10 7 11 7 12 7 13 8 0 8 1 8 2 8 3 8 4 8 5 8 6 8 7 8 8 8 9 8 10 8 11 8 12 8 13 9 0 9 1 9 2 9 3 9 4 9 5 9 6 9 7 9 8 9 9 9 10 9 11 9 12 9 13 10 0 10 1 10 2 10 3 10 4 10 5 10 6 10 7 10 8 10 9 10 10 10 11 10 12 10 13
q 36 6 2 6 3 6 4 6 5 6 6 6 7 6 8 6 9 6 10 6 11 6 12 6 13 7 2 7 3 7 4 7 5 7 6 7 7 7 8 7 9 7 10 7 11 7 12 7 13 8 2 8 3 8 4 8 5 8 6 8 7 8 8 8 9 8 10 8 11 8 12 8 13
q 4 6 5 7 5 8 5 9 5
q 8 1 1 2 1 3 1 4 1 5 1 6 1 7 1 8 1
q 56 0 4 0 5 0 6 0 7 0 8 0 9 0 10 1 4 1 5 1 6 1 7 1 8 1 9 1 10 2 4 2 5 2 6 2 7 2 8 2 9 2 10 3 4 3 5 3 6 3 7 3 8 3 9 3 10 4 4 4 5 4 6 4 7 4 8 4 9 4 10 5 4 5 5 5 6 5 7 5 8 5 9 5 10 6 4 6 5 6 6 6 7 6 8 6 9 6 10 7 4 7 5 7 6 7 7 7 8 7 9 7 10
q 9 10 7 10 8 10 9 11 7 11 8 11 9 12 7 12 8 12 9
q 50 4 1 4 2 4 3 4 4 4 5 4 6 4 7 4 8 4 9 4 10 5 1 5 2 5 3 5 4 5 5 5 6 5 7 5 8 5 9 5 10 6 1 6 2 6 3 6 4 6 5 6 6 6 7 6 8 6 9 6 10 7 1 7 2 7 3 7 4 7 5 7 6 7 7 7 8 7 9 7 10 8 1 8 2 8 3 8 4 8 5 8 6 8 7 8 8 8 9 8 10
q 3 10 0 11 0 12 0
q 52 0 2 0 3 0 4 0 5 1 2 1 3 1 4 1 5 2 2 2 3 2 4 2 5 3 2 3 3 3 4 3 5 4 2 4 3 4 4 4 5 5 2 5 3 5 4 5 5 6 2 6 3 6 4 6 5 7 2 7 3 7 4 7 5 8 2 8 3 8 4 8 5 9 2 9 3 9 4 9 5 10 2 10 3 10 4 10 5 11 2 11 3 11 4 11 5 12 2 12 3 12 4 12 5
q 36 2 7 2 8 2 9 3 7 3 8 3 9 4 7 4 8 4 9 5 7 5 8 5 9 6 7 6 8 6 9 7 7 7 8 7 9 8 7 8 8 8 9 9 7 9 8 9 9 10 7 10 8 10 9 11 7 11 8 11 9 12 7 12 8 12 9 13 7 13 8 13 9
q 8 4 0 4 1 4 2 4 3 4 4 4 5 4 6 4 7
q 2 0 0 0 1
q 4 0 10 1 10 2 10 3 10
q 40 4 6 4 7 4 8 4 9 4 10 4 11 4 12 4 13 5 6 5 7 5 8 5 9 5 10 5 11 5 12 5 13 6 6 6 7 6 8 6 9 6 10 6 11 6 12 6 13 7 6 7 7 7 8 7 9 7 10 7 11 7 12 7 13 8 6 8 7 8 8 8 9 8 10 8 11 8 12 8 13
q 36 8 2 8 3 8 4 8 5 8 6 8 7 8 8 8 9 8 10 9 2 9 3 9 4 9 5 9 6 9 7 9 8 9 9 9 10 10 2 10 3 10 4 10 5 10 6 10 7 10 8 10 9 10 10 11 2 11 3 11 4 11 5 11 6 11 7 11 8 11 9 11 10
q 49 4 5 4 6 4 7 4 8 4 9 4 10 4 11 5 5 5 6 5 7 5 8 5 9 5 10 5 11 6 5 6 6 6 7 6 8 6 9 6 10 6 11 7 5 7 6 7 7 7 8 7 9 7 10 7 11 8 5 8 6 8 7 8 8 8 9 8 10 8 11 9 5 9 6 9 7 9 8 9 9 9 10 9 11 10 5 10 6 10 7 10 8 10 9 10 10 10 11
q 30 8 1 8 2 8 3 8 4 8 5 8 6 8 7 8 8 8 9 8 10 9 1 9 2 9 3 9 4 9 5 9 6 9 7 9 8 9 9 9 10 10 1 10 2 10 3 10 4 10 5 10 6 10 7 10 8 10 9 10 10
q 32 9 4 9 5 9 6 9 7 9 8 9 9 9 10 9 11 10 4 10 5 10 6 10 7 10 8 10 9 10 10 10 11 11 4 11 5 11 6 11 7 11 8 11 9 11 10 11 11 12 4 12 5 12 6 12 7 12 8 12 9 12 10 12 11
q 24 2 8 2 9 2 10 2 11 3 8 3 9 3 10 3 11 4 8 4 9 4 10 4 11 5 8 5 9 5 10 5 11 6 8 6 9 6 10 6 11 7 8 7 9 7 10 7 11
q 28 0 2 0 3 1 2 1 3 2 2 2 3 3 2 3 3 4 2 4 3 5 2 5 3 6 2 6 3 7 2 7 3 8 2 8 3 9 2 9 3 10 2 10 3 11 2 11 3 12 2 12 3 13 2 13 3
q 60 2 8 2 9 2 10 2 11 2 12 3 8 3 9 3 10 3 11 3 12 4 8 4 9 4 10 4 11 4 12 5 8 5 9 5 10 5 11 5 12 6 8 6 9 6 10 6 11 6 12 7 8 7 9 7 10 7 11 7 12 8 8 8 9 8 10 8 11 8 12 9 8 9 9 9 10 9 11 9 12 10 8 10 9 10 10 10 11 10 12 11 8 11 9 11 10 11 11 11 12 12 8 12 9 12 10 12 11 12 12 13 8 13 9 13 10 13 11 13 12
q 48 1 7 1 8 1 9 1 10 2 7 2 8 2 9 2 10 3 7 3 8 3 9 3 10 4 7 4 8 4 9 4 10 5 7 5 8 5 9 5 10 6 7 6 8 6 9 6 10 7 7 7 8 7 9 7 10 8 7 8 8 8 9 8 10 9 7 9 8 9 9 9 10 10 7 10 8 10 9 10 10 11 7 11 8 11 9 11 10 12 7 12 8 12 9 12 10
q 56 0 5 0 6 0 7 0 8 0 9 0 10 0 11 0 12 1 5 1 6 1 7 1 8 1 9 1 10 1 11 1 12 2 5 2 6 2 7 2 8 2 9 2 10 2 11 2 12 3 5 3 6 3 7 3 8 3 9 3 10 3 11 3 12 4 5 4 6 4 7 4 8 4 9 4 10 4 11 4 12 5 5 5 6 5 7 5 8 5 9 5 10 5 11 5 12 6 5 6 6 6 7 6 8 6 9 6 10 6 11 6 12
q 9 1 9 2 9 3 9 4 9 5 9 6 9 7 9 8 9 9 9
q 56 6 1 6 2 6 3 6 4 6 5 6 6 6 7 6 8 7 1 7 2 7 3 7 4 7 5 7 6 7 7 7 8 8 1 8 2 8 3 8 4 8 5 8 6 8 7 8 8 9 1 9 2 9 3 9 4 9 5 9 6 9 7 9 8 10 1 10 2 10 3 10 4 10 5 10 6 10 7 10 8 11 1 11 2 11 3 11 4 11 5 11 6 11 7 11 8 12 1 12 2 12 3 12 4 12 5 12 6 12 7 12 8
q 56 0 2 0 3 0 4 0 5 1 2 1 3 1 4 1 5 2 2 2 3 2 4 2 5 3 2 3 3 3 4 3 5 4 2 4 3 4 4 4 5 5 2 5 3 5 4 5 5 6 2 6 3 6 4 6 5 7 2 7 3 7 4 7 5 8 2 8 3 8 4 8 5 9 2 9 3 9 4 9 5 10 2 10 3 10 4 10 5 11 2 11 3 11 4 11 5 12 2 12 3 12 4 12 5 13 2 13 3 13 4 13 5
q 36 6 0 6 1 6 2 6 3 6 4 6 5 7 0 7 1 7 2 7 3 7 4 7 5 8 0 8 1 8 2 8 3 8 4 8 5 9 0 9 1 9 2 9 3 9 4 9 5 10 0 10 1 10 2 10 3 10 4 10 5 11 0 11 1 11 2 11 3 11 4 11 5
q 27 2 5 2 6 2 7 2 8 2 9 2 10 2 11 2 12 2 13 3 5 3 6 3 7 3 8 3 9 3 10 3 11 3 12 3 13 4 5 4 6 4 7 4 8 4 9 4 10 4 11 4 12 4 13
q 27 0 1 0 2 0 3 0 4 0 5 0 6 0 7 0 8 0 9 1 1 1 2 1 3 1 4 1 5 1 6 1 7 1 8 1 9 2 1 2 2 2 3 2 4 2 5 2 6 2 7 2 8 2 9
q 40 3 4 3 5 3 6 3 7 3 8 4 4 4 5 4 6 4 7 4 8 5 4 5 5 5 6 5 7 5 8 6 4 6 5 6 6 6 7 6 8 7 4 7 5 7 6 7 7 7 8 8 4 8 5 8 6 8 7 8 8 9 4 9 5 9 6 9 7 9 8 10 4 10 5 10 6 10 7 10 8
q 10 1 4 1 5 1 6 1 7 1 8 1 9 1 10 1 11 1 12 1 13
q 32 8 5 8 6 8 7 8 8 8 9 8 10 8 11 8 12 9 5 9 6 9 7 9 8 9 9 9 10 9 11 9 12 10 5 10 6 10 7 10 8 10 9 10 10 10 11 10 12 11 5 11 6 11 7 11 8 11 9 11 10 11 11 11 12
q 21 5 2 5 3 5 4 6 2 6 3 6 4 7 2 7 3 7 4 8 2 8 3 8 4 9 2 9 3 9 4 10 2 10 3 10 4 11 2 11 3 11 4
q 12 5 10 5 11 5 12 5 13 6 10 6 11 6 12 6 13 7 10 7 11 7 12 7 13
q 27 6 2 6 3 6 4 6 5 6 6 6 7 6 8 6 9 6 10 7 2 7 3 7 4 7 5 7 6 7 7 7 8 7 9 7 10 8 2 8 3 8 4 8 5 8 6 8 7 8 8 8 9 8 10
q 40 4 3 4 4 4 5 4 6 4 7 4 8 4 9 4 10 5 3 5 4 5 5 5 6 5 7 5 8 5 9 5 10 6 3 6 4 6 5 6 6 6 7 6 8 6 9 6 10 7 3 7 4 7 5 7 6 7 7 7 8 7 9 7 10 8 3 8 4 8 5 8 6 8 7 8 8 8 9 8 10
q 24 9 3 9 4 9 5 9 6 9 7 9 8 10 3 10 4 10 5 10 6 10 7 10 8 11 3 11 4 11 5 11 6 11 7 11 8 12 3 12 4 12 5 12 6 12 7 12 8
q 3 2 6 2 7 2 8
q 35 3 4 3 5 3 6 3 7 3 8 3 9 3 10 4 4 4 5 4 6 4 7 4 8 4 9 4 10 5 4 5 5 5 6 5 7 5 8 5 9 5 10 6 4 6 5 6 6 6 7 6 8 6 9 6 10 7 4 7 5 7 6 7 7 7 8 7 9 7 10
q 36 2 1 2 2 2 3 3 1 3 2 3 3 4 1 4 2 4 3 5 1 5 2 5 3 6 1 6 2 6 3 7 1 7 2 7 3 8 1 8 2 8 3 9 1 9 2 9 3 10 1 10 2 10 3 11 1 11 2 11 3 12 1 12 2 12 3 13 1 13 2 13 3
q 16 3 0 3 1 4 0 4 1 5 0 5 1 6 0 6 1 7 0 7 1 8 0 8 1 9 0 9 1 10 0 10 1
q 22 4 0 4 1 4 2 4 3 4 4 4 5 4 6 4 7 4 8 4 9 4 10 5 0 5 1 5 2 5 3 5 4 5 5 5 6 5 7 5 8 5 9 5 10
q 15 2 4 2 5 2 6 3 4 3 5 3 6 4 4 4 5 4 6 5 4 5 5 5 6 6 4 6 5 6 6
q 1 0 8
q 1 1 4
q 1 1 5
q 1 1 6
q 1 1 8
q 1 2 5
q 1 2 6
q 1 2 7
q 1 2 8
q 1 3 6
q 1 3 7
q 1 3 8
q 1 3 10
q 1 3 11
q 1 4 3
q 1 4 4
q 1 4 5
q 1 4 6
q 1 4 7
q 1 4 8
q 1 4 9
q 1 4 10
q 1 5 5
q 1 5 6
q 1 5 7
q 1 5 10
q 1 6 8
q 1 6 9
q 1 6 10
q 1 6 11
q 1 7 10
q 1 7 11
q 1 7 12
q 1 8 10
q 1 8 11
q 1 8 12
q 1 0 7
q 1 0 9
q 1 0 4
q 1 1 3
q 1 2 4
q 1 0 5
q 1 0 6
q 1 1 7
q 1 1 9
q 1 3 5
q 1 2 9
q 1 3 9
q 1 2 10
q 1 2 11
q 1 4 11
q 1 3 12
q 1 3 3
q 1 4 2
q 1 5 3
q 1 3 4
q 1 5 4
q 1 5 8
q 1 5 9
q 1 6 5
q 1 6 6
q 1 6 7
q 1 5 11
q 1 7 8
q 1 7 9
q 1 6 12
q 1 7 13
q 1 8 9
q 1 9 10
q 1 9 11
q 1 9 12
q 1 8 13
a 36 0 8 1 4 1 5 1 6 1 8 2 5 2 6 2 7 2 8 3 6 3 7 3 8 3 10 3 11 4 3 4 4 4 5 4 6 4 7 4 8 4 9 4 10 5 5 5 6 5 7 5 10 6 8 6 9 6 10 6 11 7 10 7 11 7 12 8 10 8 11 8 12 
