q 35 4 11 4 12 4 13 4 14 4 15 5 11 5 12 5 13 5 14 5 15 6 11 6 12 6 13 6 14 6 15 7 11 7 12 7 13 7 14 7 15 8 11 8 12 8 13 8 14 8 15 9 11 9 12 9 13 9 14 9 15 10 11 10 12 10 13 10 14 10 15
q 48 11 0 11 1 11 2 11 3 11 4 11 5 11 6 11 7 11 8 11 9 11 10 11 11 11 12 11 13 11 14 11 15 12 0 12 1 12 2 12 3 12 4 12 5 12 6 12 7 12 8 12 9 12 10 12 11 12 12 12 13 12 14 12 15 13 0 13 1 13 2 13 3 13 4 13 5 13 6 13 7 13 8 13 9 13 10 13 11 13 12 13 13 13 14 13 15
q 63 1 7 1 8 1 9 1 10 1 11 1 12 1 13 2 7 2 8 2 9 2 10 2 11 2 12 2 13 3 7 3 8 3 9 3 10 3 11 3 12 3 13 4 7 4 8 4 9 4 10 4 11 4 12 4 13 5 7 5 8 5 9 5 10 5 11 5 12 5 13 6 7 6 8 6 9 6 10 6 11 6 12 6 13 7 7 7 8 7 9 7 10 7 11 7 12 7 13 8 7 8 8 8 9 8 10 8 11 8 12 8 13 9 7 9 8 9 9 9 10 9 11 9 12 9 13
q 36 6 4 6 5 6 6 6 7 6 8 6 9 6 10 6 11 6 12 6 13 6 14 6 15 7 4 7 5 7 6 7 7 7 8 7 9 7 10 7 11 7 12 7 13 7 14 7 15 8 4 8 5 8 6 8 7 8 8 8 9 8 10 8 11 8 12 8 13 8 14 8 15
q 30 2 0 2 1 2 2 2 3 2 4 2 5 2 6 2 7 2 8 2 9 2 10 2 11 2 12 2 13 2 14 3 0 3 1 3 2 3 3 3 4 3 5 3 6 3 7 3 8 3 9 3 10 3 11 3 12 3 13 3 14
q 32 0 11 0 12 1 11 1 12 2 11 2 12 3 11 3 12 4 11 4 12 5 11 5 12 6 11 6 12 7 11 7 12 8 11 8 12 9 11 9 12 10 11 10 12 11 11 11 12 12 11 12 12 13 11 13 12 14 11 14 12 15 11 15 12
q 54 4 8 4 9 4 10 4 11 4 12 4 13 5 8 5 9 5 10 5 11 5 12 5 13 6 8 6 9 6 10 6 11 6 12 6 13 7 8 7 9 7 10 7 11 7 12 7 13 8 8 8 9 8 10 8 11 8 12 8 13 9 8 9 9 9 10 9 11 9 12 9 13 10 8 10 9 10 10 10 11 10 12 10 13 11 8 11 9 11 10 11 11 11 12 11 13 12 8 12 9 12 10 12 11 12 12 12 13
q 50 3 7 3 8 3 9 3 10 3 11 4 7 4 8 4 9 4 10 4 11 5 7 5 8 5 9 5 10 5 11 6 7 6 8 6 9 6 10 6 11 7 7 7 8 7 9 7 10 7 11 8 7 8 8 8 9 8 10 8 11 9 7 9 8 9 9 9 10 9 11 10 7 10 8 10 9 10 10 10 11 11 7 11 8 11 9 11 10 11 11 12 7 12 8 12 9 12 10 12 11
q 36 5 10 5 11 5 12 5 13 6 10 6 11 6 12 6 13 7 10 7 11 7 12 7 13 8 10 8 11 8 12 8 13 9 10 9 11 9 12 9 13 10 10 10 11 10 12 10 13 11 10 11 11 11 12 11 13 12 10 12 11 12 12 12 13 13 10 13 11 13 12 13 13
q 32 7 0 7 1 7 2 7 3 7 4 7 5 7 6 7 7 7 8 7 9 7 10 7 11 7 12 7 13 7 14 7 15 8 0 8 1 8 2 8 3 8 4 8 5 8 6 8 7 8 8 8 9 8 10 8 11 8 12 8 13 8 14 8 15
q 40 2 2 2 3 2 4 2 5 2 6 3 2 3 3 3 4 3 5 3 6 4 2 4 3 4 4 4 5 4 6 5 2 5 3 5 4 5 5 5 6 6 2 6 3 6 4 6 5 6 6 7 2 7 3 7 4 7 5 7 6 8 2 8 3 8 4 8 5 8 6 9 2 9 3 9 4 9 5 9 6
q 26 1 1 1 2 1 3 1 4 1 5 1 6 1 7 1 8 1 9 1 10 1 11 1 12 1 13 2 1 2 2 2 3 2 4 2 5 2 6 2 7 2 8 2 9 2 10 2 11 2 12 2 13
q 56 8 4 8 5 8 6 8 7 8 8 8 9 8 10 8 11 9 4 9 5 9 6 9 7 9 8 9 9 9 10 9 11 10 4 10 5 10 6 10 7 10 8 10 9 10 10 10 11 11 4 11 5 11 6 11 7 11 8 11 9 11 10 11 11 12 4 12 5 12 6 12 7 12 8 12 9 12 10 12 11 13 4 13 5 13 6 13 7 13 8 13 9 13 10 13 11 14 4 14 5 14 6 14 7 14 8 14 9 14 10 14 11
q 50 3 4 3 5 3 6 3 7 3 8 3 9 3 10 3 11 3 12 3 13 4 4 4 5 4 6 4 7 4 8 4 9 4 10 4 11 4 12 4 13 5 4 5 5 5 6 5 7 5 8 5 9 5 10 5 11 5 12 5 13 6 4 6 5 6 6 6 7 6 8 6 9 6 10 6 11 6 12 6 13 7 4 7 5 7 6 7 7 7 8 7 9 7 10 7 11 7 12 7 13
q 45 1 6 1 7 1 8 1 9 1 10 1 11 1 12 1 13 1 14 2 6 2 7 2 8 2 9 2 10 2 11 2 12 2 13 2 14 3 6 3 7 3 8 3 9 3 10 3 11 3 12 3 13 3 14 4 6 4 7 4 8 4 9 4 10 4 11 4 12 4 13 4 14 5 6 5 7 5 8 5 9 5 10 5 11 5 12 5 13 5 14
q 64 3 1 3 2 3 3 3 4 3 5 3 6 3 7 3 8 4 1 4 2 4 3 4 4 4 5 4 6 4 7 4 8 5 1 5 2 5 3 5 4 5 5 5 6 5 7 5 8 6 1 6 2 6 3 6 4 6 5 6 6 6 7 6 8 7 1 7 2 7 3 7 4 7 5 7 6 7 7 7 8 8 1 8 2 8 3 8 4 8 5 8 6 8 7 8 8 9 1 9 2 9 3 9 4 9 5 9 6 9 7 9 8 10 1 10 2 10 3 10 4 10 5 10 6 10 7 10 8
q 27 6 6 6 7 6 8 6 9 6 10 6 11 6 12 6 13 6 14 7 6 7 7 7 8 7 9 7 10 7 11 7 12 7 13 7 14 8 6 8 7 8 8 8 9 8 10 8 11 8 12 8 13 8 14
q 55 0 3 0 4 0 5 0 6 0 7 1 3 1 4 1 5 1 6 1 7 2 3 2 4 2 5 2 6 2 7 3 3 3 4 3 5 3 6 3 7 4 3 4 4 4 5 4 6 4 7 5 3 5 4 5 5 5 6 5 7 6 3 6 4 6 5 6 6 6 7 7 3 7 4 7 5 7 6 7 7 8 3 8 4 8 5 8 6 8 7 9 3 9 4 9 5 9 6 9 7 10 3 10 4 10 5 10 6 10 7
q 33 5 2 5 3 5 4 6 2 6 3 6 4 7 2 7 3 7 4 8 2 8 3 8 4 9 2 9 3 9 4 10 2 10 3 10 4 11 2 11 3 11 4 12 2 12 3 12 4 13 2 13 3 13 4 14 2 14 3 14 4 15 2 15 3 15 4
q 42 0 1 0 2 0 3 1 1 1 2 1 3 2 1 2 2 2 3 3 1 3 2 3 3 4 1 4 2 4 3 5 1 5 2 5 3 6 1 6 2 6 3 7 1 7 2 7 3 8 1 8 2 8 3 9 1 9 2 9 3 10 1 10 2 10 3 11 1 11 2 11 3 12 1 12 2 12 3 13 1 13 2 13 3
q 48 12 0 12 1 12 2 12 3 12 4 12 5 12 6 12 7 12 8 12 9 12 10 12 11 13 0 13 1 13 2 13 3 13 4 13 5 13 6 13 7 13 8 13 9 13 10 13 11 14 0 14 1 14 2 14 3 14 4 14 5 14 6 14 7 14 8 14 9 14 10 14 11 15 0 15 1 15 2 15 3 15 4 15 5 15 6 15 7 15 8 15 9 15 10 15 11
q 30 5 13 5 14 5 15 6 13 6 14 6 15 7 13 7 14 7 15 8 13 8 14 8 15 9 13 9 14 9 15 10 13 10 14 10 15 11 13 11 14 11 15 12 13 12 14 12 15 13 13 13 14 13 15 14 13 14 14 14 15
q 30 8 1 8 2 8 3 8 4 8 5 8 6 8 7 8 8 8 9 8 10 8 11 8 12 8 13 8 14 8 15 9 1 9 2 9 3 9 4 9 5 9 6 9 7 9 8 9 9 9 10 9 11 9 12 9 13 9 14 9 15
q 28 3 9 3 10 3 11 3 12 3 13 3 14 3 15 4 9 4 10 4 11 4 12 4 13 4 14 4 15 5 9 5 10 5 11 5 12 5 13 5 14 5 15 6 9 6 10 6 11 6 12 6 13 6 14 6 15
q 45 1 9 1 10 1 11 1 12 1 13 2 9 2 10 2 11 2 12 2 13 3 9 3 10 3 11 3 12 3 13 4 9 4 10 4 11 4 12 4 13 5 9 5 10 5 11 5 12 5 13 6 9 6 10 6 11 6 12 6 13 7 9 7 10 7 11 7 12 7 13 8 9 8 10 8 11 8 12 8 13 9 9 9 10 9 11 9 12 9 13
q 55 5 8 5 9 5 10 5 11 5 12 6 8 6 9 6 10 6 11 6 12 7 8 7 9 7 10 7 11 7 12 8 8 8 9 8 10 8 11 8 12 9 8 9 9 9 10 9 11 9 12 10 8 10 9 10 10 10 11 10 12 11 8 11 9 11 10 11 11 11 12 12 8 12 9 12 10 12 11 12 12 13 8 13 9 13 10 13 11 13 12 14 8 14 9 14 10 14 11 14 12 15 8 15 9 15 10 15 11 15 12
q 48 3 9 3 10 3 11 3 12 3 13 3 14 4 9 4 10 4 11 4 12 4 13 4 14 5 9 5 10 5 11 5 12 5 13 5 14 6 9 6 10 6 11 6 12 6 13 6 14 7 9 7 10 7 11 7 12 7 13 7 14 8 9 8 10 8 11 8 12 8 13 8 14 9 9 9 10 9 11 9 12 9 13 9 14 10 9 10 10 10 11 10 12 10 13 10 14
q 50 10 3 10 4 10 5 10 6 10 7 10 8 10 9 10 10 10 11 10 12 11 3 11 4 11 5 11 6 11 7 11 8 11 9 11 10 11 11 11 12 12 3 12 4 12 5 12 6 12 7 12 8 12 9 12 10 12 11 12 12 13 3 13 4 13 5 13 6 13 7 13 8 13 9 13 10 13 11 13 12 14 3 14 4 14 5 14 6 14 7 14 8 14 9 14 10 14 11 14 12
q 60 2 0 2 1 2 2 2 3 2 4 2 5 2 6 2 7 2 8 2 9 2 10 2 11 2 12 2 13 2 14 3 0 3 1 3 2 3 3 3 4 3 5 3 6 3 7 3 8 3 9 3 10 3 11 3 12 3 13 3 14 4 0 4 1 4 2 4 3 4 4 4 5 4 6 4 7 4 8 4 9 4 10 4 11 4 12 4 13 4 14 5 0 5 1 5 2 5 3 5 4 5 5 5 6 5 7 5 8 5 9 5 10 5 11 5 12 5 13 5 14
q 48 0 8 0 9 0 10 1 8 1 9 1 10 2 8 2 9 2 10 3 8 3 9 3 10 4 8 4 9 4 10 5 8 5 9 5 10 6 8 6 9 6 10 7 8 7 9 7 10 8 8 8 9 8 10 9 8 9 9 9 10 10 8 10 9 10 10 11 8 11 9 11 10 12 8 12 9 12 10 13 8 13 9 13 10 14 8 14 9 14 10 15 8 15 9 15 10
q 36 6 0 6 1 6 2 6 3 6 4 6 5 6 6 6 7 6 8 7 0 7 1 7 2 7 3 7 4 7 5 7 6 7 7 7 8 8 0 8 1 8 2 8 3 8 4 8 5 8 6 8 7 8 8 9 0 9 1 9 2 9 3 9 4 9 5 9 6 9 7 9 8
q 52 9 1 9 2 9 3 9 4 9 5 9 6 9 7 9 8 9 9 9 10 9 11 9 12 9 13 10 1 10 2 10 3 10 4 10 5 10 6 10 7 10 8 10 9 10 10 10 11 10 12 10 13 11 1 11 2 11 3 11 4 11 5 11 6 11 7 11 8 11 9 11 10 11 11 11 12 11 13 12 1 12 2 12 3 12 4 12 5 12 6 12 7 12 8 12 9 12 10 12 11 12 12 12 13
q 50 5 3 5 4 5 5 5 6 5 7 5 8 5 9 5 10 5 11 5 12 6 3 6 4 6 5 6 6 6 7 6 8 6 9 6 10 6 11 6 12 7 3 7 4 7 5 7 6 7 7 7 8 7 9 7 10 7 11 7 12 8 3 8 4 8 5 8 6 8 7 8 8 8 9 8 10 8 11 8 12 9 3 9 4 9 5 9 6 9 7 9 8 9 9 9 10 9 11 9 12
q 42 0 0 0 1 0 2 0 3 0 4 0 5 0 6 0 7 0 8 0 9 0 10 0 11 0 12 0 13 1 0 1 1 1 2 1 3 1 4 1 5 1 6 1 7 1 8 1 9 1 10 1 11 1 12 1 13 2 0 2 1 2 2 2 3 2 4 2 5 2 6 2 7 2 8 2 9 2 10 2 11 2 12 2 13
q 56 8 6 8 7 8 8 8 9 8 10 8 11 8 12 8 13 9 6 9 7 9 8 9 9 9 10 9 11 9 12 9 13 10 6 10 7 10 8 10 9 10 10 10 11 10 12 10 13 11 6 11 7 11 8 11 9 11 10 11 11 11 12 11 13 12 6 12 7 12 8 12 9 12 10 12 11 12 12 12 13 13 6 13 7 13 8 13 9 13 10 13 11 13 12 13 13 14 6 14 7 14 8 14 9 14 10 14 11 14 12 14 13
q 45 11 7 11 8 11 9 11 10 11 11 11 12 11 13 11 14 11 15 12 7 12 8 12 9 12 10 12 11 12 12 12 13 12 14 12 15 13 7 13 8 13 9 13 10 13 11 13 12 13 13 13 14 13 15 14 7 14 8 14 9 14 10 14 11 14 12 14 13 14 14 14 15 15 7 15 8 15 9 15 10 15 11 15 12 15 13 15 14 15 15
q 45 7 5 7 6 7 7 7 8 7 9 8 5 8 6 8 7 8 8 8 9 9 5 9 6 9 7 9 8 9 9 10 5 10 6 10 7 10 8 10 9 11 5 11 6 11 7 11 8 11 9 12 5 12 6 12 7 12 8 12 9 13 5 13 6 13 7 13 8 13 9 14 5 14 6 14 7 14 8 14 9 15 5 15 6 15 7 15 8 15 9
q 52 11 3 11 4 11 5 11 6 11 7 11 8 11 9 11 10 11 11 11 12 11 13 11 14 11 15 12 3 12 4 12 5 12 6 12 7 12 8 12 9 12 10 12 11 12 12 12 13 12 14 12 15 13 3 13 4 13 5 13 6 13 7 13 8 13 9 13 10 13 11 13 12 13 13 13 14 13 15 14 3 14 4 14 5 14 6 14 7 14 8 14 9 14 10 14 11 14 12 14 13 14 14 14 15
q 40 3 11 3 12 3 13 3 14 4 11 4 12 4 13 4 14 5 11 5 12 5 13 5 14 6 11 6 12 6 13 6 14 7 11 7 12 7 13 7 14 8 11 8 12 8 13 8 14 9 11 9 12 9 13 9 14 10 11 10 12 10 13 10 14 11 11 11 12 11 13 11 14 12 11 12 12 12 13 12 14
q 45 1 1 1 2 1 3 2 1 2 2 2 3 3 1 3 2 3 3 4 1 4 2 4 3 5 1 5 2 5 3 6 1 6 2 6 3 7 1 7 2 7 3 8 1 8 2 8 3 9 1 9 2 9 3 10 1 10 2 10 3 11 1 11 2 11 3 12 1 12 2 12 3 13 1 13 2 13 3 14 1 14 2 14 3 15 1 15 2 15 3
q 36 3 6 3 7 3 8 3 9 3 10 3 11 3 12 3 13 3 14 4 6 4 7 4 8 4 9 4 10 4 11 4 12 4 13 4 14 5 6 5 7 5 8 5 9 5 10 5 11 5 12 5 13 5 14 6 6 6 7 6 8 6 9 6 10 6 11 6 12 6 13 6 14
q 33 4 7 4 8 4 9 5 7 5 8 5 9 6 7 6 8 6 9 7 7 7 8 7 9 8 7 8 8 8 9 9 7 9 8 9 9 10 7 10 8 10 9 11 7 11 8 11 9 12 7 12 8 12 9 13 7 13 8 13 9 14 7 14 8 14 9
q 36 0 4 0 5 0 6 0 7 0 8 0 9 1 4 1 5 1 6 1 7 1 8 1 9 2 4 2 5 2 6 2 7 2 8 2 9 3 4 3 5 3 6 3 7 3 8 3 9 4 4 4 5 4 6 4 7 4 8 4 9 5 4 5 5 5 6 5 7 5 8 5 9
q 40 6 6 6 7 6 8 6 9 6 10 6 11 6 12 6 13 7 6 7 7 7 8 7 9 7 10 7 11 7 12 7 13 8 6 8 7 8 8 8 9 8 10 8 11 8 12 8 13 9 6 9 7 9 8 9 9 9 10 9 11 9 12 9 13 10 6 10 7 10 8 10 9 10 10 10 11 10 12 10 13
q 32 8 0 8 1 8 2 8 3 8 4 8 5 8 6 8 7 8 8 8 9 8 10 8 11 8 12 8 13 8 14 8 15 9 0 9 1 9 2 9 3 9 4 9 5 9 6 9 7 9 8 9 9 9 10 9 11 9 12 9 13 9 14 9 15
q 54 10 4 10 5 10 6 10 7 10 8 10 9 10 10 10 11 10 12 11 4 11 5 11 6 11 7 11 8 11 9 11 10 11 11 11 12 12 4 12 5 12 6 12 7 12 8 12 9 12 10 12 11 12 12 13 4 13 5 13 6 13 7 13 8 13 9 13 10 13 11 13 12 14 4 14 5 14 6 14 7 14 8 14 9 14 10 14 11 14 12 15 4 15 5 15 6 15 7 15 8 15 9 15 10 15 11 15 12
q 39 6 3 6 4 6 5 6 6 6 7 6 8 6 9 6 10 6 11 6 12 6 13 6 14 6 15 7 3 7 4 7 5 7 6 7 7 7 8 7 9 7 10 7 11 7 12 7 13 7 14 7 15 8 3 8 4 8 5 8 6 8 7 8 8 8 9 8 10 8 11 8 12 8 13 8 14 8 15
q 35 5 6 5 7 5 8 5 9 5 10 6 6 6 7 6 8 6 9 6 10 7 6 7 7 7 8 7 9 7 10 8 6 8 7 8 8 8 9 8 10 9 6 9 7 9 8 9 9 9 10 10 6 10 7 10 8 10 9 10 10 11 6 11 7 11 8 11 9 11 10
q 55 3 9 3 10 3 11 3 12 3 13 4 9 4 10 4 11 4 12 4 13 5 9 5 10 5 11 5 12 5 13 6 9 6 10 6 11 6 12 6 13 7 9 7 10 7 11 7 12 7 13 8 9 8 10 8 11 8 12 8 13 9 9 9 10 9 11 9 12 9 13 10 9 10 10 10 11 10 12 10 13 11 9 11 10 11 11 11 12 11 13 12 9 12 10 12 11 12 12 12 13 13 9 13 10 13 11 13 12 13 13
q 30 3 0 3 1 3 2 3 3 3 4 3 5 3 6 3 7 3 8 3 9 3 10 3 11 3 12 3 13 3 14 4 0 4 1 4 2 4 3 4 4 4 5 4 6 4 7 4 8 4 9 4 10 4 11 4 12 4 13 4 14
q 40 5 8 5 9 5 10 5 11 6 8 6 9 6 10 6 11 7 8 7 9 7 10 7 11 8 8 8 9 8 10 8 11 9 8 9 9 9 10 9 11 10 8 10 9 10 10 10 11 11 8 11 9 11 10 11 11 12 8 12 9 12 10 12 11 13 8 13 9 13 10 13 11 14 8 14 9 14 10 14 11
q 48 1 9 1 10 1 11 1 12 1 13 1 14 2 9 2 10 2 11 2 12 2 13 2 14 3 9 3 10 3 11 3 12 3 13 3 14 4 9 4 10 4 11 4 12 4 13 4 14 5 9 5 10 5 11 5 12 5 13 5 14 6 9 6 10 6 11 6 12 6 13 6 14 7 9 7 10 7 11 7 12 7 13 7 14 8 9 8 10 8 11 8 12 8 13 8 14
q 56 2 0 2 1 2 2 2 3 2 4 2 5 2 6 2 7 3 0 3 1 3 2 3 3 3 4 3 5 3 6 3 7 4 0 4 1 4 2 4 3 4 4 4 5 4 6 4 7 5 0 5 1 5 2 5 3 5 4 5 5 5 6 5 7 6 0 6 1 6 2 6 3 6 4 6 5 6 6 6 7 7 0 7 1 7 2 7 3 7 4 7 5 7 6 7 7 8 0 8 1 8 2 8 3 8 4 8 5 8 6 8 7
q 32 9 6 9 7 9 8 9 9 9 10 9 11 9 12 9 13 10 6 10 7 10 8 10 9 10 10 10 11 10 12 10 13 11 6 11 7 11 8 11 9 11 10 11 11 11 12 11 13 12 6 12 7 12 8 12 9 12 10 12 11 12 12 12 13
q 40 0 2 0 3 0 4 0 5 1 2 1 3 1 4 1 5 2 2 2 3 2 4 2 5 3 2 3 3 3 4 3 5 4 2 4 3 4 4 4 5 5 2 5 3 5 4 5 5 6 2 6 3 6 4 6 5 7 2 7 3 7 4 7 5 8 2 8 3 8 4 8 5 9 2 9 3 9 4 9 5
q 50 6 0 6 1 6 2 6 3 6 4 7 0 7 1 7 2 7 3 7 4 8 0 8 1 8 2 8 3 8 4 9 0 9 1 9 2 9 3 9 4 10 0 10 1 10 2 10 3 10 4 11 0 11 1 11 2 11 3 11 4 12 0 12 1 12 2 12 3 12 4 13 0 13 1 13 2 13 3 13 4 14 0 14 1 14 2 14 3 14 4 15 0 15 1 15 2 15 3 15 4
q 36 4 2 4 3 4 4 4 5 5 2 5 3 5 4 5 5 6 2 6 3 6 4 6 5 7 2 7 3 7 4 7 5 8 2 8 3 8 4 8 5 9 2 9 3 9 4 9 5 10 2 10 3 10 4 10 5 11 2 11 3 11 4 11 5 12 2 12 3 12 4 12 5
q 48 0 4 0 5 0 6 1 4 1 5 1 6 2 4 2 5 2 6 3 4 3 5 3 6 4 4 4 5 4 6 5 4 5 5 5 6 6 4 6 5 6 6 7 4 7 5 7 6 8 4 8 5 8 6 9 4 9 5 9 6 10 4 10 5 10 6 11 4 11 5 11 6 12 4 12 5 12 6 13 4 13 5 13 6 14 4 14 5 14 6 15 4 15 5 15 6
q 60 1 4 1 5 1 6 1 7 1 8 1 9 1 10 1 11 1 12 1 13 2 4 2 5 2 6 2 7 2 8 2 9 2 10 2 11 2 12 2 13 3 4 3 5 3 6 3 7 3 8 3 9 3 10 3 11 3 12 3 13 4 4 4 5 4 6 4 7 4 8 4 9 4 10 4 11 4 12 4 13 5 4 5 5 5 6 5 7 5 8 5 9 5 10 5 11 5 12 5 13 6 4 6 5 6 6 6 7 6 8 6 9 6 10 6 11 6 12 6 13
q 56 2 0 2 1 2 2 2 3 3 0 3 1 3 2 3 3 4 0 4 1 4 2 4 3 5 0 5 1 5 2 5 3 6 0 6 1 6 2 6 3 7 0 7 1 7 2 7 3 8 0 8 1 8 2 8 3 9 0 9 1 9 2 9 3 10 0 10 1 10 2 10 3 11 0 11 1 11 2 11 3 12 0 12 1 12 2 12 3 13 0 13 1 13 2 13 3 14 0 14 1 14 2 14 3 15 0 15 1 15 2 15 3
q 55 3 11 3 12 3 13 3 14 3 15 4 11 4 12 4 13 4 14 4 15 5 11 5 12 5 13 5 14 5 15 6 11 6 12 6 13 6 14 6 15 7 11 7 12 7 13 7 14 7 15 8 11 8 12 8 13 8 14 8 15 9 11 9 12 9 13 9 14 9 15 10 11 10 12 10 13 10 14 10 15 11 11 11 12 11 13 11 14 11 15 12 11 12 12 12 13 12 14 12 15 13 11 13 12 13 13 13 14 13 15
q 48 8 7 8 8 8 9 8 10 8 11 8 12 9 7 9 8 9 9 9 10 9 11 9 12 10 7 10 8 10 9 10 10 10 11 10 12 11 7 11 8 11 9 11 10 11 11 11 12 12 7 12 8 12 9 12 10 12 11 12 12 13 7 13 8 13 9 13 10 13 11 13 12 14 7 14 8 14 9 14 10 14 11 14 12 15 7 15 8 15 9 15 10 15 11 15 12
q 28 11 0 11 1 11 2 11 3 11 4 11 5 11 6 11 7 11 8 11 9 11 10 11 11 11 12 11 13 12 0 12 1 12 2 12 3 12 4 12 5 12 6 12 7 12 8 12 9 12 10 12 11 12 12 12 13
q 36 0 9 0 10 0 11 0 12 1 9 1 10 1 11 1 12 2 9 2 10 2 11 2 12 3 9 3 10 3 11 3 12 4 9 4 10 4 11 4 12 5 9 5 10 5 11 5 12 6 9 6 10 6 11 6 12 7 9 7 10 7 11 7 12 8 9 8 10 8 11 8 12
q 54 2 7 2 8 2 9 2 10 2 11 2 12 3 7 3 8 3 9 3 10 3 11 3 12 4 7 4 8 4 9 4 10 4 11 4 12 5 7 5 8 5 9 5 10 5 11 5 12 6 7 6 8 6 9 6 10 6 11 6 12 7 7 7 8 7 9 7 10 7 11 7 12 8 7 8 8 8 9 8 10 8 11 8 12 9 7 9 8 9 9 9 10 9 11 9 12 10 7 10 8 10 9 10 10 10 11 10 12
q 25 6 10 6 11 6 12 6 13 6 14 7 10 7 11 7 12 7 13 7 14 8 10 8 11 8 12 8 13 8 14 9 10 9 11 9 12 9 13 9 14 10 10 10 11 10 12 10 13 10 14
q 63 6 1 6 2 6 3 6 4 6 5 6 6 6 7 7 1 7 2 7 3 7 4 7 5 7 6 7 7 8 1 8 2 8 3 8 4 8 5 8 6 8 7 9 1 9 2 9 3 9 4 9 5 9 6 9 7 10 1 10 2 10 3 10 4 10 5 10 6 10 7 11 1 11 2 11 3 11 4 11 5 11 6 11 7 12 1 12 2 12 3 12 4 12 5 12 6 12 7 13 1 13 2 13 3 13 4 13 5 13 6 13 7 14 1 14 2 14 3 14 4 14 5 14 6 14 7
q 32 0 12 0 13 0 14 0 15 1 12 1 13 1 14 1 15 2 12 2 13 2 14 2 15 3 12 3 13 3 14 3 15 4 12 4 13 4 14 4 15 5 12 5 13 5 14 5 15 6 12 6 13 6 14 6 15 7 12 7 13 7 14 7 15
q 56 0 7 0 8 0 9 0 10 1 7 1 8 1 9 1 10 2 7 2 8 2 9 2 10 3 7 3 8 3 9 3 10 4 7 4 8 4 9 4 10 5 7 5 8 5 9 5 10 6 7 6 8 6 9 6 10 7 7 7 8 7 9 7 10 8 7 8 8 8 9 8 10 9 7 9 8 9 9 9 10 10 7 10 8 10 9 10 10 11 7 11 8 11 9 11 10 12 7 12 8 12 9 12 10 13 7 13 8 13 9 13 10
q 30 5 5 5 6 5 7 5 8 5 9 5 10 6 5 6 6 6 7 6 8 6 9 6 10 7 5 7 6 7 7 7 8 7 9 7 10 8 5 8 6 8 7 8 8 8 9 8 10 9 5 9 6 9 7 9 8 9 9 9 10
q 40 1 6 1 7 1 8 1 9 1 10 2 6 2 7 2 8 2 9 2 10 3 6 3 7 3 8 3 9 3 10 4 6 4 7 4 8 4 9 4 10 5 6 5 7 5 8 5 9 5 10 6 6 6 7 6 8 6 9 6 10 7 6 7 7 7 8 7 9 7 10 8 6 8 7 8 8 8 9 8 10
q 45 0 5 0 6 0 7 1 5 1 6 1 7 2 5 2 6 2 7 3 5 3 6 3 7 4 5 4 6 4 7 5 5 5 6 5 7 6 5 6 6 6 7 7 5 7 6 7 7 8 5 8 6 8 7 9 5 9 6 9 7 10 5 10 6 10 7 11 5 11 6 11 7 12 5 12 6 12 7 13 5 13 6 13 7 14 5 14 6 14 7
q 32 0 14 0 15 1 14 1 15 2 14 2 15 3 14 3 15 4 14 4 15 5 14 5 15 6 14 6 15 7 14 7 15 8 14 8 15 9 14 9 15 10 14 10 15 11 14 11 15 12 14 12 15 13 14 13 15 14 14 14 15 15 14 15 15
q 42 10 3 10 4 10 5 10 6 10 7 10 8 10 9 11 3 11 4 11 5 11 6 11 7 11 8 11 9 12 3 12 4 12 5 12 6 12 7 12 8 12 9 13 3 13 4 13 5 13 6 13 7 13 8 13 9 14 3 14 4 14 5 14 6 14 7 14 8 14 9 15 3 15 4 15 5 15 6 15 7 15 8 15 9
q 50 7 2 7 3 7 4 7 5 7 6 7 7 7 8 7 9 7 10 7 11 8 2 8 3 8 4 8 5 8 6 8 7 8 8 8 9 8 10 8 11 9 2 9 3 9 4 9 5 9 6 9 7 9 8 9 9 9 10 9 11 10 2 10 3 10 4 10 5 10 6 10 7 10 8 10 9 10 10 10 11 11 2 11 3 11 4 11 5 11 6 11 7 11 8 11 9 11 10 11 11
q 56 8 1 8 2 8 3 8 4 8 5 8 6 8 7 8 8 8 9 8 10 8 11 8 12 8 13 8 14 9 1 9 2 9 3 9 4 9 5 9 6 9 7 9 8 9 9 9 10 9 11 9 12 9 13 9 14 10 1 10 2 10 3 10 4 10 5 10 6 10 7 10 8 10 9 10 10 10 11 10 12 10 13 10 14 11 1 11 2 11 3 11 4 11 5 11 6 11 7 11 8 11 9 11 10 11 11 11 12 11 13 11 14
q 45 1 5 1 6 1 7 2 5 2 6 2 7 3 5 3 6 3 7 4 5 4 6 4 7 5 5 5 6 5 7 6 5 6 6 6 7 7 5 7 6 7 7 8 5 8 6 8 7 9 5 9 6 9 7 10 5 10 6 10 7 11 5 11 6 11 7 12 5 12 6 12 7 13 5 13 6 13 7 14 5 14 6 14 7 15 5 15 6 15 7
q 60 11 1 11 2 11 3 11 4 11 5 11 6 11 7 11 8 11 9 11 10 11 11 11 12 11 13 11 14 11 15 12 1 12 2 12 3 12 4 12 5 12 6 12 7 12 8 12 9 12 10 12 11 12 12 12 13 12 14 12 15 13 1 13 2 13 3 13 4 13 5 13 6 13 7 13 8 13 9 13 10 13 11 13 12 13 13 13 14 13 15 14 1 14 2 14 3 14 4 14 5 14 6 14 7 14 8 14 9 14 10 14 11 14 12 14 13 14 14 14 15
q 50 0 3 0 4 0 5 0 6 0 7 0 8 0 9 0 10 0 11 0 12 1 3 1 4 1 5 1 6 1 7 1 8 1 9 1 10 1 11 1 12 2 3 2 4 2 5 2 6 2 7 2 8 2 9 2 10 2 11 2 12 3 3 3 4 3 5 3 6 3 7 3 8 3 9 3 10 3 11 3 12 4 3 4 4 4 5 4 6 4 7 4 8 4 9 4 10 4 11 4 12
q 52 1 1 1 2 1 3 1 4 1 5 1 6 1 7 1 8 1 9 1 10 1 11 1 12 1 13 2 1 2 2 2 3 2 4 2 5 2 6 2 7 2 8 2 9 2 10 2 11 2 12 2 13 3 1 3 2 3 3 3 4 3 5 3 6 3 7 3 8 3 9 3 10 3 11 3 12 3 13 4 1 4 2 4 3 4 4 4 5 4 6 4 7 4 8 4 9 4 10 4 11 4 12 4 13
q 27 6 3 6 4 6 5 7 3 7 4 7 5 8 3 8 4 8 5 9 3 9 4 9 5 10 3 10 4 10 5 11 3 11 4 11 5 12 3 12 4 12 5 13 3 13 4 13 5 14 3 14 4 14 5
q 28 6 3 6 4 6 5 6 6 7 3 7 4 7 5 7 6 8 3 8 4 8 5 8 6 9 3 9 4 9 5 9 6 10 3 10 4 10 5 10 6 11 3 11 4 11 5 11 6 12 3 12 4 12 5 12 6
q 49 3 2 3 3 3 4 3 5 3 6 3 7 3 8 4 2 4 3 4 4 4 5 4 6 4 7 4 8 5 2 5 3 5 4 5 5 5 6 5 7 5 8 6 2 6 3 6 4 6 5 6 6 6 7 6 8 7 2 7 3 7 4 7 5 7 6 7 7 7 8 8 2 8 3 8 4 8 5 8 6 8 7 8 8 9 2 9 3 9 4 9 5 9 6 9 7 9 8
q 40 7 1 7 2 7 3 7 4 7 5 7 6 7 7 7 8 8 1 8 2 8 3 8 4 8 5 8 6 8 7 8 8 9 1 9 2 9 3 9 4 9 5 9 6 9 7 9 8 10 1 10 2 10 3 10 4 10 5 10 6 10 7 10 8 11 1 11 2 11 3 11 4 11 5 11 6 11 7 11 8
q 39 1 2 1 3 1 4 2 2 2 3 2 4 3 2 3 3 3 4 4 2 4 3 4 4 5 2 5 3 5 4 6 2 6 3 6 4 7 2 7 3 7 4 8 2 8 3 8 4 9 2 9 3 9 4 10 2 10 3 10 4 11 2 11 3 11 4 12 2 12 3 12 4 13 2 13 3 13 4
q 32 0 12 0 13 1 12 1 13 2 12 2 13 3 12 3 13 4 12 4 13 5 12 5 13 6 12 6 13 7 12 7 13 8 12 8 13 9 12 9 13 10 12 10 13 11 12 11 13 12 12 12 13 13 12 13 13 14 12 14 13 15 12 15 13
q 27 9 1 9 2 9 3 9 4 9 5 9 6 9 7 9 8 9 9 10 1 10 2 10 3 10 4 10 5 10 6 10 7 10 8 10 9 11 1 11 2 11 3 11 4 11 5 11 6 11 7 11 8 11 9
q 27 2 3 2 4 2 5 2 6 2 7 2 8 2 9 2 10 2 11 3 3 3 4 3 5 3 6 3 7 3 8 3 9 3 10 3 11 4 3 4 4 4 5 4 6 4 7 4 8 4 9 4 10 4 11
q 60 0 3 0 4 0 5 0 6 0 7 1 3 1 4 1 5 1 6 1 7 2 3 2 4 2 5 2 6 2 7 3 3 3 4 3 5 3 6 3 7 4 3 4 4 4 5 4 6 4 7 5 3 5 4 5 5 5 6 5 7 6 3 6 4 6 5 6 6 6 7 7 3 7 4 7 5 7 6 7 7 8 3 8 4 8 5 8 6 8 7 9 3 9 4 9 5 9 6 9 7 10 3 10 4 10 5 10 6 10 7 11 3 11 4 11 5 11 6 11 7
q 45 0 5 0 6 0 7 0 8 0 9 0 10 0 11 0 12 0 13 1 5 1 6 1 7 1 8 1 9 1 10 1 11 1 12 1 13 2 5 2 6 2 7 2 8 2 9 2 10 2 11 2 12 2 13 3 5 3 6 3 7 3 8 3 9 3 10 3 11 3 12 3 13 4 5 4 6 4 7 4 8 4 9 4 10 4 11 4 12 4 13
q 36 4 12 4 13 4 14 5 12 5 13 5 14 6 12 6 13 6 14 7 12 7 13 7 14 8 12 8 13 8 14 9 12 9 13 9 14 10 12 10 13 10 14 11 12 11 13 11 14 12 12 12 13 12 14 13 12 13 13 13 14 14 12 14 13 14 14 15 12 15 13 15 14
q 33 1 2 1 3 1 4 1 5 1 6 1 7 1 8 1 9 1 10 1 11 1 12 2 2 2 3 2 4 2 5 2 6 2 7 2 8 2 9 2 10 2 11 2 12 3 2 3 3 3 4 3 5 3 6 3 7 3 8 3 9 3 10 3 11 3 12
q 42 1 11 1 12 1 13 2 11 2 12 2 13 3 11 3 12 3 13 4 11 4 12 4 13 5 11 5 12 5 13 6 11 6 12 6 13 7 11 7 12 7 13 8 11 8 12 8 13 9 11 9 12 9 13 10 11 10 12 10 13 11 11 11 12 11 13 12 11 12 12 12 13 13 11 13 12 13 13 14 11 14 12 14 13
q 63 7 5 7 6 7 7 7 8 7 9 7 10 7 11 8 5 8 6 8 7 8 8 8 9 8 10 8 11 9 5 9 6 9 7 9 8 9 9 9 10 9 11 10 5 10 6 10 7 10 8 10 9 10 10 10 11 11 5 11 6 11 7 11 8 11 9 11 10 11 11 12 5 12 6 12 7 12 8 12 9 12 10 12 11 13 5 13 6 13 7 13 8 13 9 13 10 13 11 14 5 14 6 14 7 14 8 14 9 14 10 14 11 15 5 15 6 15 7 15 8 15 9 15 10 15 11
q 36 8 5 8 6 8 7 8 8 8 9 8 10 8 11 8 12 8 13 9 5 9 6 9 7 9 8 9 9 9 10 9 11 9 12 9 13 10 5 10 6 10 7 10 8 10 9 10 10 10 11 10 12 10 13 11 5 11 6 11 7 11 8 11 9 11 10 11 11 11 12 11 13
q 42 3 4 3 5 3 6 3 7 3 8 3 9 4 4 4 5 4 6 4 7 4 8 4 9 5 4 5 5 5 6 5 7 5 8 5 9 6 4 6 5 6 6 6 7 6 8 6 9 7 4 7 5 7 6 7 7 7 8 7 9 8 4 8 5 8 6 8 7 8 8 8 9 9 4 9 5 9 6 9 7 9 8 9 9
q 56 1 6 1 7 1 8 1 9 1 10 1 11 1 12 2 6 2 7 2 8 2 9 2 10 2 11 2 12 3 6 3 7 3 8 3 9 3 10 3 11 3 12 4 6 4 7 4 8 4 9 4 10 4 11 4 12 5 6 5 7 5 8 5 9 5 10 5 11 5 12 6 6 6 7 6 8 6 9 6 10 6 11 6 12 7 6 7 7 7 8 7 9 7 10 7 11 7 12 8 6 8 7 8 8 8 9 8 10 8 11 8 12
q 64 6 0 6 1 6 2 6 3 6 4 6 5 6 6 6 7 6 8 6 9 6 10 6 11 6 12 6 13 6 14 6 15 7 0 7 1 7 2 7 3 7 4 7 5 7 6 7 7 7 8 7 9 7 10 7 11 7 12 7 13 7 14 7 15 8 0 8 1 8 2 8 3 8 4 8 5 8 6 8 7 8 8 8 9 8 10 8 11 8 12 8 13 8 14 8 15 9 0 9 1 9 2 9 3 9 4 9 5 9 6 9 7 9 8 9 9 9 10 9 11 9 12 9 13 9 14 9 15
q 56 1 1 1 2 1 3 1 4 2 1 2 2 2 3 2 4 3 1 3 2 3 3 3 4 4 1 4 2 4 3 4 4 5 1 5 2 5 3 5 4 6 1 6 2 6 3 6 4 7 1 7 2 7 3 7 4 8 1 8 2 8 3 8 4 9 1 9 2 9 3 9 4 10 1 10 2 10 3 10 4 11 1 11 2 11 3 11 4 12 1 12 2 12 3 12 4 13 1 13 2 13 3 13 4 14 1 14 2 14 3 14 4
q 36 12 3 12 4 12 5 12 6 12 7 12 8 12 9 12 10 12 11 13 3 13 4 13 5 13 6 13 7 13 8 13 9 13 10 13 11 14 3 14 4 14 5 14 6 14 7 14 8 14 9 14 10 14 11 15 3 15 4 15 5 15 6 15 7 15 8 15 9 15 10 15 11
q 28 2 1 2 2 2 3 2 4 3 1 3 2 3 3 3 4 4 1 4 2 4 3 4 4 5 1 5 2 5 3 5 4 6 1 6 2 6 3 6 4 7 1 7 2 7 3 7 4 8 1 8 2 8 3 8 4
q 64 8 0 8 1 8 2 8 3 8 4 8 5 8 6 8 7 8 8 8 9 8 10 8 11 8 12 8 13 8 14 8 15 9 0 9 1 9 2 9 3 9 4 9 5 9 6 9 7 9 8 9 9 9 10 9 11 9 12 9 13 9 14 9 15 10 0 10 1 10 2 10 3 10 4 10 5 10 6 10 7 10 8 10 9 10 10 10 11 10 12 10 13 10 14 10 15 11 0 11 1 11 2 11 3 11 4 11 5 11 6 11 7 11 8 11 9 11 10 11 11 11 12 11 13 11 14 11 15
q 26 0 4 0 5 1 4 1 5 2 4 2 5 3 4 3 5 4 4 4 5 5 4 5 5 6 4 6 5 7 4 7 5 8 4 8 5 9 4 9 5 10 4 10 5 11 4 11 5 12 4 12 5
q 33 4 4 4 5 4 6 4 7 4 8 4 9 4 10 4 11 4 12 4 13 4 14 5 4 5 5 5 6 5 7 5 8 5 9 5 10 5 11 5 12 5 13 5 14 6 4 6 5 6 6 6 7 6 8 6 9 6 10 6 11 6 12 6 13 6 14
q 48 3 2 3 3 3 4 3 5 3 6 3 7 3 8 3 9 3 10 3 11 3 12 3 13 4 2 4 3 4 4 4 5 4 6 4 7 4 8 4 9 4 10 4 11 4 12 4 13 5 2 5 3 5 4 5 5 5 6 5 7 5 8 5 9 5 10 5 11 5 12 5 13 6 2 6 3 6 4 6 5 6 6 6 7 6 8 6 9 6 10 6 11 6 12 6 13
q 50 0 0 0 1 0 2 0 3 0 4 1 0 1 1 1 2 1 3 1 4 2 0 2 1 2 2 2 3 2 4 3 0 3 1 3 2 3 3 3 4 4 0 4 1 4 2 4 3 4 4 5 0 5 1 5 2 5 3 5 4 6 0 6 1 6 2 6 3 6 4 7 0 7 1 7 2 7 3 7 4 8 0 8 1 8 2 8 3 8 4 9 0 9 1 9 2 9 3 9 4
q 40 1 5 1 6 1 7 1 8 1 9 1 10 1 11 1 12 2 5 2 6 2 7 2 8 2 9 2 10 2 11 2 12 3 5 3 6 3 7 3 8 3 9 3 10 3 11 3 12 4 5 4 6 4 7 4 8 4 9 4 10 4 11 4 12 5 5 5 6 5 7 5 8 5 9 5 10 5 11 5 12
q 32 9 0 9 1 9 2 9 3 9 4 9 5 9 6 9 7 10 0 10 1 10 2 10 3 10 4 10 5 10 6 10 7 11 0 11 1 11 2 11 3 11 4 11 5 11 6 11 7 12 0 12 1 12 2 12 3 12 4 12 5 12 6 12 7
q 27 9 0 9 1 9 2 9 3 9 4 9 5 9 6 9 7 9 8 10 0 10 1 10 2 10 3 10 4 10 5 10 6 10 7 10 8 11 0 11 1 11 2 11 3 11 4 11 5 11 6 11 7 11 8
q 26 0 3 0 4 0 5 0 6 0 7 0 8 0 9 0 10 0 11 0 12 0 13 0 14 0 15 1 3 1 4 1 5 1 6 1 7 1 8 1 9 1 10 1 11 1 12 1 13 1 14 1 15
q 45 6 0 6 1 6 2 6 3 6 4 6 5 6 6 6 7 6 8 6 9 6 10 6 11 6 12 6 13 6 14 7 0 7 1 7 2 7 3 7 4 7 5 7 6 7 7 7 8 7 9 7 10 7 11 7 12 7 13 7 14 8 0 8 1 8 2 8 3 8 4 8 5 8 6 8 7 8 8 8 9 8 10 8 11 8 12 8 13 8 14
q 48 12 0 12 1 12 2 12 3 12 4 12 5 12 6 12 7 12 8 12 9 12 10 12 11 12 12 12 13 12 14 12 15 13 0 13 1 13 2 13 3 13 4 13 5 13 6 13 7 13 8 13 9 13 10 13 11 13 12 13 13 13 14 13 15 14 0 14 1 14 2 14 3 14 4 14 5 14 6 14 7 14 8 14 9 14 10 14 11 14 12 14 13 14 14 14 15
q 56 8 9 8 10 8 11 8 12 8 13 8 14 8 15 9 9 9 10 9 11 9 12 9 13 9 14 9 15 10 9 10 10 10 11 10 12 10 13 10 14 10 15 11 9 11 10 11 11 11 12 11 13 11 14 11 15 12 9 12 10 12 11 12 12 12 13 12 14 12 15 13 9 13 10 13 11 13 12 13 13 13 14 13 15 14 9 14 10 14 11 14 12 14 13 14 14 14 15 15 9 15 10 15 11 15 12 15 13 15 14 15 15
q 48 2 7 2 8 2 9 2 10 2 11 2 12 2 13 2 14 3 7 3 8 3 9 3 10 3 11 3 12 3 13 3 14 4 7 4 8 4 9 4 10 4 11 4 12 4 13 4 14 5 7 5 8 5 9 5 10 5 11 5 12 5 13 5 14 6 7 6 8 6 9 6 10 6 11 6 12 6 13 6 14 7 7 7 8 7 9 7 10 7 11 7 12 7 13 7 14
q 35 2 1 2 2 2 3 2 4 2 5 2 6 2 7 3 1 3 2 3 3 3 4 3 5 3 6 3 7 4 1 4 2 4 3 4 4 4 5 4 6 4 7 5 1 5 2 5 3 5 4 5 5 5 6 5 7 6 1 6 2 6 3 6 4 6 5 6 6 6 7
q 39 1 2 1 3 1 4 2 2 2 3 2 4 3 2 3 3 3 4 4 2 4 3 4 4 5 2 5 3 5 4 6 2 6 3 6 4 7 2 7 3 7 4 8 2 8 3 8 4 9 2 9 3 9 4 10 2 10 3 10 4 11 2 11 3 11 4 12 2 12 3 12 4 13 2 13 3 13 4
q 35 8 9 8 10 8 11 8 12 8 13 9 9 9 10 9 11 9 12 9 13 10 9 10 10 10 11 10 12 10 13 11 9 11 10 11 11 11 12 11 13 12 9 12 10 12 11 12 12 12 13 13 9 13 10 13 11 13 12 13 13 14 9 14 10 14 11 14 12 14 13
q 27 8 0 8 1 8 2 8 3 8 4 8 5 8 6 8 7 8 8 9 0 9 1 9 2 9 3 9 4 9 5 9 6 9 7 9 8 10 0 10 1 10 2 10 3 10 4 10 5 10 6 10 7 10 8
q 56 3 2 3 3 3 4 3 5 3 6 3 7 3 8 3 9 4 2 4 3 4 4 4 5 4 6 4 7 4 8 4 9 5 2 5 3 5 4 5 5 5 6 5 7 5 8 5 9 6 2 6 3 6 4 6 5 6 6 6 7 6 8 6 9 7 2 7 3 7 4 7 5 7 6 7 7 7 8 7 9 8 2 8 3 8 4 8 5 8 6 8 7 8 8 8 9 9 2 9 3 9 4 9 5 9 6 9 7 9 8 9 9
q 33 3 11 3 12 3 13 4 11 4 12 4 13 5 11 5 12 5 13 6 11 6 12 6 13 7 11 7 12 7 13 8 11 8 12 8 13 9 11 9 12 9 13 10 11 10 12 10 13 11 11 11 12 11 13 12 11 12 12 12 13 13 11 13 12 13 13
q 28 0 14 0 15 1 14 1 15 2 14 2 15 3 14 3 15 4 14 4 15 5 14 5 15 6 14 6 15 7 14 7 15 8 14 8 15 9 14 9 15 10 14 10 15 11 14 11 15 12 14 12 15 13 14 13 15
q 30 4 2 4 3 4 4 4 5 4 6 5 2 5 3 5 4 5 5 5 6 6 2 6 3 6 4 6 5 6 6 7 2 7 3 7 4 7 5 7 6 8 2 8 3 8 4 8 5 8 6 9 2 9 3 9 4 9 5 9 6
q 25 7 9 7 10 7 11 7 12 7 13 8 9 8 10 8 11 8 12 8 13 9 9 9 10 9 11 9 12 9 13 10 9 10 10 10 11 10 12 10 13 11 9 11 10 11 11 11 12 11 13
q 30 2 2 2 3 2 4 2 5 2 6 3 2 3 3 3 4 3 5 3 6 4 2 4 3 4 4 4 5 4 6 5 2 5 3 5 4 5 5 5 6 6 2 6 3 6 4 6 5 6 6 7 2 7 3 7 4 7 5 7 6
q 50 6 8 6 9 6 10 6 11 6 12 7 8 7 9 7 10 7 11 7 12 8 8 8 9 8 10 8 11 8 12 9 8 9 9 9 10 9 11 9 12 10 8 10 9 10 10 10 11 10 12 11 8 11 9 11 10 11 11 11 12 12 8 12 9 12 10 12 11 12 12 13 8 13 9 13 10 13 11 13 12 14 8 14 9 14 10 14 11 14 12 15 8 15 9 15 10 15 11 15 12
q 40 0 0 0 1 0 2 0 3 0 4 1 0 1 1 1 2 1 3 1 4 2 0 2 1 2 2 2 3 2 4 3 0 3 1 3 2 3 3 3 4 4 0 4 1 4 2 4 3 4 4 5 0 5 1 5 2 5 3 5 4 6 0 6 1 6 2 6 3 6 4 7 0 7 1 7 2 7 3 7 4
q 64 5 0 5 1 5 2 5 3 5 4 5 5 5 6 5 7 5 8 5 9 5 10 5 11 5 12 5 13 5 14 5 15 6 0 6 1 6 2 6 3 6 4 6 5 6 6 6 7 6 8 6 9 6 10 6 11 6 12 6 13 6 14 6 15 7 0 7 1 7 2 7 3 7 4 7 5 7 6 7 7 7 8 7 9 7 10 7 11 7 12 7 13 7 14 7 15 8 0 8 1 8 2 8 3 8 4 8 5 8 6 8 7 8 8 8 9 8 10 8 11 8 12 8 13 8 14 8 15
q 42 12 1 12 2 12 3 12 4 12 5 12 6 12 7 12 8 12 9 12 10 12 11 12 12 12 13 12 14 13 1 13 2 13 3 13 4 13 5 13 6 13 7 13 8 13 9 13 10 13 11 13 12 13 13 13 14 14 1 14 2 14 3 14 4 14 5 14 6 14 7 14 8 14 9 14 10 14 11 14 12 14 13 14 14
q 48 1 9 1 10 1 11 1 12 1 13 1 14 2 9 2 10 2 11 2 12 2 13 2 14 3 9 3 10 3 11 3 12 3 13 3 14 4 9 4 10 4 11 4 12 4 13 4 14 5 9 5 10 5 11 5 12 5 13 5 14 6 9 6 10 6 11 6 12 6 13 6 14 7 9 7 10 7 11 7 12 7 13 7 14 8 9 8 10 8 11 8 12 8 13 8 14
q 48 4 0 4 1 4 2 4 3 4 4 4 5 4 6 4 7 4 8 4 9 4 10 4 11 4 12 4 13 4 14 4 15 5 0 5 1 5 2 5 3 5 4 5 5 5 6 5 7 5 8 5 9 5 10 5 11 5 12 5 13 5 14 5 15 6 0 6 1 6 2 6 3 6 4 6 5 6 6 6 7 6 8 6 9 6 10 6 11 6 12 6 13 6 14 6 15
q 60 1 0 1 1 1 2 1 3 1 4 1 5 1 6 1 7 1 8 1 9 2 0 2 1 2 2 2 3 2 4 2 5 2 6 2 7 2 8 2 9 3 0 3 1 3 2 3 3 3 4 3 5 3 6 3 7 3 8 3 9 4 0 4 1 4 2 4 3 4 4 4 5 4 6 4 7 4 8 4 9 5 0 5 1 5 2 5 3 5 4 5 5 5 6 5 7 5 8 5 9 6 0 6 1 6 2 6 3 6 4 6 5 6 6 6 7 6 8 6 9
q 26 0 8 0 9 1 8 1 9 2 8 2 9 3 8 3 9 4 8 4 9 5 8 5 9 6 8 6 9 7 8 7 9 8 8 8 9 9 8 9 9 10 8 10 9 11 8 11 9 12 8 12 9
q 48 12 4 12 5 12 6 12 7 12 8 12 9 12 10 12 11 12 12 12 13 12 14 12 15 13 4 13 5 13 6 13 7 13 8 13 9 13 10 13 11 13 12 13 13 13 14 13 15 14 4 14 5 14 6 14 7 14 8 14 9 14 10 14 11 14 12 14 13 14 14 14 15 15 4 15 5 15 6 15 7 15 8 15 9 15 10 15 11 15 12 15 13 15 14 15 15
q 36 7 0 7 1 7 2 7 3 7 4 7 5 7 6 7 7 7 8 7 9 7 10 7 11 8 0 8 1 8 2 8 3 8 4 8 5 8 6 8 7 8 8 8 9 8 10 8 11 9 0 9 1 9 2 9 3 9 4 9 5 9 6 9 7 9 8 9 9 9 10 9 11
q 64 2 0 2 1 2 2 2 3 2 4 2 5 2 6 2 7 2 8 2 9 2 10 2 11 2 12 2 13 2 14 2 15 3 0 3 1 3 2 3 3 3 4 3 5 3 6 3 7 3 8 3 9 3 10 3 11 3 12 3 13 3 14 3 15 4 0 4 1 4 2 4 3 4 4 4 5 4 6 4 7 4 8 4 9 4 10 4 11 4 12 4 13 4 14 4 15 5 0 5 1 5 2 5 3 5 4 5 5 5 6 5 7 5 8 5 9 5 10 5 11 5 12 5 13 5 14 5 15
q 27 2 0 2 1 2 2 3 0 3 1 3 2 4 0 4 1 4 2 5 0 5 1 5 2 6 0 6 1 6 2 7 0 7 1 7 2 8 0 8 1 8 2 9 0 9 1 9 2 10 0 10 1 10 2
q 36 0 5 0 6 0 7 0 8 0 9 0 10 0 11 0 12 0 13 1 5 1 6 1 7 1 8 1 9 1 10 1 11 1 12 1 13 2 5 2 6 2 7 2 8 2 9 2 10 2 11 2 12 2 13 3 5 3 6 3 7 3 8 3 9 3 10 3 11 3 12 3 13
q 48 6 2 6 3 6 4 6 5 6 6 6 7 6 8 6 9 7 2 7 3 7 4 7 5 7 6 7 7 7 8 7 9 8 2 8 3 8 4 8 5 8 6 8 7 8 8 8 9 9 2 9 3 9 4 9 5 9 6 9 7 9 8 9 9 10 2 10 3 10 4 10 5 10 6 10 7 10 8 10 9 11 2 11 3 11 4 11 5 11 6 11 7 11 8 11 9
q 49 4 0 4 1 4 2 4 3 4 4 4 5 4 6 5 0 5 1 5 2 5 3 5 4 5 5 5 6 6 0 6 1 6 2 6 3 6 4 6 5 6 6 7 0 7 1 7 2 7 3 7 4 7 5 7 6 8 0 8 1 8 2 8 3 8 4 8 5 8 6 9 0 9 1 9 2 9 3 9 4 9 5 9 6 10 0 10 1 10 2 10 3 10 4 10 5 10 6
q 48 3 2 3 3 3 4 3 5 3 6 3 7 4 2 4 3 4 4 4 5 4 6 4 7 5 2 5 3 5 4 5 5 5 6 5 7 6 2 6 3 6 4 6 5 6 6 6 7 7 2 7 3 7 4 7 5 7 6 7 7 8 2 8 3 8 4 8 5 8 6 8 7 9 2 9 3 9 4 9 5 9 6 9 7 10 2 10 3 10 4 10 5 10 6 10 7
q 4 6 1 6 2 7 1 7 2
q 30 9 10 9 11 9 12 9 13 9 14 10 10 10 11 10 12 10 13 10 14 11 10 11 11 11 12 11 13 11 14 12 10 12 11 12 12 12 13 12 14 13 10 13 11 13 12 13 13 13 14 14 10 14 11 14 12 14 13 14 14
q 30 0 3 0 4 1 3 1 4 2 3 2 4 3 3 3 4 4 3 4 4 5 3 5 4 6 3 6 4 7 3 7 4 8 3 8 4 9 3 9 4 10 3 10 4 11 3 11 4 12 3 12 4 13 3 13 4 14 3 14 4
q 12 8 12 8 13 8 14 8 15 9 12 9 13 9 14 9 15 10 12 10 13 10 14 10 15
q 44 5 7 5 8 5 9 5 10 6 7 6 8 6 9 6 10 7 7 7 8 7 9 7 10 8 7 8 8 8 9 8 10 9 7 9 8 9 9 9 10 10 7 10 8 10 9 10 10 11 7 11 8 11 9 11 10 12 7 12 8 12 9 12 10 13 7 13 8 13 9 13 10 14 7 14 8 14 9 14 10 15 7 15 8 15 9 15 10
q 33 3 4 3 5 3 6 4 4 4 5 4 6 5 4 5 5 5 6 6 4 6 5 6 6 7 4 7 5 7 6 8 4 8 5 8 6 9 4 9 5 9 6 10 4 10 5 10 6 11 4 11 5 11 6 12 4 12 5 12 6 13 4 13 5 13 6
q 60 9 1 9 2 9 3 9 4 9 5 9 6 9 7 9 8 9 9 9 10 9 11 9 12 9 13 9 14 9 15 10 1 10 2 10 3 10 4 10 5 10 6 10 7 10 8 10 9 10 10 10 11 10 12 10 13 10 14 10 15 11 1 11 2 11 3 11 4 11 5 11 6 11 7 11 8 11 9 11 10 11 11 11 12 11 13 11 14 11 15 12 1 12 2 12 3 12 4 12 5 12 6 12 7 12 8 12 9 12 10 12 11 12 12 12 13 12 14 12 15
q 16 8 5 8 6 8 7 8 8 8 9 8 10 8 11 8 12 9 5 9 6 9 7 9 8 9 9 9 10 9 11 9 12
q 24 7 4 7 5 7 6 7 7 7 8 7 9 7 10 7 11 8 4 8 5 8 6 8 7 8 8 8 9 8 10 8 11 9 4 9 5 9 6 9 7 9 8 9 9 9 10 9 11
q 56 2 2 2 3 2 4 2 5 2 6 2 7 2 8 3 2 3 3 3 4 3 5 3 6 3 7 3 8 4 2 4 3 4 4 4 5 4 6 4 7 4 8 5 2 5 3 5 4 5 5 5 6 5 7 5 8 6 2 6 3 6 4 6 5 6 6 6 7 6 8 7 2 7 3 7 4 7 5 7 6 7 7 7 8 8 2 8 3 8 4 8 5 8 6 8 7 8 8 9 2 9 3 9 4 9 5 9 6 9 7 9 8
q 12 0 8 0 9 0 10 0 11 1 8 1 9 1 10 1 11 2 8 2 9 2 10 2 11
q 56 9 0 9 1 9 2 9 3 9 4 9 5 9 6 9 7 9 8 9 9 9 10 9 11 9 12 9 13 10 0 10 1 10 2 10 3 10 4 10 5 10 6 10 7 10 8 10 9 10 10 10 11 10 12 10 13 11 0 11 1 11 2 11 3 11 4 11 5 11 6 11 7 11 8 11 9 11 10 11 11 11 12 11 13 12 0 12 1 12 2 12 3 12 4 12 5 12 6 12 7 12 8 12 9 12 10 12 11 12 12 12 13
q 7 1 4 1 5 1 6 1 7 1 8 1 9 1 10
q 8 2 4 3 4 4 4 5 4 6 4 7 4 8 4 9 4
q 13 1 0 2 0 3 0 4 0 5 0 6 0 7 0 8 0 9 0 10 0 11 0 12 0 13 0
q 5 4 2 4 3 4 4 4 5 4 6
q 32 3 12 3 13 3 14 3 15 4 12 4 13 4 14 4 15 5 12 5 13 5 14 5 15 6 12 6 13 6 14 6 15 7 12 7 13 7 14 7 15 8 12 8 13 8 14 8 15 9 12 9 13 9 14 9 15 10 12 10 13 10 14 10 15
q 24 12 7 12 8 12 9 12 10 12 11 12 12 13 7 13 8 13 9 13 10 13 11 13 12 14 7 14 8 14 9 14 10 14 11 14 12 15 7 15 8 15 9 15 10 15 11 15 12
q 42 0 2 0 3 0 4 0 5 0 6 0 7 0 8 0 9 0 10 0 11 0 12 0 13 0 14 0 15 1 2 1 3 1 4 1 5 1 6 1 7 1 8 1 9 1 10 1 11 1 12 1 13 1 14 1 15 2 2 2 3 2 4 2 5 2 6 2 7 2 8 2 9 2 10 2 11 2 12 2 13 2 14 2 15
q 33 13 3 13 4 13 5 13 6 13 7 13 8 13 9 13 10 13 11 13 12 13 13 14 3 14 4 14 5 14 6 14 7 14 8 14 9 14 10 14 11 14 12 14 13 15 3 15 4 15 5 15 6 15 7 15 8 15 9 15 10 15 11 15 12 15 13
q 64 3 2 3 3 3 4 3 5 3 6 3 7 3 8 3 9 4 2 4 3 4 4 4 5 4 6 4 7 4 8 4 9 5 2 5 3 5 4 5 5 5 6 5 7 5 8 5 9 6 2 6 3 6 4 6 5 6 6 6 7 6 8 6 9 7 2 7 3 7 4 7 5 7 6 7 7 7 8 7 9 8 2 8 3 8 4 8 5 8 6 8 7 8 8 8 9 9 2 9 3 9 4 9 5 9 6 9 7 9 8 9 9 10 2 10 3 10 4 10 5 10 6 10 7 10 8 10 9
q 32 0 3 0 4 1 3 1 4 2 3 2 4 3 3 3 4 4 3 4 4 5 3 5 4 6 3 6 4 7 3 7 4 8 3 8 4 9 3 9 4 10 3 10 4 11 3 11 4 12 3 12 4 13 3 13 4 14 3 14 4 15 3 15 4
q 16 2 9 2 10 3 9 3 10 4 9 4 10 5 9 5 10 6 9 6 10 7 9 7 10 8 9 8 10 9 9 9 10
q 24 3 12 3 13 3 14 4 12 4 13 4 14 5 12 5 13 5 14 6 12 6 13 6 14 7 12 7 13 7 14 8 12 8 13 8 14 9 12 9 13 9 14 10 12 10 13 10 14
q 6 1 5 2 5 3 5 4 5 5 5 6 5
q 60 1 1 1 2 1 3 1 4 1 5 1 6 1 7 1 8 1 9 1 10 2 1 2 2 2 3 2 4 2 5 2 6 2 7 2 8 2 9 2 10 3 1 3 2 3 3 3 4 3 5 3 6 3 7 3 8 3 9 3 10 4 1 4 2 4 3 4 4 4 5 4 6 4 7 4 8 4 9 4 10 5 1 5 2 5 3 5 4 5 5 5 6 5 7 5 8 5 9 5 10 6 1 6 2 6 3 6 4 6 5 6 6 6 7 6 8 6 9 6 10
q 48 1 0 1 1 1 2 1 3 1 4 1 5 1 6 1 7 2 0 2 1 2 2 2 3 2 4 2 5 2 6 2 7 3 0 3 1 3 2 3 3 3 4 3 5 3 6 3 7 4 0 4 1 4 2 4 3 4 4 4 5 4 6 4 7 5 0 5 1 5 2 5 3 5 4 5 5 5 6 5 7 6 0 6 1 6 2 6 3 6 4 6 5 6 6 6 7
q 48 1 5 1 6 1 7 1 8 1 9 1 10 1 11 1 12 2 5 2 6 2 7 2 8 2 9 2 10 2 11 2 12 3 5 3 6 3 7 3 8 3 9 3 10 3 11 3 12 4 5 4 6 4 7 4 8 4 9 4 10 4 11 4 12 5 5 5 6 5 7 5 8 5 9 5 10 5 11 5 12 6 5 6 6 6 7 6 8 6 9 6 10 6 11 6 12
q 36 5 0 5 1 5 2 5 3 6 0 6 1 6 2 6 3 7 0 7 1 7 2 7 3 8 0 8 1 8 2 8 3 9 0 9 1 9 2 9 3 10 0 10 1 10 2 10 3 11 0 11 1 11 2 11 3 12 0 12 1 12 2 12 3 13 0 13 1 13 2 13 3
q 6 10 1 10 2 10 3 11 1 11 2 11 3
q 50 2 1 2 2 2 3 2 4 2 5 2 6 2 7 2 8 2 9 2 10 3 1 3 2 3 3 3 4 3 5 3 6 3 7 3 8 3 9 3 10 4 1 4 2 4 3 4 4 4 5 4 6 4 7 4 8 4 9 4 10 5 1 5 2 5 3 5 4 5 5 5 6 5 7 5 8 5 9 5 10 6 1 6 2 6 3 6 4 6 5 6 6 6 7 6 8 6 9 6 10
q 10 9 3 9 4 9 5 9 6 9 7 9 8 9 9 9 10 9 11 9 12
q 56 0 7 0 8 0 9 0 10 1 7 1 8 1 9 1 10 2 7 2 8 2 9 2 10 3 7 3 8 3 9 3 10 4 7 4 8 4 9 4 10 5 7 5 8 5 9 5 10 6 7 6 8 6 9 6 10 7 7 7 8 7 9 7 10 8 7 8 8 8 9 8 10 9 7 9 8 9 9 9 10 10 7 10 8 10 9 10 10 11 7 11 8 11 9 11 10 12 7 12 8 12 9 12 10 13 7 13 8 13 9 13 10
q 6 5 2 5 3 5 4 5 5 5 6 5 7
q 36 4 4 4 5 4 6 4 7 4 8 4 9 5 4 5 5 5 6 5 7 5 8 5 9 6 4 6 5 6 6 6 7 6 8 6 9 7 4 7 5 7 6 7 7 7 8 7 9 8 4 8 5 8 6 8 7 8 8 8 9 9 4 9 5 9 6 9 7 9 8 9 9
q 48 5 10 5 11 5 12 5 13 5 14 5 15 6 10 6 11 6 12 6 13 6 14 6 15 7 10 7 11 7 12 7 13 7 14 7 15 8 10 8 11 8 12 8 13 8 14 8 15 9 10 9 11 9 12 9 13 9 14 9 15 10 10 10 11 10 12 10 13 10 14 10 15 11 10 11 11 11 12 11 13 11 14 11 15 12 10 12 11 12 12 12 13 12 14 12 15
q 21 8 11 8 12 8 13 9 11 9 12 9 13 10 11 10 12 10 13 11 11 11 12 11 13 12 11 12 12 12 13 13 11 13 12 13 13 14 11 14 12 14 13
q 36 3 2 3 3 3 4 3 5 3 6 3 7 3 8 3 9 3 10 3 11 3 12 3 13 4 2 4 3 4 4 4 5 4 6 4 7 4 8 4 9 4 10 4 11 4 12 4 13 5 2 5 3 5 4 5 5 5 6 5 7 5 8 5 9 5 10 5 11 5 12 5 13
q 24 3 6 3 7 4 6 4 7 5 6 5 7 6 6 6 7 7 6 7 7 8 6 8 7 9 6 9 7 10 6 10 7 11 6 11 7 12 6 12 7 13 6 13 7 14 6 14 7
q 54 10 3 10 4 10 5 10 6 10 7 10 8 10 9 10 10 10 11 11 3 11 4 11 5 11 6 11 7 11 8 11 9 11 10 11 11 12 3 12 4 12 5 12 6 12 7 12 8 12 9 12 10 12 11 13 3 13 4 13 5 13 6 13 7 13 8 13 9 13 10 13 11 14 3 14 4 14 5 14 6 14 7 14 8 14 9 14 10 14 11 15 3 15 4 15 5 15 6 15 7 15 8 15 9 15 10 15 11
q 45 0 8 0 9 0 10 1 8 1 9 1 10 2 8 2 9 2 10 3 8 3 9 3 10 4 8 4 9 4 10 5 8 5 9 5 10 6 8 6 9 6 10 7 8 7 9 7 10 8 8 8 9 8 10 9 8 9 9 9 10 10 8 10 9 10 10 11 8 11 9 11 10 12 8 12 9 12 10 13 8 13 9 13 10 14 8 14 9 14 10
q 56 1 2 1 3 1 4 1 5 1 6 1 7 1 8 2 2 2 3 2 4 2 5 2 6 2 7 2 8 3 2 3 3 3 4 3 5 3 6 3 7 3 8 4 2 4 3 4 4 4 5 4 6 4 7 4 8 5 2 5 3 5 4 5 5 5 6 5 7 5 8 6 2 6 3 6 4 6 5 6 6 6 7 6 8 7 2 7 3 7 4 7 5 7 6 7 7 7 8 8 2 8 3 8 4 8 5 8 6 8 7 8 8
q 24 10 5 10 6 10 7 10 8 10 9 10 10 11 5 11 6 11 7 11 8 11 9 11 10 12 5 12 6 12 7 12 8 12 9 12 10 13 5 13 6 13 7 13 8 13 9 13 10
q 40 2 8 2 9 2 10 2 11 2 12 2 13 2 14 2 15 3 8 3 9 3 10 3 11 3 12 3 13 3 14 3 15 4 8 4 9 4 10 4 11 4 12 4 13 4 14 4 15 5 8 5 9 5 10 5 11 5 12 5 13 5 14 5 15 6 8 6 9 6 10 6 11 6 12 6 13 6 14 6 15
q 16 6 0 6 1 6 2 6 3 6 4 6 5 6 6 6 7 6 8 6 9 6 10 6 11 6 12 6 13 6 14 6 15
q 60 1 3 1 4 1 5 1 6 1 7 1 8 1 9 1 10 1 11 1 12 1 13 1 14 2 3 2 4 2 5 2 6 2 7 2 8 2 9 2 10 2 11 2 12 2 13 2 14 3 3 3 4 3 5 3 6 3 7 3 8 3 9 3 10 3 11 3 12 3 13 3 14 4 3 4 4 4 5 4 6 4 7 4 8 4 9 4 10 4 11 4 12 4 13 4 14 5 3 5 4 5 5 5 6 5 7 5 8 5 9 5 10 5 11 5 12 5 13 5 14
q 30 1 6 1 7 1 8 2 6 2 7 2 8 3 6 3 7 3 8 4 6 4 7 4 8 5 6 5 7 5 8 6 6 6 7 6 8 7 6 7 7 7 8 8 6 8 7 8 8 9 6 9 7 9 8 10 6 10 7 10 8
q 35 4 3 4 4 4 5 4 6 4 7 4 8 4 9 5 3 5 4 5 5 5 6 5 7 5 8 5 9 6 3 6 4 6 5 6 6 6 7 6 8 6 9 7 3 7 4 7 5 7 6 7 7 7 8 7 9 8 3 8 4 8 5 8 6 8 7 8 8 8 9
q 10 4 10 5 10 6 10 7 10 8 10 9 10 10 10 11 10 12 10 13 10
q 26 2 12 2 13 3 12 3 13 4 12 4 13 5 12 5 13 6 12 6 13 7 12 7 13 8 12 8 13 9 12 9 13 10 12 10 13 11 12 11 13 12 12 12 13 13 12 13 13 14 12 14 13
q 60 3 2 3 3 3 4 3 5 3 6 3 7 3 8 3 9 3 10 3 11 3 12 3 13 4 2 4 3 4 4 4 5 4 6 4 7 4 8 4 9 4 10 4 11 4 12 4 13 5 2 5 3 5 4 5 5 5 6 5 7 5 8 5 9 5 10 5 11 5 12 5 13 6 2 6 3 6 4 6 5 6 6 6 7 6 8 6 9 6 10 6 11 6 12 6 13 7 2 7 3 7 4 7 5 7 6 7 7 7 8 7 9 7 10 7 11 7 12 7 13
q 16 1 14 1 15 2 14 2 15 3 14 3 15 4 14 4 15 5 14 5 15 6 14 6 15 7 14 7 15 8 14 8 15
q 12 9 7 9 8 9 9 10 7 10 8 10 9 11 7 11 8 11 9 12 7 12 8 12 9
q 60 8 2 8 3 8 4 8 5 8 6 8 7 8 8 8 9 8 10 8 11 9 2 9 3 9 4 9 5 9 6 9 7 9 8 9 9 9 10 9 11 10 2 10 3 10 4 10 5 10 6 10 7 10 8 10 9 10 10 10 11 11 2 11 3 11 4 11 5 11 6 11 7 11 8 11 9 11 10 11 11 12 2 12 3 12 4 12 5 12 6 12 7 12 8 12 9 12 10 12 11 13 2 13 3 13 4 13 5 13 6 13 7 13 8 13 9 13 10 13 11
q 18 10 2 10 3 10 4 11 2 11 3 11 4 12 2 12 3 12 4 13 2 13 3 13 4 14 2 14 3 14 4 15 2 15 3 15 4
q 36 2 13 2 14 2 15 3 13 3 14 3 15 4 13 4 14 4 15 5 13 5 14 5 15 6 13 6 14 6 15 7 13 7 14 7 15 8 13 8 14 8 15 9 13 9 14 9 15 10 13 10 14 10 15 11 13 11 14 11 15 12 13 12 14 12 15 13 13 13 14 13 15
q 7 3 7 3 8 3 9 3 10 3 11 3 12 3 13
q 4 10 7 11 7 12 7 13 7
q 24 11 8 11 9 11 10 11 11 11 12 11 13 11 14 11 15 12 8 12 9 12 10 12 11 12 12 12 13 12 14 12 15 13 8 13 9 13 10 13 11 13 12 13 13 13 14 13 15
q 6 9 13 9 14 10 13 10 14 11 13 11 14
q 63 5 0 5 1 5 2 5 3 5 4 5 5 5 6 6 0 6 1 6 2 6 3 6 4 6 5 6 6 7 0 7 1 7 2 7 3 7 4 7 5 7 6 8 0 8 1 8 2 8 3 8 4 8 5 8 6 9 0 9 1 9 2 9 3 9 4 9 5 9 6 10 0 10 1 10 2 10 3 10 4 10 5 10 6 11 0 11 1 11 2 11 3 11 4 11 5 11 6 12 0 12 1 12 2 12 3 12 4 12 5 12 6 13 0 13 1 13 2 13 3 13 4 13 5 13 6
q 32 0 1 0 2 1 1 1 2 2 1 2 2 3 1 3 2 4 1 4 2 5 1 5 2 6 1 6 2 7 1 7 2 8 1 8 2 9 1 9 2 10 1 10 2 11 1 11 2 12 1 12 2 13 1 13 2 14 1 14 2 15 1 15 2
q 44 4 10 4 11 4 12 4 13 5 10 5 11 5 12 5 13 6 10 6 11 6 12 6 13 7 10 7 11 7 12 7 13 8 10 8 11 8 12 8 13 9 10 9 11 9 12 9 13 10 10 10 11 10 12 10 13 11 10 11 11 11 12 11 13 12 10 12 11 12 12 12 13 13 10 13 11 13 12 13 13 14 10 14 11 14 12 14 13
q 21 9 7 9 8 9 9 10 7 10 8 10 9 11 7 11 8 11 9 12 7 12 8 12 9 13 7 13 8 13 9 14 7 14 8 14 9 15 7 15 8 15 9
q 8 1 0 1 1 1 2 1 3 1 4 1 5 1 6 1 7
q 36 3 5 3 6 3 7 3 8 3 9 3 10 4 5 4 6 4 7 4 8 4 9 4 10 5 5 5 6 5 7 5 8 5 9 5 10 6 5 6 6 6 7 6 8 6 9 6 10 7 5 7 6 7 7 7 8 7 9 7 10 8 5 8 6 8 7 8 8 8 9 8 10
q 4 11 6 11 7 12 6 12 7
q 15 6 4 6 5 6 6 7 4 7 5 7 6 8 4 8 5 8 6 9 4 9 5 9 6 10 4 10 5 10 6
q 20 0 5 0 6 1 5 1 6 2 5 2 6 3 5 3 6 4 5 4 6 5 5 5 6 6 5 6 6 7 5 7 6 8 5 8 6 9 5 9 6
q 54 10 4 10 5 10 6 10 7 10 8 10 9 10 10 10 11 10 12 11 4 11 5 11 6 11 7 11 8 11 9 11 10 11 11 11 12 12 4 12 5 12 6 12 7 12 8 12 9 12 10 12 11 12 12 13 4 13 5 13 6 13 7 13 8 13 9 13 10 13 11 13 12 14 4 14 5 14 6 14 7 14 8 14 9 14 10 14 11 14 12 15 4 15 5 15 6 15 7 15 8 15 9 15 10 15 11 15 12
q 36 6 7 6 8 6 9 6 10 7 7 7 8 7 9 7 10 8 7 8 8 8 9 8 10 9 7 9 8 9 9 9 10 10 7 10 8 10 9 10 10 11 7 11 8 11 9 11 10 12 7 12 8 12 9 12 10 13 7 13 8 13 9 13 10 14 7 14 8 14 9 14 10
q 39 1 11 1 12 1 13 2 11 2 12 2 13 3 11 3 12 3 13 4 11 4 12 4 13 5 11 5 12 5 13 6 11 6 12 6 13 7 11 7 12 7 13 8 11 8 12 8 13 9 11 9 12 9 13 10 11 10 12 10 13 11 11 11 12 11 13 12 11 12 12 12 13 13 11 13 12 13 13
q 3 4 12 5 12 6 12
q 30 1 10 1 11 2 10 2 11 3 10 3 11 4 10 4 11 5 10 5 11 6 10 6 11 7 10 7 11 8 10 8 11 9 10 9 11 10 10 10 11 11 10 11 11 12 10 12 11 13 10 13 11 14 10 14 11 15 10 15 11
q 55 5 5 5 6 5 7 5 8 5 9 6 5 6 6 6 7 6 8 6 9 7 5 7 6 7 7 7 8 7 9 8 5 8 6 8 7 8 8 8 9 9 5 9 6 9 7 9 8 9 9 10 5 10 6 10 7 10 8 10 9 11 5 11 6 11 7 11 8 11 9 12 5 12 6 12 7 12 8 12 9 13 5 13 6 13 7 13 8 13 9 14 5 14 6 14 7 14 8 14 9 15 5 15 6 15 7 15 8 15 9
q 64 4 0 4 1 4 2 4 3 4 4 4 5 4 6 4 7 4 8 4 9 4 10 4 11 4 12 4 13 4 14 4 15 5 0 5 1 5 2 5 3 5 4 5 5 5 6 5 7 5 8 5 9 5 10 5 11 5 12 5 13 5 14 5 15 6 0 6 1 6 2 6 3 6 4 6 5 6 6 6 7 6 8 6 9 6 10 6 11 6 12 6 13 6 14 6 15 7 0 7 1 7 2 7 3 7 4 7 5 7 6 7 7 7 8 7 9 7 10 7 11 7 12 7 13 7 14 7 15
q 10 2 10 2 11 3 10 3 11 4 10 4 11 5 10 5 11 6 10 6 11
q 9 6 7 6 8 6 9 6 10 6 11 6 12 6 13 6 14 6 15
q 20 8 7 8 8 8 9 8 10 8 11 9 7 9 8 9 9 9 10 9 11 10 7 10 8 10 9 10 10 10 11 11 7 11 8 11 9 11 10 11 11
q 44 1 3 1 4 1 5 1 6 1 7 1 8 1 9 1 10 1 11 1 12 1 13 2 3 2 4 2 5 2 6 2 7 2 8 2 9 2 10 2 11 2 12 2 13 3 3 3 4 3 5 3 6 3 7 3 8 3 9 3 10 3 11 3 12 3 13 4 3 4 4 4 5 4 6 4 7 4 8 4 9 4 10 4 11 4 12 4 13
q 48 8 2 8 3 8 4 8 5 8 6 8 7 8 8 8 9 8 10 8 11 8 12 8 13 9 2 9 3 9 4 9 5 9 6 9 7 9 8 9 9 9 10 9 11 9 12 9 13 10 2 10 3 10 4 10 5 10 6 10 7 10 8 10 9 10 10 10 11 10 12 10 13 11 2 11 3 11 4 11 5 11 6 11 7 11 8 11 9 11 10 11 11 11 12 11 13
q 7 6 10 7 10 8 10 9 10 10 10 11 10 12 10
q 1 14 8
q 45 10 0 10 1 10 2 10 3 10 4 10 5 10 6 10 7 10 8 10 9 10 10 10 11 10 12 10 13 10 14 11 0 11 1 11 2 11 3 11 4 11 5 11 6 11 7 11 8 11 9 11 10 11 11 11 12 11 13 11 14 12 0 12 1 12 2 12 3 12 4 12 5 12 6 12 7 12 8 12 9 12 10 12 11 12 12 12 13 12 14
q 40 1 5 1 6 1 7 1 8 2 5 2 6 2 7 2 8 3 5 3 6 3 7 3 8 4 5 4 6 4 7 4 8 5 5 5 6 5 7 5 8 6 5 6 6 6 7 6 8 7 5 7 6 7 7 7 8 8 5 8 6 8 7 8 8 9 5 9 6 9 7 9 8 10 5 10 6 10 7 10 8
q 14 1 1 1 2 1 3 1 4 1 5 1 6 1 7 1 8 1 9 1 10 1 11 1 12 1 13 1 14
q 44 2 7 2 8 2 9 2 10 3 7 3 8 3 9 3 10 4 7 4 8 4 9 4 10 5 7 5 8 5 9 5 10 6 7 6 8 6 9 6 10 7 7 7 8 7 9 7 10 8 7 8 8 8 9 8 10 9 7 9 8 9 9 9 10 10 7 10 8 10 9 10 10 11 7 11 8 11 9 11 10 12 7 12 8 12 9 12 10
q 15 4 7 4 8 4 9 5 7 5 8 5 9 6 7 6 8 6 9 7 7 7 8 7 9 8 7 8 8 8 9
q 36 0 7 0 8 0 9 0 10 0 11 0 12 0 13 0 14 0 15 1 7 1 8 1 9 1 10 1 11 1 12 1 13 1 14 1 15 2 7 2 8 2 9 2 10 2 11 2 12 2 13 2 14 2 15 3 7 3 8 3 9 3 10 3 11 3 12 3 13 3 14 3 15
q 24 6 13 6 14 6 15 7 13 7 14 7 15 8 13 8 14 8 15 9 13 9 14 9 15 10 13 10 14 10 15 11 13 11 14 11 15 12 13 12 14 12 15 13 13 13 14 13 15
q 7 4 0 4 1 4 2 4 3 4 4 4 5 4 6
q 40 1 0 1 1 1 2 1 3 1 4 2 0 2 1 2 2 2 3 2 4 3 0 3 1 3 2 3 3 3 4 4 0 4 1 4 2 4 3 4 4 5 0 5 1 5 2 5 3 5 4 6 0 6 1 6 2 6 3 6 4 7 0 7 1 7 2 7 3 7 4 8 0 8 1 8 2 8 3 8 4
q 20 0 1 0 2 0 3 0 4 1 1 1 2 1 3 1 4 2 1 2 2 2 3 2 4 3 1 3 2 3 3 3 4 4 1 4 2 4 3 4 4
q 56 0 7 0 8 0 9 0 10 0 11 0 12 0 13 0 14 1 7 1 8 1 9 1 10 1 11 1 12 1 13 1 14 2 7 2 8 2 9 2 10 2 11 2 12 2 13 2 14 3 7 3 8 3 9 3 10 3 11 3 12 3 13 3 14 4 7 4 8 4 9 4 10 4 11 4 12 4 13 4 14 5 7 5 8 5 9 5 10 5 11 5 12 5 13 5 14 6 7 6 8 6 9 6 10 6 11 6 12 6 13 6 14
q 16 15 0 15 1 15 2 15 3 15 4 15 5 15 6 15 7 15 8 15 9 15 10 15 11 15 12 15 13 15 14 15 15
q 60 0 10 0 11 0 12 0 13 1 10 1 11 1 12 1 13 2 10 2 11 2 12 2 13 3 10 3 11 3 12 3 13 4 10 4 11 4 12 4 13 5 10 5 11 5 12 5 13 6 10 6 11 6 12 6 13 7 10 7 11 7 12 7 13 8 10 8 11 8 12 8 13 9 10 9 11 9 12 9 13 10 10 10 11 10 12 10 13 11 10 11 11 11 12 11 13 12 10 12 11 12 12 12 13 13 10 13 11 13 12 13 13 14 10 14 11 14 12 14 13
q 30 9 2 9 3 9 4 9 5 9 6 9 7 9 8 9 9 9 10 9 11 10 2 10 3 10 4 10 5 10 6 10 7 10 8 10 9 10 10 10 11 11 2 11 3 11 4 11 5 11 6 11 7 11 8 11 9 11 10 11 11
q 11 1 12 2 12 3 12 4 12 5 12 6 12 7 12 8 12 9 12 10 12 11 12
q 35 1 5 1 6 1 7 1 8 1 9 2 5 2 6 2 7 2 8 2 9 3 5 3 6 3 7 3 8 3 9 4 5 4 6 4 7 4 8 4 9 5 5 5 6 5 7 5 8 5 9 6 5 6 6 6 7 6 8 6 9 7 5 7 6 7 7 7 8 7 9
q 8 4 12 5 12 6 12 7 12 8 12 9 12 10 12 11 12
q 42 1 10 1 11 1 12 1 13 1 14 1 15 2 10 2 11 2 12 2 13 2 14 2 15 3 10 3 11 3 12 3 13 3 14 3 15 4 10 4 11 4 12 4 13 4 14 4 15 5 10 5 11 5 12 5 13 5 14 5 15 6 10 6 11 6 12 6 13 6 14 6 15 7 10 7 11 7 12 7 13 7 14 7 15
q 35 2 9 2 10 2 11 2 12 2 13 3 9 3 10 3 11 3 12 3 13 4 9 4 10 4 11 4 12 4 13 5 9 5 10 5 11 5 12 5 13 6 9 6 10 6 11 6 12 6 13 7 9 7 10 7 11 7 12 7 13 8 9 8 10 8 11 8 12 8 13
q 26 5 0 5 1 5 2 5 3 5 4 5 5 5 6 5 7 5 8 5 9 5 10 5 11 5 12 6 0 6 1 6 2 6 3 6 4 6 5 6 6 6 7 6 8 6 9 6 10 6 11 6 12
q 33 0 13 0 14 0 15 1 13 1 14 1 15 2 13 2 14 2 15 3 13 3 14 3 15 4 13 4 14 4 15 5 13 5 14 5 15 6 13 6 14 6 15 7 13 7 14 7 15 8 13 8 14 8 15 9 13 9 14 9 15 10 13 10 14 10 15
q 48 8 4 8 5 8 6 8 7 8 8 8 9 8 10 8 11 9 4 9 5 9 6 9 7 9 8 9 9 9 10 9 11 10 4 10 5 10 6 10 7 10 8 10 9 10 10 10 11 11 4 11 5 11 6 11 7 11 8 11 9 11 10 11 11 12 4 12 5 12 6 12 7 12 8 12 9 12 10 12 11 13 4 13 5 13 6 13 7 13 8 13 9 13 10 13 11
q 50 7 2 7 3 7 4 7 5 7 6 7 7 7 8 7 9 7 10 7 11 8 2 8 3 8 4 8 5 8 6 8 7 8 8 8 9 8 10 8 11 9 2 9 3 9 4 9 5 9 6 9 7 9 8 9 9 9 10 9 11 10 2 10 3 10 4 10 5 10 6 10 7 10 8 10 9 10 10 10 11 11 2 11 3 11 4 11 5 11 6 11 7 11 8 11 9 11 10 11 11
q 10 4 5 5 5 6 5 7 5 8 5 9 5 10 5 11 5 12 5 13 5
q 50 2 0 2 1 2 2 2 3 2 4 3 0 3 1 3 2 3 3 3 4 4 0 4 1 4 2 4 3 4 4 5 0 5 1 5 2 5 3 5 4 6 0 6 1 6 2 6 3 6 4 7 0 7 1 7 2 7 3 7 4 8 0 8 1 8 2 8 3 8 4 9 0 9 1 9 2 9 3 9 4 10 0 10 1 10 2 10 3 10 4 11 0 11 1 11 2 11 3 11 4
q 16 3 7 3 8 3 9 3 10 3 11 3 12 3 13 3 14 4 7 4 8 4 9 4 10 4 11 4 12 4 13 4 14
q 40 6 1 6 2 6 3 6 4 6 5 7 1 7 2 7 3 7 4 7 5 8 1 8 2 8 3 8 4 8 5 9 1 9 2 9 3 9 4 9 5 10 1 10 2 10 3 10 4 10 5 11 1 11 2 11 3 11 4 11 5 12 1 12 2 12 3 12 4 12 5 13 1 13 2 13 3 13 4 13 5
q 28 2 6 2 7 2 8 2 9 2 10 2 11 2 12 3 6 3 7 3 8 3 9 3 10 3 11 3 12 4 6 4 7 4 8 4 9 4 10 4 11 4 12 5 6 5 7 5 8 5 9 5 10 5 11 5 12
q 9 4 4 4 5 4 6 4 7 4 8 4 9 4 10 4 11 4 12
q 49 9 8 9 9 9 10 9 11 9 12 9 13 9 14 10 8 10 9 10 10 10 11 10 12 10 13 10 14 11 8 11 9 11 10 11 11 11 12 11 13 11 14 12 8 12 9 12 10 12 11 12 12 12 13 12 14 13 8 13 9 13 10 13 11 13 12 13 13 13 14 14 8 14 9 14 10 14 11 14 12 14 13 14 14 15 8 15 9 15 10 15 11 15 12 15 13 15 14
q 11 9 5 9 6 9 7 9 8 9 9 9 10 9 11 9 12 9 13 9 14 9 15
q 39 1 2 1 3 1 4 2 2 2 3 2 4 3 2 3 3 3 4 4 2 4 3 4 4 5 2 5 3 5 4 6 2 6 3 6 4 7 2 7 3 7 4 8 2 8 3 8 4 9 2 9 3 9 4 10 2 10 3 10 4 11 2 11 3 11 4 12 2 12 3 12 4 13 2 13 3 13 4
q 45 0 1 0 2 0 3 0 4 0 5 0 6 0 7 0 8 0 9 0 10 0 11 0 12 0 13 0 14 0 15 1 1 1 2 1 3 1 4 1 5 1 6 1 7 1 8 1 9 1 10 1 11 1 12 1 13 1 14 1 15 2 1 2 2 2 3 2 4 2 5 2 6 2 7 2 8 2 9 2 10 2 11 2 12 2 13 2 14 2 15
q 64 4 0 4 1 4 2 4 3 4 4 4 5 4 6 4 7 4 8 4 9 4 10 4 11 4 12 4 13 4 14 4 15 5 0 5 1 5 2 5 3 5 4 5 5 5 6 5 7 5 8 5 9 5 10 5 11 5 12 5 13 5 14 5 15 6 0 6 1 6 2 6 3 6 4 6 5 6 6 6 7 6 8 6 9 6 10 6 11 6 12 6 13 6 14 6 15 7 0 7 1 7 2 7 3 7 4 7 5 7 6 7 7 7 8 7 9 7 10 7 11 7 12 7 13 7 14 7 15
q 9 5 1 5 2 5 3 5 4 5 5 5 6 5 7 5 8 5 9
q 49 5 0 5 1 5 2 5 3 5 4 5 5 5 6 6 0 6 1 6 2 6 3 6 4 6 5 6 6 7 0 7 1 7 2 7 3 7 4 7 5 7 6 8 0 8 1 8 2 8 3 8 4 8 5 8 6 9 0 9 1 9 2 9 3 9 4 9 5 9 6 10 0 10 1 10 2 10 3 10 4 10 5 10 6 11 0 11 1 11 2 11 3 11 4 11 5 11 6
q 30 7 4 7 5 7 6 7 7 7 8 7 9 7 10 7 11 7 12 7 13 8 4 8 5 8 6 8 7 8 8 8 9 8 10 8 11 8 12 8 13 9 4 9 5 9 6 9 7 9 8 9 9 9 10 9 11 9 12 9 13
q 25 5 8 5 9 5 10 5 11 5 12 6 8 6 9 6 10 6 11 6 12 7 8 7 9 7 10 7 11 7 12 8 8 8 9 8 10 8 11 8 12 9 8 9 9 9 10 9 11 9 12
q 13 2 5 3 5 4 5 5 5 6 5 7 5 8 5 9 5 10 5 11 5 12 5 13 5 14 5
q 14 0 15 1 15 2 15 3 15 4 15 5 15 6 15 7 15 8 15 9 15 10 15 11 15 12 15 13 15
q 26 3 0 3 1 3 2 3 3 3 4 3 5 3 6 3 7 3 8 3 9 3 10 3 11 3 12 4 0 4 1 4 2 4 3 4 4 4 5 4 6 4 7 4 8 4 9 4 10 4 11 4 12
q 39 7 3 7 4 7 5 7 6 7 7 7 8 7 9 7 10 7 11 7 12 7 13 7 14 7 15 8 3 8 4 8 5 8 6 8 7 8 8 8 9 8 10 8 11 8 12 8 13 8 14 8 15 9 3 9 4 9 5 9 6 9 7 9 8 9 9 9 10 9 11 9 12 9 13 9 14 9 15
q 15 8 0 8 1 8 2 8 3 8 4 9 0 9 1 9 2 9 3 9 4 10 0 10 1 10 2 10 3 10 4
q 10 4 5 5 5 6 5 7 5 8 5 9 5 10 5 11 5 12 5 13 5
q 56 0 2 0 3 0 4 0 5 1 2 1 3 1 4 1 5 2 2 2 3 2 4 2 5 3 2 3 3 3 4 3 5 4 2 4 3 4 4 4 5 5 2 5 3 5 4 5 5 6 2 6 3 6 4 6 5 7 2 7 3 7 4 7 5 8 2 8 3 8 4 8 5 9 2 9 3 9 4 9 5 10 2 10 3 10 4 10 5 11 2 11 3 11 4 11 5 12 2 12 3 12 4 12 5 13 2 13 3 13 4 13 5
q 56 8 4 8 5 8 6 8 7 8 8 8 9 8 10 9 4 9 5 9 6 9 7 9 8 9 9 9 10 10 4 10 5 10 6 10 7 10 8 10 9 10 10 11 4 11 5 11 6 11 7 11 8 11 9 11 10 12 4 12 5 12 6 12 7 12 8 12 9 12 10 13 4 13 5 13 6 13 7 13 8 13 9 13 10 14 4 14 5 14 6 14 7 14 8 14 9 14 10 15 4 15 5 15 6 15 7 15 8 15 9 15 10
q 10 2 8 3 8 4 8 5 8 6 8 7 8 8 8 9 8 10 8 11 8
q 60 2 5 2 6 2 7 2 8 2 9 2 10 3 5 3 6 3 7 3 8 3 9 3 10 4 5 4 6 4 7 4 8 4 9 4 10 5 5 5 6 5 7 5 8 5 9 5 10 6 5 6 6 6 7 6 8 6 9 6 10 7 5 7 6 7 7 7 8 7 9 7 10 8 5 8 6 8 7 8 8 8 9 8 10 9 5 9 6 9 7 9 8 9 9 9 10 10 5 10 6 10 7 10 8 10 9 10 10 11 5 11 6 11 7 11 8 11 9 11 10
q 8 0 5 0 6 1 5 1 6 2 5 2 6 3 5 3 6
q 2 7 13 8 13
q 3 13 5 13 6 13 7
q 12 5 9 5 10 5 11 6 9 6 10 6 11 7 9 7 10 7 11 8 9 8 10 8 11
q 45 0 7 0 8 0 9 0 10 0 11 0 12 0 13 0 14 0 15 1 7 1 8 1 9 1 10 1 11 1 12 1 13 1 14 1 15 2 7 2 8 2 9 2 10 2 11 2 12 2 13 2 14 2 15 3 7 3 8 3 9 3 10 3 11 3 12 3 13 3 14 3 15 4 7 4 8 4 9 4 10 4 11 4 12 4 13 4 14 4 15
q 27 0 8 0 9 0 10 1 8 1 9 1 10 2 8 2 9 2 10 3 8 3 9 3 10 4 8 4 9 4 10 5 8 5 9 5 10 6 8 6 9 6 10 7 8 7 9 7 10 8 8 8 9 8 10
q 28 2 2 2 3 2 4 2 5 2 6 2 7 2 8 2 9 2 10 2 11 2 12 2 13 2 14 2 15 3 2 3 3 3 4 3 5 3 6 3 7 3 8 3 9 3 10 3 11 3 12 3 13 3 14 3 15
q 48 1 5 1 6 1 7 1 8 2 5 2 6 2 7 2 8 3 5 3 6 3 7 3 8 4 5 4 6 4 7 4 8 5 5 5 6 5 7 5 8 6 5 6 6 6 7 6 8 7 5 7 6 7 7 7 8 8 5 8 6 8 7 8 8 9 5 9 6 9 7 9 8 10 5 10 6 10 7 10 8 11 5 11 6 11 7 11 8 12 5 12 6 12 7 12 8
q 20 2 7 2 8 2 9 2 10 3 7 3 8 3 9 3 10 4 7 4 8 4 9 4 10 5 7 5 8 5 9 5 10 6 7 6 8 6 9 6 10
q 52 0 10 0 11 0 12 0 13 1 10 1 11 1 12 1 13 2 10 2 11 2 12 2 13 3 10 3 11 3 12 3 13 4 10 4 11 4 12 4 13 5 10 5 11 5 12 5 13 6 10 6 11 6 12 6 13 7 10 7 11 7 12 7 13 8 10 8 11 8 12 8 13 9 10 9 11 9 12 9 13 10 10 10 11 10 12 10 13 11 10 11 11 11 12 11 13 12 10 12 11 12 12 12 13
q 1 2 4
q 1 3 2
q 1 3 3
q 1 3 4
q 1 3 5
q 1 3 7
q 1 3 8
q 1 3 9
q 1 3 10
q 1 4 5
q 1 4 7
q 1 4 8
q 1 4 9
q 1 4 10
q 1 5 5
q 1 5 6
q 1 5 7
q 1 5 8
q 1 5 9
q 1 6 5
q 1 6 6
q 1 6 7
q 1 7 6
q 1 7 7
q 1 8 7
q 1 9 7
q 1 9 12
q 1 9 13
q 1 10 12
q 1 10 13
q 1 11 8
q 1 11 9
q 1 11 10
q 1 11 11
q 1 11 12
q 1 11 13
q 1 11 14
q 1 12 7
q 1 12 8
q 1 12 9
q 1 12 11
q 1 12 12
q 1 12 13
q 1 12 14
q 1 13 7
q 1 13 9
q 1 13 11
q 1 14 9
q 1 14 10
q 1 14 11
q 1 15 10
q 1 1 4
q 1 2 3
q 1 2 5
q 1 2 2
q 1 3 1
q 1 4 2
q 1 4 3
q 1 4 4
q 1 3 6
q 1 2 7
q 1 2 8
q 1 2 9
q 1 2 10
q 1 3 11
q 1 4 6
q 1 5 10
q 1 4 11
q 1 5 4
q 1 6 8
q 1 6 9
q 1 6 4
q 1 7 5
q 1 8 6
q 1 7 8
q 1 8 8
q 1 9 6
q 1 10 7
q 1 9 8
q 1 8 12
q 1 9 11
q 1 8 13
q 1 9 14
q 1 10 11
q 1 10 14
q 1 10 8
q 1 11 7
q 1 10 9
q 1 10 10
q 1 12 10
q 1 11 15
q 1 12 6
q 1 13 8
q 1 13 12
q 1 13 13
q 1 13 14
q 1 12 15
q 1 13 6
q 1 14 7
q 1 13 10
q 1 14 8
q 1 15 9
q 1 15 11
q 1 14 12
a 51 2 4 3 2 3 3 3 4 3 5 3 7 3 8 3 9 3 10 4 5 4 7 4 8 4 9 4 10 5 5 5 6 5 7 5 8 5 9 6 5 6 6 6 7 7 6 7 7 8 7 9 7 9 12 9 13 10 12 10 13 11 8 11 9 11 10 11 11 11 12 11 13 11 14 12 7 12 8 12 9 12 11 12 12 12 13 12 14 13 7 13 9 13 11 14 9 14 10 14 11 15 10 
