q 44 3 1 3 2 3 3 3 4 3 5 3 6 3 7 3 8 3 9 3 10 3 11 4 1 4 2 4 3 4 4 4 5 4 6 4 7 4 8 4 9 4 10 4 11 5 1 5 2 5 3 5 4 5 5 5 6 5 7 5 8 5 9 5 10 5 11 6 1 6 2 6 3 6 4 6 5 6 6 6 7 6 8 6 9 6 10 6 11
q 55 4 1 4 2 4 3 4 4 4 5 4 6 4 7 4 8 4 9 4 10 4 11 5 1 5 2 5 3 5 4 5 5 5 6 5 7 5 8 5 9 5 10 5 11 6 1 6 2 6 3 6 4 6 5 6 6 6 7 6 8 6 9 6 10 6 11 7 1 7 2 7 3 7 4 7 5 7 6 7 7 7 8 7 9 7 10 7 11 8 1 8 2 8 3 8 4 8 5 8 6 8 7 8 8 8 9 8 10 8 11
q 39 0 8 0 9 0 10 1 8 1 9 1 10 2 8 2 9 2 10 3 8 3 9 3 10 4 8 4 9 4 10 5 8 5 9 5 10 6 8 6 9 6 10 7 8 7 9 7 10 8 8 8 9 8 10 9 8 9 9 9 10 10 8 10 9 10 10 11 8 11 9 11 10 12 8 12 9 12 10
q 56 0 5 0 6 0 7 0 8 0 9 0 10 0 11 0 12 1 5 1 6 1 7 1 8 1 9 1 10 1 11 1 12 2 5 2 6 2 7 2 8 2 9 2 10 2 11 2 12 3 5 3 6 3 7 3 8 3 9 3 10 3 11 3 12 4 5 4 6 4 7 4 8 4 9 4 10 4 11 4 12 5 5 5 6 5 7 5 8 5 9 5 10 5 11 5 12 6 5 6 6 6 7 6 8 6 9 6 10 6 11 6 12
q 36 0 3 0 4 0 5 0 6 0 7 0 8 0 9 0 10 0 11 1 3 1 4 1 5 1 6 1 7 1 8 1 9 1 10 1 11 2 3 2 4 2 5 2 6 2 7 2 8 2 9 2 10 2 11 3 3 3 4 3 5 3 6 3 7 3 8 3 9 3 10 3 11
q 48 3 6 3 7 3 8 3 9 3 10 3 11 4 6 4 7 4 8 4 9 4 10 4 11 5 6 5 7 5 8 5 9 5 10 5 11 6 6 6 7 6 8 6 9 6 10 6 11 7 6 7 7 7 8 7 9 7 10 7 11 8 6 8 7 8 8 8 9 8 10 8 11 9 6 9 7 9 8 9 9 9 10 9 11 10 6 10 7 10 8 10 9 10 10 10 11
q 39 0 6 0 7 0 8 1 6 1 7 1 8 2 6 2 7 2 8 3 6 3 7 3 8 4 6 4 7 4 8 5 6 5 7 5 8 6 6 6 7 6 8 7 6 7 7 7 8 8 6 8 7 8 8 9 6 9 7 9 8 10 6 10 7 10 8 11 6 11 7 11 8 12 6 12 7 12 8
q 54 4 0 4 1 4 2 4 3 4 4 4 5 4 6 4 7 4 8 5 0 5 1 5 2 5 3 5 4 5 5 5 6 5 7 5 8 6 0 6 1 6 2 6 3 6 4 6 5 6 6 6 7 6 8 7 0 7 1 7 2 7 3 7 4 7 5 7 6 7 7 7 8 8 0 8 1 8 2 8 3 8 4 8 5 8 6 8 7 8 8 9 0 9 1 9 2 9 3 9 4 9 5 9 6 9 7 9 8
q 32 3 3 3 4 3 5 3 6 4 3 4 4 4 5 4 6 5 3 5 4 5 5 5 6 6 3 6 4 6 5 6 6 7 3 7 4 7 5 7 6 8 3 8 4 8 5 8 6 9 3 9 4 9 5 9 6 10 3 10 4 10 5 10 6
q 44 0 4 0 5 0 6 0 7 1 4 1 5 1 6 1 7 2 4 2 5 2 6 2 7 3 4 3 5 3 6 3 7 4 4 4 5 4 6 4 7 5 4 5 5 5 6 5 7 6 4 6 5 6 6 6 7 7 4 7 5 7 6 7 7 8 4 8 5 8 6 8 7 9 4 9 5 9 6 9 7 10 4 10 5 10 6 10 7
q 40 3 3 3 4 3 5 3 6 4 3 4 4 4 5 4 6 5 3 5 4 5 5 5 6 6 3 6 4 6 5 6 6 7 3 7 4 7 5 7 6 8 3 8 4 8 5 8 6 9 3 9 4 9 5 9 6 10 3 10 4 10 5 10 6 11 3 11 4 11 5 11 6 12 3 12 4 12 5 12 6
q 60 0 0 0 1 0 2 0 3 0 4 0 5 0 6 0 7 0 8 0 9 0 10 0 11 1 0 1 1 1 2 1 3 1 4 1 5 1 6 1 7 1 8 1 9 1 10 1 11 2 0 2 1 2 2 2 3 2 4 2 5 2 6 2 7 2 8 2 9 2 10 2 11 3 0 3 1 3 2 3 3 3 4 3 5 3 6 3 7 3 8 3 9 3 10 3 11 4 0 4 1 4 2 4 3 4 4 4 5 4 6 4 7 4 8 4 9 4 10 4 11
q 48 0 4 0 5 0 6 0 7 0 8 0 9 1 4 1 5 1 6 1 7 1 8 1 9 2 4 2 5 2 6 2 7 2 8 2 9 3 4 3 5 3 6 3 7 3 8 3 9 4 4 4 5 4 6 4 7 4 8 4 9 5 4 5 5 5 6 5 7 5 8 5 9 6 4 6 5 6 6 6 7 6 8 6 9 7 4 7 5 7 6 7 7 7 8 7 9
q 56 3 5 3 6 3 7 3 8 3 9 3 10 3 11 3 12 4 5 4 6 4 7 4 8 4 9 4 10 4 11 4 12 5 5 5 6 5 7 5 8 5 9 5 10 5 11 5 12 6 5 6 6 6 7 6 8 6 9 6 10 6 11 6 12 7 5 7 6 7 7 7 8 7 9 7 10 7 11 7 12 8 5 8 6 8 7 8 8 8 9 8 10 8 11 8 12 9 5 9 6 9 7 9 8 9 9 9 10 9 11 9 12
q 35 1 0 1 1 1 2 1 3 1 4 2 0 2 1 2 2 2 3 2 4 3 0 3 1 3 2 3 3 3 4 4 0 4 1 4 2 4 3 4 4 5 0 5 1 5 2 5 3 5 4 6 0 6 1 6 2 6 3 6 4 7 0 7 1 7 2 7 3 7 4
q 63 0 1 0 2 0 3 0 4 0 5 0 6 0 7 1 1 1 2 1 3 1 4 1 5 1 6 1 7 2 1 2 2 2 3 2 4 2 5 2 6 2 7 3 1 3 2 3 3 3 4 3 5 3 6 3 7 4 1 4 2 4 3 4 4 4 5 4 6 4 7 5 1 5 2 5 3 5 4 5 5 5 6 5 7 6 1 6 2 6 3 6 4 6 5 6 6 6 7 7 1 7 2 7 3 7 4 7 5 7 6 7 7 8 1 8 2 8 3 8 4 8 5 8 6 8 7
q 30 1 5 1 6 1 7 2 5 2 6 2 7 3 5 3 6 3 7 4 5 4 6 4 7 5 5 5 6 5 7 6 5 6 6 6 7 7 5 7 6 7 7 8 5 8 6 8 7 9 5 9 6 9 7 10 5 10 6 10 7
q 44 6 2 6 3 6 4 6 5 6 6 6 7 6 8 6 9 6 10 6 11 6 12 7 2 7 3 7 4 7 5 7 6 7 7 7 8 7 9 7 10 7 11 7 12 8 2 8 3 8 4 8 5 8 6 8 7 8 8 8 9 8 10 8 11 8 12 9 2 9 3 9 4 9 5 9 6 9 7 9 8 9 9 9 10 9 11 9 12
q 50 3 3 3 4 3 5 3 6 3 7 3 8 3 9 3 10 3 11 3 12 4 3 4 4 4 5 4 6 4 7 4 8 4 9 4 10 4 11 4 12 5 3 5 4 5 5 5 6 5 7 5 8 5 9 5 10 5 11 5 12 6 3 6 4 6 5 6 6 6 7 6 8 6 9 6 10 6 11 6 12 7 3 7 4 7 5 7 6 7 7 7 8 7 9 7 10 7 11 7 12
q 36 3 2 3 3 3 4 3 5 3 6 3 7 3 8 3 9 3 10 4 2 4 3 4 4 4 5 4 6 4 7 4 8 4 9 4 10 5 2 5 3 5 4 5 5 5 6 5 7 5 8 5 9 5 10 6 2 6 3 6 4 6 5 6 6 6 7 6 8 6 9 6 10
q 28 8 6 8 7 8 8 8 9 8 10 8 11 8 12 9 6 9 7 9 8 9 9 9 10 9 11 9 12 10 6 10 7 10 8 10 9 10 10 10 11 10 12 11 6 11 7 11 8 11 9 11 10 11 11 11 12
q 60 5 1 5 2 5 3 5 4 5 5 5 6 5 7 5 8 5 9 5 10 5 11 5 12 6 1 6 2 6 3 6 4 6 5 6 6 6 7 6 8 6 9 6 10 6 11 6 12 7 1 7 2 7 3 7 4 7 5 7 6 7 7 7 8 7 9 7 10 7 11 7 12 8 1 8 2 8 3 8 4 8 5 8 6 8 7 8 8 8 9 8 10 8 11 8 12 9 1 9 2 9 3 9 4 9 5 9 6 9 7 9 8 9 9 9 10 9 11 9 12
q 42 5 1 5 2 5 3 5 4 5 5 5 6 5 7 6 1 6 2 6 3 6 4 6 5 6 6 6 7 7 1 7 2 7 3 7 4 7 5 7 6 7 7 8 1 8 2 8 3 8 4 8 5 8 6 8 7 9 1 9 2 9 3 9 4 9 5 9 6 9 7 10 1 10 2 10 3 10 4 10 5 10 6 10 7
q 48 0 9 0 10 0 11 0 12 1 9 1 10 1 11 1 12 2 9 2 10 2 11 2 12 3 9 3 10 3 11 3 12 4 9 4 10 4 11 4 12 5 9 5 10 5 11 5 12 6 9 6 10 6 11 6 12 7 9 7 10 7 11 7 12 8 9 8 10 8 11 8 12 9 9 9 10 9 11 9 12 10 9 10 10 10 11 10 12 11 9 11 10 11 11 11 12
q 33 0 9 0 10 0 11 1 9 1 10 1 11 2 9 2 10 2 11 3 9 3 10 3 11 4 9 4 10 4 11 5 9 5 10 5 11 6 9 6 10 6 11 7 9 7 10 7 11 8 9 8 10 8 11 9 9 9 10 9 11 10 9 10 10 10 11
q 30 0 6 0 7 0 8 0 9 0 10 1 6 1 7 1 8 1 9 1 10 2 6 2 7 2 8 2 9 2 10 3 6 3 7 3 8 3 9 3 10 4 6 4 7 4 8 4 9 4 10 5 6 5 7 5 8 5 9 5 10
q 30 0 7 0 8 0 9 0 10 0 11 0 12 1 7 1 8 1 9 1 10 1 11 1 12 2 7 2 8 2 9 2 10 2 11 2 12 3 7 3 8 3 9 3 10 3 11 3 12 4 7 4 8 4 9 4 10 4 11 4 12
q 40 0 3 0 4 0 5 0 6 1 3 1 4 1 5 1 6 2 3 2 4 2 5 2 6 3 3 3 4 3 5 3 6 4 3 4 4 4 5 4 6 5 3 5 4 5 5 5 6 6 3 6 4 6 5 6 6 7 3 7 4 7 5 7 6 8 3 8 4 8 5 8 6 9 3 9 4 9 5 9 6
q 49 1 6 1 7 1 8 1 9 1 10 1 11 1 12 2 6 2 7 2 8 2 9 2 10 2 11 2 12 3 6 3 7 3 8 3 9 3 10 3 11 3 12 4 6 4 7 4 8 4 9 4 10 4 11 4 12 5 6 5 7 5 8 5 9 5 10 5 11 5 12 6 6 6 7 6 8 6 9 6 10 6 11 6 12 7 6 7 7 7 8 7 9 7 10 7 11 7 12
q 32 7 3 7 4 7 5 7 6 7 7 7 8 7 9 7 10 8 3 8 4 8 5 8 6 8 7 8 8 8 9 8 10 9 3 9 4 9 5 9 6 9 7 9 8 9 9 9 10 10 3 10 4 10 5 10 6 10 7 10 8 10 9 10 10
q 40 4 5 4 6 4 7 4 8 4 9 4 10 4 11 4 12 5 5 5 6 5 7 5 8 5 9 5 10 5 11 5 12 6 5 6 6 6 7 6 8 6 9 6 10 6 11 6 12 7 5 7 6 7 7 7 8 7 9 7 10 7 11 7 12 8 5 8 6 8 7 8 8 8 9 8 10 8 11 8 12
q 35 3 2 3 3 3 4 3 5 3 6 3 7 3 8 4 2 4 3 4 4 4 5 4 6 4 7 4 8 5 2 5 3 5 4 5 5 5 6 5 7 5 8 6 2 6 3 6 4 6 5 6 6 6 7 6 8 7 2 7 3 7 4 7 5 7 6 7 7 7 8
q 55 0 0 0 1 0 2 0 3 0 4 0 5 0 6 0 7 0 8 0 9 0 10 1 0 1 1 1 2 1 3 1 4 1 5 1 6 1 7 1 8 1 9 1 10 2 0 2 1 2 2 2 3 2 4 2 5 2 6 2 7 2 8 2 9 2 10 3 0 3 1 3 2 3 3 3 4 3 5 3 6 3 7 3 8 3 9 3 10 4 0 4 1 4 2 4 3 4 4 4 5 4 6 4 7 4 8 4 9 4 10
q 42 1 0 1 1 1 2 1 3 1 4 1 5 1 6 2 0 2 1 2 2 2 3 2 4 2 5 2 6 3 0 3 1 3 2 3 3 3 4 3 5 3 6 4 0 4 1 4 2 4 3 4 4 4 5 4 6 5 0 5 1 5 2 5 3 5 4 5 5 5 6 6 0 6 1 6 2 6 3 6 4 6 5 6 6
q 48 0 6 0 7 0 8 0 9 1 6 1 7 1 8 1 9 2 6 2 7 2 8 2 9 3 6 3 7 3 8 3 9 4 6 4 7 4 8 4 9 5 6 5 7 5 8 5 9 6 6 6 7 6 8 6 9 7 6 7 7 7 8 7 9 8 6 8 7 8 8 8 9 9 6 9 7 9 8 9 9 10 6 10 7 10 8 10 9 11 6 11 7 11 8 11 9
q 48 5 2 5 3 5 4 5 5 5 6 5 7 5 8 5 9 6 2 6 3 6 4 6 5 6 6 6 7 6 8 6 9 7 2 7 3 7 4 7 5 7 6 7 7 7 8 7 9 8 2 8 3 8 4 8 5 8 6 8 7 8 8 8 9 9 2 9 3 9 4 9 5 9 6 9 7 9 8 9 9 10 2 10 3 10 4 10 5 10 6 10 7 10 8 10 9
q 48 0 0 0 1 0 2 0 3 1 0 1 1 1 2 1 3 2 0 2 1 2 2 2 3 3 0 3 1 3 2 3 3 4 0 4 1 4 2 4 3 5 0 5 1 5 2 5 3 6 0 6 1 6 2 6 3 7 0 7 1 7 2 7 3 8 0 8 1 8 2 8 3 9 0 9 1 9 2 9 3 10 0 10 1 10 2 10 3 11 0 11 1 11 2 11 3
q 48 5 4 5 5 5 6 5 7 5 8 5 9 5 10 5 11 6 4 6 5 6 6 6 7 6 8 6 9 6 10 6 11 7 4 7 5 7 6 7 7 7 8 7 9 7 10 7 11 8 4 8 5 8 6 8 7 8 8 8 9 8 10 8 11 9 4 9 5 9 6 9 7 9 8 9 9 9 10 9 11 10 4 10 5 10 6 10 7 10 8 10 9 10 10 10 11
q 45 4 0 4 1 4 2 4 3 4 4 4 5 4 6 4 7 4 8 5 0 5 1 5 2 5 3 5 4 5 5 5 6 5 7 5 8 6 0 6 1 6 2 6 3 6 4 6 5 6 6 6 7 6 8 7 0 7 1 7 2 7 3 7 4 7 5 7 6 7 7 7 8 8 0 8 1 8 2 8 3 8 4 8 5 8 6 8 7 8 8
q 42 0 3 0 4 0 5 0 6 0 7 0 8 0 9 1 3 1 4 1 5 1 6 1 7 1 8 1 9 2 3 2 4 2 5 2 6 2 7 2 8 2 9 3 3 3 4 3 5 3 6 3 7 3 8 3 9 4 3 4 4 4 5 4 6 4 7 4 8 4 9 5 3 5 4 5 5 5 6 5 7 5 8 5 9
q 48 1 9 1 10 1 11 1 12 2 9 2 10 2 11 2 12 3 9 3 10 3 11 3 12 4 9 4 10 4 11 4 12 5 9 5 10 5 11 5 12 6 9 6 10 6 11 6 12 7 9 7 10 7 11 7 12 8 9 8 10 8 11 8 12 9 9 9 10 9 11 9 12 10 9 10 10 10 11 10 12 11 9 11 10 11 11 11 12 12 9 12 10 12 11 12 12
q 40 4 3 4 4 4 5 4 6 4 7 4 8 4 9 4 10 5 3 5 4 5 5 5 6 5 7 5 8 5 9 5 10 6 3 6 4 6 5 6 6 6 7 6 8 6 9 6 10 7 3 7 4 7 5 7 6 7 7 7 8 7 9 7 10 8 3 8 4 8 5 8 6 8 7 8 8 8 9 8 10
q 35 2 6 2 7 2 8 2 9 2 10 3 6 3 7 3 8 3 9 3 10 4 6 4 7 4 8 4 9 4 10 5 6 5 7 5 8 5 9 5 10 6 6 6 7 6 8 6 9 6 10 7 6 7 7 7 8 7 9 7 10 8 6 8 7 8 8 8 9 8 10
q 44 1 2 1 3 1 4 1 5 2 2 2 3 2 4 2 5 3 2 3 3 3 4 3 5 4 2 4 3 4 4 4 5 5 2 5 3 5 4 5 5 6 2 6 3 6 4 6 5 7 2 7 3 7 4 7 5 8 2 8 3 8 4 8 5 9 2 9 3 9 4 9 5 10 2 10 3 10 4 10 5 11 2 11 3 11 4 11 5
q 35 0 2 0 3 0 4 0 5 0 6 0 7 0 8 1 2 1 3 1 4 1 5 1 6 1 7 1 8 2 2 2 3 2 4 2 5 2 6 2 7 2 8 3 2 3 3 3 4 3 5 3 6 3 7 3 8 4 2 4 3 4 4 4 5 4 6 4 7 4 8
q 52 0 0 0 1 0 2 0 3 1 0 1 1 1 2 1 3 2 0 2 1 2 2 2 3 3 0 3 1 3 2 3 3 4 0 4 1 4 2 4 3 5 0 5 1 5 2 5 3 6 0 6 1 6 2 6 3 7 0 7 1 7 2 7 3 8 0 8 1 8 2 8 3 9 0 9 1 9 2 9 3 10 0 10 1 10 2 10 3 11 0 11 1 11 2 11 3 12 0 12 1 12 2 12 3
q 48 1 5 1 6 1 7 1 8 2 5 2 6 2 7 2 8 3 5 3 6 3 7 3 8 4 5 4 6 4 7 4 8 5 5 5 6 5 7 5 8 6 5 6 6 6 7 6 8 7 5 7 6 7 7 7 8 8 5 8 6 8 7 8 8 9 5 9 6 9 7 9 8 10 5 10 6 10 7 10 8 11 5 11 6 11 7 11 8 12 5 12 6 12 7 12 8
q 44 2 4 2 5 2 6 2 7 3 4 3 5 3 6 3 7 4 4 4 5 4 6 4 7 5 4 5 5 5 6 5 7 6 4 6 5 6 6 6 7 7 4 7 5 7 6 7 7 8 4 8 5 8 6 8 7 9 4 9 5 9 6 9 7 10 4 10 5 10 6 10 7 11 4 11 5 11 6 11 7 12 4 12 5 12 6 12 7
q 32 1 0 1 1 1 2 1 3 2 0 2 1 2 2 2 3 3 0 3 1 3 2 3 3 4 0 4 1 4 2 4 3 5 0 5 1 5 2 5 3 6 0 6 1 6 2 6 3 7 0 7 1 7 2 7 3 8 0 8 1 8 2 8 3
q 52 3 0 3 1 3 2 3 3 3 4 3 5 3 6 3 7 3 8 3 9 3 10 3 11 3 12 4 0 4 1 4 2 4 3 4 4 4 5 4 6 4 7 4 8 4 9 4 10 4 11 4 12 5 0 5 1 5 2 5 3 5 4 5 5 5 6 5 7 5 8 5 9 5 10 5 11 5 12 6 0 6 1 6 2 6 3 6 4 6 5 6 6 6 7 6 8 6 9 6 10 6 11 6 12
q 50 2 3 2 4 2 5 2 6 2 7 3 3 3 4 3 5 3 6 3 7 4 3 4 4 4 5 4 6 4 7 5 3 5 4 5 5 5 6 5 7 6 3 6 4 6 5 6 6 6 7 7 3 7 4 7 5 7 6 7 7 8 3 8 4 8 5 8 6 8 7 9 3 9 4 9 5 9 6 9 7 10 3 10 4 10 5 10 6 10 7 11 3 11 4 11 5 11 6 11 7
q 44 4 0 4 1 4 2 4 3 4 4 4 5 4 6 4 7 4 8 4 9 4 10 5 0 5 1 5 2 5 3 5 4 5 5 5 6 5 7 5 8 5 9 5 10 6 0 6 1 6 2 6 3 6 4 6 5 6 6 6 7 6 8 6 9 6 10 7 0 7 1 7 2 7 3 7 4 7 5 7 6 7 7 7 8 7 9 7 10
q 36 0 5 0 6 0 7 1 5 1 6 1 7 2 5 2 6 2 7 3 5 3 6 3 7 4 5 4 6 4 7 5 5 5 6 5 7 6 5 6 6 6 7 7 5 7 6 7 7 8 5 8 6 8 7 9 5 9 6 9 7 10 5 10 6 10 7 11 5 11 6 11 7
q 40 9 2 9 3 9 4 9 5 9 6 9 7 9 8 9 9 9 10 9 11 10 2 10 3 10 4 10 5 10 6 10 7 10 8 10 9 10 10 10 11 11 2 11 3 11 4 11 5 11 6 11 7 11 8 11 9 11 10 11 11 12 2 12 3 12 4 12 5 12 6 12 7 12 8 12 9 12 10 12 11
q 60 6 3 6 4 6 5 6 6 6 7 6 8 6 9 6 10 6 11 6 12 7 3 7 4 7 5 7 6 7 7 7 8 7 9 7 10 7 11 7 12 8 3 8 4 8 5 8 6 8 7 8 8 8 9 8 10 8 11 8 12 9 3 9 4 9 5 9 6 9 7 9 8 9 9 9 10 9 11 9 12 10 3 10 4 10 5 10 6 10 7 10 8 10 9 10 10 10 11 10 12 11 3 11 4 11 5 11 6 11 7 11 8 11 9 11 10 11 11 11 12
q 44 3 2 3 3 3 4 3 5 3 6 3 7 3 8 3 9 3 10 3 11 3 12 4 2 4 3 4 4 4 5 4 6 4 7 4 8 4 9 4 10 4 11 4 12 5 2 5 3 5 4 5 5 5 6 5 7 5 8 5 9 5 10 5 11 5 12 6 2 6 3 6 4 6 5 6 6 6 7 6 8 6 9 6 10 6 11 6 12
q 54 0 6 0 7 0 8 0 9 0 10 0 11 1 6 1 7 1 8 1 9 1 10 1 11 2 6 2 7 2 8 2 9 2 10 2 11 3 6 3 7 3 8 3 9 3 10 3 11 4 6 4 7 4 8 4 9 4 10 4 11 5 6 5 7 5 8 5 9 5 10 5 11 6 6 6 7 6 8 6 9 6 10 6 11 7 6 7 7 7 8 7 9 7 10 7 11 8 6 8 7 8 8 8 9 8 10 8 11
q 36 7 1 7 2 7 3 7 4 7 5 7 6 7 7 7 8 7 9 7 10 7 11 7 12 8 1 8 2 8 3 8 4 8 5 8 6 8 7 8 8 8 9 8 10 8 11 8 12 9 1 9 2 9 3 9 4 9 5 9 6 9 7 9 8 9 9 9 10 9 11 9 12
q 44 6 2 6 3 6 4 6 5 6 6 6 7 6 8 6 9 6 10 6 11 6 12 7 2 7 3 7 4 7 5 7 6 7 7 7 8 7 9 7 10 7 11 7 12 8 2 8 3 8 4 8 5 8 6 8 7 8 8 8 9 8 10 8 11 8 12 9 2 9 3 9 4 9 5 9 6 9 7 9 8 9 9 9 10 9 11 9 12
q 48 3 4 3 5 3 6 3 7 3 8 3 9 4 4 4 5 4 6 4 7 4 8 4 9 5 4 5 5 5 6 5 7 5 8 5 9 6 4 6 5 6 6 6 7 6 8 6 9 7 4 7 5 7 6 7 7 7 8 7 9 8 4 8 5 8 6 8 7 8 8 8 9 9 4 9 5 9 6 9 7 9 8 9 9 10 4 10 5 10 6 10 7 10 8 10 9
q 45 1 7 1 8 1 9 1 10 1 11 2 7 2 8 2 9 2 10 2 11 3 7 3 8 3 9 3 10 3 11 4 7 4 8 4 9 4 10 4 11 5 7 5 8 5 9 5 10 5 11 6 7 6 8 6 9 6 10 6 11 7 7 7 8 7 9 7 10 7 11 8 7 8 8 8 9 8 10 8 11 9 7 9 8 9 9 9 10 9 11
q 48 7 1 7 2 7 3 7 4 7 5 7 6 7 7 7 8 7 9 7 10 7 11 7 12 8 1 8 2 8 3 8 4 8 5 8 6 8 7 8 8 8 9 8 10 8 11 8 12 9 1 9 2 9 3 9 4 9 5 9 6 9 7 9 8 9 9 9 10 9 11 9 12 10 1 10 2 10 3 10 4 10 5 10 6 10 7 10 8 10 9 10 10 10 11 10 12
q 26 0 7 0 8 1 7 1 8 2 7 2 8 3 7 3 8 4 7 4 8 5 7 5 8 6 7 6 8 7 7 7 8 8 7 8 8 9 7 9 8 10 7 10 8 11 7 11 8 12 7 12 8
q 32 1 4 1 5 1 6 1 7 1 8 1 9 1 10 1 11 2 4 2 5 2 6 2 7 2 8 2 9 2 10 2 11 3 4 3 5 3 6 3 7 3 8 3 9 3 10 3 11 4 4 4 5 4 6 4 7 4 8 4 9 4 10 4 11
q 36 5 0 5 1 5 2 5 3 5 4 5 5 5 6 5 7 5 8 5 9 5 10 5 11 6 0 6 1 6 2 6 3 6 4 6 5 6 6 6 7 6 8 6 9 6 10 6 11 7 0 7 1 7 2 7 3 7 4 7 5 7 6 7 7 7 8 7 9 7 10 7 11
q 36 6 5 6 6 6 7 6 8 6 9 6 10 7 5 7 6 7 7 7 8 7 9 7 10 8 5 8 6 8 7 8 8 8 9 8 10 9 5 9 6 9 7 9 8 9 9 9 10 10 5 10 6 10 7 10 8 10 9 10 10 11 5 11 6 11 7 11 8 11 9 11 10
q 60 4 3 4 4 4 5 4 6 4 7 4 8 4 9 4 10 4 11 4 12 5 3 5 4 5 5 5 6 5 7 5 8 5 9 5 10 5 11 5 12 6 3 6 4 6 5 6 6 6 7 6 8 6 9 6 10 6 11 6 12 7 3 7 4 7 5 7 6 7 7 7 8 7 9 7 10 7 11 7 12 8 3 8 4 8 5 8 6 8 7 8 8 8 9 8 10 8 11 8 12 9 3 9 4 9 5 9 6 9 7 9 8 9 9 9 10 9 11 9 12
q 44 2 9 2 10 2 11 2 12 3 9 3 10 3 11 3 12 4 9 4 10 4 11 4 12 5 9 5 10 5 11 5 12 6 9 6 10 6 11 6 12 7 9 7 10 7 11 7 12 8 9 8 10 8 11 8 12 9 9 9 10 9 11 9 12 10 9 10 10 10 11 10 12 11 9 11 10 11 11 11 12 12 9 12 10 12 11 12 12
q 54 5 2 5 3 5 4 5 5 5 6 5 7 5 8 5 9 5 10 6 2 6 3 6 4 6 5 6 6 6 7 6 8 6 9 6 10 7 2 7 3 7 4 7 5 7 6 7 7 7 8 7 9 7 10 8 2 8 3 8 4 8 5 8 6 8 7 8 8 8 9 8 10 9 2 9 3 9 4 9 5 9 6 9 7 9 8 9 9 9 10 10 2 10 3 10 4 10 5 10 6 10 7 10 8 10 9 10 10
q 45 7 1 7 2 7 3 7 4 7 5 7 6 7 7 7 8 7 9 8 1 8 2 8 3 8 4 8 5 8 6 8 7 8 8 8 9 9 1 9 2 9 3 9 4 9 5 9 6 9 7 9 8 9 9 10 1 10 2 10 3 10 4 10 5 10 6 10 7 10 8 10 9 11 1 11 2 11 3 11 4 11 5 11 6 11 7 11 8 11 9
q 28 3 4 3 5 3 6 3 7 3 8 3 9 3 10 4 4 4 5 4 6 4 7 4 8 4 9 4 10 5 4 5 5 5 6 5 7 5 8 5 9 5 10 6 4 6 5 6 6 6 7 6 8 6 9 6 10
q 48 6 1 6 2 6 3 6 4 6 5 6 6 6 7 6 8 6 9 6 10 6 11 6 12 7 1 7 2 7 3 7 4 7 5 7 6 7 7 7 8 7 9 7 10 7 11 7 12 8 1 8 2 8 3 8 4 8 5 8 6 8 7 8 8 8 9 8 10 8 11 8 12 9 1 9 2 9 3 9 4 9 5 9 6 9 7 9 8 9 9 9 10 9 11 9 12
q 63 4 1 4 2 4 3 4 4 4 5 4 6 4 7 4 8 4 9 5 1 5 2 5 3 5 4 5 5 5 6 5 7 5 8 5 9 6 1 6 2 6 3 6 4 6 5 6 6 6 7 6 8 6 9 7 1 7 2 7 3 7 4 7 5 7 6 7 7 7 8 7 9 8 1 8 2 8 3 8 4 8 5 8 6 8 7 8 8 8 9 9 1 9 2 9 3 9 4 9 5 9 6 9 7 9 8 9 9 10 1 10 2 10 3 10 4 10 5 10 6 10 7 10 8 10 9
q 63 4 3 4 4 4 5 4 6 4 7 4 8 4 9 5 3 5 4 5 5 5 6 5 7 5 8 5 9 6 3 6 4 6 5 6 6 6 7 6 8 6 9 7 3 7 4 7 5 7 6 7 7 7 8 7 9 8 3 8 4 8 5 8 6 8 7 8 8 8 9 9 3 9 4 9 5 9 6 9 7 9 8 9 9 10 3 10 4 10 5 10 6 10 7 10 8 10 9 11 3 11 4 11 5 11 6 11 7 11 8 11 9 12 3 12 4 12 5 12 6 12 7 12 8 12 9
q 54 3 3 3 4 3 5 3 6 3 7 3 8 3 9 3 10 3 11 4 3 4 4 4 5 4 6 4 7 4 8 4 9 4 10 4 11 5 3 5 4 5 5 5 6 5 7 5 8 5 9 5 10 5 11 6 3 6 4 6 5 6 6 6 7 6 8 6 9 6 10 6 11 7 3 7 4 7 5 7 6 7 7 7 8 7 9 7 10 7 11 8 3 8 4 8 5 8 6 8 7 8 8 8 9 8 10 8 11
q 36 3 1 3 2 3 3 3 4 4 1 4 2 4 3 4 4 5 1 5 2 5 3 5 4 6 1 6 2 6 3 6 4 7 1 7 2 7 3 7 4 8 1 8 2 8 3 8 4 9 1 9 2 9 3 9 4 10 1 10 2 10 3 10 4 11 1 11 2 11 3 11 4
q 28 0 7 0 8 0 9 0 10 1 7 1 8 1 9 1 10 2 7 2 8 2 9 2 10 3 7 3 8 3 9 3 10 4 7 4 8 4 9 4 10 5 7 5 8 5 9 5 10 6 7 6 8 6 9 6 10
q 36 0 6 0 7 0 8 0 9 1 6 1 7 1 8 1 9 2 6 2 7 2 8 2 9 3 6 3 7 3 8 3 9 4 6 4 7 4 8 4 9 5 6 5 7 5 8 5 9 6 6 6 7 6 8 6 9 7 6 7 7 7 8 7 9 8 6 8 7 8 8 8 9
q 36 9 0 9 1 9 2 9 3 9 4 9 5 9 6 9 7 9 8 10 0 10 1 10 2 10 3 10 4 10 5 10 6 10 7 10 8 11 0 11 1 11 2 11 3 11 4 11 5 11 6 11 7 11 8 12 0 12 1 12 2 12 3 12 4 12 5 12 6 12 7 12 8
q 25 0 1 0 2 0 3 0 4 0 5 1 1 1 2 1 3 1 4 1 5 2 1 2 2 2 3 2 4 2 5 3 1 3 2 3 3 3 4 3 5 4 1 4 2 4 3 4 4 4 5
q 40 8 1 8 2 8 3 8 4 8 5 8 6 8 7 8 8 8 9 8 10 9 1 9 2 9 3 9 4 9 5 9 6 9 7 9 8 9 9 9 10 10 1 10 2 10 3 10 4 10 5 10 6 10 7 10 8 10 9 10 10 11 1 11 2 11 3 11 4 11 5 11 6 11 7 11 8 11 9 11 10
q 52 0 0 0 1 0 2 0 3 0 4 0 5 0 6 0 7 0 8 0 9 0 10 0 11 0 12 1 0 1 1 1 2 1 3 1 4 1 5 1 6 1 7 1 8 1 9 1 10 1 11 1 12 2 0 2 1 2 2 2 3 2 4 2 5 2 6 2 7 2 8 2 9 2 10 2 11 2 12 3 0 3 1 3 2 3 3 3 4 3 5 3 6 3 7 3 8 3 9 3 10 3 11 3 12
q 48 3 0 3 1 3 2 3 3 3 4 3 5 3 6 3 7 4 0 4 1 4 2 4 3 4 4 4 5 4 6 4 7 5 0 5 1 5 2 5 3 5 4 5 5 5 6 5 7 6 0 6 1 6 2 6 3 6 4 6 5 6 6 6 7 7 0 7 1 7 2 7 3 7 4 7 5 7 6 7 7 8 0 8 1 8 2 8 3 8 4 8 5 8 6 8 7
q 48 1 4 1 5 1 6 1 7 2 4 2 5 2 6 2 7 3 4 3 5 3 6 3 7 4 4 4 5 4 6 4 7 5 4 5 5 5 6 5 7 6 4 6 5 6 6 6 7 7 4 7 5 7 6 7 7 8 4 8 5 8 6 8 7 9 4 9 5 9 6 9 7 10 4 10 5 10 6 10 7 11 4 11 5 11 6 11 7 12 4 12 5 12 6 12 7
q 49 4 4 4 5 4 6 4 7 4 8 4 9 4 10 5 4 5 5 5 6 5 7 5 8 5 9 5 10 6 4 6 5 6 6 6 7 6 8 6 9 6 10 7 4 7 5 7 6 7 7 7 8 7 9 7 10 8 4 8 5 8 6 8 7 8 8 8 9 8 10 9 4 9 5 9 6 9 7 9 8 9 9 9 10 10 4 10 5 10 6 10 7 10 8 10 9 10 10
q 42 3 0 3 1 3 2 3 3 3 4 3 5 3 6 4 0 4 1 4 2 4 3 4 4 4 5 4 6 5 0 5 1 5 2 5 3 5 4 5 5 5 6 6 0 6 1 6 2 6 3 6 4 6 5 6 6 7 0 7 1 7 2 7 3 7 4 7 5 7 6 8 0 8 1 8 2 8 3 8 4 8 5 8 6
q 54 3 0 3 1 3 2 3 3 3 4 3 5 4 0 4 1 4 2 4 3 4 4 4 5 5 0 5 1 5 2 5 3 5 4 5 5 6 0 6 1 6 2 6 3 6 4 6 5 7 0 7 1 7 2 7 3 7 4 7 5 8 0 8 1 8 2 8 3 8 4 8 5 9 0 9 1 9 2 9 3 9 4 9 5 10 0 10 1 10 2 10 3 10 4 10 5 11 0 11 1 11 2 11 3 11 4 11 5
q 32 2 3 2 4 2 5 2 6 2 7 2 8 2 9 2 10 3 3 3 4 3 5 3 6 3 7 3 8 3 9 3 10 4 3 4 4 4 5 4 6 4 7 4 8 4 9 4 10 5 3 5 4 5 5 5 6 5 7 5 8 5 9 5 10
q 54 3 2 3 3 3 4 3 5 3 6 3 7 4 2 4 3 4 4 4 5 4 6 4 7 5 2 5 3 5 4 5 5 5 6 5 7 6 2 6 3 6 4 6 5 6 6 6 7 7 2 7 3 7 4 7 5 7 6 7 7 8 2 8 3 8 4 8 5 8 6 8 7 9 2 9 3 9 4 9 5 9 6 9 7 10 2 10 3 10 4 10 5 10 6 10 7 11 2 11 3 11 4 11 5 11 6 11 7
q 56 2 0 2 1 2 2 2 3 2 4 2 5 2 6 2 7 3 0 3 1 3 2 3 3 3 4 3 5 3 6 3 7 4 0 4 1 4 2 4 3 4 4 4 5 4 6 4 7 5 0 5 1 5 2 5 3 5 4 5 5 5 6 5 7 6 0 6 1 6 2 6 3 6 4 6 5 6 6 6 7 7 0 7 1 7 2 7 3 7 4 7 5 7 6 7 7 8 0 8 1 8 2 8 3 8 4 8 5 8 6 8 7
q 40 1 1 1 2 1 3 1 4 1 5 1 6 1 7 1 8 2 1 2 2 2 3 2 4 2 5 2 6 2 7 2 8 3 1 3 2 3 3 3 4 3 5 3 6 3 7 3 8 4 1 4 2 4 3 4 4 4 5 4 6 4 7 4 8 5 1 5 2 5 3 5 4 5 5 5 6 5 7 5 8
q 26 0 3 0 4 1 3 1 4 2 3 2 4 3 3 3 4 4 3 4 4 5 3 5 4 6 3 6 4 7 3 7 4 8 3 8 4 9 3 9 4 10 3 10 4 11 3 11 4 12 3 12 4
q 7 3 1 4 1 5 1 6 1 7 1 8 1 9 1
q 8 1 11 2 11 3 11 4 11 5 11 6 11 7 11 8 11
q 40 1 4 1 5 1 6 1 7 2 4 2 5 2 6 2 7 3 4 3 5 3 6 3 7 4 4 4 5 4 6 4 7 5 4 5 5 5 6 5 7 6 4 6 5 6 6 6 7 7 4 7 5 7 6 7 7 8 4 8 5 8 6 8 7 9 4 9 5 9 6 9 7 10 4 10 5 10 6 10 7
q 11 6 1 6 2 6 3 6 4 6 5 6 6 6 7 6 8 6 9 6 10 6 11
q 35 1 4 1 5 1 6 1 7 1 8 1 9 1 10 2 4 2 5 2 6 2 7 2 8 2 9 2 10 3 4 3 5 3 6 3 7 3 8 3 9 3 10 4 4 4 5 4 6 4 7 4 8 4 9 4 10 5 4 5 5 5 6 5 7 5 8 5 9 5 10
q 24 2 3 2 4 2 5 2 6 2 7 2 8 2 9 2 10 3 3 3 4 3 5 3 6 3 7 3 8 3 9 3 10 4 3 4 4 4 5 4 6 4 7 4 8 4 9 4 10
q 40 3 3 3 4 3 5 3 6 3 7 3 8 3 9 3 10 4 3 4 4 4 5 4 6 4 7 4 8 4 9 4 10 5 3 5 4 5 5 5 6 5 7 5 8 5 9 5 10 6 3 6 4 6 5 6 6 6 7 6 8 6 9 6 10 7 3 7 4 7 5 7 6 7 7 7 8 7 9 7 10
q 6 6 4 7 4 8 4 9 4 10 4 11 4
q 10 10 3 10 4 10 5 10 6 10 7 10 8 10 9 10 10 10 11 10 12
q 35 0 0 0 1 0 2 0 3 0 4 1 0 1 1 1 2 1 3 1 4 2 0 2 1 2 2 2 3 2 4 3 0 3 1 3 2 3 3 3 4 4 0 4 1 4 2 4 3 4 4 5 0 5 1 5 2 5 3 5 4 6 0 6 1 6 2 6 3 6 4
q 12 9 3 9 4 9 5 9 6 10 3 10 4 10 5 10 6 11 3 11 4 11 5 11 6
q 60 6 0 6 1 6 2 6 3 6 4 6 5 6 6 6 7 6 8 6 9 6 10 6 11 7 0 7 1 7 2 7 3 7 4 7 5 7 6 7 7 7 8 7 9 7 10 7 11 8 0 8 1 8 2 8 3 8 4 8 5 8 6 8 7 8 8 8 9 8 10 8 11 9 0 9 1 9 2 9 3 9 4 9 5 9 6 9 7 9 8 9 9 9 10 9 11 10 0 10 1 10 2 10 3 10 4 10 5 10 6 10 7 10 8 10 9 10 10 10 11
q 1 2 0
q 36 2 0 2 1 2 2 2 3 2 4 2 5 2 6 2 7 2 8 2 9 2 10 2 11 3 0 3 1 3 2 3 3 3 4 3 5 3 6 3 7 3 8 3 9 3 10 3 11 4 0 4 1 4 2 4 3 4 4 4 5 4 6 4 7 4 8 4 9 4 10 4 11
q 11 1 12 2 12 3 12 4 12 5 12 6 12 7 12 8 12 9 12 10 12 11 12
q 9 4 10 4 11 4 12 5 10 5 11 5 12 6 10 6 11 6 12
q 30 3 7 3 8 3 9 4 7 4 8 4 9 5 7 5 8 5 9 6 7 6 8 6 9 7 7 7 8 7 9 8 7 8 8 8 9 9 7 9 8 9 9 10 7 10 8 10 9 11 7 11 8 11 9 12 7 12 8 12 9
q 27 3 10 3 11 3 12 4 10 4 11 4 12 5 10 5 11 5 12 6 10 6 11 6 12 7 10 7 11 7 12 8 10 8 11 8 12 9 10 9 11 9 12 10 10 10 11 10 12 11 10 11 11 11 12
q 64 2 0 2 1 2 2 2 3 2 4 2 5 2 6 2 7 3 0 3 1 3 2 3 3 3 4 3 5 3 6 3 7 4 0 4 1 4 2 4 3 4 4 4 5 4 6 4 7 5 0 5 1 5 2 5 3 5 4 5 5 5 6 5 7 6 0 6 1 6 2 6 3 6 4 6 5 6 6 6 7 7 0 7 1 7 2 7 3 7 4 7 5 7 6 7 7 8 0 8 1 8 2 8 3 8 4 8 5 8 6 8 7 9 0 9 1 9 2 9 3 9 4 9 5 9 6 9 7
q 18 7 5 7 6 7 7 8 5 8 6 8 7 9 5 9 6 9 7 10 5 10 6 10 7 11 5 11 6 11 7 12 5 12 6 12 7
q 6 3 0 3 1 3 2 4 0 4 1 4 2
q 36 1 7 1 8 1 9 2 7 2 8 2 9 3 7 3 8 3 9 4 7 4 8 4 9 5 7 5 8 5 9 6 7 6 8 6 9 7 7 7 8 7 9 8 7 8 8 8 9 9 7 9 8 9 9 10 7 10 8 10 9 11 7 11 8 11 9 12 7 12 8 12 9
q 42 7 6 7 7 7 8 7 9 7 10 7 11 7 12 8 6 8 7 8 8 8 9 8 10 8 11 8 12 9 6 9 7 9 8 9 9 9 10 9 11 9 12 10 6 10 7 10 8 10 9 10 10 10 11 10 12 11 6 11 7 11 8 11 9 11 10 11 11 11 12 12 6 12 7 12 8 12 9 12 10 12 11 12 12
q 3 1 2 2 2 3 2
q 30 9 0 9 1 9 2 9 3 9 4 9 5 9 6 9 7 9 8 9 9 10 0 10 1 10 2 10 3 10 4 10 5 10 6 10 7 10 8 10 9 11 0 11 1 11 2 11 3 11 4 11 5 11 6 11 7 11 8 11 9
q 55 5 2 5 3 5 4 5 5 5 6 5 7 5 8 5 9 5 10 5 11 5 12 6 2 6 3 6 4 6 5 6 6 6 7 6 8 6 9 6 10 6 11 6 12 7 2 7 3 7 4 7 5 7 6 7 7 7 8 7 9 7 10 7 11 7 12 8 2 8 3 8 4 8 5 8 6 8 7 8 8 8 9 8 10 8 11 8 12 9 2 9 3 9 4 9 5 9 6 9 7 9 8 9 9 9 10 9 11 9 12
q 36 1 9 1 10 1 11 1 12 2 9 2 10 2 11 2 12 3 9 3 10 3 11 3 12 4 9 4 10 4 11 4 12 5 9 5 10 5 11 5 12 6 9 6 10 6 11 6 12 7 9 7 10 7 11 7 12 8 9 8 10 8 11 8 12 9 9 9 10 9 11 9 12
q 8 7 5 7 6 7 7 7 8 8 5 8 6 8 7 8 8
q 16 5 4 5 5 6 4 6 5 7 4 7 5 8 4 8 5 9 4 9 5 10 4 10 5 11 4 11 5 12 4 12 5
q 20 0 1 0 2 0 3 0 4 0 5 0 6 0 7 0 8 0 9 0 10 1 1 1 2 1 3 1 4 1 5 1 6 1 7 1 8 1 9 1 10
q 21 1 6 1 7 1 8 1 9 1 10 1 11 1 12 2 6 2 7 2 8 2 9 2 10 2 11 2 12 3 6 3 7 3 8 3 9 3 10 3 11 3 12
q 12 1 3 2 3 3 3 4 3 5 3 6 3 7 3 8 3 9 3 10 3 11 3 12 3
q 55 2 6 2 7 2 8 2 9 2 10 3 6 3 7 3 8 3 9 3 10 4 6 4 7 4 8 4 9 4 10 5 6 5 7 5 8 5 9 5 10 6 6 6 7 6 8 6 9 6 10 7 6 7 7 7 8 7 9 7 10 8 6 8 7 8 8 8 9 8 10 9 6 9 7 9 8 9 9 9 10 10 6 10 7 10 8 10 9 10 10 11 6 11 7 11 8 11 9 11 10 12 6 12 7 12 8 12 9 12 10
q 9 9 2 9 3 9 4 10 2 10 3 10 4 11 2 11 3 11 4
q 40 3 7 3 8 3 9 3 10 4 7 4 8 4 9 4 10 5 7 5 8 5 9 5 10 6 7 6 8 6 9 6 10 7 7 7 8 7 9 7 10 8 7 8 8 8 9 8 10 9 7 9 8 9 9 9 10 10 7 10 8 10 9 10 10 11 7 11 8 11 9 11 10 12 7 12 8 12 9 12 10
q 56 5 5 5 6 5 7 5 8 5 9 5 10 5 11 5 12 6 5 6 6 6 7 6 8 6 9 6 10 6 11 6 12 7 5 7 6 7 7 7 8 7 9 7 10 7 11 7 12 8 5 8 6 8 7 8 8 8 9 8 10 8 11 8 12 9 5 9 6 9 7 9 8 9 9 9 10 9 11 9 12 10 5 10 6 10 7 10 8 10 9 10 10 10 11 10 12 11 5 11 6 11 7 11 8 11 9 11 10 11 11 11 12
q 20 2 2 2 3 3 2 3 3 4 2 4 3 5 2 5 3 6 2 6 3 7 2 7 3 8 2 8 3 9 2 9 3 10 2 10 3 11 2 11 3
q 30 0 1 0 2 0 3 0 4 0 5 0 6 1 1 1 2 1 3 1 4 1 5 1 6 2 1 2 2 2 3 2 4 2 5 2 6 3 1 3 2 3 3 3 4 3 5 3 6 4 1 4 2 4 3 4 4 4 5 4 6
q 8 5 1 5 2 5 3 5 4 6 1 6 2 6 3 6 4
q 9 2 3 2 4 2 5 2 6 2 7 2 8 2 9 2 10 2 11
q 10 4 10 4 11 5 10 5 11 6 10 6 11 7 10 7 11 8 10 8 11
q 39 0 8 0 9 0 10 1 8 1 9 1 10 2 8 2 9 2 10 3 8 3 9 3 10 4 8 4 9 4 10 5 8 5 9 5 10 6 8 6 9 6 10 7 8 7 9 7 10 8 8 8 9 8 10 9 8 9 9 9 10 10 8 10 9 10 10 11 8 11 9 11 10 12 8 12 9 12 10
q 40 6 0 6 1 6 2 6 3 6 4 6 5 6 6 6 7 7 0 7 1 7 2 7 3 7 4 7 5 7 6 7 7 8 0 8 1 8 2 8 3 8 4 8 5 8 6 8 7 9 0 9 1 9 2 9 3 9 4 9 5 9 6 9 7 10 0 10 1 10 2 10 3 10 4 10 5 10 6 10 7
q 32 1 5 1 6 1 7 1 8 1 9 1 10 1 11 1 12 2 5 2 6 2 7 2 8 2 9 2 10 2 11 2 12 3 5 3 6 3 7 3 8 3 9 3 10 3 11 3 12 4 5 4 6 4 7 4 8 4 9 4 10 4 11 4 12
q 2 1 9 2 9
q 13 8 0 8 1 8 2 8 3 8 4 8 5 8 6 8 7 8 8 8 9 8 10 8 11 8 12
q 40 0 6 0 7 0 8 0 9 1 6 1 7 1 8 1 9 2 6 2 7 2 8 2 9 3 6 3 7 3 8 3 9 4 6 4 7 4 8 4 9 5 6 5 7 5 8 5 9 6 6 6 7 6 8 6 9 7 6 7 7 7 8 7 9 8 6 8 7 8 8 8 9 9 6 9 7 9 8 9 9
q 15 0 4 0 5 0 6 1 4 1 5 1 6 2 4 2 5 2 6 3 4 3 5 3 6 4 4 4 5 4 6
q 20 3 8 3 9 3 10 3 11 4 8 4 9 4 10 4 11 5 8 5 9 5 10 5 11 6 8 6 9 6 10 6 11 7 8 7 9 7 10 7 11
q 13 0 0 1 0 2 0 3 0 4 0 5 0 6 0 7 0 8 0 9 0 10 0 11 0 12 0
q 60 2 0 2 1 2 2 2 3 2 4 2 5 2 6 2 7 2 8 2 9 3 0 3 1 3 2 3 3 3 4 3 5 3 6 3 7 3 8 3 9 4 0 4 1 4 2 4 3 4 4 4 5 4 6 4 7 4 8 4 9 5 0 5 1 5 2 5 3 5 4 5 5 5 6 5 7 5 8 5 9 6 0 6 1 6 2 6 3 6 4 6 5 6 6 6 7 6 8 6 9 7 0 7 1 7 2 7 3 7 4 7 5 7 6 7 7 7 8 7 9
q 52 7 0 7 1 7 2 7 3 7 4 7 5 7 6 7 7 7 8 7 9 7 10 7 11 7 12 8 0 8 1 8 2 8 3 8 4 8 5 8 6 8 7 8 8 8 9 8 10 8 11 8 12 9 0 9 1 9 2 9 3 9 4 9 5 9 6 9 7 9 8 9 9 9 10 9 11 9 12 10 0 10 1 10 2 10 3 10 4 10 5 10 6 10 7 10 8 10 9 10 10 10 11 10 12
q 18 2 3 2 4 2 5 2 6 2 7 2 8 3 3 3 4 3 5 3 6 3 7 3 8 4 3 4 4 4 5 4 6 4 7 4 8
q 42 2 5 2 6 2 7 2 8 2 9 2 10 2 11 3 5 3 6 3 7 3 8 3 9 3 10 3 11 4 5 4 6 4 7 4 8 4 9 4 10 4 11 5 5 5 6 5 7 5 8 5 9 5 10 5 11 6 5 6 6 6 7 6 8 6 9 6 10 6 11 7 5 7 6 7 7 7 8 7 9 7 10 7 11
q 36 3 5 3 6 3 7 3 8 3 9 3 10 4 5 4 6 4 7 4 8 4 9 4 10 5 5 5 6 5 7 5 8 5 9 5 10 6 5 6 6 6 7 6 8 6 9 6 10 7 5 7 6 7 7 7 8 7 9 7 10 8 5 8 6 8 7 8 8 8 9 8 10
q 28 9 0 9 1 9 2 9 3 9 4 9 5 9 6 10 0 10 1 10 2 10 3 10 4 10 5 10 6 11 0 11 1 11 2 11 3 11 4 11 5 11 6 12 0 12 1 12 2 12 3 12 4 12 5 12 6
q 5 2 0 2 1 2 2 2 3 2 4
q 11 0 10 1 10 2 10 3 10 4 10 5 10 6 10 7 10 8 10 9 10 10 10
q 50 2 8 2 9 2 10 2 11 2 12 3 8 3 9 3 10 3 11 3 12 4 8 4 9 4 10 4 11 4 12 5 8 5 9 5 10 5 11 5 12 6 8 6 9 6 10 6 11 6 12 7 8 7 9 7 10 7 11 7 12 8 8 8 9 8 10 8 11 8 12 9 8 9 9 9 10 9 11 9 12 10 8 10 9 10 10 10 11 10 12 11 8 11 9 11 10 11 11 11 12
q 12 10 5 10 6 10 7 10 8 11 5 11 6 11 7 11 8 12 5 12 6 12 7 12 8
q 6 0 10 1 10 2 10 3 10 4 10 5 10
q 36 8 3 8 4 8 5 8 6 8 7 8 8 8 9 8 10 8 11 9 3 9 4 9 5 9 6 9 7 9 8 9 9 9 10 9 11 10 3 10 4 10 5 10 6 10 7 10 8 10 9 10 10 10 11 11 3 11 4 11 5 11 6 11 7 11 8 11 9 11 10 11 11
q 24 6 7 6 8 6 9 6 10 6 11 6 12 7 7 7 8 7 9 7 10 7 11 7 12 8 7 8 8 8 9 8 10 8 11 8 12 9 7 9 8 9 9 9 10 9 11 9 12
q 13 6 0 6 1 6 2 6 3 6 4 6 5 6 6 6 7 6 8 6 9 6 10 6 11 6 12
q 20 5 5 5 6 5 7 5 8 6 5 6 6 6 7 6 8 7 5 7 6 7 7 7 8 8 5 8 6 8 7 8 8 9 5 9 6 9 7 9 8
q 24 1 8 1 9 2 8 2 9 3 8 3 9 4 8 4 9 5 8 5 9 6 8 6 9 7 8 7 9 8 8 8 9 9 8 9 9 10 8 10 9 11 8 11 9 12 8 12 9
q 8 6 2 6 3 6 4 6 5 6 6 6 7 6 8 6 9
q 16 5 2 5 3 5 4 5 5 5 6 5 7 5 8 5 9 6 2 6 3 6 4 6 5 6 6 6 7 6 8 6 9
q 30 2 5 2 6 2 7 2 8 2 9 3 5 3 6 3 7 3 8 3 9 4 5 4 6 4 7 4 8 4 9 5 5 5 6 5 7 5 8 5 9 6 5 6 6 6 7 6 8 6 9 7 5 7 6 7 7 7 8 7 9
q 40 3 4 3 5 3 6 3 7 4 4 4 5 4 6 4 7 5 4 5 5 5 6 5 7 6 4 6 5 6 6 6 7 7 4 7 5 7 6 7 7 8 4 8 5 8 6 8 7 9 4 9 5 9 6 9 7 10 4 10 5 10 6 10 7 11 4 11 5 11 6 11 7 12 4 12 5 12 6 12 7
q 11 12 1 12 2 12 3 12 4 12 5 12 6 12 7 12 8 12 9 12 10 12 11
q 42 3 6 3 7 3 8 3 9 3 10 3 11 3 12 4 6 4 7 4 8 4 9 4 10 4 11 4 12 5 6 5 7 5 8 5 9 5 10 5 11 5 12 6 6 6 7 6 8 6 9 6 10 6 11 6 12 7 6 7 7 7 8 7 9 7 10 7 11 7 12 8 6 8 7 8 8 8 9 8 10 8 11 8 12
q 12 6 8 6 9 7 8 7 9 8 8 8 9 9 8 9 9 10 8 10 9 11 8 11 9
q 55 1 5 1 6 1 7 1 8 1 9 2 5 2 6 2 7 2 8 2 9 3 5 3 6 3 7 3 8 3 9 4 5 4 6 4 7 4 8 4 9 5 5 5 6 5 7 5 8 5 9 6 5 6 6 6 7 6 8 6 9 7 5 7 6 7 7 7 8 7 9 8 5 8 6 8 7 8 8 8 9 9 5 9 6 9 7 9 8 9 9 10 5 10 6 10 7 10 8 10 9 11 5 11 6 11 7 11 8 11 9
q 15 1 1 1 2 1 3 2 1 2 2 2 3 3 1 3 2 3 3 4 1 4 2 4 3 5 1 5 2 5 3
q 3 10 8 11 8 12 8
q 10 1 5 1 6 2 5 2 6 3 5 3 6 4 5 4 6 5 5 5 6
q 11 10 0 10 1 10 2 10 3 10 4 10 5 10 6 10 7 10 8 10 9 10 10
q 7 4 6 5 6 6 6 7 6 8 6 9 6 10 6
q 60 7 1 7 2 7 3 7 4 7 5 7 6 7 7 7 8 7 9 7 10 7 11 7 12 8 1 8 2 8 3 8 4 8 5 8 6 8 7 8 8 8 9 8 10 8 11 8 12 9 1 9 2 9 3 9 4 9 5 9 6 9 7 9 8 9 9 9 10 9 11 9 12 10 1 10 2 10 3 10 4 10 5 10 6 10 7 10 8 10 9 10 10 10 11 10 12 11 1 11 2 11 3 11 4 11 5 11 6 11 7 11 8 11 9 11 10 11 11 11 12
q 27 2 3 2 4 2 5 2 6 2 7 2 8 2 9 2 10 2 11 3 3 3 4 3 5 3 6 3 7 3 8 3 9 3 10 3 11 4 3 4 4 4 5 4 6 4 7 4 8 4 9 4 10 4 11
q 20 8 2 8 3 8 4 8 5 9 2 9 3 9 4 9 5 10 2 10 3 10 4 10 5 11 2 11 3 11 4 11 5 12 2 12 3 12 4 12 5
q 63 4 5 4 6 4 7 4 8 4 9 4 10 4 11 5 5 5 6 5 7 5 8 5 9 5 10 5 11 6 5 6 6 6 7 6 8 6 9 6 10 6 11 7 5 7 6 7 7 7 8 7 9 7 10 7 11 8 5 8 6 8 7 8 8 8 9 8 10 8 11 9 5 9 6 9 7 9 8 9 9 9 10 9 11 10 5 10 6 10 7 10 8 10 9 10 10 10 11 11 5 11 6 11 7 11 8 11 9 11 10 11 11 12 5 12 6 12 7 12 8 12 9 12 10 12 11
q 1 7 9
q 52 0 2 0 3 0 4 0 5 1 2 1 3 1 4 1 5 2 2 2 3 2 4 2 5 3 2 3 3 3 4 3 5 4 2 4 3 4 4 4 5 5 2 5 3 5 4 5 5 6 2 6 3 6 4 6 5 7 2 7 3 7 4 7 5 8 2 8 3 8 4 8 5 9 2 9 3 9 4 9 5 10 2 10 3 10 4 10 5 11 2 11 3 11 4 11 5 12 2 12 3 12 4 12 5
q 30 10 3 10 4 10 5 10 6 10 7 10 8 10 9 10 10 10 11 10 12 11 3 11 4 11 5 11 6 11 7 11 8 11 9 11 10 11 11 11 12 12 3 12 4 12 5 12 6 12 7 12 8 12 9 12 10 12 11 12 12
q 63 4 1 4 2 4 3 4 4 4 5 4 6 4 7 5 1 5 2 5 3 5 4 5 5 5 6 5 7 6 1 6 2 6 3 6 4 6 5 6 6 6 7 7 1 7 2 7 3 7 4 7 5 7 6 7 7 8 1 8 2 8 3 8 4 8 5 8 6 8 7 9 1 9 2 9 3 9 4 9 5 9 6 9 7 10 1 10 2 10 3 10 4 10 5 10 6 10 7 11 1 11 2 11 3 11 4 11 5 11 6 11 7 12 1 12 2 12 3 12 4 12 5 12 6 12 7
q 14 4 2 4 3 5 2 5 3 6 2 6 3 7 2 7 3 8 2 8 3 9 2 9 3 10 2 10 3
q 12 4 7 4 8 4 9 4 10 5 7 5 8 5 9 5 10 6 7 6 8 6 9 6 10
q 2 0 0 0 1
q 20 6 2 6 3 6 4 6 5 6 6 7 2 7 3 7 4 7 5 7 6 8 2 8 3 8 4 8 5 8 6 9 2 9 3 9 4 9 5 9 6
q 32 4 2 4 3 4 4 4 5 4 6 4 7 4 8 4 9 5 2 5 3 5 4 5 5 5 6 5 7 5 8 5 9 6 2 6 3 6 4 6 5 6 6 6 7 6 8 6 9 7 2 7 3 7 4 7 5 7 6 7 7 7 8 7 9
q 21 1 0 1 1 1 2 1 3 1 4 1 5 1 6 2 0 2 1 2 2 2 3 2 4 2 5 2 6 3 0 3 1 3 2 3 3 3 4 3 5 3 6
q 1 0 4
q 1 1 2
q 1 1 3
q 1 1 4
q 1 2 1
q 1 2 2
q 1 2 3
q 1 2 4
q 1 2 5
q 1 2 6
q 1 3 1
q 1 3 2
q 1 3 10
q 1 4 1
q 1 4 10
q 1 4 11
q 1 5 9
q 1 5 10
q 1 5 11
q 1 6 10
q 1 6 11
q 1 7 10
q 1 7 11
q 1 8 10
q 1 8 11
q 1 9 9
q 1 9 10
q 1 0 3
q 1 1 5
q 1 3 3
q 1 3 4
q 1 3 5
q 1 1 6
q 1 3 6
q 1 2 7
q 1 4 2
q 1 2 10
q 1 3 9
q 1 3 11
q 1 4 9
q 1 4 12
q 1 5 8
q 1 6 9
q 1 5 12
q 1 6 12
q 1 7 9
q 1 7 12
q 1 8 9
q 1 9 11
q 1 8 12
q 1 9 8
q 1 10 9
q 1 10 10
q 1 0 5
q 1 4 3
q 1 1 7
q 1 3 7
q 1 2 8
q 1 5 2
q 1 0 6
a 27 1 3 1 4 2 2 2 3 2 4 2 5 2 6 3 2 3 10 4 10 4 11 5 9 5 10 5 11 6 10 6 11 7 10 7 11 8 10 8 11 9 9 9 10 1 5 3 3 2 7 4 2 0 5 
