q 54 5 4 5 5 5 6 5 7 5 8 5 9 5 10 5 11 5 12 6 4 6 5 6 6 6 7 6 8 6 9 6 10 6 11 6 12 7 4 7 5 7 6 7 7 7 8 7 9 7 10 7 11 7 12 8 4 8 5 8 6 8 7 8 8 8 9 8 10 8 11 8 12 9 4 9 5 9 6 9 7 9 8 9 9 9 10 9 11 9 12 10 4 10 5 10 6 10 7 10 8 10 9 10 10 10 11 10 12
q 40 1 1 1 2 1 3 1 4 1 5 2 1 2 2 2 3 2 4 2 5 3 1 3 2 3 3 3 4 3 5 4 1 4 2 4 3 4 4 4 5 5 1 5 2 5 3 5 4 5 5 6 1 6 2 6 3 6 4 6 5 7 1 7 2 7 3 7 4 7 5 8 1 8 2 8 3 8 4 8 5
q 56 0 1 0 2 0 3 0 4 1 1 1 2 1 3 1 4 2 1 2 2 2 3 2 4 3 1 3 2 3 3 3 4 4 1 4 2 4 3 4 4 5 1 5 2 5 3 5 4 6 1 6 2 6 3 6 4 7 1 7 2 7 3 7 4 8 1 8 2 8 3 8 4 9 1 9 2 9 3 9 4 10 1 10 2 10 3 10 4 11 1 11 2 11 3 11 4 12 1 12 2 12 3 12 4 13 1 13 2 13 3 13 4
q 30 13 0 13 1 13 2 13 3 13 4 13 5 13 6 13 7 13 8 13 9 13 10 13 11 13 12 13 13 13 14 14 0 14 1 14 2 14 3 14 4 14 5 14 6 14 7 14 8 14 9 14 10 14 11 14 12 14 13 14 14
q 42 0 6 0 7 0 8 1 6 1 7 1 8 2 6 2 7 2 8 3 6 3 7 3 8 4 6 4 7 4 8 5 6 5 7 5 8 6 6 6 7 6 8 7 6 7 7 7 8 8 6 8 7 8 8 9 6 9 7 9 8 10 6 10 7 10 8 11 6 11 7 11 8 12 6 12 7 12 8 13 6 13 7 13 8
q 36 7 0 7 1 7 2 7 3 7 4 7 5 7 6 7 7 7 8 7 9 7 10 7 11 8 0 8 1 8 2 8 3 8 4 8 5 8 6 8 7 8 8 8 9 8 10 8 11 9 0 9 1 9 2 9 3 9 4 9 5 9 6 9 7 9 8 9 9 9 10 9 11
q 56 3 6 3 7 3 8 3 9 3 10 3 11 3 12 3 13 4 6 4 7 4 8 4 9 4 10 4 11 4 12 4 13 5 6 5 7 5 8 5 9 5 10 5 11 5 12 5 13 6 6 6 7 6 8 6 9 6 10 6 11 6 12 6 13 7 6 7 7 7 8 7 9 7 10 7 11 7 12 7 13 8 6 8 7 8 8 8 9 8 10 8 11 8 12 8 13 9 6 9 7 9 8 9 9 9 10 9 11 9 12 9 13
q 32 3 3 3 4 3 5 3 6 3 7 3 8 3 9 3 10 4 3 4 4 4 5 4 6 4 7 4 8 4 9 4 10 5 3 5 4 5 5 5 6 5 7 5 8 5 9 5 10 6 3 6 4 6 5 6 6 6 7 6 8 6 9 6 10
q 26 0 6 0 7 1 6 1 7 2 6 2 7 3 6 3 7 4 6 4 7 5 6 5 7 6 6 6 7 7 6 7 7 8 6 8 7 9 6 9 7 10 6 10 7 11 6 11 7 12 6 12 7
q 55 4 5 4 6 4 7 4 8 4 9 5 5 5 6 5 7 5 8 5 9 6 5 6 6 6 7 6 8 6 9 7 5 7 6 7 7 7 8 7 9 8 5 8 6 8 7 8 8 8 9 9 5 9 6 9 7 9 8 9 9 10 5 10 6 10 7 10 8 10 9 11 5 11 6 11 7 11 8 11 9 12 5 12 6 12 7 12 8 12 9 13 5 13 6 13 7 13 8 13 9 14 5 14 6 14 7 14 8 14 9
q 54 0 2 0 3 0 4 0 5 0 6 0 7 1 2 1 3 1 4 1 5 1 6 1 7 2 2 2 3 2 4 2 5 2 6 2 7 3 2 3 3 3 4 3 5 3 6 3 7 4 2 4 3 4 4 4 5 4 6 4 7 5 2 5 3 5 4 5 5 5 6 5 7 6 2 6 3 6 4 6 5 6 6 6 7 7 2 7 3 7 4 7 5 7 6 7 7 8 2 8 3 8 4 8 5 8 6 8 7
q 63 1 5 1 6 1 7 1 8 1 9 1 10 1 11 1 12 1 13 2 5 2 6 2 7 2 8 2 9 2 10 2 11 2 12 2 13 3 5 3 6 3 7 3 8 3 9 3 10 3 11 3 12 3 13 4 5 4 6 4 7 4 8 4 9 4 10 4 11 4 12 4 13 5 5 5 6 5 7 5 8 5 9 5 10 5 11 5 12 5 13 6 5 6 6 6 7 6 8 6 9 6 10 6 11 6 12 6 13 7 5 7 6 7 7 7 8 7 9 7 10 7 11 7 12 7 13
q 48 3 5 3 6 3 7 3 8 3 9 3 10 3 11 3 12 4 5 4 6 4 7 4 8 4 9 4 10 4 11 4 12 5 5 5 6 5 7 5 8 5 9 5 10 5 11 5 12 6 5 6 6 6 7 6 8 6 9 6 10 6 11 6 12 7 5 7 6 7 7 7 8 7 9 7 10 7 11 7 12 8 5 8 6 8 7 8 8 8 9 8 10 8 11 8 12
q 44 3 0 3 1 3 2 3 3 3 4 3 5 3 6 3 7 3 8 3 9 3 10 4 0 4 1 4 2 4 3 4 4 4 5 4 6 4 7 4 8 4 9 4 10 5 0 5 1 5 2 5 3 5 4 5 5 5 6 5 7 5 8 5 9 5 10 6 0 6 1 6 2 6 3 6 4 6 5 6 6 6 7 6 8 6 9 6 10
q 36 3 1 3 2 3 3 3 4 3 5 3 6 4 1 4 2 4 3 4 4 4 5 4 6 5 1 5 2 5 3 5 4 5 5 5 6 6 1 6 2 6 3 6 4 6 5 6 6 7 1 7 2 7 3 7 4 7 5 7 6 8 1 8 2 8 3 8 4 8 5 8 6
q 50 4 1 4 2 4 3 4 4 4 5 4 6 4 7 4 8 4 9 4 10 5 1 5 2 5 3 5 4 5 5 5 6 5 7 5 8 5 9 5 10 6 1 6 2 6 3 6 4 6 5 6 6 6 7 6 8 6 9 6 10 7 1 7 2 7 3 7 4 7 5 7 6 7 7 7 8 7 9 7 10 8 1 8 2 8 3 8 4 8 5 8 6 8 7 8 8 8 9 8 10
q 27 2 3 2 4 2 5 3 3 3 4 3 5 4 3 4 4 4 5 5 3 5 4 5 5 6 3 6 4 6 5 7 3 7 4 7 5 8 3 8 4 8 5 9 3 9 4 9 5 10 3 10 4 10 5
q 55 5 4 5 5 5 6 5 7 5 8 5 9 5 10 5 11 5 12 5 13 5 14 6 4 6 5 6 6 6 7 6 8 6 9 6 10 6 11 6 12 6 13 6 14 7 4 7 5 7 6 7 7 7 8 7 9 7 10 7 11 7 12 7 13 7 14 8 4 8 5 8 6 8 7 8 8 8 9 8 10 8 11 8 12 8 13 8 14 9 4 9 5 9 6 9 7 9 8 9 9 9 10 9 11 9 12 9 13 9 14
q 60 0 2 0 3 0 4 0 5 1 2 1 3 1 4 1 5 2 2 2 3 2 4 2 5 3 2 3 3 3 4 3 5 4 2 4 3 4 4 4 5 5 2 5 3 5 4 5 5 6 2 6 3 6 4 6 5 7 2 7 3 7 4 7 5 8 2 8 3 8 4 8 5 9 2 9 3 9 4 9 5 10 2 10 3 10 4 10 5 11 2 11 3 11 4 11 5 12 2 12 3 12 4 12 5 13 2 13 3 13 4 13 5 14 2 14 3 14 4 14 5
q 26 12 1 12 2 12 3 12 4 12 5 12 6 12 7 12 8 12 9 12 10 12 11 12 12 12 13 13 1 13 2 13 3 13 4 13 5 13 6 13 7 13 8 13 9 13 10 13 11 13 12 13 13
q 42 8 2 8 3 8 4 8 5 8 6 8 7 8 8 9 2 9 3 9 4 9 5 9 6 9 7 9 8 10 2 10 3 10 4 10 5 10 6 10 7 10 8 11 2 11 3 11 4 11 5 11 6 11 7 11 8 12 2 12 3 12 4 12 5 12 6 12 7 12 8 13 2 13 3 13 4 13 5 13 6 13 7 13 8
q 42 6 5 6 6 6 7 6 8 6 9 6 10 6 11 7 5 7 6 7 7 7 8 7 9 7 10 7 11 8 5 8 6 8 7 8 8 8 9 8 10 8 11 9 5 9 6 9 7 9 8 9 9 9 10 9 11 10 5 10 6 10 7 10 8 10 9 10 10 10 11 11 5 11 6 11 7 11 8 11 9 11 10 11 11
q 30 4 8 4 9 4 10 4 11 4 12 4 13 5 8 5 9 5 10 5 11 5 12 5 13 6 8 6 9 6 10 6 11 6 12 6 13 7 8 7 9 7 10 7 11 7 12 7 13 8 8 8 9 8 10 8 11 8 12 8 13
q 30 4 0 4 1 4 2 5 0 5 1 5 2 6 0 6 1 6 2 7 0 7 1 7 2 8 0 8 1 8 2 9 0 9 1 9 2 10 0 10 1 10 2 11 0 11 1 11 2 12 0 12 1 12 2 13 0 13 1 13 2
q 56 1 10 1 11 1 12 1 13 2 10 2 11 2 12 2 13 3 10 3 11 3 12 3 13 4 10 4 11 4 12 4 13 5 10 5 11 5 12 5 13 6 10 6 11 6 12 6 13 7 10 7 11 7 12 7 13 8 10 8 11 8 12 8 13 9 10 9 11 9 12 9 13 10 10 10 11 10 12 10 13 11 10 11 11 11 12 11 13 12 10 12 11 12 12 12 13 13 10 13 11 13 12 13 13 14 10 14 11 14 12 14 13
q 60 7 1 7 2 7 3 7 4 7 5 7 6 7 7 7 8 7 9 7 10 7 11 7 12 8 1 8 2 8 3 8 4 8 5 8 6 8 7 8 8 8 9 8 10 8 11 8 12 9 1 9 2 9 3 9 4 9 5 9 6 9 7 9 8 9 9 9 10 9 11 9 12 10 1 10 2 10 3 10 4 10 5 10 6 10 7 10 8 10 9 10 10 10 11 10 12 11 1 11 2 11 3 11 4 11 5 11 6 11 7 11 8 11 9 11 10 11 11 11 12
q 35 1 7 1 8 1 9 1 10 1 11 1 12 1 13 2 7 2 8 2 9 2 10 2 11 2 12 2 13 3 7 3 8 3 9 3 10 3 11 3 12 3 13 4 7 4 8 4 9 4 10 4 11 4 12 4 13 5 7 5 8 5 9 5 10 5 11 5 12 5 13
q 48 2 7 2 8 2 9 2 10 3 7 3 8 3 9 3 10 4 7 4 8 4 9 4 10 5 7 5 8 5 9 5 10 6 7 6 8 6 9 6 10 7 7 7 8 7 9 7 10 8 7 8 8 8 9 8 10 9 7 9 8 9 9 9 10 10 7 10 8 10 9 10 10 11 7 11 8 11 9 11 10 12 7 12 8 12 9 12 10 13 7 13 8 13 9 13 10
q 28 10 0 10 1 10 2 10 3 10 4 10 5 10 6 10 7 10 8 10 9 10 10 10 11 10 12 10 13 11 0 11 1 11 2 11 3 11 4 11 5 11 6 11 7 11 8 11 9 11 10 11 11 11 12 11 13
q 54 3 5 3 6 3 7 3 8 3 9 3 10 3 11 3 12 3 13 4 5 4 6 4 7 4 8 4 9 4 10 4 11 4 12 4 13 5 5 5 6 5 7 5 8 5 9 5 10 5 11 5 12 5 13 6 5 6 6 6 7 6 8 6 9 6 10 6 11 6 12 6 13 7 5 7 6 7 7 7 8 7 9 7 10 7 11 7 12 7 13 8 5 8 6 8 7 8 8 8 9 8 10 8 11 8 12 8 13
q 40 7 8 7 9 7 10 7 11 7 12 8 8 8 9 8 10 8 11 8 12 9 8 9 9 9 10 9 11 9 12 10 8 10 9 10 10 10 11 10 12 11 8 11 9 11 10 11 11 11 12 12 8 12 9 12 10 12 11 12 12 13 8 13 9 13 10 13 11 13 12 14 8 14 9 14 10 14 11 14 12
q 45 4 9 4 10 4 11 4 12 4 13 5 9 5 10 5 11 5 12 5 13 6 9 6 10 6 11 6 12 6 13 7 9 7 10 7 11 7 12 7 13 8 9 8 10 8 11 8 12 8 13 9 9 9 10 9 11 9 12 9 13 10 9 10 10 10 11 10 12 10 13 11 9 11 10 11 11 11 12 11 13 12 9 12 10 12 11 12 12 12 13
q 63 3 7 3 8 3 9 3 10 3 11 3 12 3 13 4 7 4 8 4 9 4 10 4 11 4 12 4 13 5 7 5 8 5 9 5 10 5 11 5 12 5 13 6 7 6 8 6 9 6 10 6 11 6 12 6 13 7 7 7 8 7 9 7 10 7 11 7 12 7 13 8 7 8 8 8 9 8 10 8 11 8 12 8 13 9 7 9 8 9 9 9 10 9 11 9 12 9 13 10 7 10 8 10 9 10 10 10 11 10 12 10 13 11 7 11 8 11 9 11 10 11 11 11 12 11 13
q 42 2 5 2 6 2 7 2 8 2 9 2 10 2 11 3 5 3 6 3 7 3 8 3 9 3 10 3 11 4 5 4 6 4 7 4 8 4 9 4 10 4 11 5 5 5 6 5 7 5 8 5 9 5 10 5 11 6 5 6 6 6 7 6 8 6 9 6 10 6 11 7 5 7 6 7 7 7 8 7 9 7 10 7 11
q 40 10 4 10 5 10 6 10 7 10 8 10 9 10 10 10 11 11 4 11 5 11 6 11 7 11 8 11 9 11 10 11 11 12 4 12 5 12 6 12 7 12 8 12 9 12 10 12 11 13 4 13 5 13 6 13 7 13 8 13 9 13 10 13 11 14 4 14 5 14 6 14 7 14 8 14 9 14 10 14 11
q 42 4 9 4 10 4 11 4 12 4 13 4 14 5 9 5 10 5 11 5 12 5 13 5 14 6 9 6 10 6 11 6 12 6 13 6 14 7 9 7 10 7 11 7 12 7 13 7 14 8 9 8 10 8 11 8 12 8 13 8 14 9 9 9 10 9 11 9 12 9 13 9 14 10 9 10 10 10 11 10 12 10 13 10 14
q 27 2 6 2 7 2 8 2 9 2 10 2 11 2 12 2 13 2 14 3 6 3 7 3 8 3 9 3 10 3 11 3 12 3 13 3 14 4 6 4 7 4 8 4 9 4 10 4 11 4 12 4 13 4 14
q 30 2 5 2 6 2 7 2 8 2 9 2 10 3 5 3 6 3 7 3 8 3 9 3 10 4 5 4 6 4 7 4 8 4 9 4 10 5 5 5 6 5 7 5 8 5 9 5 10 6 5 6 6 6 7 6 8 6 9 6 10
q 33 2 11 2 12 2 13 3 11 3 12 3 13 4 11 4 12 4 13 5 11 5 12 5 13 6 11 6 12 6 13 7 11 7 12 7 13 8 11 8 12 8 13 9 11 9 12 9 13 10 11 10 12 10 13 11 11 11 12 11 13 12 11 12 12 12 13
q 30 0 5 0 6 1 5 1 6 2 5 2 6 3 5 3 6 4 5 4 6 5 5 5 6 6 5 6 6 7 5 7 6 8 5 8 6 9 5 9 6 10 5 10 6 11 5 11 6 12 5 12 6 13 5 13 6 14 5 14 6
q 48 3 11 3 12 3 13 3 14 4 11 4 12 4 13 4 14 5 11 5 12 5 13 5 14 6 11 6 12 6 13 6 14 7 11 7 12 7 13 7 14 8 11 8 12 8 13 8 14 9 11 9 12 9 13 9 14 10 11 10 12 10 13 10 14 11 11 11 12 11 13 11 14 12 11 12 12 12 13 12 14 13 11 13 12 13 13 13 14 14 11 14 12 14 13 14 14
q 30 8 0 8 1 8 2 8 3 8 4 9 0 9 1 9 2 9 3 9 4 10 0 10 1 10 2 10 3 10 4 11 0 11 1 11 2 11 3 11 4 12 0 12 1 12 2 12 3 12 4 13 0 13 1 13 2 13 3 13 4
q 56 7 0 7 1 7 2 7 3 7 4 7 5 7 6 7 7 7 8 7 9 7 10 7 11 7 12 7 13 8 0 8 1 8 2 8 3 8 4 8 5 8 6 8 7 8 8 8 9 8 10 8 11 8 12 8 13 9 0 9 1 9 2 9 3 9 4 9 5 9 6 9 7 9 8 9 9 9 10 9 11 9 12 9 13 10 0 10 1 10 2 10 3 10 4 10 5 10 6 10 7 10 8 10 9 10 10 10 11 10 12 10 13
q 30 0 0 0 1 1 0 1 1 2 0 2 1 3 0 3 1 4 0 4 1 5 0 5 1 6 0 6 1 7 0 7 1 8 0 8 1 9 0 9 1 10 0 10 1 11 0 11 1 12 0 12 1 13 0 13 1 14 0 14 1
q 55 0 0 0 1 0 2 0 3 0 4 1 0 1 1 1 2 1 3 1 4 2 0 2 1 2 2 2 3 2 4 3 0 3 1 3 2 3 3 3 4 4 0 4 1 4 2 4 3 4 4 5 0 5 1 5 2 5 3 5 4 6 0 6 1 6 2 6 3 6 4 7 0 7 1 7 2 7 3 7 4 8 0 8 1 8 2 8 3 8 4 9 0 9 1 9 2 9 3 9 4 10 0 10 1 10 2 10 3 10 4
q 52 2 3 2 4 2 5 2 6 3 3 3 4 3 5 3 6 4 3 4 4 4 5 4 6 5 3 5 4 5 5 5 6 6 3 6 4 6 5 6 6 7 3 7 4 7 5 7 6 8 3 8 4 8 5 8 6 9 3 9 4 9 5 9 6 10 3 10 4 10 5 10 6 11 3 11 4 11 5 11 6 12 3 12 4 12 5 12 6 13 3 13 4 13 5 13 6 14 3 14 4 14 5 14 6
q 60 5 6 5 7 5 8 5 9 5 10 5 11 6 6 6 7 6 8 6 9 6 10 6 11 7 6 7 7 7 8 7 9 7 10 7 11 8 6 8 7 8 8 8 9 8 10 8 11 9 6 9 7 9 8 9 9 9 10 9 11 10 6 10 7 10 8 10 9 10 10 10 11 11 6 11 7 11 8 11 9 11 10 11 11 12 6 12 7 12 8 12 9 12 10 12 11 13 6 13 7 13 8 13 9 13 10 13 11 14 6 14 7 14 8 14 9 14 10 14 11
q 42 1 8 1 9 1 10 1 11 1 12 1 13 1 14 2 8 2 9 2 10 2 11 2 12 2 13 2 14 3 8 3 9 3 10 3 11 3 12 3 13 3 14 4 8 4 9 4 10 4 11 4 12 4 13 4 14 5 8 5 9 5 10 5 11 5 12 5 13 5 14 6 8 6 9 6 10 6 11 6 12 6 13 6 14
q 36 1 4 1 5 1 6 1 7 2 4 2 5 2 6 2 7 3 4 3 5 3 6 3 7 4 4 4 5 4 6 4 7 5 4 5 5 5 6 5 7 6 4 6 5 6 6 6 7 7 4 7 5 7 6 7 7 8 4 8 5 8 6 8 7 9 4 9 5 9 6 9 7
q 63 5 1 5 2 5 3 5 4 5 5 5 6 5 7 6 1 6 2 6 3 6 4 6 5 6 6 6 7 7 1 7 2 7 3 7 4 7 5 7 6 7 7 8 1 8 2 8 3 8 4 8 5 8 6 8 7 9 1 9 2 9 3 9 4 9 5 9 6 9 7 10 1 10 2 10 3 10 4 10 5 10 6 10 7 11 1 11 2 11 3 11 4 11 5 11 6 11 7 12 1 12 2 12 3 12 4 12 5 12 6 12 7 13 1 13 2 13 3 13 4 13 5 13 6 13 7
q 40 5 1 5 2 5 3 5 4 5 5 6 1 6 2 6 3 6 4 6 5 7 1 7 2 7 3 7 4 7 5 8 1 8 2 8 3 8 4 8 5 9 1 9 2 9 3 9 4 9 5 10 1 10 2 10 3 10 4 10 5 11 1 11 2 11 3 11 4 11 5 12 1 12 2 12 3 12 4 12 5
q 42 3 0 3 1 3 2 3 3 3 4 3 5 3 6 3 7 3 8 3 9 3 10 3 11 3 12 3 13 4 0 4 1 4 2 4 3 4 4 4 5 4 6 4 7 4 8 4 9 4 10 4 11 4 12 4 13 5 0 5 1 5 2 5 3 5 4 5 5 5 6 5 7 5 8 5 9 5 10 5 11 5 12 5 13
q 56 0 2 0 3 0 4 0 5 1 2 1 3 1 4 1 5 2 2 2 3 2 4 2 5 3 2 3 3 3 4 3 5 4 2 4 3 4 4 4 5 5 2 5 3 5 4 5 5 6 2 6 3 6 4 6 5 7 2 7 3 7 4 7 5 8 2 8 3 8 4 8 5 9 2 9 3 9 4 9 5 10 2 10 3 10 4 10 5 11 2 11 3 11 4 11 5 12 2 12 3 12 4 12 5 13 2 13 3 13 4 13 5
q 54 5 3 5 4 5 5 5 6 5 7 5 8 5 9 5 10 5 11 6 3 6 4 6 5 6 6 6 7 6 8 6 9 6 10 6 11 7 3 7 4 7 5 7 6 7 7 7 8 7 9 7 10 7 11 8 3 8 4 8 5 8 6 8 7 8 8 8 9 8 10 8 11 9 3 9 4 9 5 9 6 9 7 9 8 9 9 9 10 9 11 10 3 10 4 10 5 10 6 10 7 10 8 10 9 10 10 10 11
q 36 1 0 1 1 1 2 1 3 1 4 1 5 1 6 1 7 1 8 2 0 2 1 2 2 2 3 2 4 2 5 2 6 2 7 2 8 3 0 3 1 3 2 3 3 3 4 3 5 3 6 3 7 3 8 4 0 4 1 4 2 4 3 4 4 4 5 4 6 4 7 4 8
q 50 1 0 1 1 1 2 1 3 1 4 1 5 1 6 1 7 1 8 1 9 2 0 2 1 2 2 2 3 2 4 2 5 2 6 2 7 2 8 2 9 3 0 3 1 3 2 3 3 3 4 3 5 3 6 3 7 3 8 3 9 4 0 4 1 4 2 4 3 4 4 4 5 4 6 4 7 4 8 4 9 5 0 5 1 5 2 5 3 5 4 5 5 5 6 5 7 5 8 5 9
q 35 0 0 0 1 0 2 0 3 0 4 0 5 0 6 1 0 1 1 1 2 1 3 1 4 1 5 1 6 2 0 2 1 2 2 2 3 2 4 2 5 2 6 3 0 3 1 3 2 3 3 3 4 3 5 3 6 4 0 4 1 4 2 4 3 4 4 4 5 4 6
q 36 2 10 2 11 2 12 3 10 3 11 3 12 4 10 4 11 4 12 5 10 5 11 5 12 6 10 6 11 6 12 7 10 7 11 7 12 8 10 8 11 8 12 9 10 9 11 9 12 10 10 10 11 10 12 11 10 11 11 11 12 12 10 12 11 12 12 13 10 13 11 13 12
q 28 0 2 0 3 1 2 1 3 2 2 2 3 3 2 3 3 4 2 4 3 5 2 5 3 6 2 6 3 7 2 7 3 8 2 8 3 9 2 9 3 10 2 10 3 11 2 11 3 12 2 12 3 13 2 13 3
q 36 0 6 0 7 0 8 0 9 0 10 0 11 0 12 0 13 0 14 1 6 1 7 1 8 1 9 1 10 1 11 1 12 1 13 1 14 2 6 2 7 2 8 2 9 2 10 2 11 2 12 2 13 2 14 3 6 3 7 3 8 3 9 3 10 3 11 3 12 3 13 3 14
q 52 0 2 0 3 0 4 0 5 1 2 1 3 1 4 1 5 2 2 2 3 2 4 2 5 3 2 3 3 3 4 3 5 4 2 4 3 4 4 4 5 5 2 5 3 5 4 5 5 6 2 6 3 6 4 6 5 7 2 7 3 7 4 7 5 8 2 8 3 8 4 8 5 9 2 9 3 9 4 9 5 10 2 10 3 10 4 10 5 11 2 11 3 11 4 11 5 12 2 12 3 12 4 12 5
q 28 9 2 9 3 9 4 9 5 9 6 9 7 9 8 10 2 10 3 10 4 10 5 10 6 10 7 10 8 11 2 11 3 11 4 11 5 11 6 11 7 11 8 12 2 12 3 12 4 12 5 12 6 12 7 12 8
q 48 0 3 0 4 0 5 0 6 0 7 0 8 0 9 0 10 0 11 0 12 0 13 0 14 1 3 1 4 1 5 1 6 1 7 1 8 1 9 1 10 1 11 1 12 1 13 1 14 2 3 2 4 2 5 2 6 2 7 2 8 2 9 2 10 2 11 2 12 2 13 2 14 3 3 3 4 3 5 3 6 3 7 3 8 3 9 3 10 3 11 3 12 3 13 3 14
q 48 0 7 0 8 0 9 0 10 0 11 0 12 0 13 0 14 1 7 1 8 1 9 1 10 1 11 1 12 1 13 1 14 2 7 2 8 2 9 2 10 2 11 2 12 2 13 2 14 3 7 3 8 3 9 3 10 3 11 3 12 3 13 3 14 4 7 4 8 4 9 4 10 4 11 4 12 4 13 4 14 5 7 5 8 5 9 5 10 5 11 5 12 5 13 5 14
q 39 1 1 1 2 1 3 2 1 2 2 2 3 3 1 3 2 3 3 4 1 4 2 4 3 5 1 5 2 5 3 6 1 6 2 6 3 7 1 7 2 7 3 8 1 8 2 8 3 9 1 9 2 9 3 10 1 10 2 10 3 11 1 11 2 11 3 12 1 12 2 12 3 13 1 13 2 13 3
q 48 1 1 1 2 1 3 1 4 1 5 1 6 2 1 2 2 2 3 2 4 2 5 2 6 3 1 3 2 3 3 3 4 3 5 3 6 4 1 4 2 4 3 4 4 4 5 4 6 5 1 5 2 5 3 5 4 5 5 5 6 6 1 6 2 6 3 6 4 6 5 6 6 7 1 7 2 7 3 7 4 7 5 7 6 8 1 8 2 8 3 8 4 8 5 8 6
q 60 9 4 9 5 9 6 9 7 9 8 9 9 9 10 9 11 9 12 9 13 10 4 10 5 10 6 10 7 10 8 10 9 10 10 10 11 10 12 10 13 11 4 11 5 11 6 11 7 11 8 11 9 11 10 11 11 11 12 11 13 12 4 12 5 12 6 12 7 12 8 12 9 12 10 12 11 12 12 12 13 13 4 13 5 13 6 13 7 13 8 13 9 13 10 13 11 13 12 13 13 14 4 14 5 14 6 14 7 14 8 14 9 14 10 14 11 14 12 14 13
q 56 0 8 0 9 0 10 0 11 1 8 1 9 1 10 1 11 2 8 2 9 2 10 2 11 3 8 3 9 3 10 3 11 4 8 4 9 4 10 4 11 5 8 5 9 5 10 5 11 6 8 6 9 6 10 6 11 7 8 7 9 7 10 7 11 8 8 8 9 8 10 8 11 9 8 9 9 9 10 9 11 10 8 10 9 10 10 10 11 11 8 11 9 11 10 11 11 12 8 12 9 12 10 12 11 13 8 13 9 13 10 13 11
q 60 9 0 9 1 9 2 9 3 9 4 9 5 9 6 9 7 9 8 9 9 9 10 9 11 10 0 10 1 10 2 10 3 10 4 10 5 10 6 10 7 10 8 10 9 10 10 10 11 11 0 11 1 11 2 11 3 11 4 11 5 11 6 11 7 11 8 11 9 11 10 11 11 12 0 12 1 12 2 12 3 12 4 12 5 12 6 12 7 12 8 12 9 12 10 12 11 13 0 13 1 13 2 13 3 13 4 13 5 13 6 13 7 13 8 13 9 13 10 13 11
q 60 0 4 0 5 0 6 0 7 0 8 0 9 0 10 0 11 0 12 0 13 1 4 1 5 1 6 1 7 1 8 1 9 1 10 1 11 1 12 1 13 2 4 2 5 2 6 2 7 2 8 2 9 2 10 2 11 2 12 2 13 3 4 3 5 3 6 3 7 3 8 3 9 3 10 3 11 3 12 3 13 4 4 4 5 4 6 4 7 4 8 4 9 4 10 4 11 4 12 4 13 5 4 5 5 5 6 5 7 5 8 5 9 5 10 5 11 5 12 5 13
q 48 3 0 3 1 3 2 3 3 3 4 3 5 3 6 3 7 3 8 3 9 3 10 3 11 4 0 4 1 4 2 4 3 4 4 4 5 4 6 4 7 4 8 4 9 4 10 4 11 5 0 5 1 5 2 5 3 5 4 5 5 5 6 5 7 5 8 5 9 5 10 5 11 6 0 6 1 6 2 6 3 6 4 6 5 6 6 6 7 6 8 6 9 6 10 6 11
q 54 3 2 3 3 3 4 3 5 3 6 3 7 3 8 3 9 3 10 4 2 4 3 4 4 4 5 4 6 4 7 4 8 4 9 4 10 5 2 5 3 5 4 5 5 5 6 5 7 5 8 5 9 5 10 6 2 6 3 6 4 6 5 6 6 6 7 6 8 6 9 6 10 7 2 7 3 7 4 7 5 7 6 7 7 7 8 7 9 7 10 8 2 8 3 8 4 8 5 8 6 8 7 8 8 8 9 8 10
q 36 0 0 0 1 0 2 0 3 0 4 0 5 0 6 0 7 0 8 1 0 1 1 1 2 1 3 1 4 1 5 1 6 1 7 1 8 2 0 2 1 2 2 2 3 2 4 2 5 2 6 2 7 2 8 3 0 3 1 3 2 3 3 3 4 3 5 3 6 3 7 3 8
q 28 1 1 1 2 2 1 2 2 3 1 3 2 4 1 4 2 5 1 5 2 6 1 6 2 7 1 7 2 8 1 8 2 9 1 9 2 10 1 10 2 11 1 11 2 12 1 12 2 13 1 13 2 14 1 14 2
q 33 1 3 1 4 1 5 2 3 2 4 2 5 3 3 3 4 3 5 4 3 4 4 4 5 5 3 5 4 5 5 6 3 6 4 6 5 7 3 7 4 7 5 8 3 8 4 8 5 9 3 9 4 9 5 10 3 10 4 10 5 11 3 11 4 11 5
q 30 7 5 7 6 7 7 7 8 7 9 8 5 8 6 8 7 8 8 8 9 9 5 9 6 9 7 9 8 9 9 10 5 10 6 10 7 10 8 10 9 11 5 11 6 11 7 11 8 11 9 12 5 12 6 12 7 12 8 12 9
q 50 3 8 3 9 3 10 3 11 3 12 4 8 4 9 4 10 4 11 4 12 5 8 5 9 5 10 5 11 5 12 6 8 6 9 6 10 6 11 6 12 7 8 7 9 7 10 7 11 7 12 8 8 8 9 8 10 8 11 8 12 9 8 9 9 9 10 9 11 9 12 10 8 10 9 10 10 10 11 10 12 11 8 11 9 11 10 11 11 11 12 12 8 12 9 12 10 12 11 12 12
q 28 5 8 5 9 5 10 5 11 5 12 5 13 5 14 6 8 6 9 6 10 6 11 6 12 6 13 6 14 7 8 7 9 7 10 7 11 7 12 7 13 7 14 8 8 8 9 8 10 8 11 8 12 8 13 8 14
q 36 1 4 1 5 1 6 1 7 1 8 1 9 1 10 1 11 1 12 2 4 2 5 2 6 2 7 2 8 2 9 2 10 2 11 2 12 3 4 3 5 3 6 3 7 3 8 3 9 3 10 3 11 3 12 4 4 4 5 4 6 4 7 4 8 4 9 4 10 4 11 4 12
q 45 1 10 1 11 1 12 1 13 1 14 2 10 2 11 2 12 2 13 2 14 3 10 3 11 3 12 3 13 3 14 4 10 4 11 4 12 4 13 4 14 5 10 5 11 5 12 5 13 5 14 6 10 6 11 6 12 6 13 6 14 7 10 7 11 7 12 7 13 7 14 8 10 8 11 8 12 8 13 8 14 9 10 9 11 9 12 9 13 9 14
q 28 3 1 3 2 3 3 3 4 3 5 3 6 3 7 3 8 3 9 3 10 3 11 3 12 3 13 3 14 4 1 4 2 4 3 4 4 4 5 4 6 4 7 4 8 4 9 4 10 4 11 4 12 4 13 4 14
q 40 7 7 7 8 7 9 7 10 7 11 7 12 7 13 7 14 8 7 8 8 8 9 8 10 8 11 8 12 8 13 8 14 9 7 9 8 9 9 9 10 9 11 9 12 9 13 9 14 10 7 10 8 10 9 10 10 10 11 10 12 10 13 10 14 11 7 11 8 11 9 11 10 11 11 11 12 11 13 11 14
q 54 4 6 4 7 4 8 4 9 4 10 4 11 5 6 5 7 5 8 5 9 5 10 5 11 6 6 6 7 6 8 6 9 6 10 6 11 7 6 7 7 7 8 7 9 7 10 7 11 8 6 8 7 8 8 8 9 8 10 8 11 9 6 9 7 9 8 9 9 9 10 9 11 10 6 10 7 10 8 10 9 10 10 10 11 11 6 11 7 11 8 11 9 11 10 11 11 12 6 12 7 12 8 12 9 12 10 12 11
q 48 1 4 1 5 1 6 1 7 1 8 1 9 2 4 2 5 2 6 2 7 2 8 2 9 3 4 3 5 3 6 3 7 3 8 3 9 4 4 4 5 4 6 4 7 4 8 4 9 5 4 5 5 5 6 5 7 5 8 5 9 6 4 6 5 6 6 6 7 6 8 6 9 7 4 7 5 7 6 7 7 7 8 7 9 8 4 8 5 8 6 8 7 8 8 8 9
q 30 2 0 2 1 2 2 3 0 3 1 3 2 4 0 4 1 4 2 5 0 5 1 5 2 6 0 6 1 6 2 7 0 7 1 7 2 8 0 8 1 8 2 9 0 9 1 9 2 10 0 10 1 10 2 11 0 11 1 11 2
q 30 4 7 4 8 4 9 5 7 5 8 5 9 6 7 6 8 6 9 7 7 7 8 7 9 8 7 8 8 8 9 9 7 9 8 9 9 10 7 10 8 10 9 11 7 11 8 11 9 12 7 12 8 12 9 13 7 13 8 13 9
q 36 3 5 3 6 3 7 3 8 3 9 3 10 3 11 3 12 3 13 4 5 4 6 4 7 4 8 4 9 4 10 4 11 4 12 4 13 5 5 5 6 5 7 5 8 5 9 5 10 5 11 5 12 5 13 6 5 6 6 6 7 6 8 6 9 6 10 6 11 6 12 6 13
q 39 1 5 1 6 1 7 2 5 2 6 2 7 3 5 3 6 3 7 4 5 4 6 4 7 5 5 5 6 5 7 6 5 6 6 6 7 7 5 7 6 7 7 8 5 8 6 8 7 9 5 9 6 9 7 10 5 10 6 10 7 11 5 11 6 11 7 12 5 12 6 12 7 13 5 13 6 13 7
q 60 4 0 4 1 4 2 4 3 4 4 4 5 4 6 4 7 4 8 4 9 4 10 4 11 4 12 4 13 4 14 5 0 5 1 5 2 5 3 5 4 5 5 5 6 5 7 5 8 5 9 5 10 5 11 5 12 5 13 5 14 6 0 6 1 6 2 6 3 6 4 6 5 6 6 6 7 6 8 6 9 6 10 6 11 6 12 6 13 6 14 7 0 7 1 7 2 7 3 7 4 7 5 7 6 7 7 7 8 7 9 7 10 7 11 7 12 7 13 7 14
q 32 5 9 5 10 5 11 5 12 6 9 6 10 6 11 6 12 7 9 7 10 7 11 7 12 8 9 8 10 8 11 8 12 9 9 9 10 9 11 9 12 10 9 10 10 10 11 10 12 11 9 11 10 11 11 11 12 12 9 12 10 12 11 12 12
q 56 6 8 6 9 6 10 6 11 6 12 6 13 6 14 7 8 7 9 7 10 7 11 7 12 7 13 7 14 8 8 8 9 8 10 8 11 8 12 8 13 8 14 9 8 9 9 9 10 9 11 9 12 9 13 9 14 10 8 10 9 10 10 10 11 10 12 10 13 10 14 11 8 11 9 11 10 11 11 11 12 11 13 11 14 12 8 12 9 12 10 12 11 12 12 12 13 12 14 13 8 13 9 13 10 13 11 13 12 13 13 13 14
q 39 2 8 2 9 2 10 3 8 3 9 3 10 4 8 4 9 4 10 5 8 5 9 5 10 6 8 6 9 6 10 7 8 7 9 7 10 8 8 8 9 8 10 9 8 9 9 9 10 10 8 10 9 10 10 11 8 11 9 11 10 12 8 12 9 12 10 13 8 13 9 13 10 14 8 14 9 14 10
q 30 0 1 0 2 0 3 0 4 0 5 0 6 0 7 0 8 0 9 0 10 1 1 1 2 1 3 1 4 1 5 1 6 1 7 1 8 1 9 1 10 2 1 2 2 2 3 2 4 2 5 2 6 2 7 2 8 2 9 2 10
q 40 6 1 6 2 6 3 6 4 6 5 6 6 6 7 6 8 6 9 6 10 7 1 7 2 7 3 7 4 7 5 7 6 7 7 7 8 7 9 7 10 8 1 8 2 8 3 8 4 8 5 8 6 8 7 8 8 8 9 8 10 9 1 9 2 9 3 9 4 9 5 9 6 9 7 9 8 9 9 9 10
q 55 0 4 0 5 0 6 0 7 0 8 1 4 1 5 1 6 1 7 1 8 2 4 2 5 2 6 2 7 2 8 3 4 3 5 3 6 3 7 3 8 4 4 4 5 4 6 4 7 4 8 5 4 5 5 5 6 5 7 5 8 6 4 6 5 6 6 6 7 6 8 7 4 7 5 7 6 7 7 7 8 8 4 8 5 8 6 8 7 8 8 9 4 9 5 9 6 9 7 9 8 10 4 10 5 10 6 10 7 10 8
q 45 0 1 0 2 0 3 1 1 1 2 1 3 2 1 2 2 2 3 3 1 3 2 3 3 4 1 4 2 4 3 5 1 5 2 5 3 6 1 6 2 6 3 7 1 7 2 7 3 8 1 8 2 8 3 9 1 9 2 9 3 10 1 10 2 10 3 11 1 11 2 11 3 12 1 12 2 12 3 13 1 13 2 13 3 14 1 14 2 14 3
q 35 5 7 5 8 5 9 5 10 5 11 5 12 5 13 6 7 6 8 6 9 6 10 6 11 6 12 6 13 7 7 7 8 7 9 7 10 7 11 7 12 7 13 8 7 8 8 8 9 8 10 8 11 8 12 8 13 9 7 9 8 9 9 9 10 9 11 9 12 9 13
q 27 3 2 3 3 3 4 3 5 3 6 3 7 3 8 3 9 3 10 4 2 4 3 4 4 4 5 4 6 4 7 4 8 4 9 4 10 5 2 5 3 5 4 5 5 5 6 5 7 5 8 5 9 5 10
q 50 2 2 2 3 2 4 2 5 2 6 2 7 2 8 2 9 2 10 2 11 3 2 3 3 3 4 3 5 3 6 3 7 3 8 3 9 3 10 3 11 4 2 4 3 4 4 4 5 4 6 4 7 4 8 4 9 4 10 4 11 5 2 5 3 5 4 5 5 5 6 5 7 5 8 5 9 5 10 5 11 6 2 6 3 6 4 6 5 6 6 6 7 6 8 6 9 6 10 6 11
q 60 1 6 1 7 1 8 1 9 1 10 1 11 2 6 2 7 2 8 2 9 2 10 2 11 3 6 3 7 3 8 3 9 3 10 3 11 4 6 4 7 4 8 4 9 4 10 4 11 5 6 5 7 5 8 5 9 5 10 5 11 6 6 6 7 6 8 6 9 6 10 6 11 7 6 7 7 7 8 7 9 7 10 7 11 8 6 8 7 8 8 8 9 8 10 8 11 9 6 9 7 9 8 9 9 9 10 9 11 10 6 10 7 10 8 10 9 10 10 10 11
q 33 1 12 1 13 1 14 2 12 2 13 2 14 3 12 3 13 3 14 4 12 4 13 4 14 5 12 5 13 5 14 6 12 6 13 6 14 7 12 7 13 7 14 8 12 8 13 8 14 9 12 9 13 9 14 10 12 10 13 10 14 11 12 11 13 11 14
q 27 9 1 9 2 9 3 9 4 9 5 9 6 9 7 9 8 9 9 10 1 10 2 10 3 10 4 10 5 10 6 10 7 10 8 10 9 11 1 11 2 11 3 11 4 11 5 11 6 11 7 11 8 11 9
q 36 10 2 10 3 10 4 10 5 10 6 10 7 10 8 10 9 10 10 11 2 11 3 11 4 11 5 11 6 11 7 11 8 11 9 11 10 12 2 12 3 12 4 12 5 12 6 12 7 12 8 12 9 12 10 13 2 13 3 13 4 13 5 13 6 13 7 13 8 13 9 13 10
q 28 3 8 3 9 3 10 3 11 3 12 3 13 3 14 4 8 4 9 4 10 4 11 4 12 4 13 4 14 5 8 5 9 5 10 5 11 5 12 5 13 5 14 6 8 6 9 6 10 6 11 6 12 6 13 6 14
q 54 1 6 1 7 1 8 1 9 1 10 1 11 1 12 1 13 1 14 2 6 2 7 2 8 2 9 2 10 2 11 2 12 2 13 2 14 3 6 3 7 3 8 3 9 3 10 3 11 3 12 3 13 3 14 4 6 4 7 4 8 4 9 4 10 4 11 4 12 4 13 4 14 5 6 5 7 5 8 5 9 5 10 5 11 5 12 5 13 5 14 6 6 6 7 6 8 6 9 6 10 6 11 6 12 6 13 6 14
q 60 1 1 1 2 1 3 1 4 1 5 2 1 2 2 2 3 2 4 2 5 3 1 3 2 3 3 3 4 3 5 4 1 4 2 4 3 4 4 4 5 5 1 5 2 5 3 5 4 5 5 6 1 6 2 6 3 6 4 6 5 7 1 7 2 7 3 7 4 7 5 8 1 8 2 8 3 8 4 8 5 9 1 9 2 9 3 9 4 9 5 10 1 10 2 10 3 10 4 10 5 11 1 11 2 11 3 11 4 11 5 12 1 12 2 12 3 12 4 12 5
q 28 0 12 0 13 1 12 1 13 2 12 2 13 3 12 3 13 4 12 4 13 5 12 5 13 6 12 6 13 7 12 7 13 8 12 8 13 9 12 9 13 10 12 10 13 11 12 11 13 12 12 12 13 13 12 13 13
q 36 2 8 2 9 2 10 3 8 3 9 3 10 4 8 4 9 4 10 5 8 5 9 5 10 6 8 6 9 6 10 7 8 7 9 7 10 8 8 8 9 8 10 9 8 9 9 9 10 10 8 10 9 10 10 11 8 11 9 11 10 12 8 12 9 12 10 13 8 13 9 13 10
q 54 5 9 5 10 5 11 5 12 5 13 5 14 6 9 6 10 6 11 6 12 6 13 6 14 7 9 7 10 7 11 7 12 7 13 7 14 8 9 8 10 8 11 8 12 8 13 8 14 9 9 9 10 9 11 9 12 9 13 9 14 10 9 10 10 10 11 10 12 10 13 10 14 11 9 11 10 11 11 11 12 11 13 11 14 12 9 12 10 12 11 12 12 12 13 12 14 13 9 13 10 13 11 13 12 13 13 13 14
q 45 10 4 10 5 10 6 10 7 10 8 10 9 10 10 10 11 10 12 11 4 11 5 11 6 11 7 11 8 11 9 11 10 11 11 11 12 12 4 12 5 12 6 12 7 12 8 12 9 12 10 12 11 12 12 13 4 13 5 13 6 13 7 13 8 13 9 13 10 13 11 13 12 14 4 14 5 14 6 14 7 14 8 14 9 14 10 14 11 14 12
q 27 6 10 6 11 6 12 7 10 7 11 7 12 8 10 8 11 8 12 9 10 9 11 9 12 10 10 10 11 10 12 11 10 11 11 11 12 12 10 12 11 12 12 13 10 13 11 13 12 14 10 14 11 14 12
q 54 1 4 1 5 1 6 1 7 1 8 1 9 1 10 1 11 1 12 2 4 2 5 2 6 2 7 2 8 2 9 2 10 2 11 2 12 3 4 3 5 3 6 3 7 3 8 3 9 3 10 3 11 3 12 4 4 4 5 4 6 4 7 4 8 4 9 4 10 4 11 4 12 5 4 5 5 5 6 5 7 5 8 5 9 5 10 5 11 5 12 6 4 6 5 6 6 6 7 6 8 6 9 6 10 6 11 6 12
q 60 0 0 0 1 0 2 0 3 0 4 0 5 1 0 1 1 1 2 1 3 1 4 1 5 2 0 2 1 2 2 2 3 2 4 2 5 3 0 3 1 3 2 3 3 3 4 3 5 4 0 4 1 4 2 4 3 4 4 4 5 5 0 5 1 5 2 5 3 5 4 5 5 6 0 6 1 6 2 6 3 6 4 6 5 7 0 7 1 7 2 7 3 7 4 7 5 8 0 8 1 8 2 8 3 8 4 8 5 9 0 9 1 9 2 9 3 9 4 9 5
q 30 1 2 1 3 1 4 2 2 2 3 2 4 3 2 3 3 3 4 4 2 4 3 4 4 5 2 5 3 5 4 6 2 6 3 6 4 7 2 7 3 7 4 8 2 8 3 8 4 9 2 9 3 9 4 10 2 10 3 10 4
q 30 3 12 3 13 3 14 4 12 4 13 4 14 5 12 5 13 5 14 6 12 6 13 6 14 7 12 7 13 7 14 8 12 8 13 8 14 9 12 9 13 9 14 10 12 10 13 10 14 11 12 11 13 11 14 12 12 12 13 12 14
q 42 5 5 5 6 5 7 5 8 5 9 5 10 5 11 6 5 6 6 6 7 6 8 6 9 6 10 6 11 7 5 7 6 7 7 7 8 7 9 7 10 7 11 8 5 8 6 8 7 8 8 8 9 8 10 8 11 9 5 9 6 9 7 9 8 9 9 9 10 9 11 10 5 10 6 10 7 10 8 10 9 10 10 10 11
q 32 11 2 11 3 11 4 11 5 11 6 11 7 11 8 11 9 12 2 12 3 12 4 12 5 12 6 12 7 12 8 12 9 13 2 13 3 13 4 13 5 13 6 13 7 13 8 13 9 14 2 14 3 14 4 14 5 14 6 14 7 14 8 14 9
q 25 7 6 7 7 7 8 7 9 7 10 8 6 8 7 8 8 8 9 8 10 9 6 9 7 9 8 9 9 9 10 10 6 10 7 10 8 10 9 10 10 11 6 11 7 11 8 11 9 11 10
q 50 4 9 4 10 4 11 4 12 4 13 5 9 5 10 5 11 5 12 5 13 6 9 6 10 6 11 6 12 6 13 7 9 7 10 7 11 7 12 7 13 8 9 8 10 8 11 8 12 8 13 9 9 9 10 9 11 9 12 9 13 10 9 10 10 10 11 10 12 10 13 11 9 11 10 11 11 11 12 11 13 12 9 12 10 12 11 12 12 12 13 13 9 13 10 13 11 13 12 13 13
q 60 3 2 3 3 3 4 3 5 3 6 3 7 4 2 4 3 4 4 4 5 4 6 4 7 5 2 5 3 5 4 5 5 5 6 5 7 6 2 6 3 6 4 6 5 6 6 6 7 7 2 7 3 7 4 7 5 7 6 7 7 8 2 8 3 8 4 8 5 8 6 8 7 9 2 9 3 9 4 9 5 9 6 9 7 10 2 10 3 10 4 10 5 10 6 10 7 11 2 11 3 11 4 11 5 11 6 11 7 12 2 12 3 12 4 12 5 12 6 12 7
q 30 0 12 0 13 1 12 1 13 2 12 2 13 3 12 3 13 4 12 4 13 5 12 5 13 6 12 6 13 7 12 7 13 8 12 8 13 9 12 9 13 10 12 10 13 11 12 11 13 12 12 12 13 13 12 13 13 14 12 14 13
q 30 0 5 0 6 1 5 1 6 2 5 2 6 3 5 3 6 4 5 4 6 5 5 5 6 6 5 6 6 7 5 7 6 8 5 8 6 9 5 9 6 10 5 10 6 11 5 11 6 12 5 12 6 13 5 13 6 14 5 14 6
q 32 1 5 1 6 1 7 1 8 2 5 2 6 2 7 2 8 3 5 3 6 3 7 3 8 4 5 4 6 4 7 4 8 5 5 5 6 5 7 5 8 6 5 6 6 6 7 6 8 7 5 7 6 7 7 7 8 8 5 8 6 8 7 8 8
q 12 10 5 10 6 10 7 11 5 11 6 11 7 12 5 12 6 12 7 13 5 13 6 13 7
q 4 12 0 12 1 13 0 13 1
q 52 2 9 2 10 2 11 2 12 3 9 3 10 3 11 3 12 4 9 4 10 4 11 4 12 5 9 5 10 5 11 5 12 6 9 6 10 6 11 6 12 7 9 7 10 7 11 7 12 8 9 8 10 8 11 8 12 9 9 9 10 9 11 9 12 10 9 10 10 10 11 10 12 11 9 11 10 11 11 11 12 12 9 12 10 12 11 12 12 13 9 13 10 13 11 13 12 14 9 14 10 14 11 14 12
q 54 6 1 6 2 6 3 6 4 6 5 6 6 6 7 6 8 6 9 7 1 7 2 7 3 7 4 7 5 7 6 7 7 7 8 7 9 8 1 8 2 8 3 8 4 8 5 8 6 8 7 8 8 8 9 9 1 9 2 9 3 9 4 9 5 9 6 9 7 9 8 9 9 10 1 10 2 10 3 10 4 10 5 10 6 10 7 10 8 10 9 11 1 11 2 11 3 11 4 11 5 11 6 11 7 11 8 11 9
q 6 11 6 11 7 12 6 12 7 13 6 13 7
q 44 2 5 2 6 2 7 2 8 3 5 3 6 3 7 3 8 4 5 4 6 4 7 4 8 5 5 5 6 5 7 5 8 6 5 6 6 6 7 6 8 7 5 7 6 7 7 7 8 8 5 8 6 8 7 8 8 9 5 9 6 9 7 9 8 10 5 10 6 10 7 10 8 11 5 11 6 11 7 11 8 12 5 12 6 12 7 12 8
q 26 0 6 0 7 1 6 1 7 2 6 2 7 3 6 3 7 4 6 4 7 5 6 5 7 6 6 6 7 7 6 7 7 8 6 8 7 9 6 9 7 10 6 10 7 11 6 11 7 12 6 12 7
q 35 9 6 9 7 9 8 9 9 9 10 9 11 9 12 10 6 10 7 10 8 10 9 10 10 10 11 10 12 11 6 11 7 11 8 11 9 11 10 11 11 11 12 12 6 12 7 12 8 12 9 12 10 12 11 12 12 13 6 13 7 13 8 13 9 13 10 13 11 13 12
q 27 6 11 6 12 6 13 7 11 7 12 7 13 8 11 8 12 8 13 9 11 9 12 9 13 10 11 10 12 10 13 11 11 11 12 11 13 12 11 12 12 12 13 13 11 13 12 13 13 14 11 14 12 14 13
q 12 3 12 3 13 4 12 4 13 5 12 5 13 6 12 6 13 7 12 7 13 8 12 8 13
q 36 5 5 5 6 5 7 5 8 5 9 5 10 5 11 5 12 5 13 6 5 6 6 6 7 6 8 6 9 6 10 6 11 6 12 6 13 7 5 7 6 7 7 7 8 7 9 7 10 7 11 7 12 7 13 8 5 8 6 8 7 8 8 8 9 8 10 8 11 8 12 8 13
q 10 10 11 10 12 11 11 11 12 12 11 12 12 13 11 13 12 14 11 14 12
q 24 1 9 1 10 1 11 1 12 2 9 2 10 2 11 2 12 3 9 3 10 3 11 3 12 4 9 4 10 4 11 4 12 5 9 5 10 5 11 5 12 6 9 6 10 6 11 6 12
q 56 11 1 11 2 11 3 11 4 11 5 11 6 11 7 11 8 11 9 11 10 11 11 11 12 11 13 11 14 12 1 12 2 12 3 12 4 12 5 12 6 12 7 12 8 12 9 12 10 12 11 12 12 12 13 12 14 13 1 13 2 13 3 13 4 13 5 13 6 13 7 13 8 13 9 13 10 13 11 13 12 13 13 13 14 14 1 14 2 14 3 14 4 14 5 14 6 14 7 14 8 14 9 14 10 14 11 14 12 14 13 14 14
q 1 14 6
q 8 5 6 5 7 5 8 5 9 6 6 6 7 6 8 6 9
q 12 3 3 3 4 3 5 4 3 4 4 4 5 5 3 5 4 5 5 6 3 6 4 6 5
q 56 0 0 0 1 0 2 0 3 0 4 0 5 0 6 0 7 0 8 0 9 0 10 0 11 0 12 0 13 1 0 1 1 1 2 1 3 1 4 1 5 1 6 1 7 1 8 1 9 1 10 1 11 1 12 1 13 2 0 2 1 2 2 2 3 2 4 2 5 2 6 2 7 2 8 2 9 2 10 2 11 2 12 2 13 3 0 3 1 3 2 3 3 3 4 3 5 3 6 3 7 3 8 3 9 3 10 3 11 3 12 3 13
q 16 3 1 3 2 3 3 3 4 3 5 3 6 3 7 3 8 4 1 4 2 4 3 4 4 4 5 4 6 4 7 4 8
q 14 8 1 8 2 8 3 8 4 8 5 8 6 8 7 8 8 8 9 8 10 8 11 8 12 8 13 8 14
q 15 10 11 10 12 10 13 11 11 11 12 11 13 12 11 12 12 12 13 13 11 13 12 13 13 14 11 14 12 14 13
q 6 5 5 5 6 5 7 6 5 6 6 6 7
q 14 10 1 10 2 10 3 10 4 10 5 10 6 10 7 10 8 10 9 10 10 10 11 10 12 10 13 10 14
q 44 4 4 4 5 4 6 4 7 4 8 4 9 4 10 4 11 4 12 4 13 4 14 5 4 5 5 5 6 5 7 5 8 5 9 5 10 5 11 5 12 5 13 5 14 6 4 6 5 6 6 6 7 6 8 6 9 6 10 6 11 6 12 6 13 6 14 7 4 7 5 7 6 7 7 7 8 7 9 7 10 7 11 7 12 7 13 7 14
q 60 0 6 0 7 0 8 0 9 0 10 0 11 1 6 1 7 1 8 1 9 1 10 1 11 2 6 2 7 2 8 2 9 2 10 2 11 3 6 3 7 3 8 3 9 3 10 3 11 4 6 4 7 4 8 4 9 4 10 4 11 5 6 5 7 5 8 5 9 5 10 5 11 6 6 6 7 6 8 6 9 6 10 6 11 7 6 7 7 7 8 7 9 7 10 7 11 8 6 8 7 8 8 8 9 8 10 8 11 9 6 9 7 9 8 9 9 9 10 9 11
q 12 1 2 2 2 3 2 4 2 5 2 6 2 7 2 8 2 9 2 10 2 11 2 12 2
q 6 1 9 1 10 2 9 2 10 3 9 3 10
q 24 8 2 8 3 8 4 8 5 9 2 9 3 9 4 9 5 10 2 10 3 10 4 10 5 11 2 11 3 11 4 11 5 12 2 12 3 12 4 12 5 13 2 13 3 13 4 13 5
q 40 7 6 7 7 7 8 7 9 7 10 7 11 7 12 7 13 8 6 8 7 8 8 8 9 8 10 8 11 8 12 8 13 9 6 9 7 9 8 9 9 9 10 9 11 9 12 9 13 10 6 10 7 10 8 10 9 10 10 10 11 10 12 10 13 11 6 11 7 11 8 11 9 11 10 11 11 11 12 11 13
q 14 6 8 6 9 6 10 6 11 6 12 6 13 6 14 7 8 7 9 7 10 7 11 7 12 7 13 7 14
q 48 1 9 1 10 1 11 1 12 1 13 1 14 2 9 2 10 2 11 2 12 2 13 2 14 3 9 3 10 3 11 3 12 3 13 3 14 4 9 4 10 4 11 4 12 4 13 4 14 5 9 5 10 5 11 5 12 5 13 5 14 6 9 6 10 6 11 6 12 6 13 6 14 7 9 7 10 7 11 7 12 7 13 7 14 8 9 8 10 8 11 8 12 8 13 8 14
q 15 2 11 2 12 2 13 3 11 3 12 3 13 4 11 4 12 4 13 5 11 5 12 5 13 6 11 6 12 6 13
q 30 0 5 0 6 1 5 1 6 2 5 2 6 3 5 3 6 4 5 4 6 5 5 5 6 6 5 6 6 7 5 7 6 8 5 8 6 9 5 9 6 10 5 10 6 11 5 11 6 12 5 12 6 13 5 13 6 14 5 14 6
q 52 4 0 4 1 4 2 4 3 4 4 4 5 4 6 4 7 4 8 4 9 4 10 4 11 4 12 5 0 5 1 5 2 5 3 5 4 5 5 5 6 5 7 5 8 5 9 5 10 5 11 5 12 6 0 6 1 6 2 6 3 6 4 6 5 6 6 6 7 6 8 6 9 6 10 6 11 6 12 7 0 7 1 7 2 7 3 7 4 7 5 7 6 7 7 7 8 7 9 7 10 7 11 7 12
q 6 11 11 11 12 11 13 12 11 12 12 12 13
q 30 13 0 13 1 13 2 13 3 13 4 13 5 13 6 13 7 13 8 13 9 13 10 13 11 13 12 13 13 13 14 14 0 14 1 14 2 14 3 14 4 14 5 14 6 14 7 14 8 14 9 14 10 14 11 14 12 14 13 14 14
q 6 11 6 11 7 11 8 12 6 12 7 12 8
q 45 7 0 7 1 7 2 7 3 7 4 7 5 7 6 7 7 7 8 8 0 8 1 8 2 8 3 8 4 8 5 8 6 8 7 8 8 9 0 9 1 9 2 9 3 9 4 9 5 9 6 9 7 9 8 10 0 10 1 10 2 10 3 10 4 10 5 10 6 10 7 10 8 11 0 11 1 11 2 11 3 11 4 11 5 11 6 11 7 11 8
q 15 1 5 1 6 1 7 1 8 1 9 2 5 2 6 2 7 2 8 2 9 3 5 3 6 3 7 3 8 3 9
q 3 14 2 14 3 14 4
q 6 3 1 4 1 5 1 6 1 7 1 8 1
q 40 9 4 9 5 9 6 9 7 9 8 9 9 9 10 9 11 9 12 9 13 10 4 10 5 10 6 10 7 10 8 10 9 10 10 10 11 10 12 10 13 11 4 11 5 11 6 11 7 11 8 11 9 11 10 11 11 11 12 11 13 12 4 12 5 12 6 12 7 12 8 12 9 12 10 12 11 12 12 12 13
q 36 1 4 1 5 1 6 1 7 2 4 2 5 2 6 2 7 3 4 3 5 3 6 3 7 4 4 4 5 4 6 4 7 5 4 5 5 5 6 5 7 6 4 6 5 6 6 6 7 7 4 7 5 7 6 7 7 8 4 8 5 8 6 8 7 9 4 9 5 9 6 9 7
q 52 1 6 1 7 1 8 1 9 2 6 2 7 2 8 2 9 3 6 3 7 3 8 3 9 4 6 4 7 4 8 4 9 5 6 5 7 5 8 5 9 6 6 6 7 6 8 6 9 7 6 7 7 7 8 7 9 8 6 8 7 8 8 8 9 9 6 9 7 9 8 9 9 10 6 10 7 10 8 10 9 11 6 11 7 11 8 11 9 12 6 12 7 12 8 12 9 13 6 13 7 13 8 13 9
q 40 3 6 3 7 3 8 3 9 4 6 4 7 4 8 4 9 5 6 5 7 5 8 5 9 6 6 6 7 6 8 6 9 7 6 7 7 7 8 7 9 8 6 8 7 8 8 8 9 9 6 9 7 9 8 9 9 10 6 10 7 10 8 10 9 11 6 11 7 11 8 11 9 12 6 12 7 12 8 12 9
q 26 1 8 1 9 2 8 2 9 3 8 3 9 4 8 4 9 5 8 5 9 6 8 6 9 7 8 7 9 8 8 8 9 9 8 9 9 10 8 10 9 11 8 11 9 12 8 12 9 13 8 13 9
q 18 3 4 3 5 3 6 3 7 3 8 3 9 3 10 3 11 3 12 4 4 4 5 4 6 4 7 4 8 4 9 4 10 4 11 4 12
q 48 2 7 2 8 2 9 2 10 3 7 3 8 3 9 3 10 4 7 4 8 4 9 4 10 5 7 5 8 5 9 5 10 6 7 6 8 6 9 6 10 7 7 7 8 7 9 7 10 8 7 8 8 8 9 8 10 9 7 9 8 9 9 9 10 10 7 10 8 10 9 10 10 11 7 11 8 11 9 11 10 12 7 12 8 12 9 12 10 13 7 13 8 13 9 13 10
q 40 3 4 3 5 3 6 3 7 3 8 4 4 4 5 4 6 4 7 4 8 5 4 5 5 5 6 5 7 5 8 6 4 6 5 6 6 6 7 6 8 7 4 7 5 7 6 7 7 7 8 8 4 8 5 8 6 8 7 8 8 9 4 9 5 9 6 9 7 9 8 10 4 10 5 10 6 10 7 10 8
q 10 4 1 4 2 4 3 4 4 4 5 5 1 5 2 5 3 5 4 5 5
q 40 1 7 1 8 1 9 1 10 2 7 2 8 2 9 2 10 3 7 3 8 3 9 3 10 4 7 4 8 4 9 4 10 5 7 5 8 5 9 5 10 6 7 6 8 6 9 6 10 7 7 7 8 7 9 7 10 8 7 8 8 8 9 8 10 9 7 9 8 9 9 9 10 10 7 10 8 10 9 10 10
q 36 0 6 0 7 0 8 1 6 1 7 1 8 2 6 2 7 2 8 3 6 3 7 3 8 4 6 4 7 4 8 5 6 5 7 5 8 6 6 6 7 6 8 7 6 7 7 7 8 8 6 8 7 8 8 9 6 9 7 9 8 10 6 10 7 10 8 11 6 11 7 11 8
q 44 9 2 9 3 9 4 9 5 9 6 9 7 9 8 9 9 9 10 9 11 9 12 10 2 10 3 10 4 10 5 10 6 10 7 10 8 10 9 10 10 10 11 10 12 11 2 11 3 11 4 11 5 11 6 11 7 11 8 11 9 11 10 11 11 11 12 12 2 12 3 12 4 12 5 12 6 12 7 12 8 12 9 12 10 12 11 12 12
q 24 8 1 8 2 8 3 8 4 9 1 9 2 9 3 9 4 10 1 10 2 10 3 10 4 11 1 11 2 11 3 11 4 12 1 12 2 12 3 12 4 13 1 13 2 13 3 13 4
q 8 5 7 5 8 5 9 5 10 6 7 6 8 6 9 6 10
q 56 0 1 0 2 0 3 0 4 1 1 1 2 1 3 1 4 2 1 2 2 2 3 2 4 3 1 3 2 3 3 3 4 4 1 4 2 4 3 4 4 5 1 5 2 5 3 5 4 6 1 6 2 6 3 6 4 7 1 7 2 7 3 7 4 8 1 8 2 8 3 8 4 9 1 9 2 9 3 9 4 10 1 10 2 10 3 10 4 11 1 11 2 11 3 11 4 12 1 12 2 12 3 12 4 13 1 13 2 13 3 13 4
q 27 0 4 0 5 0 6 0 7 0 8 0 9 0 10 0 11 0 12 1 4 1 5 1 6 1 7 1 8 1 9 1 10 1 11 1 12 2 4 2 5 2 6 2 7 2 8 2 9 2 10 2 11 2 12
q 48 0 11 0 12 0 13 0 14 1 11 1 12 1 13 1 14 2 11 2 12 2 13 2 14 3 11 3 12 3 13 3 14 4 11 4 12 4 13 4 14 5 11 5 12 5 13 5 14 6 11 6 12 6 13 6 14 7 11 7 12 7 13 7 14 8 11 8 12 8 13 8 14 9 11 9 12 9 13 9 14 10 11 10 12 10 13 10 14 11 11 11 12 11 13 11 14
q 24 1 7 1 8 2 7 2 8 3 7 3 8 4 7 4 8 5 7 5 8 6 7 6 8 7 7 7 8 8 7 8 8 9 7 9 8 10 7 10 8 11 7 11 8 12 7 12 8
q 3 10 14 11 14 12 14
q 40 5 1 5 2 5 3 5 4 5 5 6 1 6 2 6 3 6 4 6 5 7 1 7 2 7 3 7 4 7 5 8 1 8 2 8 3 8 4 8 5 9 1 9 2 9 3 9 4 9 5 10 1 10 2 10 3 10 4 10 5 11 1 11 2 11 3 11 4 11 5 12 1 12 2 12 3 12 4 12 5
q 14 1 0 1 1 1 2 1 3 1 4 1 5 1 6 1 7 1 8 1 9 1 10 1 11 1 12 1 13
q 40 3 2 3 3 3 4 3 5 4 2 4 3 4 4 4 5 5 2 5 3 5 4 5 5 6 2 6 3 6 4 6 5 7 2 7 3 7 4 7 5 8 2 8 3 8 4 8 5 9 2 9 3 9 4 9 5 10 2 10 3 10 4 10 5 11 2 11 3 11 4 11 5 12 2 12 3 12 4 12 5
q 8 4 0 4 1 4 2 4 3 4 4 4 5 4 6 4 7
q 12 13 1 13 2 13 3 13 4 13 5 13 6 14 1 14 2 14 3 14 4 14 5 14 6
q 55 8 0 8 1 8 2 8 3 8 4 8 5 8 6 8 7 8 8 8 9 8 10 9 0 9 1 9 2 9 3 9 4 9 5 9 6 9 7 9 8 9 9 9 10 10 0 10 1 10 2 10 3 10 4 10 5 10 6 10 7 10 8 10 9 10 10 11 0 11 1 11 2 11 3 11 4 11 5 11 6 11 7 11 8 11 9 11 10 12 0 12 1 12 2 12 3 12 4 12 5 12 6 12 7 12 8 12 9 12 10
q 15 0 0 1 0 2 0 3 0 4 0 5 0 6 0 7 0 8 0 9 0 10 0 11 0 12 0 13 0 14 0
q 6 11 8 11 9 12 8 12 9 13 8 13 9
q 12 10 7 10 8 10 9 10 10 11 7 11 8 11 9 11 10 12 7 12 8 12 9 12 10
q 16 7 3 7 4 7 5 7 6 7 7 7 8 7 9 7 10 8 3 8 4 8 5 8 6 8 7 8 8 8 9 8 10
q 28 1 0 1 1 1 2 1 3 2 0 2 1 2 2 2 3 3 0 3 1 3 2 3 3 4 0 4 1 4 2 4 3 5 0 5 1 5 2 5 3 6 0 6 1 6 2 6 3 7 0 7 1 7 2 7 3
q 33 3 3 3 4 3 5 3 6 3 7 3 8 3 9 3 10 3 11 3 12 3 13 4 3 4 4 4 5 4 6 4 7 4 8 4 9 4 10 4 11 4 12 4 13 5 3 5 4 5 5 5 6 5 7 5 8 5 9 5 10 5 11 5 12 5 13
q 32 6 9 6 10 6 11 6 12 7 9 7 10 7 11 7 12 8 9 8 10 8 11 8 12 9 9 9 10 9 11 9 12 10 9 10 10 10 11 10 12 11 9 11 10 11 11 11 12 12 9 12 10 12 11 12 12 13 9 13 10 13 11 13 12
q 15 2 9 2 10 2 11 3 9 3 10 3 11 4 9 4 10 4 11 5 9 5 10 5 11 6 9 6 10 6 11
q 11 1 10 2 10 3 10 4 10 5 10 6 10 7 10 8 10 9 10 10 10 11 10
q 6 0 9 1 9 2 9 3 9 4 9 5 9
q 60 1 0 1 1 1 2 1 3 1 4 1 5 1 6 1 7 1 8 1 9 1 10 1 11 1 12 1 13 1 14 2 0 2 1 2 2 2 3 2 4 2 5 2 6 2 7 2 8 2 9 2 10 2 11 2 12 2 13 2 14 3 0 3 1 3 2 3 3 3 4 3 5 3 6 3 7 3 8 3 9 3 10 3 11 3 12 3 13 3 14 4 0 4 1 4 2 4 3 4 4 4 5 4 6 4 7 4 8 4 9 4 10 4 11 4 12 4 13 4 14
q 56 0 1 0 2 0 3 0 4 0 5 0 6 0 7 0 8 1 1 1 2 1 3 1 4 1 5 1 6 1 7 1 8 2 1 2 2 2 3 2 4 2 5 2 6 2 7 2 8 3 1 3 2 3 3 3 4 3 5 3 6 3 7 3 8 4 1 4 2 4 3 4 4 4 5 4 6 4 7 4 8 5 1 5 2 5 3 5 4 5 5 5 6 5 7 5 8 6 1 6 2 6 3 6 4 6 5 6 6 6 7 6 8
q 8 3 10 3 11 4 10 4 11 5 10 5 11 6 10 6 11
q 20 2 9 2 10 2 11 2 12 3 9 3 10 3 11 3 12 4 9 4 10 4 11 4 12 5 9 5 10 5 11 5 12 6 9 6 10 6 11 6 12
q 22 3 10 3 11 4 10 4 11 5 10 5 11 6 10 6 11 7 10 7 11 8 10 8 11 9 10 9 11 10 10 10 11 11 10 11 11 12 10 12 11 13 10 13 11
q 25 5 5 5 6 5 7 5 8 5 9 6 5 6 6 6 7 6 8 6 9 7 5 7 6 7 7 7 8 7 9 8 5 8 6 8 7 8 8 8 9 9 5 9 6 9 7 9 8 9 9
q 16 0 0 0 1 0 2 0 3 1 0 1 1 1 2 1 3 2 0 2 1 2 2 2 3 3 0 3 1 3 2 3 3
q 56 1 6 1 7 1 8 1 9 2 6 2 7 2 8 2 9 3 6 3 7 3 8 3 9 4 6 4 7 4 8 4 9 5 6 5 7 5 8 5 9 6 6 6 7 6 8 6 9 7 6 7 7 7 8 7 9 8 6 8 7 8 8 8 9 9 6 9 7 9 8 9 9 10 6 10 7 10 8 10 9 11 6 11 7 11 8 11 9 12 6 12 7 12 8 12 9 13 6 13 7 13 8 13 9 14 6 14 7 14 8 14 9
q 10 13 4 13 5 13 6 13 7 13 8 13 9 13 10 13 11 13 12 13 13
q 12 2 1 2 2 2 3 2 4 3 1 3 2 3 3 3 4 4 1 4 2 4 3 4 4
q 30 6 0 6 1 6 2 6 3 6 4 6 5 6 6 6 7 6 8 6 9 6 10 6 11 6 12 6 13 6 14 7 0 7 1 7 2 7 3 7 4 7 5 7 6 7 7 7 8 7 9 7 10 7 11 7 12 7 13 7 14
q 14 0 2 1 2 2 2 3 2 4 2 5 2 6 2 7 2 8 2 9 2 10 2 11 2 12 2 13 2
q 14 8 0 8 1 9 0 9 1 10 0 10 1 11 0 11 1 12 0 12 1 13 0 13 1 14 0 14 1
q 55 10 3 10 4 10 5 10 6 10 7 10 8 10 9 10 10 10 11 10 12 10 13 11 3 11 4 11 5 11 6 11 7 11 8 11 9 11 10 11 11 11 12 11 13 12 3 12 4 12 5 12 6 12 7 12 8 12 9 12 10 12 11 12 12 12 13 13 3 13 4 13 5 13 6 13 7 13 8 13 9 13 10 13 11 13 12 13 13 14 3 14 4 14 5 14 6 14 7 14 8 14 9 14 10 14 11 14 12 14 13
q 40 6 1 6 2 6 3 6 4 6 5 6 6 6 7 6 8 7 1 7 2 7 3 7 4 7 5 7 6 7 7 7 8 8 1 8 2 8 3 8 4 8 5 8 6 8 7 8 8 9 1 9 2 9 3 9 4 9 5 9 6 9 7 9 8 10 1 10 2 10 3 10 4 10 5 10 6 10 7 10 8
q 55 4 0 4 1 4 2 4 3 4 4 4 5 4 6 4 7 4 8 4 9 4 10 5 0 5 1 5 2 5 3 5 4 5 5 5 6 5 7 5 8 5 9 5 10 6 0 6 1 6 2 6 3 6 4 6 5 6 6 6 7 6 8 6 9 6 10 7 0 7 1 7 2 7 3 7 4 7 5 7 6 7 7 7 8 7 9 7 10 8 0 8 1 8 2 8 3 8 4 8 5 8 6 8 7 8 8 8 9 8 10
q 24 9 5 9 6 9 7 9 8 10 5 10 6 10 7 10 8 11 5 11 6 11 7 11 8 12 5 12 6 12 7 12 8 13 5 13 6 13 7 13 8 14 5 14 6 14 7 14 8
q 9 2 13 3 13 4 13 5 13 6 13 7 13 8 13 9 13 10 13
q 32 3 11 3 12 3 13 3 14 4 11 4 12 4 13 4 14 5 11 5 12 5 13 5 14 6 11 6 12 6 13 6 14 7 11 7 12 7 13 7 14 8 11 8 12 8 13 8 14 9 11 9 12 9 13 9 14 10 11 10 12 10 13 10 14
q 8 13 5 13 6 13 7 13 8 14 5 14 6 14 7 14 8
q 6 8 7 9 7 10 7 11 7 12 7 13 7
q 12 5 7 5 8 5 9 6 7 6 8 6 9 7 7 7 8 7 9 8 7 8 8 8 9
q 16 1 7 1 8 1 9 1 10 1 11 1 12 1 13 1 14 2 7 2 8 2 9 2 10 2 11 2 12 2 13 2 14
q 49 0 1 0 2 0 3 0 4 0 5 0 6 0 7 1 1 1 2 1 3 1 4 1 5 1 6 1 7 2 1 2 2 2 3 2 4 2 5 2 6 2 7 3 1 3 2 3 3 3 4 3 5 3 6 3 7 4 1 4 2 4 3 4 4 4 5 4 6 4 7 5 1 5 2 5 3 5 4 5 5 5 6 5 7 6 1 6 2 6 3 6 4 6 5 6 6 6 7
q 28 2 2 2 3 2 4 2 5 2 6 2 7 2 8 3 2 3 3 3 4 3 5 3 6 3 7 3 8 4 2 4 3 4 4 4 5 4 6 4 7 4 8 5 2 5 3 5 4 5 5 5 6 5 7 5 8
q 22 1 0 1 1 2 0 2 1 3 0 3 1 4 0 4 1 5 0 5 1 6 0 6 1 7 0 7 1 8 0 8 1 9 0 9 1 10 0 10 1 11 0 11 1
q 9 13 3 13 4 13 5 13 6 13 7 13 8 13 9 13 10 13 11
q 63 6 6 6 7 6 8 6 9 6 10 6 11 6 12 7 6 7 7 7 8 7 9 7 10 7 11 7 12 8 6 8 7 8 8 8 9 8 10 8 11 8 12 9 6 9 7 9 8 9 9 9 10 9 11 9 12 10 6 10 7 10 8 10 9 10 10 10 11 10 12 11 6 11 7 11 8 11 9 11 10 11 11 11 12 12 6 12 7 12 8 12 9 12 10 12 11 12 12 13 6 13 7 13 8 13 9 13 10 13 11 13 12 14 6 14 7 14 8 14 9 14 10 14 11 14 12
q 12 9 11 9 12 10 11 10 12 11 11 11 12 12 11 12 12 13 11 13 12 14 11 14 12
q 32 1 0 1 1 1 2 1 3 2 0 2 1 2 2 2 3 3 0 3 1 3 2 3 3 4 0 4 1 4 2 4 3 5 0 5 1 5 2 5 3 6 0 6 1 6 2 6 3 7 0 7 1 7 2 7 3 8 0 8 1 8 2 8 3
q 45 0 3 0 4 0 5 1 3 1 4 1 5 2 3 2 4 2 5 3 3 3 4 3 5 4 3 4 4 4 5 5 3 5 4 5 5 6 3 6 4 6 5 7 3 7 4 7 5 8 3 8 4 8 5 9 3 9 4 9 5 10 3 10 4 10 5 11 3 11 4 11 5 12 3 12 4 12 5 13 3 13 4 13 5 14 3 14 4 14 5
q 27 0 5 0 6 0 7 1 5 1 6 1 7 2 5 2 6 2 7 3 5 3 6 3 7 4 5 4 6 4 7 5 5 5 6 5 7 6 5 6 6 6 7 7 5 7 6 7 7 8 5 8 6 8 7
q 40 1 4 1 5 1 6 1 7 1 8 2 4 2 5 2 6 2 7 2 8 3 4 3 5 3 6 3 7 3 8 4 4 4 5 4 6 4 7 4 8 5 4 5 5 5 6 5 7 5 8 6 4 6 5 6 6 6 7 6 8 7 4 7 5 7 6 7 7 7 8 8 4 8 5 8 6 8 7 8 8
q 12 3 7 3 8 4 7 4 8 5 7 5 8 6 7 6 8 7 7 7 8 8 7 8 8
q 22 3 8 3 9 4 8 4 9 5 8 5 9 6 8 6 9 7 8 7 9 8 8 8 9 9 8 9 9 10 8 10 9 11 8 11 9 12 8 12 9 13 8 13 9
q 27 4 4 4 5 4 6 4 7 4 8 4 9 4 10 4 11 4 12 5 4 5 5 5 6 5 7 5 8 5 9 5 10 5 11 5 12 6 4 6 5 6 6 6 7 6 8 6 9 6 10 6 11 6 12
q 15 10 0 10 1 10 2 10 3 10 4 11 0 11 1 11 2 11 3 11 4 12 0 12 1 12 2 12 3 12 4
q 6 2 6 2 7 2 8 2 9 2 10 2 11
q 45 10 5 10 6 10 7 10 8 10 9 10 10 10 11 10 12 10 13 11 5 11 6 11 7 11 8 11 9 11 10 11 11 11 12 11 13 12 5 12 6 12 7 12 8 12 9 12 10 12 11 12 12 12 13 13 5 13 6 13 7 13 8 13 9 13 10 13 11 13 12 13 13 14 5 14 6 14 7 14 8 14 9 14 10 14 11 14 12 14 13
q 22 11 3 11 4 11 5 11 6 11 7 11 8 11 9 11 10 11 11 11 12 11 13 12 3 12 4 12 5 12 6 12 7 12 8 12 9 12 10 12 11 12 12 12 13
q 36 0 4 0 5 0 6 0 7 0 8 0 9 0 10 0 11 0 12 1 4 1 5 1 6 1 7 1 8 1 9 1 10 1 11 1 12 2 4 2 5 2 6 2 7 2 8 2 9 2 10 2 11 2 12 3 4 3 5 3 6 3 7 3 8 3 9 3 10 3 11 3 12
q 10 4 10 4 11 4 12 4 13 4 14 5 10 5 11 5 12 5 13 5 14
q 10 1 5 2 5 3 5 4 5 5 5 6 5 7 5 8 5 9 5 10 5
q 10 8 3 8 4 8 5 8 6 8 7 8 8 8 9 8 10 8 11 8 12
q 56 4 1 4 2 4 3 4 4 4 5 4 6 4 7 4 8 4 9 4 10 4 11 4 12 4 13 4 14 5 1 5 2 5 3 5 4 5 5 5 6 5 7 5 8 5 9 5 10 5 11 5 12 5 13 5 14 6 1 6 2 6 3 6 4 6 5 6 6 6 7 6 8 6 9 6 10 6 11 6 12 6 13 6 14 7 1 7 2 7 3 7 4 7 5 7 6 7 7 7 8 7 9 7 10 7 11 7 12 7 13 7 14
q 64 7 2 7 3 7 4 7 5 7 6 7 7 7 8 7 9 8 2 8 3 8 4 8 5 8 6 8 7 8 8 8 9 9 2 9 3 9 4 9 5 9 6 9 7 9 8 9 9 10 2 10 3 10 4 10 5 10 6 10 7 10 8 10 9 11 2 11 3 11 4 11 5 11 6 11 7 11 8 11 9 12 2 12 3 12 4 12 5 12 6 12 7 12 8 12 9 13 2 13 3 13 4 13 5 13 6 13 7 13 8 13 9 14 2 14 3 14 4 14 5 14 6 14 7 14 8 14 9
q 22 4 3 4 4 5 3 5 4 6 3 6 4 7 3 7 4 8 3 8 4 9 3 9 4 10 3 10 4 11 3 11 4 12 3 12 4 13 3 13 4 14 3 14 4
q 28 3 0 3 1 3 2 3 3 3 4 3 5 3 6 3 7 3 8 3 9 3 10 3 11 3 12 3 13 4 0 4 1 4 2 4 3 4 4 4 5 4 6 4 7 4 8 4 9 4 10 4 11 4 12 4 13
q 1 0 2
q 1 1 2
q 1 1 3
q 1 1 4
q 1 1 5
q 1 1 8
q 1 1 9
q 1 1 10
q 1 2 2
q 1 2 7
q 1 2 8
q 1 2 10
q 1 2 11
q 1 2 12
q 1 3 7
q 1 3 8
q 1 3 10
q 1 4 7
q 1 6 2
q 1 6 3
q 1 6 4
q 1 6 5
q 1 7 2
q 1 7 3
q 1 7 4
q 1 7 5
q 1 8 2
q 1 8 3
q 1 8 4
q 1 10 2
q 1 11 1
q 1 11 2
q 1 11 3
q 1 11 9
q 1 12 0
q 1 12 1
q 1 12 2
q 1 12 3
q 1 12 9
q 1 12 10
q 1 12 11
q 1 12 12
q 1 13 0
q 1 13 1
q 1 13 3
q 1 13 9
q 1 13 10
q 1 13 12
q 1 13 13
q 1 14 10
q 1 14 12
q 1 14 13
q 1 0 3
q 1 2 3
q 1 0 4
q 1 2 4
q 1 0 5
q 1 2 5
q 1 1 6
q 1 0 8
q 1 1 7
q 1 0 9
q 1 2 9
q 1 0 10
q 1 1 11
q 1 2 6
q 1 3 11
q 1 1 12
q 1 3 12
q 1 2 13
q 1 3 6
q 1 4 8
q 1 3 9
q 1 4 10
q 1 4 6
q 1 5 7
q 1 5 2
q 1 6 1
q 1 5 3
q 1 5 4
q 1 7 1
q 1 8 1
q 1 9 2
q 1 9 3
q 1 10 1
q 1 10 3
q 1 11 0
q 1 10 9
q 1 11 8
q 1 11 10
q 1 13 2
q 1 12 8
q 1 11 11
q 1 13 11
q 1 11 12
q 1 12 13
q 1 14 0
q 1 14 1
q 1 14 3
q 1 13 4
q 1 13 8
q 1 14 9
q 1 13 14
q 1 14 11
q 1 14 14
q 1 3 3
q 1 3 4
q 1 5 1
q 1 6 0
q 1 9 1
q 1 10 0
q 1 14 2
q 1 10 12
q 1 11 13
q 1 12 14
a 51 1 3 1 4 1 5 1 8 1 9 1 10 2 7 2 8 2 10 2 11 2 12 3 7 3 8 3 10 4 7 6 2 6 3 6 4 7 2 7 3 7 4 8 2 8 3 10 2 11 1 11 2 11 9 12 0 12 1 12 2 12 9 12 10 12 11 12 12 13 0 13 1 13 3 13 9 13 10 13 13 14 10 14 13 2 3 0 4 2 4 6 1 10 1 13 2 11 12 12 13 14 0 
