q 48 16 1 16 2 16 3 16 4 16 5 16 6 16 7 16 8 16 9 16 10 16 11 16 12 16 13 16 14 16 15 16 16 17 1 17 2 17 3 17 4 17 5 17 6 17 7 17 8 17 9 17 10 17 11 17 12 17 13 17 14 17 15 17 16 18 1 18 2 18 3 18 4 18 5 18 6 18 7 18 8 18 9 18 10 18 11 18 12 18 13 18 14 18 15 18 16
q 45 0 8 0 9 0 10 0 11 0 12 1 8 1 9 1 10 1 11 1 12 2 8 2 9 2 10 2 11 2 12 3 8 3 9 3 10 3 11 3 12 4 8 4 9 4 10 4 11 4 12 5 8 5 9 5 10 5 11 5 12 6 8 6 9 6 10 6 11 6 12 7 8 7 9 7 10 7 11 7 12 8 8 8 9 8 10 8 11 8 12
q 60 4 4 4 5 4 6 4 7 4 8 4 9 4 10 4 11 4 12 4 13 4 14 4 15 5 4 5 5 5 6 5 7 5 8 5 9 5 10 5 11 5 12 5 13 5 14 5 15 6 4 6 5 6 6 6 7 6 8 6 9 6 10 6 11 6 12 6 13 6 14 6 15 7 4 7 5 7 6 7 7 7 8 7 9 7 10 7 11 7 12 7 13 7 14 7 15 8 4 8 5 8 6 8 7 8 8 8 9 8 10 8 11 8 12 8 13 8 14 8 15
q 48 4 7 4 8 4 9 4 10 4 11 4 12 4 13 4 14 5 7 5 8 5 9 5 10 5 11 5 12 5 13 5 14 6 7 6 8 6 9 6 10 6 11 6 12 6 13 6 14 7 7 7 8 7 9 7 10 7 11 7 12 7 13 7 14 8 7 8 8 8 9 8 10 8 11 8 12 8 13 8 14 9 7 9 8 9 9 9 10 9 11 9 12 9 13 9 14
q 50 8 5 8 6 8 7 8 8 8 9 9 5 9 6 9 7 9 8 9 9 10 5 10 6 10 7 10 8 10 9 11 5 11 6 11 7 11 8 11 9 12 5 12 6 12 7 12 8 12 9 13 5 13 6 13 7 13 8 13 9 14 5 14 6 14 7 14 8 14 9 15 5 15 6 15 7 15 8 15 9 16 5 16 6 16 7 16 8 16 9 17 5 17 6 17 7 17 8 17 9
q 38 0 16 0 17 1 16 1 17 2 16 2 17 3 16 3 17 4 16 4 17 5 16 5 17 6 16 6 17 7 16 7 17 8 16 8 17 9 16 9 17 10 16 10 17 11 16 11 17 12 16 12 17 13 16 13 17 14 16 14 17 15 16 15 17 16 16 16 17 17 16 17 17 18 16 18 17
q 56 8 8 8 9 8 10 8 11 8 12 8 13 8 14 9 8 9 9 9 10 9 11 9 12 9 13 9 14 10 8 10 9 10 10 10 11 10 12 10 13 10 14 11 8 11 9 11 10 11 11 11 12 11 13 11 14 12 8 12 9 12 10 12 11 12 12 12 13 12 14 13 8 13 9 13 10 13 11 13 12 13 13 13 14 14 8 14 9 14 10 14 11 14 12 14 13 14 14 15 8 15 9 15 10 15 11 15 12 15 13 15 14
q 60 4 3 4 4 4 5 4 6 4 7 5 3 5 4 5 5 5 6 5 7 6 3 6 4 6 5 6 6 6 7 7 3 7 4 7 5 7 6 7 7 8 3 8 4 8 5 8 6 8 7 9 3 9 4 9 5 9 6 9 7 10 3 10 4 10 5 10 6 10 7 11 3 11 4 11 5 11 6 11 7 12 3 12 4 12 5 12 6 12 7 13 3 13 4 13 5 13 6 13 7 14 3 14 4 14 5 14 6 14 7 15 3 15 4 15 5 15 6 15 7
q 30 7 2 7 3 7 4 8 2 8 3 8 4 9 2 9 3 9 4 10 2 10 3 10 4 11 2 11 3 11 4 12 2 12 3 12 4 13 2 13 3 13 4 14 2 14 3 14 4 15 2 15 3 15 4 16 2 16 3 16 4
q 28 2 6 2 7 3 6 3 7 4 6 4 7 5 6 5 7 6 6 6 7 7 6 7 7 8 6 8 7 9 6 9 7 10 6 10 7 11 6 11 7 12 6 12 7 13 6 13 7 14 6 14 7 15 6 15 7
q 45 1 13 1 14 1 15 2 13 2 14 2 15 3 13 3 14 3 15 4 13 4 14 4 15 5 13 5 14 5 15 6 13 6 14 6 15 7 13 7 14 7 15 8 13 8 14 8 15 9 13 9 14 9 15 10 13 10 14 10 15 11 13 11 14 11 15 12 13 12 14 12 15 13 13 13 14 13 15 14 13 14 14 14 15 15 13 15 14 15 15
q 48 4 10 4 11 4 12 4 13 4 14 4 15 5 10 5 11 5 12 5 13 5 14 5 15 6 10 6 11 6 12 6 13 6 14 6 15 7 10 7 11 7 12 7 13 7 14 7 15 8 10 8 11 8 12 8 13 8 14 8 15 9 10 9 11 9 12 9 13 9 14 9 15 10 10 10 11 10 12 10 13 10 14 10 15 11 10 11 11 11 12 11 13 11 14 11 15
q 40 3 11 3 12 3 13 3 14 4 11 4 12 4 13 4 14 5 11 5 12 5 13 5 14 6 11 6 12 6 13 6 14 7 11 7 12 7 13 7 14 8 11 8 12 8 13 8 14 9 11 9 12 9 13 9 14 10 11 10 12 10 13 10 14 11 11 11 12 11 13 11 14 12 11 12 12 12 13 12 14
q 56 5 4 5 5 5 6 5 7 5 8 5 9 5 10 5 11 5 12 5 13 5 14 5 15 5 16 5 17 6 4 6 5 6 6 6 7 6 8 6 9 6 10 6 11 6 12 6 13 6 14 6 15 6 16 6 17 7 4 7 5 7 6 7 7 7 8 7 9 7 10 7 11 7 12 7 13 7 14 7 15 7 16 7 17 8 4 8 5 8 6 8 7 8 8 8 9 8 10 8 11 8 12 8 13 8 14 8 15 8 16 8 17
q 28 8 7 8 8 8 9 8 10 8 11 8 12 8 13 9 7 9 8 9 9 9 10 9 11 9 12 9 13 10 7 10 8 10 9 10 10 10 11 10 12 10 13 11 7 11 8 11 9 11 10 11 11 11 12 11 13
q 40 9 12 9 13 9 14 9 15 10 12 10 13 10 14 10 15 11 12 11 13 11 14 11 15 12 12 12 13 12 14 12 15 13 12 13 13 13 14 13 15 14 12 14 13 14 14 14 15 15 12 15 13 15 14 15 15 16 12 16 13 16 14 16 15 17 12 17 13 17 14 17 15 18 12 18 13 18 14 18 15
q 51 14 2 14 3 14 4 14 5 14 6 14 7 14 8 14 9 14 10 14 11 14 12 14 13 14 14 14 15 14 16 14 17 14 18 15 2 15 3 15 4 15 5 15 6 15 7 15 8 15 9 15 10 15 11 15 12 15 13 15 14 15 15 15 16 15 17 15 18 16 2 16 3 16 4 16 5 16 6 16 7 16 8 16 9 16 10 16 11 16 12 16 13 16 14 16 15 16 16 16 17 16 18
q 34 4 2 4 3 4 4 4 5 4 6 4 7 4 8 4 9 4 10 4 11 4 12 4 13 4 14 4 15 4 16 4 17 4 18 5 2 5 3 5 4 5 5 5 6 5 7 5 8 5 9 5 10 5 11 5 12 5 13 5 14 5 15 5 16 5 17 5 18
q 48 11 4 11 5 11 6 11 7 11 8 11 9 11 10 11 11 11 12 11 13 11 14 11 15 12 4 12 5 12 6 12 7 12 8 12 9 12 10 12 11 12 12 12 13 12 14 12 15 13 4 13 5 13 6 13 7 13 8 13 9 13 10 13 11 13 12 13 13 13 14 13 15 14 4 14 5 14 6 14 7 14 8 14 9 14 10 14 11 14 12 14 13 14 14 14 15
q 30 8 4 8 5 8 6 8 7 8 8 8 9 8 10 8 11 8 12 8 13 8 14 8 15 8 16 8 17 8 18 9 4 9 5 9 6 9 7 9 8 9 9 9 10 9 11 9 12 9 13 9 14 9 15 9 16 9 17 9 18
q 42 5 8 5 9 5 10 5 11 5 12 5 13 6 8 6 9 6 10 6 11 6 12 6 13 7 8 7 9 7 10 7 11 7 12 7 13 8 8 8 9 8 10 8 11 8 12 8 13 9 8 9 9 9 10 9 11 9 12 9 13 10 8 10 9 10 10 10 11 10 12 10 13 11 8 11 9 11 10 11 11 11 12 11 13
q 44 5 7 5 8 5 9 5 10 5 11 5 12 5 13 5 14 5 15 5 16 5 17 6 7 6 8 6 9 6 10 6 11 6 12 6 13 6 14 6 15 6 16 6 17 7 7 7 8 7 9 7 10 7 11 7 12 7 13 7 14 7 15 7 16 7 17 8 7 8 8 8 9 8 10 8 11 8 12 8 13 8 14 8 15 8 16 8 17
q 42 1 5 1 6 1 7 1 8 1 9 1 10 1 11 2 5 2 6 2 7 2 8 2 9 2 10 2 11 3 5 3 6 3 7 3 8 3 9 3 10 3 11 4 5 4 6 4 7 4 8 4 9 4 10 4 11 5 5 5 6 5 7 5 8 5 9 5 10 5 11 6 5 6 6 6 7 6 8 6 9 6 10 6 11
q 48 5 7 5 8 5 9 5 10 6 7 6 8 6 9 6 10 7 7 7 8 7 9 7 10 8 7 8 8 8 9 8 10 9 7 9 8 9 9 9 10 10 7 10 8 10 9 10 10 11 7 11 8 11 9 11 10 12 7 12 8 12 9 12 10 13 7 13 8 13 9 13 10 14 7 14 8 14 9 14 10 15 7 15 8 15 9 15 10 16 7 16 8 16 9 16 10
q 49 7 5 7 6 7 7 7 8 7 9 7 10 7 11 8 5 8 6 8 7 8 8 8 9 8 10 8 11 9 5 9 6 9 7 9 8 9 9 9 10 9 11 10 5 10 6 10 7 10 8 10 9 10 10 10 11 11 5 11 6 11 7 11 8 11 9 11 10 11 11 12 5 12 6 12 7 12 8 12 9 12 10 12 11 13 5 13 6 13 7 13 8 13 9 13 10 13 11
q 30 7 6 7 7 7 8 7 9 7 10 8 6 8 7 8 8 8 9 8 10 9 6 9 7 9 8 9 9 9 10 10 6 10 7 10 8 10 9 10 10 11 6 11 7 11 8 11 9 11 10 12 6 12 7 12 8 12 9 12 10
q 64 2 3 2 4 2 5 2 6 2 7 2 8 2 9 2 10 2 11 2 12 2 13 2 14 2 15 2 16 2 17 2 18 3 3 3 4 3 5 3 6 3 7 3 8 3 9 3 10 3 11 3 12 3 13 3 14 3 15 3 16 3 17 3 18 4 3 4 4 4 5 4 6 4 7 4 8 4 9 4 10 4 11 4 12 4 13 4 14 4 15 4 16 4 17 4 18 5 3 5 4 5 5 5 6 5 7 5 8 5 9 5 10 5 11 5 12 5 13 5 14 5 15 5 16 5 17 5 18
q 30 4 6 4 7 4 8 4 9 4 10 4 11 4 12 4 13 4 14 4 15 5 6 5 7 5 8 5 9 5 10 5 11 5 12 5 13 5 14 5 15 6 6 6 7 6 8 6 9 6 10 6 11 6 12 6 13 6 14 6 15
q 45 14 4 14 5 14 6 14 7 14 8 14 9 14 10 14 11 14 12 14 13 14 14 14 15 14 16 14 17 14 18 15 4 15 5 15 6 15 7 15 8 15 9 15 10 15 11 15 12 15 13 15 14 15 15 15 16 15 17 15 18 16 4 16 5 16 6 16 7 16 8 16 9 16 10 16 11 16 12 16 13 16 14 16 15 16 16 16 17 16 18
q 64 8 10 8 11 8 12 8 13 8 14 8 15 8 16 8 17 9 10 9 11 9 12 9 13 9 14 9 15 9 16 9 17 10 10 10 11 10 12 10 13 10 14 10 15 10 16 10 17 11 10 11 11 11 12 11 13 11 14 11 15 11 16 11 17 12 10 12 11 12 12 12 13 12 14 12 15 12 16 12 17 13 10 13 11 13 12 13 13 13 14 13 15 13 16 13 17 14 10 14 11 14 12 14 13 14 14 14 15 14 16 14 17 15 10 15 11 15 12 15 13 15 14 15 15 15 16 15 17
q 40 3 15 3 16 3 17 3 18 4 15 4 16 4 17 4 18 5 15 5 16 5 17 5 18 6 15 6 16 6 17 6 18 7 15 7 16 7 17 7 18 8 15 8 16 8 17 8 18 9 15 9 16 9 17 9 18 10 15 10 16 10 17 10 18 11 15 11 16 11 17 11 18 12 15 12 16 12 17 12 18
q 55 9 0 9 1 9 2 9 3 9 4 9 5 9 6 9 7 9 8 9 9 9 10 10 0 10 1 10 2 10 3 10 4 10 5 10 6 10 7 10 8 10 9 10 10 11 0 11 1 11 2 11 3 11 4 11 5 11 6 11 7 11 8 11 9 11 10 12 0 12 1 12 2 12 3 12 4 12 5 12 6 12 7 12 8 12 9 12 10 13 0 13 1 13 2 13 3 13 4 13 5 13 6 13 7 13 8 13 9 13 10
q 64 5 0 5 1 5 2 5 3 5 4 5 5 5 6 5 7 6 0 6 1 6 2 6 3 6 4 6 5 6 6 6 7 7 0 7 1 7 2 7 3 7 4 7 5 7 6 7 7 8 0 8 1 8 2 8 3 8 4 8 5 8 6 8 7 9 0 9 1 9 2 9 3 9 4 9 5 9 6 9 7 10 0 10 1 10 2 10 3 10 4 10 5 10 6 10 7 11 0 11 1 11 2 11 3 11 4 11 5 11 6 11 7 12 0 12 1 12 2 12 3 12 4 12 5 12 6 12 7
q 52 5 8 5 9 5 10 5 11 6 8 6 9 6 10 6 11 7 8 7 9 7 10 7 11 8 8 8 9 8 10 8 11 9 8 9 9 9 10 9 11 10 8 10 9 10 10 10 11 11 8 11 9 11 10 11 11 12 8 12 9 12 10 12 11 13 8 13 9 13 10 13 11 14 8 14 9 14 10 14 11 15 8 15 9 15 10 15 11 16 8 16 9 16 10 16 11 17 8 17 9 17 10 17 11
q 52 1 13 1 14 1 15 1 16 2 13 2 14 2 15 2 16 3 13 3 14 3 15 3 16 4 13 4 14 4 15 4 16 5 13 5 14 5 15 5 16 6 13 6 14 6 15 6 16 7 13 7 14 7 15 7 16 8 13 8 14 8 15 8 16 9 13 9 14 9 15 9 16 10 13 10 14 10 15 10 16 11 13 11 14 11 15 11 16 12 13 12 14 12 15 12 16 13 13 13 14 13 15 13 16
q 50 4 5 4 6 4 7 4 8 4 9 4 10 4 11 4 12 4 13 4 14 5 5 5 6 5 7 5 8 5 9 5 10 5 11 5 12 5 13 5 14 6 5 6 6 6 7 6 8 6 9 6 10 6 11 6 12 6 13 6 14 7 5 7 6 7 7 7 8 7 9 7 10 7 11 7 12 7 13 7 14 8 5 8 6 8 7 8 8 8 9 8 10 8 11 8 12 8 13 8 14
q 30 3 8 3 9 4 8 4 9 5 8 5 9 6 8 6 9 7 8 7 9 8 8 8 9 9 8 9 9 10 8 10 9 11 8 11 9 12 8 12 9 13 8 13 9 14 8 14 9 15 8 15 9 16 8 16 9 17 8 17 9
q 60 3 14 3 15 3 16 3 17 4 14 4 15 4 16 4 17 5 14 5 15 5 16 5 17 6 14 6 15 6 16 6 17 7 14 7 15 7 16 7 17 8 14 8 15 8 16 8 17 9 14 9 15 9 16 9 17 10 14 10 15 10 16 10 17 11 14 11 15 11 16 11 17 12 14 12 15 12 16 12 17 13 14 13 15 13 16 13 17 14 14 14 15 14 16 14 17 15 14 15 15 15 16 15 17 16 14 16 15 16 16 16 17 17 14 17 15 17 16 17 17
q 48 6 1 6 2 6 3 6 4 6 5 6 6 6 7 6 8 7 1 7 2 7 3 7 4 7 5 7 6 7 7 7 8 8 1 8 2 8 3 8 4 8 5 8 6 8 7 8 8 9 1 9 2 9 3 9 4 9 5 9 6 9 7 9 8 10 1 10 2 10 3 10 4 10 5 10 6 10 7 10 8 11 1 11 2 11 3 11 4 11 5 11 6 11 7 11 8
q 44 4 6 4 7 4 8 4 9 4 10 4 11 4 12 4 13 4 14 4 15 4 16 5 6 5 7 5 8 5 9 5 10 5 11 5 12 5 13 5 14 5 15 5 16 6 6 6 7 6 8 6 9 6 10 6 11 6 12 6 13 6 14 6 15 6 16 7 6 7 7 7 8 7 9 7 10 7 11 7 12 7 13 7 14 7 15 7 16
q 30 3 13 3 14 4 13 4 14 5 13 5 14 6 13 6 14 7 13 7 14 8 13 8 14 9 13 9 14 10 13 10 14 11 13 11 14 12 13 12 14 13 13 13 14 14 13 14 14 15 13 15 14 16 13 16 14 17 13 17 14
q 48 0 1 0 2 0 3 0 4 0 5 0 6 0 7 0 8 0 9 0 10 0 11 0 12 0 13 0 14 0 15 0 16 1 1 1 2 1 3 1 4 1 5 1 6 1 7 1 8 1 9 1 10 1 11 1 12 1 13 1 14 1 15 1 16 2 1 2 2 2 3 2 4 2 5 2 6 2 7 2 8 2 9 2 10 2 11 2 12 2 13 2 14 2 15 2 16
q 56 3 5 3 6 3 7 3 8 4 5 4 6 4 7 4 8 5 5 5 6 5 7 5 8 6 5 6 6 6 7 6 8 7 5 7 6 7 7 7 8 8 5 8 6 8 7 8 8 9 5 9 6 9 7 9 8 10 5 10 6 10 7 10 8 11 5 11 6 11 7 11 8 12 5 12 6 12 7 12 8 13 5 13 6 13 7 13 8 14 5 14 6 14 7 14 8 15 5 15 6 15 7 15 8 16 5 16 6 16 7 16 8
q 56 3 6 3 7 3 8 3 9 3 10 3 11 3 12 4 6 4 7 4 8 4 9 4 10 4 11 4 12 5 6 5 7 5 8 5 9 5 10 5 11 5 12 6 6 6 7 6 8 6 9 6 10 6 11 6 12 7 6 7 7 7 8 7 9 7 10 7 11 7 12 8 6 8 7 8 8 8 9 8 10 8 11 8 12 9 6 9 7 9 8 9 9 9 10 9 11 9 12 10 6 10 7 10 8 10 9 10 10 10 11 10 12
q 55 7 8 7 9 7 10 7 11 7 12 7 13 7 14 7 15 7 16 7 17 7 18 8 8 8 9 8 10 8 11 8 12 8 13 8 14 8 15 8 16 8 17 8 18 9 8 9 9 9 10 9 11 9 12 9 13 9 14 9 15 9 16 9 17 9 18 10 8 10 9 10 10 10 11 10 12 10 13 10 14 10 15 10 16 10 17 10 18 11 8 11 9 11 10 11 11 11 12 11 13 11 14 11 15 11 16 11 17 11 18
q 48 6 7 6 8 6 9 6 10 6 11 6 12 6 13 6 14 7 7 7 8 7 9 7 10 7 11 7 12 7 13 7 14 8 7 8 8 8 9 8 10 8 11 8 12 8 13 8 14 9 7 9 8 9 9 9 10 9 11 9 12 9 13 9 14 10 7 10 8 10 9 10 10 10 11 10 12 10 13 10 14 11 7 11 8 11 9 11 10 11 11 11 12 11 13 11 14
q 28 3 10 3 11 3 12 3 13 3 14 3 15 3 16 4 10 4 11 4 12 4 13 4 14 4 15 4 16 5 10 5 11 5 12 5 13 5 14 5 15 5 16 6 10 6 11 6 12 6 13 6 14 6 15 6 16
q 54 8 13 8 14 8 15 8 16 8 17 8 18 9 13 9 14 9 15 9 16 9 17 9 18 10 13 10 14 10 15 10 16 10 17 10 18 11 13 11 14 11 15 11 16 11 17 11 18 12 13 12 14 12 15 12 16 12 17 12 18 13 13 13 14 13 15 13 16 13 17 13 18 14 13 14 14 14 15 14 16 14 17 14 18 15 13 15 14 15 15 15 16 15 17 15 18 16 13 16 14 16 15 16 16 16 17 16 18
q 48 4 11 4 12 4 13 4 14 5 11 5 12 5 13 5 14 6 11 6 12 6 13 6 14 7 11 7 12 7 13 7 14 8 11 8 12 8 13 8 14 9 11 9 12 9 13 9 14 10 11 10 12 10 13 10 14 11 11 11 12 11 13 11 14 12 11 12 12 12 13 12 14 13 11 13 12 13 13 13 14 14 11 14 12 14 13 14 14 15 11 15 12 15 13 15 14
q 25 12 3 12 4 12 5 12 6 12 7 13 3 13 4 13 5 13 6 13 7 14 3 14 4 14 5 14 6 14 7 15 3 15 4 15 5 15 6 15 7 16 3 16 4 16 5 16 6 16 7
q 64 3 9 3 10 3 11 3 12 4 9 4 10 4 11 4 12 5 9 5 10 5 11 5 12 6 9 6 10 6 11 6 12 7 9 7 10 7 11 7 12 8 9 8 10 8 11 8 12 9 9 9 10 9 11 9 12 10 9 10 10 10 11 10 12 11 9 11 10 11 11 11 12 12 9 12 10 12 11 12 12 13 9 13 10 13 11 13 12 14 9 14 10 14 11 14 12 15 9 15 10 15 11 15 12 16 9 16 10 16 11 16 12 17 9 17 10 17 11 17 12 18 9 18 10 18 11 18 12
q 54 10 0 10 1 10 2 10 3 10 4 10 5 10 6 10 7 10 8 10 9 10 10 10 11 10 12 10 13 10 14 10 15 10 16 10 17 11 0 11 1 11 2 11 3 11 4 11 5 11 6 11 7 11 8 11 9 11 10 11 11 11 12 11 13 11 14 11 15 11 16 11 17 12 0 12 1 12 2 12 3 12 4 12 5 12 6 12 7 12 8 12 9 12 10 12 11 12 12 12 13 12 14 12 15 12 16 12 17
q 56 3 15 3 16 3 17 3 18 4 15 4 16 4 17 4 18 5 15 5 16 5 17 5 18 6 15 6 16 6 17 6 18 7 15 7 16 7 17 7 18 8 15 8 16 8 17 8 18 9 15 9 16 9 17 9 18 10 15 10 16 10 17 10 18 11 15 11 16 11 17 11 18 12 15 12 16 12 17 12 18 13 15 13 16 13 17 13 18 14 15 14 16 14 17 14 18 15 15 15 16 15 17 15 18 16 15 16 16 16 17 16 18
q 54 1 12 1 13 1 14 2 12 2 13 2 14 3 12 3 13 3 14 4 12 4 13 4 14 5 12 5 13 5 14 6 12 6 13 6 14 7 12 7 13 7 14 8 12 8 13 8 14 9 12 9 13 9 14 10 12 10 13 10 14 11 12 11 13 11 14 12 12 12 13 12 14 13 12 13 13 13 14 14 12 14 13 14 14 15 12 15 13 15 14 16 12 16 13 16 14 17 12 17 13 17 14 18 12 18 13 18 14
q 60 1 4 1 5 1 6 1 7 1 8 1 9 2 4 2 5 2 6 2 7 2 8 2 9 3 4 3 5 3 6 3 7 3 8 3 9 4 4 4 5 4 6 4 7 4 8 4 9 5 4 5 5 5 6 5 7 5 8 5 9 6 4 6 5 6 6 6 7 6 8 6 9 7 4 7 5 7 6 7 7 7 8 7 9 8 4 8 5 8 6 8 7 8 8 8 9 9 4 9 5 9 6 9 7 9 8 9 9 10 4 10 5 10 6 10 7 10 8 10 9
q 45 6 0 6 1 6 2 6 3 6 4 6 5 6 6 6 7 6 8 6 9 6 10 6 11 6 12 6 13 6 14 7 0 7 1 7 2 7 3 7 4 7 5 7 6 7 7 7 8 7 9 7 10 7 11 7 12 7 13 7 14 8 0 8 1 8 2 8 3 8 4 8 5 8 6 8 7 8 8 8 9 8 10 8 11 8 12 8 13 8 14
q 36 1 3 1 4 1 5 1 6 1 7 1 8 2 3 2 4 2 5 2 6 2 7 2 8 3 3 3 4 3 5 3 6 3 7 3 8 4 3 4 4 4 5 4 6 4 7 4 8 5 3 5 4 5 5 5 6 5 7 5 8 6 3 6 4 6 5 6 6 6 7 6 8
q 35 11 7 11 8 11 9 11 10 11 11 11 12 11 13 12 7 12 8 12 9 12 10 12 11 12 12 12 13 13 7 13 8 13 9 13 10 13 11 13 12 13 13 14 7 14 8 14 9 14 10 14 11 14 12 14 13 15 7 15 8 15 9 15 10 15 11 15 12 15 13
q 63 7 1 7 2 7 3 7 4 7 5 7 6 7 7 7 8 7 9 8 1 8 2 8 3 8 4 8 5 8 6 8 7 8 8 8 9 9 1 9 2 9 3 9 4 9 5 9 6 9 7 9 8 9 9 10 1 10 2 10 3 10 4 10 5 10 6 10 7 10 8 10 9 11 1 11 2 11 3 11 4 11 5 11 6 11 7 11 8 11 9 12 1 12 2 12 3 12 4 12 5 12 6 12 7 12 8 12 9 13 1 13 2 13 3 13 4 13 5 13 6 13 7 13 8 13 9
q 32 5 3 5 4 5 5 5 6 5 7 5 8 5 9 5 10 6 3 6 4 6 5 6 6 6 7 6 8 6 9 6 10 7 3 7 4 7 5 7 6 7 7 7 8 7 9 7 10 8 3 8 4 8 5 8 6 8 7 8 8 8 9 8 10
q 38 0 3 0 4 1 3 1 4 2 3 2 4 3 3 3 4 4 3 4 4 5 3 5 4 6 3 6 4 7 3 7 4 8 3 8 4 9 3 9 4 10 3 10 4 11 3 11 4 12 3 12 4 13 3 13 4 14 3 14 4 15 3 15 4 16 3 16 4 17 3 17 4 18 3 18 4
q 38 0 8 0 9 1 8 1 9 2 8 2 9 3 8 3 9 4 8 4 9 5 8 5 9 6 8 6 9 7 8 7 9 8 8 8 9 9 8 9 9 10 8 10 9 11 8 11 9 12 8 12 9 13 8 13 9 14 8 14 9 15 8 15 9 16 8 16 9 17 8 17 9 18 8 18 9
q 34 2 0 2 1 2 2 2 3 2 4 2 5 2 6 2 7 2 8 2 9 2 10 2 11 2 12 2 13 2 14 2 15 2 16 3 0 3 1 3 2 3 3 3 4 3 5 3 6 3 7 3 8 3 9 3 10 3 11 3 12 3 13 3 14 3 15 3 16
q 56 5 5 5 6 5 7 5 8 5 9 5 10 5 11 5 12 6 5 6 6 6 7 6 8 6 9 6 10 6 11 6 12 7 5 7 6 7 7 7 8 7 9 7 10 7 11 7 12 8 5 8 6 8 7 8 8 8 9 8 10 8 11 8 12 9 5 9 6 9 7 9 8 9 9 9 10 9 11 9 12 10 5 10 6 10 7 10 8 10 9 10 10 10 11 10 12 11 5 11 6 11 7 11 8 11 9 11 10 11 11 11 12
q 54 5 10 5 11 5 12 5 13 5 14 5 15 6 10 6 11 6 12 6 13 6 14 6 15 7 10 7 11 7 12 7 13 7 14 7 15 8 10 8 11 8 12 8 13 8 14 8 15 9 10 9 11 9 12 9 13 9 14 9 15 10 10 10 11 10 12 10 13 10 14 10 15 11 10 11 11 11 12 11 13 11 14 11 15 12 10 12 11 12 12 12 13 12 14 12 15 13 10 13 11 13 12 13 13 13 14 13 15
q 28 8 7 8 8 8 9 8 10 8 11 8 12 8 13 9 7 9 8 9 9 9 10 9 11 9 12 9 13 10 7 10 8 10 9 10 10 10 11 10 12 10 13 11 7 11 8 11 9 11 10 11 11 11 12 11 13
q 40 4 4 4 5 4 6 4 7 5 4 5 5 5 6 5 7 6 4 6 5 6 6 6 7 7 4 7 5 7 6 7 7 8 4 8 5 8 6 8 7 9 4 9 5 9 6 9 7 10 4 10 5 10 6 10 7 11 4 11 5 11 6 11 7 12 4 12 5 12 6 12 7 13 4 13 5 13 6 13 7
q 63 3 3 3 4 3 5 3 6 3 7 3 8 3 9 4 3 4 4 4 5 4 6 4 7 4 8 4 9 5 3 5 4 5 5 5 6 5 7 5 8 5 9 6 3 6 4 6 5 6 6 6 7 6 8 6 9 7 3 7 4 7 5 7 6 7 7 7 8 7 9 8 3 8 4 8 5 8 6 8 7 8 8 8 9 9 3 9 4 9 5 9 6 9 7 9 8 9 9 10 3 10 4 10 5 10 6 10 7 10 8 10 9 11 3 11 4 11 5 11 6 11 7 11 8 11 9
q 54 15 0 15 1 15 2 15 3 15 4 15 5 15 6 15 7 15 8 15 9 15 10 15 11 15 12 15 13 15 14 15 15 15 16 15 17 16 0 16 1 16 2 16 3 16 4 16 5 16 6 16 7 16 8 16 9 16 10 16 11 16 12 16 13 16 14 16 15 16 16 16 17 17 0 17 1 17 2 17 3 17 4 17 5 17 6 17 7 17 8 17 9 17 10 17 11 17 12 17 13 17 14 17 15 17 16 17 17
q 64 4 7 4 8 4 9 4 10 4 11 4 12 4 13 4 14 5 7 5 8 5 9 5 10 5 11 5 12 5 13 5 14 6 7 6 8 6 9 6 10 6 11 6 12 6 13 6 14 7 7 7 8 7 9 7 10 7 11 7 12 7 13 7 14 8 7 8 8 8 9 8 10 8 11 8 12 8 13 8 14 9 7 9 8 9 9 9 10 9 11 9 12 9 13 9 14 10 7 10 8 10 9 10 10 10 11 10 12 10 13 10 14 11 7 11 8 11 9 11 10 11 11 11 12 11 13 11 14
q 64 8 3 8 4 8 5 8 6 8 7 8 8 8 9 8 10 8 11 8 12 8 13 8 14 8 15 8 16 8 17 8 18 9 3 9 4 9 5 9 6 9 7 9 8 9 9 9 10 9 11 9 12 9 13 9 14 9 15 9 16 9 17 9 18 10 3 10 4 10 5 10 6 10 7 10 8 10 9 10 10 10 11 10 12 10 13 10 14 10 15 10 16 10 17 10 18 11 3 11 4 11 5 11 6 11 7 11 8 11 9 11 10 11 11 11 12 11 13 11 14 11 15 11 16 11 17 11 18
q 63 6 12 6 13 6 14 6 15 6 16 6 17 6 18 7 12 7 13 7 14 7 15 7 16 7 17 7 18 8 12 8 13 8 14 8 15 8 16 8 17 8 18 9 12 9 13 9 14 9 15 9 16 9 17 9 18 10 12 10 13 10 14 10 15 10 16 10 17 10 18 11 12 11 13 11 14 11 15 11 16 11 17 11 18 12 12 12 13 12 14 12 15 12 16 12 17 12 18 13 12 13 13 13 14 13 15 13 16 13 17 13 18 14 12 14 13 14 14 14 15 14 16 14 17 14 18
q 60 0 6 0 7 0 8 0 9 0 10 0 11 1 6 1 7 1 8 1 9 1 10 1 11 2 6 2 7 2 8 2 9 2 10 2 11 3 6 3 7 3 8 3 9 3 10 3 11 4 6 4 7 4 8 4 9 4 10 4 11 5 6 5 7 5 8 5 9 5 10 5 11 6 6 6 7 6 8 6 9 6 10 6 11 7 6 7 7 7 8 7 9 7 10 7 11 8 6 8 7 8 8 8 9 8 10 8 11 9 6 9 7 9 8 9 9 9 10 9 11
q 35 6 3 6 4 6 5 6 6 6 7 7 3 7 4 7 5 7 6 7 7 8 3 8 4 8 5 8 6 8 7 9 3 9 4 9 5 9 6 9 7 10 3 10 4 10 5 10 6 10 7 11 3 11 4 11 5 11 6 11 7 12 3 12 4 12 5 12 6 12 7
q 56 1 6 1 7 1 8 1 9 1 10 1 11 1 12 1 13 2 6 2 7 2 8 2 9 2 10 2 11 2 12 2 13 3 6 3 7 3 8 3 9 3 10 3 11 3 12 3 13 4 6 4 7 4 8 4 9 4 10 4 11 4 12 4 13 5 6 5 7 5 8 5 9 5 10 5 11 5 12 5 13 6 6 6 7 6 8 6 9 6 10 6 11 6 12 6 13 7 6 7 7 7 8 7 9 7 10 7 11 7 12 7 13
q 33 7 7 7 8 7 9 7 10 7 11 7 12 7 13 7 14 7 15 7 16 7 17 8 7 8 8 8 9 8 10 8 11 8 12 8 13 8 14 8 15 8 16 8 17 9 7 9 8 9 9 9 10 9 11 9 12 9 13 9 14 9 15 9 16 9 17
q 26 1 1 1 2 2 1 2 2 3 1 3 2 4 1 4 2 5 1 5 2 6 1 6 2 7 1 7 2 8 1 8 2 9 1 9 2 10 1 10 2 11 1 11 2 12 1 12 2 13 1 13 2
q 48 2 13 2 14 2 15 2 16 2 17 2 18 3 13 3 14 3 15 3 16 3 17 3 18 4 13 4 14 4 15 4 16 4 17 4 18 5 13 5 14 5 15 5 16 5 17 5 18 6 13 6 14 6 15 6 16 6 17 6 18 7 13 7 14 7 15 7 16 7 17 7 18 8 13 8 14 8 15 8 16 8 17 8 18 9 13 9 14 9 15 9 16 9 17 9 18
q 40 7 8 7 9 7 10 7 11 7 12 7 13 7 14 7 15 8 8 8 9 8 10 8 11 8 12 8 13 8 14 8 15 9 8 9 9 9 10 9 11 9 12 9 13 9 14 9 15 10 8 10 9 10 10 10 11 10 12 10 13 10 14 10 15 11 8 11 9 11 10 11 11 11 12 11 13 11 14 11 15
q 36 2 1 2 2 2 3 2 4 2 5 2 6 2 7 2 8 2 9 2 10 2 11 2 12 2 13 2 14 2 15 2 16 2 17 2 18 3 1 3 2 3 3 3 4 3 5 3 6 3 7 3 8 3 9 3 10 3 11 3 12 3 13 3 14 3 15 3 16 3 17 3 18
q 28 11 2 11 3 11 4 11 5 12 2 12 3 12 4 12 5 13 2 13 3 13 4 13 5 14 2 14 3 14 4 14 5 15 2 15 3 15 4 15 5 16 2 16 3 16 4 16 5 17 2 17 3 17 4 17 5
q 54 2 1 2 2 2 3 2 4 2 5 2 6 2 7 2 8 2 9 3 1 3 2 3 3 3 4 3 5 3 6 3 7 3 8 3 9 4 1 4 2 4 3 4 4 4 5 4 6 4 7 4 8 4 9 5 1 5 2 5 3 5 4 5 5 5 6 5 7 5 8 5 9 6 1 6 2 6 3 6 4 6 5 6 6 6 7 6 8 6 9 7 1 7 2 7 3 7 4 7 5 7 6 7 7 7 8 7 9
q 54 3 0 3 1 3 2 3 3 3 4 3 5 3 6 3 7 3 8 3 9 3 10 3 11 3 12 3 13 3 14 3 15 3 16 3 17 4 0 4 1 4 2 4 3 4 4 4 5 4 6 4 7 4 8 4 9 4 10 4 11 4 12 4 13 4 14 4 15 4 16 4 17 5 0 5 1 5 2 5 3 5 4 5 5 5 6 5 7 5 8 5 9 5 10 5 11 5 12 5 13 5 14 5 15 5 16 5 17
q 45 3 13 3 14 3 15 4 13 4 14 4 15 5 13 5 14 5 15 6 13 6 14 6 15 7 13 7 14 7 15 8 13 8 14 8 15 9 13 9 14 9 15 10 13 10 14 10 15 11 13 11 14 11 15 12 13 12 14 12 15 13 13 13 14 13 15 14 13 14 14 14 15 15 13 15 14 15 15 16 13 16 14 16 15 17 13 17 14 17 15
q 56 7 1 7 2 7 3 7 4 7 5 7 6 7 7 8 1 8 2 8 3 8 4 8 5 8 6 8 7 9 1 9 2 9 3 9 4 9 5 9 6 9 7 10 1 10 2 10 3 10 4 10 5 10 6 10 7 11 1 11 2 11 3 11 4 11 5 11 6 11 7 12 1 12 2 12 3 12 4 12 5 12 6 12 7 13 1 13 2 13 3 13 4 13 5 13 6 13 7 14 1 14 2 14 3 14 4 14 5 14 6 14 7
q 49 6 0 6 1 6 2 6 3 6 4 6 5 6 6 7 0 7 1 7 2 7 3 7 4 7 5 7 6 8 0 8 1 8 2 8 3 8 4 8 5 8 6 9 0 9 1 9 2 9 3 9 4 9 5 9 6 10 0 10 1 10 2 10 3 10 4 10 5 10 6 11 0 11 1 11 2 11 3 11 4 11 5 11 6 12 0 12 1 12 2 12 3 12 4 12 5 12 6
q 40 2 7 2 8 2 9 2 10 2 11 2 12 2 13 2 14 2 15 2 16 3 7 3 8 3 9 3 10 3 11 3 12 3 13 3 14 3 15 3 16 4 7 4 8 4 9 4 10 4 11 4 12 4 13 4 14 4 15 4 16 5 7 5 8 5 9 5 10 5 11 5 12 5 13 5 14 5 15 5 16
q 45 2 2 2 3 2 4 2 5 2 6 2 7 2 8 2 9 2 10 3 2 3 3 3 4 3 5 3 6 3 7 3 8 3 9 3 10 4 2 4 3 4 4 4 5 4 6 4 7 4 8 4 9 4 10 5 2 5 3 5 4 5 5 5 6 5 7 5 8 5 9 5 10 6 2 6 3 6 4 6 5 6 6 6 7 6 8 6 9 6 10
q 36 1 4 1 5 1 6 1 7 1 8 1 9 1 10 1 11 1 12 1 13 1 14 1 15 2 4 2 5 2 6 2 7 2 8 2 9 2 10 2 11 2 12 2 13 2 14 2 15 3 4 3 5 3 6 3 7 3 8 3 9 3 10 3 11 3 12 3 13 3 14 3 15
q 54 0 2 0 3 0 4 0 5 0 6 0 7 1 2 1 3 1 4 1 5 1 6 1 7 2 2 2 3 2 4 2 5 2 6 2 7 3 2 3 3 3 4 3 5 3 6 3 7 4 2 4 3 4 4 4 5 4 6 4 7 5 2 5 3 5 4 5 5 5 6 5 7 6 2 6 3 6 4 6 5 6 6 6 7 7 2 7 3 7 4 7 5 7 6 7 7 8 2 8 3 8 4 8 5 8 6 8 7
q 28 4 5 4 6 4 7 4 8 4 9 4 10 4 11 5 5 5 6 5 7 5 8 5 9 5 10 5 11 6 5 6 6 6 7 6 8 6 9 6 10 6 11 7 5 7 6 7 7 7 8 7 9 7 10 7 11
q 34 1 9 1 10 2 9 2 10 3 9 3 10 4 9 4 10 5 9 5 10 6 9 6 10 7 9 7 10 8 9 8 10 9 9 9 10 10 9 10 10 11 9 11 10 12 9 12 10 13 9 13 10 14 9 14 10 15 9 15 10 16 9 16 10 17 9 17 10
q 60 2 11 2 12 2 13 2 14 2 15 2 16 3 11 3 12 3 13 3 14 3 15 3 16 4 11 4 12 4 13 4 14 4 15 4 16 5 11 5 12 5 13 5 14 5 15 5 16 6 11 6 12 6 13 6 14 6 15 6 16 7 11 7 12 7 13 7 14 7 15 7 16 8 11 8 12 8 13 8 14 8 15 8 16 9 11 9 12 9 13 9 14 9 15 9 16 10 11 10 12 10 13 10 14 10 15 10 16 11 11 11 12 11 13 11 14 11 15 11 16
q 34 0 5 0 6 1 5 1 6 2 5 2 6 3 5 3 6 4 5 4 6 5 5 5 6 6 5 6 6 7 5 7 6 8 5 8 6 9 5 9 6 10 5 10 6 11 5 11 6 12 5 12 6 13 5 13 6 14 5 14 6 15 5 15 6 16 5 16 6
q 28 5 16 5 17 6 16 6 17 7 16 7 17 8 16 8 17 9 16 9 17 10 16 10 17 11 16 11 17 12 16 12 17 13 16 13 17 14 16 14 17 15 16 15 17 16 16 16 17 17 16 17 17 18 16 18 17
q 54 5 10 5 11 5 12 5 13 5 14 5 15 6 10 6 11 6 12 6 13 6 14 6 15 7 10 7 11 7 12 7 13 7 14 7 15 8 10 8 11 8 12 8 13 8 14 8 15 9 10 9 11 9 12 9 13 9 14 9 15 10 10 10 11 10 12 10 13 10 14 10 15 11 10 11 11 11 12 11 13 11 14 11 15 12 10 12 11 12 12 12 13 12 14 12 15 13 10 13 11 13 12 13 13 13 14 13 15
q 55 1 5 1 6 1 7 1 8 1 9 1 10 1 11 1 12 1 13 1 14 1 15 2 5 2 6 2 7 2 8 2 9 2 10 2 11 2 12 2 13 2 14 2 15 3 5 3 6 3 7 3 8 3 9 3 10 3 11 3 12 3 13 3 14 3 15 4 5 4 6 4 7 4 8 4 9 4 10 4 11 4 12 4 13 4 14 4 15 5 5 5 6 5 7 5 8 5 9 5 10 5 11 5 12 5 13 5 14 5 15
q 35 12 0 12 1 12 2 12 3 12 4 12 5 12 6 13 0 13 1 13 2 13 3 13 4 13 5 13 6 14 0 14 1 14 2 14 3 14 4 14 5 14 6 15 0 15 1 15 2 15 3 15 4 15 5 15 6 16 0 16 1 16 2 16 3 16 4 16 5 16 6
q 35 2 3 2 4 2 5 2 6 2 7 3 3 3 4 3 5 3 6 3 7 4 3 4 4 4 5 4 6 4 7 5 3 5 4 5 5 5 6 5 7 6 3 6 4 6 5 6 6 6 7 7 3 7 4 7 5 7 6 7 7 8 3 8 4 8 5 8 6 8 7
q 45 2 9 2 10 2 11 3 9 3 10 3 11 4 9 4 10 4 11 5 9 5 10 5 11 6 9 6 10 6 11 7 9 7 10 7 11 8 9 8 10 8 11 9 9 9 10 9 11 10 9 10 10 10 11 11 9 11 10 11 11 12 9 12 10 12 11 13 9 13 10 13 11 14 9 14 10 14 11 15 9 15 10 15 11 16 9 16 10 16 11
q 32 15 6 15 7 15 8 15 9 15 10 15 11 15 12 15 13 16 6 16 7 16 8 16 9 16 10 16 11 16 12 16 13 17 6 17 7 17 8 17 9 17 10 17 11 17 12 17 13 18 6 18 7 18 8 18 9 18 10 18 11 18 12 18 13
q 56 0 4 0 5 0 6 0 7 0 8 0 9 0 10 1 4 1 5 1 6 1 7 1 8 1 9 1 10 2 4 2 5 2 6 2 7 2 8 2 9 2 10 3 4 3 5 3 6 3 7 3 8 3 9 3 10 4 4 4 5 4 6 4 7 4 8 4 9 4 10 5 4 5 5 5 6 5 7 5 8 5 9 5 10 6 4 6 5 6 6 6 7 6 8 6 9 6 10 7 4 7 5 7 6 7 7 7 8 7 9 7 10
q 57 6 0 6 1 6 2 6 3 6 4 6 5 6 6 6 7 6 8 6 9 6 10 6 11 6 12 6 13 6 14 6 15 6 16 6 17 6 18 7 0 7 1 7 2 7 3 7 4 7 5 7 6 7 7 7 8 7 9 7 10 7 11 7 12 7 13 7 14 7 15 7 16 7 17 7 18 8 0 8 1 8 2 8 3 8 4 8 5 8 6 8 7 8 8 8 9 8 10 8 11 8 12 8 13 8 14 8 15 8 16 8 17 8 18
q 34 9 2 9 3 9 4 9 5 9 6 9 7 9 8 9 9 9 10 9 11 9 12 9 13 9 14 9 15 9 16 9 17 9 18 10 2 10 3 10 4 10 5 10 6 10 7 10 8 10 9 10 10 10 11 10 12 10 13 10 14 10 15 10 16 10 17 10 18
q 48 13 0 13 1 13 2 13 3 13 4 13 5 13 6 13 7 14 0 14 1 14 2 14 3 14 4 14 5 14 6 14 7 15 0 15 1 15 2 15 3 15 4 15 5 15 6 15 7 16 0 16 1 16 2 16 3 16 4 16 5 16 6 16 7 17 0 17 1 17 2 17 3 17 4 17 5 17 6 17 7 18 0 18 1 18 2 18 3 18 4 18 5 18 6 18 7
q 40 3 2 3 3 3 4 3 5 3 6 4 2 4 3 4 4 4 5 4 6 5 2 5 3 5 4 5 5 5 6 6 2 6 3 6 4 6 5 6 6 7 2 7 3 7 4 7 5 7 6 8 2 8 3 8 4 8 5 8 6 9 2 9 3 9 4 9 5 9 6 10 2 10 3 10 4 10 5 10 6
q 48 6 12 6 13 6 14 6 15 6 16 6 17 7 12 7 13 7 14 7 15 7 16 7 17 8 12 8 13 8 14 8 15 8 16 8 17 9 12 9 13 9 14 9 15 9 16 9 17 10 12 10 13 10 14 10 15 10 16 10 17 11 12 11 13 11 14 11 15 11 16 11 17 12 12 12 13 12 14 12 15 12 16 12 17 13 12 13 13 13 14 13 15 13 16 13 17
q 28 3 10 3 11 4 10 4 11 5 10 5 11 6 10 6 11 7 10 7 11 8 10 8 11 9 10 9 11 10 10 10 11 11 10 11 11 12 10 12 11 13 10 13 11 14 10 14 11 15 10 15 11 16 10 16 11
q 36 11 5 11 6 11 7 11 8 11 9 11 10 12 5 12 6 12 7 12 8 12 9 12 10 13 5 13 6 13 7 13 8 13 9 13 10 14 5 14 6 14 7 14 8 14 9 14 10 15 5 15 6 15 7 15 8 15 9 15 10 16 5 16 6 16 7 16 8 16 9 16 10
q 56 0 7 0 8 0 9 0 10 0 11 0 12 0 13 0 14 1 7 1 8 1 9 1 10 1 11 1 12 1 13 1 14 2 7 2 8 2 9 2 10 2 11 2 12 2 13 2 14 3 7 3 8 3 9 3 10 3 11 3 12 3 13 3 14 4 7 4 8 4 9 4 10 4 11 4 12 4 13 4 14 5 7 5 8 5 9 5 10 5 11 5 12 5 13 5 14 6 7 6 8 6 9 6 10 6 11 6 12 6 13 6 14
q 28 5 17 5 18 6 17 6 18 7 17 7 18 8 17 8 18 9 17 9 18 10 17 10 18 11 17 11 18 12 17 12 18 13 17 13 18 14 17 14 18 15 17 15 18 16 17 16 18 17 17 17 18 18 17 18 18
q 54 0 10 0 11 0 12 1 10 1 11 1 12 2 10 2 11 2 12 3 10 3 11 3 12 4 10 4 11 4 12 5 10 5 11 5 12 6 10 6 11 6 12 7 10 7 11 7 12 8 10 8 11 8 12 9 10 9 11 9 12 10 10 10 11 10 12 11 10 11 11 11 12 12 10 12 11 12 12 13 10 13 11 13 12 14 10 14 11 14 12 15 10 15 11 15 12 16 10 16 11 16 12 17 10 17 11 17 12
q 48 0 12 0 13 0 14 1 12 1 13 1 14 2 12 2 13 2 14 3 12 3 13 3 14 4 12 4 13 4 14 5 12 5 13 5 14 6 12 6 13 6 14 7 12 7 13 7 14 8 12 8 13 8 14 9 12 9 13 9 14 10 12 10 13 10 14 11 12 11 13 11 14 12 12 12 13 12 14 13 12 13 13 13 14 14 12 14 13 14 14 15 12 15 13 15 14
q 36 7 4 7 5 7 6 7 7 7 8 7 9 8 4 8 5 8 6 8 7 8 8 8 9 9 4 9 5 9 6 9 7 9 8 9 9 10 4 10 5 10 6 10 7 10 8 10 9 11 4 11 5 11 6 11 7 11 8 11 9 12 4 12 5 12 6 12 7 12 8 12 9
q 32 3 11 3 12 4 11 4 12 5 11 5 12 6 11 6 12 7 11 7 12 8 11 8 12 9 11 9 12 10 11 10 12 11 11 11 12 12 11 12 12 13 11 13 12 14 11 14 12 15 11 15 12 16 11 16 12 17 11 17 12 18 11 18 12
q 64 2 1 2 2 2 3 2 4 3 1 3 2 3 3 3 4 4 1 4 2 4 3 4 4 5 1 5 2 5 3 5 4 6 1 6 2 6 3 6 4 7 1 7 2 7 3 7 4 8 1 8 2 8 3 8 4 9 1 9 2 9 3 9 4 10 1 10 2 10 3 10 4 11 1 11 2 11 3 11 4 12 1 12 2 12 3 12 4 13 1 13 2 13 3 13 4 14 1 14 2 14 3 14 4 15 1 15 2 15 3 15 4 16 1 16 2 16 3 16 4 17 1 17 2 17 3 17 4
q 60 13 7 13 8 13 9 13 10 13 11 13 12 13 13 13 14 13 15 13 16 13 17 13 18 14 7 14 8 14 9 14 10 14 11 14 12 14 13 14 14 14 15 14 16 14 17 14 18 15 7 15 8 15 9 15 10 15 11 15 12 15 13 15 14 15 15 15 16 15 17 15 18 16 7 16 8 16 9 16 10 16 11 16 12 16 13 16 14 16 15 16 16 16 17 16 18 17 7 17 8 17 9 17 10 17 11 17 12 17 13 17 14 17 15 17 16 17 17 17 18
q 28 8 4 8 5 8 6 8 7 8 8 8 9 8 10 9 4 9 5 9 6 9 7 9 8 9 9 9 10 10 4 10 5 10 6 10 7 10 8 10 9 10 10 11 4 11 5 11 6 11 7 11 8 11 9 11 10
q 54 8 11 8 12 8 13 8 14 8 15 8 16 9 11 9 12 9 13 9 14 9 15 9 16 10 11 10 12 10 13 10 14 10 15 10 16 11 11 11 12 11 13 11 14 11 15 11 16 12 11 12 12 12 13 12 14 12 15 12 16 13 11 13 12 13 13 13 14 13 15 13 16 14 11 14 12 14 13 14 14 14 15 14 16 15 11 15 12 15 13 15 14 15 15 15 16 16 11 16 12 16 13 16 14 16 15 16 16
q 60 2 15 2 16 2 17 2 18 3 15 3 16 3 17 3 18 4 15 4 16 4 17 4 18 5 15 5 16 5 17 5 18 6 15 6 16 6 17 6 18 7 15 7 16 7 17 7 18 8 15 8 16 8 17 8 18 9 15 9 16 9 17 9 18 10 15 10 16 10 17 10 18 11 15 11 16 11 17 11 18 12 15 12 16 12 17 12 18 13 15 13 16 13 17 13 18 14 15 14 16 14 17 14 18 15 15 15 16 15 17 15 18 16 15 16 16 16 17 16 18
q 35 0 12 0 13 0 14 0 15 0 16 0 17 0 18 1 12 1 13 1 14 1 15 1 16 1 17 1 18 2 12 2 13 2 14 2 15 2 16 2 17 2 18 3 12 3 13 3 14 3 15 3 16 3 17 3 18 4 12 4 13 4 14 4 15 4 16 4 17 4 18
q 28 17 5 17 6 17 7 17 8 17 9 17 10 17 11 17 12 17 13 17 14 17 15 17 16 17 17 17 18 18 5 18 6 18 7 18 8 18 9 18 10 18 11 18 12 18 13 18 14 18 15 18 16 18 17 18 18
q 39 4 16 4 17 4 18 5 16 5 17 5 18 6 16 6 17 6 18 7 16 7 17 7 18 8 16 8 17 8 18 9 16 9 17 9 18 10 16 10 17 10 18 11 16 11 17 11 18 12 16 12 17 12 18 13 16 13 17 13 18 14 16 14 17 14 18 15 16 15 17 15 18 16 16 16 17 16 18
q 39 0 2 0 3 0 4 1 2 1 3 1 4 2 2 2 3 2 4 3 2 3 3 3 4 4 2 4 3 4 4 5 2 5 3 5 4 6 2 6 3 6 4 7 2 7 3 7 4 8 2 8 3 8 4 9 2 9 3 9 4 10 2 10 3 10 4 11 2 11 3 11 4 12 2 12 3 12 4
q 35 11 13 11 14 11 15 11 16 11 17 12 13 12 14 12 15 12 16 12 17 13 13 13 14 13 15 13 16 13 17 14 13 14 14 14 15 14 16 14 17 15 13 15 14 15 15 15 16 15 17 16 13 16 14 16 15 16 16 16 17 17 13 17 14 17 15 17 16 17 17
q 54 12 6 12 7 12 8 12 9 12 10 12 11 12 12 12 13 12 14 13 6 13 7 13 8 13 9 13 10 13 11 13 12 13 13 13 14 14 6 14 7 14 8 14 9 14 10 14 11 14 12 14 13 14 14 15 6 15 7 15 8 15 9 15 10 15 11 15 12 15 13 15 14 16 6 16 7 16 8 16 9 16 10 16 11 16 12 16 13 16 14 17 6 17 7 17 8 17 9 17 10 17 11 17 12 17 13 17 14
q 50 12 9 12 10 12 11 12 12 12 13 12 14 12 15 12 16 12 17 12 18 13 9 13 10 13 11 13 12 13 13 13 14 13 15 13 16 13 17 13 18 14 9 14 10 14 11 14 12 14 13 14 14 14 15 14 16 14 17 14 18 15 9 15 10 15 11 15 12 15 13 15 14 15 15 15 16 15 17 15 18 16 9 16 10 16 11 16 12 16 13 16 14 16 15 16 16 16 17 16 18
q 50 9 4 9 5 9 6 9 7 9 8 10 4 10 5 10 6 10 7 10 8 11 4 11 5 11 6 11 7 11 8 12 4 12 5 12 6 12 7 12 8 13 4 13 5 13 6 13 7 13 8 14 4 14 5 14 6 14 7 14 8 15 4 15 5 15 6 15 7 15 8 16 4 16 5 16 6 16 7 16 8 17 4 17 5 17 6 17 7 17 8 18 4 18 5 18 6 18 7 18 8
q 38 5 0 5 1 5 2 5 3 5 4 5 5 5 6 5 7 5 8 5 9 5 10 5 11 5 12 5 13 5 14 5 15 5 16 5 17 5 18 6 0 6 1 6 2 6 3 6 4 6 5 6 6 6 7 6 8 6 9 6 10 6 11 6 12 6 13 6 14 6 15 6 16 6 17 6 18
q 28 7 2 7 3 7 4 7 5 8 2 8 3 8 4 8 5 9 2 9 3 9 4 9 5 10 2 10 3 10 4 10 5 11 2 11 3 11 4 11 5 12 2 12 3 12 4 12 5 13 2 13 3 13 4 13 5
q 44 13 7 13 8 13 9 13 10 13 11 13 12 13 13 13 14 13 15 13 16 13 17 14 7 14 8 14 9 14 10 14 11 14 12 14 13 14 14 14 15 14 16 14 17 15 7 15 8 15 9 15 10 15 11 15 12 15 13 15 14 15 15 15 16 15 17 16 7 16 8 16 9 16 10 16 11 16 12 16 13 16 14 16 15 16 16 16 17
q 30 5 12 5 13 5 14 5 15 5 16 6 12 6 13 6 14 6 15 6 16 7 12 7 13 7 14 7 15 7 16 8 12 8 13 8 14 8 15 8 16 9 12 9 13 9 14 9 15 9 16 10 12 10 13 10 14 10 15 10 16
q 52 6 7 6 8 6 9 6 10 7 7 7 8 7 9 7 10 8 7 8 8 8 9 8 10 9 7 9 8 9 9 9 10 10 7 10 8 10 9 10 10 11 7 11 8 11 9 11 10 12 7 12 8 12 9 12 10 13 7 13 8 13 9 13 10 14 7 14 8 14 9 14 10 15 7 15 8 15 9 15 10 16 7 16 8 16 9 16 10 17 7 17 8 17 9 17 10 18 7 18 8 18 9 18 10
q 60 7 9 7 10 7 11 7 12 7 13 7 14 7 15 7 16 7 17 7 18 8 9 8 10 8 11 8 12 8 13 8 14 8 15 8 16 8 17 8 18 9 9 9 10 9 11 9 12 9 13 9 14 9 15 9 16 9 17 9 18 10 9 10 10 10 11 10 12 10 13 10 14 10 15 10 16 10 17 10 18 11 9 11 10 11 11 11 12 11 13 11 14 11 15 11 16 11 17 11 18 12 9 12 10 12 11 12 12 12 13 12 14 12 15 12 16 12 17 12 18
q 26 13 3 13 4 13 5 13 6 13 7 13 8 13 9 13 10 13 11 13 12 13 13 13 14 13 15 14 3 14 4 14 5 14 6 14 7 14 8 14 9 14 10 14 11 14 12 14 13 14 14 14 15
q 32 0 14 0 15 1 14 1 15 2 14 2 15 3 14 3 15 4 14 4 15 5 14 5 15 6 14 6 15 7 14 7 15 8 14 8 15 9 14 9 15 10 14 10 15 11 14 11 15 12 14 12 15 13 14 13 15 14 14 14 15 15 14 15 15
q 30 14 13 14 14 14 15 14 16 14 17 14 18 15 13 15 14 15 15 15 16 15 17 15 18 16 13 16 14 16 15 16 16 16 17 16 18 17 13 17 14 17 15 17 16 17 17 17 18 18 13 18 14 18 15 18 16 18 17 18 18
q 30 2 16 2 17 2 18 3 16 3 17 3 18 4 16 4 17 4 18 5 16 5 17 5 18 6 16 6 17 6 18 7 16 7 17 7 18 8 16 8 17 8 18 9 16 9 17 9 18 10 16 10 17 10 18 11 16 11 17 11 18
q 28 1 9 1 10 1 11 1 12 2 9 2 10 2 11 2 12 3 9 3 10 3 11 3 12 4 9 4 10 4 11 4 12 5 9 5 10 5 11 5 12 6 9 6 10 6 11 6 12 7 9 7 10 7 11 7 12
q 32 0 10 0 11 1 10 1 11 2 10 2 11 3 10 3 11 4 10 4 11 5 10 5 11 6 10 6 11 7 10 7 11 8 10 8 11 9 10 9 11 10 10 10 11 11 10 11 11 12 10 12 11 13 10 13 11 14 10 14 11 15 10 15 11
q 40 2 4 2 5 2 6 2 7 3 4 3 5 3 6 3 7 4 4 4 5 4 6 4 7 5 4 5 5 5 6 5 7 6 4 6 5 6 6 6 7 7 4 7 5 7 6 7 7 8 4 8 5 8 6 8 7 9 4 9 5 9 6 9 7 10 4 10 5 10 6 10 7 11 4 11 5 11 6 11 7
q 60 7 8 7 9 7 10 7 11 7 12 7 13 8 8 8 9 8 10 8 11 8 12 8 13 9 8 9 9 9 10 9 11 9 12 9 13 10 8 10 9 10 10 10 11 10 12 10 13 11 8 11 9 11 10 11 11 11 12 11 13 12 8 12 9 12 10 12 11 12 12 12 13 13 8 13 9 13 10 13 11 13 12 13 13 14 8 14 9 14 10 14 11 14 12 14 13 15 8 15 9 15 10 15 11 15 12 15 13 16 8 16 9 16 10 16 11 16 12 16 13
q 51 12 0 12 1 12 2 12 3 12 4 12 5 12 6 12 7 12 8 12 9 12 10 12 11 12 12 12 13 12 14 12 15 12 16 13 0 13 1 13 2 13 3 13 4 13 5 13 6 13 7 13 8 13 9 13 10 13 11 13 12 13 13 13 14 13 15 13 16 14 0 14 1 14 2 14 3 14 4 14 5 14 6 14 7 14 8 14 9 14 10 14 11 14 12 14 13 14 14 14 15 14 16
q 54 1 0 1 1 1 2 2 0 2 1 2 2 3 0 3 1 3 2 4 0 4 1 4 2 5 0 5 1 5 2 6 0 6 1 6 2 7 0 7 1 7 2 8 0 8 1 8 2 9 0 9 1 9 2 10 0 10 1 10 2 11 0 11 1 11 2 12 0 12 1 12 2 13 0 13 1 13 2 14 0 14 1 14 2 15 0 15 1 15 2 16 0 16 1 16 2 17 0 17 1 17 2 18 0 18 1 18 2
q 39 2 8 2 9 2 10 3 8 3 9 3 10 4 8 4 9 4 10 5 8 5 9 5 10 6 8 6 9 6 10 7 8 7 9 7 10 8 8 8 9 8 10 9 8 9 9 9 10 10 8 10 9 10 10 11 8 11 9 11 10 12 8 12 9 12 10 13 8 13 9 13 10 14 8 14 9 14 10
q 51 1 2 1 3 1 4 1 5 1 6 1 7 1 8 1 9 1 10 1 11 1 12 1 13 1 14 1 15 1 16 1 17 1 18 2 2 2 3 2 4 2 5 2 6 2 7 2 8 2 9 2 10 2 11 2 12 2 13 2 14 2 15 2 16 2 17 2 18 3 2 3 3 3 4 3 5 3 6 3 7 3 8 3 9 3 10 3 11 3 12 3 13 3 14 3 15 3 16 3 17 3 18
q 42 4 13 4 14 4 15 5 13 5 14 5 15 6 13 6 14 6 15 7 13 7 14 7 15 8 13 8 14 8 15 9 13 9 14 9 15 10 13 10 14 10 15 11 13 11 14 11 15 12 13 12 14 12 15 13 13 13 14 13 15 14 13 14 14 14 15 15 13 15 14 15 15 16 13 16 14 16 15 17 13 17 14 17 15
q 39 13 3 13 4 13 5 13 6 13 7 13 8 13 9 13 10 13 11 13 12 13 13 13 14 13 15 14 3 14 4 14 5 14 6 14 7 14 8 14 9 14 10 14 11 14 12 14 13 14 14 14 15 15 3 15 4 15 5 15 6 15 7 15 8 15 9 15 10 15 11 15 12 15 13 15 14 15 15
q 52 2 13 2 14 2 15 2 16 3 13 3 14 3 15 3 16 4 13 4 14 4 15 4 16 5 13 5 14 5 15 5 16 6 13 6 14 6 15 6 16 7 13 7 14 7 15 7 16 8 13 8 14 8 15 8 16 9 13 9 14 9 15 9 16 10 13 10 14 10 15 10 16 11 13 11 14 11 15 11 16 12 13 12 14 12 15 12 16 13 13 13 14 13 15 13 16 14 13 14 14 14 15 14 16
q 56 0 1 0 2 0 3 0 4 0 5 0 6 0 7 1 1 1 2 1 3 1 4 1 5 1 6 1 7 2 1 2 2 2 3 2 4 2 5 2 6 2 7 3 1 3 2 3 3 3 4 3 5 3 6 3 7 4 1 4 2 4 3 4 4 4 5 4 6 4 7 5 1 5 2 5 3 5 4 5 5 5 6 5 7 6 1 6 2 6 3 6 4 6 5 6 6 6 7 7 1 7 2 7 3 7 4 7 5 7 6 7 7
q 51 5 1 5 2 5 3 5 4 5 5 5 6 5 7 5 8 5 9 5 10 5 11 5 12 5 13 5 14 5 15 5 16 5 17 6 1 6 2 6 3 6 4 6 5 6 6 6 7 6 8 6 9 6 10 6 11 6 12 6 13 6 14 6 15 6 16 6 17 7 1 7 2 7 3 7 4 7 5 7 6 7 7 7 8 7 9 7 10 7 11 7 12 7 13 7 14 7 15 7 16 7 17
q 32 13 3 13 4 13 5 13 6 13 7 13 8 13 9 13 10 13 11 13 12 13 13 13 14 13 15 13 16 13 17 13 18 14 3 14 4 14 5 14 6 14 7 14 8 14 9 14 10 14 11 14 12 14 13 14 14 14 15 14 16 14 17 14 18
q 54 3 4 3 5 3 6 3 7 3 8 3 9 4 4 4 5 4 6 4 7 4 8 4 9 5 4 5 5 5 6 5 7 5 8 5 9 6 4 6 5 6 6 6 7 6 8 6 9 7 4 7 5 7 6 7 7 7 8 7 9 8 4 8 5 8 6 8 7 8 8 8 9 9 4 9 5 9 6 9 7 9 8 9 9 10 4 10 5 10 6 10 7 10 8 10 9 11 4 11 5 11 6 11 7 11 8 11 9
q 33 10 5 10 6 10 7 10 8 10 9 10 10 10 11 10 12 10 13 10 14 10 15 11 5 11 6 11 7 11 8 11 9 11 10 11 11 11 12 11 13 11 14 11 15 12 5 12 6 12 7 12 8 12 9 12 10 12 11 12 12 12 13 12 14 12 15
q 40 0 8 0 9 0 10 0 11 1 8 1 9 1 10 1 11 2 8 2 9 2 10 2 11 3 8 3 9 3 10 3 11 4 8 4 9 4 10 4 11 5 8 5 9 5 10 5 11 6 8 6 9 6 10 6 11 7 8 7 9 7 10 7 11 8 8 8 9 8 10 8 11 9 8 9 9 9 10 9 11
q 30 2 3 2 4 3 3 3 4 4 3 4 4 5 3 5 4 6 3 6 4 7 3 7 4 8 3 8 4 9 3 9 4 10 3 10 4 11 3 11 4 12 3 12 4 13 3 13 4 14 3 14 4 15 3 15 4 16 3 16 4
q 32 3 9 3 10 4 9 4 10 5 9 5 10 6 9 6 10 7 9 7 10 8 9 8 10 9 9 9 10 10 9 10 10 11 9 11 10 12 9 12 10 13 9 13 10 14 9 14 10 15 9 15 10 16 9 16 10 17 9 17 10 18 9 18 10
q 56 3 0 3 1 3 2 3 3 3 4 3 5 3 6 3 7 4 0 4 1 4 2 4 3 4 4 4 5 4 6 4 7 5 0 5 1 5 2 5 3 5 4 5 5 5 6 5 7 6 0 6 1 6 2 6 3 6 4 6 5 6 6 6 7 7 0 7 1 7 2 7 3 7 4 7 5 7 6 7 7 8 0 8 1 8 2 8 3 8 4 8 5 8 6 8 7 9 0 9 1 9 2 9 3 9 4 9 5 9 6 9 7
q 40 9 5 9 6 9 7 9 8 9 9 9 10 9 11 9 12 9 13 9 14 10 5 10 6 10 7 10 8 10 9 10 10 10 11 10 12 10 13 10 14 11 5 11 6 11 7 11 8 11 9 11 10 11 11 11 12 11 13 11 14 12 5 12 6 12 7 12 8 12 9 12 10 12 11 12 12 12 13 12 14
q 60 7 3 7 4 7 5 7 6 7 7 8 3 8 4 8 5 8 6 8 7 9 3 9 4 9 5 9 6 9 7 10 3 10 4 10 5 10 6 10 7 11 3 11 4 11 5 11 6 11 7 12 3 12 4 12 5 12 6 12 7 13 3 13 4 13 5 13 6 13 7 14 3 14 4 14 5 14 6 14 7 15 3 15 4 15 5 15 6 15 7 16 3 16 4 16 5 16 6 16 7 17 3 17 4 17 5 17 6 17 7 18 3 18 4 18 5 18 6 18 7
q 63 5 0 5 1 5 2 5 3 5 4 5 5 5 6 5 7 5 8 6 0 6 1 6 2 6 3 6 4 6 5 6 6 6 7 6 8 7 0 7 1 7 2 7 3 7 4 7 5 7 6 7 7 7 8 8 0 8 1 8 2 8 3 8 4 8 5 8 6 8 7 8 8 9 0 9 1 9 2 9 3 9 4 9 5 9 6 9 7 9 8 10 0 10 1 10 2 10 3 10 4 10 5 10 6 10 7 10 8 11 0 11 1 11 2 11 3 11 4 11 5 11 6 11 7 11 8
q 40 1 13 1 14 1 15 1 16 1 17 2 13 2 14 2 15 2 16 2 17 3 13 3 14 3 15 3 16 3 17 4 13 4 14 4 15 4 16 4 17 5 13 5 14 5 15 5 16 5 17 6 13 6 14 6 15 6 16 6 17 7 13 7 14 7 15 7 16 7 17 8 13 8 14 8 15 8 16 8 17
q 51 8 2 8 3 8 4 8 5 8 6 8 7 8 8 8 9 8 10 8 11 8 12 8 13 8 14 8 15 8 16 8 17 8 18 9 2 9 3 9 4 9 5 9 6 9 7 9 8 9 9 9 10 9 11 9 12 9 13 9 14 9 15 9 16 9 17 9 18 10 2 10 3 10 4 10 5 10 6 10 7 10 8 10 9 10 10 10 11 10 12 10 13 10 14 10 15 10 16 10 17 10 18
q 48 0 0 0 1 0 2 1 0 1 1 1 2 2 0 2 1 2 2 3 0 3 1 3 2 4 0 4 1 4 2 5 0 5 1 5 2 6 0 6 1 6 2 7 0 7 1 7 2 8 0 8 1 8 2 9 0 9 1 9 2 10 0 10 1 10 2 11 0 11 1 11 2 12 0 12 1 12 2 13 0 13 1 13 2 14 0 14 1 14 2 15 0 15 1 15 2
q 50 8 3 8 4 8 5 8 6 8 7 8 8 8 9 8 10 8 11 8 12 9 3 9 4 9 5 9 6 9 7 9 8 9 9 9 10 9 11 9 12 10 3 10 4 10 5 10 6 10 7 10 8 10 9 10 10 10 11 10 12 11 3 11 4 11 5 11 6 11 7 11 8 11 9 11 10 11 11 11 12 12 3 12 4 12 5 12 6 12 7 12 8 12 9 12 10 12 11 12 12
q 60 5 4 5 5 5 6 5 7 5 8 5 9 5 10 5 11 5 12 5 13 5 14 5 15 5 16 5 17 5 18 6 4 6 5 6 6 6 7 6 8 6 9 6 10 6 11 6 12 6 13 6 14 6 15 6 16 6 17 6 18 7 4 7 5 7 6 7 7 7 8 7 9 7 10 7 11 7 12 7 13 7 14 7 15 7 16 7 17 7 18 8 4 8 5 8 6 8 7 8 8 8 9 8 10 8 11 8 12 8 13 8 14 8 15 8 16 8 17 8 18
q 42 9 1 9 2 9 3 9 4 9 5 9 6 9 7 9 8 9 9 9 10 9 11 9 12 9 13 9 14 10 1 10 2 10 3 10 4 10 5 10 6 10 7 10 8 10 9 10 10 10 11 10 12 10 13 10 14 11 1 11 2 11 3 11 4 11 5 11 6 11 7 11 8 11 9 11 10 11 11 11 12 11 13 11 14
q 57 13 0 13 1 13 2 13 3 13 4 13 5 13 6 13 7 13 8 13 9 13 10 13 11 13 12 13 13 13 14 13 15 13 16 13 17 13 18 14 0 14 1 14 2 14 3 14 4 14 5 14 6 14 7 14 8 14 9 14 10 14 11 14 12 14 13 14 14 14 15 14 16 14 17 14 18 15 0 15 1 15 2 15 3 15 4 15 5 15 6 15 7 15 8 15 9 15 10 15 11 15 12 15 13 15 14 15 15 15 16 15 17 15 18
q 60 0 14 0 15 0 16 0 17 0 18 1 14 1 15 1 16 1 17 1 18 2 14 2 15 2 16 2 17 2 18 3 14 3 15 3 16 3 17 3 18 4 14 4 15 4 16 4 17 4 18 5 14 5 15 5 16 5 17 5 18 6 14 6 15 6 16 6 17 6 18 7 14 7 15 7 16 7 17 7 18 8 14 8 15 8 16 8 17 8 18 9 14 9 15 9 16 9 17 9 18 10 14 10 15 10 16 10 17 10 18 11 14 11 15 11 16 11 17 11 18
q 30 13 7 13 8 13 9 13 10 13 11 13 12 13 13 13 14 13 15 13 16 14 7 14 8 14 9 14 10 14 11 14 12 14 13 14 14 14 15 14 16 15 7 15 8 15 9 15 10 15 11 15 12 15 13 15 14 15 15 15 16
q 34 14 0 14 1 14 2 14 3 14 4 14 5 14 6 14 7 14 8 14 9 14 10 14 11 14 12 14 13 14 14 14 15 14 16 15 0 15 1 15 2 15 3 15 4 15 5 15 6 15 7 15 8 15 9 15 10 15 11 15 12 15 13 15 14 15 15 15 16
q 56 6 3 6 4 6 5 6 6 6 7 6 8 6 9 6 10 6 11 6 12 6 13 6 14 6 15 6 16 7 3 7 4 7 5 7 6 7 7 7 8 7 9 7 10 7 11 7 12 7 13 7 14 7 15 7 16 8 3 8 4 8 5 8 6 8 7 8 8 8 9 8 10 8 11 8 12 8 13 8 14 8 15 8 16 9 3 9 4 9 5 9 6 9 7 9 8 9 9 9 10 9 11 9 12 9 13 9 14 9 15 9 16
q 54 11 10 11 11 11 12 11 13 11 14 11 15 11 16 11 17 11 18 12 10 12 11 12 12 12 13 12 14 12 15 12 16 12 17 12 18 13 10 13 11 13 12 13 13 13 14 13 15 13 16 13 17 13 18 14 10 14 11 14 12 14 13 14 14 14 15 14 16 14 17 14 18 15 10 15 11 15 12 15 13 15 14 15 15 15 16 15 17 15 18 16 10 16 11 16 12 16 13 16 14 16 15 16 16 16 17 16 18
q 63 10 10 10 11 10 12 10 13 10 14 10 15 10 16 10 17 10 18 11 10 11 11 11 12 11 13 11 14 11 15 11 16 11 17 11 18 12 10 12 11 12 12 12 13 12 14 12 15 12 16 12 17 12 18 13 10 13 11 13 12 13 13 13 14 13 15 13 16 13 17 13 18 14 10 14 11 14 12 14 13 14 14 14 15 14 16 14 17 14 18 15 10 15 11 15 12 15 13 15 14 15 15 15 16 15 17 15 18 16 10 16 11 16 12 16 13 16 14 16 15 16 16 16 17 16 18
q 64 2 4 2 5 2 6 2 7 2 8 2 9 2 10 2 11 3 4 3 5 3 6 3 7 3 8 3 9 3 10 3 11 4 4 4 5 4 6 4 7 4 8 4 9 4 10 4 11 5 4 5 5 5 6 5 7 5 8 5 9 5 10 5 11 6 4 6 5 6 6 6 7 6 8 6 9 6 10 6 11 7 4 7 5 7 6 7 7 7 8 7 9 7 10 7 11 8 4 8 5 8 6 8 7 8 8 8 9 8 10 8 11 9 4 9 5 9 6 9 7 9 8 9 9 9 10 9 11
q 48 3 13 3 14 3 15 4 13 4 14 4 15 5 13 5 14 5 15 6 13 6 14 6 15 7 13 7 14 7 15 8 13 8 14 8 15 9 13 9 14 9 15 10 13 10 14 10 15 11 13 11 14 11 15 12 13 12 14 12 15 13 13 13 14 13 15 14 13 14 14 14 15 15 13 15 14 15 15 16 13 16 14 16 15 17 13 17 14 17 15 18 13 18 14 18 15
q 54 10 1 10 2 10 3 10 4 10 5 10 6 10 7 10 8 10 9 10 10 10 11 10 12 10 13 10 14 10 15 10 16 10 17 10 18 11 1 11 2 11 3 11 4 11 5 11 6 11 7 11 8 11 9 11 10 11 11 11 12 11 13 11 14 11 15 11 16 11 17 11 18 12 1 12 2 12 3 12 4 12 5 12 6 12 7 12 8 12 9 12 10 12 11 12 12 12 13 12 14 12 15 12 16 12 17 12 18
q 32 5 5 5 6 5 7 5 8 6 5 6 6 6 7 6 8 7 5 7 6 7 7 7 8 8 5 8 6 8 7 8 8 9 5 9 6 9 7 9 8 10 5 10 6 10 7 10 8 11 5 11 6 11 7 11 8 12 5 12 6 12 7 12 8
q 30 6 2 6 3 6 4 6 5 6 6 6 7 6 8 6 9 6 10 6 11 7 2 7 3 7 4 7 5 7 6 7 7 7 8 7 9 7 10 7 11 8 2 8 3 8 4 8 5 8 6 8 7 8 8 8 9 8 10 8 11
q 42 12 12 12 13 12 14 12 15 12 16 12 17 12 18 13 12 13 13 13 14 13 15 13 16 13 17 13 18 14 12 14 13 14 14 14 15 14 16 14 17 14 18 15 12 15 13 15 14 15 15 15 16 15 17 15 18 16 12 16 13 16 14 16 15 16 16 16 17 16 18 17 12 17 13 17 14 17 15 17 16 17 17 17 18
q 64 0 3 0 4 0 5 0 6 0 7 0 8 0 9 0 10 0 11 0 12 0 13 0 14 0 15 0 16 0 17 0 18 1 3 1 4 1 5 1 6 1 7 1 8 1 9 1 10 1 11 1 12 1 13 1 14 1 15 1 16 1 17 1 18 2 3 2 4 2 5 2 6 2 7 2 8 2 9 2 10 2 11 2 12 2 13 2 14 2 15 2 16 2 17 2 18 3 3 3 4 3 5 3 6 3 7 3 8 3 9 3 10 3 11 3 12 3 13 3 14 3 15 3 16 3 17 3 18
q 64 0 1 0 2 0 3 0 4 0 5 0 6 0 7 0 8 0 9 0 10 0 11 0 12 0 13 0 14 0 15 0 16 1 1 1 2 1 3 1 4 1 5 1 6 1 7 1 8 1 9 1 10 1 11 1 12 1 13 1 14 1 15 1 16 2 1 2 2 2 3 2 4 2 5 2 6 2 7 2 8 2 9 2 10 2 11 2 12 2 13 2 14 2 15 2 16 3 1 3 2 3 3 3 4 3 5 3 6 3 7 3 8 3 9 3 10 3 11 3 12 3 13 3 14 3 15 3 16
q 38 14 0 14 1 14 2 14 3 14 4 14 5 14 6 14 7 14 8 14 9 14 10 14 11 14 12 14 13 14 14 14 15 14 16 14 17 14 18 15 0 15 1 15 2 15 3 15 4 15 5 15 6 15 7 15 8 15 9 15 10 15 11 15 12 15 13 15 14 15 15 15 16 15 17 15 18
q 42 11 4 11 5 11 6 11 7 11 8 11 9 11 10 11 11 11 12 11 13 11 14 11 15 11 16 11 17 12 4 12 5 12 6 12 7 12 8 12 9 12 10 12 11 12 12 12 13 12 14 12 15 12 16 12 17 13 4 13 5 13 6 13 7 13 8 13 9 13 10 13 11 13 12 13 13 13 14 13 15 13 16 13 17
q 42 0 2 0 3 0 4 0 5 0 6 0 7 0 8 0 9 0 10 0 11 0 12 0 13 0 14 0 15 1 2 1 3 1 4 1 5 1 6 1 7 1 8 1 9 1 10 1 11 1 12 1 13 1 14 1 15 2 2 2 3 2 4 2 5 2 6 2 7 2 8 2 9 2 10 2 11 2 12 2 13 2 14 2 15
q 44 8 9 8 10 8 11 8 12 9 9 9 10 9 11 9 12 10 9 10 10 10 11 10 12 11 9 11 10 11 11 11 12 12 9 12 10 12 11 12 12 13 9 13 10 13 11 13 12 14 9 14 10 14 11 14 12 15 9 15 10 15 11 15 12 16 9 16 10 16 11 16 12 17 9 17 10 17 11 17 12 18 9 18 10 18 11 18 12
q 60 5 2 5 3 5 4 5 5 5 6 5 7 5 8 5 9 5 10 5 11 5 12 5 13 5 14 5 15 5 16 6 2 6 3 6 4 6 5 6 6 6 7 6 8 6 9 6 10 6 11 6 12 6 13 6 14 6 15 6 16 7 2 7 3 7 4 7 5 7 6 7 7 7 8 7 9 7 10 7 11 7 12 7 13 7 14 7 15 7 16 8 2 8 3 8 4 8 5 8 6 8 7 8 8 8 9 8 10 8 11 8 12 8 13 8 14 8 15 8 16
q 30 0 2 0 3 0 4 1 2 1 3 1 4 2 2 2 3 2 4 3 2 3 3 3 4 4 2 4 3 4 4 5 2 5 3 5 4 6 2 6 3 6 4 7 2 7 3 7 4 8 2 8 3 8 4 9 2 9 3 9 4
q 51 13 2 13 3 13 4 13 5 13 6 13 7 13 8 13 9 13 10 13 11 13 12 13 13 13 14 13 15 13 16 13 17 13 18 14 2 14 3 14 4 14 5 14 6 14 7 14 8 14 9 14 10 14 11 14 12 14 13 14 14 14 15 14 16 14 17 14 18 15 2 15 3 15 4 15 5 15 6 15 7 15 8 15 9 15 10 15 11 15 12 15 13 15 14 15 15 15 16 15 17 15 18
q 57 0 2 0 3 0 4 1 2 1 3 1 4 2 2 2 3 2 4 3 2 3 3 3 4 4 2 4 3 4 4 5 2 5 3 5 4 6 2 6 3 6 4 7 2 7 3 7 4 8 2 8 3 8 4 9 2 9 3 9 4 10 2 10 3 10 4 11 2 11 3 11 4 12 2 12 3 12 4 13 2 13 3 13 4 14 2 14 3 14 4 15 2 15 3 15 4 16 2 16 3 16 4 17 2 17 3 17 4 18 2 18 3 18 4
q 60 0 7 0 8 0 9 0 10 1 7 1 8 1 9 1 10 2 7 2 8 2 9 2 10 3 7 3 8 3 9 3 10 4 7 4 8 4 9 4 10 5 7 5 8 5 9 5 10 6 7 6 8 6 9 6 10 7 7 7 8 7 9 7 10 8 7 8 8 8 9 8 10 9 7 9 8 9 9 9 10 10 7 10 8 10 9 10 10 11 7 11 8 11 9 11 10 12 7 12 8 12 9 12 10 13 7 13 8 13 9 13 10 14 7 14 8 14 9 14 10
q 33 13 4 13 5 13 6 13 7 13 8 13 9 13 10 13 11 13 12 13 13 13 14 14 4 14 5 14 6 14 7 14 8 14 9 14 10 14 11 14 12 14 13 14 14 15 4 15 5 15 6 15 7 15 8 15 9 15 10 15 11 15 12 15 13 15 14
q 64 1 7 1 8 1 9 1 10 2 7 2 8 2 9 2 10 3 7 3 8 3 9 3 10 4 7 4 8 4 9 4 10 5 7 5 8 5 9 5 10 6 7 6 8 6 9 6 10 7 7 7 8 7 9 7 10 8 7 8 8 8 9 8 10 9 7 9 8 9 9 9 10 10 7 10 8 10 9 10 10 11 7 11 8 11 9 11 10 12 7 12 8 12 9 12 10 13 7 13 8 13 9 13 10 14 7 14 8 14 9 14 10 15 7 15 8 15 9 15 10 16 7 16 8 16 9 16 10
q 60 0 1 0 2 0 3 0 4 1 1 1 2 1 3 1 4 2 1 2 2 2 3 2 4 3 1 3 2 3 3 3 4 4 1 4 2 4 3 4 4 5 1 5 2 5 3 5 4 6 1 6 2 6 3 6 4 7 1 7 2 7 3 7 4 8 1 8 2 8 3 8 4 9 1 9 2 9 3 9 4 10 1 10 2 10 3 10 4 11 1 11 2 11 3 11 4 12 1 12 2 12 3 12 4 13 1 13 2 13 3 13 4 14 1 14 2 14 3 14 4
q 54 3 1 3 2 3 3 3 4 3 5 3 6 3 7 3 8 3 9 3 10 3 11 3 12 3 13 3 14 3 15 3 16 3 17 3 18 4 1 4 2 4 3 4 4 4 5 4 6 4 7 4 8 4 9 4 10 4 11 4 12 4 13 4 14 4 15 4 16 4 17 4 18 5 1 5 2 5 3 5 4 5 5 5 6 5 7 5 8 5 9 5 10 5 11 5 12 5 13 5 14 5 15 5 16 5 17 5 18
q 30 11 7 11 8 11 9 11 10 11 11 11 12 11 13 11 14 11 15 11 16 12 7 12 8 12 9 12 10 12 11 12 12 12 13 12 14 12 15 12 16 13 7 13 8 13 9 13 10 13 11 13 12 13 13 13 14 13 15 13 16
q 36 13 0 13 1 13 2 13 3 13 4 13 5 13 6 13 7 13 8 13 9 13 10 13 11 13 12 13 13 13 14 13 15 13 16 13 17 14 0 14 1 14 2 14 3 14 4 14 5 14 6 14 7 14 8 14 9 14 10 14 11 14 12 14 13 14 14 14 15 14 16 14 17
q 50 9 6 9 7 9 8 9 9 9 10 9 11 9 12 9 13 9 14 9 15 10 6 10 7 10 8 10 9 10 10 10 11 10 12 10 13 10 14 10 15 11 6 11 7 11 8 11 9 11 10 11 11 11 12 11 13 11 14 11 15 12 6 12 7 12 8 12 9 12 10 12 11 12 12 12 13 12 14 12 15 13 6 13 7 13 8 13 9 13 10 13 11 13 12 13 13 13 14 13 15
q 30 9 15 9 16 9 17 10 15 10 16 10 17 11 15 11 16 11 17 12 15 12 16 12 17 13 15 13 16 13 17 14 15 14 16 14 17 15 15 15 16 15 17 16 15 16 16 16 17 17 15 17 16 17 17 18 15 18 16 18 17
q 38 16 0 16 1 16 2 16 3 16 4 16 5 16 6 16 7 16 8 16 9 16 10 16 11 16 12 16 13 16 14 16 15 16 16 16 17 16 18 17 0 17 1 17 2 17 3 17 4 17 5 17 6 17 7 17 8 17 9 17 10 17 11 17 12 17 13 17 14 17 15 17 16 17 17 17 18
q 12 2 9 2 10 3 9 3 10 4 9 4 10 5 9 5 10 6 9 6 10 7 9 7 10
q 56 3 0 3 1 3 2 3 3 3 4 3 5 3 6 4 0 4 1 4 2 4 3 4 4 4 5 4 6 5 0 5 1 5 2 5 3 5 4 5 5 5 6 6 0 6 1 6 2 6 3 6 4 6 5 6 6 7 0 7 1 7 2 7 3 7 4 7 5 7 6 8 0 8 1 8 2 8 3 8 4 8 5 8 6 9 0 9 1 9 2 9 3 9 4 9 5 9 6 10 0 10 1 10 2 10 3 10 4 10 5 10 6
q 30 2 16 2 17 3 16 3 17 4 16 4 17 5 16 5 17 6 16 6 17 7 16 7 17 8 16 8 17 9 16 9 17 10 16 10 17 11 16 11 17 12 16 12 17 13 16 13 17 14 16 14 17 15 16 15 17 16 16 16 17
q 24 1 11 1 12 1 13 1 14 1 15 1 16 1 17 1 18 2 11 2 12 2 13 2 14 2 15 2 16 2 17 2 18 3 11 3 12 3 13 3 14 3 15 3 16 3 17 3 18
q 12 10 6 10 7 11 6 11 7 12 6 12 7 13 6 13 7 14 6 14 7 15 6 15 7
q 38 17 0 17 1 17 2 17 3 17 4 17 5 17 6 17 7 17 8 17 9 17 10 17 11 17 12 17 13 17 14 17 15 17 16 17 17 17 18 18 0 18 1 18 2 18 3 18 4 18 5 18 6 18 7 18 8 18 9 18 10 18 11 18 12 18 13 18 14 18 15 18 16 18 17 18 18
q 48 8 1 8 2 8 3 8 4 8 5 8 6 8 7 8 8 8 9 8 10 8 11 8 12 8 13 8 14 8 15 8 16 9 1 9 2 9 3 9 4 9 5 9 6 9 7 9 8 9 9 9 10 9 11 9 12 9 13 9 14 9 15 9 16 10 1 10 2 10 3 10 4 10 5 10 6 10 7 10 8 10 9 10 10 10 11 10 12 10 13 10 14 10 15 10 16
q 28 11 4 11 5 11 6 11 7 11 8 11 9 11 10 11 11 11 12 11 13 11 14 11 15 11 16 11 17 12 4 12 5 12 6 12 7 12 8 12 9 12 10 12 11 12 12 12 13 12 14 12 15 12 16 12 17
q 14 0 10 1 10 2 10 3 10 4 10 5 10 6 10 7 10 8 10 9 10 10 10 11 10 12 10 13 10
q 40 14 6 14 7 14 8 14 9 14 10 14 11 14 12 14 13 14 14 14 15 15 6 15 7 15 8 15 9 15 10 15 11 15 12 15 13 15 14 15 15 16 6 16 7 16 8 16 9 16 10 16 11 16 12 16 13 16 14 16 15 17 6 17 7 17 8 17 9 17 10 17 11 17 12 17 13 17 14 17 15
q 16 7 1 7 2 7 3 7 4 8 1 8 2 8 3 8 4 9 1 9 2 9 3 9 4 10 1 10 2 10 3 10 4
q 57 16 0 16 1 16 2 16 3 16 4 16 5 16 6 16 7 16 8 16 9 16 10 16 11 16 12 16 13 16 14 16 15 16 16 16 17 16 18 17 0 17 1 17 2 17 3 17 4 17 5 17 6 17 7 17 8 17 9 17 10 17 11 17 12 17 13 17 14 17 15 17 16 17 17 17 18 18 0 18 1 18 2 18 3 18 4 18 5 18 6 18 7 18 8 18 9 18 10 18 11 18 12 18 13 18 14 18 15 18 16 18 17 18 18
q 36 16 1 16 2 16 3 16 4 16 5 16 6 16 7 16 8 16 9 16 10 16 11 16 12 16 13 16 14 16 15 16 16 16 17 16 18 17 1 17 2 17 3 17 4 17 5 17 6 17 7 17 8 17 9 17 10 17 11 17 12 17 13 17 14 17 15 17 16 17 17 17 18
q 45 7 5 7 6 7 7 7 8 7 9 7 10 7 11 7 12 7 13 8 5 8 6 8 7 8 8 8 9 8 10 8 11 8 12 8 13 9 5 9 6 9 7 9 8 9 9 9 10 9 11 9 12 9 13 10 5 10 6 10 7 10 8 10 9 10 10 10 11 10 12 10 13 11 5 11 6 11 7 11 8 11 9 11 10 11 11 11 12 11 13
q 57 0 0 0 1 0 2 0 3 0 4 0 5 0 6 0 7 0 8 0 9 0 10 0 11 0 12 0 13 0 14 0 15 0 16 0 17 0 18 1 0 1 1 1 2 1 3 1 4 1 5 1 6 1 7 1 8 1 9 1 10 1 11 1 12 1 13 1 14 1 15 1 16 1 17 1 18 2 0 2 1 2 2 2 3 2 4 2 5 2 6 2 7 2 8 2 9 2 10 2 11 2 12 2 13 2 14 2 15 2 16 2 17 2 18
q 42 13 11 13 12 13 13 13 14 13 15 13 16 13 17 14 11 14 12 14 13 14 14 14 15 14 16 14 17 15 11 15 12 15 13 15 14 15 15 15 16 15 17 16 11 16 12 16 13 16 14 16 15 16 16 16 17 17 11 17 12 17 13 17 14 17 15 17 16 17 17 18 11 18 12 18 13 18 14 18 15 18 16 18 17
q 18 2 9 2 10 3 9 3 10 4 9 4 10 5 9 5 10 6 9 6 10 7 9 7 10 8 9 8 10 9 9 9 10 10 9 10 10
q 15 2 5 3 5 4 5 5 5 6 5 7 5 8 5 9 5 10 5 11 5 12 5 13 5 14 5 15 5 16 5
q 32 9 3 9 4 9 5 9 6 10 3 10 4 10 5 10 6 11 3 11 4 11 5 11 6 12 3 12 4 12 5 12 6 13 3 13 4 13 5 13 6 14 3 14 4 14 5 14 6 15 3 15 4 15 5 15 6 16 3 16 4 16 5 16 6
q 32 9 10 9 11 9 12 9 13 9 14 9 15 9 16 9 17 10 10 10 11 10 12 10 13 10 14 10 15 10 16 10 17 11 10 11 11 11 12 11 13 11 14 11 15 11 16 11 17 12 10 12 11 12 12 12 13 12 14 12 15 12 16 12 17
q 12 12 0 12 1 12 2 12 3 12 4 12 5 13 0 13 1 13 2 13 3 13 4 13 5
q 50 0 3 0 4 0 5 0 6 0 7 1 3 1 4 1 5 1 6 1 7 2 3 2 4 2 5 2 6 2 7 3 3 3 4 3 5 3 6 3 7 4 3 4 4 4 5 4 6 4 7 5 3 5 4 5 5 5 6 5 7 6 3 6 4 6 5 6 6 6 7 7 3 7 4 7 5 7 6 7 7 8 3 8 4 8 5 8 6 8 7 9 3 9 4 9 5 9 6 9 7
q 49 6 12 6 13 6 14 6 15 6 16 6 17 6 18 7 12 7 13 7 14 7 15 7 16 7 17 7 18 8 12 8 13 8 14 8 15 8 16 8 17 8 18 9 12 9 13 9 14 9 15 9 16 9 17 9 18 10 12 10 13 10 14 10 15 10 16 10 17 10 18 11 12 11 13 11 14 11 15 11 16 11 17 11 18 12 12 12 13 12 14 12 15 12 16 12 17 12 18
q 48 2 0 2 1 2 2 2 3 2 4 2 5 2 6 2 7 2 8 2 9 2 10 2 11 2 12 2 13 2 14 2 15 3 0 3 1 3 2 3 3 3 4 3 5 3 6 3 7 3 8 3 9 3 10 3 11 3 12 3 13 3 14 3 15 4 0 4 1 4 2 4 3 4 4 4 5 4 6 4 7 4 8 4 9 4 10 4 11 4 12 4 13 4 14 4 15
q 33 3 2 3 3 3 4 3 5 3 6 3 7 3 8 3 9 3 10 3 11 3 12 4 2 4 3 4 4 4 5 4 6 4 7 4 8 4 9 4 10 4 11 4 12 5 2 5 3 5 4 5 5 5 6 5 7 5 8 5 9 5 10 5 11 5 12
q 7 2 8 3 8 4 8 5 8 6 8 7 8 8 8
q 38 16 0 16 1 16 2 16 3 16 4 16 5 16 6 16 7 16 8 16 9 16 10 16 11 16 12 16 13 16 14 16 15 16 16 16 17 16 18 17 0 17 1 17 2 17 3 17 4 17 5 17 6 17 7 17 8 17 9 17 10 17 11 17 12 17 13 17 14 17 15 17 16 17 17 17 18
q 18 12 10 12 11 12 12 12 13 12 14 12 15 12 16 12 17 12 18 13 10 13 11 13 12 13 13 13 14 13 15 13 16 13 17 13 18
q 57 0 9 0 10 0 11 1 9 1 10 1 11 2 9 2 10 2 11 3 9 3 10 3 11 4 9 4 10 4 11 5 9 5 10 5 11 6 9 6 10 6 11 7 9 7 10 7 11 8 9 8 10 8 11 9 9 9 10 9 11 10 9 10 10 10 11 11 9 11 10 11 11 12 9 12 10 12 11 13 9 13 10 13 11 14 9 14 10 14 11 15 9 15 10 15 11 16 9 16 10 16 11 17 9 17 10 17 11 18 9 18 10 18 11
q 12 1 6 2 6 3 6 4 6 5 6 6 6 7 6 8 6 9 6 10 6 11 6 12 6
q 6 12 14 12 15 13 14 13 15 14 14 14 15
q 18 16 1 16 2 16 3 16 4 16 5 16 6 16 7 16 8 16 9 17 1 17 2 17 3 17 4 17 5 17 6 17 7 17 8 17 9
q 42 5 4 5 5 5 6 6 4 6 5 6 6 7 4 7 5 7 6 8 4 8 5 8 6 9 4 9 5 9 6 10 4 10 5 10 6 11 4 11 5 11 6 12 4 12 5 12 6 13 4 13 5 13 6 14 4 14 5 14 6 15 4 15 5 15 6 16 4 16 5 16 6 17 4 17 5 17 6 18 4 18 5 18 6
q 20 0 7 0 8 1 7 1 8 2 7 2 8 3 7 3 8 4 7 4 8 5 7 5 8 6 7 6 8 7 7 7 8 8 7 8 8 9 7 9 8
q 21 10 0 10 1 10 2 11 0 11 1 11 2 12 0 12 1 12 2 13 0 13 1 13 2 14 0 14 1 14 2 15 0 15 1 15 2 16 0 16 1 16 2
q 56 0 3 0 4 0 5 0 6 0 7 0 8 0 9 1 3 1 4 1 5 1 6 1 7 1 8 1 9 2 3 2 4 2 5 2 6 2 7 2 8 2 9 3 3 3 4 3 5 3 6 3 7 3 8 3 9 4 3 4 4 4 5 4 6 4 7 4 8 4 9 5 3 5 4 5 5 5 6 5 7 5 8 5 9 6 3 6 4 6 5 6 6 6 7 6 8 6 9 7 3 7 4 7 5 7 6 7 7 7 8 7 9
q 36 5 1 5 2 5 3 5 4 6 1 6 2 6 3 6 4 7 1 7 2 7 3 7 4 8 1 8 2 8 3 8 4 9 1 9 2 9 3 9 4 10 1 10 2 10 3 10 4 11 1 11 2 11 3 11 4 12 1 12 2 12 3 12 4 13 1 13 2 13 3 13 4
q 45 8 9 8 10 8 11 8 12 8 13 8 14 8 15 8 16 8 17 9 9 9 10 9 11 9 12 9 13 9 14 9 15 9 16 9 17 10 9 10 10 10 11 10 12 10 13 10 14 10 15 10 16 10 17 11 9 11 10 11 11 11 12 11 13 11 14 11 15 11 16 11 17 12 9 12 10 12 11 12 12 12 13 12 14 12 15 12 16 12 17
q 28 16 5 16 6 16 7 16 8 16 9 16 10 16 11 16 12 16 13 16 14 16 15 16 16 16 17 16 18 17 5 17 6 17 7 17 8 17 9 17 10 17 11 17 12 17 13 17 14 17 15 17 16 17 17 17 18
q 33 1 1 1 2 1 3 1 4 1 5 1 6 1 7 1 8 1 9 1 10 1 11 2 1 2 2 2 3 2 4 2 5 2 6 2 7 2 8 2 9 2 10 2 11 3 1 3 2 3 3 3 4 3 5 3 6 3 7 3 8 3 9 3 10 3 11
q 12 9 3 9 4 9 5 10 3 10 4 10 5 11 3 11 4 11 5 12 3 12 4 12 5
q 24 5 11 5 12 6 11 6 12 7 11 7 12 8 11 8 12 9 11 9 12 10 11 10 12 11 11 11 12 12 11 12 12 13 11 13 12 14 11 14 12 15 11 15 12 16 11 16 12
q 12 12 2 12 3 12 4 12 5 13 2 13 3 13 4 13 5 14 2 14 3 14 4 14 5
q 51 0 2 0 3 0 4 1 2 1 3 1 4 2 2 2 3 2 4 3 2 3 3 3 4 4 2 4 3 4 4 5 2 5 3 5 4 6 2 6 3 6 4 7 2 7 3 7 4 8 2 8 3 8 4 9 2 9 3 9 4 10 2 10 3 10 4 11 2 11 3 11 4 12 2 12 3 12 4 13 2 13 3 13 4 14 2 14 3 14 4 15 2 15 3 15 4 16 2 16 3 16 4
q 6 2 5 2 6 2 7 3 5 3 6 3 7
q 20 13 10 13 11 13 12 13 13 13 14 14 10 14 11 14 12 14 13 14 14 15 10 15 11 15 12 15 13 15 14 16 10 16 11 16 12 16 13 16 14
q 15 0 15 0 16 0 17 1 15 1 16 1 17 2 15 2 16 2 17 3 15 3 16 3 17 4 15 4 16 4 17
q 24 0 14 0 15 0 16 0 17 1 14 1 15 1 16 1 17 2 14 2 15 2 16 2 17 3 14 3 15 3 16 3 17 4 14 4 15 4 16 4 17 5 14 5 15 5 16 5 17
q 64 1 3 1 4 1 5 1 6 1 7 1 8 1 9 1 10 1 11 1 12 1 13 1 14 1 15 1 16 1 17 1 18 2 3 2 4 2 5 2 6 2 7 2 8 2 9 2 10 2 11 2 12 2 13 2 14 2 15 2 16 2 17 2 18 3 3 3 4 3 5 3 6 3 7 3 8 3 9 3 10 3 11 3 12 3 13 3 14 3 15 3 16 3 17 3 18 4 3 4 4 4 5 4 6 4 7 4 8 4 9 4 10 4 11 4 12 4 13 4 14 4 15 4 16 4 17 4 18
q 24 5 1 5 2 5 3 5 4 5 5 5 6 6 1 6 2 6 3 6 4 6 5 6 6 7 1 7 2 7 3 7 4 7 5 7 6 8 1 8 2 8 3 8 4 8 5 8 6
q 8 5 11 5 12 5 13 5 14 5 15 5 16 5 17 5 18
q 27 5 9 5 10 5 11 5 12 5 13 5 14 5 15 5 16 5 17 6 9 6 10 6 11 6 12 6 13 6 14 6 15 6 16 6 17 7 9 7 10 7 11 7 12 7 13 7 14 7 15 7 16 7 17
q 42 5 4 5 5 5 6 6 4 6 5 6 6 7 4 7 5 7 6 8 4 8 5 8 6 9 4 9 5 9 6 10 4 10 5 10 6 11 4 11 5 11 6 12 4 12 5 12 6 13 4 13 5 13 6 14 4 14 5 14 6 15 4 15 5 15 6 16 4 16 5 16 6 17 4 17 5 17 6 18 4 18 5 18 6
q 64 6 1 6 2 6 3 6 4 6 5 6 6 6 7 6 8 6 9 6 10 6 11 6 12 6 13 6 14 6 15 6 16 7 1 7 2 7 3 7 4 7 5 7 6 7 7 7 8 7 9 7 10 7 11 7 12 7 13 7 14 7 15 7 16 8 1 8 2 8 3 8 4 8 5 8 6 8 7 8 8 8 9 8 10 8 11 8 12 8 13 8 14 8 15 8 16 9 1 9 2 9 3 9 4 9 5 9 6 9 7 9 8 9 9 9 10 9 11 9 12 9 13 9 14 9 15 9 16
q 8 2 11 3 11 4 11 5 11 6 11 7 11 8 11 9 11
q 20 10 3 10 4 10 5 10 6 10 7 11 3 11 4 11 5 11 6 11 7 12 3 12 4 12 5 12 6 12 7 13 3 13 4 13 5 13 6 13 7
q 9 17 7 17 8 17 9 17 10 17 11 17 12 17 13 17 14 17 15
q 5 1 5 2 5 3 5 4 5 5 5
q 32 4 15 4 16 4 17 4 18 5 15 5 16 5 17 5 18 6 15 6 16 6 17 6 18 7 15 7 16 7 17 7 18 8 15 8 16 8 17 8 18 9 15 9 16 9 17 9 18 10 15 10 16 10 17 10 18 11 15 11 16 11 17 11 18
q 12 0 4 1 4 2 4 3 4 4 4 5 4 6 4 7 4 8 4 9 4 10 4 11 4
q 16 10 15 10 16 11 15 11 16 12 15 12 16 13 15 13 16 14 15 14 16 15 15 15 16 16 15 16 16 17 15 17 16
q 40 11 11 11 12 11 13 11 14 11 15 11 16 11 17 11 18 12 11 12 12 12 13 12 14 12 15 12 16 12 17 12 18 13 11 13 12 13 13 13 14 13 15 13 16 13 17 13 18 14 11 14 12 14 13 14 14 14 15 14 16 14 17 14 18 15 11 15 12 15 13 15 14 15 15 15 16 15 17 15 18
q 60 6 7 6 8 6 9 6 10 6 11 7 7 7 8 7 9 7 10 7 11 8 7 8 8 8 9 8 10 8 11 9 7 9 8 9 9 9 10 9 11 10 7 10 8 10 9 10 10 10 11 11 7 11 8 11 9 11 10 11 11 12 7 12 8 12 9 12 10 12 11 13 7 13 8 13 9 13 10 13 11 14 7 14 8 14 9 14 10 14 11 15 7 15 8 15 9 15 10 15 11 16 7 16 8 16 9 16 10 16 11 17 7 17 8 17 9 17 10 17 11
q 45 11 3 11 4 11 5 11 6 11 7 11 8 11 9 11 10 11 11 11 12 11 13 11 14 11 15 11 16 11 17 12 3 12 4 12 5 12 6 12 7 12 8 12 9 12 10 12 11 12 12 12 13 12 14 12 15 12 16 12 17 13 3 13 4 13 5 13 6 13 7 13 8 13 9 13 10 13 11 13 12 13 13 13 14 13 15 13 16 13 17
q 30 3 5 3 6 3 7 4 5 4 6 4 7 5 5 5 6 5 7 6 5 6 6 6 7 7 5 7 6 7 7 8 5 8 6 8 7 9 5 9 6 9 7 10 5 10 6 10 7 11 5 11 6 11 7 12 5 12 6 12 7
q 18 16 12 16 13 16 14 16 15 16 16 16 17 17 12 17 13 17 14 17 15 17 16 17 17 18 12 18 13 18 14 18 15 18 16 18 17
q 54 12 7 12 8 12 9 12 10 12 11 12 12 12 13 12 14 12 15 13 7 13 8 13 9 13 10 13 11 13 12 13 13 13 14 13 15 14 7 14 8 14 9 14 10 14 11 14 12 14 13 14 14 14 15 15 7 15 8 15 9 15 10 15 11 15 12 15 13 15 14 15 15 16 7 16 8 16 9 16 10 16 11 16 12 16 13 16 14 16 15 17 7 17 8 17 9 17 10 17 11 17 12 17 13 17 14 17 15
q 60 3 9 3 10 3 11 3 12 3 13 3 14 3 15 3 16 3 17 3 18 4 9 4 10 4 11 4 12 4 13 4 14 4 15 4 16 4 17 4 18 5 9 5 10 5 11 5 12 5 13 5 14 5 15 5 16 5 17 5 18 6 9 6 10 6 11 6 12 6 13 6 14 6 15 6 16 6 17 6 18 7 9 7 10 7 11 7 12 7 13 7 14 7 15 7 16 7 17 7 18 8 9 8 10 8 11 8 12 8 13 8 14 8 15 8 16 8 17 8 18
q 15 11 1 11 2 11 3 11 4 11 5 12 1 12 2 12 3 12 4 12 5 13 1 13 2 13 3 13 4 13 5
q 28 7 12 7 13 7 14 7 15 7 16 7 17 7 18 8 12 8 13 8 14 8 15 8 16 8 17 8 18 9 12 9 13 9 14 9 15 9 16 9 17 9 18 10 12 10 13 10 14 10 15 10 16 10 17 10 18
q 14 2 4 2 5 2 6 2 7 2 8 2 9 2 10 2 11 2 12 2 13 2 14 2 15 2 16 2 17
q 54 10 1 10 2 10 3 10 4 10 5 10 6 11 1 11 2 11 3 11 4 11 5 11 6 12 1 12 2 12 3 12 4 12 5 12 6 13 1 13 2 13 3 13 4 13 5 13 6 14 1 14 2 14 3 14 4 14 5 14 6 15 1 15 2 15 3 15 4 15 5 15 6 16 1 16 2 16 3 16 4 16 5 16 6 17 1 17 2 17 3 17 4 17 5 17 6 18 1 18 2 18 3 18 4 18 5 18 6
q 6 7 13 7 14 8 13 8 14 9 13 9 14
q 45 0 14 0 15 0 16 1 14 1 15 1 16 2 14 2 15 2 16 3 14 3 15 3 16 4 14 4 15 4 16 5 14 5 15 5 16 6 14 6 15 6 16 7 14 7 15 7 16 8 14 8 15 8 16 9 14 9 15 9 16 10 14 10 15 10 16 11 14 11 15 11 16 12 14 12 15 12 16 13 14 13 15 13 16 14 14 14 15 14 16
q 9 3 6 3 7 3 8 4 6 4 7 4 8 5 6 5 7 5 8
q 30 12 4 12 5 12 6 12 7 12 8 12 9 12 10 12 11 12 12 12 13 12 14 12 15 12 16 12 17 12 18 13 4 13 5 13 6 13 7 13 8 13 9 13 10 13 11 13 12 13 13 13 14 13 15 13 16 13 17 13 18
q 55 0 11 0 12 0 13 0 14 0 15 1 11 1 12 1 13 1 14 1 15 2 11 2 12 2 13 2 14 2 15 3 11 3 12 3 13 3 14 3 15 4 11 4 12 4 13 4 14 4 15 5 11 5 12 5 13 5 14 5 15 6 11 6 12 6 13 6 14 6 15 7 11 7 12 7 13 7 14 7 15 8 11 8 12 8 13 8 14 8 15 9 11 9 12 9 13 9 14 9 15 10 11 10 12 10 13 10 14 10 15
q 45 6 1 6 2 6 3 6 4 6 5 6 6 6 7 6 8 6 9 6 10 6 11 6 12 6 13 6 14 6 15 7 1 7 2 7 3 7 4 7 5 7 6 7 7 7 8 7 9 7 10 7 11 7 12 7 13 7 14 7 15 8 1 8 2 8 3 8 4 8 5 8 6 8 7 8 8 8 9 8 10 8 11 8 12 8 13 8 14 8 15
q 13 1 12 2 12 3 12 4 12 5 12 6 12 7 12 8 12 9 12 10 12 11 12 12 12 13 12
q 36 7 0 7 1 7 2 7 3 7 4 7 5 7 6 7 7 7 8 8 0 8 1 8 2 8 3 8 4 8 5 8 6 8 7 8 8 9 0 9 1 9 2 9 3 9 4 9 5 9 6 9 7 9 8 10 0 10 1 10 2 10 3 10 4 10 5 10 6 10 7 10 8
q 22 9 2 9 3 9 4 9 5 9 6 9 7 9 8 9 9 9 10 9 11 9 12 10 2 10 3 10 4 10 5 10 6 10 7 10 8 10 9 10 10 10 11 10 12
q 4 7 3 7 4 8 3 8 4
q 20 8 8 8 9 8 10 8 11 8 12 8 13 8 14 8 15 8 16 8 17 9 8 9 9 9 10 9 11 9 12 9 13 9 14 9 15 9 16 9 17
q 19 0 3 1 3 2 3 3 3 4 3 5 3 6 3 7 3 8 3 9 3 10 3 11 3 12 3 13 3 14 3 15 3 16 3 17 3 18 3
q 18 7 16 7 17 8 16 8 17 9 16 9 17 10 16 10 17 11 16 11 17 12 16 12 17 13 16 13 17 14 16 14 17 15 16 15 17
q 28 14 12 14 13 14 14 14 15 14 16 14 17 14 18 15 12 15 13 15 14 15 15 15 16 15 17 15 18 16 12 16 13 16 14 16 15 16 16 16 17 16 18 17 12 17 13 17 14 17 15 17 16 17 17 17 18
q 20 13 13 13 14 13 15 13 16 13 17 14 13 14 14 14 15 14 16 14 17 15 13 15 14 15 15 15 16 15 17 16 13 16 14 16 15 16 16 16 17
q 45 7 0 7 1 7 2 7 3 7 4 7 5 7 6 7 7 7 8 7 9 7 10 7 11 7 12 7 13 7 14 8 0 8 1 8 2 8 3 8 4 8 5 8 6 8 7 8 8 8 9 8 10 8 11 8 12 8 13 8 14 9 0 9 1 9 2 9 3 9 4 9 5 9 6 9 7 9 8 9 9 9 10 9 11 9 12 9 13 9 14
q 2 0 7 0 8
q 30 11 2 11 3 11 4 11 5 11 6 11 7 11 8 11 9 11 10 11 11 12 2 12 3 12 4 12 5 12 6 12 7 12 8 12 9 12 10 12 11 13 2 13 3 13 4 13 5 13 6 13 7 13 8 13 9 13 10 13 11
q 26 6 17 6 18 7 17 7 18 8 17 8 18 9 17 9 18 10 17 10 18 11 17 11 18 12 17 12 18 13 17 13 18 14 17 14 18 15 17 15 18 16 17 16 18 17 17 17 18 18 17 18 18
q 38 0 17 0 18 1 17 1 18 2 17 2 18 3 17 3 18 4 17 4 18 5 17 5 18 6 17 6 18 7 17 7 18 8 17 8 18 9 17 9 18 10 17 10 18 11 17 11 18 12 17 12 18 13 17 13 18 14 17 14 18 15 17 15 18 16 17 16 18 17 17 17 18 18 17 18 18
q 51 1 14 1 15 1 16 2 14 2 15 2 16 3 14 3 15 3 16 4 14 4 15 4 16 5 14 5 15 5 16 6 14 6 15 6 16 7 14 7 15 7 16 8 14 8 15 8 16 9 14 9 15 9 16 10 14 10 15 10 16 11 14 11 15 11 16 12 14 12 15 12 16 13 14 13 15 13 16 14 14 14 15 14 16 15 14 15 15 15 16 16 14 16 15 16 16 17 14 17 15 17 16
q 32 3 12 3 13 4 12 4 13 5 12 5 13 6 12 6 13 7 12 7 13 8 12 8 13 9 12 9 13 10 12 10 13 11 12 11 13 12 12 12 13 13 12 13 13 14 12 14 13 15 12 15 13 16 12 16 13 17 12 17 13 18 12 18 13
q 14 11 1 11 2 11 3 11 4 11 5 11 6 11 7 11 8 11 9 11 10 11 11 11 12 11 13 11 14
q 45 3 3 3 4 3 5 4 3 4 4 4 5 5 3 5 4 5 5 6 3 6 4 6 5 7 3 7 4 7 5 8 3 8 4 8 5 9 3 9 4 9 5 10 3 10 4 10 5 11 3 11 4 11 5 12 3 12 4 12 5 13 3 13 4 13 5 14 3 14 4 14 5 15 3 15 4 15 5 16 3 16 4 16 5 17 3 17 4 17 5
q 48 6 7 6 8 6 9 6 10 7 7 7 8 7 9 7 10 8 7 8 8 8 9 8 10 9 7 9 8 9 9 9 10 10 7 10 8 10 9 10 10 11 7 11 8 11 9 11 10 12 7 12 8 12 9 12 10 13 7 13 8 13 9 13 10 14 7 14 8 14 9 14 10 15 7 15 8 15 9 15 10 16 7 16 8 16 9 16 10 17 7 17 8 17 9 17 10
q 6 10 8 11 8 12 8 13 8 14 8 15 8
q 45 2 2 2 3 2 4 2 5 2 6 3 2 3 3 3 4 3 5 3 6 4 2 4 3 4 4 4 5 4 6 5 2 5 3 5 4 5 5 5 6 6 2 6 3 6 4 6 5 6 6 7 2 7 3 7 4 7 5 7 6 8 2 8 3 8 4 8 5 8 6 9 2 9 3 9 4 9 5 9 6 10 2 10 3 10 4 10 5 10 6
q 18 0 10 1 10 2 10 3 10 4 10 5 10 6 10 7 10 8 10 9 10 10 10 11 10 12 10 13 10 14 10 15 10 16 10 17 10
q 1 15 13
q 17 0 15 1 15 2 15 3 15 4 15 5 15 6 15 7 15 8 15 9 15 10 15 11 15 12 15 13 15 14 15 15 15 16 15
q 28 4 9 4 10 4 11 4 12 5 9 5 10 5 11 5 12 6 9 6 10 6 11 6 12 7 9 7 10 7 11 7 12 8 9 8 10 8 11 8 12 9 9 9 10 9 11 9 12 10 9 10 10 10 11 10 12
q 16 9 8 9 9 10 8 10 9 11 8 11 9 12 8 12 9 13 8 13 9 14 8 14 9 15 8 15 9 16 8 16 9
q 54 1 0 1 1 1 2 1 3 1 4 1 5 1 6 1 7 1 8 1 9 1 10 1 11 1 12 1 13 1 14 1 15 1 16 1 17 2 0 2 1 2 2 2 3 2 4 2 5 2 6 2 7 2 8 2 9 2 10 2 11 2 12 2 13 2 14 2 15 2 16 2 17 3 0 3 1 3 2 3 3 3 4 3 5 3 6 3 7 3 8 3 9 3 10 3 11 3 12 3 13 3 14 3 15 3 16 3 17
q 19 0 10 1 10 2 10 3 10 4 10 5 10 6 10 7 10 8 10 9 10 10 10 11 10 12 10 13 10 14 10 15 10 16 10 17 10 18 10
q 14 15 1 15 2 15 3 15 4 15 5 15 6 15 7 16 1 16 2 16 3 16 4 16 5 16 6 16 7
q 64 5 0 5 1 5 2 5 3 5 4 5 5 5 6 5 7 5 8 5 9 5 10 5 11 5 12 5 13 5 14 5 15 6 0 6 1 6 2 6 3 6 4 6 5 6 6 6 7 6 8 6 9 6 10 6 11 6 12 6 13 6 14 6 15 7 0 7 1 7 2 7 3 7 4 7 5 7 6 7 7 7 8 7 9 7 10 7 11 7 12 7 13 7 14 7 15 8 0 8 1 8 2 8 3 8 4 8 5 8 6 8 7 8 8 8 9 8 10 8 11 8 12 8 13 8 14 8 15
q 51 1 6 1 7 1 8 2 6 2 7 2 8 3 6 3 7 3 8 4 6 4 7 4 8 5 6 5 7 5 8 6 6 6 7 6 8 7 6 7 7 7 8 8 6 8 7 8 8 9 6 9 7 9 8 10 6 10 7 10 8 11 6 11 7 11 8 12 6 12 7 12 8 13 6 13 7 13 8 14 6 14 7 14 8 15 6 15 7 15 8 16 6 16 7 16 8 17 6 17 7 17 8
q 10 0 2 1 2 2 2 3 2 4 2 5 2 6 2 7 2 8 2 9 2
q 4 10 11 11 11 12 11 13 11
q 14 12 11 12 12 12 13 12 14 12 15 12 16 12 17 13 11 13 12 13 13 13 14 13 15 13 16 13 17
q 38 0 10 0 11 1 10 1 11 2 10 2 11 3 10 3 11 4 10 4 11 5 10 5 11 6 10 6 11 7 10 7 11 8 10 8 11 9 10 9 11 10 10 10 11 11 10 11 11 12 10 12 11 13 10 13 11 14 10 14 11 15 10 15 11 16 10 16 11 17 10 17 11 18 10 18 11
q 18 16 9 16 10 16 11 16 12 16 13 16 14 16 15 16 16 16 17 17 9 17 10 17 11 17 12 17 13 17 14 17 15 17 16 17 17
q 48 7 5 7 6 7 7 7 8 7 9 7 10 8 5 8 6 8 7 8 8 8 9 8 10 9 5 9 6 9 7 9 8 9 9 9 10 10 5 10 6 10 7 10 8 10 9 10 10 11 5 11 6 11 7 11 8 11 9 11 10 12 5 12 6 12 7 12 8 12 9 12 10 13 5 13 6 13 7 13 8 13 9 13 10 14 5 14 6 14 7 14 8 14 9 14 10
q 8 8 15 8 16 8 17 8 18 9 15 9 16 9 17 9 18
q 60 14 1 14 2 14 3 14 4 14 5 14 6 14 7 14 8 14 9 14 10 14 11 14 12 14 13 14 14 14 15 15 1 15 2 15 3 15 4 15 5 15 6 15 7 15 8 15 9 15 10 15 11 15 12 15 13 15 14 15 15 16 1 16 2 16 3 16 4 16 5 16 6 16 7 16 8 16 9 16 10 16 11 16 12 16 13 16 14 16 15 17 1 17 2 17 3 17 4 17 5 17 6 17 7 17 8 17 9 17 10 17 11 17 12 17 13 17 14 17 15
q 51 1 3 1 4 1 5 2 3 2 4 2 5 3 3 3 4 3 5 4 3 4 4 4 5 5 3 5 4 5 5 6 3 6 4 6 5 7 3 7 4 7 5 8 3 8 4 8 5 9 3 9 4 9 5 10 3 10 4 10 5 11 3 11 4 11 5 12 3 12 4 12 5 13 3 13 4 13 5 14 3 14 4 14 5 15 3 15 4 15 5 16 3 16 4 16 5 17 3 17 4 17 5
q 42 12 2 12 3 12 4 12 5 12 6 12 7 12 8 12 9 12 10 12 11 12 12 12 13 12 14 12 15 13 2 13 3 13 4 13 5 13 6 13 7 13 8 13 9 13 10 13 11 13 12 13 13 13 14 13 15 14 2 14 3 14 4 14 5 14 6 14 7 14 8 14 9 14 10 14 11 14 12 14 13 14 14 14 15
q 51 6 1 6 2 6 3 6 4 6 5 6 6 6 7 6 8 6 9 6 10 6 11 6 12 6 13 6 14 6 15 6 16 6 17 7 1 7 2 7 3 7 4 7 5 7 6 7 7 7 8 7 9 7 10 7 11 7 12 7 13 7 14 7 15 7 16 7 17 8 1 8 2 8 3 8 4 8 5 8 6 8 7 8 8 8 9 8 10 8 11 8 12 8 13 8 14 8 15 8 16 8 17
q 10 1 0 1 1 2 0 2 1 3 0 3 1 4 0 4 1 5 0 5 1
q 11 7 5 7 6 7 7 7 8 7 9 7 10 7 11 7 12 7 13 7 14 7 15
q 9 1 16 2 16 3 16 4 16 5 16 6 16 7 16 8 16 9 16
q 14 4 17 5 17 6 17 7 17 8 17 9 17 10 17 11 17 12 17 13 17 14 17 15 17 16 17 17 17
q 40 4 1 4 2 4 3 4 4 4 5 4 6 4 7 4 8 5 1 5 2 5 3 5 4 5 5 5 6 5 7 5 8 6 1 6 2 6 3 6 4 6 5 6 6 6 7 6 8 7 1 7 2 7 3 7 4 7 5 7 6 7 7 7 8 8 1 8 2 8 3 8 4 8 5 8 6 8 7 8 8
q 32 5 10 5 11 5 12 5 13 5 14 5 15 5 16 5 17 6 10 6 11 6 12 6 13 6 14 6 15 6 16 6 17 7 10 7 11 7 12 7 13 7 14 7 15 7 16 7 17 8 10 8 11 8 12 8 13 8 14 8 15 8 16 8 17
q 49 3 5 3 6 3 7 3 8 3 9 3 10 3 11 4 5 4 6 4 7 4 8 4 9 4 10 4 11 5 5 5 6 5 7 5 8 5 9 5 10 5 11 6 5 6 6 6 7 6 8 6 9 6 10 6 11 7 5 7 6 7 7 7 8 7 9 7 10 7 11 8 5 8 6 8 7 8 8 8 9 8 10 8 11 9 5 9 6 9 7 9 8 9 9 9 10 9 11
q 42 2 7 2 8 2 9 3 7 3 8 3 9 4 7 4 8 4 9 5 7 5 8 5 9 6 7 6 8 6 9 7 7 7 8 7 9 8 7 8 8 8 9 9 7 9 8 9 9 10 7 10 8 10 9 11 7 11 8 11 9 12 7 12 8 12 9 13 7 13 8 13 9 14 7 14 8 14 9 15 7 15 8 15 9
q 32 0 6 0 7 1 6 1 7 2 6 2 7 3 6 3 7 4 6 4 7 5 6 5 7 6 6 6 7 7 6 7 7 8 6 8 7 9 6 9 7 10 6 10 7 11 6 11 7 12 6 12 7 13 6 13 7 14 6 14 7 15 6 15 7
q 8 10 14 11 14 12 14 13 14 14 14 15 14 16 14 17 14
q 13 15 6 15 7 15 8 15 9 15 10 15 11 15 12 15 13 15 14 15 15 15 16 15 17 15 18
q 28 9 12 9 13 9 14 9 15 9 16 9 17 9 18 10 12 10 13 10 14 10 15 10 16 10 17 10 18 11 12 11 13 11 14 11 15 11 16 11 17 11 18 12 12 12 13 12 14 12 15 12 16 12 17 12 18
q 9 10 8 10 9 10 10 10 11 10 12 10 13 10 14 10 15 10 16
q 39 2 0 2 1 2 2 3 0 3 1 3 2 4 0 4 1 4 2 5 0 5 1 5 2 6 0 6 1 6 2 7 0 7 1 7 2 8 0 8 1 8 2 9 0 9 1 9 2 10 0 10 1 10 2 11 0 11 1 11 2 12 0 12 1 12 2 13 0 13 1 13 2 14 0 14 1 14 2
q 42 5 5 5 6 5 7 6 5 6 6 6 7 7 5 7 6 7 7 8 5 8 6 8 7 9 5 9 6 9 7 10 5 10 6 10 7 11 5 11 6 11 7 12 5 12 6 12 7 13 5 13 6 13 7 14 5 14 6 14 7 15 5 15 6 15 7 16 5 16 6 16 7 17 5 17 6 17 7 18 5 18 6 18 7
q 21 3 10 3 11 3 12 4 10 4 11 4 12 5 10 5 11 5 12 6 10 6 11 6 12 7 10 7 11 7 12 8 10 8 11 8 12 9 10 9 11 9 12
q 27 12 0 12 1 12 2 12 3 12 4 12 5 12 6 12 7 12 8 13 0 13 1 13 2 13 3 13 4 13 5 13 6 13 7 13 8 14 0 14 1 14 2 14 3 14 4 14 5 14 6 14 7 14 8
q 45 5 4 5 5 5 6 5 7 5 8 5 9 5 10 5 11 5 12 6 4 6 5 6 6 6 7 6 8 6 9 6 10 6 11 6 12 7 4 7 5 7 6 7 7 7 8 7 9 7 10 7 11 7 12 8 4 8 5 8 6 8 7 8 8 8 9 8 10 8 11 8 12 9 4 9 5 9 6 9 7 9 8 9 9 9 10 9 11 9 12
q 36 4 11 4 12 4 13 5 11 5 12 5 13 6 11 6 12 6 13 7 11 7 12 7 13 8 11 8 12 8 13 9 11 9 12 9 13 10 11 10 12 10 13 11 11 11 12 11 13 12 11 12 12 12 13 13 11 13 12 13 13 14 11 14 12 14 13 15 11 15 12 15 13
q 13 3 11 4 11 5 11 6 11 7 11 8 11 9 11 10 11 11 11 12 11 13 11 14 11 15 11
q 36 6 8 6 9 6 10 6 11 6 12 6 13 7 8 7 9 7 10 7 11 7 12 7 13 8 8 8 9 8 10 8 11 8 12 8 13 9 8 9 9 9 10 9 11 9 12 9 13 10 8 10 9 10 10 10 11 10 12 10 13 11 8 11 9 11 10 11 11 11 12 11 13
q 13 1 2 2 2 3 2 4 2 5 2 6 2 7 2 8 2 9 2 10 2 11 2 12 2 13 2
q 40 10 2 10 3 10 4 10 5 10 6 10 7 10 8 10 9 11 2 11 3 11 4 11 5 11 6 11 7 11 8 11 9 12 2 12 3 12 4 12 5 12 6 12 7 12 8 12 9 13 2 13 3 13 4 13 5 13 6 13 7 13 8 13 9 14 2 14 3 14 4 14 5 14 6 14 7 14 8 14 9
q 30 9 3 9 4 9 5 10 3 10 4 10 5 11 3 11 4 11 5 12 3 12 4 12 5 13 3 13 4 13 5 14 3 14 4 14 5 15 3 15 4 15 5 16 3 16 4 16 5 17 3 17 4 17 5 18 3 18 4 18 5
q 30 13 9 13 10 13 11 13 12 13 13 13 14 13 15 13 16 13 17 13 18 14 9 14 10 14 11 14 12 14 13 14 14 14 15 14 16 14 17 14 18 15 9 15 10 15 11 15 12 15 13 15 14 15 15 15 16 15 17 15 18
q 48 0 7 0 8 0 9 0 10 0 11 0 12 0 13 0 14 0 15 0 16 0 17 0 18 1 7 1 8 1 9 1 10 1 11 1 12 1 13 1 14 1 15 1 16 1 17 1 18 2 7 2 8 2 9 2 10 2 11 2 12 2 13 2 14 2 15 2 16 2 17 2 18 3 7 3 8 3 9 3 10 3 11 3 12 3 13 3 14 3 15 3 16 3 17 3 18
q 45 5 2 5 3 5 4 5 5 5 6 6 2 6 3 6 4 6 5 6 6 7 2 7 3 7 4 7 5 7 6 8 2 8 3 8 4 8 5 8 6 9 2 9 3 9 4 9 5 9 6 10 2 10 3 10 4 10 5 10 6 11 2 11 3 11 4 11 5 11 6 12 2 12 3 12 4 12 5 12 6 13 2 13 3 13 4 13 5 13 6
q 16 4 0 4 1 4 2 4 3 5 0 5 1 5 2 5 3 6 0 6 1 6 2 6 3 7 0 7 1 7 2 7 3
q 6 4 2 4 3 4 4 4 5 4 6 4 7
q 30 6 16 6 17 6 18 7 16 7 17 7 18 8 16 8 17 8 18 9 16 9 17 9 18 10 16 10 17 10 18 11 16 11 17 11 18 12 16 12 17 12 18 13 16 13 17 13 18 14 16 14 17 14 18 15 16 15 17 15 18
q 51 2 16 2 17 2 18 3 16 3 17 3 18 4 16 4 17 4 18 5 16 5 17 5 18 6 16 6 17 6 18 7 16 7 17 7 18 8 16 8 17 8 18 9 16 9 17 9 18 10 16 10 17 10 18 11 16 11 17 11 18 12 16 12 17 12 18 13 16 13 17 13 18 14 16 14 17 14 18 15 16 15 17 15 18 16 16 16 17 16 18 17 16 17 17 17 18 18 16 18 17 18 18
q 18 5 5 5 6 5 7 5 8 5 9 5 10 5 11 5 12 5 13 6 5 6 6 6 7 6 8 6 9 6 10 6 11 6 12 6 13
q 14 16 6 16 7 16 8 16 9 16 10 16 11 16 12 17 6 17 7 17 8 17 9 17 10 17 11 17 12
q 36 5 14 5 15 5 16 6 14 6 15 6 16 7 14 7 15 7 16 8 14 8 15 8 16 9 14 9 15 9 16 10 14 10 15 10 16 11 14 11 15 11 16 12 14 12 15 12 16 13 14 13 15 13 16 14 14 14 15 14 16 15 14 15 15 15 16 16 14 16 15 16 16
q 36 3 1 3 2 3 3 3 4 3 5 3 6 3 7 3 8 3 9 3 10 3 11 3 12 3 13 3 14 3 15 3 16 3 17 3 18 4 1 4 2 4 3 4 4 4 5 4 6 4 7 4 8 4 9 4 10 4 11 4 12 4 13 4 14 4 15 4 16 4 17 4 18
q 64 1 11 1 12 1 13 1 14 2 11 2 12 2 13 2 14 3 11 3 12 3 13 3 14 4 11 4 12 4 13 4 14 5 11 5 12 5 13 5 14 6 11 6 12 6 13 6 14 7 11 7 12 7 13 7 14 8 11 8 12 8 13 8 14 9 11 9 12 9 13 9 14 10 11 10 12 10 13 10 14 11 11 11 12 11 13 11 14 12 11 12 12 12 13 12 14 13 11 13 12 13 13 13 14 14 11 14 12 14 13 14 14 15 11 15 12 15 13 15 14 16 11 16 12 16 13 16 14
q 45 1 14 1 15 1 16 2 14 2 15 2 16 3 14 3 15 3 16 4 14 4 15 4 16 5 14 5 15 5 16 6 14 6 15 6 16 7 14 7 15 7 16 8 14 8 15 8 16 9 14 9 15 9 16 10 14 10 15 10 16 11 14 11 15 11 16 12 14 12 15 12 16 13 14 13 15 13 16 14 14 14 15 14 16 15 14 15 15 15 16
q 56 6 2 6 3 6 4 6 5 6 6 6 7 6 8 6 9 6 10 6 11 6 12 6 13 6 14 6 15 7 2 7 3 7 4 7 5 7 6 7 7 7 8 7 9 7 10 7 11 7 12 7 13 7 14 7 15 8 2 8 3 8 4 8 5 8 6 8 7 8 8 8 9 8 10 8 11 8 12 8 13 8 14 8 15 9 2 9 3 9 4 9 5 9 6 9 7 9 8 9 9 9 10 9 11 9 12 9 13 9 14 9 15
q 5 6 8 7 8 8 8 9 8 10 8
q 28 15 4 15 5 15 6 15 7 15 8 15 9 15 10 15 11 15 12 15 13 15 14 15 15 15 16 15 17 16 4 16 5 16 6 16 7 16 8 16 9 16 10 16 11 16 12 16 13 16 14 16 15 16 16 16 17
q 56 10 11 10 12 10 13 10 14 10 15 10 16 10 17 11 11 11 12 11 13 11 14 11 15 11 16 11 17 12 11 12 12 12 13 12 14 12 15 12 16 12 17 13 11 13 12 13 13 13 14 13 15 13 16 13 17 14 11 14 12 14 13 14 14 14 15 14 16 14 17 15 11 15 12 15 13 15 14 15 15 15 16 15 17 16 11 16 12 16 13 16 14 16 15 16 16 16 17 17 11 17 12 17 13 17 14 17 15 17 16 17 17
q 24 7 7 7 8 7 9 8 7 8 8 8 9 9 7 9 8 9 9 10 7 10 8 10 9 11 7 11 8 11 9 12 7 12 8 12 9 13 7 13 8 13 9 14 7 14 8 14 9
q 20 6 12 6 13 6 14 6 15 6 16 7 12 7 13 7 14 7 15 7 16 8 12 8 13 8 14 8 15 8 16 9 12 9 13 9 14 9 15 9 16
q 10 8 6 8 7 8 8 8 9 8 10 8 11 8 12 8 13 8 14 8 15
q 50 2 12 2 13 2 14 2 15 2 16 3 12 3 13 3 14 3 15 3 16 4 12 4 13 4 14 4 15 4 16 5 12 5 13 5 14 5 15 5 16 6 12 6 13 6 14 6 15 6 16 7 12 7 13 7 14 7 15 7 16 8 12 8 13 8 14 8 15 8 16 9 12 9 13 9 14 9 15 9 16 10 12 10 13 10 14 10 15 10 16 11 12 11 13 11 14 11 15 11 16
q 24 4 9 4 10 5 9 5 10 6 9 6 10 7 9 7 10 8 9 8 10 9 9 9 10 10 9 10 10 11 9 11 10 12 9 12 10 13 9 13 10 14 9 14 10 15 9 15 10
q 48 1 16 1 17 1 18 2 16 2 17 2 18 3 16 3 17 3 18 4 16 4 17 4 18 5 16 5 17 5 18 6 16 6 17 6 18 7 16 7 17 7 18 8 16 8 17 8 18 9 16 9 17 9 18 10 16 10 17 10 18 11 16 11 17 11 18 12 16 12 17 12 18 13 16 13 17 13 18 14 16 14 17 14 18 15 16 15 17 15 18 16 16 16 17 16 18
q 40 4 9 4 10 4 11 4 12 5 9 5 10 5 11 5 12 6 9 6 10 6 11 6 12 7 9 7 10 7 11 7 12 8 9 8 10 8 11 8 12 9 9 9 10 9 11 9 12 10 9 10 10 10 11 10 12 11 9 11 10 11 11 11 12 12 9 12 10 12 11 12 12 13 9 13 10 13 11 13 12
q 56 0 3 0 4 0 5 0 6 0 7 0 8 0 9 0 10 0 11 0 12 0 13 0 14 0 15 0 16 1 3 1 4 1 5 1 6 1 7 1 8 1 9 1 10 1 11 1 12 1 13 1 14 1 15 1 16 2 3 2 4 2 5 2 6 2 7 2 8 2 9 2 10 2 11 2 12 2 13 2 14 2 15 2 16 3 3 3 4 3 5 3 6 3 7 3 8 3 9 3 10 3 11 3 12 3 13 3 14 3 15 3 16
q 12 4 7 4 8 4 9 4 10 4 11 4 12 5 7 5 8 5 9 5 10 5 11 5 12
q 48 5 0 5 1 5 2 5 3 5 4 5 5 5 6 5 7 5 8 5 9 5 10 5 11 5 12 5 13 5 14 5 15 6 0 6 1 6 2 6 3 6 4 6 5 6 6 6 7 6 8 6 9 6 10 6 11 6 12 6 13 6 14 6 15 7 0 7 1 7 2 7 3 7 4 7 5 7 6 7 7 7 8 7 9 7 10 7 11 7 12 7 13 7 14 7 15
q 56 4 12 4 13 4 14 4 15 5 12 5 13 5 14 5 15 6 12 6 13 6 14 6 15 7 12 7 13 7 14 7 15 8 12 8 13 8 14 8 15 9 12 9 13 9 14 9 15 10 12 10 13 10 14 10 15 11 12 11 13 11 14 11 15 12 12 12 13 12 14 12 15 13 12 13 13 13 14 13 15 14 12 14 13 14 14 14 15 15 12 15 13 15 14 15 15 16 12 16 13 16 14 16 15 17 12 17 13 17 14 17 15
q 44 5 0 5 1 5 2 5 3 5 4 5 5 5 6 5 7 5 8 5 9 5 10 6 0 6 1 6 2 6 3 6 4 6 5 6 6 6 7 6 8 6 9 6 10 7 0 7 1 7 2 7 3 7 4 7 5 7 6 7 7 7 8 7 9 7 10 8 0 8 1 8 2 8 3 8 4 8 5 8 6 8 7 8 8 8 9 8 10
q 45 3 11 3 12 3 13 3 14 3 15 4 11 4 12 4 13 4 14 4 15 5 11 5 12 5 13 5 14 5 15 6 11 6 12 6 13 6 14 6 15 7 11 7 12 7 13 7 14 7 15 8 11 8 12 8 13 8 14 8 15 9 11 9 12 9 13 9 14 9 15 10 11 10 12 10 13 10 14 10 15 11 11 11 12 11 13 11 14 11 15
q 6 12 8 12 9 13 8 13 9 14 8 14 9
q 3 1 14 2 14 3 14
q 48 1 6 1 7 1 8 2 6 2 7 2 8 3 6 3 7 3 8 4 6 4 7 4 8 5 6 5 7 5 8 6 6 6 7 6 8 7 6 7 7 7 8 8 6 8 7 8 8 9 6 9 7 9 8 10 6 10 7 10 8 11 6 11 7 11 8 12 6 12 7 12 8 13 6 13 7 13 8 14 6 14 7 14 8 15 6 15 7 15 8 16 6 16 7 16 8
q 24 8 5 8 6 8 7 8 8 8 9 8 10 8 11 8 12 8 13 8 14 8 15 8 16 9 5 9 6 9 7 9 8 9 9 9 10 9 11 9 12 9 13 9 14 9 15 9 16
q 13 11 5 11 6 11 7 11 8 11 9 11 10 11 11 11 12 11 13 11 14 11 15 11 16 11 17
q 25 4 1 4 2 4 3 4 4 4 5 5 1 5 2 5 3 5 4 5 5 6 1 6 2 6 3 6 4 6 5 7 1 7 2 7 3 7 4 7 5 8 1 8 2 8 3 8 4 8 5
q 28 6 2 6 3 6 4 6 5 7 2 7 3 7 4 7 5 8 2 8 3 8 4 8 5 9 2 9 3 9 4 9 5 10 2 10 3 10 4 10 5 11 2 11 3 11 4 11 5 12 2 12 3 12 4 12 5
q 42 3 11 3 12 3 13 4 11 4 12 4 13 5 11 5 12 5 13 6 11 6 12 6 13 7 11 7 12 7 13 8 11 8 12 8 13 9 11 9 12 9 13 10 11 10 12 10 13 11 11 11 12 11 13 12 11 12 12 12 13 13 11 13 12 13 13 14 11 14 12 14 13 15 11 15 12 15 13 16 11 16 12 16 13
q 40 8 3 8 4 8 5 8 6 8 7 8 8 8 9 8 10 8 11 8 12 9 3 9 4 9 5 9 6 9 7 9 8 9 9 9 10 9 11 9 12 10 3 10 4 10 5 10 6 10 7 10 8 10 9 10 10 10 11 10 12 11 3 11 4 11 5 11 6 11 7 11 8 11 9 11 10 11 11 11 12
q 38 0 16 0 17 1 16 1 17 2 16 2 17 3 16 3 17 4 16 4 17 5 16 5 17 6 16 6 17 7 16 7 17 8 16 8 17 9 16 9 17 10 16 10 17 11 16 11 17 12 16 12 17 13 16 13 17 14 16 14 17 15 16 15 17 16 16 16 17 17 16 17 17 18 16 18 17
q 20 0 7 0 8 1 7 1 8 2 7 2 8 3 7 3 8 4 7 4 8 5 7 5 8 6 7 6 8 7 7 7 8 8 7 8 8 9 7 9 8
q 30 5 4 5 5 5 6 6 4 6 5 6 6 7 4 7 5 7 6 8 4 8 5 8 6 9 4 9 5 9 6 10 4 10 5 10 6 11 4 11 5 11 6 12 4 12 5 12 6 13 4 13 5 13 6 14 4 14 5 14 6
q 48 8 1 8 2 8 3 8 4 8 5 8 6 8 7 8 8 8 9 8 10 8 11 8 12 8 13 8 14 8 15 8 16 9 1 9 2 9 3 9 4 9 5 9 6 9 7 9 8 9 9 9 10 9 11 9 12 9 13 9 14 9 15 9 16 10 1 10 2 10 3 10 4 10 5 10 6 10 7 10 8 10 9 10 10 10 11 10 12 10 13 10 14 10 15 10 16
q 26 4 0 4 1 5 0 5 1 6 0 6 1 7 0 7 1 8 0 8 1 9 0 9 1 10 0 10 1 11 0 11 1 12 0 12 1 13 0 13 1 14 0 14 1 15 0 15 1 16 0 16 1
q 21 1 3 1 4 1 5 2 3 2 4 2 5 3 3 3 4 3 5 4 3 4 4 4 5 5 3 5 4 5 5 6 3 6 4 6 5 7 3 7 4 7 5
q 60 1 8 1 9 1 10 1 11 2 8 2 9 2 10 2 11 3 8 3 9 3 10 3 11 4 8 4 9 4 10 4 11 5 8 5 9 5 10 5 11 6 8 6 9 6 10 6 11 7 8 7 9 7 10 7 11 8 8 8 9 8 10 8 11 9 8 9 9 9 10 9 11 10 8 10 9 10 10 10 11 11 8 11 9 11 10 11 11 12 8 12 9 12 10 12 11 13 8 13 9 13 10 13 11 14 8 14 9 14 10 14 11 15 8 15 9 15 10 15 11
q 48 0 7 0 8 0 9 0 10 1 7 1 8 1 9 1 10 2 7 2 8 2 9 2 10 3 7 3 8 3 9 3 10 4 7 4 8 4 9 4 10 5 7 5 8 5 9 5 10 6 7 6 8 6 9 6 10 7 7 7 8 7 9 7 10 8 7 8 8 8 9 8 10 9 7 9 8 9 9 9 10 10 7 10 8 10 9 10 10 11 7 11 8 11 9 11 10
q 6 3 4 3 5 3 6 3 7 3 8 3 9
q 8 7 0 7 1 8 0 8 1 9 0 9 1 10 0 10 1
q 24 0 5 0 6 0 7 1 5 1 6 1 7 2 5 2 6 2 7 3 5 3 6 3 7 4 5 4 6 4 7 5 5 5 6 5 7 6 5 6 6 6 7 7 5 7 6 7 7
q 18 18 1 18 2 18 3 18 4 18 5 18 6 18 7 18 8 18 9 18 10 18 11 18 12 18 13 18 14 18 15 18 16 18 17 18 18
q 18 2 0 2 1 2 2 2 3 2 4 2 5 2 6 2 7 2 8 2 9 2 10 2 11 2 12 2 13 2 14 2 15 2 16 2 17
q 14 10 3 10 4 11 3 11 4 12 3 12 4 13 3 13 4 14 3 14 4 15 3 15 4 16 3 16 4
q 1 1 4
q 1 1 6
q 1 2 1
q 1 2 2
q 1 2 3
q 1 2 4
q 1 2 6
q 1 2 7
q 1 2 8
q 1 2 9
q 1 2 12
q 1 3 4
q 1 3 5
q 1 3 6
q 1 3 7
q 1 3 8
q 1 3 9
q 1 3 10
q 1 3 11
q 1 3 12
q 1 3 13
q 1 4 4
q 1 4 5
q 1 4 6
q 1 4 7
q 1 4 8
q 1 4 9
q 1 4 10
q 1 4 11
q 1 4 12
q 1 4 13
q 1 5 3
q 1 5 4
q 1 5 5
q 1 5 6
q 1 5 7
q 1 5 8
q 1 5 9
q 1 5 10
q 1 5 11
q 1 6 4
q 1 6 5
q 1 6 7
q 1 6 8
q 1 6 9
q 1 6 10
q 1 6 11
q 1 6 12
q 1 6 13
q 1 7 4
q 1 7 5
q 1 7 6
q 1 7 7
q 1 7 8
q 1 7 9
q 1 7 10
q 1 7 11
q 1 7 12
q 1 7 13
q 1 7 14
q 1 8 3
q 1 8 4
q 1 8 5
q 1 8 6
q 1 8 7
q 1 8 8
q 1 8 9
q 1 8 10
q 1 8 11
q 1 8 12
q 1 8 13
q 1 8 14
q 1 9 3
q 1 9 4
q 1 9 6
q 1 9 7
q 1 9 8
q 1 9 9
q 1 9 10
q 1 9 11
q 1 9 12
q 1 9 13
q 1 10 3
q 1 10 7
q 1 10 8
q 1 10 9
q 1 10 10
q 1 10 11
q 1 10 12
q 1 10 13
q 1 11 3
q 1 11 6
q 1 11 7
q 1 11 9
q 1 11 10
q 1 11 12
q 1 11 13
q 1 12 6
q 1 12 7
q 1 12 9
q 1 12 12
q 1 13 5
q 1 13 6
q 1 14 6
q 1 0 4
q 1 1 3
q 1 1 5
q 1 0 6
q 1 1 7
q 1 1 1
q 1 2 0
q 1 3 1
q 1 1 2
q 1 3 2
q 1 3 3
q 1 2 5
q 1 1 8
q 1 1 9
q 1 2 10
q 1 1 12
q 1 2 11
q 1 2 13
q 1 3 14
q 1 4 3
q 1 5 12
q 1 5 13
q 1 4 14
q 1 5 2
q 1 6 3
q 1 6 6
q 1 6 14
q 1 7 3
q 1 7 15
q 1 8 2
q 1 9 5
q 1 9 14
q 1 8 15
q 1 9 2
q 1 10 4
q 1 10 6
q 1 10 2
q 1 11 8
q 1 11 11
q 1 10 14
q 1 11 2
q 1 12 3
q 1 11 4
q 1 11 5
q 1 12 10
q 1 12 13
q 1 11 14
q 1 12 5
q 1 13 7
q 1 12 8
q 1 13 9
q 1 12 11
q 1 13 12
q 1 13 4
q 1 14 5
q 1 15 6
q 1 14 7
a 104 1 4 1 6 2 1 2 2 2 3 2 4 2 6 2 7 2 8 2 9 2 12 3 4 3 5 3 6 3 7 3 8 3 9 3 10 3 11 3 12 3 13 4 4 4 5 4 6 4 7 4 8 4 9 4 10 4 11 4 12 4 13 5 3 5 4 5 5 5 6 5 7 5 8 5 9 5 10 5 11 6 4 6 5 6 7 6 8 6 9 6 10 6 11 6 12 6 13 7 4 7 5 7 6 7 7 7 8 7 9 7 10 7 11 7 12 7 13 7 14 8 3 8 4 8 5 8 6 8 7 8 8 8 9 8 10 8 11 8 12 8 13 8 14 9 3 9 4 9 6 9 7 9 8 9 9 9 10 9 11 9 12 9 13 10 3 10 7 10 8 10 9 10 10 10 11 10 12 10 13 11 3 11 6 11 7 11 9 11 10 11 12 11 13 12 6 12 7 12 9 12 12 13 5 13 6 14 6 
