q 55 2 0 2 1 2 2 2 3 2 4 2 5 2 6 2 7 2 8 2 9 2 10 3 0 3 1 3 2 3 3 3 4 3 5 3 6 3 7 3 8 3 9 3 10 4 0 4 1 4 2 4 3 4 4 4 5 4 6 4 7 4 8 4 9 4 10 5 0 5 1 5 2 5 3 5 4 5 5 5 6 5 7 5 8 5 9 5 10 6 0 6 1 6 2 6 3 6 4 6 5 6 6 6 7 6 8 6 9 6 10
q 40 3 0 3 1 3 2 3 3 3 4 3 5 3 6 3 7 4 0 4 1 4 2 4 3 4 4 4 5 4 6 4 7 5 0 5 1 5 2 5 3 5 4 5 5 5 6 5 7 6 0 6 1 6 2 6 3 6 4 6 5 6 6 6 7 7 0 7 1 7 2 7 3 7 4 7 5 7 6 7 7
q 33 0 2 0 3 0 4 1 2 1 3 1 4 2 2 2 3 2 4 3 2 3 3 3 4 4 2 4 3 4 4 5 2 5 3 5 4 6 2 6 3 6 4 7 2 7 3 7 4 8 2 8 3 8 4 9 2 9 3 9 4 10 2 10 3 10 4
q 45 6 1 6 2 6 3 6 4 6 5 6 6 6 7 6 8 6 9 7 1 7 2 7 3 7 4 7 5 7 6 7 7 7 8 7 9 8 1 8 2 8 3 8 4 8 5 8 6 8 7 8 8 8 9 9 1 9 2 9 3 9 4 9 5 9 6 9 7 9 8 9 9 10 1 10 2 10 3 10 4 10 5 10 6 10 7 10 8 10 9
q 45 5 1 5 2 5 3 5 4 5 5 5 6 5 7 5 8 5 9 6 1 6 2 6 3 6 4 6 5 6 6 6 7 6 8 6 9 7 1 7 2 7 3 7 4 7 5 7 6 7 7 7 8 7 9 8 1 8 2 8 3 8 4 8 5 8 6 8 7 8 8 8 9 9 1 9 2 9 3 9 4 9 5 9 6 9 7 9 8 9 9
q 50 0 5 0 6 0 7 0 8 0 9 1 5 1 6 1 7 1 8 1 9 2 5 2 6 2 7 2 8 2 9 3 5 3 6 3 7 3 8 3 9 4 5 4 6 4 7 4 8 4 9 5 5 5 6 5 7 5 8 5 9 6 5 6 6 6 7 6 8 6 9 7 5 7 6 7 7 7 8 7 9 8 5 8 6 8 7 8 8 8 9 9 5 9 6 9 7 9 8 9 9
q 45 5 2 5 3 5 4 5 5 5 6 5 7 5 8 5 9 5 10 6 2 6 3 6 4 6 5 6 6 6 7 6 8 6 9 6 10 7 2 7 3 7 4 7 5 7 6 7 7 7 8 7 9 7 10 8 2 8 3 8 4 8 5 8 6 8 7 8 8 8 9 8 10 9 2 9 3 9 4 9 5 9 6 9 7 9 8 9 9 9 10
q 33 0 8 0 9 0 10 1 8 1 9 1 10 2 8 2 9 2 10 3 8 3 9 3 10 4 8 4 9 4 10 5 8 5 9 5 10 6 8 6 9 6 10 7 8 7 9 7 10 8 8 8 9 8 10 9 8 9 9 9 10 10 8 10 9 10 10
q 33 0 0 0 1 0 2 0 3 0 4 0 5 0 6 0 7 0 8 0 9 0 10 1 0 1 1 1 2 1 3 1 4 1 5 1 6 1 7 1 8 1 9 1 10 2 0 2 1 2 2 2 3 2 4 2 5 2 6 2 7 2 8 2 9 2 10
q 44 4 0 4 1 4 2 4 3 4 4 4 5 4 6 4 7 4 8 4 9 4 10 5 0 5 1 5 2 5 3 5 4 5 5 5 6 5 7 5 8 5 9 5 10 6 0 6 1 6 2 6 3 6 4 6 5 6 6 6 7 6 8 6 9 6 10 7 0 7 1 7 2 7 3 7 4 7 5 7 6 7 7 7 8 7 9 7 10
q 55 1 0 1 1 1 2 1 3 1 4 1 5 1 6 1 7 1 8 1 9 1 10 2 0 2 1 2 2 2 3 2 4 2 5 2 6 2 7 2 8 2 9 2 10 3 0 3 1 3 2 3 3 3 4 3 5 3 6 3 7 3 8 3 9 3 10 4 0 4 1 4 2 4 3 4 4 4 5 4 6 4 7 4 8 4 9 4 10 5 0 5 1 5 2 5 3 5 4 5 5 5 6 5 7 5 8 5 9 5 10
q 28 0 2 0 3 0 4 0 5 1 2 1 3 1 4 1 5 2 2 2 3 2 4 2 5 3 2 3 3 3 4 3 5 4 2 4 3 4 4 4 5 5 2 5 3 5 4 5 5 6 2 6 3 6 4 6 5
q 44 7 0 7 1 7 2 7 3 7 4 7 5 7 6 7 7 7 8 7 9 7 10 8 0 8 1 8 2 8 3 8 4 8 5 8 6 8 7 8 8 8 9 8 10 9 0 9 1 9 2 9 3 9 4 9 5 9 6 9 7 9 8 9 9 9 10 10 0 10 1 10 2 10 3 10 4 10 5 10 6 10 7 10 8 10 9 10 10
q 28 3 0 3 1 3 2 3 3 4 0 4 1 4 2 4 3 5 0 5 1 5 2 5 3 6 0 6 1 6 2 6 3 7 0 7 1 7 2 7 3 8 0 8 1 8 2 8 3 9 0 9 1 9 2 9 3
q 35 0 4 0 5 0 6 0 7 0 8 0 9 0 10 1 4 1 5 1 6 1 7 1 8 1 9 1 10 2 4 2 5 2 6 2 7 2 8 2 9 2 10 3 4 3 5 3 6 3 7 3 8 3 9 3 10 4 4 4 5 4 6 4 7 4 8 4 9 4 10
q 60 0 4 0 5 0 6 0 7 0 8 0 9 1 4 1 5 1 6 1 7 1 8 1 9 2 4 2 5 2 6 2 7 2 8 2 9 3 4 3 5 3 6 3 7 3 8 3 9 4 4 4 5 4 6 4 7 4 8 4 9 5 4 5 5 5 6 5 7 5 8 5 9 6 4 6 5 6 6 6 7 6 8 6 9 7 4 7 5 7 6 7 7 7 8 7 9 8 4 8 5 8 6 8 7 8 8 8 9 9 4 9 5 9 6 9 7 9 8 9 9
q 40 1 0 1 1 1 2 1 3 1 4 1 5 1 6 1 7 1 8 1 9 2 0 2 1 2 2 2 3 2 4 2 5 2 6 2 7 2 8 2 9 3 0 3 1 3 2 3 3 3 4 3 5 3 6 3 7 3 8 3 9 4 0 4 1 4 2 4 3 4 4 4 5 4 6 4 7 4 8 4 9
q 45 3 0 3 1 3 2 3 3 3 4 3 5 3 6 3 7 3 8 4 0 4 1 4 2 4 3 4 4 4 5 4 6 4 7 4 8 5 0 5 1 5 2 5 3 5 4 5 5 5 6 5 7 5 8 6 0 6 1 6 2 6 3 6 4 6 5 6 6 6 7 6 8 7 0 7 1 7 2 7 3 7 4 7 5 7 6 7 7 7 8
q 40 1 4 1 5 1 6 1 7 1 8 2 4 2 5 2 6 2 7 2 8 3 4 3 5 3 6 3 7 3 8 4 4 4 5 4 6 4 7 4 8 5 4 5 5 5 6 5 7 5 8 6 4 6 5 6 6 6 7 6 8 7 4 7 5 7 6 7 7 7 8 8 4 8 5 8 6 8 7 8 8
q 32 3 6 3 7 3 8 3 9 4 6 4 7 4 8 4 9 5 6 5 7 5 8 5 9 6 6 6 7 6 8 6 9 7 6 7 7 7 8 7 9 8 6 8 7 8 8 8 9 9 6 9 7 9 8 9 9 10 6 10 7 10 8 10 9
q 27 0 0 0 1 0 2 1 0 1 1 1 2 2 0 2 1 2 2 3 0 3 1 3 2 4 0 4 1 4 2 5 0 5 1 5 2 6 0 6 1 6 2 7 0 7 1 7 2 8 0 8 1 8 2
q 28 1 2 1 3 1 4 1 5 1 6 1 7 1 8 2 2 2 3 2 4 2 5 2 6 2 7 2 8 3 2 3 3 3 4 3 5 3 6 3 7 3 8 4 2 4 3 4 4 4 5 4 6 4 7 4 8
q 45 4 1 4 2 4 3 4 4 4 5 4 6 4 7 4 8 4 9 5 1 5 2 5 3 5 4 5 5 5 6 5 7 5 8 5 9 6 1 6 2 6 3 6 4 6 5 6 6 6 7 6 8 6 9 7 1 7 2 7 3 7 4 7 5 7 6 7 7 7 8 7 9 8 1 8 2 8 3 8 4 8 5 8 6 8 7 8 8 8 9
q 42 1 3 1 4 1 5 1 6 1 7 1 8 1 9 2 3 2 4 2 5 2 6 2 7 2 8 2 9 3 3 3 4 3 5 3 6 3 7 3 8 3 9 4 3 4 4 4 5 4 6 4 7 4 8 4 9 5 3 5 4 5 5 5 6 5 7 5 8 5 9 6 3 6 4 6 5 6 6 6 7 6 8 6 9
q 54 2 2 2 3 2 4 2 5 2 6 2 7 3 2 3 3 3 4 3 5 3 6 3 7 4 2 4 3 4 4 4 5 4 6 4 7 5 2 5 3 5 4 5 5 5 6 5 7 6 2 6 3 6 4 6 5 6 6 6 7 7 2 7 3 7 4 7 5 7 6 7 7 8 2 8 3 8 4 8 5 8 6 8 7 9 2 9 3 9 4 9 5 9 6 9 7 10 2 10 3 10 4 10 5 10 6 10 7
q 50 1 4 1 5 1 6 1 7 1 8 2 4 2 5 2 6 2 7 2 8 3 4 3 5 3 6 3 7 3 8 4 4 4 5 4 6 4 7 4 8 5 4 5 5 5 6 5 7 5 8 6 4 6 5 6 6 6 7 6 8 7 4 7 5 7 6 7 7 7 8 8 4 8 5 8 6 8 7 8 8 9 4 9 5 9 6 9 7 9 8 10 4 10 5 10 6 10 7 10 8
q 35 0 4 0 5 0 6 0 7 0 8 1 4 1 5 1 6 1 7 1 8 2 4 2 5 2 6 2 7 2 8 3 4 3 5 3 6 3 7 3 8 4 4 4 5 4 6 4 7 4 8 5 4 5 5 5 6 5 7 5 8 6 4 6 5 6 6 6 7 6 8
q 50 1 5 1 6 1 7 1 8 1 9 2 5 2 6 2 7 2 8 2 9 3 5 3 6 3 7 3 8 3 9 4 5 4 6 4 7 4 8 4 9 5 5 5 6 5 7 5 8 5 9 6 5 6 6 6 7 6 8 6 9 7 5 7 6 7 7 7 8 7 9 8 5 8 6 8 7 8 8 8 9 9 5 9 6 9 7 9 8 9 9 10 5 10 6 10 7 10 8 10 9
q 64 1 3 1 4 1 5 1 6 1 7 1 8 1 9 1 10 2 3 2 4 2 5 2 6 2 7 2 8 2 9 2 10 3 3 3 4 3 5 3 6 3 7 3 8 3 9 3 10 4 3 4 4 4 5 4 6 4 7 4 8 4 9 4 10 5 3 5 4 5 5 5 6 5 7 5 8 5 9 5 10 6 3 6 4 6 5 6 6 6 7 6 8 6 9 6 10 7 3 7 4 7 5 7 6 7 7 7 8 7 9 7 10 8 3 8 4 8 5 8 6 8 7 8 8 8 9 8 10
q 56 3 0 3 1 3 2 3 3 3 4 3 5 3 6 3 7 4 0 4 1 4 2 4 3 4 4 4 5 4 6 4 7 5 0 5 1 5 2 5 3 5 4 5 5 5 6 5 7 6 0 6 1 6 2 6 3 6 4 6 5 6 6 6 7 7 0 7 1 7 2 7 3 7 4 7 5 7 6 7 7 8 0 8 1 8 2 8 3 8 4 8 5 8 6 8 7 9 0 9 1 9 2 9 3 9 4 9 5 9 6 9 7
q 44 7 0 7 1 7 2 7 3 7 4 7 5 7 6 7 7 7 8 7 9 7 10 8 0 8 1 8 2 8 3 8 4 8 5 8 6 8 7 8 8 8 9 8 10 9 0 9 1 9 2 9 3 9 4 9 5 9 6 9 7 9 8 9 9 9 10 10 0 10 1 10 2 10 3 10 4 10 5 10 6 10 7 10 8 10 9 10 10
q 27 4 0 4 1 4 2 4 3 4 4 4 5 4 6 4 7 4 8 5 0 5 1 5 2 5 3 5 4 5 5 5 6 5 7 5 8 6 0 6 1 6 2 6 3 6 4 6 5 6 6 6 7 6 8
q 56 4 1 4 2 4 3 4 4 4 5 4 6 4 7 4 8 5 1 5 2 5 3 5 4 5 5 5 6 5 7 5 8 6 1 6 2 6 3 6 4 6 5 6 6 6 7 6 8 7 1 7 2 7 3 7 4 7 5 7 6 7 7 7 8 8 1 8 2 8 3 8 4 8 5 8 6 8 7 8 8 9 1 9 2 9 3 9 4 9 5 9 6 9 7 9 8 10 1 10 2 10 3 10 4 10 5 10 6 10 7 10 8
q 32 1 0 1 1 1 2 1 3 2 0 2 1 2 2 2 3 3 0 3 1 3 2 3 3 4 0 4 1 4 2 4 3 5 0 5 1 5 2 5 3 6 0 6 1 6 2 6 3 7 0 7 1 7 2 7 3 8 0 8 1 8 2 8 3
q 50 2 1 2 2 2 3 2 4 2 5 2 6 2 7 2 8 2 9 2 10 3 1 3 2 3 3 3 4 3 5 3 6 3 7 3 8 3 9 3 10 4 1 4 2 4 3 4 4 4 5 4 6 4 7 4 8 4 9 4 10 5 1 5 2 5 3 5 4 5 5 5 6 5 7 5 8 5 9 5 10 6 1 6 2 6 3 6 4 6 5 6 6 6 7 6 8 6 9 6 10
q 63 2 1 2 2 2 3 2 4 2 5 2 6 2 7 3 1 3 2 3 3 3 4 3 5 3 6 3 7 4 1 4 2 4 3 4 4 4 5 4 6 4 7 5 1 5 2 5 3 5 4 5 5 5 6 5 7 6 1 6 2 6 3 6 4 6 5 6 6 6 7 7 1 7 2 7 3 7 4 7 5 7 6 7 7 8 1 8 2 8 3 8 4 8 5 8 6 8 7 9 1 9 2 9 3 9 4 9 5 9 6 9 7 10 1 10 2 10 3 10 4 10 5 10 6 10 7
q 33 0 1 0 2 0 3 1 1 1 2 1 3 2 1 2 2 2 3 3 1 3 2 3 3 4 1 4 2 4 3 5 1 5 2 5 3 6 1 6 2 6 3 7 1 7 2 7 3 8 1 8 2 8 3 9 1 9 2 9 3 10 1 10 2 10 3
q 33 0 2 0 3 0 4 1 2 1 3 1 4 2 2 2 3 2 4 3 2 3 3 3 4 4 2 4 3 4 4 5 2 5 3 5 4 6 2 6 3 6 4 7 2 7 3 7 4 8 2 8 3 8 4 9 2 9 3 9 4 10 2 10 3 10 4
q 36 1 5 1 6 1 7 1 8 2 5 2 6 2 7 2 8 3 5 3 6 3 7 3 8 4 5 4 6 4 7 4 8 5 5 5 6 5 7 5 8 6 5 6 6 6 7 6 8 7 5 7 6 7 7 7 8 8 5 8 6 8 7 8 8 9 5 9 6 9 7 9 8
q 60 2 0 2 1 2 2 2 3 2 4 2 5 2 6 2 7 2 8 2 9 3 0 3 1 3 2 3 3 3 4 3 5 3 6 3 7 3 8 3 9 4 0 4 1 4 2 4 3 4 4 4 5 4 6 4 7 4 8 4 9 5 0 5 1 5 2 5 3 5 4 5 5 5 6 5 7 5 8 5 9 6 0 6 1 6 2 6 3 6 4 6 5 6 6 6 7 6 8 6 9 7 0 7 1 7 2 7 3 7 4 7 5 7 6 7 7 7 8 7 9
q 27 0 1 0 2 0 3 1 1 1 2 1 3 2 1 2 2 2 3 3 1 3 2 3 3 4 1 4 2 4 3 5 1 5 2 5 3 6 1 6 2 6 3 7 1 7 2 7 3 8 1 8 2 8 3
q 35 2 1 2 2 2 3 2 4 2 5 2 6 2 7 3 1 3 2 3 3 3 4 3 5 3 6 3 7 4 1 4 2 4 3 4 4 4 5 4 6 4 7 5 1 5 2 5 3 5 4 5 5 5 6 5 7 6 1 6 2 6 3 6 4 6 5 6 6 6 7
q 33 4 0 4 1 4 2 4 3 4 4 4 5 4 6 4 7 4 8 4 9 4 10 5 0 5 1 5 2 5 3 5 4 5 5 5 6 5 7 5 8 5 9 5 10 6 0 6 1 6 2 6 3 6 4 6 5 6 6 6 7 6 8 6 9 6 10
q 33 1 0 1 1 1 2 1 3 1 4 1 5 1 6 1 7 1 8 1 9 1 10 2 0 2 1 2 2 2 3 2 4 2 5 2 6 2 7 2 8 2 9 2 10 3 0 3 1 3 2 3 3 3 4 3 5 3 6 3 7 3 8 3 9 3 10
q 30 5 0 5 1 5 2 5 3 5 4 5 5 6 0 6 1 6 2 6 3 6 4 6 5 7 0 7 1 7 2 7 3 7 4 7 5 8 0 8 1 8 2 8 3 8 4 8 5 9 0 9 1 9 2 9 3 9 4 9 5
q 54 0 2 0 3 0 4 0 5 0 6 0 7 1 2 1 3 1 4 1 5 1 6 1 7 2 2 2 3 2 4 2 5 2 6 2 7 3 2 3 3 3 4 3 5 3 6 3 7 4 2 4 3 4 4 4 5 4 6 4 7 5 2 5 3 5 4 5 5 5 6 5 7 6 2 6 3 6 4 6 5 6 6 6 7 7 2 7 3 7 4 7 5 7 6 7 7 8 2 8 3 8 4 8 5 8 6 8 7
q 30 2 1 2 2 2 3 2 4 2 5 2 6 3 1 3 2 3 3 3 4 3 5 3 6 4 1 4 2 4 3 4 4 4 5 4 6 5 1 5 2 5 3 5 4 5 5 5 6 6 1 6 2 6 3 6 4 6 5 6 6
q 49 0 2 0 3 0 4 0 5 0 6 0 7 0 8 1 2 1 3 1 4 1 5 1 6 1 7 1 8 2 2 2 3 2 4 2 5 2 6 2 7 2 8 3 2 3 3 3 4 3 5 3 6 3 7 3 8 4 2 4 3 4 4 4 5 4 6 4 7 4 8 5 2 5 3 5 4 5 5 5 6 5 7 5 8 6 2 6 3 6 4 6 5 6 6 6 7 6 8
q 40 1 5 1 6 1 7 1 8 2 5 2 6 2 7 2 8 3 5 3 6 3 7 3 8 4 5 4 6 4 7 4 8 5 5 5 6 5 7 5 8 6 5 6 6 6 7 6 8 7 5 7 6 7 7 7 8 8 5 8 6 8 7 8 8 9 5 9 6 9 7 9 8 10 5 10 6 10 7 10 8
q 32 0 5 0 6 0 7 0 8 1 5 1 6 1 7 1 8 2 5 2 6 2 7 2 8 3 5 3 6 3 7 3 8 4 5 4 6 4 7 4 8 5 5 5 6 5 7 5 8 6 5 6 6 6 7 6 8 7 5 7 6 7 7 7 8
q 54 0 2 0 3 0 4 0 5 0 6 0 7 1 2 1 3 1 4 1 5 1 6 1 7 2 2 2 3 2 4 2 5 2 6 2 7 3 2 3 3 3 4 3 5 3 6 3 7 4 2 4 3 4 4 4 5 4 6 4 7 5 2 5 3 5 4 5 5 5 6 5 7 6 2 6 3 6 4 6 5 6 6 6 7 7 2 7 3 7 4 7 5 7 6 7 7 8 2 8 3 8 4 8 5 8 6 8 7
q 28 0 3 0 4 0 5 0 6 1 3 1 4 1 5 1 6 2 3 2 4 2 5 2 6 3 3 3 4 3 5 3 6 4 3 4 4 4 5 4 6 5 3 5 4 5 5 5 6 6 3 6 4 6 5 6 6
q 35 3 5 3 6 3 7 3 8 3 9 4 5 4 6 4 7 4 8 4 9 5 5 5 6 5 7 5 8 5 9 6 5 6 6 6 7 6 8 6 9 7 5 7 6 7 7 7 8 7 9 8 5 8 6 8 7 8 8 8 9 9 5 9 6 9 7 9 8 9 9
q 54 2 3 2 4 2 5 2 6 2 7 2 8 3 3 3 4 3 5 3 6 3 7 3 8 4 3 4 4 4 5 4 6 4 7 4 8 5 3 5 4 5 5 5 6 5 7 5 8 6 3 6 4 6 5 6 6 6 7 6 8 7 3 7 4 7 5 7 6 7 7 7 8 8 3 8 4 8 5 8 6 8 7 8 8 9 3 9 4 9 5 9 6 9 7 9 8 10 3 10 4 10 5 10 6 10 7 10 8
q 45 2 2 2 3 2 4 2 5 2 6 2 7 2 8 2 9 2 10 3 2 3 3 3 4 3 5 3 6 3 7 3 8 3 9 3 10 4 2 4 3 4 4 4 5 4 6 4 7 4 8 4 9 4 10 5 2 5 3 5 4 5 5 5 6 5 7 5 8 5 9 5 10 6 2 6 3 6 4 6 5 6 6 6 7 6 8 6 9 6 10
q 54 2 0 2 1 2 2 2 3 2 4 2 5 3 0 3 1 3 2 3 3 3 4 3 5 4 0 4 1 4 2 4 3 4 4 4 5 5 0 5 1 5 2 5 3 5 4 5 5 6 0 6 1 6 2 6 3 6 4 6 5 7 0 7 1 7 2 7 3 7 4 7 5 8 0 8 1 8 2 8 3 8 4 8 5 9 0 9 1 9 2 9 3 9 4 9 5 10 0 10 1 10 2 10 3 10 4 10 5
q 40 3 2 3 3 3 4 3 5 3 6 4 2 4 3 4 4 4 5 4 6 5 2 5 3 5 4 5 5 5 6 6 2 6 3 6 4 6 5 6 6 7 2 7 3 7 4 7 5 7 6 8 2 8 3 8 4 8 5 8 6 9 2 9 3 9 4 9 5 9 6 10 2 10 3 10 4 10 5 10 6
q 40 4 2 4 3 4 4 4 5 4 6 4 7 4 8 4 9 5 2 5 3 5 4 5 5 5 6 5 7 5 8 5 9 6 2 6 3 6 4 6 5 6 6 6 7 6 8 6 9 7 2 7 3 7 4 7 5 7 6 7 7 7 8 7 9 8 2 8 3 8 4 8 5 8 6 8 7 8 8 8 9
q 44 0 7 0 8 0 9 0 10 1 7 1 8 1 9 1 10 2 7 2 8 2 9 2 10 3 7 3 8 3 9 3 10 4 7 4 8 4 9 4 10 5 7 5 8 5 9 5 10 6 7 6 8 6 9 6 10 7 7 7 8 7 9 7 10 8 7 8 8 8 9 8 10 9 7 9 8 9 9 9 10 10 7 10 8 10 9 10 10
q 40 1 5 1 6 1 7 1 8 2 5 2 6 2 7 2 8 3 5 3 6 3 7 3 8 4 5 4 6 4 7 4 8 5 5 5 6 5 7 5 8 6 5 6 6 6 7 6 8 7 5 7 6 7 7 7 8 8 5 8 6 8 7 8 8 9 5 9 6 9 7 9 8 10 5 10 6 10 7 10 8
q 30 8 0 8 1 8 2 8 3 8 4 8 5 8 6 8 7 8 8 8 9 9 0 9 1 9 2 9 3 9 4 9 5 9 6 9 7 9 8 9 9 10 0 10 1 10 2 10 3 10 4 10 5 10 6 10 7 10 8 10 9
q 30 0 3 0 4 0 5 0 6 0 7 1 3 1 4 1 5 1 6 1 7 2 3 2 4 2 5 2 6 2 7 3 3 3 4 3 5 3 6 3 7 4 3 4 4 4 5 4 6 4 7 5 3 5 4 5 5 5 6 5 7
q 56 3 0 3 1 3 2 3 3 3 4 3 5 3 6 4 0 4 1 4 2 4 3 4 4 4 5 4 6 5 0 5 1 5 2 5 3 5 4 5 5 5 6 6 0 6 1 6 2 6 3 6 4 6 5 6 6 7 0 7 1 7 2 7 3 7 4 7 5 7 6 8 0 8 1 8 2 8 3 8 4 8 5 8 6 9 0 9 1 9 2 9 3 9 4 9 5 9 6 10 0 10 1 10 2 10 3 10 4 10 5 10 6
q 32 3 1 3 2 3 3 3 4 4 1 4 2 4 3 4 4 5 1 5 2 5 3 5 4 6 1 6 2 6 3 6 4 7 1 7 2 7 3 7 4 8 1 8 2 8 3 8 4 9 1 9 2 9 3 9 4 10 1 10 2 10 3 10 4
q 27 2 0 2 1 2 2 2 3 2 4 2 5 2 6 2 7 2 8 3 0 3 1 3 2 3 3 3 4 3 5 3 6 3 7 3 8 4 0 4 1 4 2 4 3 4 4 4 5 4 6 4 7 4 8
q 25 4 0 4 1 4 2 4 3 4 4 5 0 5 1 5 2 5 3 5 4 6 0 6 1 6 2 6 3 6 4 7 0 7 1 7 2 7 3 7 4 8 0 8 1 8 2 8 3 8 4
q 22 0 2 0 3 1 2 1 3 2 2 2 3 3 2 3 3 4 2 4 3 5 2 5 3 6 2 6 3 7 2 7 3 8 2 8 3 9 2 9 3 10 2 10 3
q 4 1 2 2 2 3 2 4 2
q 18 1 9 1 10 2 9 2 10 3 9 3 10 4 9 4 10 5 9 5 10 6 9 6 10 7 9 7 10 8 9 8 10 9 9 9 10
q 63 2 2 2 3 2 4 2 5 2 6 2 7 2 8 3 2 3 3 3 4 3 5 3 6 3 7 3 8 4 2 4 3 4 4 4 5 4 6 4 7 4 8 5 2 5 3 5 4 5 5 5 6 5 7 5 8 6 2 6 3 6 4 6 5 6 6 6 7 6 8 7 2 7 3 7 4 7 5 7 6 7 7 7 8 8 2 8 3 8 4 8 5 8 6 8 7 8 8 9 2 9 3 9 4 9 5 9 6 9 7 9 8 10 2 10 3 10 4 10 5 10 6 10 7 10 8
q 36 0 3 0 4 0 5 0 6 1 3 1 4 1 5 1 6 2 3 2 4 2 5 2 6 3 3 3 4 3 5 3 6 4 3 4 4 4 5 4 6 5 3 5 4 5 5 5 6 6 3 6 4 6 5 6 6 7 3 7 4 7 5 7 6 8 3 8 4 8 5 8 6
q 40 1 3 1 4 1 5 1 6 1 7 1 8 1 9 1 10 2 3 2 4 2 5 2 6 2 7 2 8 2 9 2 10 3 3 3 4 3 5 3 6 3 7 3 8 3 9 3 10 4 3 4 4 4 5 4 6 4 7 4 8 4 9 4 10 5 3 5 4 5 5 5 6 5 7 5 8 5 9 5 10
q 40 4 2 4 3 4 4 4 5 4 6 4 7 4 8 4 9 5 2 5 3 5 4 5 5 5 6 5 7 5 8 5 9 6 2 6 3 6 4 6 5 6 6 6 7 6 8 6 9 7 2 7 3 7 4 7 5 7 6 7 7 7 8 7 9 8 2 8 3 8 4 8 5 8 6 8 7 8 8 8 9
q 25 0 6 0 7 0 8 0 9 0 10 1 6 1 7 1 8 1 9 1 10 2 6 2 7 2 8 2 9 2 10 3 6 3 7 3 8 3 9 3 10 4 6 4 7 4 8 4 9 4 10
q 10 0 5 1 5 2 5 3 5 4 5 5 5 6 5 7 5 8 5 9 5
q 9 6 1 6 2 6 3 6 4 6 5 6 6 6 7 6 8 6 9
q 20 6 0 6 1 6 2 6 3 6 4 6 5 6 6 6 7 6 8 6 9 7 0 7 1 7 2 7 3 7 4 7 5 7 6 7 7 7 8 7 9
q 15 1 4 1 5 1 6 1 7 1 8 2 4 2 5 2 6 2 7 2 8 3 4 3 5 3 6 3 7 3 8
q 12 5 9 5 10 6 9 6 10 7 9 7 10 8 9 8 10 9 9 9 10 10 9 10 10
q 60 0 0 0 1 0 2 0 3 0 4 0 5 1 0 1 1 1 2 1 3 1 4 1 5 2 0 2 1 2 2 2 3 2 4 2 5 3 0 3 1 3 2 3 3 3 4 3 5 4 0 4 1 4 2 4 3 4 4 4 5 5 0 5 1 5 2 5 3 5 4 5 5 6 0 6 1 6 2 6 3 6 4 6 5 7 0 7 1 7 2 7 3 7 4 7 5 8 0 8 1 8 2 8 3 8 4 8 5 9 0 9 1 9 2 9 3 9 4 9 5
q 8 0 5 1 5 2 5 3 5 4 5 5 5 6 5 7 5
q 45 2 0 2 1 2 2 2 3 2 4 2 5 2 6 2 7 2 8 3 0 3 1 3 2 3 3 3 4 3 5 3 6 3 7 3 8 4 0 4 1 4 2 4 3 4 4 4 5 4 6 4 7 4 8 5 0 5 1 5 2 5 3 5 4 5 5 5 6 5 7 5 8 6 0 6 1 6 2 6 3 6 4 6 5 6 6 6 7 6 8
q 36 5 2 5 3 5 4 5 5 5 6 5 7 5 8 5 9 5 10 6 2 6 3 6 4 6 5 6 6 6 7 6 8 6 9 6 10 7 2 7 3 7 4 7 5 7 6 7 7 7 8 7 9 7 10 8 2 8 3 8 4 8 5 8 6 8 7 8 8 8 9 8 10
q 24 6 5 6 6 6 7 6 8 6 9 6 10 7 5 7 6 7 7 7 8 7 9 7 10 8 5 8 6 8 7 8 8 8 9 8 10 9 5 9 6 9 7 9 8 9 9 9 10
q 20 1 4 1 5 2 4 2 5 3 4 3 5 4 4 4 5 5 4 5 5 6 4 6 5 7 4 7 5 8 4 8 5 9 4 9 5 10 4 10 5
q 12 1 5 1 6 1 7 1 8 1 9 1 10 2 5 2 6 2 7 2 8 2 9 2 10
q 16 3 2 3 3 3 4 3 5 3 6 3 7 3 8 3 9 4 2 4 3 4 4 4 5 4 6 4 7 4 8 4 9
q 25 5 4 5 5 5 6 5 7 5 8 6 4 6 5 6 6 6 7 6 8 7 4 7 5 7 6 7 7 7 8 8 4 8 5 8 6 8 7 8 8 9 4 9 5 9 6 9 7 9 8
q 35 3 2 3 3 3 4 3 5 3 6 3 7 3 8 4 2 4 3 4 4 4 5 4 6 4 7 4 8 5 2 5 3 5 4 5 5 5 6 5 7 5 8 6 2 6 3 6 4 6 5 6 6 6 7 6 8 7 2 7 3 7 4 7 5 7 6 7 7 7 8
q 6 2 9 3 9 4 9 5 9 6 9 7 9
q 30 3 0 3 1 3 2 3 3 3 4 3 5 3 6 3 7 3 8 3 9 4 0 4 1 4 2 4 3 4 4 4 5 4 6 4 7 4 8 4 9 5 0 5 1 5 2 5 3 5 4 5 5 5 6 5 7 5 8 5 9
q 44 0 0 0 1 0 2 0 3 0 4 0 5 0 6 0 7 0 8 0 9 0 10 1 0 1 1 1 2 1 3 1 4 1 5 1 6 1 7 1 8 1 9 1 10 2 0 2 1 2 2 2 3 2 4 2 5 2 6 2 7 2 8 2 9 2 10 3 0 3 1 3 2 3 3 3 4 3 5 3 6 3 7 3 8 3 9 3 10
q 12 8 5 8 6 8 7 8 8 9 5 9 6 9 7 9 8 10 5 10 6 10 7 10 8
q 12 0 7 0 8 0 9 0 10 1 7 1 8 1 9 1 10 2 7 2 8 2 9 2 10
q 25 1 2 1 3 1 4 1 5 1 6 2 2 2 3 2 4 2 5 2 6 3 2 3 3 3 4 3 5 3 6 4 2 4 3 4 4 4 5 4 6 5 2 5 3 5 4 5 5 5 6
q 40 2 2 2 3 2 4 2 5 2 6 3 2 3 3 3 4 3 5 3 6 4 2 4 3 4 4 4 5 4 6 5 2 5 3 5 4 5 5 5 6 6 2 6 3 6 4 6 5 6 6 7 2 7 3 7 4 7 5 7 6 8 2 8 3 8 4 8 5 8 6 9 2 9 3 9 4 9 5 9 6
q 5 8 4 8 5 8 6 8 7 8 8
q 27 7 2 7 3 7 4 7 5 7 6 7 7 7 8 7 9 7 10 8 2 8 3 8 4 8 5 8 6 8 7 8 8 8 9 8 10 9 2 9 3 9 4 9 5 9 6 9 7 9 8 9 9 9 10
q 60 2 0 2 1 2 2 2 3 2 4 2 5 2 6 2 7 2 8 2 9 3 0 3 1 3 2 3 3 3 4 3 5 3 6 3 7 3 8 3 9 4 0 4 1 4 2 4 3 4 4 4 5 4 6 4 7 4 8 4 9 5 0 5 1 5 2 5 3 5 4 5 5 5 6 5 7 5 8 5 9 6 0 6 1 6 2 6 3 6 4 6 5 6 6 6 7 6 8 6 9 7 0 7 1 7 2 7 3 7 4 7 5 7 6 7 7 7 8 7 9
q 50 0 0 0 1 0 2 0 3 0 4 1 0 1 1 1 2 1 3 1 4 2 0 2 1 2 2 2 3 2 4 3 0 3 1 3 2 3 3 3 4 4 0 4 1 4 2 4 3 4 4 5 0 5 1 5 2 5 3 5 4 6 0 6 1 6 2 6 3 6 4 7 0 7 1 7 2 7 3 7 4 8 0 8 1 8 2 8 3 8 4 9 0 9 1 9 2 9 3 9 4
q 35 3 3 3 4 3 5 3 6 3 7 4 3 4 4 4 5 4 6 4 7 5 3 5 4 5 5 5 6 5 7 6 3 6 4 6 5 6 6 6 7 7 3 7 4 7 5 7 6 7 7 8 3 8 4 8 5 8 6 8 7 9 3 9 4 9 5 9 6 9 7
q 36 2 1 2 2 2 3 2 4 2 5 2 6 2 7 2 8 2 9 3 1 3 2 3 3 3 4 3 5 3 6 3 7 3 8 3 9 4 1 4 2 4 3 4 4 4 5 4 6 4 7 4 8 4 9 5 1 5 2 5 3 5 4 5 5 5 6 5 7 5 8 5 9
q 30 0 1 0 2 0 3 1 1 1 2 1 3 2 1 2 2 2 3 3 1 3 2 3 3 4 1 4 2 4 3 5 1 5 2 5 3 6 1 6 2 6 3 7 1 7 2 7 3 8 1 8 2 8 3 9 1 9 2 9 3
q 42 1 3 1 4 1 5 1 6 1 7 1 8 2 3 2 4 2 5 2 6 2 7 2 8 3 3 3 4 3 5 3 6 3 7 3 8 4 3 4 4 4 5 4 6 4 7 4 8 5 3 5 4 5 5 5 6 5 7 5 8 6 3 6 4 6 5 6 6 6 7 6 8 7 3 7 4 7 5 7 6 7 7 7 8
q 22 0 1 0 2 1 1 1 2 2 1 2 2 3 1 3 2 4 1 4 2 5 1 5 2 6 1 6 2 7 1 7 2 8 1 8 2 9 1 9 2 10 1 10 2
q 6 4 3 4 4 4 5 5 3 5 4 5 5
q 45 2 2 2 3 2 4 2 5 2 6 2 7 2 8 2 9 2 10 3 2 3 3 3 4 3 5 3 6 3 7 3 8 3 9 3 10 4 2 4 3 4 4 4 5 4 6 4 7 4 8 4 9 4 10 5 2 5 3 5 4 5 5 5 6 5 7 5 8 5 9 5 10 6 2 6 3 6 4 6 5 6 6 6 7 6 8 6 9 6 10
q 36 6 1 6 2 6 3 6 4 6 5 6 6 6 7 6 8 6 9 7 1 7 2 7 3 7 4 7 5 7 6 7 7 7 8 7 9 8 1 8 2 8 3 8 4 8 5 8 6 8 7 8 8 8 9 9 1 9 2 9 3 9 4 9 5 9 6 9 7 9 8 9 9
q 10 2 7 2 8 3 7 3 8 4 7 4 8 5 7 5 8 6 7 6 8
q 6 1 8 1 9 1 10 2 8 2 9 2 10
q 20 5 6 5 7 5 8 5 9 5 10 6 6 6 7 6 8 6 9 6 10 7 6 7 7 7 8 7 9 7 10 8 6 8 7 8 8 8 9 8 10
q 15 4 1 4 2 4 3 5 1 5 2 5 3 6 1 6 2 6 3 7 1 7 2 7 3 8 1 8 2 8 3
q 35 0 4 0 5 0 6 0 7 0 8 1 4 1 5 1 6 1 7 1 8 2 4 2 5 2 6 2 7 2 8 3 4 3 5 3 6 3 7 3 8 4 4 4 5 4 6 4 7 4 8 5 4 5 5 5 6 5 7 5 8 6 4 6 5 6 6 6 7 6 8
q 8 7 5 7 6 7 7 7 8 8 5 8 6 8 7 8 8
q 12 7 4 7 5 7 6 7 7 8 4 8 5 8 6 8 7 9 4 9 5 9 6 9 7
q 6 4 1 4 2 4 3 4 4 4 5 4 6
q 8 2 9 2 10 3 9 3 10 4 9 4 10 5 9 5 10
q 24 2 5 2 6 2 7 2 8 2 9 2 10 3 5 3 6 3 7 3 8 3 9 3 10 4 5 4 6 4 7 4 8 4 9 4 10 5 5 5 6 5 7 5 8 5 9 5 10
q 40 1 0 1 1 1 2 1 3 1 4 1 5 1 6 1 7 1 8 1 9 2 0 2 1 2 2 2 3 2 4 2 5 2 6 2 7 2 8 2 9 3 0 3 1 3 2 3 3 3 4 3 5 3 6 3 7 3 8 3 9 4 0 4 1 4 2 4 3 4 4 4 5 4 6 4 7 4 8 4 9
q 42 0 3 0 4 0 5 0 6 0 7 0 8 0 9 1 3 1 4 1 5 1 6 1 7 1 8 1 9 2 3 2 4 2 5 2 6 2 7 2 8 2 9 3 3 3 4 3 5 3 6 3 7 3 8 3 9 4 3 4 4 4 5 4 6 4 7 4 8 4 9 5 3 5 4 5 5 5 6 5 7 5 8 5 9
q 24 2 4 2 5 2 6 2 7 3 4 3 5 3 6 3 7 4 4 4 5 4 6 4 7 5 4 5 5 5 6 5 7 6 4 6 5 6 6 6 7 7 4 7 5 7 6 7 7
q 24 2 5 2 6 2 7 3 5 3 6 3 7 4 5 4 6 4 7 5 5 5 6 5 7 6 5 6 6 6 7 7 5 7 6 7 7 8 5 8 6 8 7 9 5 9 6 9 7
q 7 4 5 5 5 6 5 7 5 8 5 9 5 10 5
q 55 0 6 0 7 0 8 0 9 0 10 1 6 1 7 1 8 1 9 1 10 2 6 2 7 2 8 2 9 2 10 3 6 3 7 3 8 3 9 3 10 4 6 4 7 4 8 4 9 4 10 5 6 5 7 5 8 5 9 5 10 6 6 6 7 6 8 6 9 6 10 7 6 7 7 7 8 7 9 7 10 8 6 8 7 8 8 8 9 8 10 9 6 9 7 9 8 9 9 9 10 10 6 10 7 10 8 10 9 10 10
q 55 6 0 6 1 6 2 6 3 6 4 6 5 6 6 6 7 6 8 6 9 6 10 7 0 7 1 7 2 7 3 7 4 7 5 7 6 7 7 7 8 7 9 7 10 8 0 8 1 8 2 8 3 8 4 8 5 8 6 8 7 8 8 8 9 8 10 9 0 9 1 9 2 9 3 9 4 9 5 9 6 9 7 9 8 9 9 9 10 10 0 10 1 10 2 10 3 10 4 10 5 10 6 10 7 10 8 10 9 10 10
q 56 2 3 2 4 2 5 2 6 2 7 2 8 2 9 3 3 3 4 3 5 3 6 3 7 3 8 3 9 4 3 4 4 4 5 4 6 4 7 4 8 4 9 5 3 5 4 5 5 5 6 5 7 5 8 5 9 6 3 6 4 6 5 6 6 6 7 6 8 6 9 7 3 7 4 7 5 7 6 7 7 7 8 7 9 8 3 8 4 8 5 8 6 8 7 8 8 8 9 9 3 9 4 9 5 9 6 9 7 9 8 9 9
q 40 4 2 4 3 4 4 4 5 4 6 4 7 4 8 4 9 5 2 5 3 5 4 5 5 5 6 5 7 5 8 5 9 6 2 6 3 6 4 6 5 6 6 6 7 6 8 6 9 7 2 7 3 7 4 7 5 7 6 7 7 7 8 7 9 8 2 8 3 8 4 8 5 8 6 8 7 8 8 8 9
q 60 0 1 0 2 0 3 0 4 0 5 0 6 1 1 1 2 1 3 1 4 1 5 1 6 2 1 2 2 2 3 2 4 2 5 2 6 3 1 3 2 3 3 3 4 3 5 3 6 4 1 4 2 4 3 4 4 4 5 4 6 5 1 5 2 5 3 5 4 5 5 5 6 6 1 6 2 6 3 6 4 6 5 6 6 7 1 7 2 7 3 7 4 7 5 7 6 8 1 8 2 8 3 8 4 8 5 8 6 9 1 9 2 9 3 9 4 9 5 9 6
q 12 6 6 6 7 6 8 7 6 7 7 7 8 8 6 8 7 8 8 9 6 9 7 9 8
q 14 1 6 1 7 2 6 2 7 3 6 3 7 4 6 4 7 5 6 5 7 6 6 6 7 7 6 7 7
q 15 3 5 3 6 3 7 4 5 4 6 4 7 5 5 5 6 5 7 6 5 6 6 6 7 7 5 7 6 7 7
q 5 3 1 4 1 5 1 6 1 7 1
q 36 3 4 3 5 3 6 3 7 3 8 3 9 4 4 4 5 4 6 4 7 4 8 4 9 5 4 5 5 5 6 5 7 5 8 5 9 6 4 6 5 6 6 6 7 6 8 6 9 7 4 7 5 7 6 7 7 7 8 7 9 8 4 8 5 8 6 8 7 8 8 8 9
q 1 0 5
q 1 0 6
q 1 0 7
q 1 1 4
q 1 1 6
q 1 1 7
q 1 2 3
q 1 2 4
q 1 2 5
q 1 2 6
q 1 3 1
q 1 3 3
q 1 3 4
q 1 3 5
q 1 3 6
q 1 4 1
q 1 4 2
q 1 4 3
q 1 4 4
q 1 4 5
q 1 4 6
q 1 4 7
q 1 5 2
q 1 5 3
q 1 5 4
q 1 6 1
q 1 6 2
q 1 6 4
q 1 7 1
q 1 7 4
q 1 7 5
q 1 7 6
q 1 7 7
q 1 7 8
q 1 7 9
q 1 8 3
q 1 8 4
q 1 8 5
q 1 9 5
q 1 0 4
q 1 1 5
q 1 0 8
q 1 1 3
q 1 2 7
q 1 1 8
q 1 2 2
q 1 2 1
q 1 3 0
q 1 3 2
q 1 3 7
q 1 4 0
q 1 5 1
q 1 5 5
q 1 5 6
q 1 5 7
q 1 4 8
q 1 6 3
q 1 6 0
q 1 7 2
q 1 6 5
q 1 7 0
q 1 8 1
q 1 7 3
q 1 6 6
q 1 8 6
q 1 6 7
q 1 8 7
q 1 6 8
q 1 8 8
q 1 6 9
q 1 8 9
q 1 7 10
q 1 8 2
q 1 9 3
q 1 9 4
q 1 10 5
q 1 9 6
a 39 0 5 0 6 0 7 1 4 1 6 1 7 2 3 2 4 2 5 2 6 3 1 3 3 3 4 3 5 3 6 4 1 4 2 4 3 4 4 4 5 4 6 4 7 5 2 5 3 5 4 6 1 6 2 6 4 7 1 7 4 7 5 7 6 7 7 7 8 7 9 8 3 8 4 8 5 9 5 
