q 52 6 0 6 1 6 2 6 3 6 4 6 5 6 6 6 7 6 8 6 9 6 10 6 11 6 12 7 0 7 1 7 2 7 3 7 4 7 5 7 6 7 7 7 8 7 9 7 10 7 11 7 12 8 0 8 1 8 2 8 3 8 4 8 5 8 6 8 7 8 8 8 9 8 10 8 11 8 12 9 0 9 1 9 2 9 3 9 4 9 5 9 6 9 7 9 8 9 9 9 10 9 11 9 12
q 40 15 0 15 1 15 2 15 3 15 4 15 5 15 6 15 7 15 8 15 9 16 0 16 1 16 2 16 3 16 4 16 5 16 6 16 7 16 8 16 9 17 0 17 1 17 2 17 3 17 4 17 5 17 6 17 7 17 8 17 9 18 0 18 1 18 2 18 3 18 4 18 5 18 6 18 7 18 8 18 9
q 54 10 0 10 1 10 2 10 3 10 4 10 5 10 6 10 7 10 8 11 0 11 1 11 2 11 3 11 4 11 5 11 6 11 7 11 8 12 0 12 1 12 2 12 3 12 4 12 5 12 6 12 7 12 8 13 0 13 1 13 2 13 3 13 4 13 5 13 6 13 7 13 8 14 0 14 1 14 2 14 3 14 4 14 5 14 6 14 7 14 8 15 0 15 1 15 2 15 3 15 4 15 5 15 6 15 7 15 8
q 48 0 11 0 12 0 13 1 11 1 12 1 13 2 11 2 12 2 13 3 11 3 12 3 13 4 11 4 12 4 13 5 11 5 12 5 13 6 11 6 12 6 13 7 11 7 12 7 13 8 11 8 12 8 13 9 11 9 12 9 13 10 11 10 12 10 13 11 11 11 12 11 13 12 11 12 12 12 13 13 11 13 12 13 13 14 11 14 12 14 13 15 11 15 12 15 13
q 56 2 7 2 8 2 9 2 10 2 11 2 12 2 13 2 14 3 7 3 8 3 9 3 10 3 11 3 12 3 13 3 14 4 7 4 8 4 9 4 10 4 11 4 12 4 13 4 14 5 7 5 8 5 9 5 10 5 11 5 12 5 13 5 14 6 7 6 8 6 9 6 10 6 11 6 12 6 13 6 14 7 7 7 8 7 9 7 10 7 11 7 12 7 13 7 14 8 7 8 8 8 9 8 10 8 11 8 12 8 13 8 14
q 60 7 2 7 3 7 4 7 5 7 6 7 7 7 8 7 9 7 10 7 11 7 12 7 13 7 14 7 15 7 16 8 2 8 3 8 4 8 5 8 6 8 7 8 8 8 9 8 10 8 11 8 12 8 13 8 14 8 15 8 16 9 2 9 3 9 4 9 5 9 6 9 7 9 8 9 9 9 10 9 11 9 12 9 13 9 14 9 15 9 16 10 2 10 3 10 4 10 5 10 6 10 7 10 8 10 9 10 10 10 11 10 12 10 13 10 14 10 15 10 16
q 57 0 16 0 17 0 18 1 16 1 17 1 18 2 16 2 17 2 18 3 16 3 17 3 18 4 16 4 17 4 18 5 16 5 17 5 18 6 16 6 17 6 18 7 16 7 17 7 18 8 16 8 17 8 18 9 16 9 17 9 18 10 16 10 17 10 18 11 16 11 17 11 18 12 16 12 17 12 18 13 16 13 17 13 18 14 16 14 17 14 18 15 16 15 17 15 18 16 16 16 17 16 18 17 16 17 17 17 18 18 16 18 17 18 18
q 34 2 10 2 11 3 10 3 11 4 10 4 11 5 10 5 11 6 10 6 11 7 10 7 11 8 10 8 11 9 10 9 11 10 10 10 11 11 10 11 11 12 10 12 11 13 10 13 11 14 10 14 11 15 10 15 11 16 10 16 11 17 10 17 11 18 10 18 11
q 64 14 0 14 1 14 2 14 3 14 4 14 5 14 6 14 7 14 8 14 9 14 10 14 11 14 12 14 13 14 14 14 15 15 0 15 1 15 2 15 3 15 4 15 5 15 6 15 7 15 8 15 9 15 10 15 11 15 12 15 13 15 14 15 15 16 0 16 1 16 2 16 3 16 4 16 5 16 6 16 7 16 8 16 9 16 10 16 11 16 12 16 13 16 14 16 15 17 0 17 1 17 2 17 3 17 4 17 5 17 6 17 7 17 8 17 9 17 10 17 11 17 12 17 13 17 14 17 15
q 60 7 1 7 2 7 3 7 4 7 5 7 6 7 7 7 8 7 9 7 10 7 11 7 12 8 1 8 2 8 3 8 4 8 5 8 6 8 7 8 8 8 9 8 10 8 11 8 12 9 1 9 2 9 3 9 4 9 5 9 6 9 7 9 8 9 9 9 10 9 11 9 12 10 1 10 2 10 3 10 4 10 5 10 6 10 7 10 8 10 9 10 10 10 11 10 12 11 1 11 2 11 3 11 4 11 5 11 6 11 7 11 8 11 9 11 10 11 11 11 12
q 56 8 2 8 3 8 4 8 5 8 6 8 7 8 8 8 9 8 10 8 11 8 12 8 13 8 14 8 15 9 2 9 3 9 4 9 5 9 6 9 7 9 8 9 9 9 10 9 11 9 12 9 13 9 14 9 15 10 2 10 3 10 4 10 5 10 6 10 7 10 8 10 9 10 10 10 11 10 12 10 13 10 14 10 15 11 2 11 3 11 4 11 5 11 6 11 7 11 8 11 9 11 10 11 11 11 12 11 13 11 14 11 15
q 54 15 1 15 2 15 3 15 4 15 5 15 6 15 7 15 8 15 9 15 10 15 11 15 12 15 13 15 14 15 15 15 16 15 17 15 18 16 1 16 2 16 3 16 4 16 5 16 6 16 7 16 8 16 9 16 10 16 11 16 12 16 13 16 14 16 15 16 16 16 17 16 18 17 1 17 2 17 3 17 4 17 5 17 6 17 7 17 8 17 9 17 10 17 11 17 12 17 13 17 14 17 15 17 16 17 17 17 18
q 35 14 11 14 12 14 13 14 14 14 15 14 16 14 17 15 11 15 12 15 13 15 14 15 15 15 16 15 17 16 11 16 12 16 13 16 14 16 15 16 16 16 17 17 11 17 12 17 13 17 14 17 15 17 16 17 17 18 11 18 12 18 13 18 14 18 15 18 16 18 17
q 42 5 3 5 4 5 5 5 6 5 7 5 8 5 9 5 10 5 11 5 12 5 13 5 14 5 15 5 16 6 3 6 4 6 5 6 6 6 7 6 8 6 9 6 10 6 11 6 12 6 13 6 14 6 15 6 16 7 3 7 4 7 5 7 6 7 7 7 8 7 9 7 10 7 11 7 12 7 13 7 14 7 15 7 16
q 40 1 2 1 3 1 4 1 5 2 2 2 3 2 4 2 5 3 2 3 3 3 4 3 5 4 2 4 3 4 4 4 5 5 2 5 3 5 4 5 5 6 2 6 3 6 4 6 5 7 2 7 3 7 4 7 5 8 2 8 3 8 4 8 5 9 2 9 3 9 4 9 5 10 2 10 3 10 4 10 5
q 48 7 0 7 1 7 2 7 3 7 4 7 5 7 6 7 7 7 8 7 9 7 10 7 11 7 12 7 13 7 14 7 15 8 0 8 1 8 2 8 3 8 4 8 5 8 6 8 7 8 8 8 9 8 10 8 11 8 12 8 13 8 14 8 15 9 0 9 1 9 2 9 3 9 4 9 5 9 6 9 7 9 8 9 9 9 10 9 11 9 12 9 13 9 14 9 15
q 39 12 3 12 4 12 5 12 6 12 7 12 8 12 9 12 10 12 11 12 12 12 13 12 14 12 15 13 3 13 4 13 5 13 6 13 7 13 8 13 9 13 10 13 11 13 12 13 13 13 14 13 15 14 3 14 4 14 5 14 6 14 7 14 8 14 9 14 10 14 11 14 12 14 13 14 14 14 15
q 26 7 5 7 6 7 7 7 8 7 9 7 10 7 11 7 12 7 13 7 14 7 15 7 16 7 17 8 5 8 6 8 7 8 8 8 9 8 10 8 11 8 12 8 13 8 14 8 15 8 16 8 17
q 36 11 0 11 1 11 2 11 3 11 4 11 5 11 6 11 7 11 8 11 9 11 10 11 11 12 0 12 1 12 2 12 3 12 4 12 5 12 6 12 7 12 8 12 9 12 10 12 11 13 0 13 1 13 2 13 3 13 4 13 5 13 6 13 7 13 8 13 9 13 10 13 11
q 40 12 0 12 1 12 2 12 3 12 4 12 5 12 6 12 7 12 8 12 9 13 0 13 1 13 2 13 3 13 4 13 5 13 6 13 7 13 8 13 9 14 0 14 1 14 2 14 3 14 4 14 5 14 6 14 7 14 8 14 9 15 0 15 1 15 2 15 3 15 4 15 5 15 6 15 7 15 8 15 9
q 26 15 1 15 2 15 3 15 4 15 5 15 6 15 7 15 8 15 9 15 10 15 11 15 12 15 13 16 1 16 2 16 3 16 4 16 5 16 6 16 7 16 8 16 9 16 10 16 11 16 12 16 13
q 52 4 14 4 15 4 16 4 17 5 14 5 15 5 16 5 17 6 14 6 15 6 16 6 17 7 14 7 15 7 16 7 17 8 14 8 15 8 16 8 17 9 14 9 15 9 16 9 17 10 14 10 15 10 16 10 17 11 14 11 15 11 16 11 17 12 14 12 15 12 16 12 17 13 14 13 15 13 16 13 17 14 14 14 15 14 16 14 17 15 14 15 15 15 16 15 17 16 14 16 15 16 16 16 17
q 48 1 10 1 11 1 12 2 10 2 11 2 12 3 10 3 11 3 12 4 10 4 11 4 12 5 10 5 11 5 12 6 10 6 11 6 12 7 10 7 11 7 12 8 10 8 11 8 12 9 10 9 11 9 12 10 10 10 11 10 12 11 10 11 11 11 12 12 10 12 11 12 12 13 10 13 11 13 12 14 10 14 11 14 12 15 10 15 11 15 12 16 10 16 11 16 12
q 45 12 8 12 9 12 10 12 11 12 12 12 13 12 14 12 15 12 16 13 8 13 9 13 10 13 11 13 12 13 13 13 14 13 15 13 16 14 8 14 9 14 10 14 11 14 12 14 13 14 14 14 15 14 16 15 8 15 9 15 10 15 11 15 12 15 13 15 14 15 15 15 16 16 8 16 9 16 10 16 11 16 12 16 13 16 14 16 15 16 16
q 35 9 14 9 15 9 16 9 17 9 18 10 14 10 15 10 16 10 17 10 18 11 14 11 15 11 16 11 17 11 18 12 14 12 15 12 16 12 17 12 18 13 14 13 15 13 16 13 17 13 18 14 14 14 15 14 16 14 17 14 18 15 14 15 15 15 16 15 17 15 18
q 28 1 8 1 9 1 10 1 11 2 8 2 9 2 10 2 11 3 8 3 9 3 10 3 11 4 8 4 9 4 10 4 11 5 8 5 9 5 10 5 11 6 8 6 9 6 10 6 11 7 8 7 9 7 10 7 11
q 44 2 14 2 15 2 16 2 17 3 14 3 15 3 16 3 17 4 14 4 15 4 16 4 17 5 14 5 15 5 16 5 17 6 14 6 15 6 16 6 17 7 14 7 15 7 16 7 17 8 14 8 15 8 16 8 17 9 14 9 15 9 16 9 17 10 14 10 15 10 16 10 17 11 14 11 15 11 16 11 17 12 14 12 15 12 16 12 17
q 50 8 12 8 13 8 14 8 15 8 16 9 12 9 13 9 14 9 15 9 16 10 12 10 13 10 14 10 15 10 16 11 12 11 13 11 14 11 15 11 16 12 12 12 13 12 14 12 15 12 16 13 12 13 13 13 14 13 15 13 16 14 12 14 13 14 14 14 15 14 16 15 12 15 13 15 14 15 15 15 16 16 12 16 13 16 14 16 15 16 16 17 12 17 13 17 14 17 15 17 16
q 40 11 14 11 15 11 16 11 17 11 18 12 14 12 15 12 16 12 17 12 18 13 14 13 15 13 16 13 17 13 18 14 14 14 15 14 16 14 17 14 18 15 14 15 15 15 16 15 17 15 18 16 14 16 15 16 16 16 17 16 18 17 14 17 15 17 16 17 17 17 18 18 14 18 15 18 16 18 17 18 18
q 52 3 5 3 6 3 7 3 8 4 5 4 6 4 7 4 8 5 5 5 6 5 7 5 8 6 5 6 6 6 7 6 8 7 5 7 6 7 7 7 8 8 5 8 6 8 7 8 8 9 5 9 6 9 7 9 8 10 5 10 6 10 7 10 8 11 5 11 6 11 7 11 8 12 5 12 6 12 7 12 8 13 5 13 6 13 7 13 8 14 5 14 6 14 7 14 8 15 5 15 6 15 7 15 8
q 34 1 13 1 14 2 13 2 14 3 13 3 14 4 13 4 14 5 13 5 14 6 13 6 14 7 13 7 14 8 13 8 14 9 13 9 14 10 13 10 14 11 13 11 14 12 13 12 14 13 13 13 14 14 13 14 14 15 13 15 14 16 13 16 14 17 13 17 14
q 42 13 12 13 13 13 14 13 15 13 16 13 17 13 18 14 12 14 13 14 14 14 15 14 16 14 17 14 18 15 12 15 13 15 14 15 15 15 16 15 17 15 18 16 12 16 13 16 14 16 15 16 16 16 17 16 18 17 12 17 13 17 14 17 15 17 16 17 17 17 18 18 12 18 13 18 14 18 15 18 16 18 17 18 18
q 44 3 2 3 3 3 4 3 5 3 6 3 7 3 8 3 9 3 10 3 11 3 12 4 2 4 3 4 4 4 5 4 6 4 7 4 8 4 9 4 10 4 11 4 12 5 2 5 3 5 4 5 5 5 6 5 7 5 8 5 9 5 10 5 11 5 12 6 2 6 3 6 4 6 5 6 6 6 7 6 8 6 9 6 10 6 11 6 12
q 60 6 5 6 6 6 7 6 8 6 9 6 10 6 11 6 12 6 13 6 14 6 15 6 16 7 5 7 6 7 7 7 8 7 9 7 10 7 11 7 12 7 13 7 14 7 15 7 16 8 5 8 6 8 7 8 8 8 9 8 10 8 11 8 12 8 13 8 14 8 15 8 16 9 5 9 6 9 7 9 8 9 9 9 10 9 11 9 12 9 13 9 14 9 15 9 16 10 5 10 6 10 7 10 8 10 9 10 10 10 11 10 12 10 13 10 14 10 15 10 16
q 39 15 5 15 6 15 7 15 8 15 9 15 10 15 11 15 12 15 13 15 14 15 15 15 16 15 17 16 5 16 6 16 7 16 8 16 9 16 10 16 11 16 12 16 13 16 14 16 15 16 16 16 17 17 5 17 6 17 7 17 8 17 9 17 10 17 11 17 12 17 13 17 14 17 15 17 16 17 17
q 34 0 8 0 9 1 8 1 9 2 8 2 9 3 8 3 9 4 8 4 9 5 8 5 9 6 8 6 9 7 8 7 9 8 8 8 9 9 8 9 9 10 8 10 9 11 8 11 9 12 8 12 9 13 8 13 9 14 8 14 9 15 8 15 9 16 8 16 9
q 30 1 0 1 1 1 2 1 3 1 4 1 5 1 6 1 7 1 8 1 9 2 0 2 1 2 2 2 3 2 4 2 5 2 6 2 7 2 8 2 9 3 0 3 1 3 2 3 3 3 4 3 5 3 6 3 7 3 8 3 9
q 28 3 3 3 4 4 3 4 4 5 3 5 4 6 3 6 4 7 3 7 4 8 3 8 4 9 3 9 4 10 3 10 4 11 3 11 4 12 3 12 4 13 3 13 4 14 3 14 4 15 3 15 4 16 3 16 4
q 60 11 0 11 1 11 2 11 3 11 4 11 5 11 6 11 7 11 8 11 9 11 10 11 11 12 0 12 1 12 2 12 3 12 4 12 5 12 6 12 7 12 8 12 9 12 10 12 11 13 0 13 1 13 2 13 3 13 4 13 5 13 6 13 7 13 8 13 9 13 10 13 11 14 0 14 1 14 2 14 3 14 4 14 5 14 6 14 7 14 8 14 9 14 10 14 11 15 0 15 1 15 2 15 3 15 4 15 5 15 6 15 7 15 8 15 9 15 10 15 11
q 45 0 6 0 7 0 8 0 9 0 10 0 11 0 12 0 13 0 14 1 6 1 7 1 8 1 9 1 10 1 11 1 12 1 13 1 14 2 6 2 7 2 8 2 9 2 10 2 11 2 12 2 13 2 14 3 6 3 7 3 8 3 9 3 10 3 11 3 12 3 13 3 14 4 6 4 7 4 8 4 9 4 10 4 11 4 12 4 13 4 14
q 28 8 13 8 14 8 15 8 16 9 13 9 14 9 15 9 16 10 13 10 14 10 15 10 16 11 13 11 14 11 15 11 16 12 13 12 14 12 15 12 16 13 13 13 14 13 15 13 16 14 13 14 14 14 15 14 16
q 63 5 5 5 6 5 7 5 8 5 9 5 10 5 11 6 5 6 6 6 7 6 8 6 9 6 10 6 11 7 5 7 6 7 7 7 8 7 9 7 10 7 11 8 5 8 6 8 7 8 8 8 9 8 10 8 11 9 5 9 6 9 7 9 8 9 9 9 10 9 11 10 5 10 6 10 7 10 8 10 9 10 10 10 11 11 5 11 6 11 7 11 8 11 9 11 10 11 11 12 5 12 6 12 7 12 8 12 9 12 10 12 11 13 5 13 6 13 7 13 8 13 9 13 10 13 11
q 45 14 1 14 2 14 3 14 4 14 5 14 6 14 7 14 8 14 9 14 10 14 11 14 12 14 13 14 14 14 15 15 1 15 2 15 3 15 4 15 5 15 6 15 7 15 8 15 9 15 10 15 11 15 12 15 13 15 14 15 15 16 1 16 2 16 3 16 4 16 5 16 6 16 7 16 8 16 9 16 10 16 11 16 12 16 13 16 14 16 15
q 39 9 5 9 6 9 7 9 8 9 9 9 10 9 11 9 12 9 13 9 14 9 15 9 16 9 17 10 5 10 6 10 7 10 8 10 9 10 10 10 11 10 12 10 13 10 14 10 15 10 16 10 17 11 5 11 6 11 7 11 8 11 9 11 10 11 11 11 12 11 13 11 14 11 15 11 16 11 17
q 42 0 6 0 7 0 8 0 9 0 10 0 11 1 6 1 7 1 8 1 9 1 10 1 11 2 6 2 7 2 8 2 9 2 10 2 11 3 6 3 7 3 8 3 9 3 10 3 11 4 6 4 7 4 8 4 9 4 10 4 11 5 6 5 7 5 8 5 9 5 10 5 11 6 6 6 7 6 8 6 9 6 10 6 11
q 34 2 5 2 6 3 5 3 6 4 5 4 6 5 5 5 6 6 5 6 6 7 5 7 6 8 5 8 6 9 5 9 6 10 5 10 6 11 5 11 6 12 5 12 6 13 5 13 6 14 5 14 6 15 5 15 6 16 5 16 6 17 5 17 6 18 5 18 6
q 34 9 1 9 2 9 3 9 4 9 5 9 6 9 7 9 8 9 9 9 10 9 11 9 12 9 13 9 14 9 15 9 16 9 17 10 1 10 2 10 3 10 4 10 5 10 6 10 7 10 8 10 9 10 10 10 11 10 12 10 13 10 14 10 15 10 16 10 17
q 25 11 5 11 6 11 7 11 8 11 9 12 5 12 6 12 7 12 8 12 9 13 5 13 6 13 7 13 8 13 9 14 5 14 6 14 7 14 8 14 9 15 5 15 6 15 7 15 8 15 9
q 55 4 12 4 13 4 14 4 15 4 16 5 12 5 13 5 14 5 15 5 16 6 12 6 13 6 14 6 15 6 16 7 12 7 13 7 14 7 15 7 16 8 12 8 13 8 14 8 15 8 16 9 12 9 13 9 14 9 15 9 16 10 12 10 13 10 14 10 15 10 16 11 12 11 13 11 14 11 15 11 16 12 12 12 13 12 14 12 15 12 16 13 12 13 13 13 14 13 15 13 16 14 12 14 13 14 14 14 15 14 16
q 56 4 10 4 11 4 12 4 13 4 14 4 15 4 16 4 17 5 10 5 11 5 12 5 13 5 14 5 15 5 16 5 17 6 10 6 11 6 12 6 13 6 14 6 15 6 16 6 17 7 10 7 11 7 12 7 13 7 14 7 15 7 16 7 17 8 10 8 11 8 12 8 13 8 14 8 15 8 16 8 17 9 10 9 11 9 12 9 13 9 14 9 15 9 16 9 17 10 10 10 11 10 12 10 13 10 14 10 15 10 16 10 17
q 42 4 11 4 12 4 13 4 14 4 15 4 16 4 17 5 11 5 12 5 13 5 14 5 15 5 16 5 17 6 11 6 12 6 13 6 14 6 15 6 16 6 17 7 11 7 12 7 13 7 14 7 15 7 16 7 17 8 11 8 12 8 13 8 14 8 15 8 16 8 17 9 11 9 12 9 13 9 14 9 15 9 16 9 17
q 42 1 4 1 5 1 6 1 7 1 8 1 9 1 10 1 11 1 12 1 13 1 14 1 15 1 16 1 17 2 4 2 5 2 6 2 7 2 8 2 9 2 10 2 11 2 12 2 13 2 14 2 15 2 16 2 17 3 4 3 5 3 6 3 7 3 8 3 9 3 10 3 11 3 12 3 13 3 14 3 15 3 16 3 17
q 56 2 2 2 3 2 4 2 5 2 6 2 7 2 8 3 2 3 3 3 4 3 5 3 6 3 7 3 8 4 2 4 3 4 4 4 5 4 6 4 7 4 8 5 2 5 3 5 4 5 5 5 6 5 7 5 8 6 2 6 3 6 4 6 5 6 6 6 7 6 8 7 2 7 3 7 4 7 5 7 6 7 7 7 8 8 2 8 3 8 4 8 5 8 6 8 7 8 8 9 2 9 3 9 4 9 5 9 6 9 7 9 8
q 44 7 0 7 1 7 2 7 3 7 4 7 5 7 6 7 7 7 8 7 9 7 10 8 0 8 1 8 2 8 3 8 4 8 5 8 6 8 7 8 8 8 9 8 10 9 0 9 1 9 2 9 3 9 4 9 5 9 6 9 7 9 8 9 9 9 10 10 0 10 1 10 2 10 3 10 4 10 5 10 6 10 7 10 8 10 9 10 10
q 54 0 0 0 1 0 2 0 3 0 4 0 5 0 6 0 7 0 8 0 9 0 10 0 11 0 12 0 13 0 14 0 15 0 16 0 17 1 0 1 1 1 2 1 3 1 4 1 5 1 6 1 7 1 8 1 9 1 10 1 11 1 12 1 13 1 14 1 15 1 16 1 17 2 0 2 1 2 2 2 3 2 4 2 5 2 6 2 7 2 8 2 9 2 10 2 11 2 12 2 13 2 14 2 15 2 16 2 17
q 60 0 7 0 8 0 9 0 10 0 11 0 12 0 13 0 14 0 15 0 16 0 17 0 18 1 7 1 8 1 9 1 10 1 11 1 12 1 13 1 14 1 15 1 16 1 17 1 18 2 7 2 8 2 9 2 10 2 11 2 12 2 13 2 14 2 15 2 16 2 17 2 18 3 7 3 8 3 9 3 10 3 11 3 12 3 13 3 14 3 15 3 16 3 17 3 18 4 7 4 8 4 9 4 10 4 11 4 12 4 13 4 14 4 15 4 16 4 17 4 18
q 50 9 4 9 5 9 6 9 7 9 8 10 4 10 5 10 6 10 7 10 8 11 4 11 5 11 6 11 7 11 8 12 4 12 5 12 6 12 7 12 8 13 4 13 5 13 6 13 7 13 8 14 4 14 5 14 6 14 7 14 8 15 4 15 5 15 6 15 7 15 8 16 4 16 5 16 6 16 7 16 8 17 4 17 5 17 6 17 7 17 8 18 4 18 5 18 6 18 7 18 8
q 30 12 3 12 4 12 5 12 6 12 7 12 8 12 9 12 10 12 11 12 12 12 13 12 14 12 15 12 16 12 17 13 3 13 4 13 5 13 6 13 7 13 8 13 9 13 10 13 11 13 12 13 13 13 14 13 15 13 16 13 17
q 40 14 0 14 1 14 2 14 3 14 4 14 5 14 6 14 7 14 8 14 9 15 0 15 1 15 2 15 3 15 4 15 5 15 6 15 7 15 8 15 9 16 0 16 1 16 2 16 3 16 4 16 5 16 6 16 7 16 8 16 9 17 0 17 1 17 2 17 3 17 4 17 5 17 6 17 7 17 8 17 9
q 60 1 5 1 6 1 7 1 8 1 9 1 10 1 11 1 12 1 13 1 14 2 5 2 6 2 7 2 8 2 9 2 10 2 11 2 12 2 13 2 14 3 5 3 6 3 7 3 8 3 9 3 10 3 11 3 12 3 13 3 14 4 5 4 6 4 7 4 8 4 9 4 10 4 11 4 12 4 13 4 14 5 5 5 6 5 7 5 8 5 9 5 10 5 11 5 12 5 13 5 14 6 5 6 6 6 7 6 8 6 9 6 10 6 11 6 12 6 13 6 14
q 36 9 4 9 5 9 6 9 7 9 8 9 9 9 10 9 11 9 12 10 4 10 5 10 6 10 7 10 8 10 9 10 10 10 11 10 12 11 4 11 5 11 6 11 7 11 8 11 9 11 10 11 11 11 12 12 4 12 5 12 6 12 7 12 8 12 9 12 10 12 11 12 12
q 48 7 0 7 1 7 2 7 3 7 4 7 5 8 0 8 1 8 2 8 3 8 4 8 5 9 0 9 1 9 2 9 3 9 4 9 5 10 0 10 1 10 2 10 3 10 4 10 5 11 0 11 1 11 2 11 3 11 4 11 5 12 0 12 1 12 2 12 3 12 4 12 5 13 0 13 1 13 2 13 3 13 4 13 5 14 0 14 1 14 2 14 3 14 4 14 5
q 55 4 2 4 3 4 4 4 5 4 6 5 2 5 3 5 4 5 5 5 6 6 2 6 3 6 4 6 5 6 6 7 2 7 3 7 4 7 5 7 6 8 2 8 3 8 4 8 5 8 6 9 2 9 3 9 4 9 5 9 6 10 2 10 3 10 4 10 5 10 6 11 2 11 3 11 4 11 5 11 6 12 2 12 3 12 4 12 5 12 6 13 2 13 3 13 4 13 5 13 6 14 2 14 3 14 4 14 5 14 6
q 28 15 5 15 6 15 7 15 8 15 9 15 10 15 11 16 5 16 6 16 7 16 8 16 9 16 10 16 11 17 5 17 6 17 7 17 8 17 9 17 10 17 11 18 5 18 6 18 7 18 8 18 9 18 10 18 11
q 40 1 5 1 6 1 7 1 8 2 5 2 6 2 7 2 8 3 5 3 6 3 7 3 8 4 5 4 6 4 7 4 8 5 5 5 6 5 7 5 8 6 5 6 6 6 7 6 8 7 5 7 6 7 7 7 8 8 5 8 6 8 7 8 8 9 5 9 6 9 7 9 8 10 5 10 6 10 7 10 8
q 55 2 0 2 1 2 2 2 3 2 4 3 0 3 1 3 2 3 3 3 4 4 0 4 1 4 2 4 3 4 4 5 0 5 1 5 2 5 3 5 4 6 0 6 1 6 2 6 3 6 4 7 0 7 1 7 2 7 3 7 4 8 0 8 1 8 2 8 3 8 4 9 0 9 1 9 2 9 3 9 4 10 0 10 1 10 2 10 3 10 4 11 0 11 1 11 2 11 3 11 4 12 0 12 1 12 2 12 3 12 4
q 56 5 2 5 3 5 4 5 5 6 2 6 3 6 4 6 5 7 2 7 3 7 4 7 5 8 2 8 3 8 4 8 5 9 2 9 3 9 4 9 5 10 2 10 3 10 4 10 5 11 2 11 3 11 4 11 5 12 2 12 3 12 4 12 5 13 2 13 3 13 4 13 5 14 2 14 3 14 4 14 5 15 2 15 3 15 4 15 5 16 2 16 3 16 4 16 5 17 2 17 3 17 4 17 5 18 2 18 3 18 4 18 5
q 60 0 5 0 6 0 7 0 8 1 5 1 6 1 7 1 8 2 5 2 6 2 7 2 8 3 5 3 6 3 7 3 8 4 5 4 6 4 7 4 8 5 5 5 6 5 7 5 8 6 5 6 6 6 7 6 8 7 5 7 6 7 7 7 8 8 5 8 6 8 7 8 8 9 5 9 6 9 7 9 8 10 5 10 6 10 7 10 8 11 5 11 6 11 7 11 8 12 5 12 6 12 7 12 8 13 5 13 6 13 7 13 8 14 5 14 6 14 7 14 8
q 54 4 1 4 2 4 3 4 4 4 5 4 6 4 7 4 8 4 9 5 1 5 2 5 3 5 4 5 5 5 6 5 7 5 8 5 9 6 1 6 2 6 3 6 4 6 5 6 6 6 7 6 8 6 9 7 1 7 2 7 3 7 4 7 5 7 6 7 7 7 8 7 9 8 1 8 2 8 3 8 4 8 5 8 6 8 7 8 8 8 9 9 1 9 2 9 3 9 4 9 5 9 6 9 7 9 8 9 9
q 32 1 8 1 9 1 10 1 11 1 12 1 13 1 14 1 15 2 8 2 9 2 10 2 11 2 12 2 13 2 14 2 15 3 8 3 9 3 10 3 11 3 12 3 13 3 14 3 15 4 8 4 9 4 10 4 11 4 12 4 13 4 14 4 15
q 48 13 6 13 7 13 8 13 9 13 10 13 11 13 12 13 13 13 14 13 15 13 16 13 17 14 6 14 7 14 8 14 9 14 10 14 11 14 12 14 13 14 14 14 15 14 16 14 17 15 6 15 7 15 8 15 9 15 10 15 11 15 12 15 13 15 14 15 15 15 16 15 17 16 6 16 7 16 8 16 9 16 10 16 11 16 12 16 13 16 14 16 15 16 16 16 17
q 42 2 13 2 14 2 15 3 13 3 14 3 15 4 13 4 14 4 15 5 13 5 14 5 15 6 13 6 14 6 15 7 13 7 14 7 15 8 13 8 14 8 15 9 13 9 14 9 15 10 13 10 14 10 15 11 13 11 14 11 15 12 13 12 14 12 15 13 13 13 14 13 15 14 13 14 14 14 15 15 13 15 14 15 15
q 64 7 11 7 12 7 13 7 14 7 15 7 16 7 17 7 18 8 11 8 12 8 13 8 14 8 15 8 16 8 17 8 18 9 11 9 12 9 13 9 14 9 15 9 16 9 17 9 18 10 11 10 12 10 13 10 14 10 15 10 16 10 17 10 18 11 11 11 12 11 13 11 14 11 15 11 16 11 17 11 18 12 11 12 12 12 13 12 14 12 15 12 16 12 17 12 18 13 11 13 12 13 13 13 14 13 15 13 16 13 17 13 18 14 11 14 12 14 13 14 14 14 15 14 16 14 17 14 18
q 42 8 1 8 2 8 3 8 4 8 5 8 6 9 1 9 2 9 3 9 4 9 5 9 6 10 1 10 2 10 3 10 4 10 5 10 6 11 1 11 2 11 3 11 4 11 5 11 6 12 1 12 2 12 3 12 4 12 5 12 6 13 1 13 2 13 3 13 4 13 5 13 6 14 1 14 2 14 3 14 4 14 5 14 6
q 40 1 10 1 11 1 12 1 13 1 14 2 10 2 11 2 12 2 13 2 14 3 10 3 11 3 12 3 13 3 14 4 10 4 11 4 12 4 13 4 14 5 10 5 11 5 12 5 13 5 14 6 10 6 11 6 12 6 13 6 14 7 10 7 11 7 12 7 13 7 14 8 10 8 11 8 12 8 13 8 14
q 52 6 1 6 2 6 3 6 4 6 5 6 6 6 7 6 8 6 9 6 10 6 11 6 12 6 13 7 1 7 2 7 3 7 4 7 5 7 6 7 7 7 8 7 9 7 10 7 11 7 12 7 13 8 1 8 2 8 3 8 4 8 5 8 6 8 7 8 8 8 9 8 10 8 11 8 12 8 13 9 1 9 2 9 3 9 4 9 5 9 6 9 7 9 8 9 9 9 10 9 11 9 12 9 13
q 30 10 7 10 8 10 9 10 10 10 11 10 12 10 13 10 14 10 15 10 16 11 7 11 8 11 9 11 10 11 11 11 12 11 13 11 14 11 15 11 16 12 7 12 8 12 9 12 10 12 11 12 12 12 13 12 14 12 15 12 16
q 48 2 6 2 7 2 8 2 9 2 10 2 11 2 12 2 13 3 6 3 7 3 8 3 9 3 10 3 11 3 12 3 13 4 6 4 7 4 8 4 9 4 10 4 11 4 12 4 13 5 6 5 7 5 8 5 9 5 10 5 11 5 12 5 13 6 6 6 7 6 8 6 9 6 10 6 11 6 12 6 13 7 6 7 7 7 8 7 9 7 10 7 11 7 12 7 13
q 30 6 1 6 2 6 3 6 4 6 5 6 6 7 1 7 2 7 3 7 4 7 5 7 6 8 1 8 2 8 3 8 4 8 5 8 6 9 1 9 2 9 3 9 4 9 5 9 6 10 1 10 2 10 3 10 4 10 5 10 6
q 44 7 3 7 4 7 5 7 6 7 7 7 8 7 9 7 10 7 11 7 12 7 13 8 3 8 4 8 5 8 6 8 7 8 8 8 9 8 10 8 11 8 12 8 13 9 3 9 4 9 5 9 6 9 7 9 8 9 9 9 10 9 11 9 12 9 13 10 3 10 4 10 5 10 6 10 7 10 8 10 9 10 10 10 11 10 12 10 13
q 48 1 7 1 8 1 9 2 7 2 8 2 9 3 7 3 8 3 9 4 7 4 8 4 9 5 7 5 8 5 9 6 7 6 8 6 9 7 7 7 8 7 9 8 7 8 8 8 9 9 7 9 8 9 9 10 7 10 8 10 9 11 7 11 8 11 9 12 7 12 8 12 9 13 7 13 8 13 9 14 7 14 8 14 9 15 7 15 8 15 9 16 7 16 8 16 9
q 50 7 8 7 9 7 10 7 11 7 12 8 8 8 9 8 10 8 11 8 12 9 8 9 9 9 10 9 11 9 12 10 8 10 9 10 10 10 11 10 12 11 8 11 9 11 10 11 11 11 12 12 8 12 9 12 10 12 11 12 12 13 8 13 9 13 10 13 11 13 12 14 8 14 9 14 10 14 11 14 12 15 8 15 9 15 10 15 11 15 12 16 8 16 9 16 10 16 11 16 12
q 34 1 13 1 14 2 13 2 14 3 13 3 14 4 13 4 14 5 13 5 14 6 13 6 14 7 13 7 14 8 13 8 14 9 13 9 14 10 13 10 14 11 13 11 14 12 13 12 14 13 13 13 14 14 13 14 14 15 13 15 14 16 13 16 14 17 13 17 14
q 57 3 0 3 1 3 2 3 3 3 4 3 5 3 6 3 7 3 8 3 9 3 10 3 11 3 12 3 13 3 14 3 15 3 16 3 17 3 18 4 0 4 1 4 2 4 3 4 4 4 5 4 6 4 7 4 8 4 9 4 10 4 11 4 12 4 13 4 14 4 15 4 16 4 17 4 18 5 0 5 1 5 2 5 3 5 4 5 5 5 6 5 7 5 8 5 9 5 10 5 11 5 12 5 13 5 14 5 15 5 16 5 17 5 18
q 40 3 2 3 3 3 4 3 5 3 6 3 7 3 8 3 9 3 10 3 11 4 2 4 3 4 4 4 5 4 6 4 7 4 8 4 9 4 10 4 11 5 2 5 3 5 4 5 5 5 6 5 7 5 8 5 9 5 10 5 11 6 2 6 3 6 4 6 5 6 6 6 7 6 8 6 9 6 10 6 11
q 30 0 5 0 6 0 7 0 8 0 9 1 5 1 6 1 7 1 8 1 9 2 5 2 6 2 7 2 8 2 9 3 5 3 6 3 7 3 8 3 9 4 5 4 6 4 7 4 8 4 9 5 5 5 6 5 7 5 8 5 9
q 60 11 4 11 5 11 6 11 7 11 8 11 9 11 10 11 11 11 12 11 13 11 14 11 15 12 4 12 5 12 6 12 7 12 8 12 9 12 10 12 11 12 12 12 13 12 14 12 15 13 4 13 5 13 6 13 7 13 8 13 9 13 10 13 11 13 12 13 13 13 14 13 15 14 4 14 5 14 6 14 7 14 8 14 9 14 10 14 11 14 12 14 13 14 14 14 15 15 4 15 5 15 6 15 7 15 8 15 9 15 10 15 11 15 12 15 13 15 14 15 15
q 64 0 10 0 11 0 12 0 13 1 10 1 11 1 12 1 13 2 10 2 11 2 12 2 13 3 10 3 11 3 12 3 13 4 10 4 11 4 12 4 13 5 10 5 11 5 12 5 13 6 10 6 11 6 12 6 13 7 10 7 11 7 12 7 13 8 10 8 11 8 12 8 13 9 10 9 11 9 12 9 13 10 10 10 11 10 12 10 13 11 10 11 11 11 12 11 13 12 10 12 11 12 12 12 13 13 10 13 11 13 12 13 13 14 10 14 11 14 12 14 13 15 10 15 11 15 12 15 13
q 54 10 7 10 8 10 9 10 10 10 11 10 12 10 13 10 14 10 15 11 7 11 8 11 9 11 10 11 11 11 12 11 13 11 14 11 15 12 7 12 8 12 9 12 10 12 11 12 12 12 13 12 14 12 15 13 7 13 8 13 9 13 10 13 11 13 12 13 13 13 14 13 15 14 7 14 8 14 9 14 10 14 11 14 12 14 13 14 14 14 15 15 7 15 8 15 9 15 10 15 11 15 12 15 13 15 14 15 15
q 57 0 7 0 8 0 9 1 7 1 8 1 9 2 7 2 8 2 9 3 7 3 8 3 9 4 7 4 8 4 9 5 7 5 8 5 9 6 7 6 8 6 9 7 7 7 8 7 9 8 7 8 8 8 9 9 7 9 8 9 9 10 7 10 8 10 9 11 7 11 8 11 9 12 7 12 8 12 9 13 7 13 8 13 9 14 7 14 8 14 9 15 7 15 8 15 9 16 7 16 8 16 9 17 7 17 8 17 9 18 7 18 8 18 9
q 32 6 7 6 8 6 9 6 10 7 7 7 8 7 9 7 10 8 7 8 8 8 9 8 10 9 7 9 8 9 9 9 10 10 7 10 8 10 9 10 10 11 7 11 8 11 9 11 10 12 7 12 8 12 9 12 10 13 7 13 8 13 9 13 10
q 30 10 2 10 3 10 4 10 5 10 6 10 7 10 8 10 9 10 10 10 11 10 12 10 13 10 14 10 15 10 16 11 2 11 3 11 4 11 5 11 6 11 7 11 8 11 9 11 10 11 11 11 12 11 13 11 14 11 15 11 16
q 26 0 12 0 13 1 12 1 13 2 12 2 13 3 12 3 13 4 12 4 13 5 12 5 13 6 12 6 13 7 12 7 13 8 12 8 13 9 12 9 13 10 12 10 13 11 12 11 13 12 12 12 13
q 57 0 0 0 1 0 2 1 0 1 1 1 2 2 0 2 1 2 2 3 0 3 1 3 2 4 0 4 1 4 2 5 0 5 1 5 2 6 0 6 1 6 2 7 0 7 1 7 2 8 0 8 1 8 2 9 0 9 1 9 2 10 0 10 1 10 2 11 0 11 1 11 2 12 0 12 1 12 2 13 0 13 1 13 2 14 0 14 1 14 2 15 0 15 1 15 2 16 0 16 1 16 2 17 0 17 1 17 2 18 0 18 1 18 2
q 49 11 8 11 9 11 10 11 11 11 12 11 13 11 14 12 8 12 9 12 10 12 11 12 12 12 13 12 14 13 8 13 9 13 10 13 11 13 12 13 13 13 14 14 8 14 9 14 10 14 11 14 12 14 13 14 14 15 8 15 9 15 10 15 11 15 12 15 13 15 14 16 8 16 9 16 10 16 11 16 12 16 13 16 14 17 8 17 9 17 10 17 11 17 12 17 13 17 14
q 40 3 7 3 8 3 9 3 10 3 11 3 12 3 13 3 14 4 7 4 8 4 9 4 10 4 11 4 12 4 13 4 14 5 7 5 8 5 9 5 10 5 11 5 12 5 13 5 14 6 7 6 8 6 9 6 10 6 11 6 12 6 13 6 14 7 7 7 8 7 9 7 10 7 11 7 12 7 13 7 14
q 26 10 6 10 7 10 8 10 9 10 10 10 11 10 12 10 13 10 14 10 15 10 16 10 17 10 18 11 6 11 7 11 8 11 9 11 10 11 11 11 12 11 13 11 14 11 15 11 16 11 17 11 18
q 42 2 10 2 11 2 12 3 10 3 11 3 12 4 10 4 11 4 12 5 10 5 11 5 12 6 10 6 11 6 12 7 10 7 11 7 12 8 10 8 11 8 12 9 10 9 11 9 12 10 10 10 11 10 12 11 10 11 11 11 12 12 10 12 11 12 12 13 10 13 11 13 12 14 10 14 11 14 12 15 10 15 11 15 12
q 36 0 6 0 7 1 6 1 7 2 6 2 7 3 6 3 7 4 6 4 7 5 6 5 7 6 6 6 7 7 6 7 7 8 6 8 7 9 6 9 7 10 6 10 7 11 6 11 7 12 6 12 7 13 6 13 7 14 6 14 7 15 6 15 7 16 6 16 7 17 6 17 7
q 44 11 6 11 7 11 8 11 9 11 10 11 11 11 12 11 13 11 14 11 15 11 16 12 6 12 7 12 8 12 9 12 10 12 11 12 12 12 13 12 14 12 15 12 16 13 6 13 7 13 8 13 9 13 10 13 11 13 12 13 13 13 14 13 15 13 16 14 6 14 7 14 8 14 9 14 10 14 11 14 12 14 13 14 14 14 15 14 16
q 57 14 0 14 1 14 2 14 3 14 4 14 5 14 6 14 7 14 8 14 9 14 10 14 11 14 12 14 13 14 14 14 15 14 16 14 17 14 18 15 0 15 1 15 2 15 3 15 4 15 5 15 6 15 7 15 8 15 9 15 10 15 11 15 12 15 13 15 14 15 15 15 16 15 17 15 18 16 0 16 1 16 2 16 3 16 4 16 5 16 6 16 7 16 8 16 9 16 10 16 11 16 12 16 13 16 14 16 15 16 16 16 17 16 18
q 26 17 2 17 3 17 4 17 5 17 6 17 7 17 8 17 9 17 10 17 11 17 12 17 13 17 14 18 2 18 3 18 4 18 5 18 6 18 7 18 8 18 9 18 10 18 11 18 12 18 13 18 14
q 39 0 16 0 17 0 18 1 16 1 17 1 18 2 16 2 17 2 18 3 16 3 17 3 18 4 16 4 17 4 18 5 16 5 17 5 18 6 16 6 17 6 18 7 16 7 17 7 18 8 16 8 17 8 18 9 16 9 17 9 18 10 16 10 17 10 18 11 16 11 17 11 18 12 16 12 17 12 18
q 38 0 13 0 14 1 13 1 14 2 13 2 14 3 13 3 14 4 13 4 14 5 13 5 14 6 13 6 14 7 13 7 14 8 13 8 14 9 13 9 14 10 13 10 14 11 13 11 14 12 13 12 14 13 13 13 14 14 13 14 14 15 13 15 14 16 13 16 14 17 13 17 14 18 13 18 14
q 36 0 2 0 3 0 4 0 5 0 6 0 7 1 2 1 3 1 4 1 5 1 6 1 7 2 2 2 3 2 4 2 5 2 6 2 7 3 2 3 3 3 4 3 5 3 6 3 7 4 2 4 3 4 4 4 5 4 6 4 7 5 2 5 3 5 4 5 5 5 6 5 7
q 32 5 2 5 3 5 4 5 5 5 6 5 7 5 8 5 9 5 10 5 11 5 12 5 13 5 14 5 15 5 16 5 17 6 2 6 3 6 4 6 5 6 6 6 7 6 8 6 9 6 10 6 11 6 12 6 13 6 14 6 15 6 16 6 17
q 63 9 7 9 8 9 9 9 10 9 11 9 12 9 13 9 14 9 15 10 7 10 8 10 9 10 10 10 11 10 12 10 13 10 14 10 15 11 7 11 8 11 9 11 10 11 11 11 12 11 13 11 14 11 15 12 7 12 8 12 9 12 10 12 11 12 12 12 13 12 14 12 15 13 7 13 8 13 9 13 10 13 11 13 12 13 13 13 14 13 15 14 7 14 8 14 9 14 10 14 11 14 12 14 13 14 14 14 15 15 7 15 8 15 9 15 10 15 11 15 12 15 13 15 14 15 15
q 38 0 6 0 7 1 6 1 7 2 6 2 7 3 6 3 7 4 6 4 7 5 6 5 7 6 6 6 7 7 6 7 7 8 6 8 7 9 6 9 7 10 6 10 7 11 6 11 7 12 6 12 7 13 6 13 7 14 6 14 7 15 6 15 7 16 6 16 7 17 6 17 7 18 6 18 7
q 50 5 7 5 8 5 9 5 10 5 11 6 7 6 8 6 9 6 10 6 11 7 7 7 8 7 9 7 10 7 11 8 7 8 8 8 9 8 10 8 11 9 7 9 8 9 9 9 10 9 11 10 7 10 8 10 9 10 10 10 11 11 7 11 8 11 9 11 10 11 11 12 7 12 8 12 9 12 10 12 11 13 7 13 8 13 9 13 10 13 11 14 7 14 8 14 9 14 10 14 11
q 60 6 3 6 4 6 5 6 6 6 7 6 8 6 9 6 10 6 11 6 12 7 3 7 4 7 5 7 6 7 7 7 8 7 9 7 10 7 11 7 12 8 3 8 4 8 5 8 6 8 7 8 8 8 9 8 10 8 11 8 12 9 3 9 4 9 5 9 6 9 7 9 8 9 9 9 10 9 11 9 12 10 3 10 4 10 5 10 6 10 7 10 8 10 9 10 10 10 11 10 12 11 3 11 4 11 5 11 6 11 7 11 8 11 9 11 10 11 11 11 12
q 55 0 0 0 1 0 2 0 3 0 4 1 0 1 1 1 2 1 3 1 4 2 0 2 1 2 2 2 3 2 4 3 0 3 1 3 2 3 3 3 4 4 0 4 1 4 2 4 3 4 4 5 0 5 1 5 2 5 3 5 4 6 0 6 1 6 2 6 3 6 4 7 0 7 1 7 2 7 3 7 4 8 0 8 1 8 2 8 3 8 4 9 0 9 1 9 2 9 3 9 4 10 0 10 1 10 2 10 3 10 4
q 30 2 1 2 2 2 3 2 4 2 5 2 6 3 1 3 2 3 3 3 4 3 5 3 6 4 1 4 2 4 3 4 4 4 5 4 6 5 1 5 2 5 3 5 4 5 5 5 6 6 1 6 2 6 3 6 4 6 5 6 6
q 28 13 5 13 6 13 7 13 8 13 9 13 10 13 11 13 12 13 13 13 14 13 15 13 16 13 17 13 18 14 5 14 6 14 7 14 8 14 9 14 10 14 11 14 12 14 13 14 14 14 15 14 16 14 17 14 18
q 42 9 2 9 3 9 4 9 5 9 6 9 7 9 8 9 9 9 10 9 11 9 12 9 13 9 14 9 15 10 2 10 3 10 4 10 5 10 6 10 7 10 8 10 9 10 10 10 11 10 12 10 13 10 14 10 15 11 2 11 3 11 4 11 5 11 6 11 7 11 8 11 9 11 10 11 11 11 12 11 13 11 14 11 15
q 48 5 8 5 9 5 10 5 11 5 12 5 13 6 8 6 9 6 10 6 11 6 12 6 13 7 8 7 9 7 10 7 11 7 12 7 13 8 8 8 9 8 10 8 11 8 12 8 13 9 8 9 9 9 10 9 11 9 12 9 13 10 8 10 9 10 10 10 11 10 12 10 13 11 8 11 9 11 10 11 11 11 12 11 13 12 8 12 9 12 10 12 11 12 12 12 13
q 63 11 6 11 7 11 8 11 9 11 10 11 11 11 12 11 13 11 14 12 6 12 7 12 8 12 9 12 10 12 11 12 12 12 13 12 14 13 6 13 7 13 8 13 9 13 10 13 11 13 12 13 13 13 14 14 6 14 7 14 8 14 9 14 10 14 11 14 12 14 13 14 14 15 6 15 7 15 8 15 9 15 10 15 11 15 12 15 13 15 14 16 6 16 7 16 8 16 9 16 10 16 11 16 12 16 13 16 14 17 6 17 7 17 8 17 9 17 10 17 11 17 12 17 13 17 14
q 48 2 10 2 11 2 12 2 13 3 10 3 11 3 12 3 13 4 10 4 11 4 12 4 13 5 10 5 11 5 12 5 13 6 10 6 11 6 12 6 13 7 10 7 11 7 12 7 13 8 10 8 11 8 12 8 13 9 10 9 11 9 12 9 13 10 10 10 11 10 12 10 13 11 10 11 11 11 12 11 13 12 10 12 11 12 12 12 13 13 10 13 11 13 12 13 13
q 54 0 0 0 1 0 2 0 3 0 4 0 5 0 6 0 7 0 8 0 9 0 10 0 11 0 12 0 13 0 14 0 15 0 16 0 17 1 0 1 1 1 2 1 3 1 4 1 5 1 6 1 7 1 8 1 9 1 10 1 11 1 12 1 13 1 14 1 15 1 16 1 17 2 0 2 1 2 2 2 3 2 4 2 5 2 6 2 7 2 8 2 9 2 10 2 11 2 12 2 13 2 14 2 15 2 16 2 17
q 28 12 14 12 15 12 16 12 17 13 14 13 15 13 16 13 17 14 14 14 15 14 16 14 17 15 14 15 15 15 16 15 17 16 14 16 15 16 16 16 17 17 14 17 15 17 16 17 17 18 14 18 15 18 16 18 17
q 28 9 3 9 4 9 5 9 6 9 7 9 8 9 9 10 3 10 4 10 5 10 6 10 7 10 8 10 9 11 3 11 4 11 5 11 6 11 7 11 8 11 9 12 3 12 4 12 5 12 6 12 7 12 8 12 9
q 48 0 0 0 1 0 2 1 0 1 1 1 2 2 0 2 1 2 2 3 0 3 1 3 2 4 0 4 1 4 2 5 0 5 1 5 2 6 0 6 1 6 2 7 0 7 1 7 2 8 0 8 1 8 2 9 0 9 1 9 2 10 0 10 1 10 2 11 0 11 1 11 2 12 0 12 1 12 2 13 0 13 1 13 2 14 0 14 1 14 2 15 0 15 1 15 2
q 28 7 1 7 2 7 3 7 4 8 1 8 2 8 3 8 4 9 1 9 2 9 3 9 4 10 1 10 2 10 3 10 4 11 1 11 2 11 3 11 4 12 1 12 2 12 3 12 4 13 1 13 2 13 3 13 4
q 60 4 5 4 6 4 7 4 8 4 9 4 10 5 5 5 6 5 7 5 8 5 9 5 10 6 5 6 6 6 7 6 8 6 9 6 10 7 5 7 6 7 7 7 8 7 9 7 10 8 5 8 6 8 7 8 8 8 9 8 10 9 5 9 6 9 7 9 8 9 9 9 10 10 5 10 6 10 7 10 8 10 9 10 10 11 5 11 6 11 7 11 8 11 9 11 10 12 5 12 6 12 7 12 8 12 9 12 10 13 5 13 6 13 7 13 8 13 9 13 10
q 60 3 7 3 8 3 9 3 10 3 11 4 7 4 8 4 9 4 10 4 11 5 7 5 8 5 9 5 10 5 11 6 7 6 8 6 9 6 10 6 11 7 7 7 8 7 9 7 10 7 11 8 7 8 8 8 9 8 10 8 11 9 7 9 8 9 9 9 10 9 11 10 7 10 8 10 9 10 10 10 11 11 7 11 8 11 9 11 10 11 11 12 7 12 8 12 9 12 10 12 11 13 7 13 8 13 9 13 10 13 11 14 7 14 8 14 9 14 10 14 11
q 51 2 5 2 6 2 7 3 5 3 6 3 7 4 5 4 6 4 7 5 5 5 6 5 7 6 5 6 6 6 7 7 5 7 6 7 7 8 5 8 6 8 7 9 5 9 6 9 7 10 5 10 6 10 7 11 5 11 6 11 7 12 5 12 6 12 7 13 5 13 6 13 7 14 5 14 6 14 7 15 5 15 6 15 7 16 5 16 6 16 7 17 5 17 6 17 7 18 5 18 6 18 7
q 28 1 1 1 2 1 3 1 4 1 5 1 6 1 7 1 8 1 9 1 10 1 11 1 12 1 13 1 14 2 1 2 2 2 3 2 4 2 5 2 6 2 7 2 8 2 9 2 10 2 11 2 12 2 13 2 14
q 48 10 8 10 9 10 10 10 11 10 12 10 13 10 14 10 15 11 8 11 9 11 10 11 11 11 12 11 13 11 14 11 15 12 8 12 9 12 10 12 11 12 12 12 13 12 14 12 15 13 8 13 9 13 10 13 11 13 12 13 13 13 14 13 15 14 8 14 9 14 10 14 11 14 12 14 13 14 14 14 15 15 8 15 9 15 10 15 11 15 12 15 13 15 14 15 15
q 44 5 1 5 2 5 3 5 4 6 1 6 2 6 3 6 4 7 1 7 2 7 3 7 4 8 1 8 2 8 3 8 4 9 1 9 2 9 3 9 4 10 1 10 2 10 3 10 4 11 1 11 2 11 3 11 4 12 1 12 2 12 3 12 4 13 1 13 2 13 3 13 4 14 1 14 2 14 3 14 4 15 1 15 2 15 3 15 4
q 30 11 6 11 7 11 8 11 9 11 10 11 11 11 12 11 13 11 14 11 15 12 6 12 7 12 8 12 9 12 10 12 11 12 12 12 13 12 14 12 15 13 6 13 7 13 8 13 9 13 10 13 11 13 12 13 13 13 14 13 15
q 36 3 0 3 1 3 2 3 3 3 4 3 5 3 6 3 7 3 8 3 9 3 10 3 11 3 12 3 13 3 14 3 15 3 16 3 17 4 0 4 1 4 2 4 3 4 4 4 5 4 6 4 7 4 8 4 9 4 10 4 11 4 12 4 13 4 14 4 15 4 16 4 17
q 63 4 2 4 3 4 4 4 5 4 6 4 7 4 8 5 2 5 3 5 4 5 5 5 6 5 7 5 8 6 2 6 3 6 4 6 5 6 6 6 7 6 8 7 2 7 3 7 4 7 5 7 6 7 7 7 8 8 2 8 3 8 4 8 5 8 6 8 7 8 8 9 2 9 3 9 4 9 5 9 6 9 7 9 8 10 2 10 3 10 4 10 5 10 6 10 7 10 8 11 2 11 3 11 4 11 5 11 6 11 7 11 8 12 2 12 3 12 4 12 5 12 6 12 7 12 8
q 45 1 15 1 16 1 17 2 15 2 16 2 17 3 15 3 16 3 17 4 15 4 16 4 17 5 15 5 16 5 17 6 15 6 16 6 17 7 15 7 16 7 17 8 15 8 16 8 17 9 15 9 16 9 17 10 15 10 16 10 17 11 15 11 16 11 17 12 15 12 16 12 17 13 15 13 16 13 17 14 15 14 16 14 17 15 15 15 16 15 17
q 51 8 2 8 3 8 4 8 5 8 6 8 7 8 8 8 9 8 10 8 11 8 12 8 13 8 14 8 15 8 16 8 17 8 18 9 2 9 3 9 4 9 5 9 6 9 7 9 8 9 9 9 10 9 11 9 12 9 13 9 14 9 15 9 16 9 17 9 18 10 2 10 3 10 4 10 5 10 6 10 7 10 8 10 9 10 10 10 11 10 12 10 13 10 14 10 15 10 16 10 17 10 18
q 45 0 4 0 5 0 6 0 7 0 8 0 9 0 10 0 11 0 12 0 13 0 14 0 15 0 16 0 17 0 18 1 4 1 5 1 6 1 7 1 8 1 9 1 10 1 11 1 12 1 13 1 14 1 15 1 16 1 17 1 18 2 4 2 5 2 6 2 7 2 8 2 9 2 10 2 11 2 12 2 13 2 14 2 15 2 16 2 17 2 18
q 48 11 12 11 13 11 14 11 15 11 16 11 17 12 12 12 13 12 14 12 15 12 16 12 17 13 12 13 13 13 14 13 15 13 16 13 17 14 12 14 13 14 14 14 15 14 16 14 17 15 12 15 13 15 14 15 15 15 16 15 17 16 12 16 13 16 14 16 15 16 16 16 17 17 12 17 13 17 14 17 15 17 16 17 17 18 12 18 13 18 14 18 15 18 16 18 17
q 36 7 2 7 3 7 4 8 2 8 3 8 4 9 2 9 3 9 4 10 2 10 3 10 4 11 2 11 3 11 4 12 2 12 3 12 4 13 2 13 3 13 4 14 2 14 3 14 4 15 2 15 3 15 4 16 2 16 3 16 4 17 2 17 3 17 4 18 2 18 3 18 4
q 60 3 0 3 1 3 2 3 3 3 4 3 5 4 0 4 1 4 2 4 3 4 4 4 5 5 0 5 1 5 2 5 3 5 4 5 5 6 0 6 1 6 2 6 3 6 4 6 5 7 0 7 1 7 2 7 3 7 4 7 5 8 0 8 1 8 2 8 3 8 4 8 5 9 0 9 1 9 2 9 3 9 4 9 5 10 0 10 1 10 2 10 3 10 4 10 5 11 0 11 1 11 2 11 3 11 4 11 5 12 0 12 1 12 2 12 3 12 4 12 5
q 30 11 13 11 14 11 15 11 16 11 17 12 13 12 14 12 15 12 16 12 17 13 13 13 14 13 15 13 16 13 17 14 13 14 14 14 15 14 16 14 17 15 13 15 14 15 15 15 16 15 17 16 13 16 14 16 15 16 16 16 17
q 40 9 8 9 9 9 10 9 11 9 12 10 8 10 9 10 10 10 11 10 12 11 8 11 9 11 10 11 11 11 12 12 8 12 9 12 10 12 11 12 12 13 8 13 9 13 10 13 11 13 12 14 8 14 9 14 10 14 11 14 12 15 8 15 9 15 10 15 11 15 12 16 8 16 9 16 10 16 11 16 12
q 40 7 9 7 10 7 11 7 12 8 9 8 10 8 11 8 12 9 9 9 10 9 11 9 12 10 9 10 10 10 11 10 12 11 9 11 10 11 11 11 12 12 9 12 10 12 11 12 12 13 9 13 10 13 11 13 12 14 9 14 10 14 11 14 12 15 9 15 10 15 11 15 12 16 9 16 10 16 11 16 12
q 44 13 6 13 7 13 8 13 9 13 10 13 11 13 12 13 13 13 14 13 15 13 16 14 6 14 7 14 8 14 9 14 10 14 11 14 12 14 13 14 14 14 15 14 16 15 6 15 7 15 8 15 9 15 10 15 11 15 12 15 13 15 14 15 15 15 16 16 6 16 7 16 8 16 9 16 10 16 11 16 12 16 13 16 14 16 15 16 16
q 40 10 6 10 7 10 8 10 9 10 10 10 11 10 12 10 13 11 6 11 7 11 8 11 9 11 10 11 11 11 12 11 13 12 6 12 7 12 8 12 9 12 10 12 11 12 12 12 13 13 6 13 7 13 8 13 9 13 10 13 11 13 12 13 13 14 6 14 7 14 8 14 9 14 10 14 11 14 12 14 13
q 55 6 6 6 7 6 8 6 9 6 10 7 6 7 7 7 8 7 9 7 10 8 6 8 7 8 8 8 9 8 10 9 6 9 7 9 8 9 9 9 10 10 6 10 7 10 8 10 9 10 10 11 6 11 7 11 8 11 9 11 10 12 6 12 7 12 8 12 9 12 10 13 6 13 7 13 8 13 9 13 10 14 6 14 7 14 8 14 9 14 10 15 6 15 7 15 8 15 9 15 10 16 6 16 7 16 8 16 9 16 10
q 60 0 9 0 10 0 11 0 12 0 13 0 14 0 15 0 16 0 17 0 18 1 9 1 10 1 11 1 12 1 13 1 14 1 15 1 16 1 17 1 18 2 9 2 10 2 11 2 12 2 13 2 14 2 15 2 16 2 17 2 18 3 9 3 10 3 11 3 12 3 13 3 14 3 15 3 16 3 17 3 18 4 9 4 10 4 11 4 12 4 13 4 14 4 15 4 16 4 17 4 18 5 9 5 10 5 11 5 12 5 13 5 14 5 15 5 16 5 17 5 18
q 34 0 11 0 12 1 11 1 12 2 11 2 12 3 11 3 12 4 11 4 12 5 11 5 12 6 11 6 12 7 11 7 12 8 11 8 12 9 11 9 12 10 11 10 12 11 11 11 12 12 11 12 12 13 11 13 12 14 11 14 12 15 11 15 12 16 11 16 12
q 60 7 1 7 2 7 3 7 4 7 5 7 6 7 7 7 8 7 9 7 10 7 11 7 12 7 13 7 14 7 15 8 1 8 2 8 3 8 4 8 5 8 6 8 7 8 8 8 9 8 10 8 11 8 12 8 13 8 14 8 15 9 1 9 2 9 3 9 4 9 5 9 6 9 7 9 8 9 9 9 10 9 11 9 12 9 13 9 14 9 15 10 1 10 2 10 3 10 4 10 5 10 6 10 7 10 8 10 9 10 10 10 11 10 12 10 13 10 14 10 15
q 50 4 6 4 7 4 8 4 9 4 10 4 11 4 12 4 13 4 14 4 15 5 6 5 7 5 8 5 9 5 10 5 11 5 12 5 13 5 14 5 15 6 6 6 7 6 8 6 9 6 10 6 11 6 12 6 13 6 14 6 15 7 6 7 7 7 8 7 9 7 10 7 11 7 12 7 13 7 14 7 15 8 6 8 7 8 8 8 9 8 10 8 11 8 12 8 13 8 14 8 15
q 32 2 1 2 2 3 1 3 2 4 1 4 2 5 1 5 2 6 1 6 2 7 1 7 2 8 1 8 2 9 1 9 2 10 1 10 2 11 1 11 2 12 1 12 2 13 1 13 2 14 1 14 2 15 1 15 2 16 1 16 2 17 1 17 2
q 57 14 0 14 1 14 2 14 3 14 4 14 5 14 6 14 7 14 8 14 9 14 10 14 11 14 12 14 13 14 14 14 15 14 16 14 17 14 18 15 0 15 1 15 2 15 3 15 4 15 5 15 6 15 7 15 8 15 9 15 10 15 11 15 12 15 13 15 14 15 15 15 16 15 17 15 18 16 0 16 1 16 2 16 3 16 4 16 5 16 6 16 7 16 8 16 9 16 10 16 11 16 12 16 13 16 14 16 15 16 16 16 17 16 18
q 48 2 3 2 4 2 5 2 6 3 3 3 4 3 5 3 6 4 3 4 4 4 5 4 6 5 3 5 4 5 5 5 6 6 3 6 4 6 5 6 6 7 3 7 4 7 5 7 6 8 3 8 4 8 5 8 6 9 3 9 4 9 5 9 6 10 3 10 4 10 5 10 6 11 3 11 4 11 5 11 6 12 3 12 4 12 5 12 6 13 3 13 4 13 5 13 6
q 48 6 2 6 3 6 4 6 5 6 6 6 7 6 8 6 9 7 2 7 3 7 4 7 5 7 6 7 7 7 8 7 9 8 2 8 3 8 4 8 5 8 6 8 7 8 8 8 9 9 2 9 3 9 4 9 5 9 6 9 7 9 8 9 9 10 2 10 3 10 4 10 5 10 6 10 7 10 8 10 9 11 2 11 3 11 4 11 5 11 6 11 7 11 8 11 9
q 64 10 9 10 10 10 11 10 12 10 13 10 14 10 15 10 16 11 9 11 10 11 11 11 12 11 13 11 14 11 15 11 16 12 9 12 10 12 11 12 12 12 13 12 14 12 15 12 16 13 9 13 10 13 11 13 12 13 13 13 14 13 15 13 16 14 9 14 10 14 11 14 12 14 13 14 14 14 15 14 16 15 9 15 10 15 11 15 12 15 13 15 14 15 15 15 16 16 9 16 10 16 11 16 12 16 13 16 14 16 15 16 16 17 9 17 10 17 11 17 12 17 13 17 14 17 15 17 16
q 32 16 0 16 1 16 2 16 3 16 4 16 5 16 6 16 7 16 8 16 9 16 10 16 11 16 12 16 13 16 14 16 15 17 0 17 1 17 2 17 3 17 4 17 5 17 6 17 7 17 8 17 9 17 10 17 11 17 12 17 13 17 14 17 15
q 33 8 16 8 17 8 18 9 16 9 17 9 18 10 16 10 17 10 18 11 16 11 17 11 18 12 16 12 17 12 18 13 16 13 17 13 18 14 16 14 17 14 18 15 16 15 17 15 18 16 16 16 17 16 18 17 16 17 17 17 18 18 16 18 17 18 18
q 48 2 3 2 4 2 5 2 6 2 7 2 8 2 9 2 10 2 11 2 12 2 13 2 14 2 15 2 16 2 17 2 18 3 3 3 4 3 5 3 6 3 7 3 8 3 9 3 10 3 11 3 12 3 13 3 14 3 15 3 16 3 17 3 18 4 3 4 4 4 5 4 6 4 7 4 8 4 9 4 10 4 11 4 12 4 13 4 14 4 15 4 16 4 17 4 18
q 51 4 1 4 2 4 3 4 4 4 5 4 6 4 7 4 8 4 9 4 10 4 11 4 12 4 13 4 14 4 15 4 16 4 17 5 1 5 2 5 3 5 4 5 5 5 6 5 7 5 8 5 9 5 10 5 11 5 12 5 13 5 14 5 15 5 16 5 17 6 1 6 2 6 3 6 4 6 5 6 6 6 7 6 8 6 9 6 10 6 11 6 12 6 13 6 14 6 15 6 16 6 17
q 51 2 0 2 1 2 2 3 0 3 1 3 2 4 0 4 1 4 2 5 0 5 1 5 2 6 0 6 1 6 2 7 0 7 1 7 2 8 0 8 1 8 2 9 0 9 1 9 2 10 0 10 1 10 2 11 0 11 1 11 2 12 0 12 1 12 2 13 0 13 1 13 2 14 0 14 1 14 2 15 0 15 1 15 2 16 0 16 1 16 2 17 0 17 1 17 2 18 0 18 1 18 2
q 56 0 2 0 3 0 4 0 5 1 2 1 3 1 4 1 5 2 2 2 3 2 4 2 5 3 2 3 3 3 4 3 5 4 2 4 3 4 4 4 5 5 2 5 3 5 4 5 5 6 2 6 3 6 4 6 5 7 2 7 3 7 4 7 5 8 2 8 3 8 4 8 5 9 2 9 3 9 4 9 5 10 2 10 3 10 4 10 5 11 2 11 3 11 4 11 5 12 2 12 3 12 4 12 5 13 2 13 3 13 4 13 5
q 40 5 1 5 2 5 3 5 4 6 1 6 2 6 3 6 4 7 1 7 2 7 3 7 4 8 1 8 2 8 3 8 4 9 1 9 2 9 3 9 4 10 1 10 2 10 3 10 4 11 1 11 2 11 3 11 4 12 1 12 2 12 3 12 4 13 1 13 2 13 3 13 4 14 1 14 2 14 3 14 4
q 57 0 12 0 13 0 14 1 12 1 13 1 14 2 12 2 13 2 14 3 12 3 13 3 14 4 12 4 13 4 14 5 12 5 13 5 14 6 12 6 13 6 14 7 12 7 13 7 14 8 12 8 13 8 14 9 12 9 13 9 14 10 12 10 13 10 14 11 12 11 13 11 14 12 12 12 13 12 14 13 12 13 13 13 14 14 12 14 13 14 14 15 12 15 13 15 14 16 12 16 13 16 14 17 12 17 13 17 14 18 12 18 13 18 14
q 60 14 0 14 1 14 2 14 3 14 4 14 5 14 6 14 7 14 8 14 9 14 10 14 11 15 0 15 1 15 2 15 3 15 4 15 5 15 6 15 7 15 8 15 9 15 10 15 11 16 0 16 1 16 2 16 3 16 4 16 5 16 6 16 7 16 8 16 9 16 10 16 11 17 0 17 1 17 2 17 3 17 4 17 5 17 6 17 7 17 8 17 9 17 10 17 11 18 0 18 1 18 2 18 3 18 4 18 5 18 6 18 7 18 8 18 9 18 10 18 11
q 30 8 0 8 1 8 2 9 0 9 1 9 2 10 0 10 1 10 2 11 0 11 1 11 2 12 0 12 1 12 2 13 0 13 1 13 2 14 0 14 1 14 2 15 0 15 1 15 2 16 0 16 1 16 2 17 0 17 1 17 2
q 28 6 8 6 9 6 10 6 11 6 12 6 13 6 14 7 8 7 9 7 10 7 11 7 12 7 13 7 14 8 8 8 9 8 10 8 11 8 12 8 13 8 14 9 8 9 9 9 10 9 11 9 12 9 13 9 14
q 39 13 6 13 7 13 8 13 9 13 10 13 11 13 12 13 13 13 14 13 15 13 16 13 17 13 18 14 6 14 7 14 8 14 9 14 10 14 11 14 12 14 13 14 14 14 15 14 16 14 17 14 18 15 6 15 7 15 8 15 9 15 10 15 11 15 12 15 13 15 14 15 15 15 16 15 17 15 18
q 30 8 6 8 7 8 8 9 6 9 7 9 8 10 6 10 7 10 8 11 6 11 7 11 8 12 6 12 7 12 8 13 6 13 7 13 8 14 6 14 7 14 8 15 6 15 7 15 8 16 6 16 7 16 8 17 6 17 7 17 8
q 55 12 8 12 9 12 10 12 11 12 12 12 13 12 14 12 15 12 16 12 17 12 18 13 8 13 9 13 10 13 11 13 12 13 13 13 14 13 15 13 16 13 17 13 18 14 8 14 9 14 10 14 11 14 12 14 13 14 14 14 15 14 16 14 17 14 18 15 8 15 9 15 10 15 11 15 12 15 13 15 14 15 15 15 16 15 17 15 18 16 8 16 9 16 10 16 11 16 12 16 13 16 14 16 15 16 16 16 17 16 18
q 34 2 12 2 13 3 12 3 13 4 12 4 13 5 12 5 13 6 12 6 13 7 12 7 13 8 12 8 13 9 12 9 13 10 12 10 13 11 12 11 13 12 12 12 13 13 12 13 13 14 12 14 13 15 12 15 13 16 12 16 13 17 12 17 13 18 12 18 13
q 56 12 11 12 12 12 13 12 14 12 15 12 16 12 17 12 18 13 11 13 12 13 13 13 14 13 15 13 16 13 17 13 18 14 11 14 12 14 13 14 14 14 15 14 16 14 17 14 18 15 11 15 12 15 13 15 14 15 15 15 16 15 17 15 18 16 11 16 12 16 13 16 14 16 15 16 16 16 17 16 18 17 11 17 12 17 13 17 14 17 15 17 16 17 17 17 18 18 11 18 12 18 13 18 14 18 15 18 16 18 17 18 18
q 44 15 8 15 9 15 10 15 11 15 12 15 13 15 14 15 15 15 16 15 17 15 18 16 8 16 9 16 10 16 11 16 12 16 13 16 14 16 15 16 16 16 17 16 18 17 8 17 9 17 10 17 11 17 12 17 13 17 14 17 15 17 16 17 17 17 18 18 8 18 9 18 10 18 11 18 12 18 13 18 14 18 15 18 16 18 17 18 18
q 30 6 5 6 6 6 7 6 8 6 9 7 5 7 6 7 7 7 8 7 9 8 5 8 6 8 7 8 8 8 9 9 5 9 6 9 7 9 8 9 9 10 5 10 6 10 7 10 8 10 9 11 5 11 6 11 7 11 8 11 9
q 28 13 3 13 4 13 5 13 6 13 7 13 8 13 9 14 3 14 4 14 5 14 6 14 7 14 8 14 9 15 3 15 4 15 5 15 6 15 7 15 8 15 9 16 3 16 4 16 5 16 6 16 7 16 8 16 9
q 56 1 10 1 11 1 12 1 13 1 14 1 15 1 16 1 17 2 10 2 11 2 12 2 13 2 14 2 15 2 16 2 17 3 10 3 11 3 12 3 13 3 14 3 15 3 16 3 17 4 10 4 11 4 12 4 13 4 14 4 15 4 16 4 17 5 10 5 11 5 12 5 13 5 14 5 15 5 16 5 17 6 10 6 11 6 12 6 13 6 14 6 15 6 16 6 17 7 10 7 11 7 12 7 13 7 14 7 15 7 16 7 17
q 51 1 14 1 15 1 16 2 14 2 15 2 16 3 14 3 15 3 16 4 14 4 15 4 16 5 14 5 15 5 16 6 14 6 15 6 16 7 14 7 15 7 16 8 14 8 15 8 16 9 14 9 15 9 16 10 14 10 15 10 16 11 14 11 15 11 16 12 14 12 15 12 16 13 14 13 15 13 16 14 14 14 15 14 16 15 14 15 15 15 16 16 14 16 15 16 16 17 14 17 15 17 16
q 60 8 0 8 1 8 2 8 3 8 4 8 5 9 0 9 1 9 2 9 3 9 4 9 5 10 0 10 1 10 2 10 3 10 4 10 5 11 0 11 1 11 2 11 3 11 4 11 5 12 0 12 1 12 2 12 3 12 4 12 5 13 0 13 1 13 2 13 3 13 4 13 5 14 0 14 1 14 2 14 3 14 4 14 5 15 0 15 1 15 2 15 3 15 4 15 5 16 0 16 1 16 2 16 3 16 4 16 5 17 0 17 1 17 2 17 3 17 4 17 5
q 32 0 7 0 8 1 7 1 8 2 7 2 8 3 7 3 8 4 7 4 8 5 7 5 8 6 7 6 8 7 7 7 8 8 7 8 8 9 7 9 8 10 7 10 8 11 7 11 8 12 7 12 8 13 7 13 8 14 7 14 8 15 7 15 8
q 45 2 9 2 10 2 11 2 12 2 13 2 14 2 15 2 16 2 17 3 9 3 10 3 11 3 12 3 13 3 14 3 15 3 16 3 17 4 9 4 10 4 11 4 12 4 13 4 14 4 15 4 16 4 17 5 9 5 10 5 11 5 12 5 13 5 14 5 15 5 16 5 17 6 9 6 10 6 11 6 12 6 13 6 14 6 15 6 16 6 17
q 54 3 8 3 9 3 10 3 11 3 12 3 13 4 8 4 9 4 10 4 11 4 12 4 13 5 8 5 9 5 10 5 11 5 12 5 13 6 8 6 9 6 10 6 11 6 12 6 13 7 8 7 9 7 10 7 11 7 12 7 13 8 8 8 9 8 10 8 11 8 12 8 13 9 8 9 9 9 10 9 11 9 12 9 13 10 8 10 9 10 10 10 11 10 12 10 13 11 8 11 9 11 10 11 11 11 12 11 13
q 38 10 0 10 1 10 2 10 3 10 4 10 5 10 6 10 7 10 8 10 9 10 10 10 11 10 12 10 13 10 14 10 15 10 16 10 17 10 18 11 0 11 1 11 2 11 3 11 4 11 5 11 6 11 7 11 8 11 9 11 10 11 11 11 12 11 13 11 14 11 15 11 16 11 17 11 18
q 35 7 10 7 11 7 12 7 13 7 14 8 10 8 11 8 12 8 13 8 14 9 10 9 11 9 12 9 13 9 14 10 10 10 11 10 12 10 13 10 14 11 10 11 11 11 12 11 13 11 14 12 10 12 11 12 12 12 13 12 14 13 10 13 11 13 12 13 13 13 14
q 45 2 0 2 1 2 2 2 3 2 4 3 0 3 1 3 2 3 3 3 4 4 0 4 1 4 2 4 3 4 4 5 0 5 1 5 2 5 3 5 4 6 0 6 1 6 2 6 3 6 4 7 0 7 1 7 2 7 3 7 4 8 0 8 1 8 2 8 3 8 4 9 0 9 1 9 2 9 3 9 4 10 0 10 1 10 2 10 3 10 4
q 28 5 16 5 17 6 16 6 17 7 16 7 17 8 16 8 17 9 16 9 17 10 16 10 17 11 16 11 17 12 16 12 17 13 16 13 17 14 16 14 17 15 16 15 17 16 16 16 17 17 16 17 17 18 16 18 17
q 30 9 3 9 4 9 5 10 3 10 4 10 5 11 3 11 4 11 5 12 3 12 4 12 5 13 3 13 4 13 5 14 3 14 4 14 5 15 3 15 4 15 5 16 3 16 4 16 5 17 3 17 4 17 5 18 3 18 4 18 5
q 39 9 5 9 6 9 7 9 8 9 9 9 10 9 11 9 12 9 13 9 14 9 15 9 16 9 17 10 5 10 6 10 7 10 8 10 9 10 10 10 11 10 12 10 13 10 14 10 15 10 16 10 17 11 5 11 6 11 7 11 8 11 9 11 10 11 11 11 12 11 13 11 14 11 15 11 16 11 17
q 42 7 2 7 3 7 4 7 5 7 6 7 7 8 2 8 3 8 4 8 5 8 6 8 7 9 2 9 3 9 4 9 5 9 6 9 7 10 2 10 3 10 4 10 5 10 6 10 7 11 2 11 3 11 4 11 5 11 6 11 7 12 2 12 3 12 4 12 5 12 6 12 7 13 2 13 3 13 4 13 5 13 6 13 7
q 56 14 2 14 3 14 4 14 5 14 6 14 7 14 8 14 9 14 10 14 11 14 12 14 13 14 14 14 15 15 2 15 3 15 4 15 5 15 6 15 7 15 8 15 9 15 10 15 11 15 12 15 13 15 14 15 15 16 2 16 3 16 4 16 5 16 6 16 7 16 8 16 9 16 10 16 11 16 12 16 13 16 14 16 15 17 2 17 3 17 4 17 5 17 6 17 7 17 8 17 9 17 10 17 11 17 12 17 13 17 14 17 15
q 35 3 11 3 12 3 13 3 14 3 15 3 16 3 17 4 11 4 12 4 13 4 14 4 15 4 16 4 17 5 11 5 12 5 13 5 14 5 15 5 16 5 17 6 11 6 12 6 13 6 14 6 15 6 16 6 17 7 11 7 12 7 13 7 14 7 15 7 16 7 17
q 60 3 1 3 2 3 3 3 4 4 1 4 2 4 3 4 4 5 1 5 2 5 3 5 4 6 1 6 2 6 3 6 4 7 1 7 2 7 3 7 4 8 1 8 2 8 3 8 4 9 1 9 2 9 3 9 4 10 1 10 2 10 3 10 4 11 1 11 2 11 3 11 4 12 1 12 2 12 3 12 4 13 1 13 2 13 3 13 4 14 1 14 2 14 3 14 4 15 1 15 2 15 3 15 4 16 1 16 2 16 3 16 4 17 1 17 2 17 3 17 4
q 54 5 1 5 2 5 3 5 4 5 5 5 6 6 1 6 2 6 3 6 4 6 5 6 6 7 1 7 2 7 3 7 4 7 5 7 6 8 1 8 2 8 3 8 4 8 5 8 6 9 1 9 2 9 3 9 4 9 5 9 6 10 1 10 2 10 3 10 4 10 5 10 6 11 1 11 2 11 3 11 4 11 5 11 6 12 1 12 2 12 3 12 4 12 5 12 6 13 1 13 2 13 3 13 4 13 5 13 6
q 54 9 1 9 2 9 3 9 4 9 5 9 6 9 7 9 8 9 9 9 10 9 11 9 12 9 13 9 14 9 15 9 16 9 17 9 18 10 1 10 2 10 3 10 4 10 5 10 6 10 7 10 8 10 9 10 10 10 11 10 12 10 13 10 14 10 15 10 16 10 17 10 18 11 1 11 2 11 3 11 4 11 5 11 6 11 7 11 8 11 9 11 10 11 11 11 12 11 13 11 14 11 15 11 16 11 17 11 18
q 45 6 0 6 1 6 2 6 3 6 4 6 5 6 6 6 7 6 8 6 9 6 10 6 11 6 12 6 13 6 14 7 0 7 1 7 2 7 3 7 4 7 5 7 6 7 7 7 8 7 9 7 10 7 11 7 12 7 13 7 14 8 0 8 1 8 2 8 3 8 4 8 5 8 6 8 7 8 8 8 9 8 10 8 11 8 12 8 13 8 14
q 42 10 3 10 4 10 5 10 6 10 7 10 8 11 3 11 4 11 5 11 6 11 7 11 8 12 3 12 4 12 5 12 6 12 7 12 8 13 3 13 4 13 5 13 6 13 7 13 8 14 3 14 4 14 5 14 6 14 7 14 8 15 3 15 4 15 5 15 6 15 7 15 8 16 3 16 4 16 5 16 6 16 7 16 8
q 64 8 2 8 3 8 4 8 5 8 6 8 7 8 8 8 9 8 10 8 11 8 12 8 13 8 14 8 15 8 16 8 17 9 2 9 3 9 4 9 5 9 6 9 7 9 8 9 9 9 10 9 11 9 12 9 13 9 14 9 15 9 16 9 17 10 2 10 3 10 4 10 5 10 6 10 7 10 8 10 9 10 10 10 11 10 12 10 13 10 14 10 15 10 16 10 17 11 2 11 3 11 4 11 5 11 6 11 7 11 8 11 9 11 10 11 11 11 12 11 13 11 14 11 15 11 16 11 17
q 50 7 0 7 1 7 2 7 3 7 4 8 0 8 1 8 2 8 3 8 4 9 0 9 1 9 2 9 3 9 4 10 0 10 1 10 2 10 3 10 4 11 0 11 1 11 2 11 3 11 4 12 0 12 1 12 2 12 3 12 4 13 0 13 1 13 2 13 3 13 4 14 0 14 1 14 2 14 3 14 4 15 0 15 1 15 2 15 3 15 4 16 0 16 1 16 2 16 3 16 4
q 40 3 6 3 7 3 8 3 9 4 6 4 7 4 8 4 9 5 6 5 7 5 8 5 9 6 6 6 7 6 8 6 9 7 6 7 7 7 8 7 9 8 6 8 7 8 8 8 9 9 6 9 7 9 8 9 9 10 6 10 7 10 8 10 9 11 6 11 7 11 8 11 9 12 6 12 7 12 8 12 9
q 42 12 4 12 5 12 6 12 7 12 8 12 9 12 10 12 11 12 12 12 13 12 14 12 15 12 16 12 17 13 4 13 5 13 6 13 7 13 8 13 9 13 10 13 11 13 12 13 13 13 14 13 15 13 16 13 17 14 4 14 5 14 6 14 7 14 8 14 9 14 10 14 11 14 12 14 13 14 14 14 15 14 16 14 17
q 39 4 8 4 9 4 10 5 8 5 9 5 10 6 8 6 9 6 10 7 8 7 9 7 10 8 8 8 9 8 10 9 8 9 9 9 10 10 8 10 9 10 10 11 8 11 9 11 10 12 8 12 9 12 10 13 8 13 9 13 10 14 8 14 9 14 10 15 8 15 9 15 10 16 8 16 9 16 10
q 32 0 11 0 12 1 11 1 12 2 11 2 12 3 11 3 12 4 11 4 12 5 11 5 12 6 11 6 12 7 11 7 12 8 11 8 12 9 11 9 12 10 11 10 12 11 11 11 12 12 11 12 12 13 11 13 12 14 11 14 12 15 11 15 12
q 34 9 0 9 1 9 2 9 3 9 4 9 5 9 6 9 7 9 8 9 9 9 10 9 11 9 12 9 13 9 14 9 15 9 16 10 0 10 1 10 2 10 3 10 4 10 5 10 6 10 7 10 8 10 9 10 10 10 11 10 12 10 13 10 14 10 15 10 16
q 17 12 2 12 3 12 4 12 5 12 6 12 7 12 8 12 9 12 10 12 11 12 12 12 13 12 14 12 15 12 16 12 17 12 18
q 52 3 12 3 13 3 14 3 15 4 12 4 13 4 14 4 15 5 12 5 13 5 14 5 15 6 12 6 13 6 14 6 15 7 12 7 13 7 14 7 15 8 12 8 13 8 14 8 15 9 12 9 13 9 14 9 15 10 12 10 13 10 14 10 15 11 12 11 13 11 14 11 15 12 12 12 13 12 14 12 15 13 12 13 13 13 14 13 15 14 12 14 13 14 14 14 15 15 12 15 13 15 14 15 15
q 56 0 3 0 4 0 5 0 6 0 7 0 8 0 9 0 10 1 3 1 4 1 5 1 6 1 7 1 8 1 9 1 10 2 3 2 4 2 5 2 6 2 7 2 8 2 9 2 10 3 3 3 4 3 5 3 6 3 7 3 8 3 9 3 10 4 3 4 4 4 5 4 6 4 7 4 8 4 9 4 10 5 3 5 4 5 5 5 6 5 7 5 8 5 9 5 10 6 3 6 4 6 5 6 6 6 7 6 8 6 9 6 10
q 32 2 14 2 15 3 14 3 15 4 14 4 15 5 14 5 15 6 14 6 15 7 14 7 15 8 14 8 15 9 14 9 15 10 14 10 15 11 14 11 15 12 14 12 15 13 14 13 15 14 14 14 15 15 14 15 15 16 14 16 15 17 14 17 15
q 13 3 12 4 12 5 12 6 12 7 12 8 12 9 12 10 12 11 12 12 12 13 12 14 12 15 12
q 56 1 4 1 5 1 6 1 7 1 8 1 9 1 10 1 11 1 12 1 13 1 14 1 15 1 16 1 17 2 4 2 5 2 6 2 7 2 8 2 9 2 10 2 11 2 12 2 13 2 14 2 15 2 16 2 17 3 4 3 5 3 6 3 7 3 8 3 9 3 10 3 11 3 12 3 13 3 14 3 15 3 16 3 17 4 4 4 5 4 6 4 7 4 8 4 9 4 10 4 11 4 12 4 13 4 14 4 15 4 16 4 17
q 9 2 7 2 8 2 9 3 7 3 8 3 9 4 7 4 8 4 9
q 28 7 1 7 2 7 3 7 4 7 5 7 6 7 7 7 8 7 9 7 10 7 11 7 12 7 13 7 14 8 1 8 2 8 3 8 4 8 5 8 6 8 7 8 8 8 9 8 10 8 11 8 12 8 13 8 14
q 57 0 8 0 9 0 10 1 8 1 9 1 10 2 8 2 9 2 10 3 8 3 9 3 10 4 8 4 9 4 10 5 8 5 9 5 10 6 8 6 9 6 10 7 8 7 9 7 10 8 8 8 9 8 10 9 8 9 9 9 10 10 8 10 9 10 10 11 8 11 9 11 10 12 8 12 9 12 10 13 8 13 9 13 10 14 8 14 9 14 10 15 8 15 9 15 10 16 8 16 9 16 10 17 8 17 9 17 10 18 8 18 9 18 10
q 57 0 2 0 3 0 4 1 2 1 3 1 4 2 2 2 3 2 4 3 2 3 3 3 4 4 2 4 3 4 4 5 2 5 3 5 4 6 2 6 3 6 4 7 2 7 3 7 4 8 2 8 3 8 4 9 2 9 3 9 4 10 2 10 3 10 4 11 2 11 3 11 4 12 2 12 3 12 4 13 2 13 3 13 4 14 2 14 3 14 4 15 2 15 3 15 4 16 2 16 3 16 4 17 2 17 3 17 4 18 2 18 3 18 4
q 38 0 6 0 7 1 6 1 7 2 6 2 7 3 6 3 7 4 6 4 7 5 6 5 7 6 6 6 7 7 6 7 7 8 6 8 7 9 6 9 7 10 6 10 7 11 6 11 7 12 6 12 7 13 6 13 7 14 6 14 7 15 6 15 7 16 6 16 7 17 6 17 7 18 6 18 7
q 30 10 3 10 4 10 5 10 6 10 7 11 3 11 4 11 5 11 6 11 7 12 3 12 4 12 5 12 6 12 7 13 3 13 4 13 5 13 6 13 7 14 3 14 4 14 5 14 6 14 7 15 3 15 4 15 5 15 6 15 7
q 36 14 0 14 1 14 2 14 3 14 4 14 5 14 6 14 7 14 8 14 9 14 10 14 11 14 12 14 13 14 14 14 15 14 16 14 17 15 0 15 1 15 2 15 3 15 4 15 5 15 6 15 7 15 8 15 9 15 10 15 11 15 12 15 13 15 14 15 15 15 16 15 17
q 7 8 16 9 16 10 16 11 16 12 16 13 16 14 16
q 40 1 9 1 10 1 11 1 12 1 13 1 14 1 15 1 16 2 9 2 10 2 11 2 12 2 13 2 14 2 15 2 16 3 9 3 10 3 11 3 12 3 13 3 14 3 15 3 16 4 9 4 10 4 11 4 12 4 13 4 14 4 15 4 16 5 9 5 10 5 11 5 12 5 13 5 14 5 15 5 16
q 51 14 2 14 3 14 4 14 5 14 6 14 7 14 8 14 9 14 10 14 11 14 12 14 13 14 14 14 15 14 16 14 17 14 18 15 2 15 3 15 4 15 5 15 6 15 7 15 8 15 9 15 10 15 11 15 12 15 13 15 14 15 15 15 16 15 17 15 18 16 2 16 3 16 4 16 5 16 6 16 7 16 8 16 9 16 10 16 11 16 12 16 13 16 14 16 15 16 16 16 17 16 18
q 39 3 11 3 12 3 13 4 11 4 12 4 13 5 11 5 12 5 13 6 11 6 12 6 13 7 11 7 12 7 13 8 11 8 12 8 13 9 11 9 12 9 13 10 11 10 12 10 13 11 11 11 12 11 13 12 11 12 12 12 13 13 11 13 12 13 13 14 11 14 12 14 13 15 11 15 12 15 13
q 8 1 6 1 7 1 8 1 9 2 6 2 7 2 8 2 9
q 44 0 7 0 8 0 9 0 10 0 11 0 12 0 13 0 14 0 15 0 16 0 17 1 7 1 8 1 9 1 10 1 11 1 12 1 13 1 14 1 15 1 16 1 17 2 7 2 8 2 9 2 10 2 11 2 12 2 13 2 14 2 15 2 16 2 17 3 7 3 8 3 9 3 10 3 11 3 12 3 13 3 14 3 15 3 16 3 17
q 60 4 14 4 15 4 16 4 17 5 14 5 15 5 16 5 17 6 14 6 15 6 16 6 17 7 14 7 15 7 16 7 17 8 14 8 15 8 16 8 17 9 14 9 15 9 16 9 17 10 14 10 15 10 16 10 17 11 14 11 15 11 16 11 17 12 14 12 15 12 16 12 17 13 14 13 15 13 16 13 17 14 14 14 15 14 16 14 17 15 14 15 15 15 16 15 17 16 14 16 15 16 16 16 17 17 14 17 15 17 16 17 17 18 14 18 15 18 16 18 17
q 33 14 5 14 6 14 7 14 8 14 9 14 10 14 11 14 12 14 13 14 14 14 15 15 5 15 6 15 7 15 8 15 9 15 10 15 11 15 12 15 13 15 14 15 15 16 5 16 6 16 7 16 8 16 9 16 10 16 11 16 12 16 13 16 14 16 15
q 12 4 9 4 10 4 11 5 9 5 10 5 11 6 9 6 10 6 11 7 9 7 10 7 11
q 42 12 12 12 13 12 14 12 15 12 16 12 17 12 18 13 12 13 13 13 14 13 15 13 16 13 17 13 18 14 12 14 13 14 14 14 15 14 16 14 17 14 18 15 12 15 13 15 14 15 15 15 16 15 17 15 18 16 12 16 13 16 14 16 15 16 16 16 17 16 18 17 12 17 13 17 14 17 15 17 16 17 17 17 18
q 28 6 2 6 3 6 4 6 5 6 6 6 7 6 8 6 9 6 10 6 11 6 12 6 13 6 14 6 15 7 2 7 3 7 4 7 5 7 6 7 7 7 8 7 9 7 10 7 11 7 12 7 13 7 14 7 15
q 8 4 4 4 5 4 6 4 7 4 8 4 9 4 10 4 11
q 21 1 6 1 7 1 8 1 9 1 10 1 11 1 12 2 6 2 7 2 8 2 9 2 10 2 11 2 12 3 6 3 7 3 8 3 9 3 10 3 11 3 12
q 48 3 1 3 2 3 3 3 4 3 5 3 6 3 7 3 8 3 9 3 10 3 11 3 12 3 13 3 14 3 15 3 16 4 1 4 2 4 3 4 4 4 5 4 6 4 7 4 8 4 9 4 10 4 11 4 12 4 13 4 14 4 15 4 16 5 1 5 2 5 3 5 4 5 5 5 6 5 7 5 8 5 9 5 10 5 11 5 12 5 13 5 14 5 15 5 16
q 28 10 0 10 1 10 2 10 3 10 4 10 5 10 6 11 0 11 1 11 2 11 3 11 4 11 5 11 6 12 0 12 1 12 2 12 3 12 4 12 5 12 6 13 0 13 1 13 2 13 3 13 4 13 5 13 6
q 8 3 10 3 11 4 10 4 11 5 10 5 11 6 10 6 11
q 33 5 15 5 16 5 17 6 15 6 16 6 17 7 15 7 16 7 17 8 15 8 16 8 17 9 15 9 16 9 17 10 15 10 16 10 17 11 15 11 16 11 17 12 15 12 16 12 17 13 15 13 16 13 17 14 15 14 16 14 17 15 15 15 16 15 17
q 1 7 9
q 28 1 8 1 9 2 8 2 9 3 8 3 9 4 8 4 9 5 8 5 9 6 8 6 9 7 8 7 9 8 8 8 9 9 8 9 9 10 8 10 9 11 8 11 9 12 8 12 9 13 8 13 9 14 8 14 9
q 54 5 10 5 11 5 12 5 13 5 14 5 15 6 10 6 11 6 12 6 13 6 14 6 15 7 10 7 11 7 12 7 13 7 14 7 15 8 10 8 11 8 12 8 13 8 14 8 15 9 10 9 11 9 12 9 13 9 14 9 15 10 10 10 11 10 12 10 13 10 14 10 15 11 10 11 11 11 12 11 13 11 14 11 15 12 10 12 11 12 12 12 13 12 14 12 15 13 10 13 11 13 12 13 13 13 14 13 15
q 6 3 8 4 8 5 8 6 8 7 8 8 8
q 36 4 12 4 13 4 14 4 15 4 16 4 17 5 12 5 13 5 14 5 15 5 16 5 17 6 12 6 13 6 14 6 15 6 16 6 17 7 12 7 13 7 14 7 15 7 16 7 17 8 12 8 13 8 14 8 15 8 16 8 17 9 12 9 13 9 14 9 15 9 16 9 17
q 12 6 15 6 16 6 17 6 18 7 15 7 16 7 17 7 18 8 15 8 16 8 17 8 18
q 32 0 6 0 7 0 8 0 9 0 10 0 11 0 12 0 13 1 6 1 7 1 8 1 9 1 10 1 11 1 12 1 13 2 6 2 7 2 8 2 9 2 10 2 11 2 12 2 13 3 6 3 7 3 8 3 9 3 10 3 11 3 12 3 13
q 16 6 6 6 7 6 8 6 9 6 10 6 11 6 12 6 13 7 6 7 7 7 8 7 9 7 10 7 11 7 12 7 13
q 36 4 7 4 8 4 9 4 10 4 11 4 12 4 13 4 14 4 15 5 7 5 8 5 9 5 10 5 11 5 12 5 13 5 14 5 15 6 7 6 8 6 9 6 10 6 11 6 12 6 13 6 14 6 15 7 7 7 8 7 9 7 10 7 11 7 12 7 13 7 14 7 15
q 12 11 2 11 3 11 4 11 5 11 6 11 7 11 8 11 9 11 10 11 11 11 12 11 13
q 48 1 0 1 1 1 2 1 3 1 4 1 5 1 6 1 7 1 8 1 9 1 10 1 11 1 12 1 13 1 14 1 15 2 0 2 1 2 2 2 3 2 4 2 5 2 6 2 7 2 8 2 9 2 10 2 11 2 12 2 13 2 14 2 15 3 0 3 1 3 2 3 3 3 4 3 5 3 6 3 7 3 8 3 9 3 10 3 11 3 12 3 13 3 14 3 15
q 18 7 1 7 2 7 3 7 4 7 5 7 6 7 7 7 8 7 9 7 10 7 11 7 12 7 13 7 14 7 15 7 16 7 17 7 18
q 9 6 0 6 1 6 2 6 3 6 4 6 5 6 6 6 7 6 8
q 48 1 9 1 10 1 11 2 9 2 10 2 11 3 9 3 10 3 11 4 9 4 10 4 11 5 9 5 10 5 11 6 9 6 10 6 11 7 9 7 10 7 11 8 9 8 10 8 11 9 9 9 10 9 11 10 9 10 10 10 11 11 9 11 10 11 11 12 9 12 10 12 11 13 9 13 10 13 11 14 9 14 10 14 11 15 9 15 10 15 11 16 9 16 10 16 11
q 17 1 16 2 16 3 16 4 16 5 16 6 16 7 16 8 16 9 16 10 16 11 16 12 16 13 16 14 16 15 16 16 16 17 16
q 12 6 7 7 7 8 7 9 7 10 7 11 7 12 7 13 7 14 7 15 7 16 7 17 7
q 48 3 11 3 12 3 13 4 11 4 12 4 13 5 11 5 12 5 13 6 11 6 12 6 13 7 11 7 12 7 13 8 11 8 12 8 13 9 11 9 12 9 13 10 11 10 12 10 13 11 11 11 12 11 13 12 11 12 12 12 13 13 11 13 12 13 13 14 11 14 12 14 13 15 11 15 12 15 13 16 11 16 12 16 13 17 11 17 12 17 13 18 11 18 12 18 13
q 48 13 0 13 1 13 2 13 3 13 4 13 5 13 6 13 7 13 8 13 9 13 10 13 11 13 12 13 13 13 14 13 15 14 0 14 1 14 2 14 3 14 4 14 5 14 6 14 7 14 8 14 9 14 10 14 11 14 12 14 13 14 14 14 15 15 0 15 1 15 2 15 3 15 4 15 5 15 6 15 7 15 8 15 9 15 10 15 11 15 12 15 13 15 14 15 15
q 36 6 3 6 4 6 5 6 6 6 7 6 8 6 9 6 10 6 11 6 12 6 13 6 14 7 3 7 4 7 5 7 6 7 7 7 8 7 9 7 10 7 11 7 12 7 13 7 14 8 3 8 4 8 5 8 6 8 7 8 8 8 9 8 10 8 11 8 12 8 13 8 14
q 25 0 12 0 13 0 14 0 15 0 16 1 12 1 13 1 14 1 15 1 16 2 12 2 13 2 14 2 15 2 16 3 12 3 13 3 14 3 15 3 16 4 12 4 13 4 14 4 15 4 16
q 16 10 8 10 9 10 10 10 11 11 8 11 9 11 10 11 11 12 8 12 9 12 10 12 11 13 8 13 9 13 10 13 11
q 5 7 12 8 12 9 12 10 12 11 12
q 38 0 0 0 1 1 0 1 1 2 0 2 1 3 0 3 1 4 0 4 1 5 0 5 1 6 0 6 1 7 0 7 1 8 0 8 1 9 0 9 1 10 0 10 1 11 0 11 1 12 0 12 1 13 0 13 1 14 0 14 1 15 0 15 1 16 0 16 1 17 0 17 1 18 0 18 1
q 18 8 6 8 7 9 6 9 7 10 6 10 7 11 6 11 7 12 6 12 7 13 6 13 7 14 6 14 7 15 6 15 7 16 6 16 7
q 13 17 5 17 6 17 7 17 8 17 9 17 10 17 11 17 12 17 13 17 14 17 15 17 16 17 17
q 24 8 14 8 15 8 16 8 17 9 14 9 15 9 16 9 17 10 14 10 15 10 16 10 17 11 14 11 15 11 16 11 17 12 14 12 15 12 16 12 17 13 14 13 15 13 16 13 17
q 12 17 1 17 2 17 3 17 4 17 5 17 6 17 7 17 8 17 9 17 10 17 11 17 12
q 48 5 9 5 10 5 11 5 12 5 13 5 14 5 15 5 16 6 9 6 10 6 11 6 12 6 13 6 14 6 15 6 16 7 9 7 10 7 11 7 12 7 13 7 14 7 15 7 16 8 9 8 10 8 11 8 12 8 13 8 14 8 15 8 16 9 9 9 10 9 11 9 12 9 13 9 14 9 15 9 16 10 9 10 10 10 11 10 12 10 13 10 14 10 15 10 16
q 52 0 5 0 6 0 7 0 8 0 9 0 10 0 11 0 12 0 13 0 14 0 15 0 16 0 17 1 5 1 6 1 7 1 8 1 9 1 10 1 11 1 12 1 13 1 14 1 15 1 16 1 17 2 5 2 6 2 7 2 8 2 9 2 10 2 11 2 12 2 13 2 14 2 15 2 16 2 17 3 5 3 6 3 7 3 8 3 9 3 10 3 11 3 12 3 13 3 14 3 15 3 16 3 17
q 36 1 0 1 1 1 2 1 3 1 4 1 5 1 6 1 7 1 8 1 9 1 10 1 11 1 12 1 13 1 14 1 15 1 16 1 17 2 0 2 1 2 2 2 3 2 4 2 5 2 6 2 7 2 8 2 9 2 10 2 11 2 12 2 13 2 14 2 15 2 16 2 17
q 32 1 11 1 12 2 11 2 12 3 11 3 12 4 11 4 12 5 11 5 12 6 11 6 12 7 11 7 12 8 11 8 12 9 11 9 12 10 11 10 12 11 11 11 12 12 11 12 12 13 11 13 12 14 11 14 12 15 11 15 12 16 11 16 12
q 45 6 0 6 1 6 2 6 3 6 4 7 0 7 1 7 2 7 3 7 4 8 0 8 1 8 2 8 3 8 4 9 0 9 1 9 2 9 3 9 4 10 0 10 1 10 2 10 3 10 4 11 0 11 1 11 2 11 3 11 4 12 0 12 1 12 2 12 3 12 4 13 0 13 1 13 2 13 3 13 4 14 0 14 1 14 2 14 3 14 4
q 45 13 4 13 5 13 6 13 7 13 8 13 9 13 10 13 11 13 12 13 13 13 14 13 15 13 16 13 17 13 18 14 4 14 5 14 6 14 7 14 8 14 9 14 10 14 11 14 12 14 13 14 14 14 15 14 16 14 17 14 18 15 4 15 5 15 6 15 7 15 8 15 9 15 10 15 11 15 12 15 13 15 14 15 15 15 16 15 17 15 18
q 21 1 10 1 11 1 12 1 13 1 14 1 15 1 16 2 10 2 11 2 12 2 13 2 14 2 15 2 16 3 10 3 11 3 12 3 13 3 14 3 15 3 16
q 38 0 14 0 15 1 14 1 15 2 14 2 15 3 14 3 15 4 14 4 15 5 14 5 15 6 14 6 15 7 14 7 15 8 14 8 15 9 14 9 15 10 14 10 15 11 14 11 15 12 14 12 15 13 14 13 15 14 14 14 15 15 14 15 15 16 14 16 15 17 14 17 15 18 14 18 15
q 33 2 12 2 13 2 14 3 12 3 13 3 14 4 12 4 13 4 14 5 12 5 13 5 14 6 12 6 13 6 14 7 12 7 13 7 14 8 12 8 13 8 14 9 12 9 13 9 14 10 12 10 13 10 14 11 12 11 13 11 14 12 12 12 13 12 14
q 45 3 1 3 2 3 3 3 4 3 5 4 1 4 2 4 3 4 4 4 5 5 1 5 2 5 3 5 4 5 5 6 1 6 2 6 3 6 4 6 5 7 1 7 2 7 3 7 4 7 5 8 1 8 2 8 3 8 4 8 5 9 1 9 2 9 3 9 4 9 5 10 1 10 2 10 3 10 4 10 5 11 1 11 2 11 3 11 4 11 5
q 12 7 12 8 12 9 12 10 12 11 12 12 12 13 12 14 12 15 12 16 12 17 12 18 12
q 54 0 8 0 9 0 10 1 8 1 9 1 10 2 8 2 9 2 10 3 8 3 9 3 10 4 8 4 9 4 10 5 8 5 9 5 10 6 8 6 9 6 10 7 8 7 9 7 10 8 8 8 9 8 10 9 8 9 9 9 10 10 8 10 9 10 10 11 8 11 9 11 10 12 8 12 9 12 10 13 8 13 9 13 10 14 8 14 9 14 10 15 8 15 9 15 10 16 8 16 9 16 10 17 8 17 9 17 10
q 63 4 3 4 4 4 5 4 6 4 7 4 8 4 9 4 10 4 11 5 3 5 4 5 5 5 6 5 7 5 8 5 9 5 10 5 11 6 3 6 4 6 5 6 6 6 7 6 8 6 9 6 10 6 11 7 3 7 4 7 5 7 6 7 7 7 8 7 9 7 10 7 11 8 3 8 4 8 5 8 6 8 7 8 8 8 9 8 10 8 11 9 3 9 4 9 5 9 6 9 7 9 8 9 9 9 10 9 11 10 3 10 4 10 5 10 6 10 7 10 8 10 9 10 10 10 11
q 15 1 1 1 2 1 3 1 4 1 5 1 6 1 7 1 8 1 9 1 10 1 11 1 12 1 13 1 14 1 15
q 64 1 14 1 15 1 16 1 17 2 14 2 15 2 16 2 17 3 14 3 15 3 16 3 17 4 14 4 15 4 16 4 17 5 14 5 15 5 16 5 17 6 14 6 15 6 16 6 17 7 14 7 15 7 16 7 17 8 14 8 15 8 16 8 17 9 14 9 15 9 16 9 17 10 14 10 15 10 16 10 17 11 14 11 15 11 16 11 17 12 14 12 15 12 16 12 17 13 14 13 15 13 16 13 17 14 14 14 15 14 16 14 17 15 14 15 15 15 16 15 17 16 14 16 15 16 16 16 17
q 39 10 4 10 5 10 6 10 7 10 8 10 9 10 10 10 11 10 12 10 13 10 14 10 15 10 16 11 4 11 5 11 6 11 7 11 8 11 9 11 10 11 11 11 12 11 13 11 14 11 15 11 16 12 4 12 5 12 6 12 7 12 8 12 9 12 10 12 11 12 12 12 13 12 14 12 15 12 16
q 20 15 1 15 2 15 3 15 4 15 5 16 1 16 2 16 3 16 4 16 5 17 1 17 2 17 3 17 4 17 5 18 1 18 2 18 3 18 4 18 5
q 55 1 8 1 9 1 10 1 11 1 12 1 13 1 14 1 15 1 16 1 17 1 18 2 8 2 9 2 10 2 11 2 12 2 13 2 14 2 15 2 16 2 17 2 18 3 8 3 9 3 10 3 11 3 12 3 13 3 14 3 15 3 16 3 17 3 18 4 8 4 9 4 10 4 11 4 12 4 13 4 14 4 15 4 16 4 17 4 18 5 8 5 9 5 10 5 11 5 12 5 13 5 14 5 15 5 16 5 17 5 18
q 6 13 3 13 4 13 5 13 6 13 7 13 8
q 5 0 11 1 11 2 11 3 11 4 11
q 9 18 3 18 4 18 5 18 6 18 7 18 8 18 9 18 10 18 11
q 9 6 8 7 8 8 8 9 8 10 8 11 8 12 8 13 8 14 8
q 15 6 3 6 4 6 5 6 6 6 7 7 3 7 4 7 5 7 6 7 7 8 3 8 4 8 5 8 6 8 7
q 39 6 6 6 7 6 8 6 9 6 10 6 11 6 12 6 13 6 14 6 15 6 16 6 17 6 18 7 6 7 7 7 8 7 9 7 10 7 11 7 12 7 13 7 14 7 15 7 16 7 17 7 18 8 6 8 7 8 8 8 9 8 10 8 11 8 12 8 13 8 14 8 15 8 16 8 17 8 18
q 13 16 3 16 4 16 5 16 6 16 7 16 8 16 9 16 10 16 11 16 12 16 13 16 14 16 15
q 16 16 4 16 5 16 6 16 7 16 8 16 9 16 10 16 11 17 4 17 5 17 6 17 7 17 8 17 9 17 10 17 11
q 33 5 13 5 14 5 15 6 13 6 14 6 15 7 13 7 14 7 15 8 13 8 14 8 15 9 13 9 14 9 15 10 13 10 14 10 15 11 13 11 14 11 15 12 13 12 14 12 15 13 13 13 14 13 15 14 13 14 14 14 15 15 13 15 14 15 15
q 15 2 6 2 7 2 8 2 9 2 10 3 6 3 7 3 8 3 9 3 10 4 6 4 7 4 8 4 9 4 10
q 56 0 4 0 5 0 6 0 7 1 4 1 5 1 6 1 7 2 4 2 5 2 6 2 7 3 4 3 5 3 6 3 7 4 4 4 5 4 6 4 7 5 4 5 5 5 6 5 7 6 4 6 5 6 6 6 7 7 4 7 5 7 6 7 7 8 4 8 5 8 6 8 7 9 4 9 5 9 6 9 7 10 4 10 5 10 6 10 7 11 4 11 5 11 6 11 7 12 4 12 5 12 6 12 7 13 4 13 5 13 6 13 7
q 34 2 11 2 12 3 11 3 12 4 11 4 12 5 11 5 12 6 11 6 12 7 11 7 12 8 11 8 12 9 11 9 12 10 11 10 12 11 11 11 12 12 11 12 12 13 11 13 12 14 11 14 12 15 11 15 12 16 11 16 12 17 11 17 12 18 11 18 12
q 48 7 0 7 1 7 2 7 3 7 4 7 5 8 0 8 1 8 2 8 3 8 4 8 5 9 0 9 1 9 2 9 3 9 4 9 5 10 0 10 1 10 2 10 3 10 4 10 5 11 0 11 1 11 2 11 3 11 4 11 5 12 0 12 1 12 2 12 3 12 4 12 5 13 0 13 1 13 2 13 3 13 4 13 5 14 0 14 1 14 2 14 3 14 4 14 5
q 6 7 7 7 8 7 9 8 7 8 8 8 9
q 64 4 3 4 4 4 5 4 6 4 7 4 8 4 9 4 10 4 11 4 12 4 13 4 14 4 15 4 16 4 17 4 18 5 3 5 4 5 5 5 6 5 7 5 8 5 9 5 10 5 11 5 12 5 13 5 14 5 15 5 16 5 17 5 18 6 3 6 4 6 5 6 6 6 7 6 8 6 9 6 10 6 11 6 12 6 13 6 14 6 15 6 16 6 17 6 18 7 3 7 4 7 5 7 6 7 7 7 8 7 9 7 10 7 11 7 12 7 13 7 14 7 15 7 16 7 17 7 18
q 52 3 10 3 11 3 12 3 13 4 10 4 11 4 12 4 13 5 10 5 11 5 12 5 13 6 10 6 11 6 12 6 13 7 10 7 11 7 12 7 13 8 10 8 11 8 12 8 13 9 10 9 11 9 12 9 13 10 10 10 11 10 12 10 13 11 10 11 11 11 12 11 13 12 10 12 11 12 12 12 13 13 10 13 11 13 12 13 13 14 10 14 11 14 12 14 13 15 10 15 11 15 12 15 13
q 10 8 0 8 1 9 0 9 1 10 0 10 1 11 0 11 1 12 0 12 1
q 30 13 11 13 12 13 13 13 14 13 15 14 11 14 12 14 13 14 14 14 15 15 11 15 12 15 13 15 14 15 15 16 11 16 12 16 13 16 14 16 15 17 11 17 12 17 13 17 14 17 15 18 11 18 12 18 13 18 14 18 15
q 8 15 14 15 15 15 16 15 17 16 14 16 15 16 16 16 17
q 42 2 11 2 12 2 13 3 11 3 12 3 13 4 11 4 12 4 13 5 11 5 12 5 13 6 11 6 12 6 13 7 11 7 12 7 13 8 11 8 12 8 13 9 11 9 12 9 13 10 11 10 12 10 13 11 11 11 12 11 13 12 11 12 12 12 13 13 11 13 12 13 13 14 11 14 12 14 13 15 11 15 12 15 13
q 30 6 4 6 5 6 6 6 7 6 8 6 9 6 10 6 11 6 12 6 13 7 4 7 5 7 6 7 7 7 8 7 9 7 10 7 11 7 12 7 13 8 4 8 5 8 6 8 7 8 8 8 9 8 10 8 11 8 12 8 13
q 39 6 9 6 10 6 11 7 9 7 10 7 11 8 9 8 10 8 11 9 9 9 10 9 11 10 9 10 10 10 11 11 9 11 10 11 11 12 9 12 10 12 11 13 9 13 10 13 11 14 9 14 10 14 11 15 9 15 10 15 11 16 9 16 10 16 11 17 9 17 10 17 11 18 9 18 10 18 11
q 60 1 10 1 11 1 12 1 13 2 10 2 11 2 12 2 13 3 10 3 11 3 12 3 13 4 10 4 11 4 12 4 13 5 10 5 11 5 12 5 13 6 10 6 11 6 12 6 13 7 10 7 11 7 12 7 13 8 10 8 11 8 12 8 13 9 10 9 11 9 12 9 13 10 10 10 11 10 12 10 13 11 10 11 11 11 12 11 13 12 10 12 11 12 12 12 13 13 10 13 11 13 12 13 13 14 10 14 11 14 12 14 13 15 10 15 11 15 12 15 13
q 20 3 11 3 12 3 13 3 14 4 11 4 12 4 13 4 14 5 11 5 12 5 13 5 14 6 11 6 12 6 13 6 14 7 11 7 12 7 13 7 14
q 60 1 0 1 1 1 2 1 3 1 4 2 0 2 1 2 2 2 3 2 4 3 0 3 1 3 2 3 3 3 4 4 0 4 1 4 2 4 3 4 4 5 0 5 1 5 2 5 3 5 4 6 0 6 1 6 2 6 3 6 4 7 0 7 1 7 2 7 3 7 4 8 0 8 1 8 2 8 3 8 4 9 0 9 1 9 2 9 3 9 4 10 0 10 1 10 2 10 3 10 4 11 0 11 1 11 2 11 3 11 4 12 0 12 1 12 2 12 3 12 4
q 24 8 2 8 3 8 4 8 5 8 6 8 7 8 8 8 9 8 10 8 11 8 12 8 13 9 2 9 3 9 4 9 5 9 6 9 7 9 8 9 9 9 10 9 11 9 12 9 13
q 34 1 16 1 17 2 16 2 17 3 16 3 17 4 16 4 17 5 16 5 17 6 16 6 17 7 16 7 17 8 16 8 17 9 16 9 17 10 16 10 17 11 16 11 17 12 16 12 17 13 16 13 17 14 16 14 17 15 16 15 17 16 16 16 17 17 16 17 17
q 54 13 6 13 7 13 8 13 9 13 10 13 11 13 12 13 13 13 14 14 6 14 7 14 8 14 9 14 10 14 11 14 12 14 13 14 14 15 6 15 7 15 8 15 9 15 10 15 11 15 12 15 13 15 14 16 6 16 7 16 8 16 9 16 10 16 11 16 12 16 13 16 14 17 6 17 7 17 8 17 9 17 10 17 11 17 12 17 13 17 14 18 6 18 7 18 8 18 9 18 10 18 11 18 12 18 13 18 14
q 24 15 12 15 13 15 14 15 15 15 16 15 17 16 12 16 13 16 14 16 15 16 16 16 17 17 12 17 13 17 14 17 15 17 16 17 17 18 12 18 13 18 14 18 15 18 16 18 17
q 30 0 3 0 4 0 5 0 6 0 7 0 8 1 3 1 4 1 5 1 6 1 7 1 8 2 3 2 4 2 5 2 6 2 7 2 8 3 3 3 4 3 5 3 6 3 7 3 8 4 3 4 4 4 5 4 6 4 7 4 8
q 44 7 4 7 5 7 6 7 7 7 8 7 9 7 10 7 11 7 12 7 13 7 14 8 4 8 5 8 6 8 7 8 8 8 9 8 10 8 11 8 12 8 13 8 14 9 4 9 5 9 6 9 7 9 8 9 9 9 10 9 11 9 12 9 13 9 14 10 4 10 5 10 6 10 7 10 8 10 9 10 10 10 11 10 12 10 13 10 14
q 57 11 0 11 1 11 2 11 3 11 4 11 5 11 6 11 7 11 8 11 9 11 10 11 11 11 12 11 13 11 14 11 15 11 16 11 17 11 18 12 0 12 1 12 2 12 3 12 4 12 5 12 6 12 7 12 8 12 9 12 10 12 11 12 12 12 13 12 14 12 15 12 16 12 17 12 18 13 0 13 1 13 2 13 3 13 4 13 5 13 6 13 7 13 8 13 9 13 10 13 11 13 12 13 13 13 14 13 15 13 16 13 17 13 18
q 64 7 3 7 4 7 5 7 6 7 7 7 8 7 9 7 10 7 11 7 12 7 13 7 14 7 15 7 16 7 17 7 18 8 3 8 4 8 5 8 6 8 7 8 8 8 9 8 10 8 11 8 12 8 13 8 14 8 15 8 16 8 17 8 18 9 3 9 4 9 5 9 6 9 7 9 8 9 9 9 10 9 11 9 12 9 13 9 14 9 15 9 16 9 17 9 18 10 3 10 4 10 5 10 6 10 7 10 8 10 9 10 10 10 11 10 12 10 13 10 14 10 15 10 16 10 17 10 18
q 42 5 0 5 1 5 2 6 0 6 1 6 2 7 0 7 1 7 2 8 0 8 1 8 2 9 0 9 1 9 2 10 0 10 1 10 2 11 0 11 1 11 2 12 0 12 1 12 2 13 0 13 1 13 2 14 0 14 1 14 2 15 0 15 1 15 2 16 0 16 1 16 2 17 0 17 1 17 2 18 0 18 1 18 2
q 56 7 1 7 2 7 3 7 4 7 5 7 6 7 7 8 1 8 2 8 3 8 4 8 5 8 6 8 7 9 1 9 2 9 3 9 4 9 5 9 6 9 7 10 1 10 2 10 3 10 4 10 5 10 6 10 7 11 1 11 2 11 3 11 4 11 5 11 6 11 7 12 1 12 2 12 3 12 4 12 5 12 6 12 7 13 1 13 2 13 3 13 4 13 5 13 6 13 7 14 1 14 2 14 3 14 4 14 5 14 6 14 7
q 48 14 3 14 4 14 5 14 6 14 7 14 8 14 9 14 10 14 11 14 12 14 13 14 14 14 15 14 16 14 17 14 18 15 3 15 4 15 5 15 6 15 7 15 8 15 9 15 10 15 11 15 12 15 13 15 14 15 15 15 16 15 17 15 18 16 3 16 4 16 5 16 6 16 7 16 8 16 9 16 10 16 11 16 12 16 13 16 14 16 15 16 16 16 17 16 18
q 42 3 7 3 8 3 9 3 10 3 11 3 12 3 13 4 7 4 8 4 9 4 10 4 11 4 12 4 13 5 7 5 8 5 9 5 10 5 11 5 12 5 13 6 7 6 8 6 9 6 10 6 11 6 12 6 13 7 7 7 8 7 9 7 10 7 11 7 12 7 13 8 7 8 8 8 9 8 10 8 11 8 12 8 13
q 19 0 17 1 17 2 17 3 17 4 17 5 17 6 17 7 17 8 17 9 17 10 17 11 17 12 17 13 17 14 17 15 17 16 17 17 17 18 17
q 35 4 5 4 6 4 7 4 8 4 9 4 10 4 11 5 5 5 6 5 7 5 8 5 9 5 10 5 11 6 5 6 6 6 7 6 8 6 9 6 10 6 11 7 5 7 6 7 7 7 8 7 9 7 10 7 11 8 5 8 6 8 7 8 8 8 9 8 10 8 11
q 64 6 2 6 3 6 4 6 5 6 6 6 7 6 8 6 9 6 10 6 11 6 12 6 13 6 14 6 15 6 16 6 17 7 2 7 3 7 4 7 5 7 6 7 7 7 8 7 9 7 10 7 11 7 12 7 13 7 14 7 15 7 16 7 17 8 2 8 3 8 4 8 5 8 6 8 7 8 8 8 9 8 10 8 11 8 12 8 13 8 14 8 15 8 16 8 17 9 2 9 3 9 4 9 5 9 6 9 7 9 8 9 9 9 10 9 11 9 12 9 13 9 14 9 15 9 16 9 17
q 32 2 7 2 8 3 7 3 8 4 7 4 8 5 7 5 8 6 7 6 8 7 7 7 8 8 7 8 8 9 7 9 8 10 7 10 8 11 7 11 8 12 7 12 8 13 7 13 8 14 7 14 8 15 7 15 8 16 7 16 8 17 7 17 8
q 14 0 11 0 12 0 13 0 14 0 15 0 16 0 17 1 11 1 12 1 13 1 14 1 15 1 16 1 17
q 22 15 7 15 8 15 9 15 10 15 11 15 12 15 13 15 14 15 15 15 16 15 17 16 7 16 8 16 9 16 10 16 11 16 12 16 13 16 14 16 15 16 16 16 17
q 24 11 13 11 14 11 15 12 13 12 14 12 15 13 13 13 14 13 15 14 13 14 14 14 15 15 13 15 14 15 15 16 13 16 14 16 15 17 13 17 14 17 15 18 13 18 14 18 15
q 42 9 3 9 4 9 5 9 6 9 7 9 8 10 3 10 4 10 5 10 6 10 7 10 8 11 3 11 4 11 5 11 6 11 7 11 8 12 3 12 4 12 5 12 6 12 7 12 8 13 3 13 4 13 5 13 6 13 7 13 8 14 3 14 4 14 5 14 6 14 7 14 8 15 3 15 4 15 5 15 6 15 7 15 8
q 18 2 3 2 4 2 5 3 3 3 4 3 5 4 3 4 4 4 5 5 3 5 4 5 5 6 3 6 4 6 5 7 3 7 4 7 5
q 12 1 1 1 2 1 3 2 1 2 2 2 3 3 1 3 2 3 3 4 1 4 2 4 3
q 10 12 5 12 6 13 5 13 6 14 5 14 6 15 5 15 6 16 5 16 6
q 44 4 7 4 8 4 9 4 10 4 11 4 12 4 13 4 14 4 15 4 16 4 17 5 7 5 8 5 9 5 10 5 11 5 12 5 13 5 14 5 15 5 16 5 17 6 7 6 8 6 9 6 10 6 11 6 12 6 13 6 14 6 15 6 16 6 17 7 7 7 8 7 9 7 10 7 11 7 12 7 13 7 14 7 15 7 16 7 17
q 28 12 1 12 2 12 3 12 4 12 5 12 6 12 7 13 1 13 2 13 3 13 4 13 5 13 6 13 7 14 1 14 2 14 3 14 4 14 5 14 6 14 7 15 1 15 2 15 3 15 4 15 5 15 6 15 7
q 12 14 4 14 5 14 6 14 7 14 8 14 9 14 10 14 11 14 12 14 13 14 14 14 15
q 48 3 3 3 4 3 5 3 6 3 7 3 8 3 9 3 10 3 11 3 12 3 13 3 14 3 15 3 16 3 17 3 18 4 3 4 4 4 5 4 6 4 7 4 8 4 9 4 10 4 11 4 12 4 13 4 14 4 15 4 16 4 17 4 18 5 3 5 4 5 5 5 6 5 7 5 8 5 9 5 10 5 11 5 12 5 13 5 14 5 15 5 16 5 17 5 18
q 45 1 10 1 11 1 12 1 13 1 14 1 15 1 16 1 17 1 18 2 10 2 11 2 12 2 13 2 14 2 15 2 16 2 17 2 18 3 10 3 11 3 12 3 13 3 14 3 15 3 16 3 17 3 18 4 10 4 11 4 12 4 13 4 14 4 15 4 16 4 17 4 18 5 10 5 11 5 12 5 13 5 14 5 15 5 16 5 17 5 18
q 13 18 4 18 5 18 6 18 7 18 8 18 9 18 10 18 11 18 12 18 13 18 14 18 15 18 16
q 16 3 7 4 7 5 7 6 7 7 7 8 7 9 7 10 7 11 7 12 7 13 7 14 7 15 7 16 7 17 7 18 7
q 60 6 12 6 13 6 14 6 15 6 16 7 12 7 13 7 14 7 15 7 16 8 12 8 13 8 14 8 15 8 16 9 12 9 13 9 14 9 15 9 16 10 12 10 13 10 14 10 15 10 16 11 12 11 13 11 14 11 15 11 16 12 12 12 13 12 14 12 15 12 16 13 12 13 13 13 14 13 15 13 16 14 12 14 13 14 14 14 15 14 16 15 12 15 13 15 14 15 15 15 16 16 12 16 13 16 14 16 15 16 16 17 12 17 13 17 14 17 15 17 16
q 13 4 14 5 14 6 14 7 14 8 14 9 14 10 14 11 14 12 14 13 14 14 14 15 14 16 14
q 17 1 13 2 13 3 13 4 13 5 13 6 13 7 13 8 13 9 13 10 13 11 13 12 13 13 13 14 13 15 13 16 13 17 13
q 11 5 7 6 7 7 7 8 7 9 7 10 7 11 7 12 7 13 7 14 7 15 7
q 6 0 6 0 7 1 6 1 7 2 6 2 7
q 44 14 3 14 4 14 5 14 6 14 7 14 8 14 9 14 10 14 11 14 12 14 13 15 3 15 4 15 5 15 6 15 7 15 8 15 9 15 10 15 11 15 12 15 13 16 3 16 4 16 5 16 6 16 7 16 8 16 9 16 10 16 11 16 12 16 13 17 3 17 4 17 5 17 6 17 7 17 8 17 9 17 10 17 11 17 12 17 13
q 60 3 0 3 1 3 2 3 3 3 4 3 5 4 0 4 1 4 2 4 3 4 4 4 5 5 0 5 1 5 2 5 3 5 4 5 5 6 0 6 1 6 2 6 3 6 4 6 5 7 0 7 1 7 2 7 3 7 4 7 5 8 0 8 1 8 2 8 3 8 4 8 5 9 0 9 1 9 2 9 3 9 4 9 5 10 0 10 1 10 2 10 3 10 4 10 5 11 0 11 1 11 2 11 3 11 4 11 5 12 0 12 1 12 2 12 3 12 4 12 5
q 30 13 6 13 7 13 8 13 9 13 10 13 11 13 12 13 13 13 14 13 15 14 6 14 7 14 8 14 9 14 10 14 11 14 12 14 13 14 14 14 15 15 6 15 7 15 8 15 9 15 10 15 11 15 12 15 13 15 14 15 15
q 45 2 5 2 6 2 7 3 5 3 6 3 7 4 5 4 6 4 7 5 5 5 6 5 7 6 5 6 6 6 7 7 5 7 6 7 7 8 5 8 6 8 7 9 5 9 6 9 7 10 5 10 6 10 7 11 5 11 6 11 7 12 5 12 6 12 7 13 5 13 6 13 7 14 5 14 6 14 7 15 5 15 6 15 7 16 5 16 6 16 7
q 30 6 12 6 13 6 14 7 12 7 13 7 14 8 12 8 13 8 14 9 12 9 13 9 14 10 12 10 13 10 14 11 12 11 13 11 14 12 12 12 13 12 14 13 12 13 13 13 14 14 12 14 13 14 14 15 12 15 13 15 14
q 24 9 8 9 9 9 10 9 11 9 12 9 13 10 8 10 9 10 10 10 11 10 12 10 13 11 8 11 9 11 10 11 11 11 12 11 13 12 8 12 9 12 10 12 11 12 12 12 13
q 40 13 4 13 5 13 6 13 7 13 8 13 9 13 10 13 11 13 12 13 13 14 4 14 5 14 6 14 7 14 8 14 9 14 10 14 11 14 12 14 13 15 4 15 5 15 6 15 7 15 8 15 9 15 10 15 11 15 12 15 13 16 4 16 5 16 6 16 7 16 8 16 9 16 10 16 11 16 12 16 13
q 8 14 4 14 5 15 4 15 5 16 4 16 5 17 4 17 5
q 21 15 10 15 11 15 12 15 13 15 14 15 15 15 16 16 10 16 11 16 12 16 13 16 14 16 15 16 16 17 10 17 11 17 12 17 13 17 14 17 15 17 16
q 12 14 4 14 5 14 6 15 4 15 5 15 6 16 4 16 5 16 6 17 4 17 5 17 6
q 28 14 4 14 5 14 6 14 7 14 8 14 9 14 10 14 11 14 12 14 13 14 14 14 15 14 16 14 17 15 4 15 5 15 6 15 7 15 8 15 9 15 10 15 11 15 12 15 13 15 14 15 15 15 16 15 17
q 16 1 3 2 3 3 3 4 3 5 3 6 3 7 3 8 3 9 3 10 3 11 3 12 3 13 3 14 3 15 3 16 3
q 21 16 8 16 9 16 10 16 11 16 12 16 13 16 14 17 8 17 9 17 10 17 11 17 12 17 13 17 14 18 8 18 9 18 10 18 11 18 12 18 13 18 14
q 14 9 6 9 7 9 8 9 9 9 10 9 11 9 12 10 6 10 7 10 8 10 9 10 10 10 11 10 12
q 40 1 8 1 9 1 10 1 11 1 12 2 8 2 9 2 10 2 11 2 12 3 8 3 9 3 10 3 11 3 12 4 8 4 9 4 10 4 11 4 12 5 8 5 9 5 10 5 11 5 12 6 8 6 9 6 10 6 11 6 12 7 8 7 9 7 10 7 11 7 12 8 8 8 9 8 10 8 11 8 12
q 60 10 2 10 3 10 4 10 5 10 6 10 7 10 8 10 9 10 10 10 11 10 12 10 13 10 14 10 15 10 16 11 2 11 3 11 4 11 5 11 6 11 7 11 8 11 9 11 10 11 11 11 12 11 13 11 14 11 15 11 16 12 2 12 3 12 4 12 5 12 6 12 7 12 8 12 9 12 10 12 11 12 12 12 13 12 14 12 15 12 16 13 2 13 3 13 4 13 5 13 6 13 7 13 8 13 9 13 10 13 11 13 12 13 13 13 14 13 15 13 16
q 7 3 15 4 15 5 15 6 15 7 15 8 15 9 15
q 17 1 6 2 6 3 6 4 6 5 6 6 6 7 6 8 6 9 6 10 6 11 6 12 6 13 6 14 6 15 6 16 6 17 6
q 30 6 3 6 4 6 5 7 3 7 4 7 5 8 3 8 4 8 5 9 3 9 4 9 5 10 3 10 4 10 5 11 3 11 4 11 5 12 3 12 4 12 5 13 3 13 4 13 5 14 3 14 4 14 5 15 3 15 4 15 5
q 30 3 9 3 10 3 11 4 9 4 10 4 11 5 9 5 10 5 11 6 9 6 10 6 11 7 9 7 10 7 11 8 9 8 10 8 11 9 9 9 10 9 11 10 9 10 10 10 11 11 9 11 10 11 11 12 9 12 10 12 11
q 11 12 5 12 6 12 7 12 8 12 9 12 10 12 11 12 12 12 13 12 14 12 15
q 30 8 4 8 5 8 6 9 4 9 5 9 6 10 4 10 5 10 6 11 4 11 5 11 6 12 4 12 5 12 6 13 4 13 5 13 6 14 4 14 5 14 6 15 4 15 5 15 6 16 4 16 5 16 6 17 4 17 5 17 6
q 15 1 11 1 12 1 13 1 14 1 15 2 11 2 12 2 13 2 14 2 15 3 11 3 12 3 13 3 14 3 15
q 54 8 2 8 3 8 4 8 5 8 6 8 7 8 8 8 9 8 10 9 2 9 3 9 4 9 5 9 6 9 7 9 8 9 9 9 10 10 2 10 3 10 4 10 5 10 6 10 7 10 8 10 9 10 10 11 2 11 3 11 4 11 5 11 6 11 7 11 8 11 9 11 10 12 2 12 3 12 4 12 5 12 6 12 7 12 8 12 9 12 10 13 2 13 3 13 4 13 5 13 6 13 7 13 8 13 9 13 10
q 9 2 9 2 10 2 11 2 12 2 13 2 14 2 15 2 16 2 17
q 36 1 15 1 16 2 15 2 16 3 15 3 16 4 15 4 16 5 15 5 16 6 15 6 16 7 15 7 16 8 15 8 16 9 15 9 16 10 15 10 16 11 15 11 16 12 15 12 16 13 15 13 16 14 15 14 16 15 15 15 16 16 15 16 16 17 15 17 16 18 15 18 16
q 60 12 3 12 4 12 5 12 6 12 7 12 8 12 9 12 10 12 11 12 12 12 13 12 14 13 3 13 4 13 5 13 6 13 7 13 8 13 9 13 10 13 11 13 12 13 13 13 14 14 3 14 4 14 5 14 6 14 7 14 8 14 9 14 10 14 11 14 12 14 13 14 14 15 3 15 4 15 5 15 6 15 7 15 8 15 9 15 10 15 11 15 12 15 13 15 14 16 3 16 4 16 5 16 6 16 7 16 8 16 9 16 10 16 11 16 12 16 13 16 14
q 12 0 10 1 10 2 10 3 10 4 10 5 10 6 10 7 10 8 10 9 10 10 10 11 10
q 30 3 5 3 6 3 7 3 8 3 9 3 10 3 11 3 12 3 13 3 14 4 5 4 6 4 7 4 8 4 9 4 10 4 11 4 12 4 13 4 14 5 5 5 6 5 7 5 8 5 9 5 10 5 11 5 12 5 13 5 14
q 27 4 7 4 8 4 9 5 7 5 8 5 9 6 7 6 8 6 9 7 7 7 8 7 9 8 7 8 8 8 9 9 7 9 8 9 9 10 7 10 8 10 9 11 7 11 8 11 9 12 7 12 8 12 9
q 50 6 11 6 12 6 13 6 14 6 15 7 11 7 12 7 13 7 14 7 15 8 11 8 12 8 13 8 14 8 15 9 11 9 12 9 13 9 14 9 15 10 11 10 12 10 13 10 14 10 15 11 11 11 12 11 13 11 14 11 15 12 11 12 12 12 13 12 14 12 15 13 11 13 12 13 13 13 14 13 15 14 11 14 12 14 13 14 14 14 15 15 11 15 12 15 13 15 14 15 15
q 45 7 13 7 14 7 15 7 16 7 17 8 13 8 14 8 15 8 16 8 17 9 13 9 14 9 15 9 16 9 17 10 13 10 14 10 15 10 16 10 17 11 13 11 14 11 15 11 16 11 17 12 13 12 14 12 15 12 16 12 17 13 13 13 14 13 15 13 16 13 17 14 13 14 14 14 15 14 16 14 17 15 13 15 14 15 15 15 16 15 17
q 16 17 1 17 2 17 3 17 4 17 5 17 6 17 7 17 8 17 9 17 10 17 11 17 12 17 13 17 14 17 15 17 16
q 64 5 3 5 4 5 5 5 6 5 7 5 8 5 9 5 10 5 11 5 12 5 13 5 14 5 15 5 16 5 17 5 18 6 3 6 4 6 5 6 6 6 7 6 8 6 9 6 10 6 11 6 12 6 13 6 14 6 15 6 16 6 17 6 18 7 3 7 4 7 5 7 6 7 7 7 8 7 9 7 10 7 11 7 12 7 13 7 14 7 15 7 16 7 17 7 18 8 3 8 4 8 5 8 6 8 7 8 8 8 9 8 10 8 11 8 12 8 13 8 14 8 15 8 16 8 17 8 18
q 49 10 2 10 3 10 4 10 5 10 6 10 7 10 8 11 2 11 3 11 4 11 5 11 6 11 7 11 8 12 2 12 3 12 4 12 5 12 6 12 7 12 8 13 2 13 3 13 4 13 5 13 6 13 7 13 8 14 2 14 3 14 4 14 5 14 6 14 7 14 8 15 2 15 3 15 4 15 5 15 6 15 7 15 8 16 2 16 3 16 4 16 5 16 6 16 7 16 8
q 4 9 0 9 1 9 2 9 3
q 52 15 2 15 3 15 4 15 5 15 6 15 7 15 8 15 9 15 10 15 11 15 12 15 13 15 14 16 2 16 3 16 4 16 5 16 6 16 7 16 8 16 9 16 10 16 11 16 12 16 13 16 14 17 2 17 3 17 4 17 5 17 6 17 7 17 8 17 9 17 10 17 11 17 12 17 13 17 14 18 2 18 3 18 4 18 5 18 6 18 7 18 8 18 9 18 10 18 11 18 12 18 13 18 14
q 55 0 6 0 7 0 8 0 9 0 10 1 6 1 7 1 8 1 9 1 10 2 6 2 7 2 8 2 9 2 10 3 6 3 7 3 8 3 9 3 10 4 6 4 7 4 8 4 9 4 10 5 6 5 7 5 8 5 9 5 10 6 6 6 7 6 8 6 9 6 10 7 6 7 7 7 8 7 9 7 10 8 6 8 7 8 8 8 9 8 10 9 6 9 7 9 8 9 9 9 10 10 6 10 7 10 8 10 9 10 10
q 60 0 0 0 1 0 2 0 3 0 4 0 5 0 6 0 7 0 8 0 9 1 0 1 1 1 2 1 3 1 4 1 5 1 6 1 7 1 8 1 9 2 0 2 1 2 2 2 3 2 4 2 5 2 6 2 7 2 8 2 9 3 0 3 1 3 2 3 3 3 4 3 5 3 6 3 7 3 8 3 9 4 0 4 1 4 2 4 3 4 4 4 5 4 6 4 7 4 8 4 9 5 0 5 1 5 2 5 3 5 4 5 5 5 6 5 7 5 8 5 9
q 60 1 5 1 6 1 7 1 8 1 9 1 10 1 11 1 12 1 13 1 14 2 5 2 6 2 7 2 8 2 9 2 10 2 11 2 12 2 13 2 14 3 5 3 6 3 7 3 8 3 9 3 10 3 11 3 12 3 13 3 14 4 5 4 6 4 7 4 8 4 9 4 10 4 11 4 12 4 13 4 14 5 5 5 6 5 7 5 8 5 9 5 10 5 11 5 12 5 13 5 14 6 5 6 6 6 7 6 8 6 9 6 10 6 11 6 12 6 13 6 14
q 18 7 13 7 14 8 13 8 14 9 13 9 14 10 13 10 14 11 13 11 14 12 13 12 14 13 13 13 14 14 13 14 14 15 13 15 14
q 40 1 3 1 4 1 5 1 6 2 3 2 4 2 5 2 6 3 3 3 4 3 5 3 6 4 3 4 4 4 5 4 6 5 3 5 4 5 5 5 6 6 3 6 4 6 5 6 6 7 3 7 4 7 5 7 6 8 3 8 4 8 5 8 6 9 3 9 4 9 5 9 6 10 3 10 4 10 5 10 6
q 48 4 1 4 2 4 3 4 4 4 5 4 6 4 7 4 8 5 1 5 2 5 3 5 4 5 5 5 6 5 7 5 8 6 1 6 2 6 3 6 4 6 5 6 6 6 7 6 8 7 1 7 2 7 3 7 4 7 5 7 6 7 7 7 8 8 1 8 2 8 3 8 4 8 5 8 6 8 7 8 8 9 1 9 2 9 3 9 4 9 5 9 6 9 7 9 8
q 32 1 4 1 5 2 4 2 5 3 4 3 5 4 4 4 5 5 4 5 5 6 4 6 5 7 4 7 5 8 4 8 5 9 4 9 5 10 4 10 5 11 4 11 5 12 4 12 5 13 4 13 5 14 4 14 5 15 4 15 5 16 4 16 5
q 8 1 11 1 12 1 13 1 14 2 11 2 12 2 13 2 14
q 64 3 0 3 1 3 2 3 3 3 4 3 5 3 6 3 7 4 0 4 1 4 2 4 3 4 4 4 5 4 6 4 7 5 0 5 1 5 2 5 3 5 4 5 5 5 6 5 7 6 0 6 1 6 2 6 3 6 4 6 5 6 6 6 7 7 0 7 1 7 2 7 3 7 4 7 5 7 6 7 7 8 0 8 1 8 2 8 3 8 4 8 5 8 6 8 7 9 0 9 1 9 2 9 3 9 4 9 5 9 6 9 7 10 0 10 1 10 2 10 3 10 4 10 5 10 6 10 7
q 39 3 1 3 2 3 3 4 1 4 2 4 3 5 1 5 2 5 3 6 1 6 2 6 3 7 1 7 2 7 3 8 1 8 2 8 3 9 1 9 2 9 3 10 1 10 2 10 3 11 1 11 2 11 3 12 1 12 2 12 3 13 1 13 2 13 3 14 1 14 2 14 3 15 1 15 2 15 3
q 19 15 0 15 1 15 2 15 3 15 4 15 5 15 6 15 7 15 8 15 9 15 10 15 11 15 12 15 13 15 14 15 15 15 16 15 17 15 18
q 16 8 4 8 5 8 6 8 7 9 4 9 5 9 6 9 7 10 4 10 5 10 6 10 7 11 4 11 5 11 6 11 7
q 5 5 17 6 17 7 17 8 17 9 17
q 20 11 10 11 11 11 12 11 13 11 14 12 10 12 11 12 12 12 13 12 14 13 10 13 11 13 12 13 13 13 14 14 10 14 11 14 12 14 13 14 14
q 28 7 8 7 9 7 10 7 11 7 12 7 13 7 14 8 8 8 9 8 10 8 11 8 12 8 13 8 14 9 8 9 9 9 10 9 11 9 12 9 13 9 14 10 8 10 9 10 10 10 11 10 12 10 13 10 14
q 12 12 11 12 12 12 13 13 11 13 12 13 13 14 11 14 12 14 13 15 11 15 12 15 13
q 55 4 9 4 10 4 11 4 12 4 13 5 9 5 10 5 11 5 12 5 13 6 9 6 10 6 11 6 12 6 13 7 9 7 10 7 11 7 12 7 13 8 9 8 10 8 11 8 12 8 13 9 9 9 10 9 11 9 12 9 13 10 9 10 10 10 11 10 12 10 13 11 9 11 10 11 11 11 12 11 13 12 9 12 10 12 11 12 12 12 13 13 9 13 10 13 11 13 12 13 13 14 9 14 10 14 11 14 12 14 13
q 36 8 2 8 3 8 4 8 5 8 6 8 7 8 8 8 9 8 10 9 2 9 3 9 4 9 5 9 6 9 7 9 8 9 9 9 10 10 2 10 3 10 4 10 5 10 6 10 7 10 8 10 9 10 10 11 2 11 3 11 4 11 5 11 6 11 7 11 8 11 9 11 10
q 34 1 12 1 13 2 12 2 13 3 12 3 13 4 12 4 13 5 12 5 13 6 12 6 13 7 12 7 13 8 12 8 13 9 12 9 13 10 12 10 13 11 12 11 13 12 12 12 13 13 12 13 13 14 12 14 13 15 12 15 13 16 12 16 13 17 12 17 13
q 27 10 3 10 4 10 5 11 3 11 4 11 5 12 3 12 4 12 5 13 3 13 4 13 5 14 3 14 4 14 5 15 3 15 4 15 5 16 3 16 4 16 5 17 3 17 4 17 5 18 3 18 4 18 5
q 6 6 9 6 10 7 9 7 10 8 9 8 10
q 60 3 7 3 8 3 9 3 10 3 11 4 7 4 8 4 9 4 10 4 11 5 7 5 8 5 9 5 10 5 11 6 7 6 8 6 9 6 10 6 11 7 7 7 8 7 9 7 10 7 11 8 7 8 8 8 9 8 10 8 11 9 7 9 8 9 9 9 10 9 11 10 7 10 8 10 9 10 10 10 11 11 7 11 8 11 9 11 10 11 11 12 7 12 8 12 9 12 10 12 11 13 7 13 8 13 9 13 10 13 11 14 7 14 8 14 9 14 10 14 11
q 24 10 12 10 13 10 14 11 12 11 13 11 14 12 12 12 13 12 14 13 12 13 13 13 14 14 12 14 13 14 14 15 12 15 13 15 14 16 12 16 13 16 14 17 12 17 13 17 14
q 24 8 1 8 2 8 3 9 1 9 2 9 3 10 1 10 2 10 3 11 1 11 2 11 3 12 1 12 2 12 3 13 1 13 2 13 3 14 1 14 2 14 3 15 1 15 2 15 3
q 18 10 12 10 13 10 14 10 15 10 16 10 17 11 12 11 13 11 14 11 15 11 16 11 17 12 12 12 13 12 14 12 15 12 16 12 17
q 28 8 1 8 2 8 3 8 4 8 5 8 6 8 7 8 8 8 9 8 10 8 11 8 12 8 13 8 14 9 1 9 2 9 3 9 4 9 5 9 6 9 7 9 8 9 9 9 10 9 11 9 12 9 13 9 14
q 27 5 6 5 7 5 8 5 9 5 10 5 11 5 12 5 13 5 14 6 6 6 7 6 8 6 9 6 10 6 11 6 12 6 13 6 14 7 6 7 7 7 8 7 9 7 10 7 11 7 12 7 13 7 14
q 1 0 10
q 1 1 10
q 1 1 11
q 1 1 12
q 1 1 13
q 1 2 8
q 1 2 9
q 1 2 10
q 1 2 11
q 1 2 12
q 1 3 8
q 1 3 9
q 1 3 10
q 1 3 11
q 1 3 12
q 1 4 6
q 1 4 7
q 1 4 8
q 1 4 9
q 1 4 10
q 1 4 11
q 1 4 12
q 1 4 13
q 1 5 6
q 1 5 7
q 1 5 8
q 1 5 9
q 1 5 11
q 1 6 3
q 1 6 4
q 1 6 5
q 1 6 6
q 1 6 7
q 1 6 8
q 1 6 9
q 1 6 10
q 1 6 11
q 1 6 12
q 1 6 13
q 1 7 4
q 1 7 5
q 1 7 6
q 1 7 7
q 1 7 8
q 1 7 9
q 1 7 10
q 1 7 11
q 1 7 12
q 1 7 13
q 1 8 4
q 1 8 5
q 1 8 6
q 1 8 7
q 1 8 8
q 1 8 10
q 1 8 11
q 1 9 4
q 1 9 5
q 1 9 6
q 1 9 7
q 1 9 8
q 1 9 9
q 1 9 10
q 1 9 11
q 1 9 12
q 1 10 4
q 1 10 5
q 1 10 6
q 1 10 7
q 1 10 8
q 1 10 9
q 1 10 10
q 1 10 11
q 1 11 6
q 1 11 7
q 1 11 8
q 1 11 9
q 1 11 10
q 1 12 7
q 1 12 8
q 1 12 9
q 1 12 10
q 1 13 8
q 1 13 9
q 1 13 10
q 1 13 11
q 1 14 7
q 1 14 8
q 1 14 10
q 1 15 8
q 1 0 11
q 1 1 8
q 1 2 7
q 1 1 9
q 1 2 13
q 1 3 7
q 1 3 13
q 1 3 6
q 1 4 5
q 1 5 10
q 1 5 12
q 1 5 13
q 1 4 14
q 1 5 5
q 1 5 4
q 1 7 3
q 1 8 9
q 1 8 12
q 1 8 3
q 1 9 3
q 1 10 12
q 1 9 13
q 1 11 5
q 1 11 11
q 1 12 6
q 1 13 7
q 1 12 11
q 1 14 6
q 1 15 7
q 1 0 8
q 1 1 7
q 1 0 9
q 1 2 14
q 1 2 6
q 1 3 5
q 1 5 14
q 1 4 4
q 1 5 3
q 1 7 2
q 1 9 2
q 1 10 3
q 1 11 12
q 1 10 13
q 1 11 4
q 1 12 5
q 1 13 6
q 1 12 12
q 1 15 6
q 1 16 7
q 1 1 14
q 1 3 14
q 1 2 15
q 1 8 2
q 1 9 1
q 1 10 2
q 1 15 5
q 1 16 6
q 1 17 7
q 1 16 8
q 1 17 6
q 1 18 7
q 1 17 8
q 1 16 9
q 1 17 5
q 1 18 6
q 1 18 8
a 94 1 11 2 8 2 9 2 10 2 11 2 12 3 8 3 9 3 10 3 11 3 12 4 6 4 8 4 10 4 11 4 12 4 13 5 6 5 7 5 11 6 4 6 6 6 7 6 8 6 9 6 10 6 11 6 12 7 4 7 5 7 6 7 7 7 8 7 9 7 10 7 11 7 12 8 4 8 5 8 6 8 7 8 8 8 10 9 4 9 5 9 6 9 7 9 8 9 9 9 10 9 11 9 12 10 5 10 6 10 7 10 8 10 9 10 10 10 11 11 7 11 8 11 9 11 10 12 7 12 8 12 9 12 10 13 8 14 7 1 8 1 9 2 13 3 6 5 10 5 12 5 13 5 5 5 4 7 3 8 9 9 3 10 12 11 5 13 7 12 11 15 7 2 14 9 2 15 6 16 7 17 7 16 8 17 6 18 7 
