q 48 0 3 0 4 0 5 0 6 0 7 0 8 0 9 0 10 0 11 0 12 0 13 0 14 1 3 1 4 1 5 1 6 1 7 1 8 1 9 1 10 1 11 1 12 1 13 1 14 2 3 2 4 2 5 2 6 2 7 2 8 2 9 2 10 2 11 2 12 2 13 2 14 3 3 3 4 3 5 3 6 3 7 3 8 3 9 3 10 3 11 3 12 3 13 3 14
q 60 0 2 0 3 0 4 0 5 0 6 0 7 0 8 0 9 0 10 0 11 0 12 0 13 1 2 1 3 1 4 1 5 1 6 1 7 1 8 1 9 1 10 1 11 1 12 1 13 2 2 2 3 2 4 2 5 2 6 2 7 2 8 2 9 2 10 2 11 2 12 2 13 3 2 3 3 3 4 3 5 3 6 3 7 3 8 3 9 3 10 3 11 3 12 3 13 4 2 4 3 4 4 4 5 4 6 4 7 4 8 4 9 4 10 4 11 4 12 4 13
q 42 8 5 8 6 8 7 8 8 8 9 8 10 8 11 9 5 9 6 9 7 9 8 9 9 9 10 9 11 10 5 10 6 10 7 10 8 10 9 10 10 10 11 11 5 11 6 11 7 11 8 11 9 11 10 11 11 12 5 12 6 12 7 12 8 12 9 12 10 12 11 13 5 13 6 13 7 13 8 13 9 13 10 13 11
q 40 11 5 11 6 11 7 11 8 11 9 11 10 11 11 11 12 11 13 11 14 12 5 12 6 12 7 12 8 12 9 12 10 12 11 12 12 12 13 12 14 13 5 13 6 13 7 13 8 13 9 13 10 13 11 13 12 13 13 13 14 14 5 14 6 14 7 14 8 14 9 14 10 14 11 14 12 14 13 14 14
q 32 7 7 7 8 7 9 7 10 8 7 8 8 8 9 8 10 9 7 9 8 9 9 9 10 10 7 10 8 10 9 10 10 11 7 11 8 11 9 11 10 12 7 12 8 12 9 12 10 13 7 13 8 13 9 13 10 14 7 14 8 14 9 14 10
q 42 1 3 1 4 1 5 2 3 2 4 2 5 3 3 3 4 3 5 4 3 4 4 4 5 5 3 5 4 5 5 6 3 6 4 6 5 7 3 7 4 7 5 8 3 8 4 8 5 9 3 9 4 9 5 10 3 10 4 10 5 11 3 11 4 11 5 12 3 12 4 12 5 13 3 13 4 13 5 14 3 14 4 14 5
q 48 2 7 2 8 2 9 2 10 3 7 3 8 3 9 3 10 4 7 4 8 4 9 4 10 5 7 5 8 5 9 5 10 6 7 6 8 6 9 6 10 7 7 7 8 7 9 7 10 8 7 8 8 8 9 8 10 9 7 9 8 9 9 9 10 10 7 10 8 10 9 10 10 11 7 11 8 11 9 11 10 12 7 12 8 12 9 12 10 13 7 13 8 13 9 13 10
q 28 6 2 6 3 6 4 6 5 6 6 6 7 6 8 7 2 7 3 7 4 7 5 7 6 7 7 7 8 8 2 8 3 8 4 8 5 8 6 8 7 8 8 9 2 9 3 9 4 9 5 9 6 9 7 9 8
q 45 0 0 0 1 0 2 1 0 1 1 1 2 2 0 2 1 2 2 3 0 3 1 3 2 4 0 4 1 4 2 5 0 5 1 5 2 6 0 6 1 6 2 7 0 7 1 7 2 8 0 8 1 8 2 9 0 9 1 9 2 10 0 10 1 10 2 11 0 11 1 11 2 12 0 12 1 12 2 13 0 13 1 13 2 14 0 14 1 14 2
q 30 2 9 2 10 2 11 2 12 2 13 2 14 3 9 3 10 3 11 3 12 3 13 3 14 4 9 4 10 4 11 4 12 4 13 4 14 5 9 5 10 5 11 5 12 5 13 5 14 6 9 6 10 6 11 6 12 6 13 6 14
q 49 4 7 4 8 4 9 4 10 4 11 4 12 4 13 5 7 5 8 5 9 5 10 5 11 5 12 5 13 6 7 6 8 6 9 6 10 6 11 6 12 6 13 7 7 7 8 7 9 7 10 7 11 7 12 7 13 8 7 8 8 8 9 8 10 8 11 8 12 8 13 9 7 9 8 9 9 9 10 9 11 9 12 9 13 10 7 10 8 10 9 10 10 10 11 10 12 10 13
q 40 3 3 3 4 3 5 3 6 3 7 4 3 4 4 4 5 4 6 4 7 5 3 5 4 5 5 5 6 5 7 6 3 6 4 6 5 6 6 6 7 7 3 7 4 7 5 7 6 7 7 8 3 8 4 8 5 8 6 8 7 9 3 9 4 9 5 9 6 9 7 10 3 10 4 10 5 10 6 10 7
q 27 11 6 11 7 11 8 11 9 11 10 11 11 11 12 11 13 11 14 12 6 12 7 12 8 12 9 12 10 12 11 12 12 12 13 12 14 13 6 13 7 13 8 13 9 13 10 13 11 13 12 13 13 13 14
q 64 4 0 4 1 4 2 4 3 4 4 4 5 4 6 4 7 5 0 5 1 5 2 5 3 5 4 5 5 5 6 5 7 6 0 6 1 6 2 6 3 6 4 6 5 6 6 6 7 7 0 7 1 7 2 7 3 7 4 7 5 7 6 7 7 8 0 8 1 8 2 8 3 8 4 8 5 8 6 8 7 9 0 9 1 9 2 9 3 9 4 9 5 9 6 9 7 10 0 10 1 10 2 10 3 10 4 10 5 10 6 10 7 11 0 11 1 11 2 11 3 11 4 11 5 11 6 11 7
q 56 4 5 4 6 4 7 4 8 4 9 4 10 4 11 4 12 5 5 5 6 5 7 5 8 5 9 5 10 5 11 5 12 6 5 6 6 6 7 6 8 6 9 6 10 6 11 6 12 7 5 7 6 7 7 7 8 7 9 7 10 7 11 7 12 8 5 8 6 8 7 8 8 8 9 8 10 8 11 8 12 9 5 9 6 9 7 9 8 9 9 9 10 9 11 9 12 10 5 10 6 10 7 10 8 10 9 10 10 10 11 10 12
q 36 7 3 7 4 7 5 7 6 7 7 7 8 7 9 7 10 7 11 7 12 7 13 7 14 8 3 8 4 8 5 8 6 8 7 8 8 8 9 8 10 8 11 8 12 8 13 8 14 9 3 9 4 9 5 9 6 9 7 9 8 9 9 9 10 9 11 9 12 9 13 9 14
q 39 2 2 2 3 2 4 2 5 2 6 2 7 2 8 2 9 2 10 2 11 2 12 2 13 2 14 3 2 3 3 3 4 3 5 3 6 3 7 3 8 3 9 3 10 3 11 3 12 3 13 3 14 4 2 4 3 4 4 4 5 4 6 4 7 4 8 4 9 4 10 4 11 4 12 4 13 4 14
q 60 0 3 0 4 0 5 0 6 0 7 0 8 0 9 0 10 0 11 0 12 0 13 0 14 1 3 1 4 1 5 1 6 1 7 1 8 1 9 1 10 1 11 1 12 1 13 1 14 2 3 2 4 2 5 2 6 2 7 2 8 2 9 2 10 2 11 2 12 2 13 2 14 3 3 3 4 3 5 3 6 3 7 3 8 3 9 3 10 3 11 3 12 3 13 3 14 4 3 4 4 4 5 4 6 4 7 4 8 4 9 4 10 4 11 4 12 4 13 4 14
q 26 1 1 1 2 1 3 1 4 1 5 1 6 1 7 1 8 1 9 1 10 1 11 1 12 1 13 2 1 2 2 2 3 2 4 2 5 2 6 2 7 2 8 2 9 2 10 2 11 2 12 2 13
q 30 1 0 1 1 1 2 1 3 1 4 1 5 1 6 1 7 1 8 1 9 1 10 1 11 1 12 1 13 1 14 2 0 2 1 2 2 2 3 2 4 2 5 2 6 2 7 2 8 2 9 2 10 2 11 2 12 2 13 2 14
q 56 5 1 5 2 5 3 5 4 5 5 5 6 5 7 5 8 5 9 5 10 5 11 5 12 5 13 5 14 6 1 6 2 6 3 6 4 6 5 6 6 6 7 6 8 6 9 6 10 6 11 6 12 6 13 6 14 7 1 7 2 7 3 7 4 7 5 7 6 7 7 7 8 7 9 7 10 7 11 7 12 7 13 7 14 8 1 8 2 8 3 8 4 8 5 8 6 8 7 8 8 8 9 8 10 8 11 8 12 8 13 8 14
q 28 3 3 3 4 3 5 3 6 4 3 4 4 4 5 4 6 5 3 5 4 5 5 5 6 6 3 6 4 6 5 6 6 7 3 7 4 7 5 7 6 8 3 8 4 8 5 8 6 9 3 9 4 9 5 9 6
q 44 2 6 2 7 2 8 2 9 3 6 3 7 3 8 3 9 4 6 4 7 4 8 4 9 5 6 5 7 5 8 5 9 6 6 6 7 6 8 6 9 7 6 7 7 7 8 7 9 8 6 8 7 8 8 8 9 9 6 9 7 9 8 9 9 10 6 10 7 10 8 10 9 11 6 11 7 11 8 11 9 12 6 12 7 12 8 12 9
q 35 6 0 6 1 6 2 6 3 6 4 6 5 6 6 7 0 7 1 7 2 7 3 7 4 7 5 7 6 8 0 8 1 8 2 8 3 8 4 8 5 8 6 9 0 9 1 9 2 9 3 9 4 9 5 9 6 10 0 10 1 10 2 10 3 10 4 10 5 10 6
q 27 1 3 1 4 1 5 2 3 2 4 2 5 3 3 3 4 3 5 4 3 4 4 4 5 5 3 5 4 5 5 6 3 6 4 6 5 7 3 7 4 7 5 8 3 8 4 8 5 9 3 9 4 9 5
q 48 7 0 7 1 7 2 7 3 7 4 7 5 8 0 8 1 8 2 8 3 8 4 8 5 9 0 9 1 9 2 9 3 9 4 9 5 10 0 10 1 10 2 10 3 10 4 10 5 11 0 11 1 11 2 11 3 11 4 11 5 12 0 12 1 12 2 12 3 12 4 12 5 13 0 13 1 13 2 13 3 13 4 13 5 14 0 14 1 14 2 14 3 14 4 14 5
q 44 3 4 3 5 3 6 3 7 4 4 4 5 4 6 4 7 5 4 5 5 5 6 5 7 6 4 6 5 6 6 6 7 7 4 7 5 7 6 7 7 8 4 8 5 8 6 8 7 9 4 9 5 9 6 9 7 10 4 10 5 10 6 10 7 11 4 11 5 11 6 11 7 12 4 12 5 12 6 12 7 13 4 13 5 13 6 13 7
q 45 6 5 6 6 6 7 6 8 6 9 7 5 7 6 7 7 7 8 7 9 8 5 8 6 8 7 8 8 8 9 9 5 9 6 9 7 9 8 9 9 10 5 10 6 10 7 10 8 10 9 11 5 11 6 11 7 11 8 11 9 12 5 12 6 12 7 12 8 12 9 13 5 13 6 13 7 13 8 13 9 14 5 14 6 14 7 14 8 14 9
q 63 4 2 4 3 4 4 4 5 4 6 4 7 4 8 5 2 5 3 5 4 5 5 5 6 5 7 5 8 6 2 6 3 6 4 6 5 6 6 6 7 6 8 7 2 7 3 7 4 7 5 7 6 7 7 7 8 8 2 8 3 8 4 8 5 8 6 8 7 8 8 9 2 9 3 9 4 9 5 9 6 9 7 9 8 10 2 10 3 10 4 10 5 10 6 10 7 10 8 11 2 11 3 11 4 11 5 11 6 11 7 11 8 12 2 12 3 12 4 12 5 12 6 12 7 12 8
q 26 0 12 0 13 1 12 1 13 2 12 2 13 3 12 3 13 4 12 4 13 5 12 5 13 6 12 6 13 7 12 7 13 8 12 8 13 9 12 9 13 10 12 10 13 11 12 11 13 12 12 12 13
q 39 2 10 2 11 2 12 3 10 3 11 3 12 4 10 4 11 4 12 5 10 5 11 5 12 6 10 6 11 6 12 7 10 7 11 7 12 8 10 8 11 8 12 9 10 9 11 9 12 10 10 10 11 10 12 11 10 11 11 11 12 12 10 12 11 12 12 13 10 13 11 13 12 14 10 14 11 14 12
q 25 5 0 5 1 5 2 5 3 5 4 6 0 6 1 6 2 6 3 6 4 7 0 7 1 7 2 7 3 7 4 8 0 8 1 8 2 8 3 8 4 9 0 9 1 9 2 9 3 9 4
q 64 1 1 1 2 1 3 1 4 1 5 1 6 1 7 1 8 2 1 2 2 2 3 2 4 2 5 2 6 2 7 2 8 3 1 3 2 3 3 3 4 3 5 3 6 3 7 3 8 4 1 4 2 4 3 4 4 4 5 4 6 4 7 4 8 5 1 5 2 5 3 5 4 5 5 5 6 5 7 5 8 6 1 6 2 6 3 6 4 6 5 6 6 6 7 6 8 7 1 7 2 7 3 7 4 7 5 7 6 7 7 7 8 8 1 8 2 8 3 8 4 8 5 8 6 8 7 8 8
q 35 0 2 0 3 0 4 0 5 0 6 1 2 1 3 1 4 1 5 1 6 2 2 2 3 2 4 2 5 2 6 3 2 3 3 3 4 3 5 3 6 4 2 4 3 4 4 4 5 4 6 5 2 5 3 5 4 5 5 5 6 6 2 6 3 6 4 6 5 6 6
q 36 4 0 4 1 4 2 4 3 4 4 4 5 5 0 5 1 5 2 5 3 5 4 5 5 6 0 6 1 6 2 6 3 6 4 6 5 7 0 7 1 7 2 7 3 7 4 7 5 8 0 8 1 8 2 8 3 8 4 8 5 9 0 9 1 9 2 9 3 9 4 9 5
q 50 10 1 10 2 10 3 10 4 10 5 10 6 10 7 10 8 10 9 10 10 11 1 11 2 11 3 11 4 11 5 11 6 11 7 11 8 11 9 11 10 12 1 12 2 12 3 12 4 12 5 12 6 12 7 12 8 12 9 12 10 13 1 13 2 13 3 13 4 13 5 13 6 13 7 13 8 13 9 13 10 14 1 14 2 14 3 14 4 14 5 14 6 14 7 14 8 14 9 14 10
q 56 7 1 7 2 7 3 7 4 7 5 7 6 7 7 8 1 8 2 8 3 8 4 8 5 8 6 8 7 9 1 9 2 9 3 9 4 9 5 9 6 9 7 10 1 10 2 10 3 10 4 10 5 10 6 10 7 11 1 11 2 11 3 11 4 11 5 11 6 11 7 12 1 12 2 12 3 12 4 12 5 12 6 12 7 13 1 13 2 13 3 13 4 13 5 13 6 13 7 14 1 14 2 14 3 14 4 14 5 14 6 14 7
q 54 6 1 6 2 6 3 6 4 6 5 6 6 7 1 7 2 7 3 7 4 7 5 7 6 8 1 8 2 8 3 8 4 8 5 8 6 9 1 9 2 9 3 9 4 9 5 9 6 10 1 10 2 10 3 10 4 10 5 10 6 11 1 11 2 11 3 11 4 11 5 11 6 12 1 12 2 12 3 12 4 12 5 12 6 13 1 13 2 13 3 13 4 13 5 13 6 14 1 14 2 14 3 14 4 14 5 14 6
q 35 4 8 4 9 4 10 4 11 4 12 4 13 4 14 5 8 5 9 5 10 5 11 5 12 5 13 5 14 6 8 6 9 6 10 6 11 6 12 6 13 6 14 7 8 7 9 7 10 7 11 7 12 7 13 7 14 8 8 8 9 8 10 8 11 8 12 8 13 8 14
q 60 0 7 0 8 0 9 0 10 1 7 1 8 1 9 1 10 2 7 2 8 2 9 2 10 3 7 3 8 3 9 3 10 4 7 4 8 4 9 4 10 5 7 5 8 5 9 5 10 6 7 6 8 6 9 6 10 7 7 7 8 7 9 7 10 8 7 8 8 8 9 8 10 9 7 9 8 9 9 9 10 10 7 10 8 10 9 10 10 11 7 11 8 11 9 11 10 12 7 12 8 12 9 12 10 13 7 13 8 13 9 13 10 14 7 14 8 14 9 14 10
q 39 1 9 1 10 1 11 2 9 2 10 2 11 3 9 3 10 3 11 4 9 4 10 4 11 5 9 5 10 5 11 6 9 6 10 6 11 7 9 7 10 7 11 8 9 8 10 8 11 9 9 9 10 9 11 10 9 10 10 10 11 11 9 11 10 11 11 12 9 12 10 12 11 13 9 13 10 13 11
q 54 2 6 2 7 2 8 2 9 2 10 2 11 3 6 3 7 3 8 3 9 3 10 3 11 4 6 4 7 4 8 4 9 4 10 4 11 5 6 5 7 5 8 5 9 5 10 5 11 6 6 6 7 6 8 6 9 6 10 6 11 7 6 7 7 7 8 7 9 7 10 7 11 8 6 8 7 8 8 8 9 8 10 8 11 9 6 9 7 9 8 9 9 9 10 9 11 10 6 10 7 10 8 10 9 10 10 10 11
q 30 0 12 0 13 1 12 1 13 2 12 2 13 3 12 3 13 4 12 4 13 5 12 5 13 6 12 6 13 7 12 7 13 8 12 8 13 9 12 9 13 10 12 10 13 11 12 11 13 12 12 12 13 13 12 13 13 14 12 14 13
q 60 0 2 0 3 0 4 0 5 0 6 0 7 0 8 0 9 0 10 0 11 1 2 1 3 1 4 1 5 1 6 1 7 1 8 1 9 1 10 1 11 2 2 2 3 2 4 2 5 2 6 2 7 2 8 2 9 2 10 2 11 3 2 3 3 3 4 3 5 3 6 3 7 3 8 3 9 3 10 3 11 4 2 4 3 4 4 4 5 4 6 4 7 4 8 4 9 4 10 4 11 5 2 5 3 5 4 5 5 5 6 5 7 5 8 5 9 5 10 5 11
q 56 7 1 7 2 7 3 7 4 7 5 7 6 7 7 7 8 8 1 8 2 8 3 8 4 8 5 8 6 8 7 8 8 9 1 9 2 9 3 9 4 9 5 9 6 9 7 9 8 10 1 10 2 10 3 10 4 10 5 10 6 10 7 10 8 11 1 11 2 11 3 11 4 11 5 11 6 11 7 11 8 12 1 12 2 12 3 12 4 12 5 12 6 12 7 12 8 13 1 13 2 13 3 13 4 13 5 13 6 13 7 13 8
q 52 2 11 2 12 2 13 2 14 3 11 3 12 3 13 3 14 4 11 4 12 4 13 4 14 5 11 5 12 5 13 5 14 6 11 6 12 6 13 6 14 7 11 7 12 7 13 7 14 8 11 8 12 8 13 8 14 9 11 9 12 9 13 9 14 10 11 10 12 10 13 10 14 11 11 11 12 11 13 11 14 12 11 12 12 12 13 12 14 13 11 13 12 13 13 13 14 14 11 14 12 14 13 14 14
q 40 9 3 9 4 9 5 9 6 9 7 9 8 9 9 9 10 9 11 9 12 10 3 10 4 10 5 10 6 10 7 10 8 10 9 10 10 10 11 10 12 11 3 11 4 11 5 11 6 11 7 11 8 11 9 11 10 11 11 11 12 12 3 12 4 12 5 12 6 12 7 12 8 12 9 12 10 12 11 12 12
q 40 5 9 5 10 5 11 5 12 5 13 6 9 6 10 6 11 6 12 6 13 7 9 7 10 7 11 7 12 7 13 8 9 8 10 8 11 8 12 8 13 9 9 9 10 9 11 9 12 9 13 10 9 10 10 10 11 10 12 10 13 11 9 11 10 11 11 11 12 11 13 12 9 12 10 12 11 12 12 12 13
q 60 3 2 3 3 3 4 3 5 3 6 3 7 3 8 3 9 3 10 3 11 3 12 3 13 4 2 4 3 4 4 4 5 4 6 4 7 4 8 4 9 4 10 4 11 4 12 4 13 5 2 5 3 5 4 5 5 5 6 5 7 5 8 5 9 5 10 5 11 5 12 5 13 6 2 6 3 6 4 6 5 6 6 6 7 6 8 6 9 6 10 6 11 6 12 6 13 7 2 7 3 7 4 7 5 7 6 7 7 7 8 7 9 7 10 7 11 7 12 7 13
q 32 4 0 4 1 4 2 4 3 5 0 5 1 5 2 5 3 6 0 6 1 6 2 6 3 7 0 7 1 7 2 7 3 8 0 8 1 8 2 8 3 9 0 9 1 9 2 9 3 10 0 10 1 10 2 10 3 11 0 11 1 11 2 11 3
q 60 2 8 2 9 2 10 2 11 2 12 3 8 3 9 3 10 3 11 3 12 4 8 4 9 4 10 4 11 4 12 5 8 5 9 5 10 5 11 5 12 6 8 6 9 6 10 6 11 6 12 7 8 7 9 7 10 7 11 7 12 8 8 8 9 8 10 8 11 8 12 9 8 9 9 9 10 9 11 9 12 10 8 10 9 10 10 10 11 10 12 11 8 11 9 11 10 11 11 11 12 12 8 12 9 12 10 12 11 12 12 13 8 13 9 13 10 13 11 13 12
q 26 2 2 2 3 3 2 3 3 4 2 4 3 5 2 5 3 6 2 6 3 7 2 7 3 8 2 8 3 9 2 9 3 10 2 10 3 11 2 11 3 12 2 12 3 13 2 13 3 14 2 14 3
q 30 0 9 0 10 1 9 1 10 2 9 2 10 3 9 3 10 4 9 4 10 5 9 5 10 6 9 6 10 7 9 7 10 8 9 8 10 9 9 9 10 10 9 10 10 11 9 11 10 12 9 12 10 13 9 13 10 14 9 14 10
q 60 6 0 6 1 6 2 6 3 6 4 6 5 6 6 6 7 6 8 6 9 6 10 6 11 6 12 6 13 6 14 7 0 7 1 7 2 7 3 7 4 7 5 7 6 7 7 7 8 7 9 7 10 7 11 7 12 7 13 7 14 8 0 8 1 8 2 8 3 8 4 8 5 8 6 8 7 8 8 8 9 8 10 8 11 8 12 8 13 8 14 9 0 9 1 9 2 9 3 9 4 9 5 9 6 9 7 9 8 9 9 9 10 9 11 9 12 9 13 9 14
q 25 7 5 7 6 7 7 7 8 7 9 8 5 8 6 8 7 8 8 8 9 9 5 9 6 9 7 9 8 9 9 10 5 10 6 10 7 10 8 10 9 11 5 11 6 11 7 11 8 11 9
q 35 0 7 0 8 0 9 0 10 0 11 0 12 0 13 1 7 1 8 1 9 1 10 1 11 1 12 1 13 2 7 2 8 2 9 2 10 2 11 2 12 2 13 3 7 3 8 3 9 3 10 3 11 3 12 3 13 4 7 4 8 4 9 4 10 4 11 4 12 4 13
q 60 2 0 2 1 2 2 2 3 2 4 2 5 2 6 2 7 2 8 2 9 2 10 2 11 2 12 2 13 2 14 3 0 3 1 3 2 3 3 3 4 3 5 3 6 3 7 3 8 3 9 3 10 3 11 3 12 3 13 3 14 4 0 4 1 4 2 4 3 4 4 4 5 4 6 4 7 4 8 4 9 4 10 4 11 4 12 4 13 4 14 5 0 5 1 5 2 5 3 5 4 5 5 5 6 5 7 5 8 5 9 5 10 5 11 5 12 5 13 5 14
q 36 0 3 0 4 0 5 0 6 0 7 0 8 0 9 0 10 0 11 1 3 1 4 1 5 1 6 1 7 1 8 1 9 1 10 1 11 2 3 2 4 2 5 2 6 2 7 2 8 2 9 2 10 2 11 3 3 3 4 3 5 3 6 3 7 3 8 3 9 3 10 3 11
q 28 0 8 0 9 1 8 1 9 2 8 2 9 3 8 3 9 4 8 4 9 5 8 5 9 6 8 6 9 7 8 7 9 8 8 8 9 9 8 9 9 10 8 10 9 11 8 11 9 12 8 12 9 13 8 13 9
q 27 3 9 3 10 3 11 4 9 4 10 4 11 5 9 5 10 5 11 6 9 6 10 6 11 7 9 7 10 7 11 8 9 8 10 8 11 9 9 9 10 9 11 10 9 10 10 10 11 11 9 11 10 11 11
q 26 8 2 8 3 8 4 8 5 8 6 8 7 8 8 8 9 8 10 8 11 8 12 8 13 8 14 9 2 9 3 9 4 9 5 9 6 9 7 9 8 9 9 9 10 9 11 9 12 9 13 9 14
q 52 0 3 0 4 0 5 0 6 1 3 1 4 1 5 1 6 2 3 2 4 2 5 2 6 3 3 3 4 3 5 3 6 4 3 4 4 4 5 4 6 5 3 5 4 5 5 5 6 6 3 6 4 6 5 6 6 7 3 7 4 7 5 7 6 8 3 8 4 8 5 8 6 9 3 9 4 9 5 9 6 10 3 10 4 10 5 10 6 11 3 11 4 11 5 11 6 12 3 12 4 12 5 12 6
q 45 5 6 5 7 5 8 5 9 5 10 5 11 5 12 5 13 5 14 6 6 6 7 6 8 6 9 6 10 6 11 6 12 6 13 6 14 7 6 7 7 7 8 7 9 7 10 7 11 7 12 7 13 7 14 8 6 8 7 8 8 8 9 8 10 8 11 8 12 8 13 8 14 9 6 9 7 9 8 9 9 9 10 9 11 9 12 9 13 9 14
q 28 0 0 0 1 0 2 0 3 0 4 0 5 0 6 0 7 0 8 0 9 0 10 0 11 0 12 0 13 1 0 1 1 1 2 1 3 1 4 1 5 1 6 1 7 1 8 1 9 1 10 1 11 1 12 1 13
q 40 3 3 3 4 3 5 3 6 3 7 3 8 3 9 3 10 4 3 4 4 4 5 4 6 4 7 4 8 4 9 4 10 5 3 5 4 5 5 5 6 5 7 5 8 5 9 5 10 6 3 6 4 6 5 6 6 6 7 6 8 6 9 6 10 7 3 7 4 7 5 7 6 7 7 7 8 7 9 7 10
q 27 3 0 3 1 3 2 3 3 3 4 3 5 3 6 3 7 3 8 4 0 4 1 4 2 4 3 4 4 4 5 4 6 4 7 4 8 5 0 5 1 5 2 5 3 5 4 5 5 5 6 5 7 5 8
q 28 3 7 3 8 3 9 3 10 3 11 3 12 3 13 4 7 4 8 4 9 4 10 4 11 4 12 4 13 5 7 5 8 5 9 5 10 5 11 5 12 5 13 6 7 6 8 6 9 6 10 6 11 6 12 6 13
q 44 0 2 0 3 0 4 0 5 1 2 1 3 1 4 1 5 2 2 2 3 2 4 2 5 3 2 3 3 3 4 3 5 4 2 4 3 4 4 4 5 5 2 5 3 5 4 5 5 6 2 6 3 6 4 6 5 7 2 7 3 7 4 7 5 8 2 8 3 8 4 8 5 9 2 9 3 9 4 9 5 10 2 10 3 10 4 10 5
q 52 1 4 1 5 1 6 1 7 2 4 2 5 2 6 2 7 3 4 3 5 3 6 3 7 4 4 4 5 4 6 4 7 5 4 5 5 5 6 5 7 6 4 6 5 6 6 6 7 7 4 7 5 7 6 7 7 8 4 8 5 8 6 8 7 9 4 9 5 9 6 9 7 10 4 10 5 10 6 10 7 11 4 11 5 11 6 11 7 12 4 12 5 12 6 12 7 13 4 13 5 13 6 13 7
q 30 0 5 0 6 1 5 1 6 2 5 2 6 3 5 3 6 4 5 4 6 5 5 5 6 6 5 6 6 7 5 7 6 8 5 8 6 9 5 9 6 10 5 10 6 11 5 11 6 12 5 12 6 13 5 13 6 14 5 14 6
q 45 11 0 11 1 11 2 11 3 11 4 11 5 11 6 11 7 11 8 11 9 11 10 11 11 11 12 11 13 11 14 12 0 12 1 12 2 12 3 12 4 12 5 12 6 12 7 12 8 12 9 12 10 12 11 12 12 12 13 12 14 13 0 13 1 13 2 13 3 13 4 13 5 13 6 13 7 13 8 13 9 13 10 13 11 13 12 13 13 13 14
q 33 8 2 8 3 8 4 8 5 8 6 8 7 8 8 8 9 8 10 8 11 8 12 9 2 9 3 9 4 9 5 9 6 9 7 9 8 9 9 9 10 9 11 9 12 10 2 10 3 10 4 10 5 10 6 10 7 10 8 10 9 10 10 10 11 10 12
q 56 3 5 3 6 3 7 3 8 3 9 3 10 3 11 4 5 4 6 4 7 4 8 4 9 4 10 4 11 5 5 5 6 5 7 5 8 5 9 5 10 5 11 6 5 6 6 6 7 6 8 6 9 6 10 6 11 7 5 7 6 7 7 7 8 7 9 7 10 7 11 8 5 8 6 8 7 8 8 8 9 8 10 8 11 9 5 9 6 9 7 9 8 9 9 9 10 9 11 10 5 10 6 10 7 10 8 10 9 10 10 10 11
q 54 2 6 2 7 2 8 2 9 2 10 2 11 3 6 3 7 3 8 3 9 3 10 3 11 4 6 4 7 4 8 4 9 4 10 4 11 5 6 5 7 5 8 5 9 5 10 5 11 6 6 6 7 6 8 6 9 6 10 6 11 7 6 7 7 7 8 7 9 7 10 7 11 8 6 8 7 8 8 8 9 8 10 8 11 9 6 9 7 9 8 9 9 9 10 9 11 10 6 10 7 10 8 10 9 10 10 10 11
q 40 5 1 5 2 5 3 5 4 5 5 5 6 5 7 5 8 6 1 6 2 6 3 6 4 6 5 6 6 6 7 6 8 7 1 7 2 7 3 7 4 7 5 7 6 7 7 7 8 8 1 8 2 8 3 8 4 8 5 8 6 8 7 8 8 9 1 9 2 9 3 9 4 9 5 9 6 9 7 9 8
q 48 6 2 6 3 6 4 6 5 6 6 6 7 6 8 6 9 6 10 6 11 6 12 6 13 7 2 7 3 7 4 7 5 7 6 7 7 7 8 7 9 7 10 7 11 7 12 7 13 8 2 8 3 8 4 8 5 8 6 8 7 8 8 8 9 8 10 8 11 8 12 8 13 9 2 9 3 9 4 9 5 9 6 9 7 9 8 9 9 9 10 9 11 9 12 9 13
q 40 6 6 6 7 6 8 6 9 6 10 7 6 7 7 7 8 7 9 7 10 8 6 8 7 8 8 8 9 8 10 9 6 9 7 9 8 9 9 9 10 10 6 10 7 10 8 10 9 10 10 11 6 11 7 11 8 11 9 11 10 12 6 12 7 12 8 12 9 12 10 13 6 13 7 13 8 13 9 13 10
q 28 2 0 2 1 2 2 2 3 2 4 2 5 2 6 3 0 3 1 3 2 3 3 3 4 3 5 3 6 4 0 4 1 4 2 4 3 4 4 4 5 4 6 5 0 5 1 5 2 5 3 5 4 5 5 5 6
q 45 0 0 0 1 0 2 0 3 0 4 0 5 0 6 0 7 0 8 0 9 0 10 0 11 0 12 0 13 0 14 1 0 1 1 1 2 1 3 1 4 1 5 1 6 1 7 1 8 1 9 1 10 1 11 1 12 1 13 1 14 2 0 2 1 2 2 2 3 2 4 2 5 2 6 2 7 2 8 2 9 2 10 2 11 2 12 2 13 2 14
q 36 2 8 2 9 2 10 3 8 3 9 3 10 4 8 4 9 4 10 5 8 5 9 5 10 6 8 6 9 6 10 7 8 7 9 7 10 8 8 8 9 8 10 9 8 9 9 9 10 10 8 10 9 10 10 11 8 11 9 11 10 12 8 12 9 12 10 13 8 13 9 13 10
q 36 1 7 1 8 1 9 2 7 2 8 2 9 3 7 3 8 3 9 4 7 4 8 4 9 5 7 5 8 5 9 6 7 6 8 6 9 7 7 7 8 7 9 8 7 8 8 8 9 9 7 9 8 9 9 10 7 10 8 10 9 11 7 11 8 11 9 12 7 12 8 12 9
q 45 1 3 1 4 1 5 1 6 1 7 2 3 2 4 2 5 2 6 2 7 3 3 3 4 3 5 3 6 3 7 4 3 4 4 4 5 4 6 4 7 5 3 5 4 5 5 5 6 5 7 6 3 6 4 6 5 6 6 6 7 7 3 7 4 7 5 7 6 7 7 8 3 8 4 8 5 8 6 8 7 9 3 9 4 9 5 9 6 9 7
q 56 3 4 3 5 3 6 3 7 3 8 3 9 3 10 3 11 4 4 4 5 4 6 4 7 4 8 4 9 4 10 4 11 5 4 5 5 5 6 5 7 5 8 5 9 5 10 5 11 6 4 6 5 6 6 6 7 6 8 6 9 6 10 6 11 7 4 7 5 7 6 7 7 7 8 7 9 7 10 7 11 8 4 8 5 8 6 8 7 8 8 8 9 8 10 8 11 9 4 9 5 9 6 9 7 9 8 9 9 9 10 9 11
q 28 7 6 7 7 7 8 7 9 7 10 7 11 7 12 8 6 8 7 8 8 8 9 8 10 8 11 8 12 9 6 9 7 9 8 9 9 9 10 9 11 9 12 10 6 10 7 10 8 10 9 10 10 10 11 10 12
q 48 7 0 7 1 7 2 7 3 7 4 7 5 7 6 7 7 7 8 7 9 7 10 7 11 8 0 8 1 8 2 8 3 8 4 8 5 8 6 8 7 8 8 8 9 8 10 8 11 9 0 9 1 9 2 9 3 9 4 9 5 9 6 9 7 9 8 9 9 9 10 9 11 10 0 10 1 10 2 10 3 10 4 10 5 10 6 10 7 10 8 10 9 10 10 10 11
q 27 0 8 0 9 0 10 1 8 1 9 1 10 2 8 2 9 2 10 3 8 3 9 3 10 4 8 4 9 4 10 5 8 5 9 5 10 6 8 6 9 6 10 7 8 7 9 7 10 8 8 8 9 8 10
q 35 3 4 3 5 3 6 3 7 3 8 4 4 4 5 4 6 4 7 4 8 5 4 5 5 5 6 5 7 5 8 6 4 6 5 6 6 6 7 6 8 7 4 7 5 7 6 7 7 7 8 8 4 8 5 8 6 8 7 8 8 9 4 9 5 9 6 9 7 9 8
q 44 11 0 11 1 11 2 11 3 11 4 11 5 11 6 11 7 11 8 11 9 11 10 12 0 12 1 12 2 12 3 12 4 12 5 12 6 12 7 12 8 12 9 12 10 13 0 13 1 13 2 13 3 13 4 13 5 13 6 13 7 13 8 13 9 13 10 14 0 14 1 14 2 14 3 14 4 14 5 14 6 14 7 14 8 14 9 14 10
q 48 10 1 10 2 10 3 10 4 10 5 10 6 10 7 10 8 10 9 10 10 10 11 10 12 11 1 11 2 11 3 11 4 11 5 11 6 11 7 11 8 11 9 11 10 11 11 11 12 12 1 12 2 12 3 12 4 12 5 12 6 12 7 12 8 12 9 12 10 12 11 12 12 13 1 13 2 13 3 13 4 13 5 13 6 13 7 13 8 13 9 13 10 13 11 13 12
q 36 4 0 4 1 4 2 4 3 4 4 4 5 4 6 4 7 4 8 4 9 4 10 4 11 5 0 5 1 5 2 5 3 5 4 5 5 5 6 5 7 5 8 5 9 5 10 5 11 6 0 6 1 6 2 6 3 6 4 6 5 6 6 6 7 6 8 6 9 6 10 6 11
q 52 0 8 0 9 0 10 0 11 1 8 1 9 1 10 1 11 2 8 2 9 2 10 2 11 3 8 3 9 3 10 3 11 4 8 4 9 4 10 4 11 5 8 5 9 5 10 5 11 6 8 6 9 6 10 6 11 7 8 7 9 7 10 7 11 8 8 8 9 8 10 8 11 9 8 9 9 9 10 9 11 10 8 10 9 10 10 10 11 11 8 11 9 11 10 11 11 12 8 12 9 12 10 12 11
q 60 0 0 0 1 0 2 0 3 1 0 1 1 1 2 1 3 2 0 2 1 2 2 2 3 3 0 3 1 3 2 3 3 4 0 4 1 4 2 4 3 5 0 5 1 5 2 5 3 6 0 6 1 6 2 6 3 7 0 7 1 7 2 7 3 8 0 8 1 8 2 8 3 9 0 9 1 9 2 9 3 10 0 10 1 10 2 10 3 11 0 11 1 11 2 11 3 12 0 12 1 12 2 12 3 13 0 13 1 13 2 13 3 14 0 14 1 14 2 14 3
q 44 7 4 7 5 7 6 7 7 7 8 7 9 7 10 7 11 7 12 7 13 7 14 8 4 8 5 8 6 8 7 8 8 8 9 8 10 8 11 8 12 8 13 8 14 9 4 9 5 9 6 9 7 9 8 9 9 9 10 9 11 9 12 9 13 9 14 10 4 10 5 10 6 10 7 10 8 10 9 10 10 10 11 10 12 10 13 10 14
q 27 4 5 4 6 4 7 5 5 5 6 5 7 6 5 6 6 6 7 7 5 7 6 7 7 8 5 8 6 8 7 9 5 9 6 9 7 10 5 10 6 10 7 11 5 11 6 11 7 12 5 12 6 12 7
q 54 4 1 4 2 4 3 4 4 4 5 4 6 4 7 4 8 4 9 5 1 5 2 5 3 5 4 5 5 5 6 5 7 5 8 5 9 6 1 6 2 6 3 6 4 6 5 6 6 6 7 6 8 6 9 7 1 7 2 7 3 7 4 7 5 7 6 7 7 7 8 7 9 8 1 8 2 8 3 8 4 8 5 8 6 8 7 8 8 8 9 9 1 9 2 9 3 9 4 9 5 9 6 9 7 9 8 9 9
q 36 11 2 11 3 11 4 11 5 11 6 11 7 11 8 11 9 11 10 11 11 11 12 11 13 12 2 12 3 12 4 12 5 12 6 12 7 12 8 12 9 12 10 12 11 12 12 12 13 13 2 13 3 13 4 13 5 13 6 13 7 13 8 13 9 13 10 13 11 13 12 13 13
q 27 3 3 3 4 3 5 4 3 4 4 4 5 5 3 5 4 5 5 6 3 6 4 6 5 7 3 7 4 7 5 8 3 8 4 8 5 9 3 9 4 9 5 10 3 10 4 10 5 11 3 11 4 11 5
q 30 0 10 0 11 0 12 1 10 1 11 1 12 2 10 2 11 2 12 3 10 3 11 3 12 4 10 4 11 4 12 5 10 5 11 5 12 6 10 6 11 6 12 7 10 7 11 7 12 8 10 8 11 8 12 9 10 9 11 9 12
q 50 0 6 0 7 0 8 0 9 0 10 1 6 1 7 1 8 1 9 1 10 2 6 2 7 2 8 2 9 2 10 3 6 3 7 3 8 3 9 3 10 4 6 4 7 4 8 4 9 4 10 5 6 5 7 5 8 5 9 5 10 6 6 6 7 6 8 6 9 6 10 7 6 7 7 7 8 7 9 7 10 8 6 8 7 8 8 8 9 8 10 9 6 9 7 9 8 9 9 9 10
q 40 4 7 4 8 4 9 4 10 4 11 5 7 5 8 5 9 5 10 5 11 6 7 6 8 6 9 6 10 6 11 7 7 7 8 7 9 7 10 7 11 8 7 8 8 8 9 8 10 8 11 9 7 9 8 9 9 9 10 9 11 10 7 10 8 10 9 10 10 10 11 11 7 11 8 11 9 11 10 11 11
q 45 2 10 2 11 2 12 2 13 2 14 3 10 3 11 3 12 3 13 3 14 4 10 4 11 4 12 4 13 4 14 5 10 5 11 5 12 5 13 5 14 6 10 6 11 6 12 6 13 6 14 7 10 7 11 7 12 7 13 7 14 8 10 8 11 8 12 8 13 8 14 9 10 9 11 9 12 9 13 9 14 10 10 10 11 10 12 10 13 10 14
q 55 4 6 4 7 4 8 4 9 4 10 5 6 5 7 5 8 5 9 5 10 6 6 6 7 6 8 6 9 6 10 7 6 7 7 7 8 7 9 7 10 8 6 8 7 8 8 8 9 8 10 9 6 9 7 9 8 9 9 9 10 10 6 10 7 10 8 10 9 10 10 11 6 11 7 11 8 11 9 11 10 12 6 12 7 12 8 12 9 12 10 13 6 13 7 13 8 13 9 13 10 14 6 14 7 14 8 14 9 14 10
q 30 0 4 0 5 0 6 0 7 0 8 0 9 0 10 0 11 0 12 0 13 1 4 1 5 1 6 1 7 1 8 1 9 1 10 1 11 1 12 1 13 2 4 2 5 2 6 2 7 2 8 2 9 2 10 2 11 2 12 2 13
q 30 6 0 6 1 6 2 6 3 6 4 6 5 6 6 6 7 6 8 6 9 6 10 6 11 6 12 6 13 6 14 7 0 7 1 7 2 7 3 7 4 7 5 7 6 7 7 7 8 7 9 7 10 7 11 7 12 7 13 7 14
q 40 4 5 4 6 4 7 4 8 4 9 4 10 4 11 4 12 4 13 4 14 5 5 5 6 5 7 5 8 5 9 5 10 5 11 5 12 5 13 5 14 6 5 6 6 6 7 6 8 6 9 6 10 6 11 6 12 6 13 6 14 7 5 7 6 7 7 7 8 7 9 7 10 7 11 7 12 7 13 7 14
q 56 3 2 3 3 3 4 3 5 3 6 3 7 3 8 3 9 4 2 4 3 4 4 4 5 4 6 4 7 4 8 4 9 5 2 5 3 5 4 5 5 5 6 5 7 5 8 5 9 6 2 6 3 6 4 6 5 6 6 6 7 6 8 6 9 7 2 7 3 7 4 7 5 7 6 7 7 7 8 7 9 8 2 8 3 8 4 8 5 8 6 8 7 8 8 8 9 9 2 9 3 9 4 9 5 9 6 9 7 9 8 9 9
q 28 9 7 9 8 9 9 9 10 9 11 9 12 9 13 10 7 10 8 10 9 10 10 10 11 10 12 10 13 11 7 11 8 11 9 11 10 11 11 11 12 11 13 12 7 12 8 12 9 12 10 12 11 12 12 12 13
q 48 1 7 1 8 1 9 1 10 2 7 2 8 2 9 2 10 3 7 3 8 3 9 3 10 4 7 4 8 4 9 4 10 5 7 5 8 5 9 5 10 6 7 6 8 6 9 6 10 7 7 7 8 7 9 7 10 8 7 8 8 8 9 8 10 9 7 9 8 9 9 9 10 10 7 10 8 10 9 10 10 11 7 11 8 11 9 11 10 12 7 12 8 12 9 12 10
q 30 2 12 2 13 2 14 3 12 3 13 3 14 4 12 4 13 4 14 5 12 5 13 5 14 6 12 6 13 6 14 7 12 7 13 7 14 8 12 8 13 8 14 9 12 9 13 9 14 10 12 10 13 10 14 11 12 11 13 11 14
q 45 5 3 5 4 5 5 5 6 5 7 6 3 6 4 6 5 6 6 6 7 7 3 7 4 7 5 7 6 7 7 8 3 8 4 8 5 8 6 8 7 9 3 9 4 9 5 9 6 9 7 10 3 10 4 10 5 10 6 10 7 11 3 11 4 11 5 11 6 11 7 12 3 12 4 12 5 12 6 12 7 13 3 13 4 13 5 13 6 13 7
q 27 2 12 2 13 2 14 3 12 3 13 3 14 4 12 4 13 4 14 5 12 5 13 5 14 6 12 6 13 6 14 7 12 7 13 7 14 8 12 8 13 8 14 9 12 9 13 9 14 10 12 10 13 10 14
q 45 4 6 4 7 4 8 4 9 4 10 5 6 5 7 5 8 5 9 5 10 6 6 6 7 6 8 6 9 6 10 7 6 7 7 7 8 7 9 7 10 8 6 8 7 8 8 8 9 8 10 9 6 9 7 9 8 9 9 9 10 10 6 10 7 10 8 10 9 10 10 11 6 11 7 11 8 11 9 11 10 12 6 12 7 12 8 12 9 12 10
q 32 5 4 5 5 5 6 5 7 5 8 5 9 5 10 5 11 6 4 6 5 6 6 6 7 6 8 6 9 6 10 6 11 7 4 7 5 7 6 7 7 7 8 7 9 7 10 7 11 8 4 8 5 8 6 8 7 8 8 8 9 8 10 8 11
q 44 9 2 9 3 9 4 9 5 9 6 9 7 9 8 9 9 9 10 9 11 9 12 10 2 10 3 10 4 10 5 10 6 10 7 10 8 10 9 10 10 10 11 10 12 11 2 11 3 11 4 11 5 11 6 11 7 11 8 11 9 11 10 11 11 11 12 12 2 12 3 12 4 12 5 12 6 12 7 12 8 12 9 12 10 12 11 12 12
q 44 0 2 0 3 0 4 0 5 0 6 0 7 0 8 0 9 0 10 0 11 0 12 1 2 1 3 1 4 1 5 1 6 1 7 1 8 1 9 1 10 1 11 1 12 2 2 2 3 2 4 2 5 2 6 2 7 2 8 2 9 2 10 2 11 2 12 3 2 3 3 3 4 3 5 3 6 3 7 3 8 3 9 3 10 3 11 3 12
q 32 1 7 1 8 1 9 1 10 1 11 1 12 1 13 1 14 2 7 2 8 2 9 2 10 2 11 2 12 2 13 2 14 3 7 3 8 3 9 3 10 3 11 3 12 3 13 3 14 4 7 4 8 4 9 4 10 4 11 4 12 4 13 4 14
q 40 2 0 2 1 2 2 2 3 2 4 2 5 2 6 2 7 2 8 2 9 3 0 3 1 3 2 3 3 3 4 3 5 3 6 3 7 3 8 3 9 4 0 4 1 4 2 4 3 4 4 4 5 4 6 4 7 4 8 4 9 5 0 5 1 5 2 5 3 5 4 5 5 5 6 5 7 5 8 5 9
q 54 2 3 2 4 2 5 2 6 2 7 2 8 3 3 3 4 3 5 3 6 3 7 3 8 4 3 4 4 4 5 4 6 4 7 4 8 5 3 5 4 5 5 5 6 5 7 5 8 6 3 6 4 6 5 6 6 6 7 6 8 7 3 7 4 7 5 7 6 7 7 7 8 8 3 8 4 8 5 8 6 8 7 8 8 9 3 9 4 9 5 9 6 9 7 9 8 10 3 10 4 10 5 10 6 10 7 10 8
q 49 3 6 3 7 3 8 3 9 3 10 3 11 3 12 4 6 4 7 4 8 4 9 4 10 4 11 4 12 5 6 5 7 5 8 5 9 5 10 5 11 5 12 6 6 6 7 6 8 6 9 6 10 6 11 6 12 7 6 7 7 7 8 7 9 7 10 7 11 7 12 8 6 8 7 8 8 8 9 8 10 8 11 8 12 9 6 9 7 9 8 9 9 9 10 9 11 9 12
q 40 5 2 5 3 5 4 5 5 5 6 6 2 6 3 6 4 6 5 6 6 7 2 7 3 7 4 7 5 7 6 8 2 8 3 8 4 8 5 8 6 9 2 9 3 9 4 9 5 9 6 10 2 10 3 10 4 10 5 10 6 11 2 11 3 11 4 11 5 11 6 12 2 12 3 12 4 12 5 12 6
q 50 3 3 3 4 3 5 3 6 3 7 4 3 4 4 4 5 4 6 4 7 5 3 5 4 5 5 5 6 5 7 6 3 6 4 6 5 6 6 6 7 7 3 7 4 7 5 7 6 7 7 8 3 8 4 8 5 8 6 8 7 9 3 9 4 9 5 9 6 9 7 10 3 10 4 10 5 10 6 10 7 11 3 11 4 11 5 11 6 11 7 12 3 12 4 12 5 12 6 12 7
q 30 3 2 3 3 3 4 3 5 3 6 4 2 4 3 4 4 4 5 4 6 5 2 5 3 5 4 5 5 5 6 6 2 6 3 6 4 6 5 6 6 7 2 7 3 7 4 7 5 7 6 8 2 8 3 8 4 8 5 8 6
q 35 7 3 7 4 7 5 7 6 7 7 7 8 7 9 8 3 8 4 8 5 8 6 8 7 8 8 8 9 9 3 9 4 9 5 9 6 9 7 9 8 9 9 10 3 10 4 10 5 10 6 10 7 10 8 10 9 11 3 11 4 11 5 11 6 11 7 11 8 11 9
q 56 0 1 0 2 0 3 0 4 0 5 0 6 0 7 0 8 0 9 0 10 0 11 0 12 0 13 0 14 1 1 1 2 1 3 1 4 1 5 1 6 1 7 1 8 1 9 1 10 1 11 1 12 1 13 1 14 2 1 2 2 2 3 2 4 2 5 2 6 2 7 2 8 2 9 2 10 2 11 2 12 2 13 2 14 3 1 3 2 3 3 3 4 3 5 3 6 3 7 3 8 3 9 3 10 3 11 3 12 3 13 3 14
q 28 6 11 6 12 6 13 6 14 7 11 7 12 7 13 7 14 8 11 8 12 8 13 8 14 9 11 9 12 9 13 9 14 10 11 10 12 10 13 10 14 11 11 11 12 11 13 11 14 12 11 12 12 12 13 12 14
q 2 9 13 9 14
q 60 11 0 11 1 11 2 11 3 11 4 11 5 11 6 11 7 11 8 11 9 11 10 11 11 11 12 11 13 11 14 12 0 12 1 12 2 12 3 12 4 12 5 12 6 12 7 12 8 12 9 12 10 12 11 12 12 12 13 12 14 13 0 13 1 13 2 13 3 13 4 13 5 13 6 13 7 13 8 13 9 13 10 13 11 13 12 13 13 13 14 14 0 14 1 14 2 14 3 14 4 14 5 14 6 14 7 14 8 14 9 14 10 14 11 14 12 14 13 14 14
q 3 9 10 9 11 9 12
q 36 6 4 6 5 6 6 6 7 7 4 7 5 7 6 7 7 8 4 8 5 8 6 8 7 9 4 9 5 9 6 9 7 10 4 10 5 10 6 10 7 11 4 11 5 11 6 11 7 12 4 12 5 12 6 12 7 13 4 13 5 13 6 13 7 14 4 14 5 14 6 14 7
q 4 9 8 10 8 11 8 12 8
q 6 8 10 9 10 10 10 11 10 12 10 13 10
q 63 8 2 8 3 8 4 8 5 8 6 8 7 8 8 8 9 8 10 9 2 9 3 9 4 9 5 9 6 9 7 9 8 9 9 9 10 10 2 10 3 10 4 10 5 10 6 10 7 10 8 10 9 10 10 11 2 11 3 11 4 11 5 11 6 11 7 11 8 11 9 11 10 12 2 12 3 12 4 12 5 12 6 12 7 12 8 12 9 12 10 13 2 13 3 13 4 13 5 13 6 13 7 13 8 13 9 13 10 14 2 14 3 14 4 14 5 14 6 14 7 14 8 14 9 14 10
q 13 3 2 3 3 3 4 3 5 3 6 3 7 3 8 3 9 3 10 3 11 3 12 3 13 3 14
q 5 7 0 7 1 7 2 7 3 7 4
q 48 0 1 0 2 0 3 0 4 0 5 0 6 0 7 0 8 1 1 1 2 1 3 1 4 1 5 1 6 1 7 1 8 2 1 2 2 2 3 2 4 2 5 2 6 2 7 2 8 3 1 3 2 3 3 3 4 3 5 3 6 3 7 3 8 4 1 4 2 4 3 4 4 4 5 4 6 4 7 4 8 5 1 5 2 5 3 5 4 5 5 5 6 5 7 5 8
q 39 7 0 7 1 7 2 7 3 7 4 7 5 7 6 7 7 7 8 7 9 7 10 7 11 7 12 8 0 8 1 8 2 8 3 8 4 8 5 8 6 8 7 8 8 8 9 8 10 8 11 8 12 9 0 9 1 9 2 9 3 9 4 9 5 9 6 9 7 9 8 9 9 9 10 9 11 9 12
q 11 1 0 1 1 1 2 1 3 1 4 1 5 1 6 1 7 1 8 1 9 1 10
q 36 1 9 1 10 1 11 2 9 2 10 2 11 3 9 3 10 3 11 4 9 4 10 4 11 5 9 5 10 5 11 6 9 6 10 6 11 7 9 7 10 7 11 8 9 8 10 8 11 9 9 9 10 9 11 10 9 10 10 10 11 11 9 11 10 11 11 12 9 12 10 12 11
q 36 3 11 3 12 3 13 3 14 4 11 4 12 4 13 4 14 5 11 5 12 5 13 5 14 6 11 6 12 6 13 6 14 7 11 7 12 7 13 7 14 8 11 8 12 8 13 8 14 9 11 9 12 9 13 9 14 10 11 10 12 10 13 10 14 11 11 11 12 11 13 11 14
q 56 9 1 9 2 9 3 9 4 9 5 9 6 9 7 9 8 9 9 9 10 9 11 9 12 9 13 9 14 10 1 10 2 10 3 10 4 10 5 10 6 10 7 10 8 10 9 10 10 10 11 10 12 10 13 10 14 11 1 11 2 11 3 11 4 11 5 11 6 11 7 11 8 11 9 11 10 11 11 11 12 11 13 11 14 12 1 12 2 12 3 12 4 12 5 12 6 12 7 12 8 12 9 12 10 12 11 12 12 12 13 12 14
q 13 10 1 10 2 10 3 10 4 10 5 10 6 10 7 10 8 10 9 10 10 10 11 10 12 10 13
q 22 0 12 0 13 1 12 1 13 2 12 2 13 3 12 3 13 4 12 4 13 5 12 5 13 6 12 6 13 7 12 7 13 8 12 8 13 9 12 9 13 10 12 10 13
q 63 0 6 0 7 0 8 0 9 0 10 0 11 0 12 0 13 0 14 1 6 1 7 1 8 1 9 1 10 1 11 1 12 1 13 1 14 2 6 2 7 2 8 2 9 2 10 2 11 2 12 2 13 2 14 3 6 3 7 3 8 3 9 3 10 3 11 3 12 3 13 3 14 4 6 4 7 4 8 4 9 4 10 4 11 4 12 4 13 4 14 5 6 5 7 5 8 5 9 5 10 5 11 5 12 5 13 5 14 6 6 6 7 6 8 6 9 6 10 6 11 6 12 6 13 6 14
q 56 10 1 10 2 10 3 10 4 10 5 10 6 10 7 10 8 10 9 10 10 10 11 10 12 10 13 10 14 11 1 11 2 11 3 11 4 11 5 11 6 11 7 11 8 11 9 11 10 11 11 11 12 11 13 11 14 12 1 12 2 12 3 12 4 12 5 12 6 12 7 12 8 12 9 12 10 12 11 12 12 12 13 12 14 13 1 13 2 13 3 13 4 13 5 13 6 13 7 13 8 13 9 13 10 13 11 13 12 13 13 13 14
q 28 1 9 1 10 1 11 1 12 2 9 2 10 2 11 2 12 3 9 3 10 3 11 3 12 4 9 4 10 4 11 4 12 5 9 5 10 5 11 5 12 6 9 6 10 6 11 6 12 7 9 7 10 7 11 7 12
q 49 3 6 3 7 3 8 3 9 3 10 3 11 3 12 4 6 4 7 4 8 4 9 4 10 4 11 4 12 5 6 5 7 5 8 5 9 5 10 5 11 5 12 6 6 6 7 6 8 6 9 6 10 6 11 6 12 7 6 7 7 7 8 7 9 7 10 7 11 7 12 8 6 8 7 8 8 8 9 8 10 8 11 8 12 9 6 9 7 9 8 9 9 9 10 9 11 9 12
q 48 1 10 1 11 1 12 1 13 2 10 2 11 2 12 2 13 3 10 3 11 3 12 3 13 4 10 4 11 4 12 4 13 5 10 5 11 5 12 5 13 6 10 6 11 6 12 6 13 7 10 7 11 7 12 7 13 8 10 8 11 8 12 8 13 9 10 9 11 9 12 9 13 10 10 10 11 10 12 10 13 11 10 11 11 11 12 11 13 12 10 12 11 12 12 12 13
q 7 2 7 3 7 4 7 5 7 6 7 7 7 8 7
q 48 5 3 5 4 5 5 5 6 5 7 5 8 5 9 5 10 5 11 5 12 5 13 5 14 6 3 6 4 6 5 6 6 6 7 6 8 6 9 6 10 6 11 6 12 6 13 6 14 7 3 7 4 7 5 7 6 7 7 7 8 7 9 7 10 7 11 7 12 7 13 7 14 8 3 8 4 8 5 8 6 8 7 8 8 8 9 8 10 8 11 8 12 8 13 8 14
q 27 1 3 1 4 1 5 2 3 2 4 2 5 3 3 3 4 3 5 4 3 4 4 4 5 5 3 5 4 5 5 6 3 6 4 6 5 7 3 7 4 7 5 8 3 8 4 8 5 9 3 9 4 9 5
q 26 0 1 0 2 1 1 1 2 2 1 2 2 3 1 3 2 4 1 4 2 5 1 5 2 6 1 6 2 7 1 7 2 8 1 8 2 9 1 9 2 10 1 10 2 11 1 11 2 12 1 12 2
q 63 4 4 4 5 4 6 4 7 4 8 4 9 4 10 5 4 5 5 5 6 5 7 5 8 5 9 5 10 6 4 6 5 6 6 6 7 6 8 6 9 6 10 7 4 7 5 7 6 7 7 7 8 7 9 7 10 8 4 8 5 8 6 8 7 8 8 8 9 8 10 9 4 9 5 9 6 9 7 9 8 9 9 9 10 10 4 10 5 10 6 10 7 10 8 10 9 10 10 11 4 11 5 11 6 11 7 11 8 11 9 11 10 12 4 12 5 12 6 12 7 12 8 12 9 12 10
q 18 6 5 6 6 7 5 7 6 8 5 8 6 9 5 9 6 10 5 10 6 11 5 11 6 12 5 12 6 13 5 13 6 14 5 14 6
q 39 7 2 7 3 7 4 7 5 7 6 7 7 7 8 7 9 7 10 7 11 7 12 7 13 7 14 8 2 8 3 8 4 8 5 8 6 8 7 8 8 8 9 8 10 8 11 8 12 8 13 8 14 9 2 9 3 9 4 9 5 9 6 9 7 9 8 9 9 9 10 9 11 9 12 9 13 9 14
q 5 9 12 10 12 11 12 12 12 13 12
q 7 0 10 1 10 2 10 3 10 4 10 5 10 6 10
q 48 9 6 9 7 9 8 9 9 9 10 9 11 9 12 9 13 10 6 10 7 10 8 10 9 10 10 10 11 10 12 10 13 11 6 11 7 11 8 11 9 11 10 11 11 11 12 11 13 12 6 12 7 12 8 12 9 12 10 12 11 12 12 12 13 13 6 13 7 13 8 13 9 13 10 13 11 13 12 13 13 14 6 14 7 14 8 14 9 14 10 14 11 14 12 14 13
q 45 5 8 5 9 5 10 5 11 5 12 6 8 6 9 6 10 6 11 6 12 7 8 7 9 7 10 7 11 7 12 8 8 8 9 8 10 8 11 8 12 9 8 9 9 9 10 9 11 9 12 10 8 10 9 10 10 10 11 10 12 11 8 11 9 11 10 11 11 11 12 12 8 12 9 12 10 12 11 12 12 13 8 13 9 13 10 13 11 13 12
q 10 2 3 3 3 4 3 5 3 6 3 7 3 8 3 9 3 10 3 11 3
q 9 3 5 3 6 3 7 3 8 3 9 3 10 3 11 3 12 3 13
q 15 0 3 1 3 2 3 3 3 4 3 5 3 6 3 7 3 8 3 9 3 10 3 11 3 12 3 13 3 14 3
q 15 10 0 10 1 10 2 10 3 10 4 10 5 10 6 10 7 10 8 10 9 10 10 10 11 10 12 10 13 10 14
q 22 11 4 11 5 11 6 11 7 11 8 11 9 11 10 11 11 11 12 11 13 11 14 12 4 12 5 12 6 12 7 12 8 12 9 12 10 12 11 12 12 12 13 12 14
q 21 3 0 3 1 3 2 3 3 3 4 3 5 3 6 4 0 4 1 4 2 4 3 4 4 4 5 4 6 5 0 5 1 5 2 5 3 5 4 5 5 5 6
q 28 1 3 1 4 2 3 2 4 3 3 3 4 4 3 4 4 5 3 5 4 6 3 6 4 7 3 7 4 8 3 8 4 9 3 9 4 10 3 10 4 11 3 11 4 12 3 12 4 13 3 13 4 14 3 14 4
q 24 2 9 2 10 2 11 3 9 3 10 3 11 4 9 4 10 4 11 5 9 5 10 5 11 6 9 6 10 6 11 7 9 7 10 7 11 8 9 8 10 8 11 9 9 9 10 9 11
q 60 10 1 10 2 10 3 10 4 10 5 10 6 10 7 10 8 10 9 10 10 10 11 10 12 11 1 11 2 11 3 11 4 11 5 11 6 11 7 11 8 11 9 11 10 11 11 11 12 12 1 12 2 12 3 12 4 12 5 12 6 12 7 12 8 12 9 12 10 12 11 12 12 13 1 13 2 13 3 13 4 13 5 13 6 13 7 13 8 13 9 13 10 13 11 13 12 14 1 14 2 14 3 14 4 14 5 14 6 14 7 14 8 14 9 14 10 14 11 14 12
q 39 11 0 11 1 11 2 11 3 11 4 11 5 11 6 11 7 11 8 11 9 11 10 11 11 11 12 12 0 12 1 12 2 12 3 12 4 12 5 12 6 12 7 12 8 12 9 12 10 12 11 12 12 13 0 13 1 13 2 13 3 13 4 13 5 13 6 13 7 13 8 13 9 13 10 13 11 13 12
q 18 1 12 1 13 1 14 2 12 2 13 2 14 3 12 3 13 3 14 4 12 4 13 4 14 5 12 5 13 5 14 6 12 6 13 6 14
q 4 11 11 11 12 11 13 11 14
q 27 3 10 3 11 3 12 4 10 4 11 4 12 5 10 5 11 5 12 6 10 6 11 6 12 7 10 7 11 7 12 8 10 8 11 8 12 9 10 9 11 9 12 10 10 10 11 10 12 11 10 11 11 11 12
q 60 0 2 0 3 0 4 0 5 0 6 1 2 1 3 1 4 1 5 1 6 2 2 2 3 2 4 2 5 2 6 3 2 3 3 3 4 3 5 3 6 4 2 4 3 4 4 4 5 4 6 5 2 5 3 5 4 5 5 5 6 6 2 6 3 6 4 6 5 6 6 7 2 7 3 7 4 7 5 7 6 8 2 8 3 8 4 8 5 8 6 9 2 9 3 9 4 9 5 9 6 10 2 10 3 10 4 10 5 10 6 11 2 11 3 11 4 11 5 11 6
q 36 2 12 2 13 2 14 3 12 3 13 3 14 4 12 4 13 4 14 5 12 5 13 5 14 6 12 6 13 6 14 7 12 7 13 7 14 8 12 8 13 8 14 9 12 9 13 9 14 10 12 10 13 10 14 11 12 11 13 11 14 12 12 12 13 12 14 13 12 13 13 13 14
q 42 0 8 0 9 0 10 1 8 1 9 1 10 2 8 2 9 2 10 3 8 3 9 3 10 4 8 4 9 4 10 5 8 5 9 5 10 6 8 6 9 6 10 7 8 7 9 7 10 8 8 8 9 8 10 9 8 9 9 9 10 10 8 10 9 10 10 11 8 11 9 11 10 12 8 12 9 12 10 13 8 13 9 13 10
q 50 3 6 3 7 3 8 3 9 3 10 4 6 4 7 4 8 4 9 4 10 5 6 5 7 5 8 5 9 5 10 6 6 6 7 6 8 6 9 6 10 7 6 7 7 7 8 7 9 7 10 8 6 8 7 8 8 8 9 8 10 9 6 9 7 9 8 9 9 9 10 10 6 10 7 10 8 10 9 10 10 11 6 11 7 11 8 11 9 11 10 12 6 12 7 12 8 12 9 12 10
q 13 0 0 1 0 2 0 3 0 4 0 5 0 6 0 7 0 8 0 9 0 10 0 11 0 12 0
q 12 3 2 3 3 3 4 4 2 4 3 4 4 5 2 5 3 5 4 6 2 6 3 6 4
q 8 8 2 8 3 9 2 9 3 10 2 10 3 11 2 11 3
q 14 9 5 9 6 9 7 9 8 9 9 9 10 9 11 10 5 10 6 10 7 10 8 10 9 10 10 10 11
q 52 1 5 1 6 1 7 1 8 2 5 2 6 2 7 2 8 3 5 3 6 3 7 3 8 4 5 4 6 4 7 4 8 5 5 5 6 5 7 5 8 6 5 6 6 6 7 6 8 7 5 7 6 7 7 7 8 8 5 8 6 8 7 8 8 9 5 9 6 9 7 9 8 10 5 10 6 10 7 10 8 11 5 11 6 11 7 11 8 12 5 12 6 12 7 12 8 13 5 13 6 13 7 13 8
q 30 4 12 4 13 4 14 5 12 5 13 5 14 6 12 6 13 6 14 7 12 7 13 7 14 8 12 8 13 8 14 9 12 9 13 9 14 10 12 10 13 10 14 11 12 11 13 11 14 12 12 12 13 12 14 13 12 13 13 13 14
q 16 2 5 2 6 3 5 3 6 4 5 4 6 5 5 5 6 6 5 6 6 7 5 7 6 8 5 8 6 9 5 9 6
q 42 1 0 1 1 1 2 2 0 2 1 2 2 3 0 3 1 3 2 4 0 4 1 4 2 5 0 5 1 5 2 6 0 6 1 6 2 7 0 7 1 7 2 8 0 8 1 8 2 9 0 9 1 9 2 10 0 10 1 10 2 11 0 11 1 11 2 12 0 12 1 12 2 13 0 13 1 13 2 14 0 14 1 14 2
q 30 4 0 4 1 4 2 4 3 4 4 5 0 5 1 5 2 5 3 5 4 6 0 6 1 6 2 6 3 6 4 7 0 7 1 7 2 7 3 7 4 8 0 8 1 8 2 8 3 8 4 9 0 9 1 9 2 9 3 9 4
q 48 2 4 2 5 2 6 2 7 3 4 3 5 3 6 3 7 4 4 4 5 4 6 4 7 5 4 5 5 5 6 5 7 6 4 6 5 6 6 6 7 7 4 7 5 7 6 7 7 8 4 8 5 8 6 8 7 9 4 9 5 9 6 9 7 10 4 10 5 10 6 10 7 11 4 11 5 11 6 11 7 12 4 12 5 12 6 12 7 13 4 13 5 13 6 13 7
q 40 11 1 11 2 11 3 11 4 11 5 11 6 11 7 11 8 11 9 11 10 12 1 12 2 12 3 12 4 12 5 12 6 12 7 12 8 12 9 12 10 13 1 13 2 13 3 13 4 13 5 13 6 13 7 13 8 13 9 13 10 14 1 14 2 14 3 14 4 14 5 14 6 14 7 14 8 14 9 14 10
q 26 12 1 12 2 12 3 12 4 12 5 12 6 12 7 12 8 12 9 12 10 12 11 12 12 12 13 13 1 13 2 13 3 13 4 13 5 13 6 13 7 13 8 13 9 13 10 13 11 13 12 13 13
q 14 9 8 9 9 9 10 9 11 9 12 9 13 9 14 10 8 10 9 10 10 10 11 10 12 10 13 10 14
q 5 9 7 10 7 11 7 12 7 13 7
q 24 2 4 2 5 2 6 2 7 2 8 2 9 3 4 3 5 3 6 3 7 3 8 3 9 4 4 4 5 4 6 4 7 4 8 4 9 5 4 5 5 5 6 5 7 5 8 5 9
q 12 3 6 4 6 5 6 6 6 7 6 8 6 9 6 10 6 11 6 12 6 13 6 14 6
q 10 4 10 5 10 6 10 7 10 8 10 9 10 10 10 11 10 12 10 13 10
q 36 6 0 6 1 6 2 6 3 7 0 7 1 7 2 7 3 8 0 8 1 8 2 8 3 9 0 9 1 9 2 9 3 10 0 10 1 10 2 10 3 11 0 11 1 11 2 11 3 12 0 12 1 12 2 12 3 13 0 13 1 13 2 13 3 14 0 14 1 14 2 14 3
q 24 7 9 7 10 7 11 8 9 8 10 8 11 9 9 9 10 9 11 10 9 10 10 10 11 11 9 11 10 11 11 12 9 12 10 12 11 13 9 13 10 13 11 14 9 14 10 14 11
q 11 4 11 5 11 6 11 7 11 8 11 9 11 10 11 11 11 12 11 13 11 14 11
q 21 3 2 3 3 3 4 4 2 4 3 4 4 5 2 5 3 5 4 6 2 6 3 6 4 7 2 7 3 7 4 8 2 8 3 8 4 9 2 9 3 9 4
q 40 2 5 2 6 2 7 2 8 3 5 3 6 3 7 3 8 4 5 4 6 4 7 4 8 5 5 5 6 5 7 5 8 6 5 6 6 6 7 6 8 7 5 7 6 7 7 7 8 8 5 8 6 8 7 8 8 9 5 9 6 9 7 9 8 10 5 10 6 10 7 10 8 11 5 11 6 11 7 11 8
q 30 2 7 2 8 2 9 2 10 2 11 3 7 3 8 3 9 3 10 3 11 4 7 4 8 4 9 4 10 4 11 5 7 5 8 5 9 5 10 5 11 6 7 6 8 6 9 6 10 6 11 7 7 7 8 7 9 7 10 7 11
q 54 2 4 2 5 2 6 2 7 2 8 2 9 3 4 3 5 3 6 3 7 3 8 3 9 4 4 4 5 4 6 4 7 4 8 4 9 5 4 5 5 5 6 5 7 5 8 5 9 6 4 6 5 6 6 6 7 6 8 6 9 7 4 7 5 7 6 7 7 7 8 7 9 8 4 8 5 8 6 8 7 8 8 8 9 9 4 9 5 9 6 9 7 9 8 9 9 10 4 10 5 10 6 10 7 10 8 10 9
q 24 0 8 0 9 0 10 0 11 1 8 1 9 1 10 1 11 2 8 2 9 2 10 2 11 3 8 3 9 3 10 3 11 4 8 4 9 4 10 4 11 5 8 5 9 5 10 5 11
q 39 7 0 7 1 7 2 7 3 7 4 7 5 7 6 7 7 7 8 7 9 7 10 7 11 7 12 8 0 8 1 8 2 8 3 8 4 8 5 8 6 8 7 8 8 8 9 8 10 8 11 8 12 9 0 9 1 9 2 9 3 9 4 9 5 9 6 9 7 9 8 9 9 9 10 9 11 9 12
q 15 0 4 1 4 2 4 3 4 4 4 5 4 6 4 7 4 8 4 9 4 10 4 11 4 12 4 13 4 14 4
q 2 11 2 12 2
q 36 3 1 3 2 3 3 3 4 4 1 4 2 4 3 4 4 5 1 5 2 5 3 5 4 6 1 6 2 6 3 6 4 7 1 7 2 7 3 7 4 8 1 8 2 8 3 8 4 9 1 9 2 9 3 9 4 10 1 10 2 10 3 10 4 11 1 11 2 11 3 11 4
q 48 1 3 1 4 1 5 1 6 2 3 2 4 2 5 2 6 3 3 3 4 3 5 3 6 4 3 4 4 4 5 4 6 5 3 5 4 5 5 5 6 6 3 6 4 6 5 6 6 7 3 7 4 7 5 7 6 8 3 8 4 8 5 8 6 9 3 9 4 9 5 9 6 10 3 10 4 10 5 10 6 11 3 11 4 11 5 11 6 12 3 12 4 12 5 12 6
q 44 0 4 0 5 0 6 0 7 0 8 0 9 0 10 0 11 0 12 0 13 0 14 1 4 1 5 1 6 1 7 1 8 1 9 1 10 1 11 1 12 1 13 1 14 2 4 2 5 2 6 2 7 2 8 2 9 2 10 2 11 2 12 2 13 2 14 3 4 3 5 3 6 3 7 3 8 3 9 3 10 3 11 3 12 3 13 3 14
q 24 11 6 11 7 11 8 11 9 11 10 11 11 11 12 11 13 12 6 12 7 12 8 12 9 12 10 12 11 12 12 12 13 13 6 13 7 13 8 13 9 13 10 13 11 13 12 13 13
q 45 0 6 0 7 0 8 1 6 1 7 1 8 2 6 2 7 2 8 3 6 3 7 3 8 4 6 4 7 4 8 5 6 5 7 5 8 6 6 6 7 6 8 7 6 7 7 7 8 8 6 8 7 8 8 9 6 9 7 9 8 10 6 10 7 10 8 11 6 11 7 11 8 12 6 12 7 12 8 13 6 13 7 13 8 14 6 14 7 14 8
q 24 10 1 10 2 10 3 10 4 10 5 10 6 10 7 10 8 11 1 11 2 11 3 11 4 11 5 11 6 11 7 11 8 12 1 12 2 12 3 12 4 12 5 12 6 12 7 12 8
q 28 2 1 2 2 2 3 2 4 3 1 3 2 3 3 3 4 4 1 4 2 4 3 4 4 5 1 5 2 5 3 5 4 6 1 6 2 6 3 6 4 7 1 7 2 7 3 7 4 8 1 8 2 8 3 8 4
q 4 0 7 1 7 2 7 3 7
q 1 11 6
q 35 6 7 6 8 6 9 6 10 6 11 6 12 6 13 7 7 7 8 7 9 7 10 7 11 7 12 7 13 8 7 8 8 8 9 8 10 8 11 8 12 8 13 9 7 9 8 9 9 9 10 9 11 9 12 9 13 10 7 10 8 10 9 10 10 10 11 10 12 10 13
q 42 0 9 0 10 0 11 0 12 0 13 0 14 1 9 1 10 1 11 1 12 1 13 1 14 2 9 2 10 2 11 2 12 2 13 2 14 3 9 3 10 3 11 3 12 3 13 3 14 4 9 4 10 4 11 4 12 4 13 4 14 5 9 5 10 5 11 5 12 5 13 5 14 6 9 6 10 6 11 6 12 6 13 6 14
q 22 1 5 1 6 2 5 2 6 3 5 3 6 4 5 4 6 5 5 5 6 6 5 6 6 7 5 7 6 8 5 8 6 9 5 9 6 10 5 10 6 11 5 11 6
q 6 2 1 2 2 2 3 2 4 2 5 2 6
q 33 4 5 4 6 4 7 5 5 5 6 5 7 6 5 6 6 6 7 7 5 7 6 7 7 8 5 8 6 8 7 9 5 9 6 9 7 10 5 10 6 10 7 11 5 11 6 11 7 12 5 12 6 12 7 13 5 13 6 13 7 14 5 14 6 14 7
q 5 2 1 3 1 4 1 5 1 6 1
q 39 2 0 2 1 2 2 3 0 3 1 3 2 4 0 4 1 4 2 5 0 5 1 5 2 6 0 6 1 6 2 7 0 7 1 7 2 8 0 8 1 8 2 9 0 9 1 9 2 10 0 10 1 10 2 11 0 11 1 11 2 12 0 12 1 12 2 13 0 13 1 13 2 14 0 14 1 14 2
q 63 2 6 2 7 2 8 2 9 2 10 2 11 2 12 3 6 3 7 3 8 3 9 3 10 3 11 3 12 4 6 4 7 4 8 4 9 4 10 4 11 4 12 5 6 5 7 5 8 5 9 5 10 5 11 5 12 6 6 6 7 6 8 6 9 6 10 6 11 6 12 7 6 7 7 7 8 7 9 7 10 7 11 7 12 8 6 8 7 8 8 8 9 8 10 8 11 8 12 9 6 9 7 9 8 9 9 9 10 9 11 9 12 10 6 10 7 10 8 10 9 10 10 10 11 10 12
q 14 12 4 12 5 12 6 12 7 12 8 12 9 12 10 13 4 13 5 13 6 13 7 13 8 13 9 13 10
q 55 0 2 0 3 0 4 0 5 0 6 1 2 1 3 1 4 1 5 1 6 2 2 2 3 2 4 2 5 2 6 3 2 3 3 3 4 3 5 3 6 4 2 4 3 4 4 4 5 4 6 5 2 5 3 5 4 5 5 5 6 6 2 6 3 6 4 6 5 6 6 7 2 7 3 7 4 7 5 7 6 8 2 8 3 8 4 8 5 8 6 9 2 9 3 9 4 9 5 9 6 10 2 10 3 10 4 10 5 10 6
q 36 3 8 3 9 3 10 4 8 4 9 4 10 5 8 5 9 5 10 6 8 6 9 6 10 7 8 7 9 7 10 8 8 8 9 8 10 9 8 9 9 9 10 10 8 10 9 10 10 11 8 11 9 11 10 12 8 12 9 12 10 13 8 13 9 13 10 14 8 14 9 14 10
q 22 0 10 0 11 1 10 1 11 2 10 2 11 3 10 3 11 4 10 4 11 5 10 5 11 6 10 6 11 7 10 7 11 8 10 8 11 9 10 9 11 10 10 10 11
q 12 3 0 4 0 5 0 6 0 7 0 8 0 9 0 10 0 11 0 12 0 13 0 14 0
q 20 0 11 0 12 0 13 0 14 1 11 1 12 1 13 1 14 2 11 2 12 2 13 2 14 3 11 3 12 3 13 3 14 4 11 4 12 4 13 4 14
q 56 5 1 5 2 5 3 5 4 5 5 5 6 5 7 5 8 6 1 6 2 6 3 6 4 6 5 6 6 6 7 6 8 7 1 7 2 7 3 7 4 7 5 7 6 7 7 7 8 8 1 8 2 8 3 8 4 8 5 8 6 8 7 8 8 9 1 9 2 9 3 9 4 9 5 9 6 9 7 9 8 10 1 10 2 10 3 10 4 10 5 10 6 10 7 10 8 11 1 11 2 11 3 11 4 11 5 11 6 11 7 11 8
q 26 6 2 6 3 6 4 6 5 6 6 6 7 6 8 6 9 6 10 6 11 6 12 6 13 6 14 7 2 7 3 7 4 7 5 7 6 7 7 7 8 7 9 7 10 7 11 7 12 7 13 7 14
q 54 9 6 9 7 9 8 9 9 9 10 9 11 9 12 9 13 9 14 10 6 10 7 10 8 10 9 10 10 10 11 10 12 10 13 10 14 11 6 11 7 11 8 11 9 11 10 11 11 11 12 11 13 11 14 12 6 12 7 12 8 12 9 12 10 12 11 12 12 12 13 12 14 13 6 13 7 13 8 13 9 13 10 13 11 13 12 13 13 13 14 14 6 14 7 14 8 14 9 14 10 14 11 14 12 14 13 14 14
q 33 0 2 0 3 0 4 1 2 1 3 1 4 2 2 2 3 2 4 3 2 3 3 3 4 4 2 4 3 4 4 5 2 5 3 5 4 6 2 6 3 6 4 7 2 7 3 7 4 8 2 8 3 8 4 9 2 9 3 9 4 10 2 10 3 10 4
q 45 6 5 6 6 6 7 6 8 6 9 7 5 7 6 7 7 7 8 7 9 8 5 8 6 8 7 8 8 8 9 9 5 9 6 9 7 9 8 9 9 10 5 10 6 10 7 10 8 10 9 11 5 11 6 11 7 11 8 11 9 12 5 12 6 12 7 12 8 12 9 13 5 13 6 13 7 13 8 13 9 14 5 14 6 14 7 14 8 14 9
q 40 5 0 5 1 5 2 5 3 6 0 6 1 6 2 6 3 7 0 7 1 7 2 7 3 8 0 8 1 8 2 8 3 9 0 9 1 9 2 9 3 10 0 10 1 10 2 10 3 11 0 11 1 11 2 11 3 12 0 12 1 12 2 12 3 13 0 13 1 13 2 13 3 14 0 14 1 14 2 14 3
q 28 4 0 4 1 4 2 4 3 4 4 4 5 4 6 4 7 4 8 4 9 4 10 4 11 4 12 4 13 5 0 5 1 5 2 5 3 5 4 5 5 5 6 5 7 5 8 5 9 5 10 5 11 5 12 5 13
q 48 1 1 1 2 1 3 1 4 1 5 1 6 2 1 2 2 2 3 2 4 2 5 2 6 3 1 3 2 3 3 3 4 3 5 3 6 4 1 4 2 4 3 4 4 4 5 4 6 5 1 5 2 5 3 5 4 5 5 5 6 6 1 6 2 6 3 6 4 6 5 6 6 7 1 7 2 7 3 7 4 7 5 7 6 8 1 8 2 8 3 8 4 8 5 8 6
q 48 4 0 4 1 4 2 4 3 4 4 4 5 4 6 4 7 4 8 4 9 4 10 4 11 5 0 5 1 5 2 5 3 5 4 5 5 5 6 5 7 5 8 5 9 5 10 5 11 6 0 6 1 6 2 6 3 6 4 6 5 6 6 6 7 6 8 6 9 6 10 6 11 7 0 7 1 7 2 7 3 7 4 7 5 7 6 7 7 7 8 7 9 7 10 7 11
q 26 1 12 1 13 2 12 2 13 3 12 3 13 4 12 4 13 5 12 5 13 6 12 6 13 7 12 7 13 8 12 8 13 9 12 9 13 10 12 10 13 11 12 11 13 12 12 12 13 13 12 13 13
q 48 5 1 5 2 5 3 5 4 5 5 5 6 5 7 5 8 6 1 6 2 6 3 6 4 6 5 6 6 6 7 6 8 7 1 7 2 7 3 7 4 7 5 7 6 7 7 7 8 8 1 8 2 8 3 8 4 8 5 8 6 8 7 8 8 9 1 9 2 9 3 9 4 9 5 9 6 9 7 9 8 10 1 10 2 10 3 10 4 10 5 10 6 10 7 10 8
q 22 2 3 2 4 3 3 3 4 4 3 4 4 5 3 5 4 6 3 6 4 7 3 7 4 8 3 8 4 9 3 9 4 10 3 10 4 11 3 11 4 12 3 12 4
q 30 6 0 6 1 6 2 6 3 6 4 6 5 6 6 6 7 6 8 6 9 7 0 7 1 7 2 7 3 7 4 7 5 7 6 7 7 7 8 7 9 8 0 8 1 8 2 8 3 8 4 8 5 8 6 8 7 8 8 8 9
q 50 1 2 1 3 1 4 1 5 1 6 1 7 1 8 1 9 1 10 1 11 2 2 2 3 2 4 2 5 2 6 2 7 2 8 2 9 2 10 2 11 3 2 3 3 3 4 3 5 3 6 3 7 3 8 3 9 3 10 3 11 4 2 4 3 4 4 4 5 4 6 4 7 4 8 4 9 4 10 4 11 5 2 5 3 5 4 5 5 5 6 5 7 5 8 5 9 5 10 5 11
q 24 4 2 4 3 4 4 4 5 4 6 4 7 5 2 5 3 5 4 5 5 5 6 5 7 6 2 6 3 6 4 6 5 6 6 6 7 7 2 7 3 7 4 7 5 7 6 7 7
q 40 3 5 3 6 3 7 3 8 3 9 3 10 3 11 3 12 4 5 4 6 4 7 4 8 4 9 4 10 4 11 4 12 5 5 5 6 5 7 5 8 5 9 5 10 5 11 5 12 6 5 6 6 6 7 6 8 6 9 6 10 6 11 6 12 7 5 7 6 7 7 7 8 7 9 7 10 7 11 7 12
q 24 4 0 4 1 4 2 4 3 5 0 5 1 5 2 5 3 6 0 6 1 6 2 6 3 7 0 7 1 7 2 7 3 8 0 8 1 8 2 8 3 9 0 9 1 9 2 9 3
q 5 7 3 7 4 7 5 7 6 7 7
q 16 4 6 4 7 4 8 4 9 4 10 4 11 4 12 4 13 5 6 5 7 5 8 5 9 5 10 5 11 5 12 5 13
q 32 10 5 10 6 10 7 10 8 10 9 10 10 10 11 10 12 11 5 11 6 11 7 11 8 11 9 11 10 11 11 11 12 12 5 12 6 12 7 12 8 12 9 12 10 12 11 12 12 13 5 13 6 13 7 13 8 13 9 13 10 13 11 13 12
q 42 0 4 0 5 0 6 0 7 0 8 0 9 1 4 1 5 1 6 1 7 1 8 1 9 2 4 2 5 2 6 2 7 2 8 2 9 3 4 3 5 3 6 3 7 3 8 3 9 4 4 4 5 4 6 4 7 4 8 4 9 5 4 5 5 5 6 5 7 5 8 5 9 6 4 6 5 6 6 6 7 6 8 6 9
q 1 1 7
q 1 2 7
q 1 3 6
q 1 3 7
q 1 3 8
q 1 3 9
q 1 4 6
q 1 4 7
q 1 4 8
q 1 4 9
q 1 4 10
q 1 5 6
q 1 5 7
q 1 5 8
q 1 5 9
q 1 6 5
q 1 6 6
q 1 6 7
q 1 6 8
q 1 6 9
q 1 6 10
q 1 7 5
q 1 7 6
q 1 7 7
q 1 7 8
q 1 7 9
q 1 7 10
q 1 8 6
q 1 8 7
q 1 9 5
q 1 9 6
q 1 9 7
q 1 9 8
q 1 10 5
q 1 10 6
q 1 10 7
q 1 10 8
q 1 11 6
q 1 11 7
q 1 12 7
q 1 0 7
q 1 1 6
q 1 1 8
q 1 2 6
q 1 2 8
q 1 3 5
q 1 2 9
q 1 3 10
q 1 4 5
q 1 5 10
q 1 4 11
q 1 5 5
q 1 6 4
q 1 6 11
q 1 7 4
q 1 8 5
q 1 8 8
q 1 8 9
q 1 8 10
q 1 7 11
q 1 9 4
q 1 9 9
q 1 10 4
q 1 11 5
q 1 11 8
q 1 10 9
q 1 12 6
q 1 13 7
q 1 12 8
a 40 1 7 2 7 3 6 3 7 3 8 3 9 4 6 4 7 4 8 4 9 4 10 5 6 5 7 5 8 5 9 6 5 6 6 6 7 6 8 6 9 6 10 7 5 7 6 7 7 7 8 7 9 7 10 8 6 8 7 9 5 9 6 9 7 9 8 10 5 10 6 10 7 10 8 11 6 11 7 12 7 
