q 56 1 0 1 1 1 2 1 3 1 4 1 5 1 6 1 7 2 0 2 1 2 2 2 3 2 4 2 5 2 6 2 7 3 0 3 1 3 2 3 3 3 4 3 5 3 6 3 7 4 0 4 1 4 2 4 3 4 4 4 5 4 6 4 7 5 0 5 1 5 2 5 3 5 4 5 5 5 6 5 7 6 0 6 1 6 2 6 3 6 4 6 5 6 6 6 7 7 0 7 1 7 2 7 3 7 4 7 5 7 6 7 7
q 63 11 8 11 9 11 10 11 11 11 12 11 13 11 14 11 15 11 16 12 8 12 9 12 10 12 11 12 12 12 13 12 14 12 15 12 16 13 8 13 9 13 10 13 11 13 12 13 13 13 14 13 15 13 16 14 8 14 9 14 10 14 11 14 12 14 13 14 14 14 15 14 16 15 8 15 9 15 10 15 11 15 12 15 13 15 14 15 15 15 16 16 8 16 9 16 10 16 11 16 12 16 13 16 14 16 15 16 16 17 8 17 9 17 10 17 11 17 12 17 13 17 14 17 15 17 16
q 48 9 5 9 6 9 7 9 8 9 9 9 10 9 11 9 12 9 13 9 14 9 15 9 16 10 5 10 6 10 7 10 8 10 9 10 10 10 11 10 12 10 13 10 14 10 15 10 16 11 5 11 6 11 7 11 8 11 9 11 10 11 11 11 12 11 13 11 14 11 15 11 16 12 5 12 6 12 7 12 8 12 9 12 10 12 11 12 12 12 13 12 14 12 15 12 16
q 27 6 3 6 4 6 5 6 6 6 7 6 8 6 9 6 10 6 11 7 3 7 4 7 5 7 6 7 7 7 8 7 9 7 10 7 11 8 3 8 4 8 5 8 6 8 7 8 8 8 9 8 10 8 11
q 50 3 1 3 2 3 3 3 4 3 5 3 6 3 7 3 8 3 9 3 10 4 1 4 2 4 3 4 4 4 5 4 6 4 7 4 8 4 9 4 10 5 1 5 2 5 3 5 4 5 5 5 6 5 7 5 8 5 9 5 10 6 1 6 2 6 3 6 4 6 5 6 6 6 7 6 8 6 9 6 10 7 1 7 2 7 3 7 4 7 5 7 6 7 7 7 8 7 9 7 10
q 35 4 10 4 11 4 12 4 13 4 14 4 15 4 16 5 10 5 11 5 12 5 13 5 14 5 15 5 16 6 10 6 11 6 12 6 13 6 14 6 15 6 16 7 10 7 11 7 12 7 13 7 14 7 15 7 16 8 10 8 11 8 12 8 13 8 14 8 15 8 16
q 30 9 12 9 13 9 14 9 15 9 16 10 12 10 13 10 14 10 15 10 16 11 12 11 13 11 14 11 15 11 16 12 12 12 13 12 14 12 15 12 16 13 12 13 13 13 14 13 15 13 16 14 12 14 13 14 14 14 15 14 16
q 60 11 0 11 1 11 2 11 3 11 4 11 5 11 6 11 7 11 8 11 9 12 0 12 1 12 2 12 3 12 4 12 5 12 6 12 7 12 8 12 9 13 0 13 1 13 2 13 3 13 4 13 5 13 6 13 7 13 8 13 9 14 0 14 1 14 2 14 3 14 4 14 5 14 6 14 7 14 8 14 9 15 0 15 1 15 2 15 3 15 4 15 5 15 6 15 7 15 8 15 9 16 0 16 1 16 2 16 3 16 4 16 5 16 6 16 7 16 8 16 9
q 48 0 1 0 2 0 3 1 1 1 2 1 3 2 1 2 2 2 3 3 1 3 2 3 3 4 1 4 2 4 3 5 1 5 2 5 3 6 1 6 2 6 3 7 1 7 2 7 3 8 1 8 2 8 3 9 1 9 2 9 3 10 1 10 2 10 3 11 1 11 2 11 3 12 1 12 2 12 3 13 1 13 2 13 3 14 1 14 2 14 3 15 1 15 2 15 3
q 28 10 6 10 7 10 8 10 9 11 6 11 7 11 8 11 9 12 6 12 7 12 8 12 9 13 6 13 7 13 8 13 9 14 6 14 7 14 8 14 9 15 6 15 7 15 8 15 9 16 6 16 7 16 8 16 9
q 48 1 10 1 11 1 12 1 13 2 10 2 11 2 12 2 13 3 10 3 11 3 12 3 13 4 10 4 11 4 12 4 13 5 10 5 11 5 12 5 13 6 10 6 11 6 12 6 13 7 10 7 11 7 12 7 13 8 10 8 11 8 12 8 13 9 10 9 11 9 12 9 13 10 10 10 11 10 12 10 13 11 10 11 11 11 12 11 13 12 10 12 11 12 12 12 13
q 36 7 1 7 2 7 3 7 4 7 5 7 6 7 7 7 8 7 9 7 10 7 11 7 12 8 1 8 2 8 3 8 4 8 5 8 6 8 7 8 8 8 9 8 10 8 11 8 12 9 1 9 2 9 3 9 4 9 5 9 6 9 7 9 8 9 9 9 10 9 11 9 12
q 45 8 7 8 8 8 9 8 10 8 11 8 12 8 13 8 14 8 15 9 7 9 8 9 9 9 10 9 11 9 12 9 13 9 14 9 15 10 7 10 8 10 9 10 10 10 11 10 12 10 13 10 14 10 15 11 7 11 8 11 9 11 10 11 11 11 12 11 13 11 14 11 15 12 7 12 8 12 9 12 10 12 11 12 12 12 13 12 14 12 15
q 39 4 3 4 4 4 5 4 6 4 7 4 8 4 9 4 10 4 11 4 12 4 13 4 14 4 15 5 3 5 4 5 5 5 6 5 7 5 8 5 9 5 10 5 11 5 12 5 13 5 14 5 15 6 3 6 4 6 5 6 6 6 7 6 8 6 9 6 10 6 11 6 12 6 13 6 14 6 15
q 36 8 14 8 15 8 16 8 17 9 14 9 15 9 16 9 17 10 14 10 15 10 16 10 17 11 14 11 15 11 16 11 17 12 14 12 15 12 16 12 17 13 14 13 15 13 16 13 17 14 14 14 15 14 16 14 17 15 14 15 15 15 16 15 17 16 14 16 15 16 16 16 17
q 30 2 0 2 1 2 2 2 3 2 4 2 5 2 6 2 7 2 8 2 9 2 10 2 11 2 12 2 13 2 14 3 0 3 1 3 2 3 3 3 4 3 5 3 6 3 7 3 8 3 9 3 10 3 11 3 12 3 13 3 14
q 56 5 4 5 5 5 6 5 7 5 8 5 9 5 10 5 11 5 12 5 13 5 14 5 15 5 16 5 17 6 4 6 5 6 6 6 7 6 8 6 9 6 10 6 11 6 12 6 13 6 14 6 15 6 16 6 17 7 4 7 5 7 6 7 7 7 8 7 9 7 10 7 11 7 12 7 13 7 14 7 15 7 16 7 17 8 4 8 5 8 6 8 7 8 8 8 9 8 10 8 11 8 12 8 13 8 14 8 15 8 16 8 17
q 54 5 0 5 1 5 2 5 3 5 4 5 5 5 6 5 7 5 8 5 9 5 10 5 11 5 12 5 13 5 14 5 15 5 16 5 17 6 0 6 1 6 2 6 3 6 4 6 5 6 6 6 7 6 8 6 9 6 10 6 11 6 12 6 13 6 14 6 15 6 16 6 17 7 0 7 1 7 2 7 3 7 4 7 5 7 6 7 7 7 8 7 9 7 10 7 11 7 12 7 13 7 14 7 15 7 16 7 17
q 48 4 8 4 9 4 10 4 11 4 12 4 13 4 14 4 15 5 8 5 9 5 10 5 11 5 12 5 13 5 14 5 15 6 8 6 9 6 10 6 11 6 12 6 13 6 14 6 15 7 8 7 9 7 10 7 11 7 12 7 13 7 14 7 15 8 8 8 9 8 10 8 11 8 12 8 13 8 14 8 15 9 8 9 9 9 10 9 11 9 12 9 13 9 14 9 15
q 64 2 0 2 1 2 2 2 3 3 0 3 1 3 2 3 3 4 0 4 1 4 2 4 3 5 0 5 1 5 2 5 3 6 0 6 1 6 2 6 3 7 0 7 1 7 2 7 3 8 0 8 1 8 2 8 3 9 0 9 1 9 2 9 3 10 0 10 1 10 2 10 3 11 0 11 1 11 2 11 3 12 0 12 1 12 2 12 3 13 0 13 1 13 2 13 3 14 0 14 1 14 2 14 3 15 0 15 1 15 2 15 3 16 0 16 1 16 2 16 3 17 0 17 1 17 2 17 3
q 30 1 14 1 15 1 16 2 14 2 15 2 16 3 14 3 15 3 16 4 14 4 15 4 16 5 14 5 15 5 16 6 14 6 15 6 16 7 14 7 15 7 16 8 14 8 15 8 16 9 14 9 15 9 16 10 14 10 15 10 16
q 26 9 3 9 4 9 5 9 6 9 7 9 8 9 9 9 10 9 11 9 12 9 13 9 14 9 15 10 3 10 4 10 5 10 6 10 7 10 8 10 9 10 10 10 11 10 12 10 13 10 14 10 15
q 45 15 1 15 2 15 3 15 4 15 5 15 6 15 7 15 8 15 9 15 10 15 11 15 12 15 13 15 14 15 15 16 1 16 2 16 3 16 4 16 5 16 6 16 7 16 8 16 9 16 10 16 11 16 12 16 13 16 14 16 15 17 1 17 2 17 3 17 4 17 5 17 6 17 7 17 8 17 9 17 10 17 11 17 12 17 13 17 14 17 15
q 34 14 1 14 2 14 3 14 4 14 5 14 6 14 7 14 8 14 9 14 10 14 11 14 12 14 13 14 14 14 15 14 16 14 17 15 1 15 2 15 3 15 4 15 5 15 6 15 7 15 8 15 9 15 10 15 11 15 12 15 13 15 14 15 15 15 16 15 17
q 45 1 7 1 8 1 9 2 7 2 8 2 9 3 7 3 8 3 9 4 7 4 8 4 9 5 7 5 8 5 9 6 7 6 8 6 9 7 7 7 8 7 9 8 7 8 8 8 9 9 7 9 8 9 9 10 7 10 8 10 9 11 7 11 8 11 9 12 7 12 8 12 9 13 7 13 8 13 9 14 7 14 8 14 9 15 7 15 8 15 9
q 39 2 13 2 14 2 15 3 13 3 14 3 15 4 13 4 14 4 15 5 13 5 14 5 15 6 13 6 14 6 15 7 13 7 14 7 15 8 13 8 14 8 15 9 13 9 14 9 15 10 13 10 14 10 15 11 13 11 14 11 15 12 13 12 14 12 15 13 13 13 14 13 15 14 13 14 14 14 15
q 30 5 0 5 1 5 2 5 3 5 4 5 5 5 6 5 7 5 8 5 9 5 10 5 11 5 12 5 13 5 14 6 0 6 1 6 2 6 3 6 4 6 5 6 6 6 7 6 8 6 9 6 10 6 11 6 12 6 13 6 14
q 32 0 8 0 9 0 10 0 11 0 12 0 13 0 14 0 15 1 8 1 9 1 10 1 11 1 12 1 13 1 14 1 15 2 8 2 9 2 10 2 11 2 12 2 13 2 14 2 15 3 8 3 9 3 10 3 11 3 12 3 13 3 14 3 15
q 56 10 0 10 1 10 2 10 3 10 4 10 5 10 6 11 0 11 1 11 2 11 3 11 4 11 5 11 6 12 0 12 1 12 2 12 3 12 4 12 5 12 6 13 0 13 1 13 2 13 3 13 4 13 5 13 6 14 0 14 1 14 2 14 3 14 4 14 5 14 6 15 0 15 1 15 2 15 3 15 4 15 5 15 6 16 0 16 1 16 2 16 3 16 4 16 5 16 6 17 0 17 1 17 2 17 3 17 4 17 5 17 6
q 55 0 2 0 3 0 4 0 5 0 6 0 7 0 8 0 9 0 10 0 11 0 12 1 2 1 3 1 4 1 5 1 6 1 7 1 8 1 9 1 10 1 11 1 12 2 2 2 3 2 4 2 5 2 6 2 7 2 8 2 9 2 10 2 11 2 12 3 2 3 3 3 4 3 5 3 6 3 7 3 8 3 9 3 10 3 11 3 12 4 2 4 3 4 4 4 5 4 6 4 7 4 8 4 9 4 10 4 11 4 12
q 40 7 1 7 2 7 3 7 4 8 1 8 2 8 3 8 4 9 1 9 2 9 3 9 4 10 1 10 2 10 3 10 4 11 1 11 2 11 3 11 4 12 1 12 2 12 3 12 4 13 1 13 2 13 3 13 4 14 1 14 2 14 3 14 4 15 1 15 2 15 3 15 4 16 1 16 2 16 3 16 4
q 34 1 0 1 1 1 2 1 3 1 4 1 5 1 6 1 7 1 8 1 9 1 10 1 11 1 12 1 13 1 14 1 15 1 16 2 0 2 1 2 2 2 3 2 4 2 5 2 6 2 7 2 8 2 9 2 10 2 11 2 12 2 13 2 14 2 15 2 16
q 42 1 10 1 11 1 12 2 10 2 11 2 12 3 10 3 11 3 12 4 10 4 11 4 12 5 10 5 11 5 12 6 10 6 11 6 12 7 10 7 11 7 12 8 10 8 11 8 12 9 10 9 11 9 12 10 10 10 11 10 12 11 10 11 11 11 12 12 10 12 11 12 12 13 10 13 11 13 12 14 10 14 11 14 12
q 64 2 14 2 15 2 16 2 17 3 14 3 15 3 16 3 17 4 14 4 15 4 16 4 17 5 14 5 15 5 16 5 17 6 14 6 15 6 16 6 17 7 14 7 15 7 16 7 17 8 14 8 15 8 16 8 17 9 14 9 15 9 16 9 17 10 14 10 15 10 16 10 17 11 14 11 15 11 16 11 17 12 14 12 15 12 16 12 17 13 14 13 15 13 16 13 17 14 14 14 15 14 16 14 17 15 14 15 15 15 16 15 17 16 14 16 15 16 16 16 17 17 14 17 15 17 16 17 17
q 42 13 2 13 3 13 4 13 5 13 6 13 7 13 8 13 9 13 10 13 11 13 12 13 13 13 14 13 15 14 2 14 3 14 4 14 5 14 6 14 7 14 8 14 9 14 10 14 11 14 12 14 13 14 14 14 15 15 2 15 3 15 4 15 5 15 6 15 7 15 8 15 9 15 10 15 11 15 12 15 13 15 14 15 15
q 64 6 10 6 11 6 12 6 13 6 14 6 15 6 16 6 17 7 10 7 11 7 12 7 13 7 14 7 15 7 16 7 17 8 10 8 11 8 12 8 13 8 14 8 15 8 16 8 17 9 10 9 11 9 12 9 13 9 14 9 15 9 16 9 17 10 10 10 11 10 12 10 13 10 14 10 15 10 16 10 17 11 10 11 11 11 12 11 13 11 14 11 15 11 16 11 17 12 10 12 11 12 12 12 13 12 14 12 15 12 16 12 17 13 10 13 11 13 12 13 13 13 14 13 15 13 16 13 17
q 64 1 2 1 3 1 4 1 5 2 2 2 3 2 4 2 5 3 2 3 3 3 4 3 5 4 2 4 3 4 4 4 5 5 2 5 3 5 4 5 5 6 2 6 3 6 4 6 5 7 2 7 3 7 4 7 5 8 2 8 3 8 4 8 5 9 2 9 3 9 4 9 5 10 2 10 3 10 4 10 5 11 2 11 3 11 4 11 5 12 2 12 3 12 4 12 5 13 2 13 3 13 4 13 5 14 2 14 3 14 4 14 5 15 2 15 3 15 4 15 5 16 2 16 3 16 4 16 5
q 36 0 4 0 5 1 4 1 5 2 4 2 5 3 4 3 5 4 4 4 5 5 4 5 5 6 4 6 5 7 4 7 5 8 4 8 5 9 4 9 5 10 4 10 5 11 4 11 5 12 4 12 5 13 4 13 5 14 4 14 5 15 4 15 5 16 4 16 5 17 4 17 5
q 36 3 1 3 2 3 3 4 1 4 2 4 3 5 1 5 2 5 3 6 1 6 2 6 3 7 1 7 2 7 3 8 1 8 2 8 3 9 1 9 2 9 3 10 1 10 2 10 3 11 1 11 2 11 3 12 1 12 2 12 3 13 1 13 2 13 3 14 1 14 2 14 3
q 63 5 1 5 2 5 3 5 4 5 5 5 6 5 7 5 8 5 9 6 1 6 2 6 3 6 4 6 5 6 6 6 7 6 8 6 9 7 1 7 2 7 3 7 4 7 5 7 6 7 7 7 8 7 9 8 1 8 2 8 3 8 4 8 5 8 6 8 7 8 8 8 9 9 1 9 2 9 3 9 4 9 5 9 6 9 7 9 8 9 9 10 1 10 2 10 3 10 4 10 5 10 6 10 7 10 8 10 9 11 1 11 2 11 3 11 4 11 5 11 6 11 7 11 8 11 9
q 36 0 14 0 15 1 14 1 15 2 14 2 15 3 14 3 15 4 14 4 15 5 14 5 15 6 14 6 15 7 14 7 15 8 14 8 15 9 14 9 15 10 14 10 15 11 14 11 15 12 14 12 15 13 14 13 15 14 14 14 15 15 14 15 15 16 14 16 15 17 14 17 15
q 30 12 1 12 2 12 3 12 4 12 5 12 6 12 7 12 8 12 9 12 10 12 11 12 12 12 13 12 14 12 15 13 1 13 2 13 3 13 4 13 5 13 6 13 7 13 8 13 9 13 10 13 11 13 12 13 13 13 14 13 15
q 54 15 0 15 1 15 2 15 3 15 4 15 5 15 6 15 7 15 8 15 9 15 10 15 11 15 12 15 13 15 14 15 15 15 16 15 17 16 0 16 1 16 2 16 3 16 4 16 5 16 6 16 7 16 8 16 9 16 10 16 11 16 12 16 13 16 14 16 15 16 16 16 17 17 0 17 1 17 2 17 3 17 4 17 5 17 6 17 7 17 8 17 9 17 10 17 11 17 12 17 13 17 14 17 15 17 16 17 17
q 28 16 3 16 4 16 5 16 6 16 7 16 8 16 9 16 10 16 11 16 12 16 13 16 14 16 15 16 16 17 3 17 4 17 5 17 6 17 7 17 8 17 9 17 10 17 11 17 12 17 13 17 14 17 15 17 16
q 42 12 3 12 4 12 5 12 6 12 7 12 8 12 9 13 3 13 4 13 5 13 6 13 7 13 8 13 9 14 3 14 4 14 5 14 6 14 7 14 8 14 9 15 3 15 4 15 5 15 6 15 7 15 8 15 9 16 3 16 4 16 5 16 6 16 7 16 8 16 9 17 3 17 4 17 5 17 6 17 7 17 8 17 9
q 30 0 12 0 13 1 12 1 13 2 12 2 13 3 12 3 13 4 12 4 13 5 12 5 13 6 12 6 13 7 12 7 13 8 12 8 13 9 12 9 13 10 12 10 13 11 12 11 13 12 12 12 13 13 12 13 13 14 12 14 13
q 42 8 12 8 13 8 14 8 15 8 16 8 17 9 12 9 13 9 14 9 15 9 16 9 17 10 12 10 13 10 14 10 15 10 16 10 17 11 12 11 13 11 14 11 15 11 16 11 17 12 12 12 13 12 14 12 15 12 16 12 17 13 12 13 13 13 14 13 15 13 16 13 17 14 12 14 13 14 14 14 15 14 16 14 17
q 49 1 5 1 6 1 7 1 8 1 9 1 10 1 11 2 5 2 6 2 7 2 8 2 9 2 10 2 11 3 5 3 6 3 7 3 8 3 9 3 10 3 11 4 5 4 6 4 7 4 8 4 9 4 10 4 11 5 5 5 6 5 7 5 8 5 9 5 10 5 11 6 5 6 6 6 7 6 8 6 9 6 10 6 11 7 5 7 6 7 7 7 8 7 9 7 10 7 11
q 30 6 1 6 2 6 3 6 4 6 5 6 6 6 7 6 8 6 9 6 10 6 11 6 12 6 13 6 14 6 15 7 1 7 2 7 3 7 4 7 5 7 6 7 7 7 8 7 9 7 10 7 11 7 12 7 13 7 14 7 15
q 40 7 0 7 1 7 2 7 3 7 4 7 5 7 6 7 7 8 0 8 1 8 2 8 3 8 4 8 5 8 6 8 7 9 0 9 1 9 2 9 3 9 4 9 5 9 6 9 7 10 0 10 1 10 2 10 3 10 4 10 5 10 6 10 7 11 0 11 1 11 2 11 3 11 4 11 5 11 6 11 7
q 36 7 5 7 6 7 7 7 8 7 9 7 10 8 5 8 6 8 7 8 8 8 9 8 10 9 5 9 6 9 7 9 8 9 9 9 10 10 5 10 6 10 7 10 8 10 9 10 10 11 5 11 6 11 7 11 8 11 9 11 10 12 5 12 6 12 7 12 8 12 9 12 10
q 48 2 0 2 1 2 2 2 3 2 4 2 5 2 6 2 7 2 8 2 9 2 10 2 11 2 12 2 13 2 14 2 15 3 0 3 1 3 2 3 3 3 4 3 5 3 6 3 7 3 8 3 9 3 10 3 11 3 12 3 13 3 14 3 15 4 0 4 1 4 2 4 3 4 4 4 5 4 6 4 7 4 8 4 9 4 10 4 11 4 12 4 13 4 14 4 15
q 32 0 2 0 3 0 4 0 5 0 6 0 7 0 8 0 9 0 10 0 11 0 12 0 13 0 14 0 15 0 16 0 17 1 2 1 3 1 4 1 5 1 6 1 7 1 8 1 9 1 10 1 11 1 12 1 13 1 14 1 15 1 16 1 17
q 34 6 0 6 1 6 2 6 3 6 4 6 5 6 6 6 7 6 8 6 9 6 10 6 11 6 12 6 13 6 14 6 15 6 16 7 0 7 1 7 2 7 3 7 4 7 5 7 6 7 7 7 8 7 9 7 10 7 11 7 12 7 13 7 14 7 15 7 16
q 40 11 3 11 4 11 5 11 6 11 7 11 8 11 9 11 10 12 3 12 4 12 5 12 6 12 7 12 8 12 9 12 10 13 3 13 4 13 5 13 6 13 7 13 8 13 9 13 10 14 3 14 4 14 5 14 6 14 7 14 8 14 9 14 10 15 3 15 4 15 5 15 6 15 7 15 8 15 9 15 10
q 28 3 14 3 15 3 16 3 17 4 14 4 15 4 16 4 17 5 14 5 15 5 16 5 17 6 14 6 15 6 16 6 17 7 14 7 15 7 16 7 17 8 14 8 15 8 16 8 17 9 14 9 15 9 16 9 17
q 44 1 3 1 4 1 5 1 6 2 3 2 4 2 5 2 6 3 3 3 4 3 5 3 6 4 3 4 4 4 5 4 6 5 3 5 4 5 5 5 6 6 3 6 4 6 5 6 6 7 3 7 4 7 5 7 6 8 3 8 4 8 5 8 6 9 3 9 4 9 5 9 6 10 3 10 4 10 5 10 6 11 3 11 4 11 5 11 6
q 64 1 10 1 11 1 12 1 13 2 10 2 11 2 12 2 13 3 10 3 11 3 12 3 13 4 10 4 11 4 12 4 13 5 10 5 11 5 12 5 13 6 10 6 11 6 12 6 13 7 10 7 11 7 12 7 13 8 10 8 11 8 12 8 13 9 10 9 11 9 12 9 13 10 10 10 11 10 12 10 13 11 10 11 11 11 12 11 13 12 10 12 11 12 12 12 13 13 10 13 11 13 12 13 13 14 10 14 11 14 12 14 13 15 10 15 11 15 12 15 13 16 10 16 11 16 12 16 13
q 48 2 7 2 8 2 9 2 10 2 11 2 12 2 13 2 14 3 7 3 8 3 9 3 10 3 11 3 12 3 13 3 14 4 7 4 8 4 9 4 10 4 11 4 12 4 13 4 14 5 7 5 8 5 9 5 10 5 11 5 12 5 13 5 14 6 7 6 8 6 9 6 10 6 11 6 12 6 13 6 14 7 7 7 8 7 9 7 10 7 11 7 12 7 13 7 14
q 60 6 8 6 9 6 10 6 11 6 12 7 8 7 9 7 10 7 11 7 12 8 8 8 9 8 10 8 11 8 12 9 8 9 9 9 10 9 11 9 12 10 8 10 9 10 10 10 11 10 12 11 8 11 9 11 10 11 11 11 12 12 8 12 9 12 10 12 11 12 12 13 8 13 9 13 10 13 11 13 12 14 8 14 9 14 10 14 11 14 12 15 8 15 9 15 10 15 11 15 12 16 8 16 9 16 10 16 11 16 12 17 8 17 9 17 10 17 11 17 12
q 45 2 5 2 6 2 7 3 5 3 6 3 7 4 5 4 6 4 7 5 5 5 6 5 7 6 5 6 6 6 7 7 5 7 6 7 7 8 5 8 6 8 7 9 5 9 6 9 7 10 5 10 6 10 7 11 5 11 6 11 7 12 5 12 6 12 7 13 5 13 6 13 7 14 5 14 6 14 7 15 5 15 6 15 7 16 5 16 6 16 7
q 55 11 7 11 8 11 9 11 10 11 11 11 12 11 13 11 14 11 15 11 16 11 17 12 7 12 8 12 9 12 10 12 11 12 12 12 13 12 14 12 15 12 16 12 17 13 7 13 8 13 9 13 10 13 11 13 12 13 13 13 14 13 15 13 16 13 17 14 7 14 8 14 9 14 10 14 11 14 12 14 13 14 14 14 15 14 16 14 17 15 7 15 8 15 9 15 10 15 11 15 12 15 13 15 14 15 15 15 16 15 17
q 64 8 1 8 2 8 3 8 4 8 5 8 6 8 7 8 8 8 9 8 10 8 11 8 12 8 13 8 14 8 15 8 16 9 1 9 2 9 3 9 4 9 5 9 6 9 7 9 8 9 9 9 10 9 11 9 12 9 13 9 14 9 15 9 16 10 1 10 2 10 3 10 4 10 5 10 6 10 7 10 8 10 9 10 10 10 11 10 12 10 13 10 14 10 15 10 16 11 1 11 2 11 3 11 4 11 5 11 6 11 7 11 8 11 9 11 10 11 11 11 12 11 13 11 14 11 15 11 16
q 48 2 11 2 12 2 13 2 14 3 11 3 12 3 13 3 14 4 11 4 12 4 13 4 14 5 11 5 12 5 13 5 14 6 11 6 12 6 13 6 14 7 11 7 12 7 13 7 14 8 11 8 12 8 13 8 14 9 11 9 12 9 13 9 14 10 11 10 12 10 13 10 14 11 11 11 12 11 13 11 14 12 11 12 12 12 13 12 14 13 11 13 12 13 13 13 14
q 32 15 2 15 3 15 4 15 5 15 6 15 7 15 8 15 9 15 10 15 11 15 12 15 13 15 14 15 15 15 16 15 17 16 2 16 3 16 4 16 5 16 6 16 7 16 8 16 9 16 10 16 11 16 12 16 13 16 14 16 15 16 16 16 17
q 32 1 13 1 14 1 15 1 16 2 13 2 14 2 15 2 16 3 13 3 14 3 15 3 16 4 13 4 14 4 15 4 16 5 13 5 14 5 15 5 16 6 13 6 14 6 15 6 16 7 13 7 14 7 15 7 16 8 13 8 14 8 15 8 16
q 54 3 7 3 8 3 9 3 10 3 11 3 12 3 13 3 14 3 15 4 7 4 8 4 9 4 10 4 11 4 12 4 13 4 14 4 15 5 7 5 8 5 9 5 10 5 11 5 12 5 13 5 14 5 15 6 7 6 8 6 9 6 10 6 11 6 12 6 13 6 14 6 15 7 7 7 8 7 9 7 10 7 11 7 12 7 13 7 14 7 15 8 7 8 8 8 9 8 10 8 11 8 12 8 13 8 14 8 15
q 51 1 0 1 1 1 2 1 3 1 4 1 5 1 6 1 7 1 8 1 9 1 10 1 11 1 12 1 13 1 14 1 15 1 16 2 0 2 1 2 2 2 3 2 4 2 5 2 6 2 7 2 8 2 9 2 10 2 11 2 12 2 13 2 14 2 15 2 16 3 0 3 1 3 2 3 3 3 4 3 5 3 6 3 7 3 8 3 9 3 10 3 11 3 12 3 13 3 14 3 15 3 16
q 28 0 6 0 7 1 6 1 7 2 6 2 7 3 6 3 7 4 6 4 7 5 6 5 7 6 6 6 7 7 6 7 7 8 6 8 7 9 6 9 7 10 6 10 7 11 6 11 7 12 6 12 7 13 6 13 7
q 45 2 2 2 3 2 4 2 5 2 6 3 2 3 3 3 4 3 5 3 6 4 2 4 3 4 4 4 5 4 6 5 2 5 3 5 4 5 5 5 6 6 2 6 3 6 4 6 5 6 6 7 2 7 3 7 4 7 5 7 6 8 2 8 3 8 4 8 5 8 6 9 2 9 3 9 4 9 5 9 6 10 2 10 3 10 4 10 5 10 6
q 28 13 1 13 2 13 3 13 4 13 5 13 6 13 7 14 1 14 2 14 3 14 4 14 5 14 6 14 7 15 1 15 2 15 3 15 4 15 5 15 6 15 7 16 1 16 2 16 3 16 4 16 5 16 6 16 7
q 28 6 5 6 6 6 7 6 8 6 9 6 10 6 11 7 5 7 6 7 7 7 8 7 9 7 10 7 11 8 5 8 6 8 7 8 8 8 9 8 10 8 11 9 5 9 6 9 7 9 8 9 9 9 10 9 11
q 40 7 6 7 7 7 8 7 9 7 10 7 11 7 12 7 13 7 14 7 15 8 6 8 7 8 8 8 9 8 10 8 11 8 12 8 13 8 14 8 15 9 6 9 7 9 8 9 9 9 10 9 11 9 12 9 13 9 14 9 15 10 6 10 7 10 8 10 9 10 10 10 11 10 12 10 13 10 14 10 15
q 36 0 4 0 5 1 4 1 5 2 4 2 5 3 4 3 5 4 4 4 5 5 4 5 5 6 4 6 5 7 4 7 5 8 4 8 5 9 4 9 5 10 4 10 5 11 4 11 5 12 4 12 5 13 4 13 5 14 4 14 5 15 4 15 5 16 4 16 5 17 4 17 5
q 35 7 0 7 1 7 2 7 3 7 4 8 0 8 1 8 2 8 3 8 4 9 0 9 1 9 2 9 3 9 4 10 0 10 1 10 2 10 3 10 4 11 0 11 1 11 2 11 3 11 4 12 0 12 1 12 2 12 3 12 4 13 0 13 1 13 2 13 3 13 4
q 48 5 2 5 3 5 4 5 5 5 6 5 7 5 8 5 9 5 10 5 11 5 12 5 13 6 2 6 3 6 4 6 5 6 6 6 7 6 8 6 9 6 10 6 11 6 12 6 13 7 2 7 3 7 4 7 5 7 6 7 7 7 8 7 9 7 10 7 11 7 12 7 13 8 2 8 3 8 4 8 5 8 6 8 7 8 8 8 9 8 10 8 11 8 12 8 13
q 28 14 5 14 6 14 7 14 8 14 9 14 10 14 11 15 5 15 6 15 7 15 8 15 9 15 10 15 11 16 5 16 6 16 7 16 8 16 9 16 10 16 11 17 5 17 6 17 7 17 8 17 9 17 10 17 11
q 26 1 0 1 1 1 2 1 3 1 4 1 5 1 6 1 7 1 8 1 9 1 10 1 11 1 12 2 0 2 1 2 2 2 3 2 4 2 5 2 6 2 7 2 8 2 9 2 10 2 11 2 12
q 30 3 4 3 5 3 6 3 7 3 8 3 9 4 4 4 5 4 6 4 7 4 8 4 9 5 4 5 5 5 6 5 7 5 8 5 9 6 4 6 5 6 6 6 7 6 8 6 9 7 4 7 5 7 6 7 7 7 8 7 9
q 63 6 6 6 7 6 8 6 9 6 10 6 11 6 12 7 6 7 7 7 8 7 9 7 10 7 11 7 12 8 6 8 7 8 8 8 9 8 10 8 11 8 12 9 6 9 7 9 8 9 9 9 10 9 11 9 12 10 6 10 7 10 8 10 9 10 10 10 11 10 12 11 6 11 7 11 8 11 9 11 10 11 11 11 12 12 6 12 7 12 8 12 9 12 10 12 11 12 12 13 6 13 7 13 8 13 9 13 10 13 11 13 12 14 6 14 7 14 8 14 9 14 10 14 11 14 12
q 42 11 4 11 5 11 6 11 7 11 8 11 9 11 10 12 4 12 5 12 6 12 7 12 8 12 9 12 10 13 4 13 5 13 6 13 7 13 8 13 9 13 10 14 4 14 5 14 6 14 7 14 8 14 9 14 10 15 4 15 5 15 6 15 7 15 8 15 9 15 10 16 4 16 5 16 6 16 7 16 8 16 9 16 10
q 48 1 1 1 2 1 3 1 4 1 5 1 6 1 7 1 8 2 1 2 2 2 3 2 4 2 5 2 6 2 7 2 8 3 1 3 2 3 3 3 4 3 5 3 6 3 7 3 8 4 1 4 2 4 3 4 4 4 5 4 6 4 7 4 8 5 1 5 2 5 3 5 4 5 5 5 6 5 7 5 8 6 1 6 2 6 3 6 4 6 5 6 6 6 7 6 8
q 56 0 13 0 14 0 15 0 16 1 13 1 14 1 15 1 16 2 13 2 14 2 15 2 16 3 13 3 14 3 15 3 16 4 13 4 14 4 15 4 16 5 13 5 14 5 15 5 16 6 13 6 14 6 15 6 16 7 13 7 14 7 15 7 16 8 13 8 14 8 15 8 16 9 13 9 14 9 15 9 16 10 13 10 14 10 15 10 16 11 13 11 14 11 15 11 16 12 13 12 14 12 15 12 16 13 13 13 14 13 15 13 16
q 39 10 0 10 1 10 2 10 3 10 4 10 5 10 6 10 7 10 8 10 9 10 10 10 11 10 12 11 0 11 1 11 2 11 3 11 4 11 5 11 6 11 7 11 8 11 9 11 10 11 11 11 12 12 0 12 1 12 2 12 3 12 4 12 5 12 6 12 7 12 8 12 9 12 10 12 11 12 12
q 30 1 0 1 1 1 2 1 3 1 4 1 5 1 6 1 7 1 8 1 9 1 10 1 11 1 12 1 13 1 14 2 0 2 1 2 2 2 3 2 4 2 5 2 6 2 7 2 8 2 9 2 10 2 11 2 12 2 13 2 14
q 35 1 4 1 5 1 6 1 7 1 8 1 9 1 10 2 4 2 5 2 6 2 7 2 8 2 9 2 10 3 4 3 5 3 6 3 7 3 8 3 9 3 10 4 4 4 5 4 6 4 7 4 8 4 9 4 10 5 4 5 5 5 6 5 7 5 8 5 9 5 10
q 54 2 6 2 7 2 8 2 9 2 10 2 11 2 12 2 13 2 14 3 6 3 7 3 8 3 9 3 10 3 11 3 12 3 13 3 14 4 6 4 7 4 8 4 9 4 10 4 11 4 12 4 13 4 14 5 6 5 7 5 8 5 9 5 10 5 11 5 12 5 13 5 14 6 6 6 7 6 8 6 9 6 10 6 11 6 12 6 13 6 14 7 6 7 7 7 8 7 9 7 10 7 11 7 12 7 13 7 14
q 42 1 1 1 2 1 3 2 1 2 2 2 3 3 1 3 2 3 3 4 1 4 2 4 3 5 1 5 2 5 3 6 1 6 2 6 3 7 1 7 2 7 3 8 1 8 2 8 3 9 1 9 2 9 3 10 1 10 2 10 3 11 1 11 2 11 3 12 1 12 2 12 3 13 1 13 2 13 3 14 1 14 2 14 3
q 39 5 15 5 16 5 17 6 15 6 16 6 17 7 15 7 16 7 17 8 15 8 16 8 17 9 15 9 16 9 17 10 15 10 16 10 17 11 15 11 16 11 17 12 15 12 16 12 17 13 15 13 16 13 17 14 15 14 16 14 17 15 15 15 16 15 17 16 15 16 16 16 17 17 15 17 16 17 17
q 40 0 1 0 2 0 3 0 4 0 5 0 6 0 7 0 8 0 9 0 10 1 1 1 2 1 3 1 4 1 5 1 6 1 7 1 8 1 9 1 10 2 1 2 2 2 3 2 4 2 5 2 6 2 7 2 8 2 9 2 10 3 1 3 2 3 3 3 4 3 5 3 6 3 7 3 8 3 9 3 10
q 35 10 3 10 4 10 5 10 6 10 7 11 3 11 4 11 5 11 6 11 7 12 3 12 4 12 5 12 6 12 7 13 3 13 4 13 5 13 6 13 7 14 3 14 4 14 5 14 6 14 7 15 3 15 4 15 5 15 6 15 7 16 3 16 4 16 5 16 6 16 7
q 51 0 14 0 15 0 16 1 14 1 15 1 16 2 14 2 15 2 16 3 14 3 15 3 16 4 14 4 15 4 16 5 14 5 15 5 16 6 14 6 15 6 16 7 14 7 15 7 16 8 14 8 15 8 16 9 14 9 15 9 16 10 14 10 15 10 16 11 14 11 15 11 16 12 14 12 15 12 16 13 14 13 15 13 16 14 14 14 15 14 16 15 14 15 15 15 16 16 14 16 15 16 16
q 56 2 2 2 3 2 4 2 5 2 6 2 7 2 8 2 9 2 10 2 11 2 12 2 13 2 14 2 15 3 2 3 3 3 4 3 5 3 6 3 7 3 8 3 9 3 10 3 11 3 12 3 13 3 14 3 15 4 2 4 3 4 4 4 5 4 6 4 7 4 8 4 9 4 10 4 11 4 12 4 13 4 14 4 15 5 2 5 3 5 4 5 5 5 6 5 7 5 8 5 9 5 10 5 11 5 12 5 13 5 14 5 15
q 28 16 3 16 4 16 5 16 6 16 7 16 8 16 9 16 10 16 11 16 12 16 13 16 14 16 15 16 16 17 3 17 4 17 5 17 6 17 7 17 8 17 9 17 10 17 11 17 12 17 13 17 14 17 15 17 16
q 56 13 0 13 1 13 2 13 3 13 4 13 5 13 6 13 7 13 8 13 9 13 10 13 11 13 12 13 13 14 0 14 1 14 2 14 3 14 4 14 5 14 6 14 7 14 8 14 9 14 10 14 11 14 12 14 13 15 0 15 1 15 2 15 3 15 4 15 5 15 6 15 7 15 8 15 9 15 10 15 11 15 12 15 13 16 0 16 1 16 2 16 3 16 4 16 5 16 6 16 7 16 8 16 9 16 10 16 11 16 12 16 13
q 48 1 9 1 10 1 11 1 12 1 13 1 14 2 9 2 10 2 11 2 12 2 13 2 14 3 9 3 10 3 11 3 12 3 13 3 14 4 9 4 10 4 11 4 12 4 13 4 14 5 9 5 10 5 11 5 12 5 13 5 14 6 9 6 10 6 11 6 12 6 13 6 14 7 9 7 10 7 11 7 12 7 13 7 14 8 9 8 10 8 11 8 12 8 13 8 14
q 60 8 6 8 7 8 8 8 9 8 10 8 11 8 12 8 13 8 14 8 15 9 6 9 7 9 8 9 9 9 10 9 11 9 12 9 13 9 14 9 15 10 6 10 7 10 8 10 9 10 10 10 11 10 12 10 13 10 14 10 15 11 6 11 7 11 8 11 9 11 10 11 11 11 12 11 13 11 14 11 15 12 6 12 7 12 8 12 9 12 10 12 11 12 12 12 13 12 14 12 15 13 6 13 7 13 8 13 9 13 10 13 11 13 12 13 13 13 14 13 15
q 39 3 7 3 8 3 9 4 7 4 8 4 9 5 7 5 8 5 9 6 7 6 8 6 9 7 7 7 8 7 9 8 7 8 8 8 9 9 7 9 8 9 9 10 7 10 8 10 9 11 7 11 8 11 9 12 7 12 8 12 9 13 7 13 8 13 9 14 7 14 8 14 9 15 7 15 8 15 9
q 40 4 10 4 11 4 12 4 13 5 10 5 11 5 12 5 13 6 10 6 11 6 12 6 13 7 10 7 11 7 12 7 13 8 10 8 11 8 12 8 13 9 10 9 11 9 12 9 13 10 10 10 11 10 12 10 13 11 10 11 11 11 12 11 13 12 10 12 11 12 12 12 13 13 10 13 11 13 12 13 13
q 45 0 15 0 16 0 17 1 15 1 16 1 17 2 15 2 16 2 17 3 15 3 16 3 17 4 15 4 16 4 17 5 15 5 16 5 17 6 15 6 16 6 17 7 15 7 16 7 17 8 15 8 16 8 17 9 15 9 16 9 17 10 15 10 16 10 17 11 15 11 16 11 17 12 15 12 16 12 17 13 15 13 16 13 17 14 15 14 16 14 17
q 44 3 1 3 2 3 3 3 4 3 5 3 6 3 7 3 8 3 9 3 10 3 11 4 1 4 2 4 3 4 4 4 5 4 6 4 7 4 8 4 9 4 10 4 11 5 1 5 2 5 3 5 4 5 5 5 6 5 7 5 8 5 9 5 10 5 11 6 1 6 2 6 3 6 4 6 5 6 6 6 7 6 8 6 9 6 10 6 11
q 28 4 6 4 7 5 6 5 7 6 6 6 7 7 6 7 7 8 6 8 7 9 6 9 7 10 6 10 7 11 6 11 7 12 6 12 7 13 6 13 7 14 6 14 7 15 6 15 7 16 6 16 7 17 6 17 7
q 44 5 14 5 15 5 16 5 17 6 14 6 15 6 16 6 17 7 14 7 15 7 16 7 17 8 14 8 15 8 16 8 17 9 14 9 15 9 16 9 17 10 14 10 15 10 16 10 17 11 14 11 15 11 16 11 17 12 14 12 15 12 16 12 17 13 14 13 15 13 16 13 17 14 14 14 15 14 16 14 17 15 14 15 15 15 16 15 17
q 30 2 12 2 13 2 14 3 12 3 13 3 14 4 12 4 13 4 14 5 12 5 13 5 14 6 12 6 13 6 14 7 12 7 13 7 14 8 12 8 13 8 14 9 12 9 13 9 14 10 12 10 13 10 14 11 12 11 13 11 14
q 28 11 0 11 1 11 2 11 3 11 4 11 5 11 6 12 0 12 1 12 2 12 3 12 4 12 5 12 6 13 0 13 1 13 2 13 3 13 4 13 5 13 6 14 0 14 1 14 2 14 3 14 4 14 5 14 6
q 45 2 12 2 13 2 14 3 12 3 13 3 14 4 12 4 13 4 14 5 12 5 13 5 14 6 12 6 13 6 14 7 12 7 13 7 14 8 12 8 13 8 14 9 12 9 13 9 14 10 12 10 13 10 14 11 12 11 13 11 14 12 12 12 13 12 14 13 12 13 13 13 14 14 12 14 13 14 14 15 12 15 13 15 14 16 12 16 13 16 14
q 50 10 1 10 2 10 3 10 4 10 5 10 6 10 7 10 8 10 9 10 10 11 1 11 2 11 3 11 4 11 5 11 6 11 7 11 8 11 9 11 10 12 1 12 2 12 3 12 4 12 5 12 6 12 7 12 8 12 9 12 10 13 1 13 2 13 3 13 4 13 5 13 6 13 7 13 8 13 9 13 10 14 1 14 2 14 3 14 4 14 5 14 6 14 7 14 8 14 9 14 10
q 32 1 12 1 13 2 12 2 13 3 12 3 13 4 12 4 13 5 12 5 13 6 12 6 13 7 12 7 13 8 12 8 13 9 12 9 13 10 12 10 13 11 12 11 13 12 12 12 13 13 12 13 13 14 12 14 13 15 12 15 13 16 12 16 13
q 35 9 8 9 9 9 10 9 11 9 12 9 13 9 14 10 8 10 9 10 10 10 11 10 12 10 13 10 14 11 8 11 9 11 10 11 11 11 12 11 13 11 14 12 8 12 9 12 10 12 11 12 12 12 13 12 14 13 8 13 9 13 10 13 11 13 12 13 13 13 14
q 51 2 0 2 1 2 2 2 3 2 4 2 5 2 6 2 7 2 8 2 9 2 10 2 11 2 12 2 13 2 14 2 15 2 16 3 0 3 1 3 2 3 3 3 4 3 5 3 6 3 7 3 8 3 9 3 10 3 11 3 12 3 13 3 14 3 15 3 16 4 0 4 1 4 2 4 3 4 4 4 5 4 6 4 7 4 8 4 9 4 10 4 11 4 12 4 13 4 14 4 15 4 16
q 60 0 3 0 4 0 5 0 6 1 3 1 4 1 5 1 6 2 3 2 4 2 5 2 6 3 3 3 4 3 5 3 6 4 3 4 4 4 5 4 6 5 3 5 4 5 5 5 6 6 3 6 4 6 5 6 6 7 3 7 4 7 5 7 6 8 3 8 4 8 5 8 6 9 3 9 4 9 5 9 6 10 3 10 4 10 5 10 6 11 3 11 4 11 5 11 6 12 3 12 4 12 5 12 6 13 3 13 4 13 5 13 6 14 3 14 4 14 5 14 6
q 42 0 7 0 8 0 9 0 10 0 11 0 12 0 13 1 7 1 8 1 9 1 10 1 11 1 12 1 13 2 7 2 8 2 9 2 10 2 11 2 12 2 13 3 7 3 8 3 9 3 10 3 11 3 12 3 13 4 7 4 8 4 9 4 10 4 11 4 12 4 13 5 7 5 8 5 9 5 10 5 11 5 12 5 13
q 32 3 5 3 6 3 7 3 8 4 5 4 6 4 7 4 8 5 5 5 6 5 7 5 8 6 5 6 6 6 7 6 8 7 5 7 6 7 7 7 8 8 5 8 6 8 7 8 8 9 5 9 6 9 7 9 8 10 5 10 6 10 7 10 8
q 36 4 6 4 7 4 8 4 9 4 10 4 11 4 12 4 13 4 14 5 6 5 7 5 8 5 9 5 10 5 11 5 12 5 13 5 14 6 6 6 7 6 8 6 9 6 10 6 11 6 12 6 13 6 14 7 6 7 7 7 8 7 9 7 10 7 11 7 12 7 13 7 14
q 40 5 8 5 9 5 10 5 11 5 12 6 8 6 9 6 10 6 11 6 12 7 8 7 9 7 10 7 11 7 12 8 8 8 9 8 10 8 11 8 12 9 8 9 9 9 10 9 11 9 12 10 8 10 9 10 10 10 11 10 12 11 8 11 9 11 10 11 11 11 12 12 8 12 9 12 10 12 11 12 12
q 39 3 5 3 6 3 7 4 5 4 6 4 7 5 5 5 6 5 7 6 5 6 6 6 7 7 5 7 6 7 7 8 5 8 6 8 7 9 5 9 6 9 7 10 5 10 6 10 7 11 5 11 6 11 7 12 5 12 6 12 7 13 5 13 6 13 7 14 5 14 6 14 7 15 5 15 6 15 7
q 28 7 0 7 1 7 2 7 3 7 4 7 5 7 6 7 7 7 8 7 9 7 10 7 11 7 12 7 13 8 0 8 1 8 2 8 3 8 4 8 5 8 6 8 7 8 8 8 9 8 10 8 11 8 12 8 13
q 30 0 8 0 9 0 10 0 11 0 12 1 8 1 9 1 10 1 11 1 12 2 8 2 9 2 10 2 11 2 12 3 8 3 9 3 10 3 11 3 12 4 8 4 9 4 10 4 11 4 12 5 8 5 9 5 10 5 11 5 12
q 40 0 12 0 13 0 14 0 15 1 12 1 13 1 14 1 15 2 12 2 13 2 14 2 15 3 12 3 13 3 14 3 15 4 12 4 13 4 14 4 15 5 12 5 13 5 14 5 15 6 12 6 13 6 14 6 15 7 12 7 13 7 14 7 15 8 12 8 13 8 14 8 15 9 12 9 13 9 14 9 15
q 36 0 10 0 11 1 10 1 11 2 10 2 11 3 10 3 11 4 10 4 11 5 10 5 11 6 10 6 11 7 10 7 11 8 10 8 11 9 10 9 11 10 10 10 11 11 10 11 11 12 10 12 11 13 10 13 11 14 10 14 11 15 10 15 11 16 10 16 11 17 10 17 11
q 32 0 4 0 5 0 6 0 7 1 4 1 5 1 6 1 7 2 4 2 5 2 6 2 7 3 4 3 5 3 6 3 7 4 4 4 5 4 6 4 7 5 4 5 5 5 6 5 7 6 4 6 5 6 6 6 7 7 4 7 5 7 6 7 7
q 55 11 3 11 4 11 5 11 6 11 7 11 8 11 9 11 10 11 11 11 12 11 13 12 3 12 4 12 5 12 6 12 7 12 8 12 9 12 10 12 11 12 12 12 13 13 3 13 4 13 5 13 6 13 7 13 8 13 9 13 10 13 11 13 12 13 13 14 3 14 4 14 5 14 6 14 7 14 8 14 9 14 10 14 11 14 12 14 13 15 3 15 4 15 5 15 6 15 7 15 8 15 9 15 10 15 11 15 12 15 13
q 49 9 8 9 9 9 10 9 11 9 12 9 13 9 14 10 8 10 9 10 10 10 11 10 12 10 13 10 14 11 8 11 9 11 10 11 11 11 12 11 13 11 14 12 8 12 9 12 10 12 11 12 12 12 13 12 14 13 8 13 9 13 10 13 11 13 12 13 13 13 14 14 8 14 9 14 10 14 11 14 12 14 13 14 14 15 8 15 9 15 10 15 11 15 12 15 13 15 14
q 45 8 5 8 6 8 7 8 8 8 9 8 10 8 11 8 12 8 13 9 5 9 6 9 7 9 8 9 9 9 10 9 11 9 12 9 13 10 5 10 6 10 7 10 8 10 9 10 10 10 11 10 12 10 13 11 5 11 6 11 7 11 8 11 9 11 10 11 11 11 12 11 13 12 5 12 6 12 7 12 8 12 9 12 10 12 11 12 12 12 13
q 56 1 4 1 5 1 6 1 7 2 4 2 5 2 6 2 7 3 4 3 5 3 6 3 7 4 4 4 5 4 6 4 7 5 4 5 5 5 6 5 7 6 4 6 5 6 6 6 7 7 4 7 5 7 6 7 7 8 4 8 5 8 6 8 7 9 4 9 5 9 6 9 7 10 4 10 5 10 6 10 7 11 4 11 5 11 6 11 7 12 4 12 5 12 6 12 7 13 4 13 5 13 6 13 7 14 4 14 5 14 6 14 7
q 39 12 0 12 1 12 2 12 3 12 4 12 5 12 6 12 7 12 8 12 9 12 10 12 11 12 12 13 0 13 1 13 2 13 3 13 4 13 5 13 6 13 7 13 8 13 9 13 10 13 11 13 12 14 0 14 1 14 2 14 3 14 4 14 5 14 6 14 7 14 8 14 9 14 10 14 11 14 12
q 42 9 5 9 6 9 7 9 8 9 9 9 10 10 5 10 6 10 7 10 8 10 9 10 10 11 5 11 6 11 7 11 8 11 9 11 10 12 5 12 6 12 7 12 8 12 9 12 10 13 5 13 6 13 7 13 8 13 9 13 10 14 5 14 6 14 7 14 8 14 9 14 10 15 5 15 6 15 7 15 8 15 9 15 10
q 30 3 16 3 17 4 16 4 17 5 16 5 17 6 16 6 17 7 16 7 17 8 16 8 17 9 16 9 17 10 16 10 17 11 16 11 17 12 16 12 17 13 16 13 17 14 16 14 17 15 16 15 17 16 16 16 17 17 16 17 17
q 54 0 9 0 10 0 11 0 12 0 13 0 14 1 9 1 10 1 11 1 12 1 13 1 14 2 9 2 10 2 11 2 12 2 13 2 14 3 9 3 10 3 11 3 12 3 13 3 14 4 9 4 10 4 11 4 12 4 13 4 14 5 9 5 10 5 11 5 12 5 13 5 14 6 9 6 10 6 11 6 12 6 13 6 14 7 9 7 10 7 11 7 12 7 13 7 14 8 9 8 10 8 11 8 12 8 13 8 14
q 27 3 0 3 1 3 2 3 3 3 4 3 5 3 6 3 7 3 8 4 0 4 1 4 2 4 3 4 4 4 5 4 6 4 7 4 8 5 0 5 1 5 2 5 3 5 4 5 5 5 6 5 7 5 8
q 30 3 13 3 14 4 13 4 14 5 13 5 14 6 13 6 14 7 13 7 14 8 13 8 14 9 13 9 14 10 13 10 14 11 13 11 14 12 13 12 14 13 13 13 14 14 13 14 14 15 13 15 14 16 13 16 14 17 13 17 14
q 50 0 5 0 6 0 7 0 8 0 9 0 10 0 11 0 12 0 13 0 14 1 5 1 6 1 7 1 8 1 9 1 10 1 11 1 12 1 13 1 14 2 5 2 6 2 7 2 8 2 9 2 10 2 11 2 12 2 13 2 14 3 5 3 6 3 7 3 8 3 9 3 10 3 11 3 12 3 13 3 14 4 5 4 6 4 7 4 8 4 9 4 10 4 11 4 12 4 13 4 14
q 49 6 5 6 6 6 7 6 8 6 9 6 10 6 11 7 5 7 6 7 7 7 8 7 9 7 10 7 11 8 5 8 6 8 7 8 8 8 9 8 10 8 11 9 5 9 6 9 7 9 8 9 9 9 10 9 11 10 5 10 6 10 7 10 8 10 9 10 10 10 11 11 5 11 6 11 7 11 8 11 9 11 10 11 11 12 5 12 6 12 7 12 8 12 9 12 10 12 11
q 51 0 13 0 14 0 15 1 13 1 14 1 15 2 13 2 14 2 15 3 13 3 14 3 15 4 13 4 14 4 15 5 13 5 14 5 15 6 13 6 14 6 15 7 13 7 14 7 15 8 13 8 14 8 15 9 13 9 14 9 15 10 13 10 14 10 15 11 13 11 14 11 15 12 13 12 14 12 15 13 13 13 14 13 15 14 13 14 14 14 15 15 13 15 14 15 15 16 13 16 14 16 15
q 26 4 10 4 11 5 10 5 11 6 10 6 11 7 10 7 11 8 10 8 11 9 10 9 11 10 10 10 11 11 10 11 11 12 10 12 11 13 10 13 11 14 10 14 11 15 10 15 11 16 10 16 11
q 48 11 2 11 3 11 4 11 5 11 6 11 7 11 8 11 9 11 10 11 11 11 12 11 13 11 14 11 15 11 16 11 17 12 2 12 3 12 4 12 5 12 6 12 7 12 8 12 9 12 10 12 11 12 12 12 13 12 14 12 15 12 16 12 17 13 2 13 3 13 4 13 5 13 6 13 7 13 8 13 9 13 10 13 11 13 12 13 13 13 14 13 15 13 16 13 17
q 56 4 2 4 3 4 4 4 5 5 2 5 3 5 4 5 5 6 2 6 3 6 4 6 5 7 2 7 3 7 4 7 5 8 2 8 3 8 4 8 5 9 2 9 3 9 4 9 5 10 2 10 3 10 4 10 5 11 2 11 3 11 4 11 5 12 2 12 3 12 4 12 5 13 2 13 3 13 4 13 5 14 2 14 3 14 4 14 5 15 2 15 3 15 4 15 5 16 2 16 3 16 4 16 5 17 2 17 3 17 4 17 5
q 36 7 5 7 6 7 7 7 8 8 5 8 6 8 7 8 8 9 5 9 6 9 7 9 8 10 5 10 6 10 7 10 8 11 5 11 6 11 7 11 8 12 5 12 6 12 7 12 8 13 5 13 6 13 7 13 8 14 5 14 6 14 7 14 8 15 5 15 6 15 7 15 8
q 36 2 11 2 12 2 13 3 11 3 12 3 13 4 11 4 12 4 13 5 11 5 12 5 13 6 11 6 12 6 13 7 11 7 12 7 13 8 11 8 12 8 13 9 11 9 12 9 13 10 11 10 12 10 13 11 11 11 12 11 13 12 11 12 12 12 13 13 11 13 12 13 13
q 35 10 4 10 5 10 6 10 7 10 8 11 4 11 5 11 6 11 7 11 8 12 4 12 5 12 6 12 7 12 8 13 4 13 5 13 6 13 7 13 8 14 4 14 5 14 6 14 7 14 8 15 4 15 5 15 6 15 7 15 8 16 4 16 5 16 6 16 7 16 8
q 55 2 2 2 3 2 4 2 5 2 6 3 2 3 3 3 4 3 5 3 6 4 2 4 3 4 4 4 5 4 6 5 2 5 3 5 4 5 5 5 6 6 2 6 3 6 4 6 5 6 6 7 2 7 3 7 4 7 5 7 6 8 2 8 3 8 4 8 5 8 6 9 2 9 3 9 4 9 5 9 6 10 2 10 3 10 4 10 5 10 6 11 2 11 3 11 4 11 5 11 6 12 2 12 3 12 4 12 5 12 6
q 35 7 13 7 14 7 15 7 16 7 17 8 13 8 14 8 15 8 16 8 17 9 13 9 14 9 15 9 16 9 17 10 13 10 14 10 15 10 16 10 17 11 13 11 14 11 15 11 16 11 17 12 13 12 14 12 15 12 16 12 17 13 13 13 14 13 15 13 16 13 17
q 30 7 3 7 4 7 5 8 3 8 4 8 5 9 3 9 4 9 5 10 3 10 4 10 5 11 3 11 4 11 5 12 3 12 4 12 5 13 3 13 4 13 5 14 3 14 4 14 5 15 3 15 4 15 5 16 3 16 4 16 5
q 52 6 2 6 3 6 4 6 5 6 6 6 7 6 8 6 9 6 10 6 11 6 12 6 13 6 14 7 2 7 3 7 4 7 5 7 6 7 7 7 8 7 9 7 10 7 11 7 12 7 13 7 14 8 2 8 3 8 4 8 5 8 6 8 7 8 8 8 9 8 10 8 11 8 12 8 13 8 14 9 2 9 3 9 4 9 5 9 6 9 7 9 8 9 9 9 10 9 11 9 12 9 13 9 14
q 60 7 2 7 3 7 4 7 5 7 6 7 7 7 8 7 9 7 10 7 11 7 12 7 13 8 2 8 3 8 4 8 5 8 6 8 7 8 8 8 9 8 10 8 11 8 12 8 13 9 2 9 3 9 4 9 5 9 6 9 7 9 8 9 9 9 10 9 11 9 12 9 13 10 2 10 3 10 4 10 5 10 6 10 7 10 8 10 9 10 10 10 11 10 12 10 13 11 2 11 3 11 4 11 5 11 6 11 7 11 8 11 9 11 10 11 11 11 12 11 13
q 42 8 3 8 4 8 5 8 6 8 7 8 8 8 9 9 3 9 4 9 5 9 6 9 7 9 8 9 9 10 3 10 4 10 5 10 6 10 7 10 8 10 9 11 3 11 4 11 5 11 6 11 7 11 8 11 9 12 3 12 4 12 5 12 6 12 7 12 8 12 9 13 3 13 4 13 5 13 6 13 7 13 8 13 9
q 30 7 8 7 9 7 10 7 11 7 12 7 13 7 14 7 15 7 16 7 17 8 8 8 9 8 10 8 11 8 12 8 13 8 14 8 15 8 16 8 17 9 8 9 9 9 10 9 11 9 12 9 13 9 14 9 15 9 16 9 17
q 60 2 2 2 3 2 4 2 5 2 6 3 2 3 3 3 4 3 5 3 6 4 2 4 3 4 4 4 5 4 6 5 2 5 3 5 4 5 5 5 6 6 2 6 3 6 4 6 5 6 6 7 2 7 3 7 4 7 5 7 6 8 2 8 3 8 4 8 5 8 6 9 2 9 3 9 4 9 5 9 6 10 2 10 3 10 4 10 5 10 6 11 2 11 3 11 4 11 5 11 6 12 2 12 3 12 4 12 5 12 6 13 2 13 3 13 4 13 5 13 6
q 48 5 2 5 3 5 4 5 5 5 6 5 7 5 8 5 9 6 2 6 3 6 4 6 5 6 6 6 7 6 8 6 9 7 2 7 3 7 4 7 5 7 6 7 7 7 8 7 9 8 2 8 3 8 4 8 5 8 6 8 7 8 8 8 9 9 2 9 3 9 4 9 5 9 6 9 7 9 8 9 9 10 2 10 3 10 4 10 5 10 6 10 7 10 8 10 9
q 34 0 10 0 11 1 10 1 11 2 10 2 11 3 10 3 11 4 10 4 11 5 10 5 11 6 10 6 11 7 10 7 11 8 10 8 11 9 10 9 11 10 10 10 11 11 10 11 11 12 10 12 11 13 10 13 11 14 10 14 11 15 10 15 11 16 10 16 11
q 36 10 4 10 5 10 6 10 7 10 8 10 9 10 10 10 11 10 12 10 13 10 14 10 15 11 4 11 5 11 6 11 7 11 8 11 9 11 10 11 11 11 12 11 13 11 14 11 15 12 4 12 5 12 6 12 7 12 8 12 9 12 10 12 11 12 12 12 13 12 14 12 15
q 52 4 13 4 14 4 15 4 16 5 13 5 14 5 15 5 16 6 13 6 14 6 15 6 16 7 13 7 14 7 15 7 16 8 13 8 14 8 15 8 16 9 13 9 14 9 15 9 16 10 13 10 14 10 15 10 16 11 13 11 14 11 15 11 16 12 13 12 14 12 15 12 16 13 13 13 14 13 15 13 16 14 13 14 14 14 15 14 16 15 13 15 14 15 15 15 16 16 13 16 14 16 15 16 16
q 64 9 7 9 8 9 9 9 10 9 11 9 12 9 13 9 14 10 7 10 8 10 9 10 10 10 11 10 12 10 13 10 14 11 7 11 8 11 9 11 10 11 11 11 12 11 13 11 14 12 7 12 8 12 9 12 10 12 11 12 12 12 13 12 14 13 7 13 8 13 9 13 10 13 11 13 12 13 13 13 14 14 7 14 8 14 9 14 10 14 11 14 12 14 13 14 14 15 7 15 8 15 9 15 10 15 11 15 12 15 13 15 14 16 7 16 8 16 9 16 10 16 11 16 12 16 13 16 14
q 64 12 1 12 2 12 3 12 4 12 5 12 6 12 7 12 8 12 9 12 10 12 11 12 12 12 13 12 14 12 15 12 16 13 1 13 2 13 3 13 4 13 5 13 6 13 7 13 8 13 9 13 10 13 11 13 12 13 13 13 14 13 15 13 16 14 1 14 2 14 3 14 4 14 5 14 6 14 7 14 8 14 9 14 10 14 11 14 12 14 13 14 14 14 15 14 16 15 1 15 2 15 3 15 4 15 5 15 6 15 7 15 8 15 9 15 10 15 11 15 12 15 13 15 14 15 15 15 16
q 26 3 6 3 7 4 6 4 7 5 6 5 7 6 6 6 7 7 6 7 7 8 6 8 7 9 6 9 7 10 6 10 7 11 6 11 7 12 6 12 7 13 6 13 7 14 6 14 7 15 6 15 7
q 36 5 1 5 2 5 3 5 4 5 5 5 6 5 7 5 8 5 9 5 10 5 11 5 12 6 1 6 2 6 3 6 4 6 5 6 6 6 7 6 8 6 9 6 10 6 11 6 12 7 1 7 2 7 3 7 4 7 5 7 6 7 7 7 8 7 9 7 10 7 11 7 12
q 36 1 3 1 4 1 5 1 6 1 7 1 8 1 9 1 10 1 11 1 12 1 13 1 14 2 3 2 4 2 5 2 6 2 7 2 8 2 9 2 10 2 11 2 12 2 13 2 14 3 3 3 4 3 5 3 6 3 7 3 8 3 9 3 10 3 11 3 12 3 13 3 14
q 54 1 0 1 1 1 2 1 3 1 4 1 5 1 6 1 7 1 8 1 9 1 10 1 11 1 12 1 13 1 14 1 15 1 16 1 17 2 0 2 1 2 2 2 3 2 4 2 5 2 6 2 7 2 8 2 9 2 10 2 11 2 12 2 13 2 14 2 15 2 16 2 17 3 0 3 1 3 2 3 3 3 4 3 5 3 6 3 7 3 8 3 9 3 10 3 11 3 12 3 13 3 14 3 15 3 16 3 17
q 28 3 13 3 14 3 15 3 16 4 13 4 14 4 15 4 16 5 13 5 14 5 15 5 16 6 13 6 14 6 15 6 16 7 13 7 14 7 15 7 16 8 13 8 14 8 15 8 16 9 13 9 14 9 15 9 16
q 35 2 0 2 1 2 2 2 3 2 4 2 5 2 6 3 0 3 1 3 2 3 3 3 4 3 5 3 6 4 0 4 1 4 2 4 3 4 4 4 5 4 6 5 0 5 1 5 2 5 3 5 4 5 5 5 6 6 0 6 1 6 2 6 3 6 4 6 5 6 6
q 30 9 0 9 1 9 2 9 3 9 4 10 0 10 1 10 2 10 3 10 4 11 0 11 1 11 2 11 3 11 4 12 0 12 1 12 2 12 3 12 4 13 0 13 1 13 2 13 3 13 4 14 0 14 1 14 2 14 3 14 4
q 33 1 14 1 15 1 16 2 14 2 15 2 16 3 14 3 15 3 16 4 14 4 15 4 16 5 14 5 15 5 16 6 14 6 15 6 16 7 14 7 15 7 16 8 14 8 15 8 16 9 14 9 15 9 16 10 14 10 15 10 16 11 14 11 15 11 16
q 42 7 0 7 1 7 2 7 3 7 4 7 5 7 6 8 0 8 1 8 2 8 3 8 4 8 5 8 6 9 0 9 1 9 2 9 3 9 4 9 5 9 6 10 0 10 1 10 2 10 3 10 4 10 5 10 6 11 0 11 1 11 2 11 3 11 4 11 5 11 6 12 0 12 1 12 2 12 3 12 4 12 5 12 6
q 33 9 1 9 2 9 3 9 4 9 5 9 6 9 7 9 8 9 9 9 10 9 11 10 1 10 2 10 3 10 4 10 5 10 6 10 7 10 8 10 9 10 10 10 11 11 1 11 2 11 3 11 4 11 5 11 6 11 7 11 8 11 9 11 10 11 11
q 60 6 2 6 3 6 4 6 5 6 6 6 7 6 8 6 9 6 10 6 11 6 12 6 13 7 2 7 3 7 4 7 5 7 6 7 7 7 8 7 9 7 10 7 11 7 12 7 13 8 2 8 3 8 4 8 5 8 6 8 7 8 8 8 9 8 10 8 11 8 12 8 13 9 2 9 3 9 4 9 5 9 6 9 7 9 8 9 9 9 10 9 11 9 12 9 13 10 2 10 3 10 4 10 5 10 6 10 7 10 8 10 9 10 10 10 11 10 12 10 13
q 26 2 4 2 5 3 4 3 5 4 4 4 5 5 4 5 5 6 4 6 5 7 4 7 5 8 4 8 5 9 4 9 5 10 4 10 5 11 4 11 5 12 4 12 5 13 4 13 5 14 4 14 5
q 44 2 11 2 12 2 13 2 14 3 11 3 12 3 13 3 14 4 11 4 12 4 13 4 14 5 11 5 12 5 13 5 14 6 11 6 12 6 13 6 14 7 11 7 12 7 13 7 14 8 11 8 12 8 13 8 14 9 11 9 12 9 13 9 14 10 11 10 12 10 13 10 14 11 11 11 12 11 13 11 14 12 11 12 12 12 13 12 14
q 35 10 8 10 9 10 10 10 11 10 12 11 8 11 9 11 10 11 11 11 12 12 8 12 9 12 10 12 11 12 12 13 8 13 9 13 10 13 11 13 12 14 8 14 9 14 10 14 11 14 12 15 8 15 9 15 10 15 11 15 12 16 8 16 9 16 10 16 11 16 12
q 64 1 11 1 12 1 13 1 14 2 11 2 12 2 13 2 14 3 11 3 12 3 13 3 14 4 11 4 12 4 13 4 14 5 11 5 12 5 13 5 14 6 11 6 12 6 13 6 14 7 11 7 12 7 13 7 14 8 11 8 12 8 13 8 14 9 11 9 12 9 13 9 14 10 11 10 12 10 13 10 14 11 11 11 12 11 13 11 14 12 11 12 12 12 13 12 14 13 11 13 12 13 13 13 14 14 11 14 12 14 13 14 14 15 11 15 12 15 13 15 14 16 11 16 12 16 13 16 14
q 56 1 3 1 4 1 5 1 6 1 7 1 8 1 9 1 10 1 11 1 12 1 13 1 14 1 15 1 16 2 3 2 4 2 5 2 6 2 7 2 8 2 9 2 10 2 11 2 12 2 13 2 14 2 15 2 16 3 3 3 4 3 5 3 6 3 7 3 8 3 9 3 10 3 11 3 12 3 13 3 14 3 15 3 16 4 3 4 4 4 5 4 6 4 7 4 8 4 9 4 10 4 11 4 12 4 13 4 14 4 15 4 16
q 48 15 0 15 1 15 2 15 3 15 4 15 5 15 6 15 7 15 8 15 9 15 10 15 11 15 12 15 13 15 14 15 15 16 0 16 1 16 2 16 3 16 4 16 5 16 6 16 7 16 8 16 9 16 10 16 11 16 12 16 13 16 14 16 15 17 0 17 1 17 2 17 3 17 4 17 5 17 6 17 7 17 8 17 9 17 10 17 11 17 12 17 13 17 14 17 15
q 28 10 2 10 3 10 4 10 5 10 6 10 7 10 8 11 2 11 3 11 4 11 5 11 6 11 7 11 8 12 2 12 3 12 4 12 5 12 6 12 7 12 8 13 2 13 3 13 4 13 5 13 6 13 7 13 8
q 60 0 8 0 9 0 10 0 11 1 8 1 9 1 10 1 11 2 8 2 9 2 10 2 11 3 8 3 9 3 10 3 11 4 8 4 9 4 10 4 11 5 8 5 9 5 10 5 11 6 8 6 9 6 10 6 11 7 8 7 9 7 10 7 11 8 8 8 9 8 10 8 11 9 8 9 9 9 10 9 11 10 8 10 9 10 10 10 11 11 8 11 9 11 10 11 11 12 8 12 9 12 10 12 11 13 8 13 9 13 10 13 11 14 8 14 9 14 10 14 11
q 56 1 9 1 10 1 11 1 12 2 9 2 10 2 11 2 12 3 9 3 10 3 11 3 12 4 9 4 10 4 11 4 12 5 9 5 10 5 11 5 12 6 9 6 10 6 11 6 12 7 9 7 10 7 11 7 12 8 9 8 10 8 11 8 12 9 9 9 10 9 11 9 12 10 9 10 10 10 11 10 12 11 9 11 10 11 11 11 12 12 9 12 10 12 11 12 12 13 9 13 10 13 11 13 12 14 9 14 10 14 11 14 12
q 39 0 15 0 16 0 17 1 15 1 16 1 17 2 15 2 16 2 17 3 15 3 16 3 17 4 15 4 16 4 17 5 15 5 16 5 17 6 15 6 16 6 17 7 15 7 16 7 17 8 15 8 16 8 17 9 15 9 16 9 17 10 15 10 16 10 17 11 15 11 16 11 17 12 15 12 16 12 17
q 56 6 5 6 6 6 7 6 8 6 9 6 10 6 11 6 12 7 5 7 6 7 7 7 8 7 9 7 10 7 11 7 12 8 5 8 6 8 7 8 8 8 9 8 10 8 11 8 12 9 5 9 6 9 7 9 8 9 9 9 10 9 11 9 12 10 5 10 6 10 7 10 8 10 9 10 10 10 11 10 12 11 5 11 6 11 7 11 8 11 9 11 10 11 11 11 12 12 5 12 6 12 7 12 8 12 9 12 10 12 11 12 12
q 26 3 14 3 15 4 14 4 15 5 14 5 15 6 14 6 15 7 14 7 15 8 14 8 15 9 14 9 15 10 14 10 15 11 14 11 15 12 14 12 15 13 14 13 15 14 14 14 15 15 14 15 15
q 36 6 11 6 12 6 13 7 11 7 12 7 13 8 11 8 12 8 13 9 11 9 12 9 13 10 11 10 12 10 13 11 11 11 12 11 13 12 11 12 12 12 13 13 11 13 12 13 13 14 11 14 12 14 13 15 11 15 12 15 13 16 11 16 12 16 13 17 11 17 12 17 13
q 18 0 0 1 0 2 0 3 0 4 0 5 0 6 0 7 0 8 0 9 0 10 0 11 0 12 0 13 0 14 0 15 0 16 0 17 0
q 28 1 0 1 1 1 2 1 3 1 4 1 5 1 6 1 7 1 8 1 9 1 10 1 11 1 12 1 13 2 0 2 1 2 2 2 3 2 4 2 5 2 6 2 7 2 8 2 9 2 10 2 11 2 12 2 13
q 36 0 13 0 14 1 13 1 14 2 13 2 14 3 13 3 14 4 13 4 14 5 13 5 14 6 13 6 14 7 13 7 14 8 13 8 14 9 13 9 14 10 13 10 14 11 13 11 14 12 13 12 14 13 13 13 14 14 13 14 14 15 13 15 14 16 13 16 14 17 13 17 14
q 48 12 4 12 5 12 6 12 7 12 8 12 9 12 10 12 11 12 12 12 13 12 14 12 15 13 4 13 5 13 6 13 7 13 8 13 9 13 10 13 11 13 12 13 13 13 14 13 15 14 4 14 5 14 6 14 7 14 8 14 9 14 10 14 11 14 12 14 13 14 14 14 15 15 4 15 5 15 6 15 7 15 8 15 9 15 10 15 11 15 12 15 13 15 14 15 15
q 30 2 3 2 4 3 3 3 4 4 3 4 4 5 3 5 4 6 3 6 4 7 3 7 4 8 3 8 4 9 3 9 4 10 3 10 4 11 3 11 4 12 3 12 4 13 3 13 4 14 3 14 4 15 3 15 4 16 3 16 4
q 48 0 4 0 5 0 6 0 7 0 8 0 9 0 10 0 11 1 4 1 5 1 6 1 7 1 8 1 9 1 10 1 11 2 4 2 5 2 6 2 7 2 8 2 9 2 10 2 11 3 4 3 5 3 6 3 7 3 8 3 9 3 10 3 11 4 4 4 5 4 6 4 7 4 8 4 9 4 10 4 11 5 4 5 5 5 6 5 7 5 8 5 9 5 10 5 11
q 60 2 12 2 13 2 14 2 15 2 16 2 17 3 12 3 13 3 14 3 15 3 16 3 17 4 12 4 13 4 14 4 15 4 16 4 17 5 12 5 13 5 14 5 15 5 16 5 17 6 12 6 13 6 14 6 15 6 16 6 17 7 12 7 13 7 14 7 15 7 16 7 17 8 12 8 13 8 14 8 15 8 16 8 17 9 12 9 13 9 14 9 15 9 16 9 17 10 12 10 13 10 14 10 15 10 16 10 17 11 12 11 13 11 14 11 15 11 16 11 17
q 54 14 0 14 1 14 2 14 3 14 4 14 5 14 6 14 7 14 8 14 9 14 10 14 11 14 12 14 13 14 14 14 15 14 16 14 17 15 0 15 1 15 2 15 3 15 4 15 5 15 6 15 7 15 8 15 9 15 10 15 11 15 12 15 13 15 14 15 15 15 16 15 17 16 0 16 1 16 2 16 3 16 4 16 5 16 6 16 7 16 8 16 9 16 10 16 11 16 12 16 13 16 14 16 15 16 16 16 17
q 6 4 9 4 10 5 9 5 10 6 9 6 10
q 36 8 1 8 2 8 3 8 4 8 5 8 6 9 1 9 2 9 3 9 4 9 5 9 6 10 1 10 2 10 3 10 4 10 5 10 6 11 1 11 2 11 3 11 4 11 5 11 6 12 1 12 2 12 3 12 4 12 5 12 6 13 1 13 2 13 3 13 4 13 5 13 6
q 50 7 5 7 6 7 7 7 8 7 9 8 5 8 6 8 7 8 8 8 9 9 5 9 6 9 7 9 8 9 9 10 5 10 6 10 7 10 8 10 9 11 5 11 6 11 7 11 8 11 9 12 5 12 6 12 7 12 8 12 9 13 5 13 6 13 7 13 8 13 9 14 5 14 6 14 7 14 8 14 9 15 5 15 6 15 7 15 8 15 9 16 5 16 6 16 7 16 8 16 9
q 36 2 6 2 7 2 8 2 9 3 6 3 7 3 8 3 9 4 6 4 7 4 8 4 9 5 6 5 7 5 8 5 9 6 6 6 7 6 8 6 9 7 6 7 7 7 8 7 9 8 6 8 7 8 8 8 9 9 6 9 7 9 8 9 9 10 6 10 7 10 8 10 9
q 2 10 11 10 12
q 13 13 4 13 5 13 6 13 7 13 8 13 9 13 10 13 11 13 12 13 13 13 14 13 15 13 16
q 20 7 13 7 14 7 15 7 16 8 13 8 14 8 15 8 16 9 13 9 14 9 15 9 16 10 13 10 14 10 15 10 16 11 13 11 14 11 15 11 16
q 12 14 9 14 10 14 11 14 12 14 13 14 14 15 9 15 10 15 11 15 12 15 13 15 14
q 21 11 10 11 11 11 12 11 13 11 14 11 15 11 16 12 10 12 11 12 12 12 13 12 14 12 15 12 16 13 10 13 11 13 12 13 13 13 14 13 15 13 16
q 64 0 5 0 6 0 7 0 8 1 5 1 6 1 7 1 8 2 5 2 6 2 7 2 8 3 5 3 6 3 7 3 8 4 5 4 6 4 7 4 8 5 5 5 6 5 7 5 8 6 5 6 6 6 7 6 8 7 5 7 6 7 7 7 8 8 5 8 6 8 7 8 8 9 5 9 6 9 7 9 8 10 5 10 6 10 7 10 8 11 5 11 6 11 7 11 8 12 5 12 6 12 7 12 8 13 5 13 6 13 7 13 8 14 5 14 6 14 7 14 8 15 5 15 6 15 7 15 8
q 54 12 0 12 1 12 2 12 3 12 4 12 5 12 6 12 7 12 8 12 9 12 10 12 11 12 12 12 13 12 14 12 15 12 16 12 17 13 0 13 1 13 2 13 3 13 4 13 5 13 6 13 7 13 8 13 9 13 10 13 11 13 12 13 13 13 14 13 15 13 16 13 17 14 0 14 1 14 2 14 3 14 4 14 5 14 6 14 7 14 8 14 9 14 10 14 11 14 12 14 13 14 14 14 15 14 16 14 17
q 32 0 10 0 11 0 12 0 13 1 10 1 11 1 12 1 13 2 10 2 11 2 12 2 13 3 10 3 11 3 12 3 13 4 10 4 11 4 12 4 13 5 10 5 11 5 12 5 13 6 10 6 11 6 12 6 13 7 10 7 11 7 12 7 13
q 48 12 7 12 8 12 9 12 10 12 11 12 12 12 13 12 14 13 7 13 8 13 9 13 10 13 11 13 12 13 13 13 14 14 7 14 8 14 9 14 10 14 11 14 12 14 13 14 14 15 7 15 8 15 9 15 10 15 11 15 12 15 13 15 14 16 7 16 8 16 9 16 10 16 11 16 12 16 13 16 14 17 7 17 8 17 9 17 10 17 11 17 12 17 13 17 14
q 33 5 4 5 5 5 6 5 7 5 8 5 9 5 10 5 11 5 12 5 13 5 14 6 4 6 5 6 6 6 7 6 8 6 9 6 10 6 11 6 12 6 13 6 14 7 4 7 5 7 6 7 7 7 8 7 9 7 10 7 11 7 12 7 13 7 14
q 18 2 15 2 16 2 17 3 15 3 16 3 17 4 15 4 16 4 17 5 15 5 16 5 17 6 15 6 16 6 17 7 15 7 16 7 17
q 34 1 1 1 2 1 3 1 4 1 5 1 6 1 7 1 8 1 9 1 10 1 11 1 12 1 13 1 14 1 15 1 16 1 17 2 1 2 2 2 3 2 4 2 5 2 6 2 7 2 8 2 9 2 10 2 11 2 12 2 13 2 14 2 15 2 16 2 17
q 20 2 10 2 11 3 10 3 11 4 10 4 11 5 10 5 11 6 10 6 11 7 10 7 11 8 10 8 11 9 10 9 11 10 10 10 11 11 10 11 11
q 64 13 2 13 3 13 4 13 5 13 6 13 7 13 8 13 9 13 10 13 11 13 12 13 13 13 14 13 15 13 16 13 17 14 2 14 3 14 4 14 5 14 6 14 7 14 8 14 9 14 10 14 11 14 12 14 13 14 14 14 15 14 16 14 17 15 2 15 3 15 4 15 5 15 6 15 7 15 8 15 9 15 10 15 11 15 12 15 13 15 14 15 15 15 16 15 17 16 2 16 3 16 4 16 5 16 6 16 7 16 8 16 9 16 10 16 11 16 12 16 13 16 14 16 15 16 16 16 17
q 1 3 16
q 35 7 11 7 12 7 13 7 14 7 15 8 11 8 12 8 13 8 14 8 15 9 11 9 12 9 13 9 14 9 15 10 11 10 12 10 13 10 14 10 15 11 11 11 12 11 13 11 14 11 15 12 11 12 12 12 13 12 14 12 15 13 11 13 12 13 13 13 14 13 15
q 24 2 8 2 9 2 10 3 8 3 9 3 10 4 8 4 9 4 10 5 8 5 9 5 10 6 8 6 9 6 10 7 8 7 9 7 10 8 8 8 9 8 10 9 8 9 9 9 10
q 39 2 0 2 1 2 2 2 3 2 4 2 5 2 6 2 7 2 8 2 9 2 10 2 11 2 12 3 0 3 1 3 2 3 3 3 4 3 5 3 6 3 7 3 8 3 9 3 10 3 11 3 12 4 0 4 1 4 2 4 3 4 4 4 5 4 6 4 7 4 8 4 9 4 10 4 11 4 12
q 56 9 7 9 8 9 9 9 10 9 11 9 12 9 13 9 14 10 7 10 8 10 9 10 10 10 11 10 12 10 13 10 14 11 7 11 8 11 9 11 10 11 11 11 12 11 13 11 14 12 7 12 8 12 9 12 10 12 11 12 12 12 13 12 14 13 7 13 8 13 9 13 10 13 11 13 12 13 13 13 14 14 7 14 8 14 9 14 10 14 11 14 12 14 13 14 14 15 7 15 8 15 9 15 10 15 11 15 12 15 13 15 14
q 22 5 13 5 14 6 13 6 14 7 13 7 14 8 13 8 14 9 13 9 14 10 13 10 14 11 13 11 14 12 13 12 14 13 13 13 14 14 13 14 14 15 13 15 14
q 15 9 0 9 1 9 2 10 0 10 1 10 2 11 0 11 1 11 2 12 0 12 1 12 2 13 0 13 1 13 2
q 49 11 3 11 4 11 5 11 6 11 7 11 8 11 9 12 3 12 4 12 5 12 6 12 7 12 8 12 9 13 3 13 4 13 5 13 6 13 7 13 8 13 9 14 3 14 4 14 5 14 6 14 7 14 8 14 9 15 3 15 4 15 5 15 6 15 7 15 8 15 9 16 3 16 4 16 5 16 6 16 7 16 8 16 9 17 3 17 4 17 5 17 6 17 7 17 8 17 9
q 32 10 8 10 9 10 10 10 11 11 8 11 9 11 10 11 11 12 8 12 9 12 10 12 11 13 8 13 9 13 10 13 11 14 8 14 9 14 10 14 11 15 8 15 9 15 10 15 11 16 8 16 9 16 10 16 11 17 8 17 9 17 10 17 11
q 10 5 2 5 3 5 4 5 5 5 6 6 2 6 3 6 4 6 5 6 6
q 40 1 4 1 5 1 6 1 7 1 8 1 9 1 10 1 11 1 12 1 13 2 4 2 5 2 6 2 7 2 8 2 9 2 10 2 11 2 12 2 13 3 4 3 5 3 6 3 7 3 8 3 9 3 10 3 11 3 12 3 13 4 4 4 5 4 6 4 7 4 8 4 9 4 10 4 11 4 12 4 13
q 2 15 7 15 8
q 1 5 8
q 42 12 1 12 2 12 3 12 4 12 5 12 6 12 7 13 1 13 2 13 3 13 4 13 5 13 6 13 7 14 1 14 2 14 3 14 4 14 5 14 6 14 7 15 1 15 2 15 3 15 4 15 5 15 6 15 7 16 1 16 2 16 3 16 4 16 5 16 6 16 7 17 1 17 2 17 3 17 4 17 5 17 6 17 7
q 5 3 7 4 7 5 7 6 7 7 7
q 18 0 0 1 0 2 0 3 0 4 0 5 0 6 0 7 0 8 0 9 0 10 0 11 0 12 0 13 0 14 0 15 0 16 0 17 0
q 45 0 1 0 2 0 3 1 1 1 2 1 3 2 1 2 2 2 3 3 1 3 2 3 3 4 1 4 2 4 3 5 1 5 2 5 3 6 1 6 2 6 3 7 1 7 2 7 3 8 1 8 2 8 3 9 1 9 2 9 3 10 1 10 2 10 3 11 1 11 2 11 3 12 1 12 2 12 3 13 1 13 2 13 3 14 1 14 2 14 3
q 24 10 6 10 7 10 8 10 9 10 10 10 11 10 12 10 13 10 14 10 15 10 16 10 17 11 6 11 7 11 8 11 9 11 10 11 11 11 12 11 13 11 14 11 15 11 16 11 17
q 18 9 3 9 4 9 5 10 3 10 4 10 5 11 3 11 4 11 5 12 3 12 4 12 5 13 3 13 4 13 5 14 3 14 4 14 5
q 12 12 4 12 5 13 4 13 5 14 4 14 5 15 4 15 5 16 4 16 5 17 4 17 5
q 12 3 2 3 3 3 4 3 5 4 2 4 3 4 4 4 5 5 2 5 3 5 4 5 5
q 14 12 1 12 2 12 3 12 4 12 5 12 6 12 7 12 8 12 9 12 10 12 11 12 12 12 13 12 14
q 11 14 6 14 7 14 8 14 9 14 10 14 11 14 12 14 13 14 14 14 15 14 16
q 18 11 8 11 9 11 10 11 11 11 12 11 13 11 14 11 15 11 16 12 8 12 9 12 10 12 11 12 12 12 13 12 14 12 15 12 16
q 18 14 9 14 10 14 11 14 12 14 13 14 14 15 9 15 10 15 11 15 12 15 13 15 14 16 9 16 10 16 11 16 12 16 13 16 14
q 30 12 11 12 12 12 13 12 14 12 15 13 11 13 12 13 13 13 14 13 15 14 11 14 12 14 13 14 14 14 15 15 11 15 12 15 13 15 14 15 15 16 11 16 12 16 13 16 14 16 15 17 11 17 12 17 13 17 14 17 15
q 28 3 11 3 12 4 11 4 12 5 11 5 12 6 11 6 12 7 11 7 12 8 11 8 12 9 11 9 12 10 11 10 12 11 11 11 12 12 11 12 12 13 11 13 12 14 11 14 12 15 11 15 12 16 11 16 12
q 11 7 4 8 4 9 4 10 4 11 4 12 4 13 4 14 4 15 4 16 4 17 4
q 51 0 3 0 4 0 5 1 3 1 4 1 5 2 3 2 4 2 5 3 3 3 4 3 5 4 3 4 4 4 5 5 3 5 4 5 5 6 3 6 4 6 5 7 3 7 4 7 5 8 3 8 4 8 5 9 3 9 4 9 5 10 3 10 4 10 5 11 3 11 4 11 5 12 3 12 4 12 5 13 3 13 4 13 5 14 3 14 4 14 5 15 3 15 4 15 5 16 3 16 4 16 5
q 16 5 5 5 6 5 7 5 8 5 9 5 10 5 11 5 12 6 5 6 6 6 7 6 8 6 9 6 10 6 11 6 12
q 20 7 13 7 14 7 15 7 16 8 13 8 14 8 15 8 16 9 13 9 14 9 15 9 16 10 13 10 14 10 15 10 16 11 13 11 14 11 15 11 16
q 24 8 5 8 6 8 7 8 8 8 9 8 10 8 11 8 12 8 13 8 14 8 15 8 16 9 5 9 6 9 7 9 8 9 9 9 10 9 11 9 12 9 13 9 14 9 15 9 16
q 5 2 10 3 10 4 10 5 10 6 10
q 18 8 0 8 1 8 2 8 3 8 4 8 5 8 6 8 7 8 8 9 0 9 1 9 2 9 3 9 4 9 5 9 6 9 7 9 8
q 39 3 10 3 11 3 12 4 10 4 11 4 12 5 10 5 11 5 12 6 10 6 11 6 12 7 10 7 11 7 12 8 10 8 11 8 12 9 10 9 11 9 12 10 10 10 11 10 12 11 10 11 11 11 12 12 10 12 11 12 12 13 10 13 11 13 12 14 10 14 11 14 12 15 10 15 11 15 12
q 45 8 6 8 7 8 8 8 9 8 10 8 11 8 12 8 13 8 14 9 6 9 7 9 8 9 9 9 10 9 11 9 12 9 13 9 14 10 6 10 7 10 8 10 9 10 10 10 11 10 12 10 13 10 14 11 6 11 7 11 8 11 9 11 10 11 11 11 12 11 13 11 14 12 6 12 7 12 8 12 9 12 10 12 11 12 12 12 13 12 14
q 39 10 4 10 5 10 6 10 7 10 8 10 9 10 10 10 11 10 12 10 13 10 14 10 15 10 16 11 4 11 5 11 6 11 7 11 8 11 9 11 10 11 11 11 12 11 13 11 14 11 15 11 16 12 4 12 5 12 6 12 7 12 8 12 9 12 10 12 11 12 12 12 13 12 14 12 15 12 16
q 16 14 6 14 7 14 8 14 9 14 10 14 11 14 12 14 13 15 6 15 7 15 8 15 9 15 10 15 11 15 12 15 13
q 48 2 5 2 6 2 7 2 8 2 9 2 10 2 11 2 12 3 5 3 6 3 7 3 8 3 9 3 10 3 11 3 12 4 5 4 6 4 7 4 8 4 9 4 10 4 11 4 12 5 5 5 6 5 7 5 8 5 9 5 10 5 11 5 12 6 5 6 6 6 7 6 8 6 9 6 10 6 11 6 12 7 5 7 6 7 7 7 8 7 9 7 10 7 11 7 12
q 4 0 9 1 9 2 9 3 9
q 42 2 4 2 5 2 6 2 7 2 8 2 9 2 10 2 11 2 12 2 13 2 14 2 15 2 16 2 17 3 4 3 5 3 6 3 7 3 8 3 9 3 10 3 11 3 12 3 13 3 14 3 15 3 16 3 17 4 4 4 5 4 6 4 7 4 8 4 9 4 10 4 11 4 12 4 13 4 14 4 15 4 16 4 17
q 10 7 3 7 4 8 3 8 4 9 3 9 4 10 3 10 4 11 3 11 4
q 56 4 1 4 2 4 3 4 4 5 1 5 2 5 3 5 4 6 1 6 2 6 3 6 4 7 1 7 2 7 3 7 4 8 1 8 2 8 3 8 4 9 1 9 2 9 3 9 4 10 1 10 2 10 3 10 4 11 1 11 2 11 3 11 4 12 1 12 2 12 3 12 4 13 1 13 2 13 3 13 4 14 1 14 2 14 3 14 4 15 1 15 2 15 3 15 4 16 1 16 2 16 3 16 4 17 1 17 2 17 3 17 4
q 13 17 2 17 3 17 4 17 5 17 6 17 7 17 8 17 9 17 10 17 11 17 12 17 13 17 14
q 64 1 9 1 10 1 11 1 12 2 9 2 10 2 11 2 12 3 9 3 10 3 11 3 12 4 9 4 10 4 11 4 12 5 9 5 10 5 11 5 12 6 9 6 10 6 11 6 12 7 9 7 10 7 11 7 12 8 9 8 10 8 11 8 12 9 9 9 10 9 11 9 12 10 9 10 10 10 11 10 12 11 9 11 10 11 11 11 12 12 9 12 10 12 11 12 12 13 9 13 10 13 11 13 12 14 9 14 10 14 11 14 12 15 9 15 10 15 11 15 12 16 9 16 10 16 11 16 12
q 54 0 14 0 15 0 16 1 14 1 15 1 16 2 14 2 15 2 16 3 14 3 15 3 16 4 14 4 15 4 16 5 14 5 15 5 16 6 14 6 15 6 16 7 14 7 15 7 16 8 14 8 15 8 16 9 14 9 15 9 16 10 14 10 15 10 16 11 14 11 15 11 16 12 14 12 15 12 16 13 14 13 15 13 16 14 14 14 15 14 16 15 14 15 15 15 16 16 14 16 15 16 16 17 14 17 15 17 16
q 64 4 10 4 11 4 12 4 13 4 14 4 15 4 16 4 17 5 10 5 11 5 12 5 13 5 14 5 15 5 16 5 17 6 10 6 11 6 12 6 13 6 14 6 15 6 16 6 17 7 10 7 11 7 12 7 13 7 14 7 15 7 16 7 17 8 10 8 11 8 12 8 13 8 14 8 15 8 16 8 17 9 10 9 11 9 12 9 13 9 14 9 15 9 16 9 17 10 10 10 11 10 12 10 13 10 14 10 15 10 16 10 17 11 10 11 11 11 12 11 13 11 14 11 15 11 16 11 17
q 12 1 4 1 5 1 6 1 7 1 8 1 9 1 10 1 11 1 12 1 13 1 14 1 15
q 56 10 2 10 3 10 4 10 5 10 6 10 7 10 8 10 9 10 10 10 11 10 12 10 13 10 14 10 15 11 2 11 3 11 4 11 5 11 6 11 7 11 8 11 9 11 10 11 11 11 12 11 13 11 14 11 15 12 2 12 3 12 4 12 5 12 6 12 7 12 8 12 9 12 10 12 11 12 12 12 13 12 14 12 15 13 2 13 3 13 4 13 5 13 6 13 7 13 8 13 9 13 10 13 11 13 12 13 13 13 14 13 15
q 51 0 12 0 13 0 14 1 12 1 13 1 14 2 12 2 13 2 14 3 12 3 13 3 14 4 12 4 13 4 14 5 12 5 13 5 14 6 12 6 13 6 14 7 12 7 13 7 14 8 12 8 13 8 14 9 12 9 13 9 14 10 12 10 13 10 14 11 12 11 13 11 14 12 12 12 13 12 14 13 12 13 13 13 14 14 12 14 13 14 14 15 12 15 13 15 14 16 12 16 13 16 14
q 60 11 5 11 6 11 7 11 8 11 9 11 10 11 11 11 12 11 13 11 14 11 15 11 16 12 5 12 6 12 7 12 8 12 9 12 10 12 11 12 12 12 13 12 14 12 15 12 16 13 5 13 6 13 7 13 8 13 9 13 10 13 11 13 12 13 13 13 14 13 15 13 16 14 5 14 6 14 7 14 8 14 9 14 10 14 11 14 12 14 13 14 14 14 15 14 16 15 5 15 6 15 7 15 8 15 9 15 10 15 11 15 12 15 13 15 14 15 15 15 16
q 32 1 14 1 15 2 14 2 15 3 14 3 15 4 14 4 15 5 14 5 15 6 14 6 15 7 14 7 15 8 14 8 15 9 14 9 15 10 14 10 15 11 14 11 15 12 14 12 15 13 14 13 15 14 14 14 15 15 14 15 15 16 14 16 15
q 36 2 3 2 4 2 5 2 6 2 7 2 8 2 9 2 10 2 11 3 3 3 4 3 5 3 6 3 7 3 8 3 9 3 10 3 11 4 3 4 4 4 5 4 6 4 7 4 8 4 9 4 10 4 11 5 3 5 4 5 5 5 6 5 7 5 8 5 9 5 10 5 11
q 30 0 10 0 11 1 10 1 11 2 10 2 11 3 10 3 11 4 10 4 11 5 10 5 11 6 10 6 11 7 10 7 11 8 10 8 11 9 10 9 11 10 10 10 11 11 10 11 11 12 10 12 11 13 10 13 11 14 10 14 11
q 21 11 6 11 7 11 8 12 6 12 7 12 8 13 6 13 7 13 8 14 6 14 7 14 8 15 6 15 7 15 8 16 6 16 7 16 8 17 6 17 7 17 8
q 36 2 0 2 1 2 2 2 3 2 4 2 5 2 6 2 7 2 8 2 9 2 10 2 11 2 12 2 13 2 14 2 15 2 16 2 17 3 0 3 1 3 2 3 3 3 4 3 5 3 6 3 7 3 8 3 9 3 10 3 11 3 12 3 13 3 14 3 15 3 16 3 17
q 8 10 12 10 13 11 12 11 13 12 12 12 13 13 12 13 13
q 17 0 2 1 2 2 2 3 2 4 2 5 2 6 2 7 2 8 2 9 2 10 2 11 2 12 2 13 2 14 2 15 2 16 2
q 52 3 5 3 6 3 7 3 8 3 9 3 10 3 11 3 12 3 13 3 14 3 15 3 16 3 17 4 5 4 6 4 7 4 8 4 9 4 10 4 11 4 12 4 13 4 14 4 15 4 16 4 17 5 5 5 6 5 7 5 8 5 9 5 10 5 11 5 12 5 13 5 14 5 15 5 16 5 17 6 5 6 6 6 7 6 8 6 9 6 10 6 11 6 12 6 13 6 14 6 15 6 16 6 17
q 24 13 3 13 4 13 5 13 6 13 7 13 8 13 9 13 10 13 11 13 12 13 13 13 14 14 3 14 4 14 5 14 6 14 7 14 8 14 9 14 10 14 11 14 12 14 13 14 14
q 27 7 7 7 8 7 9 7 10 7 11 7 12 7 13 7 14 7 15 8 7 8 8 8 9 8 10 8 11 8 12 8 13 8 14 8 15 9 7 9 8 9 9 9 10 9 11 9 12 9 13 9 14 9 15
q 35 0 10 0 11 0 12 0 13 0 14 0 15 0 16 1 10 1 11 1 12 1 13 1 14 1 15 1 16 2 10 2 11 2 12 2 13 2 14 2 15 2 16 3 10 3 11 3 12 3 13 3 14 3 15 3 16 4 10 4 11 4 12 4 13 4 14 4 15 4 16
q 20 7 5 7 6 7 7 7 8 7 9 7 10 7 11 7 12 7 13 7 14 8 5 8 6 8 7 8 8 8 9 8 10 8 11 8 12 8 13 8 14
q 5 7 14 8 14 9 14 10 14 11 14
q 50 4 11 4 12 4 13 4 14 4 15 5 11 5 12 5 13 5 14 5 15 6 11 6 12 6 13 6 14 6 15 7 11 7 12 7 13 7 14 7 15 8 11 8 12 8 13 8 14 8 15 9 11 9 12 9 13 9 14 9 15 10 11 10 12 10 13 10 14 10 15 11 11 11 12 11 13 11 14 11 15 12 11 12 12 12 13 12 14 12 15 13 11 13 12 13 13 13 14 13 15
q 30 8 8 8 9 8 10 9 8 9 9 9 10 10 8 10 9 10 10 11 8 11 9 11 10 12 8 12 9 12 10 13 8 13 9 13 10 14 8 14 9 14 10 15 8 15 9 15 10 16 8 16 9 16 10 17 8 17 9 17 10
q 48 9 0 9 1 9 2 9 3 9 4 9 5 10 0 10 1 10 2 10 3 10 4 10 5 11 0 11 1 11 2 11 3 11 4 11 5 12 0 12 1 12 2 12 3 12 4 12 5 13 0 13 1 13 2 13 3 13 4 13 5 14 0 14 1 14 2 14 3 14 4 14 5 15 0 15 1 15 2 15 3 15 4 15 5 16 0 16 1 16 2 16 3 16 4 16 5
q 4 14 16 14 17 15 16 15 17
q 15 17 0 17 1 17 2 17 3 17 4 17 5 17 6 17 7 17 8 17 9 17 10 17 11 17 12 17 13 17 14
q 14 5 1 5 2 5 3 5 4 5 5 5 6 5 7 5 8 5 9 5 10 5 11 5 12 5 13 5 14
q 54 0 9 0 10 0 11 1 9 1 10 1 11 2 9 2 10 2 11 3 9 3 10 3 11 4 9 4 10 4 11 5 9 5 10 5 11 6 9 6 10 6 11 7 9 7 10 7 11 8 9 8 10 8 11 9 9 9 10 9 11 10 9 10 10 10 11 11 9 11 10 11 11 12 9 12 10 12 11 13 9 13 10 13 11 14 9 14 10 14 11 15 9 15 10 15 11 16 9 16 10 16 11 17 9 17 10 17 11
q 56 7 4 7 5 7 6 7 7 7 8 7 9 7 10 7 11 7 12 7 13 7 14 7 15 7 16 7 17 8 4 8 5 8 6 8 7 8 8 8 9 8 10 8 11 8 12 8 13 8 14 8 15 8 16 8 17 9 4 9 5 9 6 9 7 9 8 9 9 9 10 9 11 9 12 9 13 9 14 9 15 9 16 9 17 10 4 10 5 10 6 10 7 10 8 10 9 10 10 10 11 10 12 10 13 10 14 10 15 10 16 10 17
q 63 1 0 1 1 1 2 1 3 1 4 1 5 1 6 2 0 2 1 2 2 2 3 2 4 2 5 2 6 3 0 3 1 3 2 3 3 3 4 3 5 3 6 4 0 4 1 4 2 4 3 4 4 4 5 4 6 5 0 5 1 5 2 5 3 5 4 5 5 5 6 6 0 6 1 6 2 6 3 6 4 6 5 6 6 7 0 7 1 7 2 7 3 7 4 7 5 7 6 8 0 8 1 8 2 8 3 8 4 8 5 8 6 9 0 9 1 9 2 9 3 9 4 9 5 9 6
q 8 4 4 4 5 4 6 4 7 5 4 5 5 5 6 5 7
q 15 9 5 9 6 9 7 9 8 9 9 10 5 10 6 10 7 10 8 10 9 11 5 11 6 11 7 11 8 11 9
q 14 4 15 5 15 6 15 7 15 8 15 9 15 10 15 11 15 12 15 13 15 14 15 15 15 16 15 17 15
q 32 1 10 1 11 1 12 1 13 2 10 2 11 2 12 2 13 3 10 3 11 3 12 3 13 4 10 4 11 4 12 4 13 5 10 5 11 5 12 5 13 6 10 6 11 6 12 6 13 7 10 7 11 7 12 7 13 8 10 8 11 8 12 8 13
q 27 3 9 3 10 3 11 3 12 3 13 3 14 3 15 3 16 3 17 4 9 4 10 4 11 4 12 4 13 4 14 4 15 4 16 4 17 5 9 5 10 5 11 5 12 5 13 5 14 5 15 5 16 5 17
q 22 5 3 5 4 6 3 6 4 7 3 7 4 8 3 8 4 9 3 9 4 10 3 10 4 11 3 11 4 12 3 12 4 13 3 13 4 14 3 14 4 15 3 15 4
q 28 7 0 7 1 7 2 7 3 7 4 7 5 7 6 7 7 7 8 7 9 7 10 7 11 7 12 7 13 8 0 8 1 8 2 8 3 8 4 8 5 8 6 8 7 8 8 8 9 8 10 8 11 8 12 8 13
q 18 0 4 1 4 2 4 3 4 4 4 5 4 6 4 7 4 8 4 9 4 10 4 11 4 12 4 13 4 14 4 15 4 16 4 17 4
q 50 12 4 12 5 12 6 12 7 12 8 12 9 12 10 12 11 12 12 12 13 13 4 13 5 13 6 13 7 13 8 13 9 13 10 13 11 13 12 13 13 14 4 14 5 14 6 14 7 14 8 14 9 14 10 14 11 14 12 14 13 15 4 15 5 15 6 15 7 15 8 15 9 15 10 15 11 15 12 15 13 16 4 16 5 16 6 16 7 16 8 16 9 16 10 16 11 16 12 16 13
q 26 0 12 0 13 1 12 1 13 2 12 2 13 3 12 3 13 4 12 4 13 5 12 5 13 6 12 6 13 7 12 7 13 8 12 8 13 9 12 9 13 10 12 10 13 11 12 11 13 12 12 12 13
q 30 13 9 13 10 13 11 13 12 13 13 13 14 14 9 14 10 14 11 14 12 14 13 14 14 15 9 15 10 15 11 15 12 15 13 15 14 16 9 16 10 16 11 16 12 16 13 16 14 17 9 17 10 17 11 17 12 17 13 17 14
q 63 3 11 3 12 3 13 3 14 3 15 3 16 3 17 4 11 4 12 4 13 4 14 4 15 4 16 4 17 5 11 5 12 5 13 5 14 5 15 5 16 5 17 6 11 6 12 6 13 6 14 6 15 6 16 6 17 7 11 7 12 7 13 7 14 7 15 7 16 7 17 8 11 8 12 8 13 8 14 8 15 8 16 8 17 9 11 9 12 9 13 9 14 9 15 9 16 9 17 10 11 10 12 10 13 10 14 10 15 10 16 10 17 11 11 11 12 11 13 11 14 11 15 11 16 11 17
q 14 8 3 8 4 8 5 8 6 8 7 8 8 8 9 8 10 8 11 8 12 8 13 8 14 8 15 8 16
q 26 2 3 2 4 2 5 2 6 2 7 2 8 2 9 2 10 2 11 2 12 2 13 2 14 2 15 3 3 3 4 3 5 3 6 3 7 3 8 3 9 3 10 3 11 3 12 3 13 3 14 3 15
q 18 1 4 1 5 1 6 2 4 2 5 2 6 3 4 3 5 3 6 4 4 4 5 4 6 5 4 5 5 5 6 6 4 6 5 6 6
q 18 16 0 16 1 16 2 16 3 16 4 16 5 16 6 16 7 16 8 16 9 16 10 16 11 16 12 16 13 16 14 16 15 16 16 16 17
q 17 0 16 1 16 2 16 3 16 4 16 5 16 6 16 7 16 8 16 9 16 10 16 11 16 12 16 13 16 14 16 15 16 16 16
q 48 2 7 2 8 2 9 3 7 3 8 3 9 4 7 4 8 4 9 5 7 5 8 5 9 6 7 6 8 6 9 7 7 7 8 7 9 8 7 8 8 8 9 9 7 9 8 9 9 10 7 10 8 10 9 11 7 11 8 11 9 12 7 12 8 12 9 13 7 13 8 13 9 14 7 14 8 14 9 15 7 15 8 15 9 16 7 16 8 16 9 17 7 17 8 17 9
q 26 12 2 12 3 12 4 12 5 12 6 12 7 12 8 12 9 12 10 12 11 12 12 12 13 12 14 13 2 13 3 13 4 13 5 13 6 13 7 13 8 13 9 13 10 13 11 13 12 13 13 13 14
q 32 2 11 2 12 3 11 3 12 4 11 4 12 5 11 5 12 6 11 6 12 7 11 7 12 8 11 8 12 9 11 9 12 10 11 10 12 11 11 11 12 12 11 12 12 13 11 13 12 14 11 14 12 15 11 15 12 16 11 16 12 17 11 17 12
q 54 8 0 8 1 8 2 8 3 8 4 8 5 8 6 8 7 8 8 8 9 8 10 8 11 8 12 8 13 8 14 8 15 8 16 8 17 9 0 9 1 9 2 9 3 9 4 9 5 9 6 9 7 9 8 9 9 9 10 9 11 9 12 9 13 9 14 9 15 9 16 9 17 10 0 10 1 10 2 10 3 10 4 10 5 10 6 10 7 10 8 10 9 10 10 10 11 10 12 10 13 10 14 10 15 10 16 10 17
q 45 11 5 11 6 11 7 11 8 11 9 11 10 11 11 11 12 11 13 12 5 12 6 12 7 12 8 12 9 12 10 12 11 12 12 12 13 13 5 13 6 13 7 13 8 13 9 13 10 13 11 13 12 13 13 14 5 14 6 14 7 14 8 14 9 14 10 14 11 14 12 14 13 15 5 15 6 15 7 15 8 15 9 15 10 15 11 15 12 15 13
q 64 13 2 13 3 13 4 13 5 13 6 13 7 13 8 13 9 13 10 13 11 13 12 13 13 13 14 13 15 13 16 13 17 14 2 14 3 14 4 14 5 14 6 14 7 14 8 14 9 14 10 14 11 14 12 14 13 14 14 14 15 14 16 14 17 15 2 15 3 15 4 15 5 15 6 15 7 15 8 15 9 15 10 15 11 15 12 15 13 15 14 15 15 15 16 15 17 16 2 16 3 16 4 16 5 16 6 16 7 16 8 16 9 16 10 16 11 16 12 16 13 16 14 16 15 16 16 16 17
q 36 6 5 6 6 6 7 7 5 7 6 7 7 8 5 8 6 8 7 9 5 9 6 9 7 10 5 10 6 10 7 11 5 11 6 11 7 12 5 12 6 12 7 13 5 13 6 13 7 14 5 14 6 14 7 15 5 15 6 15 7 16 5 16 6 16 7 17 5 17 6 17 7
q 36 7 13 7 14 7 15 7 16 8 13 8 14 8 15 8 16 9 13 9 14 9 15 9 16 10 13 10 14 10 15 10 16 11 13 11 14 11 15 11 16 12 13 12 14 12 15 12 16 13 13 13 14 13 15 13 16 14 13 14 14 14 15 14 16 15 13 15 14 15 15 15 16
q 11 10 6 10 7 10 8 10 9 10 10 10 11 10 12 10 13 10 14 10 15 10 16
q 12 10 9 10 10 11 9 11 10 12 9 12 10 13 9 13 10 14 9 14 10 15 9 15 10
q 24 14 4 14 5 14 6 14 7 14 8 14 9 14 10 14 11 14 12 14 13 14 14 14 15 15 4 15 5 15 6 15 7 15 8 15 9 15 10 15 11 15 12 15 13 15 14 15 15
q 63 5 6 5 7 5 8 5 9 5 10 5 11 5 12 5 13 5 14 6 6 6 7 6 8 6 9 6 10 6 11 6 12 6 13 6 14 7 6 7 7 7 8 7 9 7 10 7 11 7 12 7 13 7 14 8 6 8 7 8 8 8 9 8 10 8 11 8 12 8 13 8 14 9 6 9 7 9 8 9 9 9 10 9 11 9 12 9 13 9 14 10 6 10 7 10 8 10 9 10 10 10 11 10 12 10 13 10 14 11 6 11 7 11 8 11 9 11 10 11 11 11 12 11 13 11 14
q 44 2 2 2 3 2 4 2 5 3 2 3 3 3 4 3 5 4 2 4 3 4 4 4 5 5 2 5 3 5 4 5 5 6 2 6 3 6 4 6 5 7 2 7 3 7 4 7 5 8 2 8 3 8 4 8 5 9 2 9 3 9 4 9 5 10 2 10 3 10 4 10 5 11 2 11 3 11 4 11 5 12 2 12 3 12 4 12 5
q 30 2 9 2 10 3 9 3 10 4 9 4 10 5 9 5 10 6 9 6 10 7 9 7 10 8 9 8 10 9 9 9 10 10 9 10 10 11 9 11 10 12 9 12 10 13 9 13 10 14 9 14 10 15 9 15 10 16 9 16 10
q 18 0 0 0 1 0 2 0 3 0 4 0 5 0 6 0 7 0 8 0 9 0 10 0 11 0 12 0 13 0 14 0 15 0 16 0 17
q 40 8 4 8 5 8 6 8 7 9 4 9 5 9 6 9 7 10 4 10 5 10 6 10 7 11 4 11 5 11 6 11 7 12 4 12 5 12 6 12 7 13 4 13 5 13 6 13 7 14 4 14 5 14 6 14 7 15 4 15 5 15 6 15 7 16 4 16 5 16 6 16 7 17 4 17 5 17 6 17 7
q 30 2 8 2 9 2 10 2 11 2 12 3 8 3 9 3 10 3 11 3 12 4 8 4 9 4 10 4 11 4 12 5 8 5 9 5 10 5 11 5 12 6 8 6 9 6 10 6 11 6 12 7 8 7 9 7 10 7 11 7 12
q 30 9 2 9 3 9 4 9 5 9 6 9 7 9 8 9 9 9 10 9 11 9 12 9 13 9 14 9 15 9 16 10 2 10 3 10 4 10 5 10 6 10 7 10 8 10 9 10 10 10 11 10 12 10 13 10 14 10 15 10 16
q 60 1 1 1 2 1 3 1 4 1 5 1 6 1 7 1 8 1 9 1 10 1 11 1 12 1 13 1 14 1 15 2 1 2 2 2 3 2 4 2 5 2 6 2 7 2 8 2 9 2 10 2 11 2 12 2 13 2 14 2 15 3 1 3 2 3 3 3 4 3 5 3 6 3 7 3 8 3 9 3 10 3 11 3 12 3 13 3 14 3 15 4 1 4 2 4 3 4 4 4 5 4 6 4 7 4 8 4 9 4 10 4 11 4 12 4 13 4 14 4 15
q 6 17 12 17 13 17 14 17 15 17 16 17 17
q 35 2 11 2 12 2 13 2 14 2 15 2 16 2 17 3 11 3 12 3 13 3 14 3 15 3 16 3 17 4 11 4 12 4 13 4 14 4 15 4 16 4 17 5 11 5 12 5 13 5 14 5 15 5 16 5 17 6 11 6 12 6 13 6 14 6 15 6 16 6 17
q 25 12 13 12 14 12 15 12 16 12 17 13 13 13 14 13 15 13 16 13 17 14 13 14 14 14 15 14 16 14 17 15 13 15 14 15 15 15 16 15 17 16 13 16 14 16 15 16 16 16 17
q 10 9 0 9 1 9 2 9 3 9 4 10 0 10 1 10 2 10 3 10 4
q 28 3 11 3 12 3 13 3 14 4 11 4 12 4 13 4 14 5 11 5 12 5 13 5 14 6 11 6 12 6 13 6 14 7 11 7 12 7 13 7 14 8 11 8 12 8 13 8 14 9 11 9 12 9 13 9 14
q 20 7 5 7 6 8 5 8 6 9 5 9 6 10 5 10 6 11 5 11 6 12 5 12 6 13 5 13 6 14 5 14 6 15 5 15 6 16 5 16 6
q 48 8 8 8 9 8 10 8 11 8 12 8 13 9 8 9 9 9 10 9 11 9 12 9 13 10 8 10 9 10 10 10 11 10 12 10 13 11 8 11 9 11 10 11 11 11 12 11 13 12 8 12 9 12 10 12 11 12 12 12 13 13 8 13 9 13 10 13 11 13 12 13 13 14 8 14 9 14 10 14 11 14 12 14 13 15 8 15 9 15 10 15 11 15 12 15 13
q 64 1 1 1 2 1 3 1 4 2 1 2 2 2 3 2 4 3 1 3 2 3 3 3 4 4 1 4 2 4 3 4 4 5 1 5 2 5 3 5 4 6 1 6 2 6 3 6 4 7 1 7 2 7 3 7 4 8 1 8 2 8 3 8 4 9 1 9 2 9 3 9 4 10 1 10 2 10 3 10 4 11 1 11 2 11 3 11 4 12 1 12 2 12 3 12 4 13 1 13 2 13 3 13 4 14 1 14 2 14 3 14 4 15 1 15 2 15 3 15 4 16 1 16 2 16 3 16 4
q 13 9 1 9 2 9 3 9 4 9 5 9 6 9 7 9 8 9 9 9 10 9 11 9 12 9 13
q 11 5 6 5 7 5 8 5 9 5 10 5 11 5 12 5 13 5 14 5 15 5 16
q 18 2 1 2 2 2 3 2 4 2 5 2 6 2 7 2 8 2 9 3 1 3 2 3 3 3 4 3 5 3 6 3 7 3 8 3 9
q 42 5 0 5 1 5 2 5 3 5 4 5 5 6 0 6 1 6 2 6 3 6 4 6 5 7 0 7 1 7 2 7 3 7 4 7 5 8 0 8 1 8 2 8 3 8 4 8 5 9 0 9 1 9 2 9 3 9 4 9 5 10 0 10 1 10 2 10 3 10 4 10 5 11 0 11 1 11 2 11 3 11 4 11 5
q 36 10 10 10 11 10 12 10 13 10 14 10 15 11 10 11 11 11 12 11 13 11 14 11 15 12 10 12 11 12 12 12 13 12 14 12 15 13 10 13 11 13 12 13 13 13 14 13 15 14 10 14 11 14 12 14 13 14 14 14 15 15 10 15 11 15 12 15 13 15 14 15 15
q 5 8 5 8 6 8 7 8 8 8 9
q 8 9 2 9 3 9 4 9 5 9 6 9 7 9 8 9 9
q 14 9 1 9 2 9 3 9 4 9 5 9 6 9 7 9 8 9 9 9 10 9 11 9 12 9 13 9 14
q 17 1 3 2 3 3 3 4 3 5 3 6 3 7 3 8 3 9 3 10 3 11 3 12 3 13 3 14 3 15 3 16 3 17 3
q 3 15 6 16 6 17 6
q 6 2 13 2 14 2 15 3 13 3 14 3 15
q 6 1 2 1 3 1 4 1 5 1 6 1 7
q 52 8 0 8 1 8 2 8 3 8 4 8 5 8 6 8 7 8 8 8 9 8 10 8 11 8 12 9 0 9 1 9 2 9 3 9 4 9 5 9 6 9 7 9 8 9 9 9 10 9 11 9 12 10 0 10 1 10 2 10 3 10 4 10 5 10 6 10 7 10 8 10 9 10 10 10 11 10 12 11 0 11 1 11 2 11 3 11 4 11 5 11 6 11 7 11 8 11 9 11 10 11 11 11 12
q 40 5 6 5 7 5 8 5 9 6 6 6 7 6 8 6 9 7 6 7 7 7 8 7 9 8 6 8 7 8 8 8 9 9 6 9 7 9 8 9 9 10 6 10 7 10 8 10 9 11 6 11 7 11 8 11 9 12 6 12 7 12 8 12 9 13 6 13 7 13 8 13 9 14 6 14 7 14 8 14 9
q 21 1 6 1 7 1 8 2 6 2 7 2 8 3 6 3 7 3 8 4 6 4 7 4 8 5 6 5 7 5 8 6 6 6 7 6 8 7 6 7 7 7 8
q 34 1 12 1 13 2 12 2 13 3 12 3 13 4 12 4 13 5 12 5 13 6 12 6 13 7 12 7 13 8 12 8 13 9 12 9 13 10 12 10 13 11 12 11 13 12 12 12 13 13 12 13 13 14 12 14 13 15 12 15 13 16 12 16 13 17 12 17 13
q 56 4 4 4 5 4 6 4 7 4 8 4 9 4 10 4 11 4 12 4 13 4 14 4 15 4 16 4 17 5 4 5 5 5 6 5 7 5 8 5 9 5 10 5 11 5 12 5 13 5 14 5 15 5 16 5 17 6 4 6 5 6 6 6 7 6 8 6 9 6 10 6 11 6 12 6 13 6 14 6 15 6 16 6 17 7 4 7 5 7 6 7 7 7 8 7 9 7 10 7 11 7 12 7 13 7 14 7 15 7 16 7 17
q 13 10 1 10 2 10 3 10 4 10 5 10 6 10 7 10 8 10 9 10 10 10 11 10 12 10 13
q 2 13 15 14 15
q 40 8 2 8 3 8 4 8 5 9 2 9 3 9 4 9 5 10 2 10 3 10 4 10 5 11 2 11 3 11 4 11 5 12 2 12 3 12 4 12 5 13 2 13 3 13 4 13 5 14 2 14 3 14 4 14 5 15 2 15 3 15 4 15 5 16 2 16 3 16 4 16 5 17 2 17 3 17 4 17 5
q 48 2 13 2 14 2 15 3 13 3 14 3 15 4 13 4 14 4 15 5 13 5 14 5 15 6 13 6 14 6 15 7 13 7 14 7 15 8 13 8 14 8 15 9 13 9 14 9 15 10 13 10 14 10 15 11 13 11 14 11 15 12 13 12 14 12 15 13 13 13 14 13 15 14 13 14 14 14 15 15 13 15 14 15 15 16 13 16 14 16 15 17 13 17 14 17 15
q 36 4 1 4 2 4 3 4 4 4 5 4 6 4 7 4 8 4 9 4 10 4 11 4 12 5 1 5 2 5 3 5 4 5 5 5 6 5 7 5 8 5 9 5 10 5 11 5 12 6 1 6 2 6 3 6 4 6 5 6 6 6 7 6 8 6 9 6 10 6 11 6 12
q 51 1 0 1 1 1 2 1 3 1 4 1 5 1 6 1 7 1 8 1 9 1 10 1 11 1 12 1 13 1 14 1 15 1 16 2 0 2 1 2 2 2 3 2 4 2 5 2 6 2 7 2 8 2 9 2 10 2 11 2 12 2 13 2 14 2 15 2 16 3 0 3 1 3 2 3 3 3 4 3 5 3 6 3 7 3 8 3 9 3 10 3 11 3 12 3 13 3 14 3 15 3 16
q 4 7 12 7 13 7 14 7 15
q 60 7 0 7 1 7 2 7 3 7 4 7 5 7 6 7 7 7 8 7 9 7 10 7 11 7 12 7 13 7 14 8 0 8 1 8 2 8 3 8 4 8 5 8 6 8 7 8 8 8 9 8 10 8 11 8 12 8 13 8 14 9 0 9 1 9 2 9 3 9 4 9 5 9 6 9 7 9 8 9 9 9 10 9 11 9 12 9 13 9 14 10 0 10 1 10 2 10 3 10 4 10 5 10 6 10 7 10 8 10 9 10 10 10 11 10 12 10 13 10 14
q 30 1 10 1 11 2 10 2 11 3 10 3 11 4 10 4 11 5 10 5 11 6 10 6 11 7 10 7 11 8 10 8 11 9 10 9 11 10 10 10 11 11 10 11 11 12 10 12 11 13 10 13 11 14 10 14 11 15 10 15 11
q 56 6 2 6 3 6 4 6 5 6 6 6 7 6 8 7 2 7 3 7 4 7 5 7 6 7 7 7 8 8 2 8 3 8 4 8 5 8 6 8 7 8 8 9 2 9 3 9 4 9 5 9 6 9 7 9 8 10 2 10 3 10 4 10 5 10 6 10 7 10 8 11 2 11 3 11 4 11 5 11 6 11 7 11 8 12 2 12 3 12 4 12 5 12 6 12 7 12 8 13 2 13 3 13 4 13 5 13 6 13 7 13 8
q 7 15 11 15 12 15 13 15 14 15 15 15 16 15 17
q 45 9 12 9 13 9 14 9 15 9 16 10 12 10 13 10 14 10 15 10 16 11 12 11 13 11 14 11 15 11 16 12 12 12 13 12 14 12 15 12 16 13 12 13 13 13 14 13 15 13 16 14 12 14 13 14 14 14 15 14 16 15 12 15 13 15 14 15 15 15 16 16 12 16 13 16 14 16 15 16 16 17 12 17 13 17 14 17 15 17 16
q 36 9 0 9 1 9 2 9 3 9 4 9 5 9 6 9 7 9 8 10 0 10 1 10 2 10 3 10 4 10 5 10 6 10 7 10 8 11 0 11 1 11 2 11 3 11 4 11 5 11 6 11 7 11 8 12 0 12 1 12 2 12 3 12 4 12 5 12 6 12 7 12 8
q 50 0 11 0 12 0 13 0 14 0 15 1 11 1 12 1 13 1 14 1 15 2 11 2 12 2 13 2 14 2 15 3 11 3 12 3 13 3 14 3 15 4 11 4 12 4 13 4 14 4 15 5 11 5 12 5 13 5 14 5 15 6 11 6 12 6 13 6 14 6 15 7 11 7 12 7 13 7 14 7 15 8 11 8 12 8 13 8 14 8 15 9 11 9 12 9 13 9 14 9 15
q 48 2 11 2 12 2 13 2 14 3 11 3 12 3 13 3 14 4 11 4 12 4 13 4 14 5 11 5 12 5 13 5 14 6 11 6 12 6 13 6 14 7 11 7 12 7 13 7 14 8 11 8 12 8 13 8 14 9 11 9 12 9 13 9 14 10 11 10 12 10 13 10 14 11 11 11 12 11 13 11 14 12 11 12 12 12 13 12 14 13 11 13 12 13 13 13 14
q 22 8 5 8 6 8 7 8 8 8 9 8 10 8 11 8 12 8 13 8 14 8 15 9 5 9 6 9 7 9 8 9 9 9 10 9 11 9 12 9 13 9 14 9 15
q 48 6 1 6 2 6 3 6 4 6 5 6 6 6 7 6 8 6 9 6 10 6 11 6 12 6 13 6 14 6 15 6 16 7 1 7 2 7 3 7 4 7 5 7 6 7 7 7 8 7 9 7 10 7 11 7 12 7 13 7 14 7 15 7 16 8 1 8 2 8 3 8 4 8 5 8 6 8 7 8 8 8 9 8 10 8 11 8 12 8 13 8 14 8 15 8 16
q 40 0 10 0 11 0 12 0 13 0 14 1 10 1 11 1 12 1 13 1 14 2 10 2 11 2 12 2 13 2 14 3 10 3 11 3 12 3 13 3 14 4 10 4 11 4 12 4 13 4 14 5 10 5 11 5 12 5 13 5 14 6 10 6 11 6 12 6 13 6 14 7 10 7 11 7 12 7 13 7 14
q 1 0 9
q 1 0 10
q 1 1 7
q 1 1 8
q 1 1 9
q 1 1 10
q 1 2 7
q 1 2 9
q 1 2 10
q 1 2 11
q 1 2 12
q 1 3 8
q 1 3 9
q 1 3 10
q 1 3 11
q 1 3 12
q 1 4 10
q 1 4 11
q 1 4 13
q 1 4 14
q 1 4 15
q 1 5 12
q 1 5 13
q 1 5 14
q 1 6 13
q 1 6 14
q 1 6 15
q 1 7 11
q 1 7 12
q 1 7 13
q 1 7 14
q 1 7 15
q 1 8 8
q 1 8 9
q 1 8 10
q 1 8 12
q 1 8 13
q 1 8 14
q 1 8 15
q 1 8 16
q 1 9 6
q 1 9 7
q 1 9 8
q 1 9 9
q 1 9 10
q 1 9 12
q 1 9 13
q 1 10 7
q 1 10 8
q 1 10 9
q 1 10 10
q 1 10 12
q 1 11 8
q 1 11 10
q 1 11 11
q 1 12 6
q 1 12 8
q 1 13 0
q 1 13 1
q 1 13 2
q 1 13 3
q 1 13 4
q 1 13 5
q 1 13 6
q 1 13 7
q 1 13 8
q 1 14 0
q 1 14 1
q 1 14 4
q 1 14 6
q 1 14 7
q 1 15 0
q 1 15 1
q 1 15 7
q 1 15 8
q 1 15 9
q 1 16 0
q 1 16 1
q 1 16 2
q 1 0 8
q 1 0 11
q 1 2 8
q 1 1 11
q 1 1 12
q 1 2 13
q 1 3 7
q 1 4 8
q 1 4 9
q 1 5 10
q 1 5 11
q 1 4 12
q 1 3 13
q 1 3 14
q 1 5 15
q 1 6 16
q 1 6 11
q 1 7 10
q 1 8 11
q 1 6 12
q 1 7 16
q 1 7 8
q 1 8 7
q 1 7 9
q 1 9 14
q 1 9 15
q 1 9 11
q 1 11 9
q 1 10 11
q 1 11 12
q 1 10 13
q 1 11 7
q 1 11 6
q 1 12 5
q 1 12 7
q 1 12 0
q 1 12 1
q 1 12 2
q 1 14 2
q 1 12 3
q 1 14 3
q 1 14 5
q 1 14 8
q 1 13 9
q 1 15 6
q 1 15 2
q 1 16 7
q 1 16 8
q 1 17 0
q 1 17 1
q 1 17 2
q 1 16 3
q 1 0 7
q 1 1 13
q 1 2 14
q 1 3 6
q 1 4 7
q 1 5 9
q 1 3 15
q 1 5 16
q 1 6 17
q 1 10 14
q 1 12 9
q 1 10 6
q 1 11 5
q 1 12 4
q 1 15 5
q 1 14 9
q 1 16 6
q 1 1 14
q 1 2 15
q 1 4 6
q 1 5 7
q 1 10 5
q 1 11 4
a 81 0 9 0 10 1 8 1 10 2 9 2 10 2 11 2 12 3 8 3 9 3 10 3 11 4 10 4 11 4 13 4 14 5 14 6 14 6 15 7 11 7 12 7 13 7 14 7 15 8 8 8 9 8 10 8 12 8 13 8 14 8 15 9 7 9 8 9 9 9 10 9 12 10 8 10 9 10 10 10 12 11 8 12 6 13 0 13 1 13 2 13 3 13 5 13 6 13 7 13 8 14 0 14 1 14 6 14 7 15 0 15 1 15 7 15 8 16 0 16 1 16 2 0 8 1 11 2 13 3 7 4 9 4 12 3 14 5 15 6 16 9 14 11 9 10 11 11 6 12 5 14 5 14 8 15 6 2 14 4 7 11 5 
