q 26 10 0 10 1 10 2 10 3 10 4 10 5 10 6 10 7 10 8 10 9 10 10 10 11 10 12 11 0 11 1 11 2 11 3 11 4 11 5 11 6 11 7 11 8 11 9 11 10 11 11 11 12
q 27 10 2 10 3 10 4 10 5 10 6 10 7 10 8 10 9 10 10 11 2 11 3 11 4 11 5 11 6 11 7 11 8 11 9 11 10 12 2 12 3 12 4 12 5 12 6 12 7 12 8 12 9 12 10
q 39 10 0 10 1 10 2 10 3 10 4 10 5 10 6 10 7 10 8 10 9 10 10 10 11 10 12 11 0 11 1 11 2 11 3 11 4 11 5 11 6 11 7 11 8 11 9 11 10 11 11 11 12 12 0 12 1 12 2 12 3 12 4 12 5 12 6 12 7 12 8 12 9 12 10 12 11 12 12
q 45 1 6 1 7 1 8 1 9 1 10 2 6 2 7 2 8 2 9 2 10 3 6 3 7 3 8 3 9 3 10 4 6 4 7 4 8 4 9 4 10 5 6 5 7 5 8 5 9 5 10 6 6 6 7 6 8 6 9 6 10 7 6 7 7 7 8 7 9 7 10 8 6 8 7 8 8 8 9 8 10 9 6 9 7 9 8 9 9 9 10
q 60 3 1 3 2 3 3 3 4 3 5 3 6 3 7 3 8 3 9 3 10 3 11 3 12 4 1 4 2 4 3 4 4 4 5 4 6 4 7 4 8 4 9 4 10 4 11 4 12 5 1 5 2 5 3 5 4 5 5 5 6 5 7 5 8 5 9 5 10 5 11 5 12 6 1 6 2 6 3 6 4 6 5 6 6 6 7 6 8 6 9 6 10 6 11 6 12 7 1 7 2 7 3 7 4 7 5 7 6 7 7 7 8 7 9 7 10 7 11 7 12
q 63 2 3 2 4 2 5 2 6 2 7 2 8 2 9 2 10 2 11 3 3 3 4 3 5 3 6 3 7 3 8 3 9 3 10 3 11 4 3 4 4 4 5 4 6 4 7 4 8 4 9 4 10 4 11 5 3 5 4 5 5 5 6 5 7 5 8 5 9 5 10 5 11 6 3 6 4 6 5 6 6 6 7 6 8 6 9 6 10 6 11 7 3 7 4 7 5 7 6 7 7 7 8 7 9 7 10 7 11 8 3 8 4 8 5 8 6 8 7 8 8 8 9 8 10 8 11
q 39 9 0 9 1 9 2 9 3 9 4 9 5 9 6 9 7 9 8 9 9 9 10 9 11 9 12 10 0 10 1 10 2 10 3 10 4 10 5 10 6 10 7 10 8 10 9 10 10 10 11 10 12 11 0 11 1 11 2 11 3 11 4 11 5 11 6 11 7 11 8 11 9 11 10 11 11 11 12
q 30 3 1 3 2 3 3 3 4 3 5 4 1 4 2 4 3 4 4 4 5 5 1 5 2 5 3 5 4 5 5 6 1 6 2 6 3 6 4 6 5 7 1 7 2 7 3 7 4 7 5 8 1 8 2 8 3 8 4 8 5
q 32 1 0 1 1 1 2 1 3 2 0 2 1 2 2 2 3 3 0 3 1 3 2 3 3 4 0 4 1 4 2 4 3 5 0 5 1 5 2 5 3 6 0 6 1 6 2 6 3 7 0 7 1 7 2 7 3 8 0 8 1 8 2 8 3
q 60 0 5 0 6 0 7 0 8 0 9 1 5 1 6 1 7 1 8 1 9 2 5 2 6 2 7 2 8 2 9 3 5 3 6 3 7 3 8 3 9 4 5 4 6 4 7 4 8 4 9 5 5 5 6 5 7 5 8 5 9 6 5 6 6 6 7 6 8 6 9 7 5 7 6 7 7 7 8 7 9 8 5 8 6 8 7 8 8 8 9 9 5 9 6 9 7 9 8 9 9 10 5 10 6 10 7 10 8 10 9 11 5 11 6 11 7 11 8 11 9
q 56 6 0 6 1 6 2 6 3 6 4 6 5 6 6 6 7 7 0 7 1 7 2 7 3 7 4 7 5 7 6 7 7 8 0 8 1 8 2 8 3 8 4 8 5 8 6 8 7 9 0 9 1 9 2 9 3 9 4 9 5 9 6 9 7 10 0 10 1 10 2 10 3 10 4 10 5 10 6 10 7 11 0 11 1 11 2 11 3 11 4 11 5 11 6 11 7 12 0 12 1 12 2 12 3 12 4 12 5 12 6 12 7
q 42 1 1 1 2 1 3 1 4 1 5 1 6 2 1 2 2 2 3 2 4 2 5 2 6 3 1 3 2 3 3 3 4 3 5 3 6 4 1 4 2 4 3 4 4 4 5 4 6 5 1 5 2 5 3 5 4 5 5 5 6 6 1 6 2 6 3 6 4 6 5 6 6 7 1 7 2 7 3 7 4 7 5 7 6
q 50 2 2 2 3 2 4 2 5 2 6 3 2 3 3 3 4 3 5 3 6 4 2 4 3 4 4 4 5 4 6 5 2 5 3 5 4 5 5 5 6 6 2 6 3 6 4 6 5 6 6 7 2 7 3 7 4 7 5 7 6 8 2 8 3 8 4 8 5 8 6 9 2 9 3 9 4 9 5 9 6 10 2 10 3 10 4 10 5 10 6 11 2 11 3 11 4 11 5 11 6
q 27 1 1 1 2 1 3 1 4 1 5 1 6 1 7 1 8 1 9 2 1 2 2 2 3 2 4 2 5 2 6 2 7 2 8 2 9 3 1 3 2 3 3 3 4 3 5 3 6 3 7 3 8 3 9
q 27 1 7 1 8 1 9 2 7 2 8 2 9 3 7 3 8 3 9 4 7 4 8 4 9 5 7 5 8 5 9 6 7 6 8 6 9 7 7 7 8 7 9 8 7 8 8 8 9 9 7 9 8 9 9
q 60 0 0 0 1 0 2 0 3 0 4 1 0 1 1 1 2 1 3 1 4 2 0 2 1 2 2 2 3 2 4 3 0 3 1 3 2 3 3 3 4 4 0 4 1 4 2 4 3 4 4 5 0 5 1 5 2 5 3 5 4 6 0 6 1 6 2 6 3 6 4 7 0 7 1 7 2 7 3 7 4 8 0 8 1 8 2 8 3 8 4 9 0 9 1 9 2 9 3 9 4 10 0 10 1 10 2 10 3 10 4 11 0 11 1 11 2 11 3 11 4
q 42 2 0 2 1 2 2 2 3 2 4 2 5 2 6 3 0 3 1 3 2 3 3 3 4 3 5 3 6 4 0 4 1 4 2 4 3 4 4 4 5 4 6 5 0 5 1 5 2 5 3 5 4 5 5 5 6 6 0 6 1 6 2 6 3 6 4 6 5 6 6 7 0 7 1 7 2 7 3 7 4 7 5 7 6
q 30 5 0 5 1 5 2 5 3 5 4 5 5 6 0 6 1 6 2 6 3 6 4 6 5 7 0 7 1 7 2 7 3 7 4 7 5 8 0 8 1 8 2 8 3 8 4 8 5 9 0 9 1 9 2 9 3 9 4 9 5
q 52 0 6 0 7 0 8 0 9 1 6 1 7 1 8 1 9 2 6 2 7 2 8 2 9 3 6 3 7 3 8 3 9 4 6 4 7 4 8 4 9 5 6 5 7 5 8 5 9 6 6 6 7 6 8 6 9 7 6 7 7 7 8 7 9 8 6 8 7 8 8 8 9 9 6 9 7 9 8 9 9 10 6 10 7 10 8 10 9 11 6 11 7 11 8 11 9 12 6 12 7 12 8 12 9
q 36 4 0 4 1 4 2 4 3 4 4 4 5 4 6 4 7 4 8 4 9 4 10 4 11 5 0 5 1 5 2 5 3 5 4 5 5 5 6 5 7 5 8 5 9 5 10 5 11 6 0 6 1 6 2 6 3 6 4 6 5 6 6 6 7 6 8 6 9 6 10 6 11
q 63 4 5 4 6 4 7 4 8 4 9 4 10 4 11 5 5 5 6 5 7 5 8 5 9 5 10 5 11 6 5 6 6 6 7 6 8 6 9 6 10 6 11 7 5 7 6 7 7 7 8 7 9 7 10 7 11 8 5 8 6 8 7 8 8 8 9 8 10 8 11 9 5 9 6 9 7 9 8 9 9 9 10 9 11 10 5 10 6 10 7 10 8 10 9 10 10 10 11 11 5 11 6 11 7 11 8 11 9 11 10 11 11 12 5 12 6 12 7 12 8 12 9 12 10 12 11
q 36 1 7 1 8 1 9 1 10 1 11 1 12 2 7 2 8 2 9 2 10 2 11 2 12 3 7 3 8 3 9 3 10 3 11 3 12 4 7 4 8 4 9 4 10 4 11 4 12 5 7 5 8 5 9 5 10 5 11 5 12 6 7 6 8 6 9 6 10 6 11 6 12
q 36 0 4 0 5 0 6 1 4 1 5 1 6 2 4 2 5 2 6 3 4 3 5 3 6 4 4 4 5 4 6 5 4 5 5 5 6 6 4 6 5 6 6 7 4 7 5 7 6 8 4 8 5 8 6 9 4 9 5 9 6 10 4 10 5 10 6 11 4 11 5 11 6
q 30 10 2 10 3 10 4 10 5 10 6 10 7 10 8 10 9 10 10 10 11 11 2 11 3 11 4 11 5 11 6 11 7 11 8 11 9 11 10 11 11 12 2 12 3 12 4 12 5 12 6 12 7 12 8 12 9 12 10 12 11
q 40 5 7 5 8 5 9 5 10 5 11 6 7 6 8 6 9 6 10 6 11 7 7 7 8 7 9 7 10 7 11 8 7 8 8 8 9 8 10 8 11 9 7 9 8 9 9 9 10 9 11 10 7 10 8 10 9 10 10 10 11 11 7 11 8 11 9 11 10 11 11 12 7 12 8 12 9 12 10 12 11
q 27 2 1 2 2 2 3 2 4 2 5 2 6 2 7 2 8 2 9 3 1 3 2 3 3 3 4 3 5 3 6 3 7 3 8 3 9 4 1 4 2 4 3 4 4 4 5 4 6 4 7 4 8 4 9
q 63 0 5 0 6 0 7 0 8 0 9 0 10 0 11 1 5 1 6 1 7 1 8 1 9 1 10 1 11 2 5 2 6 2 7 2 8 2 9 2 10 2 11 3 5 3 6 3 7 3 8 3 9 3 10 3 11 4 5 4 6 4 7 4 8 4 9 4 10 4 11 5 5 5 6 5 7 5 8 5 9 5 10 5 11 6 5 6 6 6 7 6 8 6 9 6 10 6 11 7 5 7 6 7 7 7 8 7 9 7 10 7 11 8 5 8 6 8 7 8 8 8 9 8 10 8 11
q 52 0 6 0 7 0 8 0 9 1 6 1 7 1 8 1 9 2 6 2 7 2 8 2 9 3 6 3 7 3 8 3 9 4 6 4 7 4 8 4 9 5 6 5 7 5 8 5 9 6 6 6 7 6 8 6 9 7 6 7 7 7 8 7 9 8 6 8 7 8 8 8 9 9 6 9 7 9 8 9 9 10 6 10 7 10 8 10 9 11 6 11 7 11 8 11 9 12 6 12 7 12 8 12 9
q 36 0 2 0 3 0 4 1 2 1 3 1 4 2 2 2 3 2 4 3 2 3 3 3 4 4 2 4 3 4 4 5 2 5 3 5 4 6 2 6 3 6 4 7 2 7 3 7 4 8 2 8 3 8 4 9 2 9 3 9 4 10 2 10 3 10 4 11 2 11 3 11 4
q 64 3 1 3 2 3 3 3 4 3 5 3 6 3 7 3 8 4 1 4 2 4 3 4 4 4 5 4 6 4 7 4 8 5 1 5 2 5 3 5 4 5 5 5 6 5 7 5 8 6 1 6 2 6 3 6 4 6 5 6 6 6 7 6 8 7 1 7 2 7 3 7 4 7 5 7 6 7 7 7 8 8 1 8 2 8 3 8 4 8 5 8 6 8 7 8 8 9 1 9 2 9 3 9 4 9 5 9 6 9 7 9 8 10 1 10 2 10 3 10 4 10 5 10 6 10 7 10 8
q 48 4 3 4 4 4 5 4 6 4 7 4 8 5 3 5 4 5 5 5 6 5 7 5 8 6 3 6 4 6 5 6 6 6 7 6 8 7 3 7 4 7 5 7 6 7 7 7 8 8 3 8 4 8 5 8 6 8 7 8 8 9 3 9 4 9 5 9 6 9 7 9 8 10 3 10 4 10 5 10 6 10 7 10 8 11 3 11 4 11 5 11 6 11 7 11 8
q 27 8 3 8 4 8 5 8 6 8 7 8 8 8 9 8 10 8 11 9 3 9 4 9 5 9 6 9 7 9 8 9 9 9 10 9 11 10 3 10 4 10 5 10 6 10 7 10 8 10 9 10 10 10 11
q 33 0 2 0 3 0 4 0 5 0 6 0 7 0 8 0 9 0 10 0 11 0 12 1 2 1 3 1 4 1 5 1 6 1 7 1 8 1 9 1 10 1 11 1 12 2 2 2 3 2 4 2 5 2 6 2 7 2 8 2 9 2 10 2 11 2 12
q 40 1 3 1 4 1 5 1 6 1 7 1 8 1 9 1 10 1 11 1 12 2 3 2 4 2 5 2 6 2 7 2 8 2 9 2 10 2 11 2 12 3 3 3 4 3 5 3 6 3 7 3 8 3 9 3 10 3 11 3 12 4 3 4 4 4 5 4 6 4 7 4 8 4 9 4 10 4 11 4 12
q 25 5 8 5 9 5 10 5 11 5 12 6 8 6 9 6 10 6 11 6 12 7 8 7 9 7 10 7 11 7 12 8 8 8 9 8 10 8 11 8 12 9 8 9 9 9 10 9 11 9 12
q 50 3 3 3 4 3 5 3 6 3 7 3 8 3 9 3 10 3 11 3 12 4 3 4 4 4 5 4 6 4 7 4 8 4 9 4 10 4 11 4 12 5 3 5 4 5 5 5 6 5 7 5 8 5 9 5 10 5 11 5 12 6 3 6 4 6 5 6 6 6 7 6 8 6 9 6 10 6 11 6 12 7 3 7 4 7 5 7 6 7 7 7 8 7 9 7 10 7 11 7 12
q 36 10 1 10 2 10 3 10 4 10 5 10 6 10 7 10 8 10 9 10 10 10 11 10 12 11 1 11 2 11 3 11 4 11 5 11 6 11 7 11 8 11 9 11 10 11 11 11 12 12 1 12 2 12 3 12 4 12 5 12 6 12 7 12 8 12 9 12 10 12 11 12 12
q 30 4 3 4 4 4 5 4 6 4 7 4 8 4 9 4 10 4 11 4 12 5 3 5 4 5 5 5 6 5 7 5 8 5 9 5 10 5 11 5 12 6 3 6 4 6 5 6 6 6 7 6 8 6 9 6 10 6 11 6 12
q 45 3 5 3 6 3 7 3 8 3 9 4 5 4 6 4 7 4 8 4 9 5 5 5 6 5 7 5 8 5 9 6 5 6 6 6 7 6 8 6 9 7 5 7 6 7 7 7 8 7 9 8 5 8 6 8 7 8 8 8 9 9 5 9 6 9 7 9 8 9 9 10 5 10 6 10 7 10 8 10 9 11 5 11 6 11 7 11 8 11 9
q 28 8 1 8 2 8 3 8 4 8 5 8 6 8 7 9 1 9 2 9 3 9 4 9 5 9 6 9 7 10 1 10 2 10 3 10 4 10 5 10 6 10 7 11 1 11 2 11 3 11 4 11 5 11 6 11 7
q 26 2 0 2 1 2 2 2 3 2 4 2 5 2 6 2 7 2 8 2 9 2 10 2 11 2 12 3 0 3 1 3 2 3 3 3 4 3 5 3 6 3 7 3 8 3 9 3 10 3 11 3 12
q 56 6 5 6 6 6 7 6 8 6 9 6 10 6 11 6 12 7 5 7 6 7 7 7 8 7 9 7 10 7 11 7 12 8 5 8 6 8 7 8 8 8 9 8 10 8 11 8 12 9 5 9 6 9 7 9 8 9 9 9 10 9 11 9 12 10 5 10 6 10 7 10 8 10 9 10 10 10 11 10 12 11 5 11 6 11 7 11 8 11 9 11 10 11 11 11 12 12 5 12 6 12 7 12 8 12 9 12 10 12 11 12 12
q 27 3 0 3 1 3 2 3 3 3 4 3 5 3 6 3 7 3 8 4 0 4 1 4 2 4 3 4 4 4 5 4 6 4 7 4 8 5 0 5 1 5 2 5 3 5 4 5 5 5 6 5 7 5 8
q 54 2 0 2 1 2 2 2 3 2 4 2 5 2 6 2 7 2 8 3 0 3 1 3 2 3 3 3 4 3 5 3 6 3 7 3 8 4 0 4 1 4 2 4 3 4 4 4 5 4 6 4 7 4 8 5 0 5 1 5 2 5 3 5 4 5 5 5 6 5 7 5 8 6 0 6 1 6 2 6 3 6 4 6 5 6 6 6 7 6 8 7 0 7 1 7 2 7 3 7 4 7 5 7 6 7 7 7 8
q 63 3 5 3 6 3 7 3 8 3 9 3 10 3 11 4 5 4 6 4 7 4 8 4 9 4 10 4 11 5 5 5 6 5 7 5 8 5 9 5 10 5 11 6 5 6 6 6 7 6 8 6 9 6 10 6 11 7 5 7 6 7 7 7 8 7 9 7 10 7 11 8 5 8 6 8 7 8 8 8 9 8 10 8 11 9 5 9 6 9 7 9 8 9 9 9 10 9 11 10 5 10 6 10 7 10 8 10 9 10 10 10 11 11 5 11 6 11 7 11 8 11 9 11 10 11 11
q 56 3 5 3 6 3 7 3 8 3 9 3 10 3 11 4 5 4 6 4 7 4 8 4 9 4 10 4 11 5 5 5 6 5 7 5 8 5 9 5 10 5 11 6 5 6 6 6 7 6 8 6 9 6 10 6 11 7 5 7 6 7 7 7 8 7 9 7 10 7 11 8 5 8 6 8 7 8 8 8 9 8 10 8 11 9 5 9 6 9 7 9 8 9 9 9 10 9 11 10 5 10 6 10 7 10 8 10 9 10 10 10 11
q 26 0 0 0 1 1 0 1 1 2 0 2 1 3 0 3 1 4 0 4 1 5 0 5 1 6 0 6 1 7 0 7 1 8 0 8 1 9 0 9 1 10 0 10 1 11 0 11 1 12 0 12 1
q 36 1 4 1 5 1 6 1 7 1 8 1 9 1 10 1 11 1 12 2 4 2 5 2 6 2 7 2 8 2 9 2 10 2 11 2 12 3 4 3 5 3 6 3 7 3 8 3 9 3 10 3 11 3 12 4 4 4 5 4 6 4 7 4 8 4 9 4 10 4 11 4 12
q 63 1 0 1 1 1 2 1 3 1 4 1 5 1 6 1 7 1 8 2 0 2 1 2 2 2 3 2 4 2 5 2 6 2 7 2 8 3 0 3 1 3 2 3 3 3 4 3 5 3 6 3 7 3 8 4 0 4 1 4 2 4 3 4 4 4 5 4 6 4 7 4 8 5 0 5 1 5 2 5 3 5 4 5 5 5 6 5 7 5 8 6 0 6 1 6 2 6 3 6 4 6 5 6 6 6 7 6 8 7 0 7 1 7 2 7 3 7 4 7 5 7 6 7 7 7 8
q 49 6 1 6 2 6 3 6 4 6 5 6 6 6 7 7 1 7 2 7 3 7 4 7 5 7 6 7 7 8 1 8 2 8 3 8 4 8 5 8 6 8 7 9 1 9 2 9 3 9 4 9 5 9 6 9 7 10 1 10 2 10 3 10 4 10 5 10 6 10 7 11 1 11 2 11 3 11 4 11 5 11 6 11 7 12 1 12 2 12 3 12 4 12 5 12 6 12 7
q 54 4 4 4 5 4 6 4 7 4 8 4 9 5 4 5 5 5 6 5 7 5 8 5 9 6 4 6 5 6 6 6 7 6 8 6 9 7 4 7 5 7 6 7 7 7 8 7 9 8 4 8 5 8 6 8 7 8 8 8 9 9 4 9 5 9 6 9 7 9 8 9 9 10 4 10 5 10 6 10 7 10 8 10 9 11 4 11 5 11 6 11 7 11 8 11 9 12 4 12 5 12 6 12 7 12 8 12 9
q 56 5 1 5 2 5 3 5 4 5 5 5 6 5 7 5 8 6 1 6 2 6 3 6 4 6 5 6 6 6 7 6 8 7 1 7 2 7 3 7 4 7 5 7 6 7 7 7 8 8 1 8 2 8 3 8 4 8 5 8 6 8 7 8 8 9 1 9 2 9 3 9 4 9 5 9 6 9 7 9 8 10 1 10 2 10 3 10 4 10 5 10 6 10 7 10 8 11 1 11 2 11 3 11 4 11 5 11 6 11 7 11 8
q 50 0 8 0 9 0 10 0 11 0 12 1 8 1 9 1 10 1 11 1 12 2 8 2 9 2 10 2 11 2 12 3 8 3 9 3 10 3 11 3 12 4 8 4 9 4 10 4 11 4 12 5 8 5 9 5 10 5 11 5 12 6 8 6 9 6 10 6 11 6 12 7 8 7 9 7 10 7 11 7 12 8 8 8 9 8 10 8 11 8 12 9 8 9 9 9 10 9 11 9 12
q 52 2 0 2 1 2 2 2 3 2 4 2 5 2 6 2 7 2 8 2 9 2 10 2 11 2 12 3 0 3 1 3 2 3 3 3 4 3 5 3 6 3 7 3 8 3 9 3 10 3 11 3 12 4 0 4 1 4 2 4 3 4 4 4 5 4 6 4 7 4 8 4 9 4 10 4 11 4 12 5 0 5 1 5 2 5 3 5 4 5 5 5 6 5 7 5 8 5 9 5 10 5 11 5 12
q 48 4 2 4 3 4 4 4 5 4 6 4 7 4 8 4 9 5 2 5 3 5 4 5 5 5 6 5 7 5 8 5 9 6 2 6 3 6 4 6 5 6 6 6 7 6 8 6 9 7 2 7 3 7 4 7 5 7 6 7 7 7 8 7 9 8 2 8 3 8 4 8 5 8 6 8 7 8 8 8 9 9 2 9 3 9 4 9 5 9 6 9 7 9 8 9 9
q 64 0 5 0 6 0 7 0 8 0 9 0 10 0 11 0 12 1 5 1 6 1 7 1 8 1 9 1 10 1 11 1 12 2 5 2 6 2 7 2 8 2 9 2 10 2 11 2 12 3 5 3 6 3 7 3 8 3 9 3 10 3 11 3 12 4 5 4 6 4 7 4 8 4 9 4 10 4 11 4 12 5 5 5 6 5 7 5 8 5 9 5 10 5 11 5 12 6 5 6 6 6 7 6 8 6 9 6 10 6 11 6 12 7 5 7 6 7 7 7 8 7 9 7 10 7 11 7 12
q 45 3 1 3 2 3 3 3 4 3 5 3 6 3 7 3 8 3 9 4 1 4 2 4 3 4 4 4 5 4 6 4 7 4 8 4 9 5 1 5 2 5 3 5 4 5 5 5 6 5 7 5 8 5 9 6 1 6 2 6 3 6 4 6 5 6 6 6 7 6 8 6 9 7 1 7 2 7 3 7 4 7 5 7 6 7 7 7 8 7 9
q 60 2 3 2 4 2 5 2 6 2 7 2 8 2 9 2 10 2 11 2 12 3 3 3 4 3 5 3 6 3 7 3 8 3 9 3 10 3 11 3 12 4 3 4 4 4 5 4 6 4 7 4 8 4 9 4 10 4 11 4 12 5 3 5 4 5 5 5 6 5 7 5 8 5 9 5 10 5 11 5 12 6 3 6 4 6 5 6 6 6 7 6 8 6 9 6 10 6 11 6 12 7 3 7 4 7 5 7 6 7 7 7 8 7 9 7 10 7 11 7 12
q 52 3 0 3 1 3 2 3 3 3 4 3 5 3 6 3 7 3 8 3 9 3 10 3 11 3 12 4 0 4 1 4 2 4 3 4 4 4 5 4 6 4 7 4 8 4 9 4 10 4 11 4 12 5 0 5 1 5 2 5 3 5 4 5 5 5 6 5 7 5 8 5 9 5 10 5 11 5 12 6 0 6 1 6 2 6 3 6 4 6 5 6 6 6 7 6 8 6 9 6 10 6 11 6 12
q 39 6 0 6 1 6 2 6 3 6 4 6 5 6 6 6 7 6 8 6 9 6 10 6 11 6 12 7 0 7 1 7 2 7 3 7 4 7 5 7 6 7 7 7 8 7 9 7 10 7 11 7 12 8 0 8 1 8 2 8 3 8 4 8 5 8 6 8 7 8 8 8 9 8 10 8 11 8 12
q 54 1 3 1 4 1 5 1 6 1 7 1 8 1 9 1 10 1 11 2 3 2 4 2 5 2 6 2 7 2 8 2 9 2 10 2 11 3 3 3 4 3 5 3 6 3 7 3 8 3 9 3 10 3 11 4 3 4 4 4 5 4 6 4 7 4 8 4 9 4 10 4 11 5 3 5 4 5 5 5 6 5 7 5 8 5 9 5 10 5 11 6 3 6 4 6 5 6 6 6 7 6 8 6 9 6 10 6 11
q 39 1 0 1 1 1 2 1 3 1 4 1 5 1 6 1 7 1 8 1 9 1 10 1 11 1 12 2 0 2 1 2 2 2 3 2 4 2 5 2 6 2 7 2 8 2 9 2 10 2 11 2 12 3 0 3 1 3 2 3 3 3 4 3 5 3 6 3 7 3 8 3 9 3 10 3 11 3 12
q 48 5 3 5 4 5 5 5 6 5 7 5 8 5 9 5 10 6 3 6 4 6 5 6 6 6 7 6 8 6 9 6 10 7 3 7 4 7 5 7 6 7 7 7 8 7 9 7 10 8 3 8 4 8 5 8 6 8 7 8 8 8 9 8 10 9 3 9 4 9 5 9 6 9 7 9 8 9 9 9 10 10 3 10 4 10 5 10 6 10 7 10 8 10 9 10 10
q 42 2 4 2 5 2 6 2 7 2 8 2 9 3 4 3 5 3 6 3 7 3 8 3 9 4 4 4 5 4 6 4 7 4 8 4 9 5 4 5 5 5 6 5 7 5 8 5 9 6 4 6 5 6 6 6 7 6 8 6 9 7 4 7 5 7 6 7 7 7 8 7 9 8 4 8 5 8 6 8 7 8 8 8 9
q 30 7 6 7 7 7 8 7 9 7 10 8 6 8 7 8 8 8 9 8 10 9 6 9 7 9 8 9 9 9 10 10 6 10 7 10 8 10 9 10 10 11 6 11 7 11 8 11 9 11 10 12 6 12 7 12 8 12 9 12 10
q 60 0 6 0 7 0 8 0 9 0 10 1 6 1 7 1 8 1 9 1 10 2 6 2 7 2 8 2 9 2 10 3 6 3 7 3 8 3 9 3 10 4 6 4 7 4 8 4 9 4 10 5 6 5 7 5 8 5 9 5 10 6 6 6 7 6 8 6 9 6 10 7 6 7 7 7 8 7 9 7 10 8 6 8 7 8 8 8 9 8 10 9 6 9 7 9 8 9 9 9 10 10 6 10 7 10 8 10 9 10 10 11 6 11 7 11 8 11 9 11 10
q 36 5 3 5 4 5 5 5 6 5 7 5 8 5 9 5 10 5 11 6 3 6 4 6 5 6 6 6 7 6 8 6 9 6 10 6 11 7 3 7 4 7 5 7 6 7 7 7 8 7 9 7 10 7 11 8 3 8 4 8 5 8 6 8 7 8 8 8 9 8 10 8 11
q 56 2 6 2 7 2 8 2 9 2 10 2 11 2 12 3 6 3 7 3 8 3 9 3 10 3 11 3 12 4 6 4 7 4 8 4 9 4 10 4 11 4 12 5 6 5 7 5 8 5 9 5 10 5 11 5 12 6 6 6 7 6 8 6 9 6 10 6 11 6 12 7 6 7 7 7 8 7 9 7 10 7 11 7 12 8 6 8 7 8 8 8 9 8 10 8 11 8 12 9 6 9 7 9 8 9 9 9 10 9 11 9 12
q 55 0 1 0 2 0 3 0 4 0 5 1 1 1 2 1 3 1 4 1 5 2 1 2 2 2 3 2 4 2 5 3 1 3 2 3 3 3 4 3 5 4 1 4 2 4 3 4 4 4 5 5 1 5 2 5 3 5 4 5 5 6 1 6 2 6 3 6 4 6 5 7 1 7 2 7 3 7 4 7 5 8 1 8 2 8 3 8 4 8 5 9 1 9 2 9 3 9 4 9 5 10 1 10 2 10 3 10 4 10 5
q 42 7 0 7 1 7 2 7 3 7 4 7 5 7 6 8 0 8 1 8 2 8 3 8 4 8 5 8 6 9 0 9 1 9 2 9 3 9 4 9 5 9 6 10 0 10 1 10 2 10 3 10 4 10 5 10 6 11 0 11 1 11 2 11 3 11 4 11 5 11 6 12 0 12 1 12 2 12 3 12 4 12 5 12 6
q 28 4 2 4 3 4 4 4 5 5 2 5 3 5 4 5 5 6 2 6 3 6 4 6 5 7 2 7 3 7 4 7 5 8 2 8 3 8 4 8 5 9 2 9 3 9 4 9 5 10 2 10 3 10 4 10 5
q 42 0 2 0 3 0 4 0 5 0 6 0 7 1 2 1 3 1 4 1 5 1 6 1 7 2 2 2 3 2 4 2 5 2 6 2 7 3 2 3 3 3 4 3 5 3 6 3 7 4 2 4 3 4 4 4 5 4 6 4 7 5 2 5 3 5 4 5 5 5 6 5 7 6 2 6 3 6 4 6 5 6 6 6 7
q 30 7 7 7 8 7 9 7 10 7 11 7 12 8 7 8 8 8 9 8 10 8 11 8 12 9 7 9 8 9 9 9 10 9 11 9 12 10 7 10 8 10 9 10 10 10 11 10 12 11 7 11 8 11 9 11 10 11 11 11 12
q 40 3 3 3 4 3 5 3 6 3 7 3 8 3 9 3 10 4 3 4 4 4 5 4 6 4 7 4 8 4 9 4 10 5 3 5 4 5 5 5 6 5 7 5 8 5 9 5 10 6 3 6 4 6 5 6 6 6 7 6 8 6 9 6 10 7 3 7 4 7 5 7 6 7 7 7 8 7 9 7 10
q 54 2 0 2 1 2 2 2 3 2 4 2 5 2 6 2 7 2 8 3 0 3 1 3 2 3 3 3 4 3 5 3 6 3 7 3 8 4 0 4 1 4 2 4 3 4 4 4 5 4 6 4 7 4 8 5 0 5 1 5 2 5 3 5 4 5 5 5 6 5 7 5 8 6 0 6 1 6 2 6 3 6 4 6 5 6 6 6 7 6 8 7 0 7 1 7 2 7 3 7 4 7 5 7 6 7 7 7 8
q 27 3 0 3 1 3 2 3 3 3 4 3 5 3 6 3 7 3 8 4 0 4 1 4 2 4 3 4 4 4 5 4 6 4 7 4 8 5 0 5 1 5 2 5 3 5 4 5 5 5 6 5 7 5 8
q 63 0 2 0 3 0 4 0 5 0 6 0 7 0 8 1 2 1 3 1 4 1 5 1 6 1 7 1 8 2 2 2 3 2 4 2 5 2 6 2 7 2 8 3 2 3 3 3 4 3 5 3 6 3 7 3 8 4 2 4 3 4 4 4 5 4 6 4 7 4 8 5 2 5 3 5 4 5 5 5 6 5 7 5 8 6 2 6 3 6 4 6 5 6 6 6 7 6 8 7 2 7 3 7 4 7 5 7 6 7 7 7 8 8 2 8 3 8 4 8 5 8 6 8 7 8 8
q 52 5 0 5 1 5 2 5 3 5 4 5 5 5 6 5 7 5 8 5 9 5 10 5 11 5 12 6 0 6 1 6 2 6 3 6 4 6 5 6 6 6 7 6 8 6 9 6 10 6 11 6 12 7 0 7 1 7 2 7 3 7 4 7 5 7 6 7 7 7 8 7 9 7 10 7 11 7 12 8 0 8 1 8 2 8 3 8 4 8 5 8 6 8 7 8 8 8 9 8 10 8 11 8 12
q 56 0 3 0 4 0 5 0 6 0 7 0 8 0 9 1 3 1 4 1 5 1 6 1 7 1 8 1 9 2 3 2 4 2 5 2 6 2 7 2 8 2 9 3 3 3 4 3 5 3 6 3 7 3 8 3 9 4 3 4 4 4 5 4 6 4 7 4 8 4 9 5 3 5 4 5 5 5 6 5 7 5 8 5 9 6 3 6 4 6 5 6 6 6 7 6 8 6 9 7 3 7 4 7 5 7 6 7 7 7 8 7 9
q 26 7 0 7 1 7 2 7 3 7 4 7 5 7 6 7 7 7 8 7 9 7 10 7 11 7 12 8 0 8 1 8 2 8 3 8 4 8 5 8 6 8 7 8 8 8 9 8 10 8 11 8 12
q 30 7 1 7 2 7 3 7 4 7 5 8 1 8 2 8 3 8 4 8 5 9 1 9 2 9 3 9 4 9 5 10 1 10 2 10 3 10 4 10 5 11 1 11 2 11 3 11 4 11 5 12 1 12 2 12 3 12 4 12 5
q 30 4 2 4 3 4 4 4 5 4 6 4 7 4 8 4 9 4 10 4 11 5 2 5 3 5 4 5 5 5 6 5 7 5 8 5 9 5 10 5 11 6 2 6 3 6 4 6 5 6 6 6 7 6 8 6 9 6 10 6 11
q 36 1 4 1 5 1 6 1 7 2 4 2 5 2 6 2 7 3 4 3 5 3 6 3 7 4 4 4 5 4 6 4 7 5 4 5 5 5 6 5 7 6 4 6 5 6 6 6 7 7 4 7 5 7 6 7 7 8 4 8 5 8 6 8 7 9 4 9 5 9 6 9 7
q 45 1 3 1 4 1 5 1 6 1 7 2 3 2 4 2 5 2 6 2 7 3 3 3 4 3 5 3 6 3 7 4 3 4 4 4 5 4 6 4 7 5 3 5 4 5 5 5 6 5 7 6 3 6 4 6 5 6 6 6 7 7 3 7 4 7 5 7 6 7 7 8 3 8 4 8 5 8 6 8 7 9 3 9 4 9 5 9 6 9 7
q 44 2 6 2 7 2 8 2 9 3 6 3 7 3 8 3 9 4 6 4 7 4 8 4 9 5 6 5 7 5 8 5 9 6 6 6 7 6 8 6 9 7 6 7 7 7 8 7 9 8 6 8 7 8 8 8 9 9 6 9 7 9 8 9 9 10 6 10 7 10 8 10 9 11 6 11 7 11 8 11 9 12 6 12 7 12 8 12 9
q 60 7 1 7 2 7 3 7 4 7 5 7 6 7 7 7 8 7 9 7 10 8 1 8 2 8 3 8 4 8 5 8 6 8 7 8 8 8 9 8 10 9 1 9 2 9 3 9 4 9 5 9 6 9 7 9 8 9 9 9 10 10 1 10 2 10 3 10 4 10 5 10 6 10 7 10 8 10 9 10 10 11 1 11 2 11 3 11 4 11 5 11 6 11 7 11 8 11 9 11 10 12 1 12 2 12 3 12 4 12 5 12 6 12 7 12 8 12 9 12 10
q 40 6 3 6 4 6 5 6 6 6 7 6 8 6 9 6 10 6 11 6 12 7 3 7 4 7 5 7 6 7 7 7 8 7 9 7 10 7 11 7 12 8 3 8 4 8 5 8 6 8 7 8 8 8 9 8 10 8 11 8 12 9 3 9 4 9 5 9 6 9 7 9 8 9 9 9 10 9 11 9 12
q 45 0 3 0 4 0 5 0 6 0 7 1 3 1 4 1 5 1 6 1 7 2 3 2 4 2 5 2 6 2 7 3 3 3 4 3 5 3 6 3 7 4 3 4 4 4 5 4 6 4 7 5 3 5 4 5 5 5 6 5 7 6 3 6 4 6 5 6 6 6 7 7 3 7 4 7 5 7 6 7 7 8 3 8 4 8 5 8 6 8 7
q 50 1 0 1 1 1 2 1 3 1 4 2 0 2 1 2 2 2 3 2 4 3 0 3 1 3 2 3 3 3 4 4 0 4 1 4 2 4 3 4 4 5 0 5 1 5 2 5 3 5 4 6 0 6 1 6 2 6 3 6 4 7 0 7 1 7 2 7 3 7 4 8 0 8 1 8 2 8 3 8 4 9 0 9 1 9 2 9 3 9 4 10 0 10 1 10 2 10 3 10 4
q 64 0 5 0 6 0 7 0 8 0 9 0 10 0 11 0 12 1 5 1 6 1 7 1 8 1 9 1 10 1 11 1 12 2 5 2 6 2 7 2 8 2 9 2 10 2 11 2 12 3 5 3 6 3 7 3 8 3 9 3 10 3 11 3 12 4 5 4 6 4 7 4 8 4 9 4 10 4 11 4 12 5 5 5 6 5 7 5 8 5 9 5 10 5 11 5 12 6 5 6 6 6 7 6 8 6 9 6 10 6 11 6 12 7 5 7 6 7 7 7 8 7 9 7 10 7 11 7 12
q 36 1 5 1 6 1 7 2 5 2 6 2 7 3 5 3 6 3 7 4 5 4 6 4 7 5 5 5 6 5 7 6 5 6 6 6 7 7 5 7 6 7 7 8 5 8 6 8 7 9 5 9 6 9 7 10 5 10 6 10 7 11 5 11 6 11 7 12 5 12 6 12 7
q 60 8 0 8 1 8 2 8 3 8 4 8 5 8 6 8 7 8 8 8 9 8 10 8 11 9 0 9 1 9 2 9 3 9 4 9 5 9 6 9 7 9 8 9 9 9 10 9 11 10 0 10 1 10 2 10 3 10 4 10 5 10 6 10 7 10 8 10 9 10 10 10 11 11 0 11 1 11 2 11 3 11 4 11 5 11 6 11 7 11 8 11 9 11 10 11 11 12 0 12 1 12 2 12 3 12 4 12 5 12 6 12 7 12 8 12 9 12 10 12 11
q 8 3 1 3 2 4 1 4 2 5 1 5 2 6 1 6 2
q 36 5 0 5 1 5 2 5 3 5 4 5 5 5 6 5 7 5 8 5 9 5 10 5 11 6 0 6 1 6 2 6 3 6 4 6 5 6 6 6 7 6 8 6 9 6 10 6 11 7 0 7 1 7 2 7 3 7 4 7 5 7 6 7 7 7 8 7 9 7 10 7 11
q 21 6 2 6 3 6 4 7 2 7 3 7 4 8 2 8 3 8 4 9 2 9 3 9 4 10 2 10 3 10 4 11 2 11 3 11 4 12 2 12 3 12 4
q 30 3 2 3 3 3 4 3 5 3 6 3 7 3 8 3 9 3 10 3 11 4 2 4 3 4 4 4 5 4 6 4 7 4 8 4 9 4 10 4 11 5 2 5 3 5 4 5 5 5 6 5 7 5 8 5 9 5 10 5 11
q 30 0 10 0 11 0 12 1 10 1 11 1 12 2 10 2 11 2 12 3 10 3 11 3 12 4 10 4 11 4 12 5 10 5 11 5 12 6 10 6 11 6 12 7 10 7 11 7 12 8 10 8 11 8 12 9 10 9 11 9 12
q 30 7 5 7 6 7 7 7 8 7 9 7 10 8 5 8 6 8 7 8 8 8 9 8 10 9 5 9 6 9 7 9 8 9 9 9 10 10 5 10 6 10 7 10 8 10 9 10 10 11 5 11 6 11 7 11 8 11 9 11 10
q 16 5 7 5 8 5 9 5 10 6 7 6 8 6 9 6 10 7 7 7 8 7 9 7 10 8 7 8 8 8 9 8 10
q 26 0 1 0 2 1 1 1 2 2 1 2 2 3 1 3 2 4 1 4 2 5 1 5 2 6 1 6 2 7 1 7 2 8 1 8 2 9 1 9 2 10 1 10 2 11 1 11 2 12 1 12 2
q 39 0 2 0 3 0 4 1 2 1 3 1 4 2 2 2 3 2 4 3 2 3 3 3 4 4 2 4 3 4 4 5 2 5 3 5 4 6 2 6 3 6 4 7 2 7 3 7 4 8 2 8 3 8 4 9 2 9 3 9 4 10 2 10 3 10 4 11 2 11 3 11 4 12 2 12 3 12 4
q 26 7 0 7 1 7 2 7 3 7 4 7 5 7 6 7 7 7 8 7 9 7 10 7 11 7 12 8 0 8 1 8 2 8 3 8 4 8 5 8 6 8 7 8 8 8 9 8 10 8 11 8 12
q 12 5 2 5 3 5 4 6 2 6 3 6 4 7 2 7 3 7 4 8 2 8 3 8 4
q 24 2 8 2 9 2 10 2 11 3 8 3 9 3 10 3 11 4 8 4 9 4 10 4 11 5 8 5 9 5 10 5 11 6 8 6 9 6 10 6 11 7 8 7 9 7 10 7 11
q 24 1 2 1 3 2 2 2 3 3 2 3 3 4 2 4 3 5 2 5 3 6 2 6 3 7 2 7 3 8 2 8 3 9 2 9 3 10 2 10 3 11 2 11 3 12 2 12 3
q 64 3 3 3 4 3 5 3 6 3 7 3 8 3 9 3 10 4 3 4 4 4 5 4 6 4 7 4 8 4 9 4 10 5 3 5 4 5 5 5 6 5 7 5 8 5 9 5 10 6 3 6 4 6 5 6 6 6 7 6 8 6 9 6 10 7 3 7 4 7 5 7 6 7 7 7 8 7 9 7 10 8 3 8 4 8 5 8 6 8 7 8 8 8 9 8 10 9 3 9 4 9 5 9 6 9 7 9 8 9 9 9 10 10 3 10 4 10 5 10 6 10 7 10 8 10 9 10 10
q 26 9 0 9 1 9 2 9 3 9 4 9 5 9 6 9 7 9 8 9 9 9 10 9 11 9 12 10 0 10 1 10 2 10 3 10 4 10 5 10 6 10 7 10 8 10 9 10 10 10 11 10 12
q 14 1 8 1 9 2 8 2 9 3 8 3 9 4 8 4 9 5 8 5 9 6 8 6 9 7 8 7 9
q 56 0 4 0 5 0 6 0 7 0 8 0 9 0 10 1 4 1 5 1 6 1 7 1 8 1 9 1 10 2 4 2 5 2 6 2 7 2 8 2 9 2 10 3 4 3 5 3 6 3 7 3 8 3 9 3 10 4 4 4 5 4 6 4 7 4 8 4 9 4 10 5 4 5 5 5 6 5 7 5 8 5 9 5 10 6 4 6 5 6 6 6 7 6 8 6 9 6 10 7 4 7 5 7 6 7 7 7 8 7 9 7 10
q 14 6 11 6 12 7 11 7 12 8 11 8 12 9 11 9 12 10 11 10 12 11 11 11 12 12 11 12 12
q 42 1 3 1 4 1 5 1 6 1 7 1 8 2 3 2 4 2 5 2 6 2 7 2 8 3 3 3 4 3 5 3 6 3 7 3 8 4 3 4 4 4 5 4 6 4 7 4 8 5 3 5 4 5 5 5 6 5 7 5 8 6 3 6 4 6 5 6 6 6 7 6 8 7 3 7 4 7 5 7 6 7 7 7 8
q 30 4 4 4 5 4 6 4 7 4 8 4 9 5 4 5 5 5 6 5 7 5 8 5 9 6 4 6 5 6 6 6 7 6 8 6 9 7 4 7 5 7 6 7 7 7 8 7 9 8 4 8 5 8 6 8 7 8 8 8 9
q 12 3 1 3 2 3 3 3 4 3 5 3 6 4 1 4 2 4 3 4 4 4 5 4 6
q 27 1 4 1 5 1 6 1 7 1 8 1 9 1 10 1 11 1 12 2 4 2 5 2 6 2 7 2 8 2 9 2 10 2 11 2 12 3 4 3 5 3 6 3 7 3 8 3 9 3 10 3 11 3 12
q 6 1 5 1 6 2 5 2 6 3 5 3 6
q 9 7 3 7 4 7 5 8 3 8 4 8 5 9 3 9 4 9 5
q 45 3 8 3 9 3 10 3 11 3 12 4 8 4 9 4 10 4 11 4 12 5 8 5 9 5 10 5 11 5 12 6 8 6 9 6 10 6 11 6 12 7 8 7 9 7 10 7 11 7 12 8 8 8 9 8 10 8 11 8 12 9 8 9 9 9 10 9 11 9 12 10 8 10 9 10 10 10 11 10 12 11 8 11 9 11 10 11 11 11 12
q 12 4 7 4 8 4 9 4 10 4 11 4 12 5 7 5 8 5 9 5 10 5 11 5 12
q 40 7 2 7 3 7 4 7 5 7 6 7 7 7 8 7 9 8 2 8 3 8 4 8 5 8 6 8 7 8 8 8 9 9 2 9 3 9 4 9 5 9 6 9 7 9 8 9 9 10 2 10 3 10 4 10 5 10 6 10 7 10 8 10 9 11 2 11 3 11 4 11 5 11 6 11 7 11 8 11 9
q 52 9 0 9 1 9 2 9 3 9 4 9 5 9 6 9 7 9 8 9 9 9 10 9 11 9 12 10 0 10 1 10 2 10 3 10 4 10 5 10 6 10 7 10 8 10 9 10 10 10 11 10 12 11 0 11 1 11 2 11 3 11 4 11 5 11 6 11 7 11 8 11 9 11 10 11 11 11 12 12 0 12 1 12 2 12 3 12 4 12 5 12 6 12 7 12 8 12 9 12 10 12 11 12 12
q 22 1 4 1 5 2 4 2 5 3 4 3 5 4 4 4 5 5 4 5 5 6 4 6 5 7 4 7 5 8 4 8 5 9 4 9 5 10 4 10 5 11 4 11 5
q 60 2 7 2 8 2 9 2 10 2 11 2 12 3 7 3 8 3 9 3 10 3 11 3 12 4 7 4 8 4 9 4 10 4 11 4 12 5 7 5 8 5 9 5 10 5 11 5 12 6 7 6 8 6 9 6 10 6 11 6 12 7 7 7 8 7 9 7 10 7 11 7 12 8 7 8 8 8 9 8 10 8 11 8 12 9 7 9 8 9 9 9 10 9 11 9 12 10 7 10 8 10 9 10 10 10 11 10 12 11 7 11 8 11 9 11 10 11 11 11 12
q 24 0 2 0 3 0 4 1 2 1 3 1 4 2 2 2 3 2 4 3 2 3 3 3 4 4 2 4 3 4 4 5 2 5 3 5 4 6 2 6 3 6 4 7 2 7 3 7 4
q 20 8 1 8 2 8 3 8 4 8 5 8 6 8 7 8 8 8 9 8 10 9 1 9 2 9 3 9 4 9 5 9 6 9 7 9 8 9 9 9 10
q 22 2 8 2 9 3 8 3 9 4 8 4 9 5 8 5 9 6 8 6 9 7 8 7 9 8 8 8 9 9 8 9 9 10 8 10 9 11 8 11 9 12 8 12 9
q 11 10 0 10 1 10 2 10 3 10 4 10 5 10 6 10 7 10 8 10 9 10 10
q 56 3 1 3 2 3 3 3 4 3 5 3 6 3 7 4 1 4 2 4 3 4 4 4 5 4 6 4 7 5 1 5 2 5 3 5 4 5 5 5 6 5 7 6 1 6 2 6 3 6 4 6 5 6 6 6 7 7 1 7 2 7 3 7 4 7 5 7 6 7 7 8 1 8 2 8 3 8 4 8 5 8 6 8 7 9 1 9 2 9 3 9 4 9 5 9 6 9 7 10 1 10 2 10 3 10 4 10 5 10 6 10 7
q 5 5 3 6 3 7 3 8 3 9 3
q 11 7 2 7 3 7 4 7 5 7 6 7 7 7 8 7 9 7 10 7 11 7 12
q 40 1 5 1 6 1 7 1 8 1 9 2 5 2 6 2 7 2 8 2 9 3 5 3 6 3 7 3 8 3 9 4 5 4 6 4 7 4 8 4 9 5 5 5 6 5 7 5 8 5 9 6 5 6 6 6 7 6 8 6 9 7 5 7 6 7 7 7 8 7 9 8 5 8 6 8 7 8 8 8 9
q 18 0 5 0 6 1 5 1 6 2 5 2 6 3 5 3 6 4 5 4 6 5 5 5 6 6 5 6 6 7 5 7 6 8 5 8 6
q 7 4 0 5 0 6 0 7 0 8 0 9 0 10 0
q 40 3 9 3 10 3 11 3 12 4 9 4 10 4 11 4 12 5 9 5 10 5 11 5 12 6 9 6 10 6 11 6 12 7 9 7 10 7 11 7 12 8 9 8 10 8 11 8 12 9 9 9 10 9 11 9 12 10 9 10 10 10 11 10 12 11 9 11 10 11 11 11 12 12 9 12 10 12 11 12 12
q 13 3 0 3 1 3 2 3 3 3 4 3 5 3 6 3 7 3 8 3 9 3 10 3 11 3 12
q 27 3 4 3 5 3 6 3 7 3 8 3 9 3 10 3 11 3 12 4 4 4 5 4 6 4 7 4 8 4 9 4 10 4 11 4 12 5 4 5 5 5 6 5 7 5 8 5 9 5 10 5 11 5 12
q 30 0 10 0 11 0 12 1 10 1 11 1 12 2 10 2 11 2 12 3 10 3 11 3 12 4 10 4 11 4 12 5 10 5 11 5 12 6 10 6 11 6 12 7 10 7 11 7 12 8 10 8 11 8 12 9 10 9 11 9 12
q 45 3 1 3 2 3 3 3 4 3 5 3 6 3 7 3 8 3 9 4 1 4 2 4 3 4 4 4 5 4 6 4 7 4 8 4 9 5 1 5 2 5 3 5 4 5 5 5 6 5 7 5 8 5 9 6 1 6 2 6 3 6 4 6 5 6 6 6 7 6 8 6 9 7 1 7 2 7 3 7 4 7 5 7 6 7 7 7 8 7 9
q 15 3 0 3 1 3 2 4 0 4 1 4 2 5 0 5 1 5 2 6 0 6 1 6 2 7 0 7 1 7 2
q 22 4 1 4 2 4 3 4 4 4 5 4 6 4 7 4 8 4 9 4 10 4 11 5 1 5 2 5 3 5 4 5 5 5 6 5 7 5 8 5 9 5 10 5 11
q 11 0 3 1 3 2 3 3 3 4 3 5 3 6 3 7 3 8 3 9 3 10 3
q 15 3 1 3 2 3 3 3 4 3 5 4 1 4 2 4 3 4 4 4 5 5 1 5 2 5 3 5 4 5 5
q 20 0 9 0 10 1 9 1 10 2 9 2 10 3 9 3 10 4 9 4 10 5 9 5 10 6 9 6 10 7 9 7 10 8 9 8 10 9 9 9 10
q 24 0 1 0 2 0 3 1 1 1 2 1 3 2 1 2 2 2 3 3 1 3 2 3 3 4 1 4 2 4 3 5 1 5 2 5 3 6 1 6 2 6 3 7 1 7 2 7 3
q 5 8 7 9 7 10 7 11 7 12 7
q 52 3 0 3 1 3 2 3 3 3 4 3 5 3 6 3 7 3 8 3 9 3 10 3 11 3 12 4 0 4 1 4 2 4 3 4 4 4 5 4 6 4 7 4 8 4 9 4 10 4 11 4 12 5 0 5 1 5 2 5 3 5 4 5 5 5 6 5 7 5 8 5 9 5 10 5 11 5 12 6 0 6 1 6 2 6 3 6 4 6 5 6 6 6 7 6 8 6 9 6 10 6 11 6 12
q 1 1 1
q 2 1 6 1 7
q 63 2 1 2 2 2 3 2 4 2 5 2 6 2 7 2 8 2 9 3 1 3 2 3 3 3 4 3 5 3 6 3 7 3 8 3 9 4 1 4 2 4 3 4 4 4 5 4 6 4 7 4 8 4 9 5 1 5 2 5 3 5 4 5 5 5 6 5 7 5 8 5 9 6 1 6 2 6 3 6 4 6 5 6 6 6 7 6 8 6 9 7 1 7 2 7 3 7 4 7 5 7 6 7 7 7 8 7 9 8 1 8 2 8 3 8 4 8 5 8 6 8 7 8 8 8 9
q 54 7 1 7 2 7 3 7 4 7 5 7 6 7 7 7 8 7 9 8 1 8 2 8 3 8 4 8 5 8 6 8 7 8 8 8 9 9 1 9 2 9 3 9 4 9 5 9 6 9 7 9 8 9 9 10 1 10 2 10 3 10 4 10 5 10 6 10 7 10 8 10 9 11 1 11 2 11 3 11 4 11 5 11 6 11 7 11 8 11 9 12 1 12 2 12 3 12 4 12 5 12 6 12 7 12 8 12 9
q 20 4 5 4 6 4 7 4 8 5 5 5 6 5 7 5 8 6 5 6 6 6 7 6 8 7 5 7 6 7 7 7 8 8 5 8 6 8 7 8 8
q 21 9 4 9 5 9 6 9 7 9 8 9 9 9 10 10 4 10 5 10 6 10 7 10 8 10 9 10 10 11 4 11 5 11 6 11 7 11 8 11 9 11 10
q 30 3 10 3 11 3 12 4 10 4 11 4 12 5 10 5 11 5 12 6 10 6 11 6 12 7 10 7 11 7 12 8 10 8 11 8 12 9 10 9 11 9 12 10 10 10 11 10 12 11 10 11 11 11 12 12 10 12 11 12 12
q 56 0 0 0 1 0 2 0 3 0 4 0 5 0 6 1 0 1 1 1 2 1 3 1 4 1 5 1 6 2 0 2 1 2 2 2 3 2 4 2 5 2 6 3 0 3 1 3 2 3 3 3 4 3 5 3 6 4 0 4 1 4 2 4 3 4 4 4 5 4 6 5 0 5 1 5 2 5 3 5 4 5 5 5 6 6 0 6 1 6 2 6 3 6 4 6 5 6 6 7 0 7 1 7 2 7 3 7 4 7 5 7 6
q 11 2 8 3 8 4 8 5 8 6 8 7 8 8 8 9 8 10 8 11 8 12 8
q 55 2 4 2 5 2 6 2 7 2 8 3 4 3 5 3 6 3 7 3 8 4 4 4 5 4 6 4 7 4 8 5 4 5 5 5 6 5 7 5 8 6 4 6 5 6 6 6 7 6 8 7 4 7 5 7 6 7 7 7 8 8 4 8 5 8 6 8 7 8 8 9 4 9 5 9 6 9 7 9 8 10 4 10 5 10 6 10 7 10 8 11 4 11 5 11 6 11 7 11 8 12 4 12 5 12 6 12 7 12 8
q 8 9 3 9 4 9 5 9 6 10 3 10 4 10 5 10 6
q 26 3 0 3 1 3 2 3 3 3 4 3 5 3 6 3 7 3 8 3 9 3 10 3 11 3 12 4 0 4 1 4 2 4 3 4 4 4 5 4 6 4 7 4 8 4 9 4 10 4 11 4 12
q 6 9 10 9 11 10 10 10 11 11 10 11 11
q 8 12 1 12 2 12 3 12 4 12 5 12 6 12 7 12 8
q 8 4 1 4 2 5 1 5 2 6 1 6 2 7 1 7 2
q 6 1 0 1 1 1 2 2 0 2 1 2 2
q 10 1 8 1 9 2 8 2 9 3 8 3 9 4 8 4 9 5 8 5 9
q 30 1 7 1 8 1 9 2 7 2 8 2 9 3 7 3 8 3 9 4 7 4 8 4 9 5 7 5 8 5 9 6 7 6 8 6 9 7 7 7 8 7 9 8 7 8 8 8 9 9 7 9 8 9 9 10 7 10 8 10 9
q 2 11 8 12 8
q 40 5 4 5 5 5 6 5 7 5 8 6 4 6 5 6 6 6 7 6 8 7 4 7 5 7 6 7 7 7 8 8 4 8 5 8 6 8 7 8 8 9 4 9 5 9 6 9 7 9 8 10 4 10 5 10 6 10 7 10 8 11 4 11 5 11 6 11 7 11 8 12 4 12 5 12 6 12 7 12 8
q 15 6 1 6 2 6 3 7 1 7 2 7 3 8 1 8 2 8 3 9 1 9 2 9 3 10 1 10 2 10 3
q 21 1 0 1 1 1 2 2 0 2 1 2 2 3 0 3 1 3 2 4 0 4 1 4 2 5 0 5 1 5 2 6 0 6 1 6 2 7 0 7 1 7 2
q 24 3 1 3 2 3 3 3 4 3 5 3 6 3 7 3 8 3 9 3 10 3 11 3 12 4 1 4 2 4 3 4 4 4 5 4 6 4 7 4 8 4 9 4 10 4 11 4 12
q 20 6 7 6 8 6 9 6 10 7 7 7 8 7 9 7 10 8 7 8 8 8 9 8 10 9 7 9 8 9 9 9 10 10 7 10 8 10 9 10 10
q 5 6 7 7 7 8 7 9 7 10 7
q 35 5 2 5 3 5 4 5 5 5 6 6 2 6 3 6 4 6 5 6 6 7 2 7 3 7 4 7 5 7 6 8 2 8 3 8 4 8 5 8 6 9 2 9 3 9 4 9 5 9 6 10 2 10 3 10 4 10 5 10 6 11 2 11 3 11 4 11 5 11 6
q 4 1 1 2 1 3 1 4 1
q 9 0 11 1 11 2 11 3 11 4 11 5 11 6 11 7 11 8 11
q 22 2 8 2 9 3 8 3 9 4 8 4 9 5 8 5 9 6 8 6 9 7 8 7 9 8 8 8 9 9 8 9 9 10 8 10 9 11 8 11 9 12 8 12 9
q 28 4 9 4 10 4 11 4 12 5 9 5 10 5 11 5 12 6 9 6 10 6 11 6 12 7 9 7 10 7 11 7 12 8 9 8 10 8 11 8 12 9 9 9 10 9 11 9 12 10 9 10 10 10 11 10 12
q 30 2 0 2 1 2 2 2 3 2 4 2 5 2 6 2 7 2 8 2 9 3 0 3 1 3 2 3 3 3 4 3 5 3 6 3 7 3 8 3 9 4 0 4 1 4 2 4 3 4 4 4 5 4 6 4 7 4 8 4 9
q 12 0 0 0 1 0 2 0 3 0 4 0 5 0 6 0 7 0 8 0 9 0 10 0 11
q 8 12 3 12 4 12 5 12 6 12 7 12 8 12 9 12 10
q 21 8 6 8 7 8 8 8 9 8 10 8 11 8 12 9 6 9 7 9 8 9 9 9 10 9 11 9 12 10 6 10 7 10 8 10 9 10 10 10 11 10 12
q 9 3 10 3 11 3 12 4 10 4 11 4 12 5 10 5 11 5 12
q 54 1 4 1 5 1 6 1 7 1 8 1 9 1 10 1 11 1 12 2 4 2 5 2 6 2 7 2 8 2 9 2 10 2 11 2 12 3 4 3 5 3 6 3 7 3 8 3 9 3 10 3 11 3 12 4 4 4 5 4 6 4 7 4 8 4 9 4 10 4 11 4 12 5 4 5 5 5 6 5 7 5 8 5 9 5 10 5 11 5 12 6 4 6 5 6 6 6 7 6 8 6 9 6 10 6 11 6 12
q 12 1 12 2 12 3 12 4 12 5 12 6 12 7 12 8 12 9 12 10 12 11 12 12 12
q 30 5 4 5 5 5 6 5 7 5 8 5 9 6 4 6 5 6 6 6 7 6 8 6 9 7 4 7 5 7 6 7 7 7 8 7 9 8 4 8 5 8 6 8 7 8 8 8 9 9 4 9 5 9 6 9 7 9 8 9 9
q 48 3 6 3 7 3 8 3 9 3 10 3 11 4 6 4 7 4 8 4 9 4 10 4 11 5 6 5 7 5 8 5 9 5 10 5 11 6 6 6 7 6 8 6 9 6 10 6 11 7 6 7 7 7 8 7 9 7 10 7 11 8 6 8 7 8 8 8 9 8 10 8 11 9 6 9 7 9 8 9 9 9 10 9 11 10 6 10 7 10 8 10 9 10 10 10 11
q 11 1 9 2 9 3 9 4 9 5 9 6 9 7 9 8 9 9 9 10 9 11 9
q 1 1 6
q 1 1 7
q 1 2 1
q 1 2 6
q 1 2 7
q 1 2 8
q 1 2 9
q 1 2 10
q 1 2 11
q 1 3 1
q 1 3 2
q 1 3 6
q 1 3 8
q 1 3 9
q 1 3 11
q 1 4 1
q 1 4 3
q 1 4 4
q 1 4 5
q 1 4 6
q 1 4 11
q 1 4 12
q 1 5 0
q 1 5 1
q 1 5 2
q 1 5 3
q 1 5 4
q 1 5 5
q 1 5 6
q 1 5 7
q 1 5 8
q 1 5 10
q 1 5 11
q 1 6 0
q 1 6 3
q 1 6 6
q 1 6 7
q 1 6 9
q 1 6 10
q 1 6 11
q 1 7 7
q 1 7 8
q 1 7 10
q 1 8 7
q 1 8 8
q 1 8 9
q 1 8 10
q 1 8 11
q 1 8 12
q 1 9 2
q 1 9 6
q 1 9 7
q 1 9 8
q 1 9 9
q 1 10 2
q 1 10 5
q 1 10 6
q 1 10 7
q 1 11 2
q 1 11 3
q 1 11 4
q 1 11 5
q 1 12 1
q 1 12 2
q 1 0 6
q 1 1 5
q 1 0 7
q 1 1 8
q 1 1 1
q 1 2 0
q 1 2 2
q 1 2 5
q 1 3 7
q 1 1 9
q 1 3 0
q 1 4 2
q 1 3 3
q 1 3 5
q 1 4 8
q 1 4 9
q 1 3 10
q 1 3 12
q 1 4 0
q 1 3 4
q 1 4 7
q 1 4 10
q 1 6 1
q 1 6 2
q 1 6 4
q 1 6 5
q 1 6 8
q 1 5 9
q 1 5 12
q 1 7 0
q 1 7 3
q 1 7 6
q 1 7 9
q 1 7 11
q 1 6 12
q 1 8 6
q 1 9 5
q 1 10 8
q 1 10 9
q 1 9 10
q 1 11 6
q 1 11 7
q 1 11 1
q 1 10 3
q 1 12 3
q 1 10 4
q 1 12 4
q 1 12 5
q 1 12 0
q 1 7 12
q 1 10 1
q 1 11 0
q 1 9 3
q 1 9 1
q 1 10 0
a 61 1 6 1 7 2 1 2 6 2 7 2 8 2 9 3 1 3 2 3 6 3 8 3 9 3 11 4 1 4 3 4 4 4 5 4 6 4 11 5 0 5 1 5 2 5 3 5 4 5 5 5 6 5 7 5 8 5 11 6 0 6 3 6 6 6 7 6 9 6 10 6 11 7 7 7 10 8 7 8 8 8 9 9 6 9 7 9 8 9 9 10 6 10 7 11 2 11 3 11 4 11 5 12 1 12 2 3 10 5 12 7 9 7 11 11 1 10 3 12 0 10 1 
