q 55 1 3 1 4 1 5 1 6 1 7 2 3 2 4 2 5 2 6 2 7 3 3 3 4 3 5 3 6 3 7 4 3 4 4 4 5 4 6 4 7 5 3 5 4 5 5 5 6 5 7 6 3 6 4 6 5 6 6 6 7 7 3 7 4 7 5 7 6 7 7 8 3 8 4 8 5 8 6 8 7 9 3 9 4 9 5 9 6 9 7 10 3 10 4 10 5 10 6 10 7 11 3 11 4 11 5 11 6 11 7
q 36 2 5 2 6 2 7 2 8 2 9 2 10 2 11 2 12 2 13 3 5 3 6 3 7 3 8 3 9 3 10 3 11 3 12 3 13 4 5 4 6 4 7 4 8 4 9 4 10 4 11 4 12 4 13 5 5 5 6 5 7 5 8 5 9 5 10 5 11 5 12 5 13
q 63 3 5 3 6 3 7 3 8 3 9 3 10 3 11 3 12 3 13 4 5 4 6 4 7 4 8 4 9 4 10 4 11 4 12 4 13 5 5 5 6 5 7 5 8 5 9 5 10 5 11 5 12 5 13 6 5 6 6 6 7 6 8 6 9 6 10 6 11 6 12 6 13 7 5 7 6 7 7 7 8 7 9 7 10 7 11 7 12 7 13 8 5 8 6 8 7 8 8 8 9 8 10 8 11 8 12 8 13 9 5 9 6 9 7 9 8 9 9 9 10 9 11 9 12 9 13
q 52 8 1 8 2 8 3 8 4 8 5 8 6 8 7 8 8 8 9 8 10 8 11 8 12 8 13 9 1 9 2 9 3 9 4 9 5 9 6 9 7 9 8 9 9 9 10 9 11 9 12 9 13 10 1 10 2 10 3 10 4 10 5 10 6 10 7 10 8 10 9 10 10 10 11 10 12 10 13 11 1 11 2 11 3 11 4 11 5 11 6 11 7 11 8 11 9 11 10 11 11 11 12 11 13
q 36 3 10 3 11 3 12 3 13 4 10 4 11 4 12 4 13 5 10 5 11 5 12 5 13 6 10 6 11 6 12 6 13 7 10 7 11 7 12 7 13 8 10 8 11 8 12 8 13 9 10 9 11 9 12 9 13 10 10 10 11 10 12 10 13 11 10 11 11 11 12 11 13
q 60 3 4 3 5 3 6 3 7 3 8 4 4 4 5 4 6 4 7 4 8 5 4 5 5 5 6 5 7 5 8 6 4 6 5 6 6 6 7 6 8 7 4 7 5 7 6 7 7 7 8 8 4 8 5 8 6 8 7 8 8 9 4 9 5 9 6 9 7 9 8 10 4 10 5 10 6 10 7 10 8 11 4 11 5 11 6 11 7 11 8 12 4 12 5 12 6 12 7 12 8 13 4 13 5 13 6 13 7 13 8 14 4 14 5 14 6 14 7 14 8
q 28 2 14 2 15 3 14 3 15 4 14 4 15 5 14 5 15 6 14 6 15 7 14 7 15 8 14 8 15 9 14 9 15 10 14 10 15 11 14 11 15 12 14 12 15 13 14 13 15 14 14 14 15 15 14 15 15
q 36 2 9 2 10 2 11 2 12 3 9 3 10 3 11 3 12 4 9 4 10 4 11 4 12 5 9 5 10 5 11 5 12 6 9 6 10 6 11 6 12 7 9 7 10 7 11 7 12 8 9 8 10 8 11 8 12 9 9 9 10 9 11 9 12 10 9 10 10 10 11 10 12
q 33 0 10 0 11 0 12 1 10 1 11 1 12 2 10 2 11 2 12 3 10 3 11 3 12 4 10 4 11 4 12 5 10 5 11 5 12 6 10 6 11 6 12 7 10 7 11 7 12 8 10 8 11 8 12 9 10 9 11 9 12 10 10 10 11 10 12
q 28 4 10 4 11 4 12 4 13 5 10 5 11 5 12 5 13 6 10 6 11 6 12 6 13 7 10 7 11 7 12 7 13 8 10 8 11 8 12 8 13 9 10 9 11 9 12 9 13 10 10 10 11 10 12 10 13
q 60 1 1 1 2 1 3 1 4 2 1 2 2 2 3 2 4 3 1 3 2 3 3 3 4 4 1 4 2 4 3 4 4 5 1 5 2 5 3 5 4 6 1 6 2 6 3 6 4 7 1 7 2 7 3 7 4 8 1 8 2 8 3 8 4 9 1 9 2 9 3 9 4 10 1 10 2 10 3 10 4 11 1 11 2 11 3 11 4 12 1 12 2 12 3 12 4 13 1 13 2 13 3 13 4 14 1 14 2 14 3 14 4 15 1 15 2 15 3 15 4
q 28 11 9 11 10 11 11 11 12 11 13 11 14 11 15 12 9 12 10 12 11 12 12 12 13 12 14 12 15 13 9 13 10 13 11 13 12 13 13 13 14 13 15 14 9 14 10 14 11 14 12 14 13 14 14 14 15
q 39 1 2 1 3 1 4 2 2 2 3 2 4 3 2 3 3 3 4 4 2 4 3 4 4 5 2 5 3 5 4 6 2 6 3 6 4 7 2 7 3 7 4 8 2 8 3 8 4 9 2 9 3 9 4 10 2 10 3 10 4 11 2 11 3 11 4 12 2 12 3 12 4 13 2 13 3 13 4
q 36 3 1 3 2 3 3 4 1 4 2 4 3 5 1 5 2 5 3 6 1 6 2 6 3 7 1 7 2 7 3 8 1 8 2 8 3 9 1 9 2 9 3 10 1 10 2 10 3 11 1 11 2 11 3 12 1 12 2 12 3 13 1 13 2 13 3 14 1 14 2 14 3
q 28 11 5 11 6 11 7 11 8 11 9 11 10 11 11 12 5 12 6 12 7 12 8 12 9 12 10 12 11 13 5 13 6 13 7 13 8 13 9 13 10 13 11 14 5 14 6 14 7 14 8 14 9 14 10 14 11
q 42 2 6 2 7 2 8 2 9 2 10 2 11 3 6 3 7 3 8 3 9 3 10 3 11 4 6 4 7 4 8 4 9 4 10 4 11 5 6 5 7 5 8 5 9 5 10 5 11 6 6 6 7 6 8 6 9 6 10 6 11 7 6 7 7 7 8 7 9 7 10 7 11 8 6 8 7 8 8 8 9 8 10 8 11
q 52 1 0 1 1 1 2 1 3 1 4 1 5 1 6 1 7 1 8 1 9 1 10 1 11 1 12 2 0 2 1 2 2 2 3 2 4 2 5 2 6 2 7 2 8 2 9 2 10 2 11 2 12 3 0 3 1 3 2 3 3 3 4 3 5 3 6 3 7 3 8 3 9 3 10 3 11 3 12 4 0 4 1 4 2 4 3 4 4 4 5 4 6 4 7 4 8 4 9 4 10 4 11 4 12
q 48 0 0 0 1 0 2 0 3 0 4 0 5 0 6 0 7 1 0 1 1 1 2 1 3 1 4 1 5 1 6 1 7 2 0 2 1 2 2 2 3 2 4 2 5 2 6 2 7 3 0 3 1 3 2 3 3 3 4 3 5 3 6 3 7 4 0 4 1 4 2 4 3 4 4 4 5 4 6 4 7 5 0 5 1 5 2 5 3 5 4 5 5 5 6 5 7
q 55 5 1 5 2 5 3 5 4 5 5 5 6 5 7 5 8 5 9 5 10 5 11 6 1 6 2 6 3 6 4 6 5 6 6 6 7 6 8 6 9 6 10 6 11 7 1 7 2 7 3 7 4 7 5 7 6 7 7 7 8 7 9 7 10 7 11 8 1 8 2 8 3 8 4 8 5 8 6 8 7 8 8 8 9 8 10 8 11 9 1 9 2 9 3 9 4 9 5 9 6 9 7 9 8 9 9 9 10 9 11
q 64 8 0 8 1 8 2 8 3 8 4 8 5 8 6 8 7 8 8 8 9 8 10 8 11 8 12 8 13 8 14 8 15 9 0 9 1 9 2 9 3 9 4 9 5 9 6 9 7 9 8 9 9 9 10 9 11 9 12 9 13 9 14 9 15 10 0 10 1 10 2 10 3 10 4 10 5 10 6 10 7 10 8 10 9 10 10 10 11 10 12 10 13 10 14 10 15 11 0 11 1 11 2 11 3 11 4 11 5 11 6 11 7 11 8 11 9 11 10 11 11 11 12 11 13 11 14 11 15
q 48 2 4 2 5 2 6 2 7 2 8 2 9 2 10 2 11 2 12 2 13 2 14 2 15 3 4 3 5 3 6 3 7 3 8 3 9 3 10 3 11 3 12 3 13 3 14 3 15 4 4 4 5 4 6 4 7 4 8 4 9 4 10 4 11 4 12 4 13 4 14 4 15 5 4 5 5 5 6 5 7 5 8 5 9 5 10 5 11 5 12 5 13 5 14 5 15
q 45 1 11 1 12 1 13 2 11 2 12 2 13 3 11 3 12 3 13 4 11 4 12 4 13 5 11 5 12 5 13 6 11 6 12 6 13 7 11 7 12 7 13 8 11 8 12 8 13 9 11 9 12 9 13 10 11 10 12 10 13 11 11 11 12 11 13 12 11 12 12 12 13 13 11 13 12 13 13 14 11 14 12 14 13 15 11 15 12 15 13
q 30 10 8 10 9 10 10 10 11 10 12 11 8 11 9 11 10 11 11 11 12 12 8 12 9 12 10 12 11 12 12 13 8 13 9 13 10 13 11 13 12 14 8 14 9 14 10 14 11 14 12 15 8 15 9 15 10 15 11 15 12
q 50 3 3 3 4 3 5 3 6 3 7 4 3 4 4 4 5 4 6 4 7 5 3 5 4 5 5 5 6 5 7 6 3 6 4 6 5 6 6 6 7 7 3 7 4 7 5 7 6 7 7 8 3 8 4 8 5 8 6 8 7 9 3 9 4 9 5 9 6 9 7 10 3 10 4 10 5 10 6 10 7 11 3 11 4 11 5 11 6 11 7 12 3 12 4 12 5 12 6 12 7
q 40 1 1 1 2 1 3 1 4 1 5 1 6 1 7 1 8 2 1 2 2 2 3 2 4 2 5 2 6 2 7 2 8 3 1 3 2 3 3 3 4 3 5 3 6 3 7 3 8 4 1 4 2 4 3 4 4 4 5 4 6 4 7 4 8 5 1 5 2 5 3 5 4 5 5 5 6 5 7 5 8
q 52 10 2 10 3 10 4 10 5 10 6 10 7 10 8 10 9 10 10 10 11 10 12 10 13 10 14 11 2 11 3 11 4 11 5 11 6 11 7 11 8 11 9 11 10 11 11 11 12 11 13 11 14 12 2 12 3 12 4 12 5 12 6 12 7 12 8 12 9 12 10 12 11 12 12 12 13 12 14 13 2 13 3 13 4 13 5 13 6 13 7 13 8 13 9 13 10 13 11 13 12 13 13 13 14
q 30 4 11 4 12 4 13 5 11 5 12 5 13 6 11 6 12 6 13 7 11 7 12 7 13 8 11 8 12 8 13 9 11 9 12 9 13 10 11 10 12 10 13 11 11 11 12 11 13 12 11 12 12 12 13 13 11 13 12 13 13
q 40 4 4 4 5 4 6 4 7 4 8 4 9 4 10 4 11 5 4 5 5 5 6 5 7 5 8 5 9 5 10 5 11 6 4 6 5 6 6 6 7 6 8 6 9 6 10 6 11 7 4 7 5 7 6 7 7 7 8 7 9 7 10 7 11 8 4 8 5 8 6 8 7 8 8 8 9 8 10 8 11
q 30 0 14 0 15 1 14 1 15 2 14 2 15 3 14 3 15 4 14 4 15 5 14 5 15 6 14 6 15 7 14 7 15 8 14 8 15 9 14 9 15 10 14 10 15 11 14 11 15 12 14 12 15 13 14 13 15 14 14 14 15
q 32 6 10 6 11 6 12 6 13 7 10 7 11 7 12 7 13 8 10 8 11 8 12 8 13 9 10 9 11 9 12 9 13 10 10 10 11 10 12 10 13 11 10 11 11 11 12 11 13 12 10 12 11 12 12 12 13 13 10 13 11 13 12 13 13
q 42 3 9 3 10 3 11 3 12 3 13 3 14 4 9 4 10 4 11 4 12 4 13 4 14 5 9 5 10 5 11 5 12 5 13 5 14 6 9 6 10 6 11 6 12 6 13 6 14 7 9 7 10 7 11 7 12 7 13 7 14 8 9 8 10 8 11 8 12 8 13 8 14 9 9 9 10 9 11 9 12 9 13 9 14
q 48 1 6 1 7 1 8 1 9 1 10 1 11 2 6 2 7 2 8 2 9 2 10 2 11 3 6 3 7 3 8 3 9 3 10 3 11 4 6 4 7 4 8 4 9 4 10 4 11 5 6 5 7 5 8 5 9 5 10 5 11 6 6 6 7 6 8 6 9 6 10 6 11 7 6 7 7 7 8 7 9 7 10 7 11 8 6 8 7 8 8 8 9 8 10 8 11
q 35 7 2 7 3 7 4 7 5 7 6 7 7 7 8 8 2 8 3 8 4 8 5 8 6 8 7 8 8 9 2 9 3 9 4 9 5 9 6 9 7 9 8 10 2 10 3 10 4 10 5 10 6 10 7 10 8 11 2 11 3 11 4 11 5 11 6 11 7 11 8
q 32 6 9 6 10 6 11 6 12 7 9 7 10 7 11 7 12 8 9 8 10 8 11 8 12 9 9 9 10 9 11 9 12 10 9 10 10 10 11 10 12 11 9 11 10 11 11 11 12 12 9 12 10 12 11 12 12 13 9 13 10 13 11 13 12
q 30 1 9 1 10 1 11 1 12 1 13 2 9 2 10 2 11 2 12 2 13 3 9 3 10 3 11 3 12 3 13 4 9 4 10 4 11 4 12 4 13 5 9 5 10 5 11 5 12 5 13 6 9 6 10 6 11 6 12 6 13
q 42 1 8 1 9 1 10 2 8 2 9 2 10 3 8 3 9 3 10 4 8 4 9 4 10 5 8 5 9 5 10 6 8 6 9 6 10 7 8 7 9 7 10 8 8 8 9 8 10 9 8 9 9 9 10 10 8 10 9 10 10 11 8 11 9 11 10 12 8 12 9 12 10 13 8 13 9 13 10 14 8 14 9 14 10
q 40 3 10 3 11 3 12 3 13 4 10 4 11 4 12 4 13 5 10 5 11 5 12 5 13 6 10 6 11 6 12 6 13 7 10 7 11 7 12 7 13 8 10 8 11 8 12 8 13 9 10 9 11 9 12 9 13 10 10 10 11 10 12 10 13 11 10 11 11 11 12 11 13 12 10 12 11 12 12 12 13
q 42 5 0 5 1 5 2 5 3 5 4 5 5 5 6 6 0 6 1 6 2 6 3 6 4 6 5 6 6 7 0 7 1 7 2 7 3 7 4 7 5 7 6 8 0 8 1 8 2 8 3 8 4 8 5 8 6 9 0 9 1 9 2 9 3 9 4 9 5 9 6 10 0 10 1 10 2 10 3 10 4 10 5 10 6
q 56 5 1 5 2 5 3 5 4 5 5 5 6 5 7 5 8 5 9 5 10 5 11 5 12 5 13 5 14 6 1 6 2 6 3 6 4 6 5 6 6 6 7 6 8 6 9 6 10 6 11 6 12 6 13 6 14 7 1 7 2 7 3 7 4 7 5 7 6 7 7 7 8 7 9 7 10 7 11 7 12 7 13 7 14 8 1 8 2 8 3 8 4 8 5 8 6 8 7 8 8 8 9 8 10 8 11 8 12 8 13 8 14
q 50 8 3 8 4 8 5 8 6 8 7 8 8 8 9 8 10 8 11 8 12 9 3 9 4 9 5 9 6 9 7 9 8 9 9 9 10 9 11 9 12 10 3 10 4 10 5 10 6 10 7 10 8 10 9 10 10 10 11 10 12 11 3 11 4 11 5 11 6 11 7 11 8 11 9 11 10 11 11 11 12 12 3 12 4 12 5 12 6 12 7 12 8 12 9 12 10 12 11 12 12
q 26 2 7 2 8 3 7 3 8 4 7 4 8 5 7 5 8 6 7 6 8 7 7 7 8 8 7 8 8 9 7 9 8 10 7 10 8 11 7 11 8 12 7 12 8 13 7 13 8 14 7 14 8
q 56 5 8 5 9 5 10 5 11 5 12 5 13 5 14 6 8 6 9 6 10 6 11 6 12 6 13 6 14 7 8 7 9 7 10 7 11 7 12 7 13 7 14 8 8 8 9 8 10 8 11 8 12 8 13 8 14 9 8 9 9 9 10 9 11 9 12 9 13 9 14 10 8 10 9 10 10 10 11 10 12 10 13 10 14 11 8 11 9 11 10 11 11 11 12 11 13 11 14 12 8 12 9 12 10 12 11 12 12 12 13 12 14
q 44 5 12 5 13 5 14 5 15 6 12 6 13 6 14 6 15 7 12 7 13 7 14 7 15 8 12 8 13 8 14 8 15 9 12 9 13 9 14 9 15 10 12 10 13 10 14 10 15 11 12 11 13 11 14 11 15 12 12 12 13 12 14 12 15 13 12 13 13 13 14 13 15 14 12 14 13 14 14 14 15 15 12 15 13 15 14 15 15
q 52 1 8 1 9 1 10 1 11 2 8 2 9 2 10 2 11 3 8 3 9 3 10 3 11 4 8 4 9 4 10 4 11 5 8 5 9 5 10 5 11 6 8 6 9 6 10 6 11 7 8 7 9 7 10 7 11 8 8 8 9 8 10 8 11 9 8 9 9 9 10 9 11 10 8 10 9 10 10 10 11 11 8 11 9 11 10 11 11 12 8 12 9 12 10 12 11 13 8 13 9 13 10 13 11
q 48 5 1 5 2 5 3 5 4 5 5 5 6 5 7 5 8 6 1 6 2 6 3 6 4 6 5 6 6 6 7 6 8 7 1 7 2 7 3 7 4 7 5 7 6 7 7 7 8 8 1 8 2 8 3 8 4 8 5 8 6 8 7 8 8 9 1 9 2 9 3 9 4 9 5 9 6 9 7 9 8 10 1 10 2 10 3 10 4 10 5 10 6 10 7 10 8
q 39 3 1 3 2 3 3 4 1 4 2 4 3 5 1 5 2 5 3 6 1 6 2 6 3 7 1 7 2 7 3 8 1 8 2 8 3 9 1 9 2 9 3 10 1 10 2 10 3 11 1 11 2 11 3 12 1 12 2 12 3 13 1 13 2 13 3 14 1 14 2 14 3 15 1 15 2 15 3
q 56 1 9 1 10 1 11 1 12 2 9 2 10 2 11 2 12 3 9 3 10 3 11 3 12 4 9 4 10 4 11 4 12 5 9 5 10 5 11 5 12 6 9 6 10 6 11 6 12 7 9 7 10 7 11 7 12 8 9 8 10 8 11 8 12 9 9 9 10 9 11 9 12 10 9 10 10 10 11 10 12 11 9 11 10 11 11 11 12 12 9 12 10 12 11 12 12 13 9 13 10 13 11 13 12 14 9 14 10 14 11 14 12
q 48 1 3 1 4 1 5 1 6 1 7 1 8 1 9 1 10 2 3 2 4 2 5 2 6 2 7 2 8 2 9 2 10 3 3 3 4 3 5 3 6 3 7 3 8 3 9 3 10 4 3 4 4 4 5 4 6 4 7 4 8 4 9 4 10 5 3 5 4 5 5 5 6 5 7 5 8 5 9 5 10 6 3 6 4 6 5 6 6 6 7 6 8 6 9 6 10
q 52 9 1 9 2 9 3 9 4 9 5 9 6 9 7 9 8 9 9 9 10 9 11 9 12 9 13 10 1 10 2 10 3 10 4 10 5 10 6 10 7 10 8 10 9 10 10 10 11 10 12 10 13 11 1 11 2 11 3 11 4 11 5 11 6 11 7 11 8 11 9 11 10 11 11 11 12 11 13 12 1 12 2 12 3 12 4 12 5 12 6 12 7 12 8 12 9 12 10 12 11 12 12 12 13
q 56 1 1 1 2 1 3 1 4 2 1 2 2 2 3 2 4 3 1 3 2 3 3 3 4 4 1 4 2 4 3 4 4 5 1 5 2 5 3 5 4 6 1 6 2 6 3 6 4 7 1 7 2 7 3 7 4 8 1 8 2 8 3 8 4 9 1 9 2 9 3 9 4 10 1 10 2 10 3 10 4 11 1 11 2 11 3 11 4 12 1 12 2 12 3 12 4 13 1 13 2 13 3 13 4 14 1 14 2 14 3 14 4
q 50 6 2 6 3 6 4 6 5 6 6 6 7 6 8 6 9 6 10 6 11 7 2 7 3 7 4 7 5 7 6 7 7 7 8 7 9 7 10 7 11 8 2 8 3 8 4 8 5 8 6 8 7 8 8 8 9 8 10 8 11 9 2 9 3 9 4 9 5 9 6 9 7 9 8 9 9 9 10 9 11 10 2 10 3 10 4 10 5 10 6 10 7 10 8 10 9 10 10 10 11
q 30 2 4 2 5 2 6 2 7 2 8 3 4 3 5 3 6 3 7 3 8 4 4 4 5 4 6 4 7 4 8 5 4 5 5 5 6 5 7 5 8 6 4 6 5 6 6 6 7 6 8 7 4 7 5 7 6 7 7 7 8
q 56 4 5 4 6 4 7 4 8 4 9 4 10 4 11 4 12 5 5 5 6 5 7 5 8 5 9 5 10 5 11 5 12 6 5 6 6 6 7 6 8 6 9 6 10 6 11 6 12 7 5 7 6 7 7 7 8 7 9 7 10 7 11 7 12 8 5 8 6 8 7 8 8 8 9 8 10 8 11 8 12 9 5 9 6 9 7 9 8 9 9 9 10 9 11 9 12 10 5 10 6 10 7 10 8 10 9 10 10 10 11 10 12
q 33 1 7 1 8 1 9 2 7 2 8 2 9 3 7 3 8 3 9 4 7 4 8 4 9 5 7 5 8 5 9 6 7 6 8 6 9 7 7 7 8 7 9 8 7 8 8 8 9 9 7 9 8 9 9 10 7 10 8 10 9 11 7 11 8 11 9
q 60 4 6 4 7 4 8 4 9 4 10 4 11 4 12 4 13 4 14 4 15 5 6 5 7 5 8 5 9 5 10 5 11 5 12 5 13 5 14 5 15 6 6 6 7 6 8 6 9 6 10 6 11 6 12 6 13 6 14 6 15 7 6 7 7 7 8 7 9 7 10 7 11 7 12 7 13 7 14 7 15 8 6 8 7 8 8 8 9 8 10 8 11 8 12 8 13 8 14 8 15 9 6 9 7 9 8 9 9 9 10 9 11 9 12 9 13 9 14 9 15
q 32 6 4 6 5 6 6 6 7 7 4 7 5 7 6 7 7 8 4 8 5 8 6 8 7 9 4 9 5 9 6 9 7 10 4 10 5 10 6 10 7 11 4 11 5 11 6 11 7 12 4 12 5 12 6 12 7 13 4 13 5 13 6 13 7
q 42 2 8 2 9 2 10 3 8 3 9 3 10 4 8 4 9 4 10 5 8 5 9 5 10 6 8 6 9 6 10 7 8 7 9 7 10 8 8 8 9 8 10 9 8 9 9 9 10 10 8 10 9 10 10 11 8 11 9 11 10 12 8 12 9 12 10 13 8 13 9 13 10 14 8 14 9 14 10 15 8 15 9 15 10
q 48 0 7 0 8 0 9 0 10 0 11 0 12 1 7 1 8 1 9 1 10 1 11 1 12 2 7 2 8 2 9 2 10 2 11 2 12 3 7 3 8 3 9 3 10 3 11 3 12 4 7 4 8 4 9 4 10 4 11 4 12 5 7 5 8 5 9 5 10 5 11 5 12 6 7 6 8 6 9 6 10 6 11 6 12 7 7 7 8 7 9 7 10 7 11 7 12
q 30 11 0 11 1 11 2 11 3 11 4 11 5 11 6 11 7 11 8 11 9 11 10 11 11 11 12 11 13 11 14 12 0 12 1 12 2 12 3 12 4 12 5 12 6 12 7 12 8 12 9 12 10 12 11 12 12 12 13 12 14
q 40 5 5 5 6 5 7 5 8 5 9 5 10 5 11 5 12 5 13 5 14 6 5 6 6 6 7 6 8 6 9 6 10 6 11 6 12 6 13 6 14 7 5 7 6 7 7 7 8 7 9 7 10 7 11 7 12 7 13 7 14 8 5 8 6 8 7 8 8 8 9 8 10 8 11 8 12 8 13 8 14
q 28 10 1 10 2 10 3 10 4 10 5 10 6 10 7 10 8 10 9 10 10 10 11 10 12 10 13 10 14 11 1 11 2 11 3 11 4 11 5 11 6 11 7 11 8 11 9 11 10 11 11 11 12 11 13 11 14
q 56 9 0 9 1 9 2 9 3 9 4 9 5 9 6 9 7 9 8 9 9 9 10 9 11 9 12 9 13 10 0 10 1 10 2 10 3 10 4 10 5 10 6 10 7 10 8 10 9 10 10 10 11 10 12 10 13 11 0 11 1 11 2 11 3 11 4 11 5 11 6 11 7 11 8 11 9 11 10 11 11 11 12 11 13 12 0 12 1 12 2 12 3 12 4 12 5 12 6 12 7 12 8 12 9 12 10 12 11 12 12 12 13
q 36 4 0 4 1 4 2 5 0 5 1 5 2 6 0 6 1 6 2 7 0 7 1 7 2 8 0 8 1 8 2 9 0 9 1 9 2 10 0 10 1 10 2 11 0 11 1 11 2 12 0 12 1 12 2 13 0 13 1 13 2 14 0 14 1 14 2 15 0 15 1 15 2
q 36 6 5 6 6 6 7 6 8 6 9 6 10 6 11 6 12 6 13 7 5 7 6 7 7 7 8 7 9 7 10 7 11 7 12 7 13 8 5 8 6 8 7 8 8 8 9 8 10 8 11 8 12 8 13 9 5 9 6 9 7 9 8 9 9 9 10 9 11 9 12 9 13
q 48 0 11 0 12 0 13 1 11 1 12 1 13 2 11 2 12 2 13 3 11 3 12 3 13 4 11 4 12 4 13 5 11 5 12 5 13 6 11 6 12 6 13 7 11 7 12 7 13 8 11 8 12 8 13 9 11 9 12 9 13 10 11 10 12 10 13 11 11 11 12 11 13 12 11 12 12 12 13 13 11 13 12 13 13 14 11 14 12 14 13 15 11 15 12 15 13
q 35 0 8 0 9 0 10 0 11 0 12 0 13 0 14 1 8 1 9 1 10 1 11 1 12 1 13 1 14 2 8 2 9 2 10 2 11 2 12 2 13 2 14 3 8 3 9 3 10 3 11 3 12 3 13 3 14 4 8 4 9 4 10 4 11 4 12 4 13 4 14
q 36 2 0 2 1 2 2 2 3 2 4 2 5 3 0 3 1 3 2 3 3 3 4 3 5 4 0 4 1 4 2 4 3 4 4 4 5 5 0 5 1 5 2 5 3 5 4 5 5 6 0 6 1 6 2 6 3 6 4 6 5 7 0 7 1 7 2 7 3 7 4 7 5
q 36 5 2 5 3 5 4 5 5 5 6 5 7 5 8 5 9 5 10 6 2 6 3 6 4 6 5 6 6 6 7 6 8 6 9 6 10 7 2 7 3 7 4 7 5 7 6 7 7 7 8 7 9 7 10 8 2 8 3 8 4 8 5 8 6 8 7 8 8 8 9 8 10
q 32 10 0 10 1 10 2 10 3 10 4 10 5 10 6 10 7 10 8 10 9 10 10 10 11 10 12 10 13 10 14 10 15 11 0 11 1 11 2 11 3 11 4 11 5 11 6 11 7 11 8 11 9 11 10 11 11 11 12 11 13 11 14 11 15
q 32 5 0 5 1 5 2 5 3 5 4 5 5 5 6 5 7 5 8 5 9 5 10 5 11 5 12 5 13 5 14 5 15 6 0 6 1 6 2 6 3 6 4 6 5 6 6 6 7 6 8 6 9 6 10 6 11 6 12 6 13 6 14 6 15
q 32 9 0 9 1 9 2 9 3 9 4 9 5 9 6 9 7 9 8 9 9 9 10 9 11 9 12 9 13 9 14 9 15 10 0 10 1 10 2 10 3 10 4 10 5 10 6 10 7 10 8 10 9 10 10 10 11 10 12 10 13 10 14 10 15
q 44 9 3 9 4 9 5 9 6 9 7 9 8 9 9 9 10 9 11 9 12 9 13 10 3 10 4 10 5 10 6 10 7 10 8 10 9 10 10 10 11 10 12 10 13 11 3 11 4 11 5 11 6 11 7 11 8 11 9 11 10 11 11 11 12 11 13 12 3 12 4 12 5 12 6 12 7 12 8 12 9 12 10 12 11 12 12 12 13
q 27 7 2 7 3 7 4 8 2 8 3 8 4 9 2 9 3 9 4 10 2 10 3 10 4 11 2 11 3 11 4 12 2 12 3 12 4 13 2 13 3 13 4 14 2 14 3 14 4 15 2 15 3 15 4
q 33 9 4 9 5 9 6 9 7 9 8 9 9 9 10 9 11 9 12 9 13 9 14 10 4 10 5 10 6 10 7 10 8 10 9 10 10 10 11 10 12 10 13 10 14 11 4 11 5 11 6 11 7 11 8 11 9 11 10 11 11 11 12 11 13 11 14
q 30 2 1 2 2 2 3 3 1 3 2 3 3 4 1 4 2 4 3 5 1 5 2 5 3 6 1 6 2 6 3 7 1 7 2 7 3 8 1 8 2 8 3 9 1 9 2 9 3 10 1 10 2 10 3 11 1 11 2 11 3
q 25 10 0 10 1 10 2 10 3 10 4 11 0 11 1 11 2 11 3 11 4 12 0 12 1 12 2 12 3 12 4 13 0 13 1 13 2 13 3 13 4 14 0 14 1 14 2 14 3 14 4
q 28 9 2 9 3 9 4 9 5 9 6 9 7 9 8 9 9 9 10 9 11 9 12 9 13 9 14 9 15 10 2 10 3 10 4 10 5 10 6 10 7 10 8 10 9 10 10 10 11 10 12 10 13 10 14 10 15
q 45 0 1 0 2 0 3 1 1 1 2 1 3 2 1 2 2 2 3 3 1 3 2 3 3 4 1 4 2 4 3 5 1 5 2 5 3 6 1 6 2 6 3 7 1 7 2 7 3 8 1 8 2 8 3 9 1 9 2 9 3 10 1 10 2 10 3 11 1 11 2 11 3 12 1 12 2 12 3 13 1 13 2 13 3 14 1 14 2 14 3
q 52 1 3 1 4 1 5 1 6 2 3 2 4 2 5 2 6 3 3 3 4 3 5 3 6 4 3 4 4 4 5 4 6 5 3 5 4 5 5 5 6 6 3 6 4 6 5 6 6 7 3 7 4 7 5 7 6 8 3 8 4 8 5 8 6 9 3 9 4 9 5 9 6 10 3 10 4 10 5 10 6 11 3 11 4 11 5 11 6 12 3 12 4 12 5 12 6 13 3 13 4 13 5 13 6
q 35 8 4 8 5 8 6 8 7 8 8 8 9 8 10 9 4 9 5 9 6 9 7 9 8 9 9 9 10 10 4 10 5 10 6 10 7 10 8 10 9 10 10 11 4 11 5 11 6 11 7 11 8 11 9 11 10 12 4 12 5 12 6 12 7 12 8 12 9 12 10
q 42 8 2 8 3 8 4 8 5 8 6 8 7 8 8 8 9 8 10 8 11 8 12 8 13 8 14 8 15 9 2 9 3 9 4 9 5 9 6 9 7 9 8 9 9 9 10 9 11 9 12 9 13 9 14 9 15 10 2 10 3 10 4 10 5 10 6 10 7 10 8 10 9 10 10 10 11 10 12 10 13 10 14 10 15
q 30 7 3 7 4 7 5 7 6 7 7 7 8 7 9 7 10 7 11 7 12 8 3 8 4 8 5 8 6 8 7 8 8 8 9 8 10 8 11 8 12 9 3 9 4 9 5 9 6 9 7 9 8 9 9 9 10 9 11 9 12
q 40 4 8 4 9 4 10 4 11 4 12 5 8 5 9 5 10 5 11 5 12 6 8 6 9 6 10 6 11 6 12 7 8 7 9 7 10 7 11 7 12 8 8 8 9 8 10 8 11 8 12 9 8 9 9 9 10 9 11 9 12 10 8 10 9 10 10 10 11 10 12 11 8 11 9 11 10 11 11 11 12
q 48 11 0 11 1 11 2 11 3 11 4 11 5 11 6 11 7 11 8 11 9 11 10 11 11 11 12 11 13 11 14 11 15 12 0 12 1 12 2 12 3 12 4 12 5 12 6 12 7 12 8 12 9 12 10 12 11 12 12 12 13 12 14 12 15 13 0 13 1 13 2 13 3 13 4 13 5 13 6 13 7 13 8 13 9 13 10 13 11 13 12 13 13 13 14 13 15
q 28 4 3 4 4 4 5 4 6 4 7 4 8 4 9 5 3 5 4 5 5 5 6 5 7 5 8 5 9 6 3 6 4 6 5 6 6 6 7 6 8 6 9 7 3 7 4 7 5 7 6 7 7 7 8 7 9
q 36 0 2 0 3 0 4 0 5 0 6 0 7 0 8 0 9 0 10 1 2 1 3 1 4 1 5 1 6 1 7 1 8 1 9 1 10 2 2 2 3 2 4 2 5 2 6 2 7 2 8 2 9 2 10 3 2 3 3 3 4 3 5 3 6 3 7 3 8 3 9 3 10
q 30 3 6 3 7 3 8 3 9 3 10 4 6 4 7 4 8 4 9 4 10 5 6 5 7 5 8 5 9 5 10 6 6 6 7 6 8 6 9 6 10 7 6 7 7 7 8 7 9 7 10 8 6 8 7 8 8 8 9 8 10
q 36 3 2 3 3 3 4 3 5 3 6 3 7 3 8 3 9 3 10 4 2 4 3 4 4 4 5 4 6 4 7 4 8 4 9 4 10 5 2 5 3 5 4 5 5 5 6 5 7 5 8 5 9 5 10 6 2 6 3 6 4 6 5 6 6 6 7 6 8 6 9 6 10
q 45 1 9 1 10 1 11 2 9 2 10 2 11 3 9 3 10 3 11 4 9 4 10 4 11 5 9 5 10 5 11 6 9 6 10 6 11 7 9 7 10 7 11 8 9 8 10 8 11 9 9 9 10 9 11 10 9 10 10 10 11 11 9 11 10 11 11 12 9 12 10 12 11 13 9 13 10 13 11 14 9 14 10 14 11 15 9 15 10 15 11
q 32 2 8 2 9 2 10 2 11 3 8 3 9 3 10 3 11 4 8 4 9 4 10 4 11 5 8 5 9 5 10 5 11 6 8 6 9 6 10 6 11 7 8 7 9 7 10 7 11 8 8 8 9 8 10 8 11 9 8 9 9 9 10 9 11
q 40 1 0 1 1 1 2 1 3 1 4 1 5 1 6 1 7 2 0 2 1 2 2 2 3 2 4 2 5 2 6 2 7 3 0 3 1 3 2 3 3 3 4 3 5 3 6 3 7 4 0 4 1 4 2 4 3 4 4 4 5 4 6 4 7 5 0 5 1 5 2 5 3 5 4 5 5 5 6 5 7
q 32 0 8 0 9 1 8 1 9 2 8 2 9 3 8 3 9 4 8 4 9 5 8 5 9 6 8 6 9 7 8 7 9 8 8 8 9 9 8 9 9 10 8 10 9 11 8 11 9 12 8 12 9 13 8 13 9 14 8 14 9 15 8 15 9
q 48 8 3 8 4 8 5 8 6 8 7 8 8 8 9 8 10 8 11 8 12 8 13 8 14 9 3 9 4 9 5 9 6 9 7 9 8 9 9 9 10 9 11 9 12 9 13 9 14 10 3 10 4 10 5 10 6 10 7 10 8 10 9 10 10 10 11 10 12 10 13 10 14 11 3 11 4 11 5 11 6 11 7 11 8 11 9 11 10 11 11 11 12 11 13 11 14
q 45 9 1 9 2 9 3 9 4 9 5 9 6 9 7 9 8 9 9 9 10 9 11 9 12 9 13 9 14 9 15 10 1 10 2 10 3 10 4 10 5 10 6 10 7 10 8 10 9 10 10 10 11 10 12 10 13 10 14 10 15 11 1 11 2 11 3 11 4 11 5 11 6 11 7 11 8 11 9 11 10 11 11 11 12 11 13 11 14 11 15
q 56 0 8 0 9 0 10 0 11 0 12 0 13 0 14 1 8 1 9 1 10 1 11 1 12 1 13 1 14 2 8 2 9 2 10 2 11 2 12 2 13 2 14 3 8 3 9 3 10 3 11 3 12 3 13 3 14 4 8 4 9 4 10 4 11 4 12 4 13 4 14 5 8 5 9 5 10 5 11 5 12 5 13 5 14 6 8 6 9 6 10 6 11 6 12 6 13 6 14 7 8 7 9 7 10 7 11 7 12 7 13 7 14
q 30 13 5 13 6 13 7 13 8 13 9 13 10 13 11 13 12 13 13 13 14 14 5 14 6 14 7 14 8 14 9 14 10 14 11 14 12 14 13 14 14 15 5 15 6 15 7 15 8 15 9 15 10 15 11 15 12 15 13 15 14
q 45 0 1 0 2 0 3 0 4 0 5 1 1 1 2 1 3 1 4 1 5 2 1 2 2 2 3 2 4 2 5 3 1 3 2 3 3 3 4 3 5 4 1 4 2 4 3 4 4 4 5 5 1 5 2 5 3 5 4 5 5 6 1 6 2 6 3 6 4 6 5 7 1 7 2 7 3 7 4 7 5 8 1 8 2 8 3 8 4 8 5
q 60 0 9 0 10 0 11 0 12 0 13 0 14 1 9 1 10 1 11 1 12 1 13 1 14 2 9 2 10 2 11 2 12 2 13 2 14 3 9 3 10 3 11 3 12 3 13 3 14 4 9 4 10 4 11 4 12 4 13 4 14 5 9 5 10 5 11 5 12 5 13 5 14 6 9 6 10 6 11 6 12 6 13 6 14 7 9 7 10 7 11 7 12 7 13 7 14 8 9 8 10 8 11 8 12 8 13 8 14 9 9 9 10 9 11 9 12 9 13 9 14
q 40 4 9 4 10 4 11 4 12 5 9 5 10 5 11 5 12 6 9 6 10 6 11 6 12 7 9 7 10 7 11 7 12 8 9 8 10 8 11 8 12 9 9 9 10 9 11 9 12 10 9 10 10 10 11 10 12 11 9 11 10 11 11 11 12 12 9 12 10 12 11 12 12 13 9 13 10 13 11 13 12
q 30 1 0 1 1 1 2 1 3 1 4 1 5 1 6 1 7 1 8 1 9 1 10 1 11 1 12 1 13 1 14 2 0 2 1 2 2 2 3 2 4 2 5 2 6 2 7 2 8 2 9 2 10 2 11 2 12 2 13 2 14
q 30 2 5 2 6 2 7 2 8 2 9 3 5 3 6 3 7 3 8 3 9 4 5 4 6 4 7 4 8 4 9 5 5 5 6 5 7 5 8 5 9 6 5 6 6 6 7 6 8 6 9 7 5 7 6 7 7 7 8 7 9
q 45 5 6 5 7 5 8 5 9 5 10 6 6 6 7 6 8 6 9 6 10 7 6 7 7 7 8 7 9 7 10 8 6 8 7 8 8 8 9 8 10 9 6 9 7 9 8 9 9 9 10 10 6 10 7 10 8 10 9 10 10 11 6 11 7 11 8 11 9 11 10 12 6 12 7 12 8 12 9 12 10 13 6 13 7 13 8 13 9 13 10
q 28 9 2 9 3 9 4 9 5 9 6 9 7 9 8 9 9 9 10 9 11 9 12 9 13 9 14 9 15 10 2 10 3 10 4 10 5 10 6 10 7 10 8 10 9 10 10 10 11 10 12 10 13 10 14 10 15
q 52 12 2 12 3 12 4 12 5 12 6 12 7 12 8 12 9 12 10 12 11 12 12 12 13 12 14 13 2 13 3 13 4 13 5 13 6 13 7 13 8 13 9 13 10 13 11 13 12 13 13 13 14 14 2 14 3 14 4 14 5 14 6 14 7 14 8 14 9 14 10 14 11 14 12 14 13 14 14 15 2 15 3 15 4 15 5 15 6 15 7 15 8 15 9 15 10 15 11 15 12 15 13 15 14
q 52 4 3 4 4 4 5 4 6 4 7 4 8 4 9 4 10 4 11 4 12 4 13 4 14 4 15 5 3 5 4 5 5 5 6 5 7 5 8 5 9 5 10 5 11 5 12 5 13 5 14 5 15 6 3 6 4 6 5 6 6 6 7 6 8 6 9 6 10 6 11 6 12 6 13 6 14 6 15 7 3 7 4 7 5 7 6 7 7 7 8 7 9 7 10 7 11 7 12 7 13 7 14 7 15
q 56 7 4 7 5 7 6 7 7 7 8 7 9 7 10 7 11 8 4 8 5 8 6 8 7 8 8 8 9 8 10 8 11 9 4 9 5 9 6 9 7 9 8 9 9 9 10 9 11 10 4 10 5 10 6 10 7 10 8 10 9 10 10 10 11 11 4 11 5 11 6 11 7 11 8 11 9 11 10 11 11 12 4 12 5 12 6 12 7 12 8 12 9 12 10 12 11 13 4 13 5 13 6 13 7 13 8 13 9 13 10 13 11
q 28 0 10 0 11 1 10 1 11 2 10 2 11 3 10 3 11 4 10 4 11 5 10 5 11 6 10 6 11 7 10 7 11 8 10 8 11 9 10 9 11 10 10 10 11 11 10 11 11 12 10 12 11 13 10 13 11
q 55 5 6 5 7 5 8 5 9 5 10 6 6 6 7 6 8 6 9 6 10 7 6 7 7 7 8 7 9 7 10 8 6 8 7 8 8 8 9 8 10 9 6 9 7 9 8 9 9 9 10 10 6 10 7 10 8 10 9 10 10 11 6 11 7 11 8 11 9 11 10 12 6 12 7 12 8 12 9 12 10 13 6 13 7 13 8 13 9 13 10 14 6 14 7 14 8 14 9 14 10 15 6 15 7 15 8 15 9 15 10
q 63 9 4 9 5 9 6 9 7 9 8 9 9 9 10 9 11 9 12 10 4 10 5 10 6 10 7 10 8 10 9 10 10 10 11 10 12 11 4 11 5 11 6 11 7 11 8 11 9 11 10 11 11 11 12 12 4 12 5 12 6 12 7 12 8 12 9 12 10 12 11 12 12 13 4 13 5 13 6 13 7 13 8 13 9 13 10 13 11 13 12 14 4 14 5 14 6 14 7 14 8 14 9 14 10 14 11 14 12 15 4 15 5 15 6 15 7 15 8 15 9 15 10 15 11 15 12
q 30 1 2 1 3 2 2 2 3 3 2 3 3 4 2 4 3 5 2 5 3 6 2 6 3 7 2 7 3 8 2 8 3 9 2 9 3 10 2 10 3 11 2 11 3 12 2 12 3 13 2 13 3 14 2 14 3 15 2 15 3
q 32 0 0 0 1 1 0 1 1 2 0 2 1 3 0 3 1 4 0 4 1 5 0 5 1 6 0 6 1 7 0 7 1 8 0 8 1 9 0 9 1 10 0 10 1 11 0 11 1 12 0 12 1 13 0 13 1 14 0 14 1 15 0 15 1
q 30 0 1 0 2 0 3 0 4 0 5 0 6 1 1 1 2 1 3 1 4 1 5 1 6 2 1 2 2 2 3 2 4 2 5 2 6 3 1 3 2 3 3 3 4 3 5 3 6 4 1 4 2 4 3 4 4 4 5 4 6
q 44 9 0 9 1 9 2 9 3 9 4 9 5 9 6 9 7 9 8 9 9 9 10 10 0 10 1 10 2 10 3 10 4 10 5 10 6 10 7 10 8 10 9 10 10 11 0 11 1 11 2 11 3 11 4 11 5 11 6 11 7 11 8 11 9 11 10 12 0 12 1 12 2 12 3 12 4 12 5 12 6 12 7 12 8 12 9 12 10
q 64 0 11 0 12 0 13 0 14 1 11 1 12 1 13 1 14 2 11 2 12 2 13 2 14 3 11 3 12 3 13 3 14 4 11 4 12 4 13 4 14 5 11 5 12 5 13 5 14 6 11 6 12 6 13 6 14 7 11 7 12 7 13 7 14 8 11 8 12 8 13 8 14 9 11 9 12 9 13 9 14 10 11 10 12 10 13 10 14 11 11 11 12 11 13 11 14 12 11 12 12 12 13 12 14 13 11 13 12 13 13 13 14 14 11 14 12 14 13 14 14 15 11 15 12 15 13 15 14
q 36 7 3 7 4 7 5 7 6 7 7 7 8 7 9 7 10 7 11 7 12 7 13 7 14 8 3 8 4 8 5 8 6 8 7 8 8 8 9 8 10 8 11 8 12 8 13 8 14 9 3 9 4 9 5 9 6 9 7 9 8 9 9 9 10 9 11 9 12 9 13 9 14
q 48 7 7 7 8 7 9 7 10 7 11 7 12 8 7 8 8 8 9 8 10 8 11 8 12 9 7 9 8 9 9 9 10 9 11 9 12 10 7 10 8 10 9 10 10 10 11 10 12 11 7 11 8 11 9 11 10 11 11 11 12 12 7 12 8 12 9 12 10 12 11 12 12 13 7 13 8 13 9 13 10 13 11 13 12 14 7 14 8 14 9 14 10 14 11 14 12
q 56 2 3 2 4 2 5 2 6 3 3 3 4 3 5 3 6 4 3 4 4 4 5 4 6 5 3 5 4 5 5 5 6 6 3 6 4 6 5 6 6 7 3 7 4 7 5 7 6 8 3 8 4 8 5 8 6 9 3 9 4 9 5 9 6 10 3 10 4 10 5 10 6 11 3 11 4 11 5 11 6 12 3 12 4 12 5 12 6 13 3 13 4 13 5 13 6 14 3 14 4 14 5 14 6 15 3 15 4 15 5 15 6
q 33 13 1 13 2 13 3 13 4 13 5 13 6 13 7 13 8 13 9 13 10 13 11 14 1 14 2 14 3 14 4 14 5 14 6 14 7 14 8 14 9 14 10 14 11 15 1 15 2 15 3 15 4 15 5 15 6 15 7 15 8 15 9 15 10 15 11
q 48 3 5 3 6 3 7 3 8 3 9 3 10 3 11 3 12 4 5 4 6 4 7 4 8 4 9 4 10 4 11 4 12 5 5 5 6 5 7 5 8 5 9 5 10 5 11 5 12 6 5 6 6 6 7 6 8 6 9 6 10 6 11 6 12 7 5 7 6 7 7 7 8 7 9 7 10 7 11 7 12 8 5 8 6 8 7 8 8 8 9 8 10 8 11 8 12
q 32 0 3 0 4 1 3 1 4 2 3 2 4 3 3 3 4 4 3 4 4 5 3 5 4 6 3 6 4 7 3 7 4 8 3 8 4 9 3 9 4 10 3 10 4 11 3 11 4 12 3 12 4 13 3 13 4 14 3 14 4 15 3 15 4
q 32 14 0 14 1 14 2 14 3 14 4 14 5 14 6 14 7 14 8 14 9 14 10 14 11 14 12 14 13 14 14 14 15 15 0 15 1 15 2 15 3 15 4 15 5 15 6 15 7 15 8 15 9 15 10 15 11 15 12 15 13 15 14 15 15
q 64 5 0 5 1 5 2 5 3 5 4 5 5 5 6 5 7 5 8 5 9 5 10 5 11 5 12 5 13 5 14 5 15 6 0 6 1 6 2 6 3 6 4 6 5 6 6 6 7 6 8 6 9 6 10 6 11 6 12 6 13 6 14 6 15 7 0 7 1 7 2 7 3 7 4 7 5 7 6 7 7 7 8 7 9 7 10 7 11 7 12 7 13 7 14 7 15 8 0 8 1 8 2 8 3 8 4 8 5 8 6 8 7 8 8 8 9 8 10 8 11 8 12 8 13 8 14 8 15
q 63 1 4 1 5 1 6 1 7 1 8 1 9 1 10 1 11 1 12 2 4 2 5 2 6 2 7 2 8 2 9 2 10 2 11 2 12 3 4 3 5 3 6 3 7 3 8 3 9 3 10 3 11 3 12 4 4 4 5 4 6 4 7 4 8 4 9 4 10 4 11 4 12 5 4 5 5 5 6 5 7 5 8 5 9 5 10 5 11 5 12 6 4 6 5 6 6 6 7 6 8 6 9 6 10 6 11 6 12 7 4 7 5 7 6 7 7 7 8 7 9 7 10 7 11 7 12
q 30 11 2 11 3 11 4 11 5 11 6 11 7 12 2 12 3 12 4 12 5 12 6 12 7 13 2 13 3 13 4 13 5 13 6 13 7 14 2 14 3 14 4 14 5 14 6 14 7 15 2 15 3 15 4 15 5 15 6 15 7
q 40 11 0 11 1 11 2 11 3 11 4 11 5 11 6 11 7 11 8 11 9 12 0 12 1 12 2 12 3 12 4 12 5 12 6 12 7 12 8 12 9 13 0 13 1 13 2 13 3 13 4 13 5 13 6 13 7 13 8 13 9 14 0 14 1 14 2 14 3 14 4 14 5 14 6 14 7 14 8 14 9
q 49 4 1 4 2 4 3 4 4 4 5 4 6 4 7 5 1 5 2 5 3 5 4 5 5 5 6 5 7 6 1 6 2 6 3 6 4 6 5 6 6 6 7 7 1 7 2 7 3 7 4 7 5 7 6 7 7 8 1 8 2 8 3 8 4 8 5 8 6 8 7 9 1 9 2 9 3 9 4 9 5 9 6 9 7 10 1 10 2 10 3 10 4 10 5 10 6 10 7
q 45 7 0 7 1 7 2 7 3 7 4 7 5 7 6 7 7 7 8 7 9 7 10 7 11 7 12 7 13 7 14 8 0 8 1 8 2 8 3 8 4 8 5 8 6 8 7 8 8 8 9 8 10 8 11 8 12 8 13 8 14 9 0 9 1 9 2 9 3 9 4 9 5 9 6 9 7 9 8 9 9 9 10 9 11 9 12 9 13 9 14
q 32 2 4 2 5 2 6 2 7 2 8 2 9 2 10 2 11 3 4 3 5 3 6 3 7 3 8 3 9 3 10 3 11 4 4 4 5 4 6 4 7 4 8 4 9 4 10 4 11 5 4 5 5 5 6 5 7 5 8 5 9 5 10 5 11
q 32 9 0 9 1 9 2 9 3 9 4 9 5 9 6 9 7 9 8 9 9 9 10 9 11 9 12 9 13 9 14 9 15 10 0 10 1 10 2 10 3 10 4 10 5 10 6 10 7 10 8 10 9 10 10 10 11 10 12 10 13 10 14 10 15
q 56 2 12 2 13 2 14 2 15 3 12 3 13 3 14 3 15 4 12 4 13 4 14 4 15 5 12 5 13 5 14 5 15 6 12 6 13 6 14 6 15 7 12 7 13 7 14 7 15 8 12 8 13 8 14 8 15 9 12 9 13 9 14 9 15 10 12 10 13 10 14 10 15 11 12 11 13 11 14 11 15 12 12 12 13 12 14 12 15 13 12 13 13 13 14 13 15 14 12 14 13 14 14 14 15 15 12 15 13 15 14 15 15
q 49 6 5 6 6 6 7 6 8 6 9 6 10 6 11 7 5 7 6 7 7 7 8 7 9 7 10 7 11 8 5 8 6 8 7 8 8 8 9 8 10 8 11 9 5 9 6 9 7 9 8 9 9 9 10 9 11 10 5 10 6 10 7 10 8 10 9 10 10 10 11 11 5 11 6 11 7 11 8 11 9 11 10 11 11 12 5 12 6 12 7 12 8 12 9 12 10 12 11
q 28 1 8 1 9 2 8 2 9 3 8 3 9 4 8 4 9 5 8 5 9 6 8 6 9 7 8 7 9 8 8 8 9 9 8 9 9 10 8 10 9 11 8 11 9 12 8 12 9 13 8 13 9 14 8 14 9
q 48 3 0 3 1 3 2 3 3 4 0 4 1 4 2 4 3 5 0 5 1 5 2 5 3 6 0 6 1 6 2 6 3 7 0 7 1 7 2 7 3 8 0 8 1 8 2 8 3 9 0 9 1 9 2 9 3 10 0 10 1 10 2 10 3 11 0 11 1 11 2 11 3 12 0 12 1 12 2 12 3 13 0 13 1 13 2 13 3 14 0 14 1 14 2 14 3
q 30 0 14 0 15 1 14 1 15 2 14 2 15 3 14 3 15 4 14 4 15 5 14 5 15 6 14 6 15 7 14 7 15 8 14 8 15 9 14 9 15 10 14 10 15 11 14 11 15 12 14 12 15 13 14 13 15 14 14 14 15
q 60 1 11 1 12 1 13 1 14 1 15 2 11 2 12 2 13 2 14 2 15 3 11 3 12 3 13 3 14 3 15 4 11 4 12 4 13 4 14 4 15 5 11 5 12 5 13 5 14 5 15 6 11 6 12 6 13 6 14 6 15 7 11 7 12 7 13 7 14 7 15 8 11 8 12 8 13 8 14 8 15 9 11 9 12 9 13 9 14 9 15 10 11 10 12 10 13 10 14 10 15 11 11 11 12 11 13 11 14 11 15 12 11 12 12 12 13 12 14 12 15
q 45 4 4 4 5 4 6 4 7 4 8 5 4 5 5 5 6 5 7 5 8 6 4 6 5 6 6 6 7 6 8 7 4 7 5 7 6 7 7 7 8 8 4 8 5 8 6 8 7 8 8 9 4 9 5 9 6 9 7 9 8 10 4 10 5 10 6 10 7 10 8 11 4 11 5 11 6 11 7 11 8 12 4 12 5 12 6 12 7 12 8
q 27 3 0 3 1 3 2 3 3 3 4 3 5 3 6 3 7 3 8 4 0 4 1 4 2 4 3 4 4 4 5 4 6 4 7 4 8 5 0 5 1 5 2 5 3 5 4 5 5 5 6 5 7 5 8
q 45 2 0 2 1 2 2 2 3 2 4 2 5 2 6 2 7 2 8 2 9 2 10 2 11 2 12 2 13 2 14 3 0 3 1 3 2 3 3 3 4 3 5 3 6 3 7 3 8 3 9 3 10 3 11 3 12 3 13 3 14 4 0 4 1 4 2 4 3 4 4 4 5 4 6 4 7 4 8 4 9 4 10 4 11 4 12 4 13 4 14
q 60 4 5 4 6 4 7 4 8 4 9 5 5 5 6 5 7 5 8 5 9 6 5 6 6 6 7 6 8 6 9 7 5 7 6 7 7 7 8 7 9 8 5 8 6 8 7 8 8 8 9 9 5 9 6 9 7 9 8 9 9 10 5 10 6 10 7 10 8 10 9 11 5 11 6 11 7 11 8 11 9 12 5 12 6 12 7 12 8 12 9 13 5 13 6 13 7 13 8 13 9 14 5 14 6 14 7 14 8 14 9 15 5 15 6 15 7 15 8 15 9
q 36 7 0 7 1 7 2 7 3 7 4 7 5 7 6 7 7 7 8 7 9 7 10 7 11 8 0 8 1 8 2 8 3 8 4 8 5 8 6 8 7 8 8 8 9 8 10 8 11 9 0 9 1 9 2 9 3 9 4 9 5 9 6 9 7 9 8 9 9 9 10 9 11
q 24 10 4 10 5 10 6 10 7 11 4 11 5 11 6 11 7 12 4 12 5 12 6 12 7 13 4 13 5 13 6 13 7 14 4 14 5 14 6 14 7 15 4 15 5 15 6 15 7
q 36 6 10 6 11 6 12 6 13 7 10 7 11 7 12 7 13 8 10 8 11 8 12 8 13 9 10 9 11 9 12 9 13 10 10 10 11 10 12 10 13 11 10 11 11 11 12 11 13 12 10 12 11 12 12 12 13 13 10 13 11 13 12 13 13 14 10 14 11 14 12 14 13
q 15 13 10 13 11 13 12 13 13 13 14 14 10 14 11 14 12 14 13 14 14 15 10 15 11 15 12 15 13 15 14
q 50 9 5 9 6 9 7 9 8 9 9 9 10 9 11 9 12 9 13 9 14 10 5 10 6 10 7 10 8 10 9 10 10 10 11 10 12 10 13 10 14 11 5 11 6 11 7 11 8 11 9 11 10 11 11 11 12 11 13 11 14 12 5 12 6 12 7 12 8 12 9 12 10 12 11 12 12 12 13 12 14 13 5 13 6 13 7 13 8 13 9 13 10 13 11 13 12 13 13 13 14
q 24 0 7 0 8 0 9 1 7 1 8 1 9 2 7 2 8 2 9 3 7 3 8 3 9 4 7 4 8 4 9 5 7 5 8 5 9 6 7 6 8 6 9 7 7 7 8 7 9
q 15 9 8 9 9 9 10 9 11 9 12 10 8 10 9 10 10 10 11 10 12 11 8 11 9 11 10 11 11 11 12
q 40 9 0 9 1 9 2 9 3 9 4 9 5 9 6 9 7 10 0 10 1 10 2 10 3 10 4 10 5 10 6 10 7 11 0 11 1 11 2 11 3 11 4 11 5 11 6 11 7 12 0 12 1 12 2 12 3 12 4 12 5 12 6 12 7 13 0 13 1 13 2 13 3 13 4 13 5 13 6 13 7
q 56 9 5 9 6 9 7 9 8 9 9 9 10 9 11 9 12 10 5 10 6 10 7 10 8 10 9 10 10 10 11 10 12 11 5 11 6 11 7 11 8 11 9 11 10 11 11 11 12 12 5 12 6 12 7 12 8 12 9 12 10 12 11 12 12 13 5 13 6 13 7 13 8 13 9 13 10 13 11 13 12 14 5 14 6 14 7 14 8 14 9 14 10 14 11 14 12 15 5 15 6 15 7 15 8 15 9 15 10 15 11 15 12
q 5 6 3 7 3 8 3 9 3 10 3
q 30 10 8 10 9 10 10 10 11 10 12 10 13 11 8 11 9 11 10 11 11 11 12 11 13 12 8 12 9 12 10 12 11 12 12 12 13 13 8 13 9 13 10 13 11 13 12 13 13 14 8 14 9 14 10 14 11 14 12 14 13
q 3 13 9 13 10 13 11
q 28 0 10 0 11 1 10 1 11 2 10 2 11 3 10 3 11 4 10 4 11 5 10 5 11 6 10 6 11 7 10 7 11 8 10 8 11 9 10 9 11 10 10 10 11 11 10 11 11 12 10 12 11 13 10 13 11
q 30 3 3 3 4 3 5 3 6 3 7 3 8 3 9 3 10 3 11 3 12 4 3 4 4 4 5 4 6 4 7 4 8 4 9 4 10 4 11 4 12 5 3 5 4 5 5 5 6 5 7 5 8 5 9 5 10 5 11 5 12
q 64 0 7 0 8 0 9 0 10 1 7 1 8 1 9 1 10 2 7 2 8 2 9 2 10 3 7 3 8 3 9 3 10 4 7 4 8 4 9 4 10 5 7 5 8 5 9 5 10 6 7 6 8 6 9 6 10 7 7 7 8 7 9 7 10 8 7 8 8 8 9 8 10 9 7 9 8 9 9 9 10 10 7 10 8 10 9 10 10 11 7 11 8 11 9 11 10 12 7 12 8 12 9 12 10 13 7 13 8 13 9 13 10 14 7 14 8 14 9 14 10 15 7 15 8 15 9 15 10
q 2 14 9 15 9
q 64 1 0 1 1 1 2 1 3 1 4 1 5 1 6 1 7 1 8 1 9 1 10 1 11 1 12 1 13 1 14 1 15 2 0 2 1 2 2 2 3 2 4 2 5 2 6 2 7 2 8 2 9 2 10 2 11 2 12 2 13 2 14 2 15 3 0 3 1 3 2 3 3 3 4 3 5 3 6 3 7 3 8 3 9 3 10 3 11 3 12 3 13 3 14 3 15 4 0 4 1 4 2 4 3 4 4 4 5 4 6 4 7 4 8 4 9 4 10 4 11 4 12 4 13 4 14 4 15
q 8 2 12 3 12 4 12 5 12 6 12 7 12 8 12 9 12
q 6 6 3 6 4 6 5 6 6 6 7 6 8
q 63 0 6 0 7 0 8 0 9 0 10 0 11 0 12 1 6 1 7 1 8 1 9 1 10 1 11 1 12 2 6 2 7 2 8 2 9 2 10 2 11 2 12 3 6 3 7 3 8 3 9 3 10 3 11 3 12 4 6 4 7 4 8 4 9 4 10 4 11 4 12 5 6 5 7 5 8 5 9 5 10 5 11 5 12 6 6 6 7 6 8 6 9 6 10 6 11 6 12 7 6 7 7 7 8 7 9 7 10 7 11 7 12 8 6 8 7 8 8 8 9 8 10 8 11 8 12
q 15 0 13 1 13 2 13 3 13 4 13 5 13 6 13 7 13 8 13 9 13 10 13 11 13 12 13 13 13 14 13
q 42 2 0 2 1 2 2 3 0 3 1 3 2 4 0 4 1 4 2 5 0 5 1 5 2 6 0 6 1 6 2 7 0 7 1 7 2 8 0 8 1 8 2 9 0 9 1 9 2 10 0 10 1 10 2 11 0 11 1 11 2 12 0 12 1 12 2 13 0 13 1 13 2 14 0 14 1 14 2 15 0 15 1 15 2
q 36 2 5 2 6 2 7 3 5 3 6 3 7 4 5 4 6 4 7 5 5 5 6 5 7 6 5 6 6 6 7 7 5 7 6 7 7 8 5 8 6 8 7 9 5 9 6 9 7 10 5 10 6 10 7 11 5 11 6 11 7 12 5 12 6 12 7 13 5 13 6 13 7
q 35 5 8 5 9 5 10 5 11 5 12 6 8 6 9 6 10 6 11 6 12 7 8 7 9 7 10 7 11 7 12 8 8 8 9 8 10 8 11 8 12 9 8 9 9 9 10 9 11 9 12 10 8 10 9 10 10 10 11 10 12 11 8 11 9 11 10 11 11 11 12
q 24 4 8 4 9 4 10 4 11 4 12 4 13 4 14 4 15 5 8 5 9 5 10 5 11 5 12 5 13 5 14 5 15 6 8 6 9 6 10 6 11 6 12 6 13 6 14 6 15
q 21 1 6 1 7 1 8 1 9 1 10 1 11 1 12 2 6 2 7 2 8 2 9 2 10 2 11 2 12 3 6 3 7 3 8 3 9 3 10 3 11 3 12
q 3 3 4 4 4 5 4
q 9 5 1 6 1 7 1 8 1 9 1 10 1 11 1 12 1 13 1
q 10 1 1 2 1 3 1 4 1 5 1 6 1 7 1 8 1 9 1 10 1
q 55 2 6 2 7 2 8 2 9 2 10 3 6 3 7 3 8 3 9 3 10 4 6 4 7 4 8 4 9 4 10 5 6 5 7 5 8 5 9 5 10 6 6 6 7 6 8 6 9 6 10 7 6 7 7 7 8 7 9 7 10 8 6 8 7 8 8 8 9 8 10 9 6 9 7 9 8 9 9 9 10 10 6 10 7 10 8 10 9 10 10 11 6 11 7 11 8 11 9 11 10 12 6 12 7 12 8 12 9 12 10
q 12 3 8 3 9 4 8 4 9 5 8 5 9 6 8 6 9 7 8 7 9 8 8 8 9
q 11 3 1 4 1 5 1 6 1 7 1 8 1 9 1 10 1 11 1 12 1 13 1
q 12 4 14 5 14 6 14 7 14 8 14 9 14 10 14 11 14 12 14 13 14 14 14 15 14
q 45 2 3 2 4 2 5 2 6 2 7 3 3 3 4 3 5 3 6 3 7 4 3 4 4 4 5 4 6 4 7 5 3 5 4 5 5 5 6 5 7 6 3 6 4 6 5 6 6 6 7 7 3 7 4 7 5 7 6 7 7 8 3 8 4 8 5 8 6 8 7 9 3 9 4 9 5 9 6 9 7 10 3 10 4 10 5 10 6 10 7
q 12 7 1 7 2 8 1 8 2 9 1 9 2 10 1 10 2 11 1 11 2 12 1 12 2
q 36 6 5 6 6 6 7 6 8 6 9 6 10 6 11 6 12 6 13 7 5 7 6 7 7 7 8 7 9 7 10 7 11 7 12 7 13 8 5 8 6 8 7 8 8 8 9 8 10 8 11 8 12 8 13 9 5 9 6 9 7 9 8 9 9 9 10 9 11 9 12 9 13
q 4 12 11 13 11 14 11 15 11
q 14 15 1 15 2 15 3 15 4 15 5 15 6 15 7 15 8 15 9 15 10 15 11 15 12 15 13 15 14
q 33 10 0 10 1 10 2 10 3 10 4 10 5 10 6 10 7 10 8 10 9 10 10 11 0 11 1 11 2 11 3 11 4 11 5 11 6 11 7 11 8 11 9 11 10 12 0 12 1 12 2 12 3 12 4 12 5 12 6 12 7 12 8 12 9 12 10
q 45 8 0 8 1 8 2 8 3 8 4 8 5 8 6 8 7 8 8 8 9 8 10 8 11 8 12 8 13 8 14 9 0 9 1 9 2 9 3 9 4 9 5 9 6 9 7 9 8 9 9 9 10 9 11 9 12 9 13 9 14 10 0 10 1 10 2 10 3 10 4 10 5 10 6 10 7 10 8 10 9 10 10 10 11 10 12 10 13 10 14
q 10 5 13 6 13 7 13 8 13 9 13 10 13 11 13 12 13 13 13 14 13
q 27 13 1 13 2 13 3 13 4 13 5 13 6 13 7 13 8 13 9 14 1 14 2 14 3 14 4 14 5 14 6 14 7 14 8 14 9 15 1 15 2 15 3 15 4 15 5 15 6 15 7 15 8 15 9
q 6 13 5 13 6 13 7 14 5 14 6 14 7
q 48 0 3 0 4 0 5 1 3 1 4 1 5 2 3 2 4 2 5 3 3 3 4 3 5 4 3 4 4 4 5 5 3 5 4 5 5 6 3 6 4 6 5 7 3 7 4 7 5 8 3 8 4 8 5 9 3 9 4 9 5 10 3 10 4 10 5 11 3 11 4 11 5 12 3 12 4 12 5 13 3 13 4 13 5 14 3 14 4 14 5 15 3 15 4 15 5
q 30 0 6 0 7 1 6 1 7 2 6 2 7 3 6 3 7 4 6 4 7 5 6 5 7 6 6 6 7 7 6 7 7 8 6 8 7 9 6 9 7 10 6 10 7 11 6 11 7 12 6 12 7 13 6 13 7 14 6 14 7
q 22 2 6 2 7 3 6 3 7 4 6 4 7 5 6 5 7 6 6 6 7 7 6 7 7 8 6 8 7 9 6 9 7 10 6 10 7 11 6 11 7 12 6 12 7
q 12 5 4 5 5 5 6 5 7 5 8 5 9 5 10 5 11 5 12 5 13 5 14 5 15
q 20 9 0 9 1 9 2 9 3 10 0 10 1 10 2 10 3 11 0 11 1 11 2 11 3 12 0 12 1 12 2 12 3 13 0 13 1 13 2 13 3
q 36 10 4 10 5 10 6 10 7 10 8 10 9 10 10 10 11 10 12 11 4 11 5 11 6 11 7 11 8 11 9 11 10 11 11 11 12 12 4 12 5 12 6 12 7 12 8 12 9 12 10 12 11 12 12 13 4 13 5 13 6 13 7 13 8 13 9 13 10 13 11 13 12
q 7 5 10 6 10 7 10 8 10 9 10 10 10 11 10
q 4 3 11 4 11 5 11 6 11
q 52 1 0 1 1 1 2 1 3 1 4 1 5 1 6 1 7 1 8 1 9 1 10 1 11 1 12 2 0 2 1 2 2 2 3 2 4 2 5 2 6 2 7 2 8 2 9 2 10 2 11 2 12 3 0 3 1 3 2 3 3 3 4 3 5 3 6 3 7 3 8 3 9 3 10 3 11 3 12 4 0 4 1 4 2 4 3 4 4 4 5 4 6 4 7 4 8 4 9 4 10 4 11 4 12
q 14 0 1 1 1 2 1 3 1 4 1 5 1 6 1 7 1 8 1 9 1 10 1 11 1 12 1 13 1
q 40 9 6 9 7 9 8 9 9 9 10 9 11 9 12 9 13 9 14 9 15 10 6 10 7 10 8 10 9 10 10 10 11 10 12 10 13 10 14 10 15 11 6 11 7 11 8 11 9 11 10 11 11 11 12 11 13 11 14 11 15 12 6 12 7 12 8 12 9 12 10 12 11 12 12 12 13 12 14 12 15
q 16 0 5 1 5 2 5 3 5 4 5 5 5 6 5 7 5 8 5 9 5 10 5 11 5 12 5 13 5 14 5 15 5
q 16 0 0 0 1 0 2 0 3 1 0 1 1 1 2 1 3 2 0 2 1 2 2 2 3 3 0 3 1 3 2 3 3
q 4 2 2 2 3 3 2 3 3
q 36 13 2 13 3 13 4 13 5 13 6 13 7 13 8 13 9 13 10 13 11 13 12 13 13 14 2 14 3 14 4 14 5 14 6 14 7 14 8 14 9 14 10 14 11 14 12 14 13 15 2 15 3 15 4 15 5 15 6 15 7 15 8 15 9 15 10 15 11 15 12 15 13
q 30 12 1 12 2 12 3 12 4 12 5 12 6 12 7 12 8 12 9 12 10 13 1 13 2 13 3 13 4 13 5 13 6 13 7 13 8 13 9 13 10 14 1 14 2 14 3 14 4 14 5 14 6 14 7 14 8 14 9 14 10
q 28 11 2 11 3 11 4 11 5 11 6 11 7 11 8 12 2 12 3 12 4 12 5 12 6 12 7 12 8 13 2 13 3 13 4 13 5 13 6 13 7 13 8 14 2 14 3 14 4 14 5 14 6 14 7 14 8
q 56 12 2 12 3 12 4 12 5 12 6 12 7 12 8 12 9 12 10 12 11 12 12 12 13 12 14 12 15 13 2 13 3 13 4 13 5 13 6 13 7 13 8 13 9 13 10 13 11 13 12 13 13 13 14 13 15 14 2 14 3 14 4 14 5 14 6 14 7 14 8 14 9 14 10 14 11 14 12 14 13 14 14 14 15 15 2 15 3 15 4 15 5 15 6 15 7 15 8 15 9 15 10 15 11 15 12 15 13 15 14 15 15
q 40 11 4 11 5 11 6 11 7 11 8 11 9 11 10 11 11 11 12 11 13 12 4 12 5 12 6 12 7 12 8 12 9 12 10 12 11 12 12 12 13 13 4 13 5 13 6 13 7 13 8 13 9 13 10 13 11 13 12 13 13 14 4 14 5 14 6 14 7 14 8 14 9 14 10 14 11 14 12 14 13
q 2 7 7 8 7
q 4 0 5 0 6 0 7 0 8
q 14 2 15 3 15 4 15 5 15 6 15 7 15 8 15 9 15 10 15 11 15 12 15 13 15 14 15 15 15
q 45 1 1 1 2 1 3 2 1 2 2 2 3 3 1 3 2 3 3 4 1 4 2 4 3 5 1 5 2 5 3 6 1 6 2 6 3 7 1 7 2 7 3 8 1 8 2 8 3 9 1 9 2 9 3 10 1 10 2 10 3 11 1 11 2 11 3 12 1 12 2 12 3 13 1 13 2 13 3 14 1 14 2 14 3 15 1 15 2 15 3
q 45 4 1 4 2 4 3 4 4 4 5 4 6 4 7 4 8 4 9 4 10 4 11 4 12 4 13 4 14 4 15 5 1 5 2 5 3 5 4 5 5 5 6 5 7 5 8 5 9 5 10 5 11 5 12 5 13 5 14 5 15 6 1 6 2 6 3 6 4 6 5 6 6 6 7 6 8 6 9 6 10 6 11 6 12 6 13 6 14 6 15
q 45 3 1 3 2 3 3 3 4 3 5 3 6 3 7 3 8 3 9 4 1 4 2 4 3 4 4 4 5 4 6 4 7 4 8 4 9 5 1 5 2 5 3 5 4 5 5 5 6 5 7 5 8 5 9 6 1 6 2 6 3 6 4 6 5 6 6 6 7 6 8 6 9 7 1 7 2 7 3 7 4 7 5 7 6 7 7 7 8 7 9
q 3 13 4 14 4 15 4
q 48 3 4 3 5 3 6 3 7 4 4 4 5 4 6 4 7 5 4 5 5 5 6 5 7 6 4 6 5 6 6 6 7 7 4 7 5 7 6 7 7 8 4 8 5 8 6 8 7 9 4 9 5 9 6 9 7 10 4 10 5 10 6 10 7 11 4 11 5 11 6 11 7 12 4 12 5 12 6 12 7 13 4 13 5 13 6 13 7 14 4 14 5 14 6 14 7
q 24 3 8 3 9 3 10 3 11 3 12 3 13 3 14 3 15 4 8 4 9 4 10 4 11 4 12 4 13 4 14 4 15 5 8 5 9 5 10 5 11 5 12 5 13 5 14 5 15
q 8 8 12 8 13 8 14 8 15 9 12 9 13 9 14 9 15
q 24 3 1 3 2 3 3 3 4 3 5 3 6 4 1 4 2 4 3 4 4 4 5 4 6 5 1 5 2 5 3 5 4 5 5 5 6 6 1 6 2 6 3 6 4 6 5 6 6
q 6 6 13 6 14 6 15 7 13 7 14 7 15
q 56 7 2 7 3 7 4 7 5 7 6 7 7 7 8 7 9 7 10 7 11 7 12 7 13 7 14 7 15 8 2 8 3 8 4 8 5 8 6 8 7 8 8 8 9 8 10 8 11 8 12 8 13 8 14 8 15 9 2 9 3 9 4 9 5 9 6 9 7 9 8 9 9 9 10 9 11 9 12 9 13 9 14 9 15 10 2 10 3 10 4 10 5 10 6 10 7 10 8 10 9 10 10 10 11 10 12 10 13 10 14 10 15
q 45 2 1 2 2 2 3 2 4 2 5 2 6 2 7 2 8 2 9 2 10 2 11 2 12 2 13 2 14 2 15 3 1 3 2 3 3 3 4 3 5 3 6 3 7 3 8 3 9 3 10 3 11 3 12 3 13 3 14 3 15 4 1 4 2 4 3 4 4 4 5 4 6 4 7 4 8 4 9 4 10 4 11 4 12 4 13 4 14 4 15
q 20 3 4 3 5 4 4 4 5 5 4 5 5 6 4 6 5 7 4 7 5 8 4 8 5 9 4 9 5 10 4 10 5 11 4 11 5 12 4 12 5
q 8 15 2 15 3 15 4 15 5 15 6 15 7 15 8 15 9
q 4 12 5 12 6 12 7 12 8
q 15 9 7 9 8 9 9 10 7 10 8 10 9 11 7 11 8 11 9 12 7 12 8 12 9 13 7 13 8 13 9
q 36 10 5 10 6 10 7 10 8 10 9 10 10 10 11 10 12 10 13 11 5 11 6 11 7 11 8 11 9 11 10 11 11 11 12 11 13 12 5 12 6 12 7 12 8 12 9 12 10 12 11 12 12 12 13 13 5 13 6 13 7 13 8 13 9 13 10 13 11 13 12 13 13
q 52 2 1 2 2 2 3 2 4 3 1 3 2 3 3 3 4 4 1 4 2 4 3 4 4 5 1 5 2 5 3 5 4 6 1 6 2 6 3 6 4 7 1 7 2 7 3 7 4 8 1 8 2 8 3 8 4 9 1 9 2 9 3 9 4 10 1 10 2 10 3 10 4 11 1 11 2 11 3 11 4 12 1 12 2 12 3 12 4 13 1 13 2 13 3 13 4 14 1 14 2 14 3 14 4
q 15 8 2 8 3 8 4 9 2 9 3 9 4 10 2 10 3 10 4 11 2 11 3 11 4 12 2 12 3 12 4
q 24 4 2 4 3 4 4 4 5 5 2 5 3 5 4 5 5 6 2 6 3 6 4 6 5 7 2 7 3 7 4 7 5 8 2 8 3 8 4 8 5 9 2 9 3 9 4 9 5
q 48 1 3 1 4 1 5 1 6 1 7 1 8 1 9 1 10 1 11 1 12 1 13 1 14 2 3 2 4 2 5 2 6 2 7 2 8 2 9 2 10 2 11 2 12 2 13 2 14 3 3 3 4 3 5 3 6 3 7 3 8 3 9 3 10 3 11 3 12 3 13 3 14 4 3 4 4 4 5 4 6 4 7 4 8 4 9 4 10 4 11 4 12 4 13 4 14
q 30 8 0 8 1 8 2 8 3 8 4 8 5 8 6 8 7 8 8 8 9 8 10 8 11 8 12 8 13 8 14 9 0 9 1 9 2 9 3 9 4 9 5 9 6 9 7 9 8 9 9 9 10 9 11 9 12 9 13 9 14
q 45 5 3 5 4 5 5 5 6 5 7 6 3 6 4 6 5 6 6 6 7 7 3 7 4 7 5 7 6 7 7 8 3 8 4 8 5 8 6 8 7 9 3 9 4 9 5 9 6 9 7 10 3 10 4 10 5 10 6 10 7 11 3 11 4 11 5 11 6 11 7 12 3 12 4 12 5 12 6 12 7 13 3 13 4 13 5 13 6 13 7
q 15 1 3 2 3 3 3 4 3 5 3 6 3 7 3 8 3 9 3 10 3 11 3 12 3 13 3 14 3 15 3
q 42 1 13 1 14 1 15 2 13 2 14 2 15 3 13 3 14 3 15 4 13 4 14 4 15 5 13 5 14 5 15 6 13 6 14 6 15 7 13 7 14 7 15 8 13 8 14 8 15 9 13 9 14 9 15 10 13 10 14 10 15 11 13 11 14 11 15 12 13 12 14 12 15 13 13 13 14 13 15 14 13 14 14 14 15
q 24 0 0 0 1 0 2 0 3 0 4 0 5 0 6 0 7 0 8 0 9 0 10 0 11 1 0 1 1 1 2 1 3 1 4 1 5 1 6 1 7 1 8 1 9 1 10 1 11
q 60 2 8 2 9 2 10 2 11 2 12 2 13 3 8 3 9 3 10 3 11 3 12 3 13 4 8 4 9 4 10 4 11 4 12 4 13 5 8 5 9 5 10 5 11 5 12 5 13 6 8 6 9 6 10 6 11 6 12 6 13 7 8 7 9 7 10 7 11 7 12 7 13 8 8 8 9 8 10 8 11 8 12 8 13 9 8 9 9 9 10 9 11 9 12 9 13 10 8 10 9 10 10 10 11 10 12 10 13 11 8 11 9 11 10 11 11 11 12 11 13
q 60 6 4 6 5 6 6 6 7 6 8 6 9 6 10 6 11 6 12 6 13 7 4 7 5 7 6 7 7 7 8 7 9 7 10 7 11 7 12 7 13 8 4 8 5 8 6 8 7 8 8 8 9 8 10 8 11 8 12 8 13 9 4 9 5 9 6 9 7 9 8 9 9 9 10 9 11 9 12 9 13 10 4 10 5 10 6 10 7 10 8 10 9 10 10 10 11 10 12 10 13 11 4 11 5 11 6 11 7 11 8 11 9 11 10 11 11 11 12 11 13
q 14 11 2 11 3 11 4 11 5 11 6 11 7 11 8 11 9 11 10 11 11 11 12 11 13 11 14 11 15
q 16 0 0 0 1 0 2 0 3 0 4 0 5 0 6 0 7 0 8 0 9 0 10 0 11 0 12 0 13 0 14 0 15
q 32 7 9 7 10 7 11 7 12 8 9 8 10 8 11 8 12 9 9 9 10 9 11 9 12 10 9 10 10 10 11 10 12 11 9 11 10 11 11 11 12 12 9 12 10 12 11 12 12 13 9 13 10 13 11 13 12 14 9 14 10 14 11 14 12
q 42 2 3 2 4 2 5 3 3 3 4 3 5 4 3 4 4 4 5 5 3 5 4 5 5 6 3 6 4 6 5 7 3 7 4 7 5 8 3 8 4 8 5 9 3 9 4 9 5 10 3 10 4 10 5 11 3 11 4 11 5 12 3 12 4 12 5 13 3 13 4 13 5 14 3 14 4 14 5 15 3 15 4 15 5
q 12 0 2 0 3 0 4 0 5 0 6 0 7 1 2 1 3 1 4 1 5 1 6 1 7
q 33 9 3 9 4 9 5 9 6 9 7 9 8 9 9 9 10 9 11 9 12 9 13 10 3 10 4 10 5 10 6 10 7 10 8 10 9 10 10 10 11 10 12 10 13 11 3 11 4 11 5 11 6 11 7 11 8 11 9 11 10 11 11 11 12 11 13
q 15 0 14 1 14 2 14 3 14 4 14 5 14 6 14 7 14 8 14 9 14 10 14 11 14 12 14 13 14 14 14
q 64 5 0 5 1 5 2 5 3 5 4 5 5 5 6 5 7 6 0 6 1 6 2 6 3 6 4 6 5 6 6 6 7 7 0 7 1 7 2 7 3 7 4 7 5 7 6 7 7 8 0 8 1 8 2 8 3 8 4 8 5 8 6 8 7 9 0 9 1 9 2 9 3 9 4 9 5 9 6 9 7 10 0 10 1 10 2 10 3 10 4 10 5 10 6 10 7 11 0 11 1 11 2 11 3 11 4 11 5 11 6 11 7 12 0 12 1 12 2 12 3 12 4 12 5 12 6 12 7
q 12 11 4 11 5 11 6 11 7 11 8 11 9 12 4 12 5 12 6 12 7 12 8 12 9
q 14 2 10 3 10 4 10 5 10 6 10 7 10 8 10 9 10 10 10 11 10 12 10 13 10 14 10 15 10
q 24 0 9 0 10 1 9 1 10 2 9 2 10 3 9 3 10 4 9 4 10 5 9 5 10 6 9 6 10 7 9 7 10 8 9 8 10 9 9 9 10 10 9 10 10 11 9 11 10
q 6 0 4 1 4 2 4 3 4 4 4 5 4
q 48 1 2 1 3 1 4 1 5 1 6 1 7 2 2 2 3 2 4 2 5 2 6 2 7 3 2 3 3 3 4 3 5 3 6 3 7 4 2 4 3 4 4 4 5 4 6 4 7 5 2 5 3 5 4 5 5 5 6 5 7 6 2 6 3 6 4 6 5 6 6 6 7 7 2 7 3 7 4 7 5 7 6 7 7 8 2 8 3 8 4 8 5 8 6 8 7
q 9 4 7 4 8 4 9 4 10 4 11 4 12 4 13 4 14 4 15
q 63 3 8 3 9 3 10 3 11 3 12 3 13 3 14 4 8 4 9 4 10 4 11 4 12 4 13 4 14 5 8 5 9 5 10 5 11 5 12 5 13 5 14 6 8 6 9 6 10 6 11 6 12 6 13 6 14 7 8 7 9 7 10 7 11 7 12 7 13 7 14 8 8 8 9 8 10 8 11 8 12 8 13 8 14 9 8 9 9 9 10 9 11 9 12 9 13 9 14 10 8 10 9 10 10 10 11 10 12 10 13 10 14 11 8 11 9 11 10 11 11 11 12 11 13 11 14
q 4 9 0 10 0 11 0 12 0
q 4 7 12 8 12 9 12 10 12
q 3 0 8 0 9 0 10
q 9 15 2 15 3 15 4 15 5 15 6 15 7 15 8 15 9 15 10
q 33 2 1 2 2 2 3 3 1 3 2 3 3 4 1 4 2 4 3 5 1 5 2 5 3 6 1 6 2 6 3 7 1 7 2 7 3 8 1 8 2 8 3 9 1 9 2 9 3 10 1 10 2 10 3 11 1 11 2 11 3 12 1 12 2 12 3
q 42 0 13 0 14 0 15 1 13 1 14 1 15 2 13 2 14 2 15 3 13 3 14 3 15 4 13 4 14 4 15 5 13 5 14 5 15 6 13 6 14 6 15 7 13 7 14 7 15 8 13 8 14 8 15 9 13 9 14 9 15 10 13 10 14 10 15 11 13 11 14 11 15 12 13 12 14 12 15 13 13 13 14 13 15
q 2 4 5 5 5
q 8 10 4 10 5 10 6 10 7 10 8 10 9 10 10 10 11
q 9 7 1 7 2 7 3 7 4 7 5 7 6 7 7 7 8 7 9
q 50 6 2 6 3 6 4 6 5 6 6 6 7 6 8 6 9 6 10 6 11 7 2 7 3 7 4 7 5 7 6 7 7 7 8 7 9 7 10 7 11 8 2 8 3 8 4 8 5 8 6 8 7 8 8 8 9 8 10 8 11 9 2 9 3 9 4 9 5 9 6 9 7 9 8 9 9 9 10 9 11 10 2 10 3 10 4 10 5 10 6 10 7 10 8 10 9 10 10 10 11
q 39 12 0 12 1 12 2 12 3 12 4 12 5 12 6 12 7 12 8 12 9 12 10 12 11 12 12 13 0 13 1 13 2 13 3 13 4 13 5 13 6 13 7 13 8 13 9 13 10 13 11 13 12 14 0 14 1 14 2 14 3 14 4 14 5 14 6 14 7 14 8 14 9 14 10 14 11 14 12
q 28 0 3 0 4 0 5 0 6 1 3 1 4 1 5 1 6 2 3 2 4 2 5 2 6 3 3 3 4 3 5 3 6 4 3 4 4 4 5 4 6 5 3 5 4 5 5 5 6 6 3 6 4 6 5 6 6
q 39 5 0 5 1 5 2 5 3 5 4 5 5 5 6 5 7 5 8 5 9 5 10 5 11 5 12 6 0 6 1 6 2 6 3 6 4 6 5 6 6 6 7 6 8 6 9 6 10 6 11 6 12 7 0 7 1 7 2 7 3 7 4 7 5 7 6 7 7 7 8 7 9 7 10 7 11 7 12
q 15 10 0 10 1 10 2 10 3 10 4 10 5 10 6 10 7 10 8 10 9 10 10 10 11 10 12 10 13 10 14
q 3 2 0 3 0 4 0
q 22 10 4 10 5 10 6 10 7 10 8 10 9 10 10 10 11 10 12 10 13 10 14 11 4 11 5 11 6 11 7 11 8 11 9 11 10 11 11 11 12 11 13 11 14
q 63 8 6 8 7 8 8 8 9 8 10 8 11 8 12 8 13 8 14 9 6 9 7 9 8 9 9 9 10 9 11 9 12 9 13 9 14 10 6 10 7 10 8 10 9 10 10 10 11 10 12 10 13 10 14 11 6 11 7 11 8 11 9 11 10 11 11 11 12 11 13 11 14 12 6 12 7 12 8 12 9 12 10 12 11 12 12 12 13 12 14 13 6 13 7 13 8 13 9 13 10 13 11 13 12 13 13 13 14 14 6 14 7 14 8 14 9 14 10 14 11 14 12 14 13 14 14
q 15 11 8 11 9 11 10 11 11 11 12 12 8 12 9 12 10 12 11 12 12 13 8 13 9 13 10 13 11 13 12
q 11 5 2 6 2 7 2 8 2 9 2 10 2 11 2 12 2 13 2 14 2 15 2
q 39 8 3 8 4 8 5 8 6 8 7 8 8 8 9 8 10 8 11 8 12 8 13 8 14 8 15 9 3 9 4 9 5 9 6 9 7 9 8 9 9 9 10 9 11 9 12 9 13 9 14 9 15 10 3 10 4 10 5 10 6 10 7 10 8 10 9 10 10 10 11 10 12 10 13 10 14 10 15
q 26 8 1 8 2 8 3 8 4 8 5 8 6 8 7 8 8 8 9 8 10 8 11 8 12 8 13 9 1 9 2 9 3 9 4 9 5 9 6 9 7 9 8 9 9 9 10 9 11 9 12 9 13
q 56 0 4 0 5 0 6 0 7 0 8 0 9 0 10 1 4 1 5 1 6 1 7 1 8 1 9 1 10 2 4 2 5 2 6 2 7 2 8 2 9 2 10 3 4 3 5 3 6 3 7 3 8 3 9 3 10 4 4 4 5 4 6 4 7 4 8 4 9 4 10 5 4 5 5 5 6 5 7 5 8 5 9 5 10 6 4 6 5 6 6 6 7 6 8 6 9 6 10 7 4 7 5 7 6 7 7 7 8 7 9 7 10
q 40 4 6 4 7 4 8 4 9 4 10 5 6 5 7 5 8 5 9 5 10 6 6 6 7 6 8 6 9 6 10 7 6 7 7 7 8 7 9 7 10 8 6 8 7 8 8 8 9 8 10 9 6 9 7 9 8 9 9 9 10 10 6 10 7 10 8 10 9 10 10 11 6 11 7 11 8 11 9 11 10
q 20 14 4 14 5 14 6 14 7 14 8 14 9 14 10 14 11 14 12 14 13 15 4 15 5 15 6 15 7 15 8 15 9 15 10 15 11 15 12 15 13
q 60 4 10 4 11 4 12 4 13 4 14 4 15 5 10 5 11 5 12 5 13 5 14 5 15 6 10 6 11 6 12 6 13 6 14 6 15 7 10 7 11 7 12 7 13 7 14 7 15 8 10 8 11 8 12 8 13 8 14 8 15 9 10 9 11 9 12 9 13 9 14 9 15 10 10 10 11 10 12 10 13 10 14 10 15 11 10 11 11 11 12 11 13 11 14 11 15 12 10 12 11 12 12 12 13 12 14 12 15 13 10 13 11 13 12 13 13 13 14 13 15
q 33 5 7 5 8 5 9 6 7 6 8 6 9 7 7 7 8 7 9 8 7 8 8 8 9 9 7 9 8 9 9 10 7 10 8 10 9 11 7 11 8 11 9 12 7 12 8 12 9 13 7 13 8 13 9 14 7 14 8 14 9 15 7 15 8 15 9
q 30 1 0 1 1 2 0 2 1 3 0 3 1 4 0 4 1 5 0 5 1 6 0 6 1 7 0 7 1 8 0 8 1 9 0 9 1 10 0 10 1 11 0 11 1 12 0 12 1 13 0 13 1 14 0 14 1 15 0 15 1
q 36 1 3 1 4 1 5 1 6 1 7 1 8 1 9 1 10 1 11 1 12 1 13 1 14 2 3 2 4 2 5 2 6 2 7 2 8 2 9 2 10 2 11 2 12 2 13 2 14 3 3 3 4 3 5 3 6 3 7 3 8 3 9 3 10 3 11 3 12 3 13 3 14
q 4 10 9 11 9 12 9 13 9
q 40 0 10 0 11 0 12 0 13 0 14 1 10 1 11 1 12 1 13 1 14 2 10 2 11 2 12 2 13 2 14 3 10 3 11 3 12 3 13 3 14 4 10 4 11 4 12 4 13 4 14 5 10 5 11 5 12 5 13 5 14 6 10 6 11 6 12 6 13 6 14 7 10 7 11 7 12 7 13 7 14
q 63 4 7 4 8 4 9 4 10 4 11 4 12 4 13 4 14 4 15 5 7 5 8 5 9 5 10 5 11 5 12 5 13 5 14 5 15 6 7 6 8 6 9 6 10 6 11 6 12 6 13 6 14 6 15 7 7 7 8 7 9 7 10 7 11 7 12 7 13 7 14 7 15 8 7 8 8 8 9 8 10 8 11 8 12 8 13 8 14 8 15 9 7 9 8 9 9 9 10 9 11 9 12 9 13 9 14 9 15 10 7 10 8 10 9 10 10 10 11 10 12 10 13 10 14 10 15
q 48 0 2 0 3 0 4 0 5 0 6 0 7 0 8 0 9 1 2 1 3 1 4 1 5 1 6 1 7 1 8 1 9 2 2 2 3 2 4 2 5 2 6 2 7 2 8 2 9 3 2 3 3 3 4 3 5 3 6 3 7 3 8 3 9 4 2 4 3 4 4 4 5 4 6 4 7 4 8 4 9 5 2 5 3 5 4 5 5 5 6 5 7 5 8 5 9
q 14 2 5 2 6 3 5 3 6 4 5 4 6 5 5 5 6 6 5 6 6 7 5 7 6 8 5 8 6
q 12 4 14 5 14 6 14 7 14 8 14 9 14 10 14 11 14 12 14 13 14 14 14 15 14
q 8 2 6 2 7 2 8 2 9 2 10 2 11 2 12 2 13
q 1 0 6
q 1 0 13
q 1 1 1
q 1 1 2
q 1 1 4
q 1 1 6
q 1 1 7
q 1 1 8
q 1 1 9
q 1 1 10
q 1 1 11
q 1 1 12
q 1 1 13
q 1 2 1
q 1 2 3
q 1 2 4
q 1 2 5
q 1 2 6
q 1 2 7
q 1 2 8
q 1 2 9
q 1 2 10
q 1 2 11
q 1 2 12
q 1 2 13
q 1 3 1
q 1 3 2
q 1 3 3
q 1 3 4
q 1 3 5
q 1 3 6
q 1 3 7
q 1 3 8
q 1 3 9
q 1 3 10
q 1 3 11
q 1 3 12
q 1 4 0
q 1 4 1
q 1 4 2
q 1 4 3
q 1 4 4
q 1 4 5
q 1 4 7
q 1 4 8
q 1 4 9
q 1 4 12
q 1 5 0
q 1 5 1
q 1 5 2
q 1 5 3
q 1 5 6
q 1 5 7
q 1 5 8
q 1 5 9
q 1 5 10
q 1 6 1
q 1 6 6
q 1 6 9
q 1 6 11
q 1 7 9
q 1 7 10
q 1 7 11
q 1 0 5
q 1 0 7
q 1 0 12
q 1 0 14
q 1 0 1
q 1 1 0
q 1 0 2
q 1 2 2
q 1 1 3
q 1 0 4
q 1 1 5
q 1 0 8
q 1 0 9
q 1 0 10
q 1 0 11
q 1 1 14
q 1 2 0
q 1 3 13
q 1 2 14
q 1 3 0
q 1 4 6
q 1 4 10
q 1 4 11
q 1 5 4
q 1 5 5
q 1 5 12
q 1 4 13
q 1 6 0
q 1 6 2
q 1 6 3
q 1 6 7
q 1 7 1
q 1 6 5
q 1 7 6
q 1 6 8
q 1 6 10
q 1 7 8
q 1 8 9
q 1 8 11
q 1 7 12
q 1 8 8
q 1 9 9
q 1 8 10
q 1 9 11
q 1 8 12
q 1 9 10
a 64 0 6 0 13 1 1 1 2 1 4 1 6 1 7 1 8 1 9 1 10 1 11 1 12 1 13 2 1 2 3 2 4 2 5 2 6 2 7 2 8 2 9 2 10 2 11 2 12 2 13 3 1 3 2 3 3 3 4 3 5 3 6 3 7 3 8 3 9 3 10 3 11 3 12 4 0 4 1 4 2 4 3 4 4 4 5 4 7 4 8 4 9 4 12 5 0 5 1 5 2 5 3 5 6 5 7 5 9 6 1 6 6 6 9 7 9 7 11 6 8 6 10 8 9 8 11 8 10 
