q 36 0 0 0 1 0 2 0 3 0 4 0 5 1 0 1 1 1 2 1 3 1 4 1 5 2 0 2 1 2 2 2 3 2 4 2 5 3 0 3 1 3 2 3 3 3 4 3 5 4 0 4 1 4 2 4 3 4 4 4 5 5 0 5 1 5 2 5 3 5 4 5 5
q 44 0 5 0 6 0 7 0 8 1 5 1 6 1 7 1 8 2 5 2 6 2 7 2 8 3 5 3 6 3 7 3 8 4 5 4 6 4 7 4 8 5 5 5 6 5 7 5 8 6 5 6 6 6 7 6 8 7 5 7 6 7 7 7 8 8 5 8 6 8 7 8 8 9 5 9 6 9 7 9 8 10 5 10 6 10 7 10 8
q 60 4 0 4 1 4 2 4 3 4 4 4 5 4 6 4 7 4 8 4 9 4 10 4 11 5 0 5 1 5 2 5 3 5 4 5 5 5 6 5 7 5 8 5 9 5 10 5 11 6 0 6 1 6 2 6 3 6 4 6 5 6 6 6 7 6 8 6 9 6 10 6 11 7 0 7 1 7 2 7 3 7 4 7 5 7 6 7 7 7 8 7 9 7 10 7 11 8 0 8 1 8 2 8 3 8 4 8 5 8 6 8 7 8 8 8 9 8 10 8 11
q 40 1 1 1 2 1 3 1 4 1 5 1 6 1 7 1 8 1 9 1 10 2 1 2 2 2 3 2 4 2 5 2 6 2 7 2 8 2 9 2 10 3 1 3 2 3 3 3 4 3 5 3 6 3 7 3 8 3 9 3 10 4 1 4 2 4 3 4 4 4 5 4 6 4 7 4 8 4 9 4 10
q 63 2 2 2 3 2 4 2 5 2 6 2 7 2 8 3 2 3 3 3 4 3 5 3 6 3 7 3 8 4 2 4 3 4 4 4 5 4 6 4 7 4 8 5 2 5 3 5 4 5 5 5 6 5 7 5 8 6 2 6 3 6 4 6 5 6 6 6 7 6 8 7 2 7 3 7 4 7 5 7 6 7 7 7 8 8 2 8 3 8 4 8 5 8 6 8 7 8 8 9 2 9 3 9 4 9 5 9 6 9 7 9 8 10 2 10 3 10 4 10 5 10 6 10 7 10 8
q 48 0 0 0 1 0 2 0 3 1 0 1 1 1 2 1 3 2 0 2 1 2 2 2 3 3 0 3 1 3 2 3 3 4 0 4 1 4 2 4 3 5 0 5 1 5 2 5 3 6 0 6 1 6 2 6 3 7 0 7 1 7 2 7 3 8 0 8 1 8 2 8 3 9 0 9 1 9 2 9 3 10 0 10 1 10 2 10 3 11 0 11 1 11 2 11 3
q 48 8 0 8 1 8 2 8 3 8 4 8 5 8 6 8 7 8 8 8 9 8 10 8 11 9 0 9 1 9 2 9 3 9 4 9 5 9 6 9 7 9 8 9 9 9 10 9 11 10 0 10 1 10 2 10 3 10 4 10 5 10 6 10 7 10 8 10 9 10 10 10 11 11 0 11 1 11 2 11 3 11 4 11 5 11 6 11 7 11 8 11 9 11 10 11 11
q 30 1 0 1 1 1 2 1 3 1 4 1 5 1 6 1 7 1 8 1 9 2 0 2 1 2 2 2 3 2 4 2 5 2 6 2 7 2 8 2 9 3 0 3 1 3 2 3 3 3 4 3 5 3 6 3 7 3 8 3 9
q 33 1 2 1 3 1 4 2 2 2 3 2 4 3 2 3 3 3 4 4 2 4 3 4 4 5 2 5 3 5 4 6 2 6 3 6 4 7 2 7 3 7 4 8 2 8 3 8 4 9 2 9 3 9 4 10 2 10 3 10 4 11 2 11 3 11 4
q 60 2 6 2 7 2 8 2 9 2 10 2 11 3 6 3 7 3 8 3 9 3 10 3 11 4 6 4 7 4 8 4 9 4 10 4 11 5 6 5 7 5 8 5 9 5 10 5 11 6 6 6 7 6 8 6 9 6 10 6 11 7 6 7 7 7 8 7 9 7 10 7 11 8 6 8 7 8 8 8 9 8 10 8 11 9 6 9 7 9 8 9 9 9 10 9 11 10 6 10 7 10 8 10 9 10 10 10 11 11 6 11 7 11 8 11 9 11 10 11 11
q 60 2 0 2 1 2 2 2 3 2 4 2 5 2 6 2 7 2 8 2 9 2 10 2 11 3 0 3 1 3 2 3 3 3 4 3 5 3 6 3 7 3 8 3 9 3 10 3 11 4 0 4 1 4 2 4 3 4 4 4 5 4 6 4 7 4 8 4 9 4 10 4 11 5 0 5 1 5 2 5 3 5 4 5 5 5 6 5 7 5 8 5 9 5 10 5 11 6 0 6 1 6 2 6 3 6 4 6 5 6 6 6 7 6 8 6 9 6 10 6 11
q 54 5 1 5 2 5 3 5 4 5 5 5 6 5 7 5 8 5 9 6 1 6 2 6 3 6 4 6 5 6 6 6 7 6 8 6 9 7 1 7 2 7 3 7 4 7 5 7 6 7 7 7 8 7 9 8 1 8 2 8 3 8 4 8 5 8 6 8 7 8 8 8 9 9 1 9 2 9 3 9 4 9 5 9 6 9 7 9 8 9 9 10 1 10 2 10 3 10 4 10 5 10 6 10 7 10 8 10 9
q 27 2 7 2 8 2 9 3 7 3 8 3 9 4 7 4 8 4 9 5 7 5 8 5 9 6 7 6 8 6 9 7 7 7 8 7 9 8 7 8 8 8 9 9 7 9 8 9 9 10 7 10 8 10 9
q 27 3 9 3 10 3 11 4 9 4 10 4 11 5 9 5 10 5 11 6 9 6 10 6 11 7 9 7 10 7 11 8 9 8 10 8 11 9 9 9 10 9 11 10 9 10 10 10 11 11 9 11 10 11 11
q 32 2 2 2 3 2 4 2 5 2 6 2 7 2 8 2 9 3 2 3 3 3 4 3 5 3 6 3 7 3 8 3 9 4 2 4 3 4 4 4 5 4 6 4 7 4 8 4 9 5 2 5 3 5 4 5 5 5 6 5 7 5 8 5 9
q 48 2 2 2 3 2 4 2 5 2 6 2 7 2 8 2 9 3 2 3 3 3 4 3 5 3 6 3 7 3 8 3 9 4 2 4 3 4 4 4 5 4 6 4 7 4 8 4 9 5 2 5 3 5 4 5 5 5 6 5 7 5 8 5 9 6 2 6 3 6 4 6 5 6 6 6 7 6 8 6 9 7 2 7 3 7 4 7 5 7 6 7 7 7 8 7 9
q 33 4 0 4 1 4 2 4 3 4 4 4 5 4 6 4 7 4 8 4 9 4 10 5 0 5 1 5 2 5 3 5 4 5 5 5 6 5 7 5 8 5 9 5 10 6 0 6 1 6 2 6 3 6 4 6 5 6 6 6 7 6 8 6 9 6 10
q 56 0 2 0 3 0 4 0 5 0 6 0 7 0 8 0 9 1 2 1 3 1 4 1 5 1 6 1 7 1 8 1 9 2 2 2 3 2 4 2 5 2 6 2 7 2 8 2 9 3 2 3 3 3 4 3 5 3 6 3 7 3 8 3 9 4 2 4 3 4 4 4 5 4 6 4 7 4 8 4 9 5 2 5 3 5 4 5 5 5 6 5 7 5 8 5 9 6 2 6 3 6 4 6 5 6 6 6 7 6 8 6 9
q 42 2 6 2 7 2 8 2 9 2 10 2 11 3 6 3 7 3 8 3 9 3 10 3 11 4 6 4 7 4 8 4 9 4 10 4 11 5 6 5 7 5 8 5 9 5 10 5 11 6 6 6 7 6 8 6 9 6 10 6 11 7 6 7 7 7 8 7 9 7 10 7 11 8 6 8 7 8 8 8 9 8 10 8 11
q 42 1 2 1 3 1 4 1 5 1 6 1 7 2 2 2 3 2 4 2 5 2 6 2 7 3 2 3 3 3 4 3 5 3 6 3 7 4 2 4 3 4 4 4 5 4 6 4 7 5 2 5 3 5 4 5 5 5 6 5 7 6 2 6 3 6 4 6 5 6 6 6 7 7 2 7 3 7 4 7 5 7 6 7 7
q 40 0 6 0 7 0 8 0 9 0 10 1 6 1 7 1 8 1 9 1 10 2 6 2 7 2 8 2 9 2 10 3 6 3 7 3 8 3 9 3 10 4 6 4 7 4 8 4 9 4 10 5 6 5 7 5 8 5 9 5 10 6 6 6 7 6 8 6 9 6 10 7 6 7 7 7 8 7 9 7 10
q 30 5 1 5 2 5 3 5 4 5 5 5 6 5 7 5 8 5 9 5 10 6 1 6 2 6 3 6 4 6 5 6 6 6 7 6 8 6 9 6 10 7 1 7 2 7 3 7 4 7 5 7 6 7 7 7 8 7 9 7 10
q 60 3 0 3 1 3 2 3 3 3 4 3 5 3 6 3 7 3 8 3 9 3 10 3 11 4 0 4 1 4 2 4 3 4 4 4 5 4 6 4 7 4 8 4 9 4 10 4 11 5 0 5 1 5 2 5 3 5 4 5 5 5 6 5 7 5 8 5 9 5 10 5 11 6 0 6 1 6 2 6 3 6 4 6 5 6 6 6 7 6 8 6 9 6 10 6 11 7 0 7 1 7 2 7 3 7 4 7 5 7 6 7 7 7 8 7 9 7 10 7 11
q 30 9 0 9 1 9 2 9 3 9 4 9 5 9 6 9 7 9 8 9 9 10 0 10 1 10 2 10 3 10 4 10 5 10 6 10 7 10 8 10 9 11 0 11 1 11 2 11 3 11 4 11 5 11 6 11 7 11 8 11 9
q 60 0 2 0 3 0 4 0 5 0 6 1 2 1 3 1 4 1 5 1 6 2 2 2 3 2 4 2 5 2 6 3 2 3 3 3 4 3 5 3 6 4 2 4 3 4 4 4 5 4 6 5 2 5 3 5 4 5 5 5 6 6 2 6 3 6 4 6 5 6 6 7 2 7 3 7 4 7 5 7 6 8 2 8 3 8 4 8 5 8 6 9 2 9 3 9 4 9 5 9 6 10 2 10 3 10 4 10 5 10 6 11 2 11 3 11 4 11 5 11 6
q 45 3 7 3 8 3 9 3 10 3 11 4 7 4 8 4 9 4 10 4 11 5 7 5 8 5 9 5 10 5 11 6 7 6 8 6 9 6 10 6 11 7 7 7 8 7 9 7 10 7 11 8 7 8 8 8 9 8 10 8 11 9 7 9 8 9 9 9 10 9 11 10 7 10 8 10 9 10 10 10 11 11 7 11 8 11 9 11 10 11 11
q 30 2 7 2 8 2 9 3 7 3 8 3 9 4 7 4 8 4 9 5 7 5 8 5 9 6 7 6 8 6 9 7 7 7 8 7 9 8 7 8 8 8 9 9 7 9 8 9 9 10 7 10 8 10 9 11 7 11 8 11 9
q 42 5 5 5 6 5 7 5 8 5 9 5 10 5 11 6 5 6 6 6 7 6 8 6 9 6 10 6 11 7 5 7 6 7 7 7 8 7 9 7 10 7 11 8 5 8 6 8 7 8 8 8 9 8 10 8 11 9 5 9 6 9 7 9 8 9 9 9 10 9 11 10 5 10 6 10 7 10 8 10 9 10 10 10 11
q 63 0 0 0 1 0 2 0 3 0 4 0 5 0 6 1 0 1 1 1 2 1 3 1 4 1 5 1 6 2 0 2 1 2 2 2 3 2 4 2 5 2 6 3 0 3 1 3 2 3 3 3 4 3 5 3 6 4 0 4 1 4 2 4 3 4 4 4 5 4 6 5 0 5 1 5 2 5 3 5 4 5 5 5 6 6 0 6 1 6 2 6 3 6 4 6 5 6 6 7 0 7 1 7 2 7 3 7 4 7 5 7 6 8 0 8 1 8 2 8 3 8 4 8 5 8 6
q 50 1 2 1 3 1 4 1 5 1 6 2 2 2 3 2 4 2 5 2 6 3 2 3 3 3 4 3 5 3 6 4 2 4 3 4 4 4 5 4 6 5 2 5 3 5 4 5 5 5 6 6 2 6 3 6 4 6 5 6 6 7 2 7 3 7 4 7 5 7 6 8 2 8 3 8 4 8 5 8 6 9 2 9 3 9 4 9 5 9 6 10 2 10 3 10 4 10 5 10 6
q 45 0 4 0 5 0 6 0 7 0 8 1 4 1 5 1 6 1 7 1 8 2 4 2 5 2 6 2 7 2 8 3 4 3 5 3 6 3 7 3 8 4 4 4 5 4 6 4 7 4 8 5 4 5 5 5 6 5 7 5 8 6 4 6 5 6 6 6 7 6 8 7 4 7 5 7 6 7 7 7 8 8 4 8 5 8 6 8 7 8 8
q 55 0 1 0 2 0 3 0 4 0 5 0 6 0 7 0 8 0 9 0 10 0 11 1 1 1 2 1 3 1 4 1 5 1 6 1 7 1 8 1 9 1 10 1 11 2 1 2 2 2 3 2 4 2 5 2 6 2 7 2 8 2 9 2 10 2 11 3 1 3 2 3 3 3 4 3 5 3 6 3 7 3 8 3 9 3 10 3 11 4 1 4 2 4 3 4 4 4 5 4 6 4 7 4 8 4 9 4 10 4 11
q 32 5 2 5 3 5 4 5 5 5 6 5 7 5 8 5 9 6 2 6 3 6 4 6 5 6 6 6 7 6 8 6 9 7 2 7 3 7 4 7 5 7 6 7 7 7 8 7 9 8 2 8 3 8 4 8 5 8 6 8 7 8 8 8 9
q 49 5 2 5 3 5 4 5 5 5 6 5 7 5 8 6 2 6 3 6 4 6 5 6 6 6 7 6 8 7 2 7 3 7 4 7 5 7 6 7 7 7 8 8 2 8 3 8 4 8 5 8 6 8 7 8 8 9 2 9 3 9 4 9 5 9 6 9 7 9 8 10 2 10 3 10 4 10 5 10 6 10 7 10 8 11 2 11 3 11 4 11 5 11 6 11 7 11 8
q 54 0 0 0 1 0 2 0 3 0 4 0 5 0 6 0 7 0 8 1 0 1 1 1 2 1 3 1 4 1 5 1 6 1 7 1 8 2 0 2 1 2 2 2 3 2 4 2 5 2 6 2 7 2 8 3 0 3 1 3 2 3 3 3 4 3 5 3 6 3 7 3 8 4 0 4 1 4 2 4 3 4 4 4 5 4 6 4 7 4 8 5 0 5 1 5 2 5 3 5 4 5 5 5 6 5 7 5 8
q 50 4 0 4 1 4 2 4 3 4 4 4 5 4 6 4 7 4 8 4 9 5 0 5 1 5 2 5 3 5 4 5 5 5 6 5 7 5 8 5 9 6 0 6 1 6 2 6 3 6 4 6 5 6 6 6 7 6 8 6 9 7 0 7 1 7 2 7 3 7 4 7 5 7 6 7 7 7 8 7 9 8 0 8 1 8 2 8 3 8 4 8 5 8 6 8 7 8 8 8 9
q 33 6 0 6 1 6 2 6 3 6 4 6 5 6 6 6 7 6 8 6 9 6 10 7 0 7 1 7 2 7 3 7 4 7 5 7 6 7 7 7 8 7 9 7 10 8 0 8 1 8 2 8 3 8 4 8 5 8 6 8 7 8 8 8 9 8 10
q 45 2 0 2 1 2 2 2 3 2 4 2 5 2 6 2 7 2 8 3 0 3 1 3 2 3 3 3 4 3 5 3 6 3 7 3 8 4 0 4 1 4 2 4 3 4 4 4 5 4 6 4 7 4 8 5 0 5 1 5 2 5 3 5 4 5 5 5 6 5 7 5 8 6 0 6 1 6 2 6 3 6 4 6 5 6 6 6 7 6 8
q 60 2 6 2 7 2 8 2 9 2 10 2 11 3 6 3 7 3 8 3 9 3 10 3 11 4 6 4 7 4 8 4 9 4 10 4 11 5 6 5 7 5 8 5 9 5 10 5 11 6 6 6 7 6 8 6 9 6 10 6 11 7 6 7 7 7 8 7 9 7 10 7 11 8 6 8 7 8 8 8 9 8 10 8 11 9 6 9 7 9 8 9 9 9 10 9 11 10 6 10 7 10 8 10 9 10 10 10 11 11 6 11 7 11 8 11 9 11 10 11 11
q 33 0 2 0 3 0 4 1 2 1 3 1 4 2 2 2 3 2 4 3 2 3 3 3 4 4 2 4 3 4 4 5 2 5 3 5 4 6 2 6 3 6 4 7 2 7 3 7 4 8 2 8 3 8 4 9 2 9 3 9 4 10 2 10 3 10 4
q 45 7 0 7 1 7 2 7 3 7 4 7 5 7 6 7 7 7 8 8 0 8 1 8 2 8 3 8 4 8 5 8 6 8 7 8 8 9 0 9 1 9 2 9 3 9 4 9 5 9 6 9 7 9 8 10 0 10 1 10 2 10 3 10 4 10 5 10 6 10 7 10 8 11 0 11 1 11 2 11 3 11 4 11 5 11 6 11 7 11 8
q 48 0 0 0 1 0 2 0 3 0 4 0 5 0 6 0 7 0 8 0 9 0 10 0 11 1 0 1 1 1 2 1 3 1 4 1 5 1 6 1 7 1 8 1 9 1 10 1 11 2 0 2 1 2 2 2 3 2 4 2 5 2 6 2 7 2 8 2 9 2 10 2 11 3 0 3 1 3 2 3 3 3 4 3 5 3 6 3 7 3 8 3 9 3 10 3 11
q 50 0 2 0 3 0 4 0 5 0 6 1 2 1 3 1 4 1 5 1 6 2 2 2 3 2 4 2 5 2 6 3 2 3 3 3 4 3 5 3 6 4 2 4 3 4 4 4 5 4 6 5 2 5 3 5 4 5 5 5 6 6 2 6 3 6 4 6 5 6 6 7 2 7 3 7 4 7 5 7 6 8 2 8 3 8 4 8 5 8 6 9 2 9 3 9 4 9 5 9 6
q 28 1 5 1 6 1 7 1 8 1 9 1 10 1 11 2 5 2 6 2 7 2 8 2 9 2 10 2 11 3 5 3 6 3 7 3 8 3 9 3 10 3 11 4 5 4 6 4 7 4 8 4 9 4 10 4 11
q 36 0 7 0 8 0 9 1 7 1 8 1 9 2 7 2 8 2 9 3 7 3 8 3 9 4 7 4 8 4 9 5 7 5 8 5 9 6 7 6 8 6 9 7 7 7 8 7 9 8 7 8 8 8 9 9 7 9 8 9 9 10 7 10 8 10 9 11 7 11 8 11 9
q 30 2 4 2 5 2 6 2 7 2 8 3 4 3 5 3 6 3 7 3 8 4 4 4 5 4 6 4 7 4 8 5 4 5 5 5 6 5 7 5 8 6 4 6 5 6 6 6 7 6 8 7 4 7 5 7 6 7 7 7 8
q 35 3 4 3 5 3 6 3 7 3 8 3 9 3 10 4 4 4 5 4 6 4 7 4 8 4 9 4 10 5 4 5 5 5 6 5 7 5 8 5 9 5 10 6 4 6 5 6 6 6 7 6 8 6 9 6 10 7 4 7 5 7 6 7 7 7 8 7 9 7 10
q 60 0 5 0 6 0 7 0 8 0 9 1 5 1 6 1 7 1 8 1 9 2 5 2 6 2 7 2 8 2 9 3 5 3 6 3 7 3 8 3 9 4 5 4 6 4 7 4 8 4 9 5 5 5 6 5 7 5 8 5 9 6 5 6 6 6 7 6 8 6 9 7 5 7 6 7 7 7 8 7 9 8 5 8 6 8 7 8 8 8 9 9 5 9 6 9 7 9 8 9 9 10 5 10 6 10 7 10 8 10 9 11 5 11 6 11 7 11 8 11 9
q 35 0 2 0 3 0 4 0 5 0 6 0 7 0 8 1 2 1 3 1 4 1 5 1 6 1 7 1 8 2 2 2 3 2 4 2 5 2 6 2 7 2 8 3 2 3 3 3 4 3 5 3 6 3 7 3 8 4 2 4 3 4 4 4 5 4 6 4 7 4 8
q 64 0 4 0 5 0 6 0 7 0 8 0 9 0 10 0 11 1 4 1 5 1 6 1 7 1 8 1 9 1 10 1 11 2 4 2 5 2 6 2 7 2 8 2 9 2 10 2 11 3 4 3 5 3 6 3 7 3 8 3 9 3 10 3 11 4 4 4 5 4 6 4 7 4 8 4 9 4 10 4 11 5 4 5 5 5 6 5 7 5 8 5 9 5 10 5 11 6 4 6 5 6 6 6 7 6 8 6 9 6 10 6 11 7 4 7 5 7 6 7 7 7 8 7 9 7 10 7 11
q 32 4 2 4 3 4 4 4 5 4 6 4 7 4 8 4 9 5 2 5 3 5 4 5 5 5 6 5 7 5 8 5 9 6 2 6 3 6 4 6 5 6 6 6 7 6 8 6 9 7 2 7 3 7 4 7 5 7 6 7 7 7 8 7 9
q 40 3 3 3 4 3 5 3 6 3 7 3 8 3 9 3 10 4 3 4 4 4 5 4 6 4 7 4 8 4 9 4 10 5 3 5 4 5 5 5 6 5 7 5 8 5 9 5 10 6 3 6 4 6 5 6 6 6 7 6 8 6 9 6 10 7 3 7 4 7 5 7 6 7 7 7 8 7 9 7 10
q 56 3 2 3 3 3 4 3 5 3 6 3 7 3 8 3 9 4 2 4 3 4 4 4 5 4 6 4 7 4 8 4 9 5 2 5 3 5 4 5 5 5 6 5 7 5 8 5 9 6 2 6 3 6 4 6 5 6 6 6 7 6 8 6 9 7 2 7 3 7 4 7 5 7 6 7 7 7 8 7 9 8 2 8 3 8 4 8 5 8 6 8 7 8 8 8 9 9 2 9 3 9 4 9 5 9 6 9 7 9 8 9 9
q 40 7 3 7 4 7 5 7 6 7 7 7 8 7 9 7 10 8 3 8 4 8 5 8 6 8 7 8 8 8 9 8 10 9 3 9 4 9 5 9 6 9 7 9 8 9 9 9 10 10 3 10 4 10 5 10 6 10 7 10 8 10 9 10 10 11 3 11 4 11 5 11 6 11 7 11 8 11 9 11 10
q 30 2 2 2 3 2 4 2 5 2 6 2 7 3 2 3 3 3 4 3 5 3 6 3 7 4 2 4 3 4 4 4 5 4 6 4 7 5 2 5 3 5 4 5 5 5 6 5 7 6 2 6 3 6 4 6 5 6 6 6 7
q 40 2 0 2 1 2 2 2 3 2 4 3 0 3 1 3 2 3 3 3 4 4 0 4 1 4 2 4 3 4 4 5 0 5 1 5 2 5 3 5 4 6 0 6 1 6 2 6 3 6 4 7 0 7 1 7 2 7 3 7 4 8 0 8 1 8 2 8 3 8 4 9 0 9 1 9 2 9 3 9 4
q 28 0 1 0 2 0 3 0 4 1 1 1 2 1 3 1 4 2 1 2 2 2 3 2 4 3 1 3 2 3 3 3 4 4 1 4 2 4 3 4 4 5 1 5 2 5 3 5 4 6 1 6 2 6 3 6 4
q 42 3 0 3 1 3 2 3 3 3 4 3 5 3 6 4 0 4 1 4 2 4 3 4 4 4 5 4 6 5 0 5 1 5 2 5 3 5 4 5 5 5 6 6 0 6 1 6 2 6 3 6 4 6 5 6 6 7 0 7 1 7 2 7 3 7 4 7 5 7 6 8 0 8 1 8 2 8 3 8 4 8 5 8 6
q 36 5 1 5 2 5 3 5 4 5 5 5 6 6 1 6 2 6 3 6 4 6 5 6 6 7 1 7 2 7 3 7 4 7 5 7 6 8 1 8 2 8 3 8 4 8 5 8 6 9 1 9 2 9 3 9 4 9 5 9 6 10 1 10 2 10 3 10 4 10 5 10 6
q 48 0 2 0 3 0 4 0 5 0 6 0 7 0 8 0 9 1 2 1 3 1 4 1 5 1 6 1 7 1 8 1 9 2 2 2 3 2 4 2 5 2 6 2 7 2 8 2 9 3 2 3 3 3 4 3 5 3 6 3 7 3 8 3 9 4 2 4 3 4 4 4 5 4 6 4 7 4 8 4 9 5 2 5 3 5 4 5 5 5 6 5 7 5 8 5 9
q 33 0 0 0 1 0 2 0 3 0 4 0 5 0 6 0 7 0 8 0 9 0 10 1 0 1 1 1 2 1 3 1 4 1 5 1 6 1 7 1 8 1 9 1 10 2 0 2 1 2 2 2 3 2 4 2 5 2 6 2 7 2 8 2 9 2 10
q 35 1 6 1 7 1 8 1 9 1 10 2 6 2 7 2 8 2 9 2 10 3 6 3 7 3 8 3 9 3 10 4 6 4 7 4 8 4 9 4 10 5 6 5 7 5 8 5 9 5 10 6 6 6 7 6 8 6 9 6 10 7 6 7 7 7 8 7 9 7 10
q 25 7 6 7 7 7 8 7 9 7 10 8 6 8 7 8 8 8 9 8 10 9 6 9 7 9 8 9 9 9 10 10 6 10 7 10 8 10 9 10 10 11 6 11 7 11 8 11 9 11 10
q 45 7 2 7 3 7 4 7 5 7 6 7 7 7 8 7 9 7 10 8 2 8 3 8 4 8 5 8 6 8 7 8 8 8 9 8 10 9 2 9 3 9 4 9 5 9 6 9 7 9 8 9 9 9 10 10 2 10 3 10 4 10 5 10 6 10 7 10 8 10 9 10 10 11 2 11 3 11 4 11 5 11 6 11 7 11 8 11 9 11 10
q 32 0 0 0 1 0 2 0 3 0 4 0 5 0 6 0 7 1 0 1 1 1 2 1 3 1 4 1 5 1 6 1 7 2 0 2 1 2 2 2 3 2 4 2 5 2 6 2 7 3 0 3 1 3 2 3 3 3 4 3 5 3 6 3 7
q 45 6 1 6 2 6 3 6 4 6 5 6 6 6 7 6 8 6 9 7 1 7 2 7 3 7 4 7 5 7 6 7 7 7 8 7 9 8 1 8 2 8 3 8 4 8 5 8 6 8 7 8 8 8 9 9 1 9 2 9 3 9 4 9 5 9 6 9 7 9 8 9 9 10 1 10 2 10 3 10 4 10 5 10 6 10 7 10 8 10 9
q 63 1 2 1 3 1 4 1 5 1 6 1 7 1 8 2 2 2 3 2 4 2 5 2 6 2 7 2 8 3 2 3 3 3 4 3 5 3 6 3 7 3 8 4 2 4 3 4 4 4 5 4 6 4 7 4 8 5 2 5 3 5 4 5 5 5 6 5 7 5 8 6 2 6 3 6 4 6 5 6 6 6 7 6 8 7 2 7 3 7 4 7 5 7 6 7 7 7 8 8 2 8 3 8 4 8 5 8 6 8 7 8 8 9 2 9 3 9 4 9 5 9 6 9 7 9 8
q 27 0 9 0 10 0 11 1 9 1 10 1 11 2 9 2 10 2 11 3 9 3 10 3 11 4 9 4 10 4 11 5 9 5 10 5 11 6 9 6 10 6 11 7 9 7 10 7 11 8 9 8 10 8 11
q 48 4 0 4 1 4 2 4 3 4 4 4 5 5 0 5 1 5 2 5 3 5 4 5 5 6 0 6 1 6 2 6 3 6 4 6 5 7 0 7 1 7 2 7 3 7 4 7 5 8 0 8 1 8 2 8 3 8 4 8 5 9 0 9 1 9 2 9 3 9 4 9 5 10 0 10 1 10 2 10 3 10 4 10 5 11 0 11 1 11 2 11 3 11 4 11 5
q 44 5 0 5 1 5 2 5 3 5 4 5 5 5 6 5 7 5 8 5 9 5 10 6 0 6 1 6 2 6 3 6 4 6 5 6 6 6 7 6 8 6 9 6 10 7 0 7 1 7 2 7 3 7 4 7 5 7 6 7 7 7 8 7 9 7 10 8 0 8 1 8 2 8 3 8 4 8 5 8 6 8 7 8 8 8 9 8 10
q 30 4 0 4 1 4 2 4 3 4 4 4 5 5 0 5 1 5 2 5 3 5 4 5 5 6 0 6 1 6 2 6 3 6 4 6 5 7 0 7 1 7 2 7 3 7 4 7 5 8 0 8 1 8 2 8 3 8 4 8 5
q 30 0 3 0 4 0 5 1 3 1 4 1 5 2 3 2 4 2 5 3 3 3 4 3 5 4 3 4 4 4 5 5 3 5 4 5 5 6 3 6 4 6 5 7 3 7 4 7 5 8 3 8 4 8 5 9 3 9 4 9 5
q 40 2 4 2 5 2 6 2 7 2 8 2 9 2 10 2 11 3 4 3 5 3 6 3 7 3 8 3 9 3 10 3 11 4 4 4 5 4 6 4 7 4 8 4 9 4 10 4 11 5 4 5 5 5 6 5 7 5 8 5 9 5 10 5 11 6 4 6 5 6 6 6 7 6 8 6 9 6 10 6 11
q 33 1 6 1 7 1 8 2 6 2 7 2 8 3 6 3 7 3 8 4 6 4 7 4 8 5 6 5 7 5 8 6 6 6 7 6 8 7 6 7 7 7 8 8 6 8 7 8 8 9 6 9 7 9 8 10 6 10 7 10 8 11 6 11 7 11 8
q 60 2 0 2 1 2 2 2 3 2 4 2 5 2 6 2 7 2 8 2 9 2 10 2 11 3 0 3 1 3 2 3 3 3 4 3 5 3 6 3 7 3 8 3 9 3 10 3 11 4 0 4 1 4 2 4 3 4 4 4 5 4 6 4 7 4 8 4 9 4 10 4 11 5 0 5 1 5 2 5 3 5 4 5 5 5 6 5 7 5 8 5 9 5 10 5 11 6 0 6 1 6 2 6 3 6 4 6 5 6 6 6 7 6 8 6 9 6 10 6 11
q 27 9 1 9 2 9 3 9 4 9 5 9 6 9 7 9 8 9 9 10 1 10 2 10 3 10 4 10 5 10 6 10 7 10 8 10 9 11 1 11 2 11 3 11 4 11 5 11 6 11 7 11 8 11 9
q 55 0 0 0 1 0 2 0 3 0 4 1 0 1 1 1 2 1 3 1 4 2 0 2 1 2 2 2 3 2 4 3 0 3 1 3 2 3 3 3 4 4 0 4 1 4 2 4 3 4 4 5 0 5 1 5 2 5 3 5 4 6 0 6 1 6 2 6 3 6 4 7 0 7 1 7 2 7 3 7 4 8 0 8 1 8 2 8 3 8 4 9 0 9 1 9 2 9 3 9 4 10 0 10 1 10 2 10 3 10 4
q 60 2 3 2 4 2 5 2 6 2 7 2 8 3 3 3 4 3 5 3 6 3 7 3 8 4 3 4 4 4 5 4 6 4 7 4 8 5 3 5 4 5 5 5 6 5 7 5 8 6 3 6 4 6 5 6 6 6 7 6 8 7 3 7 4 7 5 7 6 7 7 7 8 8 3 8 4 8 5 8 6 8 7 8 8 9 3 9 4 9 5 9 6 9 7 9 8 10 3 10 4 10 5 10 6 10 7 10 8 11 3 11 4 11 5 11 6 11 7 11 8
q 48 4 0 4 1 4 2 4 3 4 4 4 5 4 6 4 7 4 8 4 9 4 10 4 11 5 0 5 1 5 2 5 3 5 4 5 5 5 6 5 7 5 8 5 9 5 10 5 11 6 0 6 1 6 2 6 3 6 4 6 5 6 6 6 7 6 8 6 9 6 10 6 11 7 0 7 1 7 2 7 3 7 4 7 5 7 6 7 7 7 8 7 9 7 10 7 11
q 24 6 1 6 2 6 3 6 4 6 5 6 6 6 7 6 8 7 1 7 2 7 3 7 4 7 5 7 6 7 7 7 8 8 1 8 2 8 3 8 4 8 5 8 6 8 7 8 8
q 24 6 4 6 5 6 6 6 7 6 8 6 9 7 4 7 5 7 6 7 7 7 8 7 9 8 4 8 5 8 6 8 7 8 8 8 9 9 4 9 5 9 6 9 7 9 8 9 9
q 36 6 1 6 2 6 3 6 4 6 5 6 6 7 1 7 2 7 3 7 4 7 5 7 6 8 1 8 2 8 3 8 4 8 5 8 6 9 1 9 2 9 3 9 4 9 5 9 6 10 1 10 2 10 3 10 4 10 5 10 6 11 1 11 2 11 3 11 4 11 5 11 6
q 35 3 4 3 5 3 6 3 7 3 8 3 9 3 10 4 4 4 5 4 6 4 7 4 8 4 9 4 10 5 4 5 5 5 6 5 7 5 8 5 9 5 10 6 4 6 5 6 6 6 7 6 8 6 9 6 10 7 4 7 5 7 6 7 7 7 8 7 9 7 10
q 36 1 2 1 3 1 4 1 5 1 6 1 7 2 2 2 3 2 4 2 5 2 6 2 7 3 2 3 3 3 4 3 5 3 6 3 7 4 2 4 3 4 4 4 5 4 6 4 7 5 2 5 3 5 4 5 5 5 6 5 7 6 2 6 3 6 4 6 5 6 6 6 7
q 33 1 3 1 4 1 5 2 3 2 4 2 5 3 3 3 4 3 5 4 3 4 4 4 5 5 3 5 4 5 5 6 3 6 4 6 5 7 3 7 4 7 5 8 3 8 4 8 5 9 3 9 4 9 5 10 3 10 4 10 5 11 3 11 4 11 5
q 49 1 0 1 1 1 2 1 3 1 4 1 5 1 6 2 0 2 1 2 2 2 3 2 4 2 5 2 6 3 0 3 1 3 2 3 3 3 4 3 5 3 6 4 0 4 1 4 2 4 3 4 4 4 5 4 6 5 0 5 1 5 2 5 3 5 4 5 5 5 6 6 0 6 1 6 2 6 3 6 4 6 5 6 6 7 0 7 1 7 2 7 3 7 4 7 5 7 6
q 11 0 10 1 10 2 10 3 10 4 10 5 10 6 10 7 10 8 10 9 10 10 10
q 36 2 1 2 2 2 3 2 4 3 1 3 2 3 3 3 4 4 1 4 2 4 3 4 4 5 1 5 2 5 3 5 4 6 1 6 2 6 3 6 4 7 1 7 2 7 3 7 4 8 1 8 2 8 3 8 4 9 1 9 2 9 3 9 4 10 1 10 2 10 3 10 4
q 12 5 5 5 6 5 7 5 8 5 9 5 10 6 5 6 6 6 7 6 8 6 9 6 10
q 33 0 6 0 7 0 8 1 6 1 7 1 8 2 6 2 7 2 8 3 6 3 7 3 8 4 6 4 7 4 8 5 6 5 7 5 8 6 6 6 7 6 8 7 6 7 7 7 8 8 6 8 7 8 8 9 6 9 7 9 8 10 6 10 7 10 8
q 30 0 6 0 7 0 8 1 6 1 7 1 8 2 6 2 7 2 8 3 6 3 7 3 8 4 6 4 7 4 8 5 6 5 7 5 8 6 6 6 7 6 8 7 6 7 7 7 8 8 6 8 7 8 8 9 6 9 7 9 8
q 2 7 9 7 10
q 16 3 6 3 7 3 8 3 9 4 6 4 7 4 8 4 9 5 6 5 7 5 8 5 9 6 6 6 7 6 8 6 9
q 48 0 2 0 3 0 4 0 5 1 2 1 3 1 4 1 5 2 2 2 3 2 4 2 5 3 2 3 3 3 4 3 5 4 2 4 3 4 4 4 5 5 2 5 3 5 4 5 5 6 2 6 3 6 4 6 5 7 2 7 3 7 4 7 5 8 2 8 3 8 4 8 5 9 2 9 3 9 4 9 5 10 2 10 3 10 4 10 5 11 2 11 3 11 4 11 5
q 2 9 5 9 6
q 1 0 3
q 60 5 0 5 1 5 2 5 3 5 4 5 5 5 6 5 7 5 8 5 9 6 0 6 1 6 2 6 3 6 4 6 5 6 6 6 7 6 8 6 9 7 0 7 1 7 2 7 3 7 4 7 5 7 6 7 7 7 8 7 9 8 0 8 1 8 2 8 3 8 4 8 5 8 6 8 7 8 8 8 9 9 0 9 1 9 2 9 3 9 4 9 5 9 6 9 7 9 8 9 9 10 0 10 1 10 2 10 3 10 4 10 5 10 6 10 7 10 8 10 9
q 14 0 0 0 1 0 2 0 3 0 4 0 5 0 6 1 0 1 1 1 2 1 3 1 4 1 5 1 6
q 7 0 6 1 6 2 6 3 6 4 6 5 6 6 6
q 18 3 0 3 1 4 0 4 1 5 0 5 1 6 0 6 1 7 0 7 1 8 0 8 1 9 0 9 1 10 0 10 1 11 0 11 1
q 15 1 1 1 2 1 3 2 1 2 2 2 3 3 1 3 2 3 3 4 1 4 2 4 3 5 1 5 2 5 3
q 20 1 4 1 5 2 4 2 5 3 4 3 5 4 4 4 5 5 4 5 5 6 4 6 5 7 4 7 5 8 4 8 5 9 4 9 5 10 4 10 5
q 9 3 2 3 3 3 4 4 2 4 3 4 4 5 2 5 3 5 4
q 48 5 0 5 1 5 2 5 3 5 4 5 5 5 6 5 7 5 8 5 9 5 10 5 11 6 0 6 1 6 2 6 3 6 4 6 5 6 6 6 7 6 8 6 9 6 10 6 11 7 0 7 1 7 2 7 3 7 4 7 5 7 6 7 7 7 8 7 9 7 10 7 11 8 0 8 1 8 2 8 3 8 4 8 5 8 6 8 7 8 8 8 9 8 10 8 11
q 12 6 4 6 5 7 4 7 5 8 4 8 5 9 4 9 5 10 4 10 5 11 4 11 5
q 40 2 0 2 1 2 2 2 3 2 4 2 5 2 6 2 7 2 8 2 9 3 0 3 1 3 2 3 3 3 4 3 5 3 6 3 7 3 8 3 9 4 0 4 1 4 2 4 3 4 4 4 5 4 6 4 7 4 8 4 9 5 0 5 1 5 2 5 3 5 4 5 5 5 6 5 7 5 8 5 9
q 28 2 2 2 3 2 4 2 5 3 2 3 3 3 4 3 5 4 2 4 3 4 4 4 5 5 2 5 3 5 4 5 5 6 2 6 3 6 4 6 5 7 2 7 3 7 4 7 5 8 2 8 3 8 4 8 5
q 54 4 1 4 2 4 3 4 4 4 5 4 6 4 7 4 8 4 9 5 1 5 2 5 3 5 4 5 5 5 6 5 7 5 8 5 9 6 1 6 2 6 3 6 4 6 5 6 6 6 7 6 8 6 9 7 1 7 2 7 3 7 4 7 5 7 6 7 7 7 8 7 9 8 1 8 2 8 3 8 4 8 5 8 6 8 7 8 8 8 9 9 1 9 2 9 3 9 4 9 5 9 6 9 7 9 8 9 9
q 4 8 2 8 3 8 4 8 5
q 48 2 0 2 1 2 2 2 3 2 4 2 5 2 6 2 7 2 8 2 9 2 10 2 11 3 0 3 1 3 2 3 3 3 4 3 5 3 6 3 7 3 8 3 9 3 10 3 11 4 0 4 1 4 2 4 3 4 4 4 5 4 6 4 7 4 8 4 9 4 10 4 11 5 0 5 1 5 2 5 3 5 4 5 5 5 6 5 7 5 8 5 9 5 10 5 11
q 22 1 1 1 2 1 3 1 4 1 5 1 6 1 7 1 8 1 9 1 10 1 11 2 1 2 2 2 3 2 4 2 5 2 6 2 7 2 8 2 9 2 10 2 11
q 44 0 4 0 5 0 6 0 7 1 4 1 5 1 6 1 7 2 4 2 5 2 6 2 7 3 4 3 5 3 6 3 7 4 4 4 5 4 6 4 7 5 4 5 5 5 6 5 7 6 4 6 5 6 6 6 7 7 4 7 5 7 6 7 7 8 4 8 5 8 6 8 7 9 4 9 5 9 6 9 7 10 4 10 5 10 6 10 7
q 24 9 1 9 2 9 3 9 4 9 5 9 6 9 7 9 8 10 1 10 2 10 3 10 4 10 5 10 6 10 7 10 8 11 1 11 2 11 3 11 4 11 5 11 6 11 7 11 8
q 4 2 3 3 3 4 3 5 3
q 10 7 0 7 1 7 2 7 3 7 4 8 0 8 1 8 2 8 3 8 4
q 15 4 1 4 2 4 3 5 1 5 2 5 3 6 1 6 2 6 3 7 1 7 2 7 3 8 1 8 2 8 3
q 40 3 0 3 1 3 2 3 3 3 4 3 5 3 6 3 7 3 8 3 9 4 0 4 1 4 2 4 3 4 4 4 5 4 6 4 7 4 8 4 9 5 0 5 1 5 2 5 3 5 4 5 5 5 6 5 7 5 8 5 9 6 0 6 1 6 2 6 3 6 4 6 5 6 6 6 7 6 8 6 9
q 60 5 0 5 1 5 2 5 3 5 4 5 5 5 6 5 7 5 8 5 9 5 10 5 11 6 0 6 1 6 2 6 3 6 4 6 5 6 6 6 7 6 8 6 9 6 10 6 11 7 0 7 1 7 2 7 3 7 4 7 5 7 6 7 7 7 8 7 9 7 10 7 11 8 0 8 1 8 2 8 3 8 4 8 5 8 6 8 7 8 8 8 9 8 10 8 11 9 0 9 1 9 2 9 3 9 4 9 5 9 6 9 7 9 8 9 9 9 10 9 11
q 9 1 2 2 2 3 2 4 2 5 2 6 2 7 2 8 2 9 2
q 55 2 0 2 1 2 2 2 3 2 4 2 5 2 6 2 7 2 8 2 9 2 10 3 0 3 1 3 2 3 3 3 4 3 5 3 6 3 7 3 8 3 9 3 10 4 0 4 1 4 2 4 3 4 4 4 5 4 6 4 7 4 8 4 9 4 10 5 0 5 1 5 2 5 3 5 4 5 5 5 6 5 7 5 8 5 9 5 10 6 0 6 1 6 2 6 3 6 4 6 5 6 6 6 7 6 8 6 9 6 10
q 8 7 5 7 6 8 5 8 6 9 5 9 6 10 5 10 6
q 40 2 3 2 4 2 5 2 6 2 7 3 3 3 4 3 5 3 6 3 7 4 3 4 4 4 5 4 6 4 7 5 3 5 4 5 5 5 6 5 7 6 3 6 4 6 5 6 6 6 7 7 3 7 4 7 5 7 6 7 7 8 3 8 4 8 5 8 6 8 7 9 3 9 4 9 5 9 6 9 7
q 4 0 10 1 10 2 10 3 10
q 12 1 0 1 1 1 2 1 3 1 4 1 5 1 6 1 7 1 8 1 9 1 10 1 11
q 44 0 2 0 3 0 4 0 5 1 2 1 3 1 4 1 5 2 2 2 3 2 4 2 5 3 2 3 3 3 4 3 5 4 2 4 3 4 4 4 5 5 2 5 3 5 4 5 5 6 2 6 3 6 4 6 5 7 2 7 3 7 4 7 5 8 2 8 3 8 4 8 5 9 2 9 3 9 4 9 5 10 2 10 3 10 4 10 5
q 48 0 4 0 5 0 6 0 7 1 4 1 5 1 6 1 7 2 4 2 5 2 6 2 7 3 4 3 5 3 6 3 7 4 4 4 5 4 6 4 7 5 4 5 5 5 6 5 7 6 4 6 5 6 6 6 7 7 4 7 5 7 6 7 7 8 4 8 5 8 6 8 7 9 4 9 5 9 6 9 7 10 4 10 5 10 6 10 7 11 4 11 5 11 6 11 7
q 27 2 7 2 8 2 9 3 7 3 8 3 9 4 7 4 8 4 9 5 7 5 8 5 9 6 7 6 8 6 9 7 7 7 8 7 9 8 7 8 8 8 9 9 7 9 8 9 9 10 7 10 8 10 9
q 12 3 1 3 2 3 3 3 4 3 5 3 6 4 1 4 2 4 3 4 4 4 5 4 6
q 56 3 0 3 1 3 2 3 3 3 4 3 5 3 6 3 7 4 0 4 1 4 2 4 3 4 4 4 5 4 6 4 7 5 0 5 1 5 2 5 3 5 4 5 5 5 6 5 7 6 0 6 1 6 2 6 3 6 4 6 5 6 6 6 7 7 0 7 1 7 2 7 3 7 4 7 5 7 6 7 7 8 0 8 1 8 2 8 3 8 4 8 5 8 6 8 7 9 0 9 1 9 2 9 3 9 4 9 5 9 6 9 7
q 56 1 2 1 3 1 4 1 5 1 6 1 7 1 8 1 9 2 2 2 3 2 4 2 5 2 6 2 7 2 8 2 9 3 2 3 3 3 4 3 5 3 6 3 7 3 8 3 9 4 2 4 3 4 4 4 5 4 6 4 7 4 8 4 9 5 2 5 3 5 4 5 5 5 6 5 7 5 8 5 9 6 2 6 3 6 4 6 5 6 6 6 7 6 8 6 9 7 2 7 3 7 4 7 5 7 6 7 7 7 8 7 9
q 15 0 4 0 5 0 6 1 4 1 5 1 6 2 4 2 5 2 6 3 4 3 5 3 6 4 4 4 5 4 6
q 18 0 8 0 9 1 8 1 9 2 8 2 9 3 8 3 9 4 8 4 9 5 8 5 9 6 8 6 9 7 8 7 9 8 8 8 9
q 1 3 2
q 10 4 6 4 7 4 8 4 9 4 10 5 6 5 7 5 8 5 9 5 10
q 18 2 7 2 8 3 7 3 8 4 7 4 8 5 7 5 8 6 7 6 8 7 7 7 8 8 7 8 8 9 7 9 8 10 7 10 8
q 45 1 3 1 4 1 5 1 6 1 7 2 3 2 4 2 5 2 6 2 7 3 3 3 4 3 5 3 6 3 7 4 3 4 4 4 5 4 6 4 7 5 3 5 4 5 5 5 6 5 7 6 3 6 4 6 5 6 6 6 7 7 3 7 4 7 5 7 6 7 7 8 3 8 4 8 5 8 6 8 7 9 3 9 4 9 5 9 6 9 7
q 32 2 0 2 1 2 2 2 3 3 0 3 1 3 2 3 3 4 0 4 1 4 2 4 3 5 0 5 1 5 2 5 3 6 0 6 1 6 2 6 3 7 0 7 1 7 2 7 3 8 0 8 1 8 2 8 3 9 0 9 1 9 2 9 3
q 42 5 6 5 7 5 8 5 9 5 10 5 11 6 6 6 7 6 8 6 9 6 10 6 11 7 6 7 7 7 8 7 9 7 10 7 11 8 6 8 7 8 8 8 9 8 10 8 11 9 6 9 7 9 8 9 9 9 10 9 11 10 6 10 7 10 8 10 9 10 10 10 11 11 6 11 7 11 8 11 9 11 10 11 11
q 16 2 0 2 1 3 0 3 1 4 0 4 1 5 0 5 1 6 0 6 1 7 0 7 1 8 0 8 1 9 0 9 1
q 9 11 2 11 3 11 4 11 5 11 6 11 7 11 8 11 9 11 10
q 9 0 0 1 0 2 0 3 0 4 0 5 0 6 0 7 0 8 0
q 48 4 4 4 5 4 6 4 7 4 8 4 9 5 4 5 5 5 6 5 7 5 8 5 9 6 4 6 5 6 6 6 7 6 8 6 9 7 4 7 5 7 6 7 7 7 8 7 9 8 4 8 5 8 6 8 7 8 8 8 9 9 4 9 5 9 6 9 7 9 8 9 9 10 4 10 5 10 6 10 7 10 8 10 9 11 4 11 5 11 6 11 7 11 8 11 9
q 12 0 7 0 8 0 9 1 7 1 8 1 9 2 7 2 8 2 9 3 7 3 8 3 9
q 42 3 4 3 5 3 6 3 7 3 8 3 9 3 10 4 4 4 5 4 6 4 7 4 8 4 9 4 10 5 4 5 5 5 6 5 7 5 8 5 9 5 10 6 4 6 5 6 6 6 7 6 8 6 9 6 10 7 4 7 5 7 6 7 7 7 8 7 9 7 10 8 4 8 5 8 6 8 7 8 8 8 9 8 10
q 48 0 1 0 2 0 3 0 4 1 1 1 2 1 3 1 4 2 1 2 2 2 3 2 4 3 1 3 2 3 3 3 4 4 1 4 2 4 3 4 4 5 1 5 2 5 3 5 4 6 1 6 2 6 3 6 4 7 1 7 2 7 3 7 4 8 1 8 2 8 3 8 4 9 1 9 2 9 3 9 4 10 1 10 2 10 3 10 4 11 1 11 2 11 3 11 4
q 7 7 4 7 5 7 6 7 7 7 8 7 9 7 10
q 5 3 5 3 6 3 7 3 8 3 9
q 32 6 2 6 3 6 4 6 5 6 6 6 7 6 8 6 9 7 2 7 3 7 4 7 5 7 6 7 7 7 8 7 9 8 2 8 3 8 4 8 5 8 6 8 7 8 8 8 9 9 2 9 3 9 4 9 5 9 6 9 7 9 8 9 9
q 49 0 0 0 1 0 2 0 3 0 4 0 5 0 6 1 0 1 1 1 2 1 3 1 4 1 5 1 6 2 0 2 1 2 2 2 3 2 4 2 5 2 6 3 0 3 1 3 2 3 3 3 4 3 5 3 6 4 0 4 1 4 2 4 3 4 4 4 5 4 6 5 0 5 1 5 2 5 3 5 4 5 5 5 6 6 0 6 1 6 2 6 3 6 4 6 5 6 6
q 33 0 7 0 8 0 9 1 7 1 8 1 9 2 7 2 8 2 9 3 7 3 8 3 9 4 7 4 8 4 9 5 7 5 8 5 9 6 7 6 8 6 9 7 7 7 8 7 9 8 7 8 8 8 9 9 7 9 8 9 9 10 7 10 8 10 9
q 42 0 0 0 1 0 2 0 3 0 4 0 5 1 0 1 1 1 2 1 3 1 4 1 5 2 0 2 1 2 2 2 3 2 4 2 5 3 0 3 1 3 2 3 3 3 4 3 5 4 0 4 1 4 2 4 3 4 4 4 5 5 0 5 1 5 2 5 3 5 4 5 5 6 0 6 1 6 2 6 3 6 4 6 5
q 24 7 0 7 1 7 2 7 3 7 4 7 5 7 6 7 7 7 8 7 9 7 10 7 11 8 0 8 1 8 2 8 3 8 4 8 5 8 6 8 7 8 8 8 9 8 10 8 11
q 45 3 3 3 4 3 5 3 6 3 7 3 8 3 9 3 10 3 11 4 3 4 4 4 5 4 6 4 7 4 8 4 9 4 10 4 11 5 3 5 4 5 5 5 6 5 7 5 8 5 9 5 10 5 11 6 3 6 4 6 5 6 6 6 7 6 8 6 9 6 10 6 11 7 3 7 4 7 5 7 6 7 7 7 8 7 9 7 10 7 11
q 24 0 0 0 1 1 0 1 1 2 0 2 1 3 0 3 1 4 0 4 1 5 0 5 1 6 0 6 1 7 0 7 1 8 0 8 1 9 0 9 1 10 0 10 1 11 0 11 1
q 16 7 8 7 9 7 10 7 11 8 8 8 9 8 10 8 11 9 8 9 9 9 10 9 11 10 8 10 9 10 10 10 11
q 16 1 2 1 3 1 4 1 5 1 6 1 7 1 8 1 9 2 2 2 3 2 4 2 5 2 6 2 7 2 8 2 9
q 15 2 7 2 8 2 9 2 10 2 11 3 7 3 8 3 9 3 10 3 11 4 7 4 8 4 9 4 10 4 11
q 49 3 1 3 2 3 3 3 4 3 5 3 6 3 7 4 1 4 2 4 3 4 4 4 5 4 6 4 7 5 1 5 2 5 3 5 4 5 5 5 6 5 7 6 1 6 2 6 3 6 4 6 5 6 6 6 7 7 1 7 2 7 3 7 4 7 5 7 6 7 7 8 1 8 2 8 3 8 4 8 5 8 6 8 7 9 1 9 2 9 3 9 4 9 5 9 6 9 7
q 1 0 5
q 1 0 6
q 1 0 7
q 1 1 4
q 1 1 5
q 1 1 8
q 1 1 9
q 1 2 5
q 1 2 6
q 1 2 7
q 1 2 8
q 1 3 3
q 1 3 4
q 1 3 6
q 1 4 2
q 1 4 3
q 1 4 4
q 1 4 5
q 1 4 6
q 1 4 8
q 1 5 3
q 1 5 4
q 1 5 8
q 1 6 8
q 1 6 9
q 1 7 8
q 1 7 9
q 1 8 6
q 1 8 9
q 1 8 10
q 1 9 6
q 1 9 7
q 1 9 9
q 1 9 10
q 1 10 5
q 1 10 6
q 1 10 7
q 1 10 9
q 1 11 9
q 1 0 4
q 1 1 6
q 1 1 7
q 1 0 8
q 1 1 3
q 1 2 4
q 1 0 9
q 1 2 9
q 1 1 10
q 1 3 5
q 1 3 7
q 1 3 8
q 1 2 3
q 1 3 2
q 1 4 1
q 1 5 2
q 1 5 5
q 1 5 6
q 1 4 7
q 1 4 9
q 1 6 3
q 1 6 4
q 1 5 7
q 1 5 9
q 1 6 7
q 1 6 10
q 1 7 7
q 1 8 8
q 1 7 10
q 1 7 6
q 1 8 5
q 1 8 7
q 1 8 11
q 1 9 5
q 1 9 8
q 1 10 10
q 1 9 11
q 1 10 4
q 1 11 5
q 1 11 6
q 1 11 7
q 1 10 8
q 1 11 8
q 1 11 10
a 39 0 5 0 6 0 7 1 4 1 5 1 8 1 9 2 5 2 6 2 7 2 8 3 3 3 4 3 6 4 2 4 3 4 4 4 5 4 6 4 8 5 3 5 4 5 8 6 8 6 9 7 8 7 9 8 6 8 9 8 10 9 6 9 7 9 9 9 10 10 5 10 6 10 7 10 9 11 9 
