q 48 2 8 2 9 2 10 2 11 2 12 2 13 3 8 3 9 3 10 3 11 3 12 3 13 4 8 4 9 4 10 4 11 4 12 4 13 5 8 5 9 5 10 5 11 5 12 5 13 6 8 6 9 6 10 6 11 6 12 6 13 7 8 7 9 7 10 7 11 7 12 7 13 8 8 8 9 8 10 8 11 8 12 8 13 9 8 9 9 9 10 9 11 9 12 9 13
q 52 1 7 1 8 1 9 1 10 2 7 2 8 2 9 2 10 3 7 3 8 3 9 3 10 4 7 4 8 4 9 4 10 5 7 5 8 5 9 5 10 6 7 6 8 6 9 6 10 7 7 7 8 7 9 7 10 8 7 8 8 8 9 8 10 9 7 9 8 9 9 9 10 10 7 10 8 10 9 10 10 11 7 11 8 11 9 11 10 12 7 12 8 12 9 12 10 13 7 13 8 13 9 13 10
q 50 4 6 4 7 4 8 4 9 4 10 5 6 5 7 5 8 5 9 5 10 6 6 6 7 6 8 6 9 6 10 7 6 7 7 7 8 7 9 7 10 8 6 8 7 8 8 8 9 8 10 9 6 9 7 9 8 9 9 9 10 10 6 10 7 10 8 10 9 10 10 11 6 11 7 11 8 11 9 11 10 12 6 12 7 12 8 12 9 12 10 13 6 13 7 13 8 13 9 13 10
q 28 8 0 8 1 8 2 8 3 8 4 8 5 8 6 8 7 8 8 8 9 8 10 8 11 8 12 8 13 9 0 9 1 9 2 9 3 9 4 9 5 9 6 9 7 9 8 9 9 9 10 9 11 9 12 9 13
q 56 3 5 3 6 3 7 3 8 3 9 3 10 3 11 4 5 4 6 4 7 4 8 4 9 4 10 4 11 5 5 5 6 5 7 5 8 5 9 5 10 5 11 6 5 6 6 6 7 6 8 6 9 6 10 6 11 7 5 7 6 7 7 7 8 7 9 7 10 7 11 8 5 8 6 8 7 8 8 8 9 8 10 8 11 9 5 9 6 9 7 9 8 9 9 9 10 9 11 10 5 10 6 10 7 10 8 10 9 10 10 10 11
q 32 2 4 2 5 2 6 2 7 3 4 3 5 3 6 3 7 4 4 4 5 4 6 4 7 5 4 5 5 5 6 5 7 6 4 6 5 6 6 6 7 7 4 7 5 7 6 7 7 8 4 8 5 8 6 8 7 9 4 9 5 9 6 9 7
q 39 0 1 0 2 0 3 1 1 1 2 1 3 2 1 2 2 2 3 3 1 3 2 3 3 4 1 4 2 4 3 5 1 5 2 5 3 6 1 6 2 6 3 7 1 7 2 7 3 8 1 8 2 8 3 9 1 9 2 9 3 10 1 10 2 10 3 11 1 11 2 11 3 12 1 12 2 12 3
q 40 0 4 0 5 0 6 0 7 0 8 0 9 0 10 0 11 1 4 1 5 1 6 1 7 1 8 1 9 1 10 1 11 2 4 2 5 2 6 2 7 2 8 2 9 2 10 2 11 3 4 3 5 3 6 3 7 3 8 3 9 3 10 3 11 4 4 4 5 4 6 4 7 4 8 4 9 4 10 4 11
q 36 0 6 0 7 0 8 0 9 1 6 1 7 1 8 1 9 2 6 2 7 2 8 2 9 3 6 3 7 3 8 3 9 4 6 4 7 4 8 4 9 5 6 5 7 5 8 5 9 6 6 6 7 6 8 6 9 7 6 7 7 7 8 7 9 8 6 8 7 8 8 8 9
q 28 7 5 7 6 7 7 7 8 8 5 8 6 8 7 8 8 9 5 9 6 9 7 9 8 10 5 10 6 10 7 10 8 11 5 11 6 11 7 11 8 12 5 12 6 12 7 12 8 13 5 13 6 13 7 13 8
q 52 1 9 1 10 1 11 1 12 2 9 2 10 2 11 2 12 3 9 3 10 3 11 3 12 4 9 4 10 4 11 4 12 5 9 5 10 5 11 5 12 6 9 6 10 6 11 6 12 7 9 7 10 7 11 7 12 8 9 8 10 8 11 8 12 9 9 9 10 9 11 9 12 10 9 10 10 10 11 10 12 11 9 11 10 11 11 11 12 12 9 12 10 12 11 12 12 13 9 13 10 13 11 13 12
q 30 9 3 9 4 9 5 9 6 9 7 9 8 9 9 9 10 9 11 9 12 10 3 10 4 10 5 10 6 10 7 10 8 10 9 10 10 10 11 10 12 11 3 11 4 11 5 11 6 11 7 11 8 11 9 11 10 11 11 11 12
q 44 3 5 3 6 3 7 3 8 4 5 4 6 4 7 4 8 5 5 5 6 5 7 5 8 6 5 6 6 6 7 6 8 7 5 7 6 7 7 7 8 8 5 8 6 8 7 8 8 9 5 9 6 9 7 9 8 10 5 10 6 10 7 10 8 11 5 11 6 11 7 11 8 12 5 12 6 12 7 12 8 13 5 13 6 13 7 13 8
q 42 5 2 5 3 5 4 5 5 5 6 5 7 6 2 6 3 6 4 6 5 6 6 6 7 7 2 7 3 7 4 7 5 7 6 7 7 8 2 8 3 8 4 8 5 8 6 8 7 9 2 9 3 9 4 9 5 9 6 9 7 10 2 10 3 10 4 10 5 10 6 10 7 11 2 11 3 11 4 11 5 11 6 11 7
q 30 3 4 3 5 3 6 4 4 4 5 4 6 5 4 5 5 5 6 6 4 6 5 6 6 7 4 7 5 7 6 8 4 8 5 8 6 9 4 9 5 9 6 10 4 10 5 10 6 11 4 11 5 11 6 12 4 12 5 12 6
q 56 2 2 2 3 2 4 2 5 2 6 2 7 2 8 3 2 3 3 3 4 3 5 3 6 3 7 3 8 4 2 4 3 4 4 4 5 4 6 4 7 4 8 5 2 5 3 5 4 5 5 5 6 5 7 5 8 6 2 6 3 6 4 6 5 6 6 6 7 6 8 7 2 7 3 7 4 7 5 7 6 7 7 7 8 8 2 8 3 8 4 8 5 8 6 8 7 8 8 9 2 9 3 9 4 9 5 9 6 9 7 9 8
q 30 6 7 6 8 6 9 6 10 6 11 6 12 7 7 7 8 7 9 7 10 7 11 7 12 8 7 8 8 8 9 8 10 8 11 8 12 9 7 9 8 9 9 9 10 9 11 9 12 10 7 10 8 10 9 10 10 10 11 10 12
q 50 2 0 2 1 2 2 2 3 2 4 2 5 2 6 2 7 2 8 2 9 3 0 3 1 3 2 3 3 3 4 3 5 3 6 3 7 3 8 3 9 4 0 4 1 4 2 4 3 4 4 4 5 4 6 4 7 4 8 4 9 5 0 5 1 5 2 5 3 5 4 5 5 5 6 5 7 5 8 5 9 6 0 6 1 6 2 6 3 6 4 6 5 6 6 6 7 6 8 6 9
q 63 2 5 2 6 2 7 2 8 2 9 2 10 2 11 3 5 3 6 3 7 3 8 3 9 3 10 3 11 4 5 4 6 4 7 4 8 4 9 4 10 4 11 5 5 5 6 5 7 5 8 5 9 5 10 5 11 6 5 6 6 6 7 6 8 6 9 6 10 6 11 7 5 7 6 7 7 7 8 7 9 7 10 7 11 8 5 8 6 8 7 8 8 8 9 8 10 8 11 9 5 9 6 9 7 9 8 9 9 9 10 9 11 10 5 10 6 10 7 10 8 10 9 10 10 10 11
q 56 0 1 0 2 0 3 0 4 0 5 0 6 0 7 0 8 1 1 1 2 1 3 1 4 1 5 1 6 1 7 1 8 2 1 2 2 2 3 2 4 2 5 2 6 2 7 2 8 3 1 3 2 3 3 3 4 3 5 3 6 3 7 3 8 4 1 4 2 4 3 4 4 4 5 4 6 4 7 4 8 5 1 5 2 5 3 5 4 5 5 5 6 5 7 5 8 6 1 6 2 6 3 6 4 6 5 6 6 6 7 6 8
q 60 0 4 0 5 0 6 0 7 0 8 1 4 1 5 1 6 1 7 1 8 2 4 2 5 2 6 2 7 2 8 3 4 3 5 3 6 3 7 3 8 4 4 4 5 4 6 4 7 4 8 5 4 5 5 5 6 5 7 5 8 6 4 6 5 6 6 6 7 6 8 7 4 7 5 7 6 7 7 7 8 8 4 8 5 8 6 8 7 8 8 9 4 9 5 9 6 9 7 9 8 10 4 10 5 10 6 10 7 10 8 11 4 11 5 11 6 11 7 11 8
q 56 1 5 1 6 1 7 1 8 1 9 1 10 1 11 2 5 2 6 2 7 2 8 2 9 2 10 2 11 3 5 3 6 3 7 3 8 3 9 3 10 3 11 4 5 4 6 4 7 4 8 4 9 4 10 4 11 5 5 5 6 5 7 5 8 5 9 5 10 5 11 6 5 6 6 6 7 6 8 6 9 6 10 6 11 7 5 7 6 7 7 7 8 7 9 7 10 7 11 8 5 8 6 8 7 8 8 8 9 8 10 8 11
q 39 0 0 0 1 0 2 0 3 0 4 0 5 0 6 0 7 0 8 0 9 0 10 0 11 0 12 1 0 1 1 1 2 1 3 1 4 1 5 1 6 1 7 1 8 1 9 1 10 1 11 1 12 2 0 2 1 2 2 2 3 2 4 2 5 2 6 2 7 2 8 2 9 2 10 2 11 2 12
q 48 4 1 4 2 4 3 4 4 4 5 4 6 4 7 4 8 4 9 4 10 4 11 4 12 5 1 5 2 5 3 5 4 5 5 5 6 5 7 5 8 5 9 5 10 5 11 5 12 6 1 6 2 6 3 6 4 6 5 6 6 6 7 6 8 6 9 6 10 6 11 6 12 7 1 7 2 7 3 7 4 7 5 7 6 7 7 7 8 7 9 7 10 7 11 7 12
q 28 9 3 9 4 9 5 9 6 9 7 9 8 9 9 10 3 10 4 10 5 10 6 10 7 10 8 10 9 11 3 11 4 11 5 11 6 11 7 11 8 11 9 12 3 12 4 12 5 12 6 12 7 12 8 12 9
q 36 4 2 4 3 4 4 4 5 4 6 4 7 4 8 4 9 4 10 4 11 4 12 4 13 5 2 5 3 5 4 5 5 5 6 5 7 5 8 5 9 5 10 5 11 5 12 5 13 6 2 6 3 6 4 6 5 6 6 6 7 6 8 6 9 6 10 6 11 6 12 6 13
q 30 8 4 8 5 8 6 8 7 8 8 8 9 8 10 8 11 8 12 8 13 9 4 9 5 9 6 9 7 9 8 9 9 9 10 9 11 9 12 9 13 10 4 10 5 10 6 10 7 10 8 10 9 10 10 10 11 10 12 10 13
q 27 5 0 5 1 5 2 6 0 6 1 6 2 7 0 7 1 7 2 8 0 8 1 8 2 9 0 9 1 9 2 10 0 10 1 10 2 11 0 11 1 11 2 12 0 12 1 12 2 13 0 13 1 13 2
q 42 0 7 0 8 0 9 1 7 1 8 1 9 2 7 2 8 2 9 3 7 3 8 3 9 4 7 4 8 4 9 5 7 5 8 5 9 6 7 6 8 6 9 7 7 7 8 7 9 8 7 8 8 8 9 9 7 9 8 9 9 10 7 10 8 10 9 11 7 11 8 11 9 12 7 12 8 12 9 13 7 13 8 13 9
q 33 2 6 2 7 2 8 3 6 3 7 3 8 4 6 4 7 4 8 5 6 5 7 5 8 6 6 6 7 6 8 7 6 7 7 7 8 8 6 8 7 8 8 9 6 9 7 9 8 10 6 10 7 10 8 11 6 11 7 11 8 12 6 12 7 12 8
q 30 7 8 7 9 7 10 7 11 7 12 7 13 8 8 8 9 8 10 8 11 8 12 8 13 9 8 9 9 9 10 9 11 9 12 9 13 10 8 10 9 10 10 10 11 10 12 10 13 11 8 11 9 11 10 11 11 11 12 11 13
q 40 6 2 6 3 6 4 6 5 6 6 6 7 6 8 6 9 7 2 7 3 7 4 7 5 7 6 7 7 7 8 7 9 8 2 8 3 8 4 8 5 8 6 8 7 8 8 8 9 9 2 9 3 9 4 9 5 9 6 9 7 9 8 9 9 10 2 10 3 10 4 10 5 10 6 10 7 10 8 10 9
q 56 4 0 4 1 4 2 4 3 4 4 4 5 4 6 4 7 4 8 4 9 4 10 4 11 4 12 4 13 5 0 5 1 5 2 5 3 5 4 5 5 5 6 5 7 5 8 5 9 5 10 5 11 5 12 5 13 6 0 6 1 6 2 6 3 6 4 6 5 6 6 6 7 6 8 6 9 6 10 6 11 6 12 6 13 7 0 7 1 7 2 7 3 7 4 7 5 7 6 7 7 7 8 7 9 7 10 7 11 7 12 7 13
q 28 5 0 5 1 5 2 5 3 6 0 6 1 6 2 6 3 7 0 7 1 7 2 7 3 8 0 8 1 8 2 8 3 9 0 9 1 9 2 9 3 10 0 10 1 10 2 10 3 11 0 11 1 11 2 11 3
q 50 0 9 0 10 0 11 0 12 0 13 1 9 1 10 1 11 1 12 1 13 2 9 2 10 2 11 2 12 2 13 3 9 3 10 3 11 3 12 3 13 4 9 4 10 4 11 4 12 4 13 5 9 5 10 5 11 5 12 5 13 6 9 6 10 6 11 6 12 6 13 7 9 7 10 7 11 7 12 7 13 8 9 8 10 8 11 8 12 8 13 9 9 9 10 9 11 9 12 9 13
q 36 2 1 2 2 2 3 3 1 3 2 3 3 4 1 4 2 4 3 5 1 5 2 5 3 6 1 6 2 6 3 7 1 7 2 7 3 8 1 8 2 8 3 9 1 9 2 9 3 10 1 10 2 10 3 11 1 11 2 11 3 12 1 12 2 12 3 13 1 13 2 13 3
q 40 10 2 10 3 10 4 10 5 10 6 10 7 10 8 10 9 10 10 10 11 11 2 11 3 11 4 11 5 11 6 11 7 11 8 11 9 11 10 11 11 12 2 12 3 12 4 12 5 12 6 12 7 12 8 12 9 12 10 12 11 13 2 13 3 13 4 13 5 13 6 13 7 13 8 13 9 13 10 13 11
q 42 4 0 4 1 4 2 4 3 4 4 4 5 4 6 5 0 5 1 5 2 5 3 5 4 5 5 5 6 6 0 6 1 6 2 6 3 6 4 6 5 6 6 7 0 7 1 7 2 7 3 7 4 7 5 7 6 8 0 8 1 8 2 8 3 8 4 8 5 8 6 9 0 9 1 9 2 9 3 9 4 9 5 9 6
q 60 0 7 0 8 0 9 0 10 0 11 0 12 1 7 1 8 1 9 1 10 1 11 1 12 2 7 2 8 2 9 2 10 2 11 2 12 3 7 3 8 3 9 3 10 3 11 3 12 4 7 4 8 4 9 4 10 4 11 4 12 5 7 5 8 5 9 5 10 5 11 5 12 6 7 6 8 6 9 6 10 6 11 6 12 7 7 7 8 7 9 7 10 7 11 7 12 8 7 8 8 8 9 8 10 8 11 8 12 9 7 9 8 9 9 9 10 9 11 9 12
q 48 3 0 3 1 3 2 3 3 3 4 3 5 4 0 4 1 4 2 4 3 4 4 4 5 5 0 5 1 5 2 5 3 5 4 5 5 6 0 6 1 6 2 6 3 6 4 6 5 7 0 7 1 7 2 7 3 7 4 7 5 8 0 8 1 8 2 8 3 8 4 8 5 9 0 9 1 9 2 9 3 9 4 9 5 10 0 10 1 10 2 10 3 10 4 10 5
q 56 3 3 3 4 3 5 3 6 3 7 3 8 3 9 4 3 4 4 4 5 4 6 4 7 4 8 4 9 5 3 5 4 5 5 5 6 5 7 5 8 5 9 6 3 6 4 6 5 6 6 6 7 6 8 6 9 7 3 7 4 7 5 7 6 7 7 7 8 7 9 8 3 8 4 8 5 8 6 8 7 8 8 8 9 9 3 9 4 9 5 9 6 9 7 9 8 9 9 10 3 10 4 10 5 10 6 10 7 10 8 10 9
q 52 1 1 1 2 1 3 1 4 2 1 2 2 2 3 2 4 3 1 3 2 3 3 3 4 4 1 4 2 4 3 4 4 5 1 5 2 5 3 5 4 6 1 6 2 6 3 6 4 7 1 7 2 7 3 7 4 8 1 8 2 8 3 8 4 9 1 9 2 9 3 9 4 10 1 10 2 10 3 10 4 11 1 11 2 11 3 11 4 12 1 12 2 12 3 12 4 13 1 13 2 13 3 13 4
q 56 2 0 2 1 2 2 2 3 2 4 2 5 2 6 3 0 3 1 3 2 3 3 3 4 3 5 3 6 4 0 4 1 4 2 4 3 4 4 4 5 4 6 5 0 5 1 5 2 5 3 5 4 5 5 5 6 6 0 6 1 6 2 6 3 6 4 6 5 6 6 7 0 7 1 7 2 7 3 7 4 7 5 7 6 8 0 8 1 8 2 8 3 8 4 8 5 8 6 9 0 9 1 9 2 9 3 9 4 9 5 9 6
q 42 0 10 0 11 0 12 1 10 1 11 1 12 2 10 2 11 2 12 3 10 3 11 3 12 4 10 4 11 4 12 5 10 5 11 5 12 6 10 6 11 6 12 7 10 7 11 7 12 8 10 8 11 8 12 9 10 9 11 9 12 10 10 10 11 10 12 11 10 11 11 11 12 12 10 12 11 12 12 13 10 13 11 13 12
q 33 1 0 1 1 1 2 2 0 2 1 2 2 3 0 3 1 3 2 4 0 4 1 4 2 5 0 5 1 5 2 6 0 6 1 6 2 7 0 7 1 7 2 8 0 8 1 8 2 9 0 9 1 9 2 10 0 10 1 10 2 11 0 11 1 11 2
q 48 5 5 5 6 5 7 5 8 5 9 5 10 6 5 6 6 6 7 6 8 6 9 6 10 7 5 7 6 7 7 7 8 7 9 7 10 8 5 8 6 8 7 8 8 8 9 8 10 9 5 9 6 9 7 9 8 9 9 9 10 10 5 10 6 10 7 10 8 10 9 10 10 11 5 11 6 11 7 11 8 11 9 11 10 12 5 12 6 12 7 12 8 12 9 12 10
q 40 8 6 8 7 8 8 8 9 8 10 8 11 8 12 8 13 9 6 9 7 9 8 9 9 9 10 9 11 9 12 9 13 10 6 10 7 10 8 10 9 10 10 10 11 10 12 10 13 11 6 11 7 11 8 11 9 11 10 11 11 11 12 11 13 12 6 12 7 12 8 12 9 12 10 12 11 12 12 12 13
q 56 0 3 0 4 0 5 0 6 1 3 1 4 1 5 1 6 2 3 2 4 2 5 2 6 3 3 3 4 3 5 3 6 4 3 4 4 4 5 4 6 5 3 5 4 5 5 5 6 6 3 6 4 6 5 6 6 7 3 7 4 7 5 7 6 8 3 8 4 8 5 8 6 9 3 9 4 9 5 9 6 10 3 10 4 10 5 10 6 11 3 11 4 11 5 11 6 12 3 12 4 12 5 12 6 13 3 13 4 13 5 13 6
q 27 9 2 9 3 9 4 9 5 9 6 9 7 9 8 9 9 9 10 10 2 10 3 10 4 10 5 10 6 10 7 10 8 10 9 10 10 11 2 11 3 11 4 11 5 11 6 11 7 11 8 11 9 11 10
q 35 1 1 1 2 1 3 1 4 1 5 1 6 1 7 2 1 2 2 2 3 2 4 2 5 2 6 2 7 3 1 3 2 3 3 3 4 3 5 3 6 3 7 4 1 4 2 4 3 4 4 4 5 4 6 4 7 5 1 5 2 5 3 5 4 5 5 5 6 5 7
q 35 0 7 0 8 0 9 0 10 0 11 1 7 1 8 1 9 1 10 1 11 2 7 2 8 2 9 2 10 2 11 3 7 3 8 3 9 3 10 3 11 4 7 4 8 4 9 4 10 4 11 5 7 5 8 5 9 5 10 5 11 6 7 6 8 6 9 6 10 6 11
q 30 2 0 2 1 2 2 2 3 2 4 3 0 3 1 3 2 3 3 3 4 4 0 4 1 4 2 4 3 4 4 5 0 5 1 5 2 5 3 5 4 6 0 6 1 6 2 6 3 6 4 7 0 7 1 7 2 7 3 7 4
q 25 7 4 7 5 7 6 7 7 7 8 8 4 8 5 8 6 8 7 8 8 9 4 9 5 9 6 9 7 9 8 10 4 10 5 10 6 10 7 10 8 11 4 11 5 11 6 11 7 11 8
q 48 5 1 5 2 5 3 5 4 5 5 5 6 5 7 5 8 5 9 5 10 5 11 5 12 6 1 6 2 6 3 6 4 6 5 6 6 6 7 6 8 6 9 6 10 6 11 6 12 7 1 7 2 7 3 7 4 7 5 7 6 7 7 7 8 7 9 7 10 7 11 7 12 8 1 8 2 8 3 8 4 8 5 8 6 8 7 8 8 8 9 8 10 8 11 8 12
q 45 0 2 0 3 0 4 0 5 0 6 0 7 0 8 0 9 0 10 1 2 1 3 1 4 1 5 1 6 1 7 1 8 1 9 1 10 2 2 2 3 2 4 2 5 2 6 2 7 2 8 2 9 2 10 3 2 3 3 3 4 3 5 3 6 3 7 3 8 3 9 3 10 4 2 4 3 4 4 4 5 4 6 4 7 4 8 4 9 4 10
q 32 5 8 5 9 5 10 5 11 6 8 6 9 6 10 6 11 7 8 7 9 7 10 7 11 8 8 8 9 8 10 8 11 9 8 9 9 9 10 9 11 10 8 10 9 10 10 10 11 11 8 11 9 11 10 11 11 12 8 12 9 12 10 12 11
q 35 3 5 3 6 3 7 3 8 3 9 3 10 3 11 4 5 4 6 4 7 4 8 4 9 4 10 4 11 5 5 5 6 5 7 5 8 5 9 5 10 5 11 6 5 6 6 6 7 6 8 6 9 6 10 6 11 7 5 7 6 7 7 7 8 7 9 7 10 7 11
q 56 0 5 0 6 0 7 0 8 1 5 1 6 1 7 1 8 2 5 2 6 2 7 2 8 3 5 3 6 3 7 3 8 4 5 4 6 4 7 4 8 5 5 5 6 5 7 5 8 6 5 6 6 6 7 6 8 7 5 7 6 7 7 7 8 8 5 8 6 8 7 8 8 9 5 9 6 9 7 9 8 10 5 10 6 10 7 10 8 11 5 11 6 11 7 11 8 12 5 12 6 12 7 12 8 13 5 13 6 13 7 13 8
q 56 8 0 8 1 8 2 8 3 8 4 8 5 8 6 8 7 8 8 8 9 8 10 8 11 8 12 8 13 9 0 9 1 9 2 9 3 9 4 9 5 9 6 9 7 9 8 9 9 9 10 9 11 9 12 9 13 10 0 10 1 10 2 10 3 10 4 10 5 10 6 10 7 10 8 10 9 10 10 10 11 10 12 10 13 11 0 11 1 11 2 11 3 11 4 11 5 11 6 11 7 11 8 11 9 11 10 11 11 11 12 11 13
q 35 8 7 8 8 8 9 8 10 8 11 8 12 8 13 9 7 9 8 9 9 9 10 9 11 9 12 9 13 10 7 10 8 10 9 10 10 10 11 10 12 10 13 11 7 11 8 11 9 11 10 11 11 11 12 11 13 12 7 12 8 12 9 12 10 12 11 12 12 12 13
q 36 0 8 0 9 0 10 1 8 1 9 1 10 2 8 2 9 2 10 3 8 3 9 3 10 4 8 4 9 4 10 5 8 5 9 5 10 6 8 6 9 6 10 7 8 7 9 7 10 8 8 8 9 8 10 9 8 9 9 9 10 10 8 10 9 10 10 11 8 11 9 11 10
q 40 2 2 2 3 2 4 2 5 2 6 2 7 2 8 2 9 2 10 2 11 3 2 3 3 3 4 3 5 3 6 3 7 3 8 3 9 3 10 3 11 4 2 4 3 4 4 4 5 4 6 4 7 4 8 4 9 4 10 4 11 5 2 5 3 5 4 5 5 5 6 5 7 5 8 5 9 5 10 5 11
q 44 7 3 7 4 7 5 7 6 7 7 7 8 7 9 7 10 7 11 7 12 7 13 8 3 8 4 8 5 8 6 8 7 8 8 8 9 8 10 8 11 8 12 8 13 9 3 9 4 9 5 9 6 9 7 9 8 9 9 9 10 9 11 9 12 9 13 10 3 10 4 10 5 10 6 10 7 10 8 10 9 10 10 10 11 10 12 10 13
q 55 1 4 1 5 1 6 1 7 1 8 2 4 2 5 2 6 2 7 2 8 3 4 3 5 3 6 3 7 3 8 4 4 4 5 4 6 4 7 4 8 5 4 5 5 5 6 5 7 5 8 6 4 6 5 6 6 6 7 6 8 7 4 7 5 7 6 7 7 7 8 8 4 8 5 8 6 8 7 8 8 9 4 9 5 9 6 9 7 9 8 10 4 10 5 10 6 10 7 10 8 11 4 11 5 11 6 11 7 11 8
q 35 5 8 5 9 5 10 5 11 5 12 6 8 6 9 6 10 6 11 6 12 7 8 7 9 7 10 7 11 7 12 8 8 8 9 8 10 8 11 8 12 9 8 9 9 9 10 9 11 9 12 10 8 10 9 10 10 10 11 10 12 11 8 11 9 11 10 11 11 11 12
q 63 5 1 5 2 5 3 5 4 5 5 5 6 5 7 5 8 5 9 6 1 6 2 6 3 6 4 6 5 6 6 6 7 6 8 6 9 7 1 7 2 7 3 7 4 7 5 7 6 7 7 7 8 7 9 8 1 8 2 8 3 8 4 8 5 8 6 8 7 8 8 8 9 9 1 9 2 9 3 9 4 9 5 9 6 9 7 9 8 9 9 10 1 10 2 10 3 10 4 10 5 10 6 10 7 10 8 10 9 11 1 11 2 11 3 11 4 11 5 11 6 11 7 11 8 11 9
q 40 3 0 3 1 3 2 3 3 4 0 4 1 4 2 4 3 5 0 5 1 5 2 5 3 6 0 6 1 6 2 6 3 7 0 7 1 7 2 7 3 8 0 8 1 8 2 8 3 9 0 9 1 9 2 9 3 10 0 10 1 10 2 10 3 11 0 11 1 11 2 11 3 12 0 12 1 12 2 12 3
q 25 1 4 1 5 1 6 1 7 1 8 2 4 2 5 2 6 2 7 2 8 3 4 3 5 3 6 3 7 3 8 4 4 4 5 4 6 4 7 4 8 5 4 5 5 5 6 5 7 5 8
q 36 1 10 1 11 1 12 2 10 2 11 2 12 3 10 3 11 3 12 4 10 4 11 4 12 5 10 5 11 5 12 6 10 6 11 6 12 7 10 7 11 7 12 8 10 8 11 8 12 9 10 9 11 9 12 10 10 10 11 10 12 11 10 11 11 11 12 12 10 12 11 12 12
q 44 1 1 1 2 1 3 1 4 1 5 1 6 1 7 1 8 1 9 1 10 1 11 2 1 2 2 2 3 2 4 2 5 2 6 2 7 2 8 2 9 2 10 2 11 3 1 3 2 3 3 3 4 3 5 3 6 3 7 3 8 3 9 3 10 3 11 4 1 4 2 4 3 4 4 4 5 4 6 4 7 4 8 4 9 4 10 4 11
q 40 0 4 0 5 0 6 0 7 0 8 0 9 0 10 0 11 0 12 0 13 1 4 1 5 1 6 1 7 1 8 1 9 1 10 1 11 1 12 1 13 2 4 2 5 2 6 2 7 2 8 2 9 2 10 2 11 2 12 2 13 3 4 3 5 3 6 3 7 3 8 3 9 3 10 3 11 3 12 3 13
q 39 0 0 0 1 0 2 1 0 1 1 1 2 2 0 2 1 2 2 3 0 3 1 3 2 4 0 4 1 4 2 5 0 5 1 5 2 6 0 6 1 6 2 7 0 7 1 7 2 8 0 8 1 8 2 9 0 9 1 9 2 10 0 10 1 10 2 11 0 11 1 11 2 12 0 12 1 12 2
q 64 0 4 0 5 0 6 0 7 0 8 0 9 0 10 0 11 1 4 1 5 1 6 1 7 1 8 1 9 1 10 1 11 2 4 2 5 2 6 2 7 2 8 2 9 2 10 2 11 3 4 3 5 3 6 3 7 3 8 3 9 3 10 3 11 4 4 4 5 4 6 4 7 4 8 4 9 4 10 4 11 5 4 5 5 5 6 5 7 5 8 5 9 5 10 5 11 6 4 6 5 6 6 6 7 6 8 6 9 6 10 6 11 7 4 7 5 7 6 7 7 7 8 7 9 7 10 7 11
q 42 2 7 2 8 2 9 2 10 2 11 2 12 3 7 3 8 3 9 3 10 3 11 3 12 4 7 4 8 4 9 4 10 4 11 4 12 5 7 5 8 5 9 5 10 5 11 5 12 6 7 6 8 6 9 6 10 6 11 6 12 7 7 7 8 7 9 7 10 7 11 7 12 8 7 8 8 8 9 8 10 8 11 8 12
q 52 0 8 0 9 0 10 0 11 1 8 1 9 1 10 1 11 2 8 2 9 2 10 2 11 3 8 3 9 3 10 3 11 4 8 4 9 4 10 4 11 5 8 5 9 5 10 5 11 6 8 6 9 6 10 6 11 7 8 7 9 7 10 7 11 8 8 8 9 8 10 8 11 9 8 9 9 9 10 9 11 10 8 10 9 10 10 10 11 11 8 11 9 11 10 11 11 12 8 12 9 12 10 12 11
q 63 3 7 3 8 3 9 3 10 3 11 3 12 3 13 4 7 4 8 4 9 4 10 4 11 4 12 4 13 5 7 5 8 5 9 5 10 5 11 5 12 5 13 6 7 6 8 6 9 6 10 6 11 6 12 6 13 7 7 7 8 7 9 7 10 7 11 7 12 7 13 8 7 8 8 8 9 8 10 8 11 8 12 8 13 9 7 9 8 9 9 9 10 9 11 9 12 9 13 10 7 10 8 10 9 10 10 10 11 10 12 10 13 11 7 11 8 11 9 11 10 11 11 11 12 11 13
q 28 4 5 4 6 4 7 4 8 4 9 4 10 4 11 5 5 5 6 5 7 5 8 5 9 5 10 5 11 6 5 6 6 6 7 6 8 6 9 6 10 6 11 7 5 7 6 7 7 7 8 7 9 7 10 7 11
q 44 10 0 10 1 10 2 10 3 10 4 10 5 10 6 10 7 10 8 10 9 10 10 11 0 11 1 11 2 11 3 11 4 11 5 11 6 11 7 11 8 11 9 11 10 12 0 12 1 12 2 12 3 12 4 12 5 12 6 12 7 12 8 12 9 12 10 13 0 13 1 13 2 13 3 13 4 13 5 13 6 13 7 13 8 13 9 13 10
q 36 2 3 2 4 2 5 3 3 3 4 3 5 4 3 4 4 4 5 5 3 5 4 5 5 6 3 6 4 6 5 7 3 7 4 7 5 8 3 8 4 8 5 9 3 9 4 9 5 10 3 10 4 10 5 11 3 11 4 11 5 12 3 12 4 12 5 13 3 13 4 13 5
q 30 1 5 1 6 1 7 1 8 1 9 2 5 2 6 2 7 2 8 2 9 3 5 3 6 3 7 3 8 3 9 4 5 4 6 4 7 4 8 4 9 5 5 5 6 5 7 5 8 5 9 6 5 6 6 6 7 6 8 6 9
q 50 2 0 2 1 2 2 2 3 2 4 2 5 2 6 2 7 2 8 2 9 3 0 3 1 3 2 3 3 3 4 3 5 3 6 3 7 3 8 3 9 4 0 4 1 4 2 4 3 4 4 4 5 4 6 4 7 4 8 4 9 5 0 5 1 5 2 5 3 5 4 5 5 5 6 5 7 5 8 5 9 6 0 6 1 6 2 6 3 6 4 6 5 6 6 6 7 6 8 6 9
q 27 4 5 4 6 4 7 4 8 4 9 4 10 4 11 4 12 4 13 5 5 5 6 5 7 5 8 5 9 5 10 5 11 5 12 5 13 6 5 6 6 6 7 6 8 6 9 6 10 6 11 6 12 6 13
q 60 1 2 1 3 1 4 1 5 1 6 1 7 1 8 1 9 1 10 1 11 1 12 1 13 2 2 2 3 2 4 2 5 2 6 2 7 2 8 2 9 2 10 2 11 2 12 2 13 3 2 3 3 3 4 3 5 3 6 3 7 3 8 3 9 3 10 3 11 3 12 3 13 4 2 4 3 4 4 4 5 4 6 4 7 4 8 4 9 4 10 4 11 4 12 4 13 5 2 5 3 5 4 5 5 5 6 5 7 5 8 5 9 5 10 5 11 5 12 5 13
q 27 3 3 3 4 3 5 3 6 3 7 3 8 3 9 3 10 3 11 4 3 4 4 4 5 4 6 4 7 4 8 4 9 4 10 4 11 5 3 5 4 5 5 5 6 5 7 5 8 5 9 5 10 5 11
q 27 1 7 1 8 1 9 2 7 2 8 2 9 3 7 3 8 3 9 4 7 4 8 4 9 5 7 5 8 5 9 6 7 6 8 6 9 7 7 7 8 7 9 8 7 8 8 8 9 9 7 9 8 9 9
q 50 8 3 8 4 8 5 8 6 8 7 8 8 8 9 8 10 8 11 8 12 9 3 9 4 9 5 9 6 9 7 9 8 9 9 9 10 9 11 9 12 10 3 10 4 10 5 10 6 10 7 10 8 10 9 10 10 10 11 10 12 11 3 11 4 11 5 11 6 11 7 11 8 11 9 11 10 11 11 11 12 12 3 12 4 12 5 12 6 12 7 12 8 12 9 12 10 12 11 12 12
q 32 7 2 7 3 7 4 7 5 7 6 7 7 7 8 7 9 8 2 8 3 8 4 8 5 8 6 8 7 8 8 8 9 9 2 9 3 9 4 9 5 9 6 9 7 9 8 9 9 10 2 10 3 10 4 10 5 10 6 10 7 10 8 10 9
q 60 1 8 1 9 1 10 1 11 1 12 1 13 2 8 2 9 2 10 2 11 2 12 2 13 3 8 3 9 3 10 3 11 3 12 3 13 4 8 4 9 4 10 4 11 4 12 4 13 5 8 5 9 5 10 5 11 5 12 5 13 6 8 6 9 6 10 6 11 6 12 6 13 7 8 7 9 7 10 7 11 7 12 7 13 8 8 8 9 8 10 8 11 8 12 8 13 9 8 9 9 9 10 9 11 9 12 9 13 10 8 10 9 10 10 10 11 10 12 10 13
q 33 10 1 10 2 10 3 10 4 10 5 10 6 10 7 10 8 10 9 10 10 10 11 11 1 11 2 11 3 11 4 11 5 11 6 11 7 11 8 11 9 11 10 11 11 12 1 12 2 12 3 12 4 12 5 12 6 12 7 12 8 12 9 12 10 12 11
q 26 1 2 1 3 2 2 2 3 3 2 3 3 4 2 4 3 5 2 5 3 6 2 6 3 7 2 7 3 8 2 8 3 9 2 9 3 10 2 10 3 11 2 11 3 12 2 12 3 13 2 13 3
q 36 3 3 3 4 3 5 3 6 4 3 4 4 4 5 4 6 5 3 5 4 5 5 5 6 6 3 6 4 6 5 6 6 7 3 7 4 7 5 7 6 8 3 8 4 8 5 8 6 9 3 9 4 9 5 9 6 10 3 10 4 10 5 10 6 11 3 11 4 11 5 11 6
q 28 0 3 0 4 0 5 0 6 1 3 1 4 1 5 1 6 2 3 2 4 2 5 2 6 3 3 3 4 3 5 3 6 4 3 4 4 4 5 4 6 5 3 5 4 5 5 5 6 6 3 6 4 6 5 6 6
q 36 5 2 5 3 5 4 5 5 5 6 5 7 5 8 5 9 5 10 5 11 5 12 5 13 6 2 6 3 6 4 6 5 6 6 6 7 6 8 6 9 6 10 6 11 6 12 6 13 7 2 7 3 7 4 7 5 7 6 7 7 7 8 7 9 7 10 7 11 7 12 7 13
q 63 4 3 4 4 4 5 4 6 4 7 4 8 4 9 5 3 5 4 5 5 5 6 5 7 5 8 5 9 6 3 6 4 6 5 6 6 6 7 6 8 6 9 7 3 7 4 7 5 7 6 7 7 7 8 7 9 8 3 8 4 8 5 8 6 8 7 8 8 8 9 9 3 9 4 9 5 9 6 9 7 9 8 9 9 10 3 10 4 10 5 10 6 10 7 10 8 10 9 11 3 11 4 11 5 11 6 11 7 11 8 11 9 12 3 12 4 12 5 12 6 12 7 12 8 12 9
q 44 2 10 2 11 2 12 2 13 3 10 3 11 3 12 3 13 4 10 4 11 4 12 4 13 5 10 5 11 5 12 5 13 6 10 6 11 6 12 6 13 7 10 7 11 7 12 7 13 8 10 8 11 8 12 8 13 9 10 9 11 9 12 9 13 10 10 10 11 10 12 10 13 11 10 11 11 11 12 11 13 12 10 12 11 12 12 12 13
q 26 12 1 12 2 12 3 12 4 12 5 12 6 12 7 12 8 12 9 12 10 12 11 12 12 12 13 13 1 13 2 13 3 13 4 13 5 13 6 13 7 13 8 13 9 13 10 13 11 13 12 13 13
q 63 2 3 2 4 2 5 2 6 2 7 2 8 2 9 3 3 3 4 3 5 3 6 3 7 3 8 3 9 4 3 4 4 4 5 4 6 4 7 4 8 4 9 5 3 5 4 5 5 5 6 5 7 5 8 5 9 6 3 6 4 6 5 6 6 6 7 6 8 6 9 7 3 7 4 7 5 7 6 7 7 7 8 7 9 8 3 8 4 8 5 8 6 8 7 8 8 8 9 9 3 9 4 9 5 9 6 9 7 9 8 9 9 10 3 10 4 10 5 10 6 10 7 10 8 10 9
q 54 0 1 0 2 0 3 0 4 0 5 0 6 1 1 1 2 1 3 1 4 1 5 1 6 2 1 2 2 2 3 2 4 2 5 2 6 3 1 3 2 3 3 3 4 3 5 3 6 4 1 4 2 4 3 4 4 4 5 4 6 5 1 5 2 5 3 5 4 5 5 5 6 6 1 6 2 6 3 6 4 6 5 6 6 7 1 7 2 7 3 7 4 7 5 7 6 8 1 8 2 8 3 8 4 8 5 8 6
q 48 1 5 1 6 1 7 1 8 1 9 1 10 2 5 2 6 2 7 2 8 2 9 2 10 3 5 3 6 3 7 3 8 3 9 3 10 4 5 4 6 4 7 4 8 4 9 4 10 5 5 5 6 5 7 5 8 5 9 5 10 6 5 6 6 6 7 6 8 6 9 6 10 7 5 7 6 7 7 7 8 7 9 7 10 8 5 8 6 8 7 8 8 8 9 8 10
q 30 2 11 2 12 2 13 3 11 3 12 3 13 4 11 4 12 4 13 5 11 5 12 5 13 6 11 6 12 6 13 7 11 7 12 7 13 8 11 8 12 8 13 9 11 9 12 9 13 10 11 10 12 10 13 11 11 11 12 11 13
q 56 1 0 1 1 1 2 1 3 1 4 1 5 1 6 1 7 1 8 1 9 1 10 1 11 1 12 1 13 2 0 2 1 2 2 2 3 2 4 2 5 2 6 2 7 2 8 2 9 2 10 2 11 2 12 2 13 3 0 3 1 3 2 3 3 3 4 3 5 3 6 3 7 3 8 3 9 3 10 3 11 3 12 3 13 4 0 4 1 4 2 4 3 4 4 4 5 4 6 4 7 4 8 4 9 4 10 4 11 4 12 4 13
q 26 9 0 9 1 9 2 9 3 9 4 9 5 9 6 9 7 9 8 9 9 9 10 9 11 9 12 10 0 10 1 10 2 10 3 10 4 10 5 10 6 10 7 10 8 10 9 10 10 10 11 10 12
q 40 0 4 0 5 0 6 0 7 0 8 0 9 0 10 0 11 0 12 0 13 1 4 1 5 1 6 1 7 1 8 1 9 1 10 1 11 1 12 1 13 2 4 2 5 2 6 2 7 2 8 2 9 2 10 2 11 2 12 2 13 3 4 3 5 3 6 3 7 3 8 3 9 3 10 3 11 3 12 3 13
q 56 3 1 3 2 3 3 3 4 3 5 3 6 3 7 4 1 4 2 4 3 4 4 4 5 4 6 4 7 5 1 5 2 5 3 5 4 5 5 5 6 5 7 6 1 6 2 6 3 6 4 6 5 6 6 6 7 7 1 7 2 7 3 7 4 7 5 7 6 7 7 8 1 8 2 8 3 8 4 8 5 8 6 8 7 9 1 9 2 9 3 9 4 9 5 9 6 9 7 10 1 10 2 10 3 10 4 10 5 10 6 10 7
q 35 4 4 4 5 4 6 4 7 4 8 5 4 5 5 5 6 5 7 5 8 6 4 6 5 6 6 6 7 6 8 7 4 7 5 7 6 7 7 7 8 8 4 8 5 8 6 8 7 8 8 9 4 9 5 9 6 9 7 9 8 10 4 10 5 10 6 10 7 10 8
q 60 0 5 0 6 0 7 0 8 0 9 1 5 1 6 1 7 1 8 1 9 2 5 2 6 2 7 2 8 2 9 3 5 3 6 3 7 3 8 3 9 4 5 4 6 4 7 4 8 4 9 5 5 5 6 5 7 5 8 5 9 6 5 6 6 6 7 6 8 6 9 7 5 7 6 7 7 7 8 7 9 8 5 8 6 8 7 8 8 8 9 9 5 9 6 9 7 9 8 9 9 10 5 10 6 10 7 10 8 10 9 11 5 11 6 11 7 11 8 11 9
q 39 1 9 1 10 1 11 2 9 2 10 2 11 3 9 3 10 3 11 4 9 4 10 4 11 5 9 5 10 5 11 6 9 6 10 6 11 7 9 7 10 7 11 8 9 8 10 8 11 9 9 9 10 9 11 10 9 10 10 10 11 11 9 11 10 11 11 12 9 12 10 12 11 13 9 13 10 13 11
q 56 4 5 4 6 4 7 4 8 4 9 4 10 4 11 5 5 5 6 5 7 5 8 5 9 5 10 5 11 6 5 6 6 6 7 6 8 6 9 6 10 6 11 7 5 7 6 7 7 7 8 7 9 7 10 7 11 8 5 8 6 8 7 8 8 8 9 8 10 8 11 9 5 9 6 9 7 9 8 9 9 9 10 9 11 10 5 10 6 10 7 10 8 10 9 10 10 10 11 11 5 11 6 11 7 11 8 11 9 11 10 11 11
q 56 2 0 2 1 2 2 2 3 2 4 2 5 2 6 3 0 3 1 3 2 3 3 3 4 3 5 3 6 4 0 4 1 4 2 4 3 4 4 4 5 4 6 5 0 5 1 5 2 5 3 5 4 5 5 5 6 6 0 6 1 6 2 6 3 6 4 6 5 6 6 7 0 7 1 7 2 7 3 7 4 7 5 7 6 8 0 8 1 8 2 8 3 8 4 8 5 8 6 9 0 9 1 9 2 9 3 9 4 9 5 9 6
q 33 2 1 2 2 2 3 3 1 3 2 3 3 4 1 4 2 4 3 5 1 5 2 5 3 6 1 6 2 6 3 7 1 7 2 7 3 8 1 8 2 8 3 9 1 9 2 9 3 10 1 10 2 10 3 11 1 11 2 11 3 12 1 12 2 12 3
q 48 0 2 0 3 0 4 0 5 0 6 0 7 0 8 0 9 0 10 0 11 0 12 0 13 1 2 1 3 1 4 1 5 1 6 1 7 1 8 1 9 1 10 1 11 1 12 1 13 2 2 2 3 2 4 2 5 2 6 2 7 2 8 2 9 2 10 2 11 2 12 2 13 3 2 3 3 3 4 3 5 3 6 3 7 3 8 3 9 3 10 3 11 3 12 3 13
q 24 3 6 3 7 3 8 3 9 4 6 4 7 4 8 4 9 5 6 5 7 5 8 5 9 6 6 6 7 6 8 6 9 7 6 7 7 7 8 7 9 8 6 8 7 8 8 8 9
q 16 4 1 4 2 4 3 4 4 4 5 4 6 4 7 4 8 5 1 5 2 5 3 5 4 5 5 5 6 5 7 5 8
q 18 6 10 6 11 6 12 7 10 7 11 7 12 8 10 8 11 8 12 9 10 9 11 9 12 10 10 10 11 10 12 11 10 11 11 11 12
q 12 10 10 10 11 10 12 10 13 11 10 11 11 11 12 11 13 12 10 12 11 12 12 12 13
q 22 4 3 4 4 4 5 4 6 4 7 4 8 4 9 4 10 4 11 4 12 4 13 5 3 5 4 5 5 5 6 5 7 5 8 5 9 5 10 5 11 5 12 5 13
q 12 7 10 7 11 7 12 8 10 8 11 8 12 9 10 9 11 9 12 10 10 10 11 10 12
q 40 6 8 6 9 6 10 6 11 6 12 7 8 7 9 7 10 7 11 7 12 8 8 8 9 8 10 8 11 8 12 9 8 9 9 9 10 9 11 9 12 10 8 10 9 10 10 10 11 10 12 11 8 11 9 11 10 11 11 11 12 12 8 12 9 12 10 12 11 12 12 13 8 13 9 13 10 13 11 13 12
q 10 4 0 5 0 6 0 7 0 8 0 9 0 10 0 11 0 12 0 13 0
q 12 10 5 10 6 10 7 11 5 11 6 11 7 12 5 12 6 12 7 13 5 13 6 13 7
q 42 3 0 3 1 3 2 3 3 3 4 3 5 3 6 4 0 4 1 4 2 4 3 4 4 4 5 4 6 5 0 5 1 5 2 5 3 5 4 5 5 5 6 6 0 6 1 6 2 6 3 6 4 6 5 6 6 7 0 7 1 7 2 7 3 7 4 7 5 7 6 8 0 8 1 8 2 8 3 8 4 8 5 8 6
q 54 5 4 5 5 5 6 5 7 5 8 5 9 5 10 5 11 5 12 6 4 6 5 6 6 6 7 6 8 6 9 6 10 6 11 6 12 7 4 7 5 7 6 7 7 7 8 7 9 7 10 7 11 7 12 8 4 8 5 8 6 8 7 8 8 8 9 8 10 8 11 8 12 9 4 9 5 9 6 9 7 9 8 9 9 9 10 9 11 9 12 10 4 10 5 10 6 10 7 10 8 10 9 10 10 10 11 10 12
q 5 3 4 3 5 3 6 3 7 3 8
q 25 9 9 9 10 9 11 9 12 9 13 10 9 10 10 10 11 10 12 10 13 11 9 11 10 11 11 11 12 11 13 12 9 12 10 12 11 12 12 12 13 13 9 13 10 13 11 13 12 13 13
q 28 6 0 6 1 6 2 6 3 6 4 6 5 6 6 6 7 6 8 6 9 6 10 6 11 6 12 6 13 7 0 7 1 7 2 7 3 7 4 7 5 7 6 7 7 7 8 7 9 7 10 7 11 7 12 7 13
q 8 2 1 2 2 3 1 3 2 4 1 4 2 5 1 5 2
q 24 6 6 6 7 6 8 6 9 6 10 6 11 6 12 6 13 7 6 7 7 7 8 7 9 7 10 7 11 7 12 7 13 8 6 8 7 8 8 8 9 8 10 8 11 8 12 8 13
q 9 5 6 5 7 5 8 6 6 6 7 6 8 7 6 7 7 7 8
q 42 0 3 0 4 0 5 0 6 0 7 0 8 1 3 1 4 1 5 1 6 1 7 1 8 2 3 2 4 2 5 2 6 2 7 2 8 3 3 3 4 3 5 3 6 3 7 3 8 4 3 4 4 4 5 4 6 4 7 4 8 5 3 5 4 5 5 5 6 5 7 5 8 6 3 6 4 6 5 6 6 6 7 6 8
q 7 1 3 2 3 3 3 4 3 5 3 6 3 7 3
q 4 3 4 4 4 5 4 6 4
q 45 3 4 3 5 3 6 3 7 3 8 3 9 3 10 3 11 3 12 4 4 4 5 4 6 4 7 4 8 4 9 4 10 4 11 4 12 5 4 5 5 5 6 5 7 5 8 5 9 5 10 5 11 5 12 6 4 6 5 6 6 6 7 6 8 6 9 6 10 6 11 6 12 7 4 7 5 7 6 7 7 7 8 7 9 7 10 7 11 7 12
q 9 2 2 3 2 4 2 5 2 6 2 7 2 8 2 9 2 10 2
q 11 1 1 2 1 3 1 4 1 5 1 6 1 7 1 8 1 9 1 10 1 11 1
q 28 4 0 4 1 4 2 4 3 4 4 4 5 4 6 4 7 4 8 4 9 4 10 4 11 4 12 4 13 5 0 5 1 5 2 5 3 5 4 5 5 5 6 5 7 5 8 5 9 5 10 5 11 5 12 5 13
q 20 11 1 11 2 11 3 11 4 11 5 11 6 11 7 11 8 11 9 11 10 12 1 12 2 12 3 12 4 12 5 12 6 12 7 12 8 12 9 12 10
q 3 13 11 13 12 13 13
q 56 7 0 7 1 7 2 7 3 7 4 7 5 7 6 7 7 7 8 7 9 7 10 7 11 7 12 7 13 8 0 8 1 8 2 8 3 8 4 8 5 8 6 8 7 8 8 8 9 8 10 8 11 8 12 8 13 9 0 9 1 9 2 9 3 9 4 9 5 9 6 9 7 9 8 9 9 9 10 9 11 9 12 9 13 10 0 10 1 10 2 10 3 10 4 10 5 10 6 10 7 10 8 10 9 10 10 10 11 10 12 10 13
q 40 4 4 4 5 4 6 4 7 4 8 5 4 5 5 5 6 5 7 5 8 6 4 6 5 6 6 6 7 6 8 7 4 7 5 7 6 7 7 7 8 8 4 8 5 8 6 8 7 8 8 9 4 9 5 9 6 9 7 9 8 10 4 10 5 10 6 10 7 10 8 11 4 11 5 11 6 11 7 11 8
q 15 7 6 7 7 7 8 8 6 8 7 8 8 9 6 9 7 9 8 10 6 10 7 10 8 11 6 11 7 11 8
q 33 2 1 2 2 2 3 3 1 3 2 3 3 4 1 4 2 4 3 5 1 5 2 5 3 6 1 6 2 6 3 7 1 7 2 7 3 8 1 8 2 8 3 9 1 9 2 9 3 10 1 10 2 10 3 11 1 11 2 11 3 12 1 12 2 12 3
q 28 5 0 5 1 5 2 5 3 5 4 5 5 5 6 5 7 5 8 5 9 5 10 5 11 5 12 5 13 6 0 6 1 6 2 6 3 6 4 6 5 6 6 6 7 6 8 6 9 6 10 6 11 6 12 6 13
q 12 0 1 1 1 2 1 3 1 4 1 5 1 6 1 7 1 8 1 9 1 10 1 11 1
q 9 3 11 3 12 3 13 4 11 4 12 4 13 5 11 5 12 5 13
q 30 4 6 4 7 4 8 5 6 5 7 5 8 6 6 6 7 6 8 7 6 7 7 7 8 8 6 8 7 8 8 9 6 9 7 9 8 10 6 10 7 10 8 11 6 11 7 11 8 12 6 12 7 12 8 13 6 13 7 13 8
q 15 11 7 11 8 11 9 11 10 11 11 12 7 12 8 12 9 12 10 12 11 13 7 13 8 13 9 13 10 13 11
q 33 1 7 1 8 1 9 2 7 2 8 2 9 3 7 3 8 3 9 4 7 4 8 4 9 5 7 5 8 5 9 6 7 6 8 6 9 7 7 7 8 7 9 8 7 8 8 8 9 9 7 9 8 9 9 10 7 10 8 10 9 11 7 11 8 11 9
q 10 0 3 0 4 0 5 0 6 0 7 0 8 0 9 0 10 0 11 0 12
q 8 3 12 4 12 5 12 6 12 7 12 8 12 9 12 10 12
q 4 8 7 9 7 10 7 11 7
q 6 12 0 12 1 12 2 13 0 13 1 13 2
q 9 1 12 2 12 3 12 4 12 5 12 6 12 7 12 8 12 9 12
q 64 3 0 3 1 3 2 3 3 3 4 3 5 3 6 3 7 4 0 4 1 4 2 4 3 4 4 4 5 4 6 4 7 5 0 5 1 5 2 5 3 5 4 5 5 5 6 5 7 6 0 6 1 6 2 6 3 6 4 6 5 6 6 6 7 7 0 7 1 7 2 7 3 7 4 7 5 7 6 7 7 8 0 8 1 8 2 8 3 8 4 8 5 8 6 8 7 9 0 9 1 9 2 9 3 9 4 9 5 9 6 9 7 10 0 10 1 10 2 10 3 10 4 10 5 10 6 10 7
q 18 8 11 8 12 8 13 9 11 9 12 9 13 10 11 10 12 10 13 11 11 11 12 11 13 12 11 12 12 12 13 13 11 13 12 13 13
q 48 0 2 0 3 0 4 0 5 0 6 0 7 0 8 0 9 1 2 1 3 1 4 1 5 1 6 1 7 1 8 1 9 2 2 2 3 2 4 2 5 2 6 2 7 2 8 2 9 3 2 3 3 3 4 3 5 3 6 3 7 3 8 3 9 4 2 4 3 4 4 4 5 4 6 4 7 4 8 4 9 5 2 5 3 5 4 5 5 5 6 5 7 5 8 5 9
q 15 2 6 2 7 2 8 2 9 2 10 3 6 3 7 3 8 3 9 3 10 4 6 4 7 4 8 4 9 4 10
q 13 9 1 9 2 9 3 9 4 9 5 9 6 9 7 9 8 9 9 9 10 9 11 9 12 9 13
q 5 10 9 10 10 10 11 10 12 10 13
q 8 5 0 5 1 6 0 6 1 7 0 7 1 8 0 8 1
q 39 3 1 3 2 3 3 3 4 3 5 3 6 3 7 3 8 3 9 3 10 3 11 3 12 3 13 4 1 4 2 4 3 4 4 4 5 4 6 4 7 4 8 4 9 4 10 4 11 4 12 4 13 5 1 5 2 5 3 5 4 5 5 5 6 5 7 5 8 5 9 5 10 5 11 5 12 5 13
q 30 1 10 1 11 1 12 2 10 2 11 2 12 3 10 3 11 3 12 4 10 4 11 4 12 5 10 5 11 5 12 6 10 6 11 6 12 7 10 7 11 7 12 8 10 8 11 8 12 9 10 9 11 9 12 10 10 10 11 10 12
q 13 0 7 1 7 2 7 3 7 4 7 5 7 6 7 7 7 8 7 9 7 10 7 11 7 12 7
q 12 6 1 6 2 6 3 6 4 7 1 7 2 7 3 7 4 8 1 8 2 8 3 8 4
q 33 0 6 0 7 0 8 1 6 1 7 1 8 2 6 2 7 2 8 3 6 3 7 3 8 4 6 4 7 4 8 5 6 5 7 5 8 6 6 6 7 6 8 7 6 7 7 7 8 8 6 8 7 8 8 9 6 9 7 9 8 10 6 10 7 10 8
q 13 1 11 2 11 3 11 4 11 5 11 6 11 7 11 8 11 9 11 10 11 11 11 12 11 13 11
q 44 2 8 2 9 2 10 2 11 3 8 3 9 3 10 3 11 4 8 4 9 4 10 4 11 5 8 5 9 5 10 5 11 6 8 6 9 6 10 6 11 7 8 7 9 7 10 7 11 8 8 8 9 8 10 8 11 9 8 9 9 9 10 9 11 10 8 10 9 10 10 10 11 11 8 11 9 11 10 11 11 12 8 12 9 12 10 12 11
q 9 4 3 4 4 4 5 4 6 4 7 4 8 4 9 4 10 4 11
q 12 1 12 2 12 3 12 4 12 5 12 6 12 7 12 8 12 9 12 10 12 11 12 12 12
q 16 3 2 3 3 4 2 4 3 5 2 5 3 6 2 6 3 7 2 7 3 8 2 8 3 9 2 9 3 10 2 10 3
q 7 12 3 12 4 12 5 12 6 12 7 12 8 12 9
q 28 5 7 5 8 5 9 5 10 5 11 5 12 5 13 6 7 6 8 6 9 6 10 6 11 6 12 6 13 7 7 7 8 7 9 7 10 7 11 7 12 7 13 8 7 8 8 8 9 8 10 8 11 8 12 8 13
q 44 2 10 2 11 2 12 2 13 3 10 3 11 3 12 3 13 4 10 4 11 4 12 4 13 5 10 5 11 5 12 5 13 6 10 6 11 6 12 6 13 7 10 7 11 7 12 7 13 8 10 8 11 8 12 8 13 9 10 9 11 9 12 9 13 10 10 10 11 10 12 10 13 11 10 11 11 11 12 11 13 12 10 12 11 12 12 12 13
q 9 3 2 3 3 3 4 4 2 4 3 4 4 5 2 5 3 5 4
q 55 2 5 2 6 2 7 2 8 2 9 3 5 3 6 3 7 3 8 3 9 4 5 4 6 4 7 4 8 4 9 5 5 5 6 5 7 5 8 5 9 6 5 6 6 6 7 6 8 6 9 7 5 7 6 7 7 7 8 7 9 8 5 8 6 8 7 8 8 8 9 9 5 9 6 9 7 9 8 9 9 10 5 10 6 10 7 10 8 10 9 11 5 11 6 11 7 11 8 11 9 12 5 12 6 12 7 12 8 12 9
q 12 5 1 5 2 5 3 5 4 5 5 5 6 5 7 5 8 5 9 5 10 5 11 5 12
q 6 11 5 11 6 12 5 12 6 13 5 13 6
q 8 6 3 6 4 6 5 6 6 7 3 7 4 7 5 7 6
q 42 6 0 6 1 6 2 6 3 6 4 6 5 6 6 6 7 6 8 6 9 6 10 6 11 6 12 6 13 7 0 7 1 7 2 7 3 7 4 7 5 7 6 7 7 7 8 7 9 7 10 7 11 7 12 7 13 8 0 8 1 8 2 8 3 8 4 8 5 8 6 8 7 8 8 8 9 8 10 8 11 8 12 8 13
q 39 0 3 0 4 0 5 1 3 1 4 1 5 2 3 2 4 2 5 3 3 3 4 3 5 4 3 4 4 4 5 5 3 5 4 5 5 6 3 6 4 6 5 7 3 7 4 7 5 8 3 8 4 8 5 9 3 9 4 9 5 10 3 10 4 10 5 11 3 11 4 11 5 12 3 12 4 12 5
q 14 5 0 5 1 5 2 5 3 5 4 5 5 5 6 6 0 6 1 6 2 6 3 6 4 6 5 6 6
q 36 0 0 0 1 0 2 1 0 1 1 1 2 2 0 2 1 2 2 3 0 3 1 3 2 4 0 4 1 4 2 5 0 5 1 5 2 6 0 6 1 6 2 7 0 7 1 7 2 8 0 8 1 8 2 9 0 9 1 9 2 10 0 10 1 10 2 11 0 11 1 11 2
q 16 2 3 2 4 3 3 3 4 4 3 4 4 5 3 5 4 6 3 6 4 7 3 7 4 8 3 8 4 9 3 9 4
q 14 3 0 3 1 3 2 3 3 3 4 3 5 3 6 3 7 3 8 3 9 3 10 3 11 3 12 3 13
q 24 10 0 10 1 10 2 10 3 10 4 10 5 10 6 10 7 11 0 11 1 11 2 11 3 11 4 11 5 11 6 11 7 12 0 12 1 12 2 12 3 12 4 12 5 12 6 12 7
q 52 0 7 0 8 0 9 0 10 1 7 1 8 1 9 1 10 2 7 2 8 2 9 2 10 3 7 3 8 3 9 3 10 4 7 4 8 4 9 4 10 5 7 5 8 5 9 5 10 6 7 6 8 6 9 6 10 7 7 7 8 7 9 7 10 8 7 8 8 8 9 8 10 9 7 9 8 9 9 9 10 10 7 10 8 10 9 10 10 11 7 11 8 11 9 11 10 12 7 12 8 12 9 12 10
q 5 12 9 12 10 12 11 12 12 12 13
q 28 9 0 9 1 9 2 9 3 9 4 9 5 9 6 9 7 9 8 9 9 9 10 9 11 9 12 9 13 10 0 10 1 10 2 10 3 10 4 10 5 10 6 10 7 10 8 10 9 10 10 10 11 10 12 10 13
q 60 1 2 1 3 1 4 1 5 1 6 1 7 1 8 1 9 1 10 1 11 2 2 2 3 2 4 2 5 2 6 2 7 2 8 2 9 2 10 2 11 3 2 3 3 3 4 3 5 3 6 3 7 3 8 3 9 3 10 3 11 4 2 4 3 4 4 4 5 4 6 4 7 4 8 4 9 4 10 4 11 5 2 5 3 5 4 5 5 5 6 5 7 5 8 5 9 5 10 5 11 6 2 6 3 6 4 6 5 6 6 6 7 6 8 6 9 6 10 6 11
q 52 2 0 2 1 2 2 2 3 2 4 2 5 2 6 2 7 2 8 2 9 2 10 2 11 2 12 3 0 3 1 3 2 3 3 3 4 3 5 3 6 3 7 3 8 3 9 3 10 3 11 3 12 4 0 4 1 4 2 4 3 4 4 4 5 4 6 4 7 4 8 4 9 4 10 4 11 4 12 5 0 5 1 5 2 5 3 5 4 5 5 5 6 5 7 5 8 5 9 5 10 5 11 5 12
q 20 8 3 8 4 8 5 8 6 8 7 8 8 8 9 8 10 8 11 8 12 9 3 9 4 9 5 9 6 9 7 9 8 9 9 9 10 9 11 9 12
q 3 13 6 13 7 13 8
q 21 5 5 5 6 5 7 5 8 5 9 5 10 5 11 6 5 6 6 6 7 6 8 6 9 6 10 6 11 7 5 7 6 7 7 7 8 7 9 7 10 7 11
q 30 4 1 4 2 4 3 4 4 4 5 4 6 4 7 4 8 4 9 4 10 5 1 5 2 5 3 5 4 5 5 5 6 5 7 5 8 5 9 5 10 6 1 6 2 6 3 6 4 6 5 6 6 6 7 6 8 6 9 6 10
q 4 7 10 7 11 8 10 8 11
q 12 0 4 0 5 0 6 1 4 1 5 1 6 2 4 2 5 2 6 3 4 3 5 3 6
q 39 7 0 7 1 7 2 7 3 7 4 7 5 7 6 7 7 7 8 7 9 7 10 7 11 7 12 8 0 8 1 8 2 8 3 8 4 8 5 8 6 8 7 8 8 8 9 8 10 8 11 8 12 9 0 9 1 9 2 9 3 9 4 9 5 9 6 9 7 9 8 9 9 9 10 9 11 9 12
q 3 11 8 12 8 13 8
q 12 5 1 5 2 6 1 6 2 7 1 7 2 8 1 8 2 9 1 9 2 10 1 10 2
q 14 0 0 1 0 2 0 3 0 4 0 5 0 6 0 7 0 8 0 9 0 10 0 11 0 12 0 13 0
q 21 5 1 5 2 5 3 5 4 5 5 5 6 5 7 6 1 6 2 6 3 6 4 6 5 6 6 6 7 7 1 7 2 7 3 7 4 7 5 7 6 7 7
q 28 0 0 0 1 0 2 0 3 1 0 1 1 1 2 1 3 2 0 2 1 2 2 2 3 3 0 3 1 3 2 3 3 4 0 4 1 4 2 4 3 5 0 5 1 5 2 5 3 6 0 6 1 6 2 6 3
q 42 5 0 5 1 5 2 5 3 5 4 5 5 5 6 5 7 5 8 5 9 5 10 5 11 5 12 5 13 6 0 6 1 6 2 6 3 6 4 6 5 6 6 6 7 6 8 6 9 6 10 6 11 6 12 6 13 7 0 7 1 7 2 7 3 7 4 7 5 7 6 7 7 7 8 7 9 7 10 7 11 7 12 7 13
q 36 3 3 3 4 3 5 3 6 4 3 4 4 4 5 4 6 5 3 5 4 5 5 5 6 6 3 6 4 6 5 6 6 7 3 7 4 7 5 7 6 8 3 8 4 8 5 8 6 9 3 9 4 9 5 9 6 10 3 10 4 10 5 10 6 11 3 11 4 11 5 11 6
q 42 0 7 0 8 0 9 0 10 0 11 0 12 0 13 1 7 1 8 1 9 1 10 1 11 1 12 1 13 2 7 2 8 2 9 2 10 2 11 2 12 2 13 3 7 3 8 3 9 3 10 3 11 3 12 3 13 4 7 4 8 4 9 4 10 4 11 4 12 4 13 5 7 5 8 5 9 5 10 5 11 5 12 5 13
q 40 10 4 10 5 10 6 10 7 10 8 10 9 10 10 10 11 10 12 10 13 11 4 11 5 11 6 11 7 11 8 11 9 11 10 11 11 11 12 11 13 12 4 12 5 12 6 12 7 12 8 12 9 12 10 12 11 12 12 12 13 13 4 13 5 13 6 13 7 13 8 13 9 13 10 13 11 13 12 13 13
q 10 1 6 2 6 3 6 4 6 5 6 6 6 7 6 8 6 9 6 10 6
q 35 6 7 6 8 6 9 6 10 6 11 6 12 6 13 7 7 7 8 7 9 7 10 7 11 7 12 7 13 8 7 8 8 8 9 8 10 8 11 8 12 8 13 9 7 9 8 9 9 9 10 9 11 9 12 9 13 10 7 10 8 10 9 10 10 10 11 10 12 10 13
q 36 5 8 5 9 5 10 5 11 6 8 6 9 6 10 6 11 7 8 7 9 7 10 7 11 8 8 8 9 8 10 8 11 9 8 9 9 9 10 9 11 10 8 10 9 10 10 10 11 11 8 11 9 11 10 11 11 12 8 12 9 12 10 12 11 13 8 13 9 13 10 13 11
q 16 1 10 1 11 2 10 2 11 3 10 3 11 4 10 4 11 5 10 5 11 6 10 6 11 7 10 7 11 8 10 8 11
q 14 6 0 6 1 7 0 7 1 8 0 8 1 9 0 9 1 10 0 10 1 11 0 11 1 12 0 12 1
q 10 0 9 1 9 2 9 3 9 4 9 5 9 6 9 7 9 8 9 9 9
q 48 6 1 6 2 6 3 6 4 6 5 6 6 6 7 6 8 6 9 6 10 6 11 6 12 7 1 7 2 7 3 7 4 7 5 7 6 7 7 7 8 7 9 7 10 7 11 7 12 8 1 8 2 8 3 8 4 8 5 8 6 8 7 8 8 8 9 8 10 8 11 8 12 9 1 9 2 9 3 9 4 9 5 9 6 9 7 9 8 9 9 9 10 9 11 9 12
q 6 9 3 9 4 9 5 9 6 9 7 9 8
q 9 5 0 5 1 5 2 6 0 6 1 6 2 7 0 7 1 7 2
q 18 11 8 11 9 11 10 11 11 11 12 11 13 12 8 12 9 12 10 12 11 12 12 12 13 13 8 13 9 13 10 13 11 13 12 13 13
q 1 1 7
q 1 2 7
q 1 2 11
q 1 2 12
q 1 3 5
q 1 3 7
q 1 3 10
q 1 3 11
q 1 3 12
q 1 4 5
q 1 4 6
q 1 4 7
q 1 4 9
q 1 4 10
q 1 4 11
q 1 4 12
q 1 4 13
q 1 5 3
q 1 5 4
q 1 5 5
q 1 5 6
q 1 5 10
q 1 5 11
q 1 5 12
q 1 6 5
q 1 6 6
q 1 6 7
q 1 6 9
q 1 6 10
q 1 6 11
q 1 6 12
q 1 7 4
q 1 7 5
q 1 7 6
q 1 7 7
q 1 7 8
q 1 7 9
q 1 7 10
q 1 7 11
q 1 7 12
q 1 8 6
q 1 8 7
q 1 8 8
q 1 8 9
q 1 8 10
q 1 8 11
q 1 9 3
q 1 9 4
q 1 9 5
q 1 9 6
q 1 9 7
q 1 9 8
q 1 9 9
q 1 10 3
q 1 10 4
q 1 10 5
q 1 10 6
q 1 10 7
q 1 10 8
q 1 11 3
q 1 11 4
q 1 11 5
q 1 1 12
q 1 2 13
q 1 3 6
q 1 3 8
q 1 2 10
q 1 3 9
q 1 3 13
q 1 4 4
q 1 5 7
q 1 4 8
q 1 5 9
q 1 5 13
q 1 6 4
q 1 6 8
q 1 6 13
q 1 8 12
q 1 7 13
q 1 8 5
q 1 9 10
q 1 9 11
q 1 8 4
q 1 10 9
q 1 11 6
q 1 2 6
q 1 2 8
q 1 3 4
q 1 4 3
q 1 5 8
q 1 9 12
q 1 8 13
q 1 10 11
q 1 8 3
q 1 1 6
q 1 2 5
q 1 1 8
q 1 2 9
q 1 0 8
q 1 1 9
q 1 0 7
q 1 0 9
a 58 2 12 3 7 3 10 3 11 3 12 4 5 4 6 4 7 4 11 4 12 5 6 5 10 5 11 5 12 6 5 6 6 6 7 6 9 6 10 6 11 6 12 7 7 7 8 7 9 7 10 7 11 7 12 8 6 8 7 8 8 8 9 8 10 8 11 9 4 9 5 9 6 9 7 9 8 9 9 10 4 10 5 10 6 3 6 3 8 3 13 4 4 5 7 6 8 6 13 8 12 8 5 9 11 8 4 2 6 2 8 5 8 1 8 0 8 
